iter,obj,aug_obj,return,X,Z,max_iter,neighbours,alpha,exp_return,n_port,k,move_strategy,seed,selection_strategy
0,0.18542436459239903,0.18542436459239903,0.0029324533560000005,[0.       0.073513 0.040151 0.       0.       0.028463 0.073468 0.046977 0.036491 0.017227 0.       0.010686 0.052422 0.034402 0.013595 0.033813 0.       0.       0.066931 0.       0.019977 0.       0.01436  0.069395 0.035842 0.012451 0.       0.037814 0.       0.078771 0.067211],[0. 1. 1. 0. 0. 1. 1. 1. 1. 1. 0. 1. 1. 1. 1. 1. 0. 0. 1. 0. 1. 0. 1. 1. 1. 1. 0. 1. 0. 1. 1.],500,100,0.3,0.0015,1,23,random,43,first
1,0.1503900074616208,0.1503900074616208,0.0027140082760000006,[0.       0.073513 0.040151 0.       0.       0.028463 0.010686 0.046977 0.036491 0.017227 0.       0.       0.052422 0.034402 0.013595 0.033813 0.       0.       0.066931 0.       0.019977 0.       0.01436  0.069395 0.035842 0.012451 0.       0.037814 0.       0.078771 0.067211],[0. 1. 1. 0. 0. 1. 1. 1. 1. 1. 0. 0. 1. 1. 1. 1. 0. 0. 1. 0. 1. 0. 1. 1. 1. 1. 0. 1. 0. 1. 1.],500,100,0.3,0.0015,1,23,random,43,first
2,0.1398587445302873,0.1398587445302873,0.002622863528,[0.       0.073513 0.040151 0.       0.       0.028463 0.       0.046977 0.036491 0.017227 0.       0.       0.052422 0.034402 0.013595 0.033813 0.       0.       0.066931 0.       0.019977 0.       0.01436  0.069395 0.035842 0.012451 0.       0.010686 0.       0.078771 0.067211],[0. 1. 1. 0. 0. 1. 0. 1. 1. 1. 0. 0. 1. 1. 1. 1. 0. 0. 1. 0. 1. 0. 1. 1. 1. 1. 0. 1. 0. 1. 1.],500,100,0.3,0.0015,1,23,random,43,first
3,0.13156689148428824,0.13156689148428824,0.0025518023099999998,[0.       0.073513 0.040151 0.       0.       0.028463 0.       0.046977 0.036491 0.017227 0.       0.       0.052422 0.034402 0.       0.033813 0.       0.       0.066931 0.       0.013595 0.       0.01436  0.069395 0.035842 0.012451 0.       0.010686 0.       0.078771 0.067211],[0. 1. 1. 0. 0. 1. 0. 1. 1. 1. 0. 0. 1. 1. 0. 1. 0. 0. 1. 0. 1. 0. 1. 1. 1. 1. 0. 1. 0. 1. 1.],500,100,0.3,0.0015,1,23,random,43,first
4,0.10652845103545186,0.10652845103545186,0.0023012584640000004,[0.       0.073513 0.040151 0.       0.       0.028463 0.       0.046977 0.036491 0.017227 0.       0.       0.052422 0.034402 0.       0.033813 0.       0.       0.066931 0.       0.013595 0.       0.01436  0.010686 0.035842 0.012451 0.       0.       0.       0.078771 0.067211],[0. 1. 1. 0. 0. 1. 0. 1. 1. 1. 0. 0. 1. 1. 0. 1. 0. 0. 1. 0. 1. 0. 1. 1. 1. 1. 0. 0. 0. 1. 1.],500,100,0.3,0.0015,1,23,random,43,first
5,0.08858089748412283,0.08858089748412283,0.001953163701,[0.       0.073513 0.040151 0.       0.       0.028463 0.       0.046977 0.036491 0.017227 0.       0.       0.052422 0.034402 0.       0.033813 0.       0.       0.012451 0.       0.013595 0.       0.01436  0.010686 0.035842 0.       0.       0.       0.       0.078771 0.067211],[0. 1. 1. 0. 0. 1. 0. 1. 1. 1. 0. 0. 1. 1. 0. 1. 0. 0. 1. 0. 1. 0. 1. 1. 1. 0. 0. 0. 0. 1. 1.],500,100,0.3,0.0015,1,23,random,43,first
6,0.06623811999592344,0.06623811999592344,0.001786575028,[0.       0.073513 0.040151 0.       0.       0.028463 0.       0.046977 0.036491 0.017227 0.       0.       0.052422 0.034402 0.       0.033813 0.       0.       0.012451 0.       0.       0.       0.01436  0.010686 0.035842 0.       0.       0.       0.       0.013595 0.067211],[0. 1. 1. 0. 0. 1. 0. 1. 1. 1. 0. 0. 1. 1. 0. 1. 0. 0. 1. 0. 0. 0. 1. 1. 1. 0. 0. 0. 0. 1. 1.],500,100,0.3,0.0015,1,23,random,43,first
7,0.05102752941971496,0.05102752941971496,0.001610989916,[0.       0.073513 0.040151 0.       0.       0.028463 0.       0.046977 0.036491 0.017227 0.       0.       0.052422 0.034402 0.       0.033813 0.       0.       0.012451 0.       0.       0.       0.01436  0.       0.035842 0.       0.       0.       0.       0.013595 0.010686],[0. 1. 1. 0. 0. 1. 0. 1. 1. 1. 0. 0. 1. 1. 0. 1. 0. 0. 1. 0. 0. 0. 1. 0. 1. 0. 0. 0. 0. 1. 1.],500,100,0.3,0.0015,1,23,random,43,first
8,0.04137256287726461,0.04137256287726461,0.001544406309,[0.       0.073513 0.013595 0.       0.       0.028463 0.       0.046977 0.036491 0.017227 0.       0.       0.052422 0.034402 0.       0.033813 0.       0.       0.012451 0.       0.       0.       0.01436  0.       0.035842 0.       0.       0.       0.       0.       0.010686],[0. 1. 1. 0. 0. 1. 0. 1. 1. 1. 0. 0. 1. 1. 0. 1. 0. 0. 1. 0. 0. 0. 1. 0. 1. 0. 0. 0. 0. 0. 1.],500,100,0.3,0.0015,1,23,random,43,first
9,0.040048998481898704,0.040048998481898704,0.001544120544,[0.       0.073513 0.       0.       0.       0.028463 0.       0.046977 0.036491 0.017227 0.       0.       0.052422 0.034402 0.       0.033813 0.       0.       0.012451 0.       0.       0.       0.01436  0.       0.035842 0.       0.       0.       0.       0.01     0.010686],[0. 1. 0. 0. 0. 1. 0. 1. 1. 1. 0. 0. 1. 1. 0. 1. 0. 0. 1. 0. 0. 0. 1. 0. 1. 0. 0. 0. 0. 1. 1.],500,100,0.3,0.0015,1,23,random,43,first
10,0.03925586325155536,0.03925586325155536,0.0015746321055,[0.        0.073513  0.        0.        0.        0.028463  0.        0.0328839 0.0505841 0.017227  0.        0.        0.052422  0.034402  0.        0.033813  0.        0.        0.012451  0.        0.        0.        0.01436   0.        0.035842  0.        0.        0.        0.        0.01      0.010686 ],[0. 1. 0. 0. 0. 1. 0. 1. 1. 1. 0. 0. 1. 1. 0. 1. 0. 0. 1. 0. 0. 0. 1. 0. 1. 0. 0. 0. 0. 1. 1.],500,100,0.3,0.0015,1,23,random,43,first
11,0.0333345359475822,0.0333345359475822,0.0015057044695000001,[0.        0.073513  0.        0.        0.        0.028463  0.        0.0328839 0.0505841 0.017227  0.        0.        0.052422  0.034402  0.        0.012451  0.        0.        0.        0.        0.        0.        0.01436   0.        0.035842  0.        0.        0.        0.        0.01      0.010686 ],[0. 1. 0. 0. 0. 1. 0. 1. 1. 1. 0. 0. 1. 1. 0. 1. 0. 0. 0. 0. 0. 0. 1. 0. 1. 0. 0. 0. 0. 1. 1.],500,100,0.3,0.0015,1,23,random,43,first
12,0.031742780266014674,0.031742780266014674,0.0015088337215000002,[0.        0.073513  0.        0.        0.        0.028463  0.        0.0328839 0.0505841 0.017227  0.        0.        0.052422  0.034402  0.        0.        0.        0.        0.        0.        0.        0.        0.01436   0.        0.035842  0.        0.        0.        0.        0.012451  0.010686 ],[0. 1. 0. 0. 0. 1. 0. 1. 1. 1. 0. 0. 1. 1. 0. 0. 0. 0. 0. 0. 0. 0. 1. 0. 1. 0. 0. 0. 0. 1. 1.],500,100,0.3,0.0015,1,23,random,43,first
13,0.030524056623215747,0.030524056623215747,0.0015319488785000002,[0.        0.073513  0.        0.        0.        0.028463  0.        0.0328839 0.0505841 0.017227  0.        0.        0.052422  0.034402  0.        0.        0.        0.        0.        0.        0.        0.        0.01436   0.        0.035842  0.01      0.        0.        0.        0.        0.010686 ],[0. 1. 0. 0. 0. 1. 0. 1. 1. 1. 0. 0. 1. 1. 0. 0. 0. 0. 0. 0. 0. 0. 1. 0. 1. 1. 0. 0. 0. 0. 1.],500,100,0.3,0.0015,1,23,random,43,first
14,0.029500829703819478,0.029500829703819478,0.0015545615963000001,[0.        0.073513  0.        0.        0.        0.028463  0.        0.0328839 0.0505841 0.017227  0.        0.        0.052422  0.034402  0.        0.        0.        0.        0.        0.        0.        0.        0.01436   0.        0.0250894 0.0207526 0.        0.        0.        0.        0.010686 ],[0. 1. 0. 0. 0. 1. 0. 1. 1. 1. 0. 0. 1. 1. 0. 0. 0. 0. 0. 0. 0. 0. 1. 0. 1. 1. 0. 0. 0. 0. 1.],500,100,0.3,0.0015,1,23,random,43,first
15,0.028782523464820648,0.028782523464820648,0.0017020580795,[0.        0.0514591 0.        0.        0.0220539 0.028463  0.        0.0328839 0.0505841 0.017227  0.        0.        0.052422  0.034402  0.        0.        0.        0.        0.        0.        0.        0.        0.01436   0.        0.0250894 0.0207526 0.        0.        0.        0.        0.010686 ],[0. 1. 0. 0. 1. 1. 0. 1. 1. 1. 0. 0. 1. 1. 0. 0. 0. 0. 0. 0. 0. 0. 1. 0. 1. 1. 0. 0. 0. 0. 1.],500,100,0.3,0.0015,1,23,random,43,first
16,0.02311360654337309,0.02311360654337309,0.0015902517274999997,[0.        0.0514591 0.        0.        0.0220539 0.028463  0.        0.0328839 0.0505841 0.017227  0.        0.        0.052422  0.010686  0.        0.        0.        0.        0.        0.        0.        0.        0.01436   0.        0.0250894 0.0207526 0.        0.        0.        0.        0.       ],[0. 1. 0. 0. 1. 1. 0. 1. 1. 1. 0. 0. 1. 1. 0. 0. 0. 0. 0. 0. 0. 0. 1. 0. 1. 1. 0. 0. 0. 0. 0.],500,100,0.3,0.0015,1,23,random,43,first
17,0.02245126471649884,0.02245126471649884,0.0016934992657399999,[0.         0.03602137 0.         0.         0.03749163 0.028463   0.         0.0328839  0.0505841  0.017227   0.         0.         0.052422   0.010686   0.         0.         0.         0.         0.         0.         0.         0.         0.01436    0.         0.0250894  0.0207526  0.         0.         0.         0.         0.        ],[0. 1. 0. 0. 1. 1. 0. 1. 1. 1. 0. 0. 1. 1. 0. 0. 0. 0. 0. 0. 0. 0. 1. 0. 1. 1. 0. 0. 0. 0. 0.],500,100,0.3,0.0015,1,23,random,43,first
18,0.019633333491323155,0.019633333491323155,0.00163374122774,[0.         0.03602137 0.         0.         0.03749163 0.028463   0.         0.0328839  0.0505841  0.010686   0.         0.         0.052422   0.         0.         0.         0.         0.         0.         0.         0.         0.         0.01436    0.         0.0250894  0.0207526  0.         0.         0.         0.         0.        ],[0. 1. 0. 0. 1. 1. 0. 1. 1. 1. 0. 0. 1. 0. 0. 0. 0. 0. 0. 0. 0. 0. 1. 0. 1. 1. 0. 0. 0. 0. 0.],500,100,0.3,0.0015,1,23,random,43,first
19,0.017196550116558927,0.017196550116558927,0.00155144641794,[0.         0.03602137 0.         0.         0.03749163 0.028463   0.         0.0328839  0.0505841  0.         0.         0.         0.052422   0.         0.         0.         0.         0.         0.         0.         0.         0.         0.01436    0.         0.0250894  0.010686   0.         0.         0.         0.         0.        ],[0. 1. 0. 0. 1. 1. 0. 1. 1. 0. 0. 0. 1. 0. 0. 0. 0. 0. 0. 0. 0. 0. 1. 0. 1. 1. 0. 0. 0. 0. 0.],500,100,0.3,0.0015,1,23,random,43,first
20,0.016704275837688083,0.016704275837688083,0.00157735344054,[0.         0.03602137 0.         0.         0.03749163 0.0199241  0.         0.0328839  0.0505841  0.         0.         0.         0.052422   0.         0.         0.         0.         0.         0.         0.         0.         0.         0.01436    0.         0.0250894  0.0192249  0.         0.         0.         0.         0.        ],[0. 1. 0. 0. 1. 1. 0. 1. 1. 0. 0. 0. 1. 0. 0. 0. 0. 0. 0. 0. 0. 0. 1. 0. 1. 1. 0. 0. 0. 0. 0.],500,100,0.3,0.0015,1,23,random,43,first
21,0.01602671118023435,0.01602671118023435,0.0015435255239400001,[0.         0.03602137 0.         0.         0.03749163 0.0199241  0.         0.0328839  0.0505841  0.         0.         0.         0.0366954  0.         0.         0.         0.         0.         0.         0.         0.         0.         0.01436    0.         0.0250894  0.0192249  0.         0.0157266  0.         0.         0.        ],[0. 1. 0. 0. 1. 1. 0. 1. 1. 0. 0. 0. 1. 0. 0. 0. 0. 0. 0. 0. 0. 0. 1. 0. 1. 1. 0. 1. 0. 0. 0.],500,100,0.3,0.0015,1,23,random,43,first
22,0.01535524528247133,0.01535524528247133,0.001550182273116,[0.         0.02521496 0.         0.         0.03749163 0.0199241  0.         0.0328839  0.0505841  0.         0.         0.         0.0366954  0.         0.         0.         0.         0.         0.         0.         0.         0.         0.01436    0.         0.0250894  0.03003131 0.         0.0157266  0.         0.         0.        ],[0. 1. 0. 0. 1. 1. 0. 1. 1. 0. 0. 0. 1. 0. 0. 0. 0. 0. 0. 0. 0. 0. 1. 0. 1. 1. 0. 1. 0. 0. 0.],500,100,0.3,0.0015,1,23,random,43,first
23,0.015072489737049997,0.015072489737049997,0.001576930645116,[0.         0.02521496 0.         0.         0.04179963 0.0199241  0.         0.0328839  0.0505841  0.         0.         0.         0.0366954  0.         0.         0.         0.         0.         0.         0.         0.         0.         0.010052   0.         0.0250894  0.03003131 0.         0.0157266  0.         0.         0.        ],[0. 1. 0. 0. 1. 1. 0. 1. 1. 0. 0. 0. 1. 0. 0. 0. 0. 0. 0. 0. 0. 0. 1. 0. 1. 1. 0. 1. 0. 0. 0.],500,100,0.3,0.0015,1,23,random,43,first
24,0.01459903153068937,0.01459903153068937,0.0016352831256660001,[0.         0.02521496 0.         0.         0.0516648  0.0199241  0.         0.02301873 0.0505841  0.         0.         0.         0.0366954  0.         0.         0.         0.         0.         0.         0.         0.         0.         0.010052   0.         0.0250894  0.03003131 0.         0.0157266  0.         0.         0.        ],[0. 1. 0. 0. 1. 1. 0. 1. 1. 0. 0. 0. 1. 0. 0. 0. 0. 0. 0. 0. 0. 0. 1. 0. 1. 1. 0. 1. 0. 0. 0.],500,100,0.3,0.0015,1,23,random,43,first
25,0.01414755340221602,0.01414755340221602,0.001617245648838,[0.         0.02521496 0.         0.         0.0516648  0.0199241  0.         0.01611311 0.0505841  0.         0.         0.         0.0366954  0.         0.         0.         0.         0.         0.         0.         0.         0.         0.010052   0.         0.0250894  0.03003131 0.         0.02263222 0.         0.         0.        ],[0. 1. 0. 0. 1. 1. 0. 1. 1. 0. 0. 0. 1. 0. 0. 0. 0. 0. 0. 0. 0. 0. 1. 0. 1. 1. 0. 1. 0. 0. 0.],500,100,0.3,0.0015,1,23,random,43,first
26,0.010854820654671922,0.010854820654671922,0.0015071078570949997,[0.         0.010052   0.         0.         0.0516648  0.0199241  0.         0.01611311 0.0505841  0.         0.         0.         0.0366954  0.         0.         0.         0.         0.         0.         0.         0.         0.         0.         0.         0.0250894  0.03003131 0.         0.02263222 0.         0.         0.        ],[0. 1. 0. 0. 1. 1. 0. 1. 1. 0. 0. 0. 1. 0. 0. 0. 0. 0. 0. 0. 0. 0. 0. 0. 1. 1. 0. 1. 0. 0. 0.],500,100,0.3,0.0015,1,23,random,43,first
27,0.010604822980402724,0.010604822980402724,0.0015357005725644998,[0.         0.010052   0.         0.         0.05649873 0.0199241  0.         0.01127918 0.0505841  0.         0.         0.         0.0366954  0.         0.         0.         0.         0.         0.         0.         0.         0.         0.         0.         0.0250894  0.03003131 0.         0.02263222 0.         0.         0.        ],[0. 1. 0. 0. 1. 1. 0. 1. 1. 0. 0. 0. 1. 0. 0. 0. 0. 0. 0. 0. 0. 0. 0. 0. 1. 1. 0. 1. 0. 0. 0.],500,100,0.3,0.0015,1,23,random,43,first
28,0.010168778285234848,0.010168778285234848,0.0015120210309445,[0.         0.010052   0.         0.         0.05649873 0.0199241  0.         0.01127918 0.0505841  0.         0.         0.         0.02568678 0.         0.         0.         0.         0.         0.         0.         0.         0.         0.         0.         0.0250894  0.03003131 0.         0.03364084 0.         0.         0.        ],[0. 1. 0. 0. 1. 1. 0. 1. 1. 0. 0. 0. 1. 0. 0. 0. 0. 0. 0. 0. 0. 0. 0. 0. 1. 1. 0. 1. 0. 0. 0.],500,100,0.3,0.0015,1,23,random,43,first
29,0.009932501376918455,0.009932501376918455,0.0015091291013295,[0.         0.010052   0.         0.         0.05649873 0.0199241  0.         0.         0.0505841  0.         0.         0.         0.02568678 0.         0.         0.         0.         0.         0.01       0.         0.         0.         0.         0.         0.0250894  0.03003131 0.         0.03364084 0.         0.         0.        ],[0. 1. 0. 0. 1. 1. 0. 0. 1. 0. 0. 0. 1. 0. 0. 0. 0. 0. 1. 0. 0. 0. 0. 0. 1. 1. 0. 1. 0. 0. 0.],500,100,0.3,0.0015,1,23,random,43,first
30,0.009766266747537878,0.009766266747537878,0.0015660362138295,[0.         0.010052   0.         0.         0.07167396 0.0199241  0.         0.         0.03540887 0.         0.         0.         0.02568678 0.         0.         0.         0.         0.         0.01       0.         0.         0.         0.         0.         0.0250894  0.03003131 0.         0.03364084 0.         0.         0.        ],[0. 1. 0. 0. 1. 1. 0. 0. 1. 0. 0. 0. 1. 0. 0. 0. 0. 0. 1. 0. 0. 0. 0. 0. 1. 1. 0. 1. 0. 0. 0.],500,100,0.3,0.0015,1,23,random,43,first
31,0.009581768313121393,0.009581768313121393,0.0015340262138294999,[0.         0.010052   0.         0.         0.07167396 0.0199241  0.         0.         0.03540887 0.         0.01       0.         0.02568678 0.         0.         0.         0.         0.         0.         0.         0.         0.         0.         0.         0.0250894  0.03003131 0.         0.03364084 0.         0.         0.        ],[0. 1. 0. 0. 1. 1. 0. 0. 1. 0. 1. 0. 1. 0. 0. 0. 0. 0. 0. 0. 0. 0. 0. 0. 1. 1. 0. 1. 0. 0. 0.],500,100,0.3,0.0015,1,23,random,43,first
32,0.009311697901270104,0.009311697901270104,0.0015093603949875,[0.         0.010052   0.         0.         0.07167396 0.0199241  0.         0.         0.02478621 0.         0.01       0.         0.02568678 0.         0.         0.         0.         0.         0.         0.         0.         0.         0.         0.         0.0250894  0.04065397 0.         0.03364084 0.         0.         0.        ],[0. 1. 0. 0. 1. 1. 0. 0. 1. 0. 1. 0. 1. 0. 0. 0. 0. 0. 0. 0. 0. 0. 0. 0. 1. 1. 0. 1. 0. 0. 0.],500,100,0.3,0.0015,1,23,random,43,first
33,0.009311697901270104,0.009311697901270104,0.0015093603949875,[0.         0.010052   0.         0.         0.07167396 0.0199241  0.         0.         0.02478621 0.         0.01       0.         0.02568678 0.         0.         0.         0.         0.         0.         0.         0.         0.         0.         0.         0.0250894  0.04065397 0.         0.03364084 0.         0.         0.        ],[0. 1. 0. 0. 1. 1. 0. 0. 1. 0. 1. 0. 1. 0. 0. 0. 0. 0. 0. 0. 0. 0. 0. 0. 1. 1. 0. 1. 0. 0. 0.],500,100,0.3,0.0015,1,23,random,43,first
34,0.008948379164468159,0.008948379164468159,0.0015117030293235,[0.         0.010052   0.         0.         0.07167396 0.0199241  0.         0.         0.02478621 0.         0.01       0.         0.01798075 0.         0.         0.         0.         0.         0.         0.         0.         0.         0.         0.         0.0250894  0.04836001 0.         0.03364084 0.         0.         0.        ],[0. 1. 0. 0. 1. 1. 0. 0. 1. 0. 1. 0. 1. 0. 0. 0. 0. 0. 0. 0. 0. 0. 0. 0. 1. 1. 0. 1. 0. 0. 0.],500,100,0.3,0.0015,1,23,random,43,first
35,0.008945590828101917,0.008945590828101917,0.0015172678304535,[0.         0.010052   0.         0.         0.07167396 0.01394687 0.         0.         0.02478621 0.         0.01       0.         0.01798075 0.         0.         0.         0.         0.         0.         0.         0.         0.         0.         0.         0.03106663 0.04836001 0.         0.03364084 0.         0.         0.        ],[0. 1. 0. 0. 1. 1. 0. 0. 1. 0. 1. 0. 1. 0. 0. 0. 0. 0. 0. 0. 0. 0. 0. 0. 1. 1. 0. 1. 0. 0. 0.],500,100,0.3,0.0015,1,23,random,43,first
36,0.008536500714669406,0.008536500714669406,0.0015197252861234999,[0.         0.010052   0.         0.         0.07167396 0.         0.         0.         0.02478621 0.         0.01       0.         0.01798075 0.         0.         0.         0.         0.         0.         0.         0.01       0.         0.         0.         0.03106663 0.04836001 0.         0.03364084 0.         0.         0.        ],[0. 1. 0. 0. 1. 0. 0. 0. 1. 0. 1. 0. 1. 0. 0. 0. 0. 0. 0. 0. 1. 0. 0. 0. 1. 1. 0. 1. 0. 0. 0.],500,100,0.3,0.0015,1,23,random,43,first
37,0.008409848107690951,0.008409848107690951,0.0015359080821235,[0.         0.         0.         0.         0.07167396 0.         0.         0.         0.02478621 0.         0.01       0.         0.01798075 0.         0.         0.         0.         0.         0.         0.         0.01       0.         0.         0.         0.03106663 0.04836001 0.         0.03364084 0.01       0.         0.        ],[0. 0. 0. 0. 1. 0. 0. 0. 1. 0. 1. 0. 1. 0. 0. 0. 0. 0. 0. 0. 1. 0. 0. 0. 1. 1. 0. 1. 1. 0. 0.],500,100,0.3,0.0015,1,23,random,43,first
38,0.008207894347956789,0.008207894347956789,0.0015117380821235,[0.         0.         0.         0.         0.07167396 0.         0.         0.         0.02478621 0.         0.01       0.         0.01798075 0.         0.         0.         0.01       0.         0.         0.         0.         0.         0.         0.         0.03106663 0.04836001 0.         0.03364084 0.01       0.         0.        ],[0. 0. 0. 0. 1. 0. 0. 0. 1. 0. 1. 0. 1. 0. 0. 0. 1. 0. 0. 0. 0. 0. 0. 0. 1. 1. 0. 1. 1. 0. 0.],500,100,0.3,0.0015,1,23,random,43,first
39,0.007395645486750253,0.007395645486750253,0.0015089180821235,[0.         0.         0.         0.         0.07167396 0.         0.         0.         0.02478621 0.         0.01       0.         0.01798075 0.         0.         0.         0.         0.         0.         0.         0.         0.         0.         0.         0.03106663 0.04836001 0.         0.03364084 0.01       0.         0.        ],[0. 0. 0. 0. 1. 0. 0. 0. 1. 0. 1. 0. 1. 0. 0. 0. 0. 0. 0. 0. 0. 0. 0. 0. 1. 1. 0. 1. 1. 0. 0.],500,100,0.3,0.0015,1,23,random,43,first
40,0.006986548498869998,0.006986548498869998,0.0015056374459955,[0.         0.         0.         0.         0.07167396 0.         0.         0.         0.02478621 0.         0.01       0.         0.01798075 0.         0.         0.         0.         0.         0.         0.         0.         0.         0.         0.         0.02174664 0.04836001 0.         0.04296083 0.01       0.         0.        ],[0. 0. 0. 0. 1. 0. 0. 0. 1. 0. 1. 0. 1. 0. 0. 0. 0. 0. 0. 0. 0. 0. 0. 0. 1. 1. 0. 1. 1. 0. 0.],500,100,0.3,0.0015,1,23,random,43,first
41,0.00696367291817312,0.00696367291817312,0.0015260379699176,[0.         0.         0.         0.         0.07167396 0.         0.         0.         0.02478621 0.         0.01       0.         0.01798075 0.         0.         0.         0.         0.         0.         0.         0.         0.         0.         0.         0.01522265 0.04836001 0.         0.04296083 0.01652399 0.         0.        ],[0. 0. 0. 0. 1. 0. 0. 0. 1. 0. 1. 0. 1. 0. 0. 0. 0. 0. 0. 0. 0. 0. 0. 0. 1. 1. 0. 1. 1. 0. 0.],500,100,0.3,0.0015,1,23,random,43,first
42,0.0067099757097306275,0.0067099757097306275,0.0015144349945238,[0.         0.         0.         0.         0.07167396 0.         0.         0.         0.02478621 0.         0.01       0.         0.01258652 0.         0.         0.         0.         0.         0.         0.         0.         0.         0.         0.         0.01522265 0.04836001 0.         0.04835505 0.01652399 0.         0.        ],[0. 0. 0. 0. 1. 0. 0. 0. 1. 0. 1. 0. 1. 0. 0. 0. 0. 0. 0. 0. 0. 0. 0. 0. 1. 1. 0. 1. 1. 0. 0.],500,100,0.3,0.0015,1,23,random,43,first
43,0.006662161238211432,0.006662161238211432,0.00152871536126927,[0.         0.         0.         0.         0.07167396 0.         0.         0.         0.02478621 0.         0.01       0.         0.01258652 0.         0.         0.         0.         0.         0.         0.         0.         0.         0.         0.         0.01065585 0.04836001 0.         0.04835505 0.02109079 0.         0.        ],[0. 0. 0. 0. 1. 0. 0. 0. 1. 0. 1. 0. 1. 0. 0. 0. 0. 0. 0. 0. 0. 0. 0. 0. 1. 1. 0. 1. 1. 0. 0.],500,100,0.3,0.0015,1,23,random,43,first
44,0.006449676860798405,0.006449676860798405,0.0015106344631134702,[0.         0.         0.         0.         0.07167396 0.         0.         0.         0.02478621 0.         0.01       0.         0.         0.         0.         0.         0.         0.         0.         0.         0.         0.         0.         0.01       0.01065585 0.04836001 0.         0.04835505 0.02109079 0.         0.        ],[0. 0. 0. 0. 1. 0. 0. 0. 1. 0. 1. 0. 0. 0. 0. 0. 0. 0. 0. 0. 0. 0. 0. 1. 1. 1. 0. 1. 1. 0. 0.],500,100,0.3,0.0015,1,23,random,43,first
45,0.006290132198877756,0.006290132198877756,0.00152157021561137,[0.         0.         0.         0.         0.07167396 0.         0.         0.         0.02478621 0.         0.01       0.         0.         0.         0.01       0.         0.         0.         0.         0.         0.         0.         0.         0.01       0.         0.04836001 0.         0.04835505 0.02109079 0.         0.        ],[0. 0. 0. 0. 1. 0. 0. 0. 1. 0. 1. 0. 0. 0. 1. 0. 0. 0. 0. 0. 0. 0. 0. 1. 0. 1. 0. 1. 1. 0. 0.],500,100,0.3,0.0015,1,23,random,43,first
46,0.006018521700210718,0.006018521700210718,0.001515091125872618,[0.         0.         0.         0.         0.07167396 0.         0.         0.         0.02478621 0.         0.01       0.         0.         0.         0.01       0.         0.         0.         0.         0.         0.         0.         0.         0.01       0.         0.05468724 0.         0.04835505 0.01476355 0.         0.        ],[0. 0. 0. 0. 1. 0. 0. 0. 1. 0. 1. 0. 0. 0. 1. 0. 0. 0. 0. 0. 0. 0. 0. 1. 0. 1. 0. 1. 1. 0. 0.],500,100,0.3,0.0015,1,23,random,43,first
47,0.005956883773993267,0.005956883773993267,0.0015179611258726178,[0.         0.         0.         0.         0.07167396 0.         0.         0.         0.02478621 0.         0.         0.         0.         0.         0.01       0.         0.         0.         0.         0.         0.         0.         0.         0.01       0.         0.05468724 0.         0.04835505 0.01476355 0.         0.01      ],[0. 0. 0. 0. 1. 0. 0. 0. 1. 0. 0. 0. 0. 0. 1. 0. 0. 0. 0. 0. 0. 0. 0. 1. 0. 1. 0. 1. 1. 0. 1.],500,100,0.3,0.0015,1,23,random,43,first
48,0.00574243744293975,0.00574243744293975,0.001500695052683218,[0.         0.         0.         0.         0.07167396 0.         0.         0.         0.01735035 0.         0.         0.         0.         0.         0.01       0.         0.         0.         0.         0.         0.         0.         0.         0.01       0.         0.0621231  0.         0.04835505 0.01476355 0.         0.01      ],[0. 0. 0. 0. 1. 0. 0. 0. 1. 0. 0. 0. 0. 0. 1. 0. 0. 0. 0. 0. 0. 0. 0. 1. 0. 1. 0. 1. 1. 0. 1.],500,100,0.3,0.0015,1,23,random,43,first
49,0.00574243744293975,0.00574243744293975,0.001500695052683218,[0.         0.         0.         0.         0.07167396 0.         0.         0.         0.01735035 0.         0.         0.         0.         0.         0.01       0.         0.         0.         0.         0.         0.         0.         0.         0.01       0.         0.0621231  0.         0.04835505 0.01476355 0.         0.01      ],[0. 0. 0. 0. 1. 0. 0. 0. 1. 0. 0. 0. 0. 0. 1. 0. 0. 0. 0. 0. 0. 0. 0. 1. 0. 1. 0. 1. 1. 0. 1.],500,100,0.3,0.0015,1,23,random,43,first
50,0.00574243744293975,0.00574243744293975,0.001500695052683218,[0.         0.         0.         0.         0.07167396 0.         0.         0.         0.01735035 0.         0.         0.         0.         0.         0.01       0.         0.         0.         0.         0.         0.         0.         0.         0.01       0.         0.0621231  0.         0.04835505 0.01476355 0.         0.01      ],[0. 0. 0. 0. 1. 0. 0. 0. 1. 0. 0. 0. 0. 0. 1. 0. 0. 0. 0. 0. 0. 0. 0. 1. 0. 1. 0. 1. 1. 0. 1.],500,100,0.3,0.0015,1,23,random,43,first
51,0.005667350897144639,0.005667350897144639,0.0015064439793791458,[0.         0.         0.         0.         0.07167396 0.         0.         0.         0.02177941 0.         0.         0.         0.         0.         0.01       0.         0.         0.         0.         0.         0.         0.         0.         0.01       0.         0.0621231  0.         0.04835505 0.01033449 0.         0.01      ],[0. 0. 0. 0. 1. 0. 0. 0. 1. 0. 0. 0. 0. 0. 1. 0. 0. 0. 0. 0. 0. 0. 0. 1. 0. 1. 0. 1. 1. 0. 1.],500,100,0.3,0.0015,1,23,random,43,first
52,0.005667350897144639,0.005667350897144639,0.0015064439793791458,[0.         0.         0.         0.         0.07167396 0.         0.         0.         0.02177941 0.         0.         0.         0.         0.         0.01       0.         0.         0.         0.         0.         0.         0.         0.         0.01       0.         0.0621231  0.         0.04835505 0.01033449 0.         0.01      ],[0. 0. 0. 0. 1. 0. 0. 0. 1. 0. 0. 0. 0. 0. 1. 0. 0. 0. 0. 0. 0. 0. 0. 1. 0. 1. 0. 1. 1. 0. 1.],500,100,0.3,0.0015,1,23,random,43,first
53,0.005667350897144639,0.005667350897144639,0.0015064439793791458,[0.         0.         0.         0.         0.07167396 0.         0.         0.         0.02177941 0.         0.         0.         0.         0.         0.01       0.         0.         0.         0.         0.         0.         0.         0.         0.01       0.         0.0621231  0.         0.04835505 0.01033449 0.         0.01      ],[0. 0. 0. 0. 1. 0. 0. 0. 1. 0. 0. 0. 0. 0. 1. 0. 0. 0. 0. 0. 0. 0. 0. 1. 0. 1. 0. 1. 1. 0. 1.],500,100,0.3,0.0015,1,23,random,43,first
54,0.005576229178674607,0.005576229178674607,0.0015420574750298459,[0.         0.         0.         0.         0.07167396 0.         0.         0.         0.02177941 0.         0.         0.         0.         0.         0.01       0.         0.         0.         0.         0.         0.         0.         0.         0.01       0.         0.07662962 0.         0.03384854 0.01033449 0.         0.01      ],[0. 0. 0. 0. 1. 0. 0. 0. 1. 0. 0. 0. 0. 0. 1. 0. 0. 0. 0. 0. 0. 0. 0. 1. 0. 1. 0. 1. 1. 0. 1.],500,100,0.3,0.0015,1,23,random,43,first
55,0.004724426645187081,0.004724426645187081,0.001503637475029846,[0.         0.         0.         0.         0.07167396 0.         0.         0.         0.02177941 0.         0.         0.         0.         0.         0.01       0.         0.         0.         0.         0.         0.         0.         0.         0.         0.         0.07662962 0.         0.03384854 0.01033449 0.         0.01      ],[0. 0. 0. 0. 1. 0. 0. 0. 1. 0. 0. 0. 0. 0. 1. 0. 0. 0. 0. 0. 0. 0. 0. 0. 0. 1. 0. 1. 1. 0. 1.],500,100,0.3,0.0015,1,23,random,43,first
56,0.004724426645187081,0.004724426645187081,0.001503637475029846,[0.         0.         0.         0.         0.07167396 0.         0.         0.         0.02177941 0.         0.         0.         0.         0.         0.01       0.         0.         0.         0.         0.         0.         0.         0.         0.         0.         0.07662962 0.         0.03384854 0.01033449 0.         0.01      ],[0. 0. 0. 0. 1. 0. 0. 0. 1. 0. 0. 0. 0. 0. 1. 0. 0. 0. 0. 0. 0. 0. 0. 0. 0. 1. 0. 1. 1. 0. 1.],500,100,0.3,0.0015,1,23,random,43,first
57,0.004672822812076339,0.004672822812076339,0.001590225415636552,[0.         0.         0.         0.         0.08182852 0.         0.         0.         0.02177941 0.         0.         0.         0.         0.         0.01       0.         0.         0.         0.         0.         0.         0.         0.         0.         0.         0.07662962 0.         0.02369398 0.01033449 0.         0.01      ],[0. 0. 0. 0. 1. 0. 0. 0. 1. 0. 0. 0. 0. 0. 1. 0. 0. 0. 0. 0. 0. 0. 0. 0. 0. 1. 0. 1. 1. 0. 1.],500,100,0.3,0.0015,1,23,random,43,first
58,0.004031712614816917,0.004031712614816917,0.001566425415636552,[0.         0.         0.         0.         0.08182852 0.         0.         0.         0.02177941 0.         0.         0.         0.         0.         0.01       0.         0.         0.         0.         0.         0.         0.         0.         0.         0.         0.07662962 0.         0.02369398 0.01033449 0.         0.        ],[0. 0. 0. 0. 1. 0. 0. 0. 1. 0. 0. 0. 0. 0. 1. 0. 0. 0. 0. 0. 0. 0. 0. 0. 0. 1. 0. 1. 1. 0. 0.],500,100,0.3,0.0015,1,23,random,43,first
59,0.0039032057368919197,0.0039032057368919197,0.0015352133409426705,[0.         0.         0.         0.         0.08182852 0.         0.         0.         0.01524559 0.         0.         0.         0.         0.         0.01       0.         0.         0.         0.         0.         0.         0.         0.         0.         0.         0.07662962 0.         0.0302278  0.01033449 0.         0.        ],[0. 0. 0. 0. 1. 0. 0. 0. 1. 0. 0. 0. 0. 0. 1. 0. 0. 0. 0. 0. 0. 0. 0. 0. 0. 1. 0. 1. 1. 0. 0.],500,100,0.3,0.0015,1,23,random,43,first
60,0.0037642889507193784,0.0037642889507193784,0.0015245932642821232,[0.         0.         0.         0.         0.08182852 0.         0.         0.         0.01067191 0.         0.         0.         0.         0.         0.01       0.         0.         0.         0.         0.         0.         0.         0.         0.         0.         0.0812033  0.         0.0302278  0.01033449 0.         0.        ],[0. 0. 0. 0. 1. 0. 0. 0. 1. 0. 0. 0. 0. 0. 1. 0. 0. 0. 0. 0. 0. 0. 0. 0. 0. 1. 0. 1. 1. 0. 0.],500,100,0.3,0.0015,1,23,random,43,first
61,0.0037642889507193784,0.0037642889507193784,0.0015245932642821232,[0.         0.         0.         0.         0.08182852 0.         0.         0.         0.01067191 0.         0.         0.         0.         0.         0.01       0.         0.         0.         0.         0.         0.         0.         0.         0.         0.         0.0812033  0.         0.0302278  0.01033449 0.         0.        ],[0. 0. 0. 0. 1. 0. 0. 0. 1. 0. 0. 0. 0. 0. 1. 0. 0. 0. 0. 0. 0. 0. 0. 0. 0. 1. 0. 1. 1. 0. 0.],500,100,0.3,0.0015,1,23,random,43,first
62,0.0037357554408875863,0.0037357554408875863,0.0015037832642821232,[0.         0.         0.         0.         0.08182852 0.         0.         0.         0.01067191 0.         0.         0.         0.         0.         0.         0.         0.         0.         0.         0.         0.         0.01       0.         0.         0.         0.0812033  0.         0.0302278  0.01033449 0.         0.        ],[0. 0. 0. 0. 1. 0. 0. 0. 1. 0. 0. 0. 0. 0. 0. 0. 0. 0. 0. 0. 0. 1. 0. 0. 0. 1. 0. 1. 1. 0. 0.],500,100,0.3,0.0015,1,23,random,43,first
63,0.0037000096268055534,0.0037000096268055534,0.001505923264282123,[0.         0.         0.         0.         0.08182852 0.         0.         0.         0.01067191 0.         0.01       0.         0.         0.         0.         0.         0.         0.         0.         0.         0.         0.         0.         0.         0.         0.0812033  0.         0.0302278  0.01033449 0.         0.        ],[0. 0. 0. 0. 1. 0. 0. 0. 1. 0. 1. 0. 0. 0. 0. 0. 0. 0. 0. 0. 0. 0. 0. 0. 0. 1. 0. 1. 1. 0. 0.],500,100,0.3,0.0015,1,23,random,43,first
64,0.0037000096268055534,0.0037000096268055534,0.001505923264282123,[0.         0.         0.         0.         0.08182852 0.         0.         0.         0.01067191 0.         0.01       0.         0.         0.         0.         0.         0.         0.         0.         0.         0.         0.         0.         0.         0.         0.0812033  0.         0.0302278  0.01033449 0.         0.        ],[0. 0. 0. 0. 1. 0. 0. 0. 1. 0. 1. 0. 0. 0. 0. 0. 0. 0. 0. 0. 0. 0. 0. 0. 0. 1. 0. 1. 1. 0. 0.],500,100,0.3,0.0015,1,23,random,43,first
65,0.0037000096268055534,0.0037000096268055534,0.001505923264282123,[0.         0.         0.         0.         0.08182852 0.         0.         0.         0.01067191 0.         0.01       0.         0.         0.         0.         0.         0.         0.         0.         0.         0.         0.         0.         0.         0.         0.0812033  0.         0.0302278  0.01033449 0.         0.        ],[0. 0. 0. 0. 1. 0. 0. 0. 1. 0. 1. 0. 0. 0. 0. 0. 0. 0. 0. 0. 0. 0. 0. 0. 0. 1. 0. 1. 1. 0. 0.],500,100,0.3,0.0015,1,23,random,43,first
66,0.0037000096268055534,0.0037000096268055534,0.001505923264282123,[0.         0.         0.         0.         0.08182852 0.         0.         0.         0.01067191 0.         0.01       0.         0.         0.         0.         0.         0.         0.         0.         0.         0.         0.         0.         0.         0.         0.0812033  0.         0.0302278  0.01033449 0.         0.        ],[0. 0. 0. 0. 1. 0. 0. 0. 1. 0. 1. 0. 0. 0. 0. 0. 0. 0. 0. 0. 0. 0. 0. 0. 0. 1. 0. 1. 1. 0. 0.],500,100,0.3,0.0015,1,23,random,43,first
67,0.003607662673008923,0.003607662673008923,0.0016538431896213953,[0.         0.         0.         0.         0.10618951 0.         0.         0.         0.01067191 0.         0.01       0.         0.         0.         0.         0.         0.         0.         0.         0.         0.         0.         0.         0.         0.         0.05684231 0.         0.0302278  0.01033449 0.         0.        ],[0. 0. 0. 0. 1. 0. 0. 0. 1. 0. 1. 0. 0. 0. 0. 0. 0. 0. 0. 0. 0. 0. 0. 0. 0. 1. 0. 1. 1. 0. 0.],500,100,0.3,0.0015,1,23,random,43,first
68,0.0028962124667846717,0.0028962124667846717,0.001591326700450716,[0.         0.         0.         0.         0.10618951 0.         0.         0.         0.01033449 0.         0.01       0.         0.         0.         0.         0.         0.         0.         0.         0.         0.         0.         0.         0.         0.         0.05684231 0.         0.0302278  0.         0.         0.        ],[0. 0. 0. 0. 1. 0. 0. 0. 1. 0. 1. 0. 0. 0. 0. 0. 0. 0. 0. 0. 0. 0. 0. 0. 0. 1. 0. 1. 0. 0. 0.],500,100,0.3,0.0015,1,23,random,43,first
69,0.0017916535233747349,0.0017916535233747349,0.0015231041067456585,[0.         0.         0.         0.         0.10618951 0.         0.         0.         0.01033449 0.         0.         0.         0.         0.         0.         0.         0.         0.         0.         0.         0.         0.         0.         0.         0.         0.05684231 0.         0.01       0.         0.         0.        ],[0. 0. 0. 0. 1. 0. 0. 0. 1. 0. 0. 0. 0. 0. 0. 0. 0. 0. 0. 0. 0. 0. 0. 0. 0. 1. 0. 1. 0. 0. 0.],500,100,0.3,0.0015,1,23,random,43,first
70,0.0016219181136167698,0.0016219181136167698,0.0016266480544831492,[0.         0.         0.         0.         0.12324221 0.         0.         0.         0.01033449 0.         0.         0.         0.         0.         0.         0.         0.         0.         0.         0.         0.         0.         0.         0.         0.         0.03978962 0.         0.01       0.         0.         0.        ],[0. 0. 0. 0. 1. 0. 0. 0. 1. 0. 0. 0. 0. 0. 0. 0. 0. 0. 0. 0. 0. 0. 0. 0. 0. 1. 0. 1. 0. 0. 0.],500,100,0.3,0.0015,1,23,random,43,first
71,0.001538066141739113,0.001538066141739113,0.0015740481895394707,[0.         0.         0.         0.         0.12324221 0.         0.         0.         0.         0.         0.01       0.         0.         0.         0.         0.         0.         0.         0.         0.         0.         0.         0.         0.         0.         0.03978962 0.         0.01       0.         0.         0.        ],[0. 0. 0. 0. 1. 0. 0. 0. 0. 0. 1. 0. 0. 0. 0. 0. 0. 0. 0. 0. 0. 0. 0. 0. 0. 1. 0. 1. 0. 0. 0.],500,100,0.3,0.0015,1,23,random,43,first
72,0.0011170046419195663,0.0011170046419195663,0.0015531181895394707,[0.         0.         0.         0.         0.12324221 0.         0.         0.         0.         0.         0.         0.         0.         0.         0.         0.         0.         0.         0.         0.         0.         0.         0.         0.         0.         0.03978962 0.         0.01       0.         0.         0.        ],[0. 0. 0. 0. 1. 0. 0. 0. 0. 0. 0. 0. 0. 0. 0. 0. 0. 0. 0. 0. 0. 0. 0. 0. 0. 1. 0. 1. 0. 0. 0.],500,100,0.3,0.0015,1,23,random,43,first
73,0.0011170046419195663,0.0011170046419195663,0.0015531181895394707,[0.         0.         0.         0.         0.12324221 0.         0.         0.         0.         0.         0.         0.         0.         0.         0.         0.         0.         0.         0.         0.         0.         0.         0.         0.         0.         0.03978962 0.         0.01       0.         0.         0.        ],[0. 0. 0. 0. 1. 0. 0. 0. 0. 0. 0. 0. 0. 0. 0. 0. 0. 0. 0. 0. 0. 0. 0. 0. 0. 1. 0. 1. 0. 0. 0.],500,100,0.3,0.0015,1,23,random,43,first
74,0.0011170046419195663,0.0011170046419195663,0.0015531181895394707,[0.         0.         0.         0.         0.12324221 0.         0.         0.         0.         0.         0.         0.         0.         0.         0.         0.         0.         0.         0.         0.         0.         0.         0.         0.         0.         0.03978962 0.         0.01       0.         0.         0.        ],[0. 0. 0. 0. 1. 0. 0. 0. 0. 0. 0. 0. 0. 0. 0. 0. 0. 0. 0. 0. 0. 0. 0. 0. 0. 1. 0. 1. 0. 0. 0.],500,100,0.3,0.0015,1,23,random,43,first
75,0.0011170046419195663,0.0011170046419195663,0.0015531181895394707,[0.         0.         0.         0.         0.12324221 0.         0.         0.         0.         0.         0.         0.         0.         0.         0.         0.         0.         0.         0.         0.         0.         0.         0.         0.         0.         0.03978962 0.         0.01       0.         0.         0.        ],[0. 0. 0. 0. 1. 0. 0. 0. 0. 0. 0. 0. 0. 0. 0. 0. 0. 0. 0. 0. 0. 0. 0. 0. 0. 1. 0. 1. 0. 0. 0.],500,100,0.3,0.0015,1,23,random,43,first
76,0.0011170046419195663,0.0011170046419195663,0.0015531181895394707,[0.         0.         0.         0.         0.12324221 0.         0.         0.         0.         0.         0.         0.         0.         0.         0.         0.         0.         0.         0.         0.         0.         0.         0.         0.         0.         0.03978962 0.         0.01       0.         0.         0.        ],[0. 0. 0. 0. 1. 0. 0. 0. 0. 0. 0. 0. 0. 0. 0. 0. 0. 0. 0. 0. 0. 0. 0. 0. 0. 1. 0. 1. 0. 0. 0.],500,100,0.3,0.0015,1,23,random,43,first
77,0.0011170046419195663,0.0011170046419195663,0.0015531181895394707,[0.         0.         0.         0.         0.12324221 0.         0.         0.         0.         0.         0.         0.         0.         0.         0.         0.         0.         0.         0.         0.         0.         0.         0.         0.         0.         0.03978962 0.         0.01       0.         0.         0.        ],[0. 0. 0. 0. 1. 0. 0. 0. 0. 0. 0. 0. 0. 0. 0. 0. 0. 0. 0. 0. 0. 0. 0. 0. 0. 1. 0. 1. 0. 0. 0.],500,100,0.3,0.0015,1,23,random,43,first
78,0.0009216743378428083,0.0009216743378428083,0.0016255989529557141,[0.         0.         0.         0.         0.13517909 0.         0.         0.         0.         0.         0.         0.         0.         0.         0.         0.         0.         0.         0.         0.         0.         0.         0.         0.         0.         0.02785273 0.         0.01       0.         0.         0.        ],[0. 0. 0. 0. 1. 0. 0. 0. 0. 0. 0. 0. 0. 0. 0. 0. 0. 0. 0. 0. 0. 0. 0. 0. 0. 1. 0. 1. 0. 0. 0.],500,100,0.3,0.0015,1,23,random,43,first
79,0.0007553640226446773,0.0007553640226446773,0.0016763354873470845,[0.         0.         0.         0.         0.14353491 0.         0.         0.         0.         0.         0.         0.         0.         0.         0.         0.         0.         0.         0.         0.         0.         0.         0.         0.         0.         0.01949691 0.         0.01       0.         0.         0.        ],[0. 0. 0. 0. 1. 0. 0. 0. 0. 0. 0. 0. 0. 0. 0. 0. 0. 0. 0. 0. 0. 0. 0. 0. 0. 1. 0. 1. 0. 0. 0.],500,100,0.3,0.0015,1,23,random,43,first
80,0.0007553640226446773,0.0007553640226446773,0.0016763354873470845,[0.         0.         0.         0.         0.14353491 0.         0.         0.         0.         0.         0.         0.         0.         0.         0.         0.         0.         0.         0.         0.         0.         0.         0.         0.         0.         0.01949691 0.         0.01       0.         0.         0.        ],[0. 0. 0. 0. 1. 0. 0. 0. 0. 0. 0. 0. 0. 0. 0. 0. 0. 0. 0. 0. 0. 0. 0. 0. 0. 1. 0. 1. 0. 0. 0.],500,100,0.3,0.0015,1,23,random,43,first
81,0.0006244530418572292,0.0006244530418572292,0.0017118510614210437,[0.         0.         0.         0.         0.14938398 0.         0.         0.         0.         0.         0.         0.         0.         0.         0.         0.         0.         0.         0.         0.         0.         0.         0.         0.         0.         0.01364784 0.         0.01       0.         0.         0.        ],[0. 0. 0. 0. 1. 0. 0. 0. 0. 0. 0. 0. 0. 0. 0. 0. 0. 0. 0. 0. 0. 0. 0. 0. 0. 1. 0. 1. 0. 0. 0.],500,100,0.3,0.0015,1,23,random,43,first
82,0.0002605913950146856,0.0002605913950146856,0.0016709869734898072,[0.         0.         0.         0.         0.14938398 0.         0.         0.         0.         0.         0.         0.         0.         0.         0.         0.         0.         0.         0.         0.         0.         0.         0.         0.         0.         0.01       0.         0.         0.         0.         0.        ],[0. 0. 0. 0. 1. 0. 0. 0. 0. 0. 0. 0. 0. 0. 0. 0. 0. 0. 0. 0. 0. 0. 0. 0. 0. 1. 0. 0. 0. 0. 0.],500,100,0.3,0.0015,1,23,random,43,first
83,0.0002605913950146856,0.0002605913950146856,0.0016709869734898072,[0.         0.         0.         0.         0.14938398 0.         0.         0.         0.         0.         0.         0.         0.         0.         0.         0.         0.         0.         0.         0.         0.         0.         0.         0.         0.         0.01       0.         0.         0.         0.         0.        ],[0. 0. 0. 0. 1. 0. 0. 0. 0. 0. 0. 0. 0. 0. 0. 0. 0. 0. 0. 0. 0. 0. 0. 0. 0. 1. 0. 0. 0. 0. 0.],500,100,0.3,0.0015,1,23,random,43,first
84,0.0002605913950146856,0.0002605913950146856,0.0016709869734898072,[0.         0.         0.         0.         0.14938398 0.         0.         0.         0.         0.         0.         0.         0.         0.         0.         0.         0.         0.         0.         0.         0.         0.         0.         0.         0.         0.01       0.         0.         0.         0.         0.        ],[0. 0. 0. 0. 1. 0. 0. 0. 0. 0. 0. 0. 0. 0. 0. 0. 0. 0. 0. 0. 0. 0. 0. 0. 0. 1. 0. 0. 0. 0. 0.],500,100,0.3,0.0015,1,23,random,43,first
85,0.0002497580685795747,0.0002497580685795747,0.001646436973489807,[0.         0.         0.         0.         0.14938398 0.         0.         0.         0.         0.         0.         0.         0.         0.         0.         0.         0.         0.         0.         0.         0.         0.         0.         0.         0.         0.         0.         0.01       0.         0.         0.        ],[0. 0. 0. 0. 1. 0. 0. 0. 0. 0. 0. 0. 0. 0. 0. 0. 0. 0. 0. 0. 0. 0. 0. 0. 0. 0. 0. 1. 0. 0. 0.],500,100,0.3,0.0015,1,23,random,43,first
86,0.0002497580685795747,0.0002497580685795747,0.001646436973489807,[0.         0.         0.         0.         0.14938398 0.         0.         0.         0.         0.         0.         0.         0.         0.         0.         0.         0.         0.         0.         0.         0.         0.         0.         0.         0.         0.         0.         0.01       0.         0.         0.        ],[0. 0. 0. 0. 1. 0. 0. 0. 0. 0. 0. 0. 0. 0. 0. 0. 0. 0. 0. 0. 0. 0. 0. 0. 0. 0. 0. 1. 0. 0. 0.],500,100,0.3,0.0015,1,23,random,43,first
87,0.0002497580685795747,0.0002497580685795747,0.001646436973489807,[0.         0.         0.         0.         0.14938398 0.         0.         0.         0.         0.         0.         0.         0.         0.         0.         0.         0.         0.         0.         0.         0.         0.         0.         0.         0.         0.         0.         0.01       0.         0.         0.        ],[0. 0. 0. 0. 1. 0. 0. 0. 0. 0. 0. 0. 0. 0. 0. 0. 0. 0. 0. 0. 0. 0. 0. 0. 0. 0. 0. 1. 0. 0. 0.],500,100,0.3,0.0015,1,23,random,43,first
88,0.0002497580685795747,0.0002497580685795747,0.001646436973489807,[0.         0.         0.         0.         0.14938398 0.         0.         0.         0.         0.         0.         0.         0.         0.         0.         0.         0.         0.         0.         0.         0.         0.         0.         0.         0.         0.         0.         0.01       0.         0.         0.        ],[0. 0. 0. 0. 1. 0. 0. 0. 0. 0. 0. 0. 0. 0. 0. 0. 0. 0. 0. 0. 0. 0. 0. 0. 0. 0. 0. 1. 0. 0. 0.],500,100,0.3,0.0015,1,23,random,43,first
89,0.0002497580685795747,0.0002497580685795747,0.001646436973489807,[0.         0.         0.         0.         0.14938398 0.         0.         0.         0.         0.         0.         0.         0.         0.         0.         0.         0.         0.         0.         0.         0.         0.         0.         0.         0.         0.         0.         0.01       0.         0.         0.        ],[0. 0. 0. 0. 1. 0. 0. 0. 0. 0. 0. 0. 0. 0. 0. 0. 0. 0. 0. 0. 0. 0. 0. 0. 0. 0. 0. 1. 0. 0. 0.],500,100,0.3,0.0015,1,23,random,43,first
90,0.0002497580685795747,0.0002497580685795747,0.001646436973489807,[0.         0.         0.         0.         0.14938398 0.         0.         0.         0.         0.         0.         0.         0.         0.         0.         0.         0.         0.         0.         0.         0.         0.         0.         0.         0.         0.         0.         0.01       0.         0.         0.        ],[0. 0. 0. 0. 1. 0. 0. 0. 0. 0. 0. 0. 0. 0. 0. 0. 0. 0. 0. 0. 0. 0. 0. 0. 0. 0. 0. 1. 0. 0. 0.],500,100,0.3,0.0015,1,23,random,43,first
91,0.0002497580685795747,0.0002497580685795747,0.001646436973489807,[0.         0.         0.         0.         0.14938398 0.         0.         0.         0.         0.         0.         0.         0.         0.         0.         0.         0.         0.         0.         0.         0.         0.         0.         0.         0.         0.         0.         0.01       0.         0.         0.        ],[0. 0. 0. 0. 1. 0. 0. 0. 0. 0. 0. 0. 0. 0. 0. 0. 0. 0. 0. 0. 0. 0. 0. 0. 0. 0. 0. 1. 0. 0. 0.],500,100,0.3,0.0015,1,23,random,43,first
92,0.0002497580685795747,0.0002497580685795747,0.001646436973489807,[0.         0.         0.         0.         0.14938398 0.         0.         0.         0.         0.         0.         0.         0.         0.         0.         0.         0.         0.         0.         0.         0.         0.         0.         0.         0.         0.         0.         0.01       0.         0.         0.        ],[0. 0. 0. 0. 1. 0. 0. 0. 0. 0. 0. 0. 0. 0. 0. 0. 0. 0. 0. 0. 0. 0. 0. 0. 0. 0. 0. 1. 0. 0. 0.],500,100,0.3,0.0015,1,23,random,43,first
93,0.0002497580685795747,0.0002497580685795747,0.001646436973489807,[0.         0.         0.         0.         0.14938398 0.         0.         0.         0.         0.         0.         0.         0.         0.         0.         0.         0.         0.         0.         0.         0.         0.         0.         0.         0.         0.         0.         0.01       0.         0.         0.        ],[0. 0. 0. 0. 1. 0. 0. 0. 0. 0. 0. 0. 0. 0. 0. 0. 0. 0. 0. 0. 0. 0. 0. 0. 0. 0. 0. 1. 0. 0. 0.],500,100,0.3,0.0015,1,23,random,43,first
94,0.0002497580685795747,0.0002497580685795747,0.001646436973489807,[0.         0.         0.         0.         0.14938398 0.         0.         0.         0.         0.         0.         0.         0.         0.         0.         0.         0.         0.         0.         0.         0.         0.         0.         0.         0.         0.         0.         0.01       0.         0.         0.        ],[0. 0. 0. 0. 1. 0. 0. 0. 0. 0. 0. 0. 0. 0. 0. 0. 0. 0. 0. 0. 0. 0. 0. 0. 0. 0. 0. 1. 0. 0. 0.],500,100,0.3,0.0015,1,23,random,43,first
95,0.0002497580685795747,0.0002497580685795747,0.001646436973489807,[0.         0.         0.         0.         0.14938398 0.         0.         0.         0.         0.         0.         0.         0.         0.         0.         0.         0.         0.         0.         0.         0.         0.         0.         0.         0.         0.         0.         0.01       0.         0.         0.        ],[0. 0. 0. 0. 1. 0. 0. 0. 0. 0. 0. 0. 0. 0. 0. 0. 0. 0. 0. 0. 0. 0. 0. 0. 0. 0. 0. 1. 0. 0. 0.],500,100,0.3,0.0015,1,23,random,43,first
96,0.0002497580685795747,0.0002497580685795747,0.001646436973489807,[0.         0.         0.         0.         0.14938398 0.         0.         0.         0.         0.         0.         0.         0.         0.         0.         0.         0.         0.         0.         0.         0.         0.         0.         0.         0.         0.         0.         0.01       0.         0.         0.        ],[0. 0. 0. 0. 1. 0. 0. 0. 0. 0. 0. 0. 0. 0. 0. 0. 0. 0. 0. 0. 0. 0. 0. 0. 0. 0. 0. 1. 0. 0. 0.],500,100,0.3,0.0015,1,23,random,43,first
97,0.0002497580685795747,0.0002497580685795747,0.001646436973489807,[0.         0.         0.         0.         0.14938398 0.         0.         0.         0.         0.         0.         0.         0.         0.         0.         0.         0.         0.         0.         0.         0.         0.         0.         0.         0.         0.         0.         0.01       0.         0.         0.        ],[0. 0. 0. 0. 1. 0. 0. 0. 0. 0. 0. 0. 0. 0. 0. 0. 0. 0. 0. 0. 0. 0. 0. 0. 0. 0. 0. 1. 0. 0. 0.],500,100,0.3,0.0015,1,23,random,43,first
98,0.0002497580685795747,0.0002497580685795747,0.001646436973489807,[0.         0.         0.         0.         0.14938398 0.         0.         0.         0.         0.         0.         0.         0.         0.         0.         0.         0.         0.         0.         0.         0.         0.         0.         0.         0.         0.         0.         0.01       0.         0.         0.        ],[0. 0. 0. 0. 1. 0. 0. 0. 0. 0. 0. 0. 0. 0. 0. 0. 0. 0. 0. 0. 0. 0. 0. 0. 0. 0. 0. 1. 0. 0. 0.],500,100,0.3,0.0015,1,23,random,43,first
99,0.0002497580685795747,0.0002497580685795747,0.001646436973489807,[0.         0.         0.         0.         0.14938398 0.         0.         0.         0.         0.         0.         0.         0.         0.         0.         0.         0.         0.         0.         0.         0.         0.         0.         0.         0.         0.         0.         0.01       0.         0.         0.        ],[0. 0. 0. 0. 1. 0. 0. 0. 0. 0. 0. 0. 0. 0. 0. 0. 0. 0. 0. 0. 0. 0. 0. 0. 0. 0. 0. 1. 0. 0. 0.],500,100,0.3,0.0015,1,23,random,43,first
100,0.0002497580685795747,0.0002497580685795747,0.001646436973489807,[0.         0.         0.         0.         0.14938398 0.         0.         0.         0.         0.         0.         0.         0.         0.         0.         0.         0.         0.         0.         0.         0.         0.         0.         0.         0.         0.         0.         0.01       0.         0.         0.        ],[0. 0. 0. 0. 1. 0. 0. 0. 0. 0. 0. 0. 0. 0. 0. 0. 0. 0. 0. 0. 0. 0. 0. 0. 0. 0. 0. 1. 0. 0. 0.],500,100,0.3,0.0015,1,23,random,43,first
101,0.0002497580685795747,0.0002497580685795747,0.001646436973489807,[0.         0.         0.         0.         0.14938398 0.         0.         0.         0.         0.         0.         0.         0.         0.         0.         0.         0.         0.         0.         0.         0.         0.         0.         0.         0.         0.         0.         0.01       0.         0.         0.        ],[0. 0. 0. 0. 1. 0. 0. 0. 0. 0. 0. 0. 0. 0. 0. 0. 0. 0. 0. 0. 0. 0. 0. 0. 0. 0. 0. 1. 0. 0. 0.],500,100,0.3,0.0015,1,23,random,43,first
102,0.0002497580685795747,0.0002497580685795747,0.001646436973489807,[0.         0.         0.         0.         0.14938398 0.         0.         0.         0.         0.         0.         0.         0.         0.         0.         0.         0.         0.         0.         0.         0.         0.         0.         0.         0.         0.         0.         0.01       0.         0.         0.        ],[0. 0. 0. 0. 1. 0. 0. 0. 0. 0. 0. 0. 0. 0. 0. 0. 0. 0. 0. 0. 0. 0. 0. 0. 0. 0. 0. 1. 0. 0. 0.],500,100,0.3,0.0015,1,23,random,43,first
103,0.0002497580685795747,0.0002497580685795747,0.001646436973489807,[0.         0.         0.         0.         0.14938398 0.         0.         0.         0.         0.         0.         0.         0.         0.         0.         0.         0.         0.         0.         0.         0.         0.         0.         0.         0.         0.         0.         0.01       0.         0.         0.        ],[0. 0. 0. 0. 1. 0. 0. 0. 0. 0. 0. 0. 0. 0. 0. 0. 0. 0. 0. 0. 0. 0. 0. 0. 0. 0. 0. 1. 0. 0. 0.],500,100,0.3,0.0015,1,23,random,43,first
104,0.0002497580685795747,0.0002497580685795747,0.001646436973489807,[0.         0.         0.         0.         0.14938398 0.         0.         0.         0.         0.         0.         0.         0.         0.         0.         0.         0.         0.         0.         0.         0.         0.         0.         0.         0.         0.         0.         0.01       0.         0.         0.        ],[0. 0. 0. 0. 1. 0. 0. 0. 0. 0. 0. 0. 0. 0. 0. 0. 0. 0. 0. 0. 0. 0. 0. 0. 0. 0. 0. 1. 0. 0. 0.],500,100,0.3,0.0015,1,23,random,43,first
105,0.0002497580685795747,0.0002497580685795747,0.001646436973489807,[0.         0.         0.         0.         0.14938398 0.         0.         0.         0.         0.         0.         0.         0.         0.         0.         0.         0.         0.         0.         0.         0.         0.         0.         0.         0.         0.         0.         0.01       0.         0.         0.        ],[0. 0. 0. 0. 1. 0. 0. 0. 0. 0. 0. 0. 0. 0. 0. 0. 0. 0. 0. 0. 0. 0. 0. 0. 0. 0. 0. 1. 0. 0. 0.],500,100,0.3,0.0015,1,23,random,43,first
106,0.0002497580685795747,0.0002497580685795747,0.001646436973489807,[0.         0.         0.         0.         0.14938398 0.         0.         0.         0.         0.         0.         0.         0.         0.         0.         0.         0.         0.         0.         0.         0.         0.         0.         0.         0.         0.         0.         0.01       0.         0.         0.        ],[0. 0. 0. 0. 1. 0. 0. 0. 0. 0. 0. 0. 0. 0. 0. 0. 0. 0. 0. 0. 0. 0. 0. 0. 0. 0. 0. 1. 0. 0. 0.],500,100,0.3,0.0015,1,23,random,43,first
107,0.0002497580685795747,0.0002497580685795747,0.001646436973489807,[0.         0.         0.         0.         0.14938398 0.         0.         0.         0.         0.         0.         0.         0.         0.         0.         0.         0.         0.         0.         0.         0.         0.         0.         0.         0.         0.         0.         0.01       0.         0.         0.        ],[0. 0. 0. 0. 1. 0. 0. 0. 0. 0. 0. 0. 0. 0. 0. 0. 0. 0. 0. 0. 0. 0. 0. 0. 0. 0. 0. 1. 0. 0. 0.],500,100,0.3,0.0015,1,23,random,43,first
108,0.0002497580685795747,0.0002497580685795747,0.001646436973489807,[0.         0.         0.         0.         0.14938398 0.         0.         0.         0.         0.         0.         0.         0.         0.         0.         0.         0.         0.         0.         0.         0.         0.         0.         0.         0.         0.         0.         0.01       0.         0.         0.        ],[0. 0. 0. 0. 1. 0. 0. 0. 0. 0. 0. 0. 0. 0. 0. 0. 0. 0. 0. 0. 0. 0. 0. 0. 0. 0. 0. 1. 0. 0. 0.],500,100,0.3,0.0015,1,23,random,43,first
109,0.0002497580685795747,0.0002497580685795747,0.001646436973489807,[0.         0.         0.         0.         0.14938398 0.         0.         0.         0.         0.         0.         0.         0.         0.         0.         0.         0.         0.         0.         0.         0.         0.         0.         0.         0.         0.         0.         0.01       0.         0.         0.        ],[0. 0. 0. 0. 1. 0. 0. 0. 0. 0. 0. 0. 0. 0. 0. 0. 0. 0. 0. 0. 0. 0. 0. 0. 0. 0. 0. 1. 0. 0. 0.],500,100,0.3,0.0015,1,23,random,43,first
110,0.0002497580685795747,0.0002497580685795747,0.001646436973489807,[0.         0.         0.         0.         0.14938398 0.         0.         0.         0.         0.         0.         0.         0.         0.         0.         0.         0.         0.         0.         0.         0.         0.         0.         0.         0.         0.         0.         0.01       0.         0.         0.        ],[0. 0. 0. 0. 1. 0. 0. 0. 0. 0. 0. 0. 0. 0. 0. 0. 0. 0. 0. 0. 0. 0. 0. 0. 0. 0. 0. 1. 0. 0. 0.],500,100,0.3,0.0015,1,23,random,43,first
111,0.0002497580685795747,0.0002497580685795747,0.001646436973489807,[0.         0.         0.         0.         0.14938398 0.         0.         0.         0.         0.         0.         0.         0.         0.         0.         0.         0.         0.         0.         0.         0.         0.         0.         0.         0.         0.         0.         0.01       0.         0.         0.        ],[0. 0. 0. 0. 1. 0. 0. 0. 0. 0. 0. 0. 0. 0. 0. 0. 0. 0. 0. 0. 0. 0. 0. 0. 0. 0. 0. 1. 0. 0. 0.],500,100,0.3,0.0015,1,23,random,43,first
112,0.0002497580685795747,0.0002497580685795747,0.001646436973489807,[0.         0.         0.         0.         0.14938398 0.         0.         0.         0.         0.         0.         0.         0.         0.         0.         0.         0.         0.         0.         0.         0.         0.         0.         0.         0.         0.         0.         0.01       0.         0.         0.        ],[0. 0. 0. 0. 1. 0. 0. 0. 0. 0. 0. 0. 0. 0. 0. 0. 0. 0. 0. 0. 0. 0. 0. 0. 0. 0. 0. 1. 0. 0. 0.],500,100,0.3,0.0015,1,23,random,43,first
113,0.0002497580685795747,0.0002497580685795747,0.001646436973489807,[0.         0.         0.         0.         0.14938398 0.         0.         0.         0.         0.         0.         0.         0.         0.         0.         0.         0.         0.         0.         0.         0.         0.         0.         0.         0.         0.         0.         0.01       0.         0.         0.        ],[0. 0. 0. 0. 1. 0. 0. 0. 0. 0. 0. 0. 0. 0. 0. 0. 0. 0. 0. 0. 0. 0. 0. 0. 0. 0. 0. 1. 0. 0. 0.],500,100,0.3,0.0015,1,23,random,43,first
114,0.0002497580685795747,0.0002497580685795747,0.001646436973489807,[0.         0.         0.         0.         0.14938398 0.         0.         0.         0.         0.         0.         0.         0.         0.         0.         0.         0.         0.         0.         0.         0.         0.         0.         0.         0.         0.         0.         0.01       0.         0.         0.        ],[0. 0. 0. 0. 1. 0. 0. 0. 0. 0. 0. 0. 0. 0. 0. 0. 0. 0. 0. 0. 0. 0. 0. 0. 0. 0. 0. 1. 0. 0. 0.],500,100,0.3,0.0015,1,23,random,43,first
115,0.0002497580685795747,0.0002497580685795747,0.001646436973489807,[0.         0.         0.         0.         0.14938398 0.         0.         0.         0.         0.         0.         0.         0.         0.         0.         0.         0.         0.         0.         0.         0.         0.         0.         0.         0.         0.         0.         0.01       0.         0.         0.        ],[0. 0. 0. 0. 1. 0. 0. 0. 0. 0. 0. 0. 0. 0. 0. 0. 0. 0. 0. 0. 0. 0. 0. 0. 0. 0. 0. 1. 0. 0. 0.],500,100,0.3,0.0015,1,23,random,43,first
116,0.0002497580685795747,0.0002497580685795747,0.001646436973489807,[0.         0.         0.         0.         0.14938398 0.         0.         0.         0.         0.         0.         0.         0.         0.         0.         0.         0.         0.         0.         0.         0.         0.         0.         0.         0.         0.         0.         0.01       0.         0.         0.        ],[0. 0. 0. 0. 1. 0. 0. 0. 0. 0. 0. 0. 0. 0. 0. 0. 0. 0. 0. 0. 0. 0. 0. 0. 0. 0. 0. 1. 0. 0. 0.],500,100,0.3,0.0015,1,23,random,43,first
117,0.0002497580685795747,0.0002497580685795747,0.001646436973489807,[0.         0.         0.         0.         0.14938398 0.         0.         0.         0.         0.         0.         0.         0.         0.         0.         0.         0.         0.         0.         0.         0.         0.         0.         0.         0.         0.         0.         0.01       0.         0.         0.        ],[0. 0. 0. 0. 1. 0. 0. 0. 0. 0. 0. 0. 0. 0. 0. 0. 0. 0. 0. 0. 0. 0. 0. 0. 0. 0. 0. 1. 0. 0. 0.],500,100,0.3,0.0015,1,23,random,43,first
118,0.0002497580685795747,0.0002497580685795747,0.001646436973489807,[0.         0.         0.         0.         0.14938398 0.         0.         0.         0.         0.         0.         0.         0.         0.         0.         0.         0.         0.         0.         0.         0.         0.         0.         0.         0.         0.         0.         0.01       0.         0.         0.        ],[0. 0. 0. 0. 1. 0. 0. 0. 0. 0. 0. 0. 0. 0. 0. 0. 0. 0. 0. 0. 0. 0. 0. 0. 0. 0. 0. 1. 0. 0. 0.],500,100,0.3,0.0015,1,23,random,43,first
119,0.0002497580685795747,0.0002497580685795747,0.001646436973489807,[0.         0.         0.         0.         0.14938398 0.         0.         0.         0.         0.         0.         0.         0.         0.         0.         0.         0.         0.         0.         0.         0.         0.         0.         0.         0.         0.         0.         0.01       0.         0.         0.        ],[0. 0. 0. 0. 1. 0. 0. 0. 0. 0. 0. 0. 0. 0. 0. 0. 0. 0. 0. 0. 0. 0. 0. 0. 0. 0. 0. 1. 0. 0. 0.],500,100,0.3,0.0015,1,23,random,43,first
120,0.0002497580685795747,0.0002497580685795747,0.001646436973489807,[0.         0.         0.         0.         0.14938398 0.         0.         0.         0.         0.         0.         0.         0.         0.         0.         0.         0.         0.         0.         0.         0.         0.         0.         0.         0.         0.         0.         0.01       0.         0.         0.        ],[0. 0. 0. 0. 1. 0. 0. 0. 0. 0. 0. 0. 0. 0. 0. 0. 0. 0. 0. 0. 0. 0. 0. 0. 0. 0. 0. 1. 0. 0. 0.],500,100,0.3,0.0015,1,23,random,43,first
121,0.0002497580685795747,0.0002497580685795747,0.001646436973489807,[0.         0.         0.         0.         0.14938398 0.         0.         0.         0.         0.         0.         0.         0.         0.         0.         0.         0.         0.         0.         0.         0.         0.         0.         0.         0.         0.         0.         0.01       0.         0.         0.        ],[0. 0. 0. 0. 1. 0. 0. 0. 0. 0. 0. 0. 0. 0. 0. 0. 0. 0. 0. 0. 0. 0. 0. 0. 0. 0. 0. 1. 0. 0. 0.],500,100,0.3,0.0015,1,23,random,43,first
122,0.0002497580685795747,0.0002497580685795747,0.001646436973489807,[0.         0.         0.         0.         0.14938398 0.         0.         0.         0.         0.         0.         0.         0.         0.         0.         0.         0.         0.         0.         0.         0.         0.         0.         0.         0.         0.         0.         0.01       0.         0.         0.        ],[0. 0. 0. 0. 1. 0. 0. 0. 0. 0. 0. 0. 0. 0. 0. 0. 0. 0. 0. 0. 0. 0. 0. 0. 0. 0. 0. 1. 0. 0. 0.],500,100,0.3,0.0015,1,23,random,43,first
123,0.0002497580685795747,0.0002497580685795747,0.001646436973489807,[0.         0.         0.         0.         0.14938398 0.         0.         0.         0.         0.         0.         0.         0.         0.         0.         0.         0.         0.         0.         0.         0.         0.         0.         0.         0.         0.         0.         0.01       0.         0.         0.        ],[0. 0. 0. 0. 1. 0. 0. 0. 0. 0. 0. 0. 0. 0. 0. 0. 0. 0. 0. 0. 0. 0. 0. 0. 0. 0. 0. 1. 0. 0. 0.],500,100,0.3,0.0015,1,23,random,43,first
124,0.0002497580685795747,0.0002497580685795747,0.001646436973489807,[0.         0.         0.         0.         0.14938398 0.         0.         0.         0.         0.         0.         0.         0.         0.         0.         0.         0.         0.         0.         0.         0.         0.         0.         0.         0.         0.         0.         0.01       0.         0.         0.        ],[0. 0. 0. 0. 1. 0. 0. 0. 0. 0. 0. 0. 0. 0. 0. 0. 0. 0. 0. 0. 0. 0. 0. 0. 0. 0. 0. 1. 0. 0. 0.],500,100,0.3,0.0015,1,23,random,43,first
125,0.0002497580685795747,0.0002497580685795747,0.001646436973489807,[0.         0.         0.         0.         0.14938398 0.         0.         0.         0.         0.         0.         0.         0.         0.         0.         0.         0.         0.         0.         0.         0.         0.         0.         0.         0.         0.         0.         0.01       0.         0.         0.        ],[0. 0. 0. 0. 1. 0. 0. 0. 0. 0. 0. 0. 0. 0. 0. 0. 0. 0. 0. 0. 0. 0. 0. 0. 0. 0. 0. 1. 0. 0. 0.],500,100,0.3,0.0015,1,23,random,43,first
126,0.0002497580685795747,0.0002497580685795747,0.001646436973489807,[0.         0.         0.         0.         0.14938398 0.         0.         0.         0.         0.         0.         0.         0.         0.         0.         0.         0.         0.         0.         0.         0.         0.         0.         0.         0.         0.         0.         0.01       0.         0.         0.        ],[0. 0. 0. 0. 1. 0. 0. 0. 0. 0. 0. 0. 0. 0. 0. 0. 0. 0. 0. 0. 0. 0. 0. 0. 0. 0. 0. 1. 0. 0. 0.],500,100,0.3,0.0015,1,23,random,43,first
127,0.0002497580685795747,0.0002497580685795747,0.001646436973489807,[0.         0.         0.         0.         0.14938398 0.         0.         0.         0.         0.         0.         0.         0.         0.         0.         0.         0.         0.         0.         0.         0.         0.         0.         0.         0.         0.         0.         0.01       0.         0.         0.        ],[0. 0. 0. 0. 1. 0. 0. 0. 0. 0. 0. 0. 0. 0. 0. 0. 0. 0. 0. 0. 0. 0. 0. 0. 0. 0. 0. 1. 0. 0. 0.],500,100,0.3,0.0015,1,23,random,43,first
128,0.0002497580685795747,0.0002497580685795747,0.001646436973489807,[0.         0.         0.         0.         0.14938398 0.         0.         0.         0.         0.         0.         0.         0.         0.         0.         0.         0.         0.         0.         0.         0.         0.         0.         0.         0.         0.         0.         0.01       0.         0.         0.        ],[0. 0. 0. 0. 1. 0. 0. 0. 0. 0. 0. 0. 0. 0. 0. 0. 0. 0. 0. 0. 0. 0. 0. 0. 0. 0. 0. 1. 0. 0. 0.],500,100,0.3,0.0015,1,23,random,43,first
129,0.0002497580685795747,0.0002497580685795747,0.001646436973489807,[0.         0.         0.         0.         0.14938398 0.         0.         0.         0.         0.         0.         0.         0.         0.         0.         0.         0.         0.         0.         0.         0.         0.         0.         0.         0.         0.         0.         0.01       0.         0.         0.        ],[0. 0. 0. 0. 1. 0. 0. 0. 0. 0. 0. 0. 0. 0. 0. 0. 0. 0. 0. 0. 0. 0. 0. 0. 0. 0. 0. 1. 0. 0. 0.],500,100,0.3,0.0015,1,23,random,43,first
130,0.0002497580685795747,0.0002497580685795747,0.001646436973489807,[0.         0.         0.         0.         0.14938398 0.         0.         0.         0.         0.         0.         0.         0.         0.         0.         0.         0.         0.         0.         0.         0.         0.         0.         0.         0.         0.         0.         0.01       0.         0.         0.        ],[0. 0. 0. 0. 1. 0. 0. 0. 0. 0. 0. 0. 0. 0. 0. 0. 0. 0. 0. 0. 0. 0. 0. 0. 0. 0. 0. 1. 0. 0. 0.],500,100,0.3,0.0015,1,23,random,43,first
131,0.0002497580685795747,0.0002497580685795747,0.001646436973489807,[0.         0.         0.         0.         0.14938398 0.         0.         0.         0.         0.         0.         0.         0.         0.         0.         0.         0.         0.         0.         0.         0.         0.         0.         0.         0.         0.         0.         0.01       0.         0.         0.        ],[0. 0. 0. 0. 1. 0. 0. 0. 0. 0. 0. 0. 0. 0. 0. 0. 0. 0. 0. 0. 0. 0. 0. 0. 0. 0. 0. 1. 0. 0. 0.],500,100,0.3,0.0015,1,23,random,43,first
132,0.0002497580685795747,0.0002497580685795747,0.001646436973489807,[0.         0.         0.         0.         0.14938398 0.         0.         0.         0.         0.         0.         0.         0.         0.         0.         0.         0.         0.         0.         0.         0.         0.         0.         0.         0.         0.         0.         0.01       0.         0.         0.        ],[0. 0. 0. 0. 1. 0. 0. 0. 0. 0. 0. 0. 0. 0. 0. 0. 0. 0. 0. 0. 0. 0. 0. 0. 0. 0. 0. 1. 0. 0. 0.],500,100,0.3,0.0015,1,23,random,43,first
133,0.0002497580685795747,0.0002497580685795747,0.001646436973489807,[0.         0.         0.         0.         0.14938398 0.         0.         0.         0.         0.         0.         0.         0.         0.         0.         0.         0.         0.         0.         0.         0.         0.         0.         0.         0.         0.         0.         0.01       0.         0.         0.        ],[0. 0. 0. 0. 1. 0. 0. 0. 0. 0. 0. 0. 0. 0. 0. 0. 0. 0. 0. 0. 0. 0. 0. 0. 0. 0. 0. 1. 0. 0. 0.],500,100,0.3,0.0015,1,23,random,43,first
134,0.0002497580685795747,0.0002497580685795747,0.001646436973489807,[0.         0.         0.         0.         0.14938398 0.         0.         0.         0.         0.         0.         0.         0.         0.         0.         0.         0.         0.         0.         0.         0.         0.         0.         0.         0.         0.         0.         0.01       0.         0.         0.        ],[0. 0. 0. 0. 1. 0. 0. 0. 0. 0. 0. 0. 0. 0. 0. 0. 0. 0. 0. 0. 0. 0. 0. 0. 0. 0. 0. 1. 0. 0. 0.],500,100,0.3,0.0015,1,23,random,43,first
135,0.0002497580685795747,0.0002497580685795747,0.001646436973489807,[0.         0.         0.         0.         0.14938398 0.         0.         0.         0.         0.         0.         0.         0.         0.         0.         0.         0.         0.         0.         0.         0.         0.         0.         0.         0.         0.         0.         0.01       0.         0.         0.        ],[0. 0. 0. 0. 1. 0. 0. 0. 0. 0. 0. 0. 0. 0. 0. 0. 0. 0. 0. 0. 0. 0. 0. 0. 0. 0. 0. 1. 0. 0. 0.],500,100,0.3,0.0015,1,23,random,43,first
136,0.0002497580685795747,0.0002497580685795747,0.001646436973489807,[0.         0.         0.         0.         0.14938398 0.         0.         0.         0.         0.         0.         0.         0.         0.         0.         0.         0.         0.         0.         0.         0.         0.         0.         0.         0.         0.         0.         0.01       0.         0.         0.        ],[0. 0. 0. 0. 1. 0. 0. 0. 0. 0. 0. 0. 0. 0. 0. 0. 0. 0. 0. 0. 0. 0. 0. 0. 0. 0. 0. 1. 0. 0. 0.],500,100,0.3,0.0015,1,23,random,43,first
137,0.0002497580685795747,0.0002497580685795747,0.001646436973489807,[0.         0.         0.         0.         0.14938398 0.         0.         0.         0.         0.         0.         0.         0.         0.         0.         0.         0.         0.         0.         0.         0.         0.         0.         0.         0.         0.         0.         0.01       0.         0.         0.        ],[0. 0. 0. 0. 1. 0. 0. 0. 0. 0. 0. 0. 0. 0. 0. 0. 0. 0. 0. 0. 0. 0. 0. 0. 0. 0. 0. 1. 0. 0. 0.],500,100,0.3,0.0015,1,23,random,43,first
138,0.0002497580685795747,0.0002497580685795747,0.001646436973489807,[0.         0.         0.         0.         0.14938398 0.         0.         0.         0.         0.         0.         0.         0.         0.         0.         0.         0.         0.         0.         0.         0.         0.         0.         0.         0.         0.         0.         0.01       0.         0.         0.        ],[0. 0. 0. 0. 1. 0. 0. 0. 0. 0. 0. 0. 0. 0. 0. 0. 0. 0. 0. 0. 0. 0. 0. 0. 0. 0. 0. 1. 0. 0. 0.],500,100,0.3,0.0015,1,23,random,43,first
139,0.0002497580685795747,0.0002497580685795747,0.001646436973489807,[0.         0.         0.         0.         0.14938398 0.         0.         0.         0.         0.         0.         0.         0.         0.         0.         0.         0.         0.         0.         0.         0.         0.         0.         0.         0.         0.         0.         0.01       0.         0.         0.        ],[0. 0. 0. 0. 1. 0. 0. 0. 0. 0. 0. 0. 0. 0. 0. 0. 0. 0. 0. 0. 0. 0. 0. 0. 0. 0. 0. 1. 0. 0. 0.],500,100,0.3,0.0015,1,23,random,43,first
140,0.0002497580685795747,0.0002497580685795747,0.001646436973489807,[0.         0.         0.         0.         0.14938398 0.         0.         0.         0.         0.         0.         0.         0.         0.         0.         0.         0.         0.         0.         0.         0.         0.         0.         0.         0.         0.         0.         0.01       0.         0.         0.        ],[0. 0. 0. 0. 1. 0. 0. 0. 0. 0. 0. 0. 0. 0. 0. 0. 0. 0. 0. 0. 0. 0. 0. 0. 0. 0. 0. 1. 0. 0. 0.],500,100,0.3,0.0015,1,23,random,43,first
141,0.0002497580685795747,0.0002497580685795747,0.001646436973489807,[0.         0.         0.         0.         0.14938398 0.         0.         0.         0.         0.         0.         0.         0.         0.         0.         0.         0.         0.         0.         0.         0.         0.         0.         0.         0.         0.         0.         0.01       0.         0.         0.        ],[0. 0. 0. 0. 1. 0. 0. 0. 0. 0. 0. 0. 0. 0. 0. 0. 0. 0. 0. 0. 0. 0. 0. 0. 0. 0. 0. 1. 0. 0. 0.],500,100,0.3,0.0015,1,23,random,43,first
142,0.0002497580685795747,0.0002497580685795747,0.001646436973489807,[0.         0.         0.         0.         0.14938398 0.         0.         0.         0.         0.         0.         0.         0.         0.         0.         0.         0.         0.         0.         0.         0.         0.         0.         0.         0.         0.         0.         0.01       0.         0.         0.        ],[0. 0. 0. 0. 1. 0. 0. 0. 0. 0. 0. 0. 0. 0. 0. 0. 0. 0. 0. 0. 0. 0. 0. 0. 0. 0. 0. 1. 0. 0. 0.],500,100,0.3,0.0015,1,23,random,43,first
143,0.0002497580685795747,0.0002497580685795747,0.001646436973489807,[0.         0.         0.         0.         0.14938398 0.         0.         0.         0.         0.         0.         0.         0.         0.         0.         0.         0.         0.         0.         0.         0.         0.         0.         0.         0.         0.         0.         0.01       0.         0.         0.        ],[0. 0. 0. 0. 1. 0. 0. 0. 0. 0. 0. 0. 0. 0. 0. 0. 0. 0. 0. 0. 0. 0. 0. 0. 0. 0. 0. 1. 0. 0. 0.],500,100,0.3,0.0015,1,23,random,43,first
144,0.0002497580685795747,0.0002497580685795747,0.001646436973489807,[0.         0.         0.         0.         0.14938398 0.         0.         0.         0.         0.         0.         0.         0.         0.         0.         0.         0.         0.         0.         0.         0.         0.         0.         0.         0.         0.         0.         0.01       0.         0.         0.        ],[0. 0. 0. 0. 1. 0. 0. 0. 0. 0. 0. 0. 0. 0. 0. 0. 0. 0. 0. 0. 0. 0. 0. 0. 0. 0. 0. 1. 0. 0. 0.],500,100,0.3,0.0015,1,23,random,43,first
145,0.0002497580685795747,0.0002497580685795747,0.001646436973489807,[0.         0.         0.         0.         0.14938398 0.         0.         0.         0.         0.         0.         0.         0.         0.         0.         0.         0.         0.         0.         0.         0.         0.         0.         0.         0.         0.         0.         0.01       0.         0.         0.        ],[0. 0. 0. 0. 1. 0. 0. 0. 0. 0. 0. 0. 0. 0. 0. 0. 0. 0. 0. 0. 0. 0. 0. 0. 0. 0. 0. 1. 0. 0. 0.],500,100,0.3,0.0015,1,23,random,43,first
146,0.0002497580685795747,0.0002497580685795747,0.001646436973489807,[0.         0.         0.         0.         0.14938398 0.         0.         0.         0.         0.         0.         0.         0.         0.         0.         0.         0.         0.         0.         0.         0.         0.         0.         0.         0.         0.         0.         0.01       0.         0.         0.        ],[0. 0. 0. 0. 1. 0. 0. 0. 0. 0. 0. 0. 0. 0. 0. 0. 0. 0. 0. 0. 0. 0. 0. 0. 0. 0. 0. 1. 0. 0. 0.],500,100,0.3,0.0015,1,23,random,43,first
147,0.0002497580685795747,0.0002497580685795747,0.001646436973489807,[0.         0.         0.         0.         0.14938398 0.         0.         0.         0.         0.         0.         0.         0.         0.         0.         0.         0.         0.         0.         0.         0.         0.         0.         0.         0.         0.         0.         0.01       0.         0.         0.        ],[0. 0. 0. 0. 1. 0. 0. 0. 0. 0. 0. 0. 0. 0. 0. 0. 0. 0. 0. 0. 0. 0. 0. 0. 0. 0. 0. 1. 0. 0. 0.],500,100,0.3,0.0015,1,23,random,43,first
148,0.0002497580685795747,0.0002497580685795747,0.001646436973489807,[0.         0.         0.         0.         0.14938398 0.         0.         0.         0.         0.         0.         0.         0.         0.         0.         0.         0.         0.         0.         0.         0.         0.         0.         0.         0.         0.         0.         0.01       0.         0.         0.        ],[0. 0. 0. 0. 1. 0. 0. 0. 0. 0. 0. 0. 0. 0. 0. 0. 0. 0. 0. 0. 0. 0. 0. 0. 0. 0. 0. 1. 0. 0. 0.],500,100,0.3,0.0015,1,23,random,43,first
149,0.0002497580685795747,0.0002497580685795747,0.001646436973489807,[0.         0.         0.         0.         0.14938398 0.         0.         0.         0.         0.         0.         0.         0.         0.         0.         0.         0.         0.         0.         0.         0.         0.         0.         0.         0.         0.         0.         0.01       0.         0.         0.        ],[0. 0. 0. 0. 1. 0. 0. 0. 0. 0. 0. 0. 0. 0. 0. 0. 0. 0. 0. 0. 0. 0. 0. 0. 0. 0. 0. 1. 0. 0. 0.],500,100,0.3,0.0015,1,23,random,43,first
150,0.0002497580685795747,0.0002497580685795747,0.001646436973489807,[0.         0.         0.         0.         0.14938398 0.         0.         0.         0.         0.         0.         0.         0.         0.         0.         0.         0.         0.         0.         0.         0.         0.         0.         0.         0.         0.         0.         0.01       0.         0.         0.        ],[0. 0. 0. 0. 1. 0. 0. 0. 0. 0. 0. 0. 0. 0. 0. 0. 0. 0. 0. 0. 0. 0. 0. 0. 0. 0. 0. 1. 0. 0. 0.],500,100,0.3,0.0015,1,23,random,43,first
151,0.0002497580685795747,0.0002497580685795747,0.001646436973489807,[0.         0.         0.         0.         0.14938398 0.         0.         0.         0.         0.         0.         0.         0.         0.         0.         0.         0.         0.         0.         0.         0.         0.         0.         0.         0.         0.         0.         0.01       0.         0.         0.        ],[0. 0. 0. 0. 1. 0. 0. 0. 0. 0. 0. 0. 0. 0. 0. 0. 0. 0. 0. 0. 0. 0. 0. 0. 0. 0. 0. 1. 0. 0. 0.],500,100,0.3,0.0015,1,23,random,43,first
152,0.0002497580685795747,0.0002497580685795747,0.001646436973489807,[0.         0.         0.         0.         0.14938398 0.         0.         0.         0.         0.         0.         0.         0.         0.         0.         0.         0.         0.         0.         0.         0.         0.         0.         0.         0.         0.         0.         0.01       0.         0.         0.        ],[0. 0. 0. 0. 1. 0. 0. 0. 0. 0. 0. 0. 0. 0. 0. 0. 0. 0. 0. 0. 0. 0. 0. 0. 0. 0. 0. 1. 0. 0. 0.],500,100,0.3,0.0015,1,23,random,43,first
153,0.0002497580685795747,0.0002497580685795747,0.001646436973489807,[0.         0.         0.         0.         0.14938398 0.         0.         0.         0.         0.         0.         0.         0.         0.         0.         0.         0.         0.         0.         0.         0.         0.         0.         0.         0.         0.         0.         0.01       0.         0.         0.        ],[0. 0. 0. 0. 1. 0. 0. 0. 0. 0. 0. 0. 0. 0. 0. 0. 0. 0. 0. 0. 0. 0. 0. 0. 0. 0. 0. 1. 0. 0. 0.],500,100,0.3,0.0015,1,23,random,43,first
154,0.0002497580685795747,0.0002497580685795747,0.001646436973489807,[0.         0.         0.         0.         0.14938398 0.         0.         0.         0.         0.         0.         0.         0.         0.         0.         0.         0.         0.         0.         0.         0.         0.         0.         0.         0.         0.         0.         0.01       0.         0.         0.        ],[0. 0. 0. 0. 1. 0. 0. 0. 0. 0. 0. 0. 0. 0. 0. 0. 0. 0. 0. 0. 0. 0. 0. 0. 0. 0. 0. 1. 0. 0. 0.],500,100,0.3,0.0015,1,23,random,43,first
155,0.0002497580685795747,0.0002497580685795747,0.001646436973489807,[0.         0.         0.         0.         0.14938398 0.         0.         0.         0.         0.         0.         0.         0.         0.         0.         0.         0.         0.         0.         0.         0.         0.         0.         0.         0.         0.         0.         0.01       0.         0.         0.        ],[0. 0. 0. 0. 1. 0. 0. 0. 0. 0. 0. 0. 0. 0. 0. 0. 0. 0. 0. 0. 0. 0. 0. 0. 0. 0. 0. 1. 0. 0. 0.],500,100,0.3,0.0015,1,23,random,43,first
156,0.0002497580685795747,0.0002497580685795747,0.001646436973489807,[0.         0.         0.         0.         0.14938398 0.         0.         0.         0.         0.         0.         0.         0.         0.         0.         0.         0.         0.         0.         0.         0.         0.         0.         0.         0.         0.         0.         0.01       0.         0.         0.        ],[0. 0. 0. 0. 1. 0. 0. 0. 0. 0. 0. 0. 0. 0. 0. 0. 0. 0. 0. 0. 0. 0. 0. 0. 0. 0. 0. 1. 0. 0. 0.],500,100,0.3,0.0015,1,23,random,43,first
157,0.0002497580685795747,0.0002497580685795747,0.001646436973489807,[0.         0.         0.         0.         0.14938398 0.         0.         0.         0.         0.         0.         0.         0.         0.         0.         0.         0.         0.         0.         0.         0.         0.         0.         0.         0.         0.         0.         0.01       0.         0.         0.        ],[0. 0. 0. 0. 1. 0. 0. 0. 0. 0. 0. 0. 0. 0. 0. 0. 0. 0. 0. 0. 0. 0. 0. 0. 0. 0. 0. 1. 0. 0. 0.],500,100,0.3,0.0015,1,23,random,43,first
158,0.0002497580685795747,0.0002497580685795747,0.001646436973489807,[0.         0.         0.         0.         0.14938398 0.         0.         0.         0.         0.         0.         0.         0.         0.         0.         0.         0.         0.         0.         0.         0.         0.         0.         0.         0.         0.         0.         0.01       0.         0.         0.        ],[0. 0. 0. 0. 1. 0. 0. 0. 0. 0. 0. 0. 0. 0. 0. 0. 0. 0. 0. 0. 0. 0. 0. 0. 0. 0. 0. 1. 0. 0. 0.],500,100,0.3,0.0015,1,23,random,43,first
159,0.0002497580685795747,0.0002497580685795747,0.001646436973489807,[0.         0.         0.         0.         0.14938398 0.         0.         0.         0.         0.         0.         0.         0.         0.         0.         0.         0.         0.         0.         0.         0.         0.         0.         0.         0.         0.         0.         0.01       0.         0.         0.        ],[0. 0. 0. 0. 1. 0. 0. 0. 0. 0. 0. 0. 0. 0. 0. 0. 0. 0. 0. 0. 0. 0. 0. 0. 0. 0. 0. 1. 0. 0. 0.],500,100,0.3,0.0015,1,23,random,43,first
160,0.0002497580685795747,0.0002497580685795747,0.001646436973489807,[0.         0.         0.         0.         0.14938398 0.         0.         0.         0.         0.         0.         0.         0.         0.         0.         0.         0.         0.         0.         0.         0.         0.         0.         0.         0.         0.         0.         0.01       0.         0.         0.        ],[0. 0. 0. 0. 1. 0. 0. 0. 0. 0. 0. 0. 0. 0. 0. 0. 0. 0. 0. 0. 0. 0. 0. 0. 0. 0. 0. 1. 0. 0. 0.],500,100,0.3,0.0015,1,23,random,43,first
161,0.0002497580685795747,0.0002497580685795747,0.001646436973489807,[0.         0.         0.         0.         0.14938398 0.         0.         0.         0.         0.         0.         0.         0.         0.         0.         0.         0.         0.         0.         0.         0.         0.         0.         0.         0.         0.         0.         0.01       0.         0.         0.        ],[0. 0. 0. 0. 1. 0. 0. 0. 0. 0. 0. 0. 0. 0. 0. 0. 0. 0. 0. 0. 0. 0. 0. 0. 0. 0. 0. 1. 0. 0. 0.],500,100,0.3,0.0015,1,23,random,43,first
162,0.0002497580685795747,0.0002497580685795747,0.001646436973489807,[0.         0.         0.         0.         0.14938398 0.         0.         0.         0.         0.         0.         0.         0.         0.         0.         0.         0.         0.         0.         0.         0.         0.         0.         0.         0.         0.         0.         0.01       0.         0.         0.        ],[0. 0. 0. 0. 1. 0. 0. 0. 0. 0. 0. 0. 0. 0. 0. 0. 0. 0. 0. 0. 0. 0. 0. 0. 0. 0. 0. 1. 0. 0. 0.],500,100,0.3,0.0015,1,23,random,43,first
163,0.0002497580685795747,0.0002497580685795747,0.001646436973489807,[0.         0.         0.         0.         0.14938398 0.         0.         0.         0.         0.         0.         0.         0.         0.         0.         0.         0.         0.         0.         0.         0.         0.         0.         0.         0.         0.         0.         0.01       0.         0.         0.        ],[0. 0. 0. 0. 1. 0. 0. 0. 0. 0. 0. 0. 0. 0. 0. 0. 0. 0. 0. 0. 0. 0. 0. 0. 0. 0. 0. 1. 0. 0. 0.],500,100,0.3,0.0015,1,23,random,43,first
164,0.0002497580685795747,0.0002497580685795747,0.001646436973489807,[0.         0.         0.         0.         0.14938398 0.         0.         0.         0.         0.         0.         0.         0.         0.         0.         0.         0.         0.         0.         0.         0.         0.         0.         0.         0.         0.         0.         0.01       0.         0.         0.        ],[0. 0. 0. 0. 1. 0. 0. 0. 0. 0. 0. 0. 0. 0. 0. 0. 0. 0. 0. 0. 0. 0. 0. 0. 0. 0. 0. 1. 0. 0. 0.],500,100,0.3,0.0015,1,23,random,43,first
165,0.0002497580685795747,0.0002497580685795747,0.001646436973489807,[0.         0.         0.         0.         0.14938398 0.         0.         0.         0.         0.         0.         0.         0.         0.         0.         0.         0.         0.         0.         0.         0.         0.         0.         0.         0.         0.         0.         0.01       0.         0.         0.        ],[0. 0. 0. 0. 1. 0. 0. 0. 0. 0. 0. 0. 0. 0. 0. 0. 0. 0. 0. 0. 0. 0. 0. 0. 0. 0. 0. 1. 0. 0. 0.],500,100,0.3,0.0015,1,23,random,43,first
166,0.0002497580685795747,0.0002497580685795747,0.001646436973489807,[0.         0.         0.         0.         0.14938398 0.         0.         0.         0.         0.         0.         0.         0.         0.         0.         0.         0.         0.         0.         0.         0.         0.         0.         0.         0.         0.         0.         0.01       0.         0.         0.        ],[0. 0. 0. 0. 1. 0. 0. 0. 0. 0. 0. 0. 0. 0. 0. 0. 0. 0. 0. 0. 0. 0. 0. 0. 0. 0. 0. 1. 0. 0. 0.],500,100,0.3,0.0015,1,23,random,43,first
167,0.0002497580685795747,0.0002497580685795747,0.001646436973489807,[0.         0.         0.         0.         0.14938398 0.         0.         0.         0.         0.         0.         0.         0.         0.         0.         0.         0.         0.         0.         0.         0.         0.         0.         0.         0.         0.         0.         0.01       0.         0.         0.        ],[0. 0. 0. 0. 1. 0. 0. 0. 0. 0. 0. 0. 0. 0. 0. 0. 0. 0. 0. 0. 0. 0. 0. 0. 0. 0. 0. 1. 0. 0. 0.],500,100,0.3,0.0015,1,23,random,43,first
168,0.0002497580685795747,0.0002497580685795747,0.001646436973489807,[0.         0.         0.         0.         0.14938398 0.         0.         0.         0.         0.         0.         0.         0.         0.         0.         0.         0.         0.         0.         0.         0.         0.         0.         0.         0.         0.         0.         0.01       0.         0.         0.        ],[0. 0. 0. 0. 1. 0. 0. 0. 0. 0. 0. 0. 0. 0. 0. 0. 0. 0. 0. 0. 0. 0. 0. 0. 0. 0. 0. 1. 0. 0. 0.],500,100,0.3,0.0015,1,23,random,43,first
169,0.0002497580685795747,0.0002497580685795747,0.001646436973489807,[0.         0.         0.         0.         0.14938398 0.         0.         0.         0.         0.         0.         0.         0.         0.         0.         0.         0.         0.         0.         0.         0.         0.         0.         0.         0.         0.         0.         0.01       0.         0.         0.        ],[0. 0. 0. 0. 1. 0. 0. 0. 0. 0. 0. 0. 0. 0. 0. 0. 0. 0. 0. 0. 0. 0. 0. 0. 0. 0. 0. 1. 0. 0. 0.],500,100,0.3,0.0015,1,23,random,43,first
170,0.0002497580685795747,0.0002497580685795747,0.001646436973489807,[0.         0.         0.         0.         0.14938398 0.         0.         0.         0.         0.         0.         0.         0.         0.         0.         0.         0.         0.         0.         0.         0.         0.         0.         0.         0.         0.         0.         0.01       0.         0.         0.        ],[0. 0. 0. 0. 1. 0. 0. 0. 0. 0. 0. 0. 0. 0. 0. 0. 0. 0. 0. 0. 0. 0. 0. 0. 0. 0. 0. 1. 0. 0. 0.],500,100,0.3,0.0015,1,23,random,43,first
171,0.0002497580685795747,0.0002497580685795747,0.001646436973489807,[0.         0.         0.         0.         0.14938398 0.         0.         0.         0.         0.         0.         0.         0.         0.         0.         0.         0.         0.         0.         0.         0.         0.         0.         0.         0.         0.         0.         0.01       0.         0.         0.        ],[0. 0. 0. 0. 1. 0. 0. 0. 0. 0. 0. 0. 0. 0. 0. 0. 0. 0. 0. 0. 0. 0. 0. 0. 0. 0. 0. 1. 0. 0. 0.],500,100,0.3,0.0015,1,23,random,43,first
172,0.0002497580685795747,0.0002497580685795747,0.001646436973489807,[0.         0.         0.         0.         0.14938398 0.         0.         0.         0.         0.         0.         0.         0.         0.         0.         0.         0.         0.         0.         0.         0.         0.         0.         0.         0.         0.         0.         0.01       0.         0.         0.        ],[0. 0. 0. 0. 1. 0. 0. 0. 0. 0. 0. 0. 0. 0. 0. 0. 0. 0. 0. 0. 0. 0. 0. 0. 0. 0. 0. 1. 0. 0. 0.],500,100,0.3,0.0015,1,23,random,43,first
173,0.0002497580685795747,0.0002497580685795747,0.001646436973489807,[0.         0.         0.         0.         0.14938398 0.         0.         0.         0.         0.         0.         0.         0.         0.         0.         0.         0.         0.         0.         0.         0.         0.         0.         0.         0.         0.         0.         0.01       0.         0.         0.        ],[0. 0. 0. 0. 1. 0. 0. 0. 0. 0. 0. 0. 0. 0. 0. 0. 0. 0. 0. 0. 0. 0. 0. 0. 0. 0. 0. 1. 0. 0. 0.],500,100,0.3,0.0015,1,23,random,43,first
174,0.0002497580685795747,0.0002497580685795747,0.001646436973489807,[0.         0.         0.         0.         0.14938398 0.         0.         0.         0.         0.         0.         0.         0.         0.         0.         0.         0.         0.         0.         0.         0.         0.         0.         0.         0.         0.         0.         0.01       0.         0.         0.        ],[0. 0. 0. 0. 1. 0. 0. 0. 0. 0. 0. 0. 0. 0. 0. 0. 0. 0. 0. 0. 0. 0. 0. 0. 0. 0. 0. 1. 0. 0. 0.],500,100,0.3,0.0015,1,23,random,43,first
175,0.0002497580685795747,0.0002497580685795747,0.001646436973489807,[0.         0.         0.         0.         0.14938398 0.         0.         0.         0.         0.         0.         0.         0.         0.         0.         0.         0.         0.         0.         0.         0.         0.         0.         0.         0.         0.         0.         0.01       0.         0.         0.        ],[0. 0. 0. 0. 1. 0. 0. 0. 0. 0. 0. 0. 0. 0. 0. 0. 0. 0. 0. 0. 0. 0. 0. 0. 0. 0. 0. 1. 0. 0. 0.],500,100,0.3,0.0015,1,23,random,43,first
176,0.0002497580685795747,0.0002497580685795747,0.001646436973489807,[0.         0.         0.         0.         0.14938398 0.         0.         0.         0.         0.         0.         0.         0.         0.         0.         0.         0.         0.         0.         0.         0.         0.         0.         0.         0.         0.         0.         0.01       0.         0.         0.        ],[0. 0. 0. 0. 1. 0. 0. 0. 0. 0. 0. 0. 0. 0. 0. 0. 0. 0. 0. 0. 0. 0. 0. 0. 0. 0. 0. 1. 0. 0. 0.],500,100,0.3,0.0015,1,23,random,43,first
177,0.0002497580685795747,0.0002497580685795747,0.001646436973489807,[0.         0.         0.         0.         0.14938398 0.         0.         0.         0.         0.         0.         0.         0.         0.         0.         0.         0.         0.         0.         0.         0.         0.         0.         0.         0.         0.         0.         0.01       0.         0.         0.        ],[0. 0. 0. 0. 1. 0. 0. 0. 0. 0. 0. 0. 0. 0. 0. 0. 0. 0. 0. 0. 0. 0. 0. 0. 0. 0. 0. 1. 0. 0. 0.],500,100,0.3,0.0015,1,23,random,43,first
178,0.0002497580685795747,0.0002497580685795747,0.001646436973489807,[0.         0.         0.         0.         0.14938398 0.         0.         0.         0.         0.         0.         0.         0.         0.         0.         0.         0.         0.         0.         0.         0.         0.         0.         0.         0.         0.         0.         0.01       0.         0.         0.        ],[0. 0. 0. 0. 1. 0. 0. 0. 0. 0. 0. 0. 0. 0. 0. 0. 0. 0. 0. 0. 0. 0. 0. 0. 0. 0. 0. 1. 0. 0. 0.],500,100,0.3,0.0015,1,23,random,43,first
179,0.0002497580685795747,0.0002497580685795747,0.001646436973489807,[0.         0.         0.         0.         0.14938398 0.         0.         0.         0.         0.         0.         0.         0.         0.         0.         0.         0.         0.         0.         0.         0.         0.         0.         0.         0.         0.         0.         0.01       0.         0.         0.        ],[0. 0. 0. 0. 1. 0. 0. 0. 0. 0. 0. 0. 0. 0. 0. 0. 0. 0. 0. 0. 0. 0. 0. 0. 0. 0. 0. 1. 0. 0. 0.],500,100,0.3,0.0015,1,23,random,43,first
180,0.0002497580685795747,0.0002497580685795747,0.001646436973489807,[0.         0.         0.         0.         0.14938398 0.         0.         0.         0.         0.         0.         0.         0.         0.         0.         0.         0.         0.         0.         0.         0.         0.         0.         0.         0.         0.         0.         0.01       0.         0.         0.        ],[0. 0. 0. 0. 1. 0. 0. 0. 0. 0. 0. 0. 0. 0. 0. 0. 0. 0. 0. 0. 0. 0. 0. 0. 0. 0. 0. 1. 0. 0. 0.],500,100,0.3,0.0015,1,23,random,43,first
181,0.0002497580685795747,0.0002497580685795747,0.001646436973489807,[0.         0.         0.         0.         0.14938398 0.         0.         0.         0.         0.         0.         0.         0.         0.         0.         0.         0.         0.         0.         0.         0.         0.         0.         0.         0.         0.         0.         0.01       0.         0.         0.        ],[0. 0. 0. 0. 1. 0. 0. 0. 0. 0. 0. 0. 0. 0. 0. 0. 0. 0. 0. 0. 0. 0. 0. 0. 0. 0. 0. 1. 0. 0. 0.],500,100,0.3,0.0015,1,23,random,43,first
182,0.0002497580685795747,0.0002497580685795747,0.001646436973489807,[0.         0.         0.         0.         0.14938398 0.         0.         0.         0.         0.         0.         0.         0.         0.         0.         0.         0.         0.         0.         0.         0.         0.         0.         0.         0.         0.         0.         0.01       0.         0.         0.        ],[0. 0. 0. 0. 1. 0. 0. 0. 0. 0. 0. 0. 0. 0. 0. 0. 0. 0. 0. 0. 0. 0. 0. 0. 0. 0. 0. 1. 0. 0. 0.],500,100,0.3,0.0015,1,23,random,43,first
183,0.0002497580685795747,0.0002497580685795747,0.001646436973489807,[0.         0.         0.         0.         0.14938398 0.         0.         0.         0.         0.         0.         0.         0.         0.         0.         0.         0.         0.         0.         0.         0.         0.         0.         0.         0.         0.         0.         0.01       0.         0.         0.        ],[0. 0. 0. 0. 1. 0. 0. 0. 0. 0. 0. 0. 0. 0. 0. 0. 0. 0. 0. 0. 0. 0. 0. 0. 0. 0. 0. 1. 0. 0. 0.],500,100,0.3,0.0015,1,23,random,43,first
184,0.0002497580685795747,0.0002497580685795747,0.001646436973489807,[0.         0.         0.         0.         0.14938398 0.         0.         0.         0.         0.         0.         0.         0.         0.         0.         0.         0.         0.         0.         0.         0.         0.         0.         0.         0.         0.         0.         0.01       0.         0.         0.        ],[0. 0. 0. 0. 1. 0. 0. 0. 0. 0. 0. 0. 0. 0. 0. 0. 0. 0. 0. 0. 0. 0. 0. 0. 0. 0. 0. 1. 0. 0. 0.],500,100,0.3,0.0015,1,23,random,43,first
185,0.0002497580685795747,0.0002497580685795747,0.001646436973489807,[0.         0.         0.         0.         0.14938398 0.         0.         0.         0.         0.         0.         0.         0.         0.         0.         0.         0.         0.         0.         0.         0.         0.         0.         0.         0.         0.         0.         0.01       0.         0.         0.        ],[0. 0. 0. 0. 1. 0. 0. 0. 0. 0. 0. 0. 0. 0. 0. 0. 0. 0. 0. 0. 0. 0. 0. 0. 0. 0. 0. 1. 0. 0. 0.],500,100,0.3,0.0015,1,23,random,43,first
186,0.0002497580685795747,0.0002497580685795747,0.001646436973489807,[0.         0.         0.         0.         0.14938398 0.         0.         0.         0.         0.         0.         0.         0.         0.         0.         0.         0.         0.         0.         0.         0.         0.         0.         0.         0.         0.         0.         0.01       0.         0.         0.        ],[0. 0. 0. 0. 1. 0. 0. 0. 0. 0. 0. 0. 0. 0. 0. 0. 0. 0. 0. 0. 0. 0. 0. 0. 0. 0. 0. 1. 0. 0. 0.],500,100,0.3,0.0015,1,23,random,43,first
187,0.0002497580685795747,0.0002497580685795747,0.001646436973489807,[0.         0.         0.         0.         0.14938398 0.         0.         0.         0.         0.         0.         0.         0.         0.         0.         0.         0.         0.         0.         0.         0.         0.         0.         0.         0.         0.         0.         0.01       0.         0.         0.        ],[0. 0. 0. 0. 1. 0. 0. 0. 0. 0. 0. 0. 0. 0. 0. 0. 0. 0. 0. 0. 0. 0. 0. 0. 0. 0. 0. 1. 0. 0. 0.],500,100,0.3,0.0015,1,23,random,43,first
188,0.0002497580685795747,0.0002497580685795747,0.001646436973489807,[0.         0.         0.         0.         0.14938398 0.         0.         0.         0.         0.         0.         0.         0.         0.         0.         0.         0.         0.         0.         0.         0.         0.         0.         0.         0.         0.         0.         0.01       0.         0.         0.        ],[0. 0. 0. 0. 1. 0. 0. 0. 0. 0. 0. 0. 0. 0. 0. 0. 0. 0. 0. 0. 0. 0. 0. 0. 0. 0. 0. 1. 0. 0. 0.],500,100,0.3,0.0015,1,23,random,43,first
189,0.0002497580685795747,0.0002497580685795747,0.001646436973489807,[0.         0.         0.         0.         0.14938398 0.         0.         0.         0.         0.         0.         0.         0.         0.         0.         0.         0.         0.         0.         0.         0.         0.         0.         0.         0.         0.         0.         0.01       0.         0.         0.        ],[0. 0. 0. 0. 1. 0. 0. 0. 0. 0. 0. 0. 0. 0. 0. 0. 0. 0. 0. 0. 0. 0. 0. 0. 0. 0. 0. 1. 0. 0. 0.],500,100,0.3,0.0015,1,23,random,43,first
190,0.0002497580685795747,0.0002497580685795747,0.001646436973489807,[0.         0.         0.         0.         0.14938398 0.         0.         0.         0.         0.         0.         0.         0.         0.         0.         0.         0.         0.         0.         0.         0.         0.         0.         0.         0.         0.         0.         0.01       0.         0.         0.        ],[0. 0. 0. 0. 1. 0. 0. 0. 0. 0. 0. 0. 0. 0. 0. 0. 0. 0. 0. 0. 0. 0. 0. 0. 0. 0. 0. 1. 0. 0. 0.],500,100,0.3,0.0015,1,23,random,43,first
191,0.0002497580685795747,0.0002497580685795747,0.001646436973489807,[0.         0.         0.         0.         0.14938398 0.         0.         0.         0.         0.         0.         0.         0.         0.         0.         0.         0.         0.         0.         0.         0.         0.         0.         0.         0.         0.         0.         0.01       0.         0.         0.        ],[0. 0. 0. 0. 1. 0. 0. 0. 0. 0. 0. 0. 0. 0. 0. 0. 0. 0. 0. 0. 0. 0. 0. 0. 0. 0. 0. 1. 0. 0. 0.],500,100,0.3,0.0015,1,23,random,43,first
192,0.0002497580685795747,0.0002497580685795747,0.001646436973489807,[0.         0.         0.         0.         0.14938398 0.         0.         0.         0.         0.         0.         0.         0.         0.         0.         0.         0.         0.         0.         0.         0.         0.         0.         0.         0.         0.         0.         0.01       0.         0.         0.        ],[0. 0. 0. 0. 1. 0. 0. 0. 0. 0. 0. 0. 0. 0. 0. 0. 0. 0. 0. 0. 0. 0. 0. 0. 0. 0. 0. 1. 0. 0. 0.],500,100,0.3,0.0015,1,23,random,43,first
193,0.0002497580685795747,0.0002497580685795747,0.001646436973489807,[0.         0.         0.         0.         0.14938398 0.         0.         0.         0.         0.         0.         0.         0.         0.         0.         0.         0.         0.         0.         0.         0.         0.         0.         0.         0.         0.         0.         0.01       0.         0.         0.        ],[0. 0. 0. 0. 1. 0. 0. 0. 0. 0. 0. 0. 0. 0. 0. 0. 0. 0. 0. 0. 0. 0. 0. 0. 0. 0. 0. 1. 0. 0. 0.],500,100,0.3,0.0015,1,23,random,43,first
194,0.0002497580685795747,0.0002497580685795747,0.001646436973489807,[0.         0.         0.         0.         0.14938398 0.         0.         0.         0.         0.         0.         0.         0.         0.         0.         0.         0.         0.         0.         0.         0.         0.         0.         0.         0.         0.         0.         0.01       0.         0.         0.        ],[0. 0. 0. 0. 1. 0. 0. 0. 0. 0. 0. 0. 0. 0. 0. 0. 0. 0. 0. 0. 0. 0. 0. 0. 0. 0. 0. 1. 0. 0. 0.],500,100,0.3,0.0015,1,23,random,43,first
195,0.0002497580685795747,0.0002497580685795747,0.001646436973489807,[0.         0.         0.         0.         0.14938398 0.         0.         0.         0.         0.         0.         0.         0.         0.         0.         0.         0.         0.         0.         0.         0.         0.         0.         0.         0.         0.         0.         0.01       0.         0.         0.        ],[0. 0. 0. 0. 1. 0. 0. 0. 0. 0. 0. 0. 0. 0. 0. 0. 0. 0. 0. 0. 0. 0. 0. 0. 0. 0. 0. 1. 0. 0. 0.],500,100,0.3,0.0015,1,23,random,43,first
196,0.0002497580685795747,0.0002497580685795747,0.001646436973489807,[0.         0.         0.         0.         0.14938398 0.         0.         0.         0.         0.         0.         0.         0.         0.         0.         0.         0.         0.         0.         0.         0.         0.         0.         0.         0.         0.         0.         0.01       0.         0.         0.        ],[0. 0. 0. 0. 1. 0. 0. 0. 0. 0. 0. 0. 0. 0. 0. 0. 0. 0. 0. 0. 0. 0. 0. 0. 0. 0. 0. 1. 0. 0. 0.],500,100,0.3,0.0015,1,23,random,43,first
197,0.0002497580685795747,0.0002497580685795747,0.001646436973489807,[0.         0.         0.         0.         0.14938398 0.         0.         0.         0.         0.         0.         0.         0.         0.         0.         0.         0.         0.         0.         0.         0.         0.         0.         0.         0.         0.         0.         0.01       0.         0.         0.        ],[0. 0. 0. 0. 1. 0. 0. 0. 0. 0. 0. 0. 0. 0. 0. 0. 0. 0. 0. 0. 0. 0. 0. 0. 0. 0. 0. 1. 0. 0. 0.],500,100,0.3,0.0015,1,23,random,43,first
198,0.0002497580685795747,0.0002497580685795747,0.001646436973489807,[0.         0.         0.         0.         0.14938398 0.         0.         0.         0.         0.         0.         0.         0.         0.         0.         0.         0.         0.         0.         0.         0.         0.         0.         0.         0.         0.         0.         0.01       0.         0.         0.        ],[0. 0. 0. 0. 1. 0. 0. 0. 0. 0. 0. 0. 0. 0. 0. 0. 0. 0. 0. 0. 0. 0. 0. 0. 0. 0. 0. 1. 0. 0. 0.],500,100,0.3,0.0015,1,23,random,43,first
199,0.0002497580685795747,0.0002497580685795747,0.001646436973489807,[0.         0.         0.         0.         0.14938398 0.         0.         0.         0.         0.         0.         0.         0.         0.         0.         0.         0.         0.         0.         0.         0.         0.         0.         0.         0.         0.         0.         0.01       0.         0.         0.        ],[0. 0. 0. 0. 1. 0. 0. 0. 0. 0. 0. 0. 0. 0. 0. 0. 0. 0. 0. 0. 0. 0. 0. 0. 0. 0. 0. 1. 0. 0. 0.],500,100,0.3,0.0015,1,23,random,43,first
200,0.0002497580685795747,0.0002497580685795747,0.001646436973489807,[0.         0.         0.         0.         0.14938398 0.         0.         0.         0.         0.         0.         0.         0.         0.         0.         0.         0.         0.         0.         0.         0.         0.         0.         0.         0.         0.         0.         0.01       0.         0.         0.        ],[0. 0. 0. 0. 1. 0. 0. 0. 0. 0. 0. 0. 0. 0. 0. 0. 0. 0. 0. 0. 0. 0. 0. 0. 0. 0. 0. 1. 0. 0. 0.],500,100,0.3,0.0015,1,23,random,43,first
201,0.0002497580685795747,0.0002497580685795747,0.001646436973489807,[0.         0.         0.         0.         0.14938398 0.         0.         0.         0.         0.         0.         0.         0.         0.         0.         0.         0.         0.         0.         0.         0.         0.         0.         0.         0.         0.         0.         0.01       0.         0.         0.        ],[0. 0. 0. 0. 1. 0. 0. 0. 0. 0. 0. 0. 0. 0. 0. 0. 0. 0. 0. 0. 0. 0. 0. 0. 0. 0. 0. 1. 0. 0. 0.],500,100,0.3,0.0015,1,23,random,43,first
202,0.0002497580685795747,0.0002497580685795747,0.001646436973489807,[0.         0.         0.         0.         0.14938398 0.         0.         0.         0.         0.         0.         0.         0.         0.         0.         0.         0.         0.         0.         0.         0.         0.         0.         0.         0.         0.         0.         0.01       0.         0.         0.        ],[0. 0. 0. 0. 1. 0. 0. 0. 0. 0. 0. 0. 0. 0. 0. 0. 0. 0. 0. 0. 0. 0. 0. 0. 0. 0. 0. 1. 0. 0. 0.],500,100,0.3,0.0015,1,23,random,43,first
203,0.0002497580685795747,0.0002497580685795747,0.001646436973489807,[0.         0.         0.         0.         0.14938398 0.         0.         0.         0.         0.         0.         0.         0.         0.         0.         0.         0.         0.         0.         0.         0.         0.         0.         0.         0.         0.         0.         0.01       0.         0.         0.        ],[0. 0. 0. 0. 1. 0. 0. 0. 0. 0. 0. 0. 0. 0. 0. 0. 0. 0. 0. 0. 0. 0. 0. 0. 0. 0. 0. 1. 0. 0. 0.],500,100,0.3,0.0015,1,23,random,43,first
204,0.0002497580685795747,0.0002497580685795747,0.001646436973489807,[0.         0.         0.         0.         0.14938398 0.         0.         0.         0.         0.         0.         0.         0.         0.         0.         0.         0.         0.         0.         0.         0.         0.         0.         0.         0.         0.         0.         0.01       0.         0.         0.        ],[0. 0. 0. 0. 1. 0. 0. 0. 0. 0. 0. 0. 0. 0. 0. 0. 0. 0. 0. 0. 0. 0. 0. 0. 0. 0. 0. 1. 0. 0. 0.],500,100,0.3,0.0015,1,23,random,43,first
205,0.0002497580685795747,0.0002497580685795747,0.001646436973489807,[0.         0.         0.         0.         0.14938398 0.         0.         0.         0.         0.         0.         0.         0.         0.         0.         0.         0.         0.         0.         0.         0.         0.         0.         0.         0.         0.         0.         0.01       0.         0.         0.        ],[0. 0. 0. 0. 1. 0. 0. 0. 0. 0. 0. 0. 0. 0. 0. 0. 0. 0. 0. 0. 0. 0. 0. 0. 0. 0. 0. 1. 0. 0. 0.],500,100,0.3,0.0015,1,23,random,43,first
206,0.0002497580685795747,0.0002497580685795747,0.001646436973489807,[0.         0.         0.         0.         0.14938398 0.         0.         0.         0.         0.         0.         0.         0.         0.         0.         0.         0.         0.         0.         0.         0.         0.         0.         0.         0.         0.         0.         0.01       0.         0.         0.        ],[0. 0. 0. 0. 1. 0. 0. 0. 0. 0. 0. 0. 0. 0. 0. 0. 0. 0. 0. 0. 0. 0. 0. 0. 0. 0. 0. 1. 0. 0. 0.],500,100,0.3,0.0015,1,23,random,43,first
207,0.0002497580685795747,0.0002497580685795747,0.001646436973489807,[0.         0.         0.         0.         0.14938398 0.         0.         0.         0.         0.         0.         0.         0.         0.         0.         0.         0.         0.         0.         0.         0.         0.         0.         0.         0.         0.         0.         0.01       0.         0.         0.        ],[0. 0. 0. 0. 1. 0. 0. 0. 0. 0. 0. 0. 0. 0. 0. 0. 0. 0. 0. 0. 0. 0. 0. 0. 0. 0. 0. 1. 0. 0. 0.],500,100,0.3,0.0015,1,23,random,43,first
208,0.0002497580685795747,0.0002497580685795747,0.001646436973489807,[0.         0.         0.         0.         0.14938398 0.         0.         0.         0.         0.         0.         0.         0.         0.         0.         0.         0.         0.         0.         0.         0.         0.         0.         0.         0.         0.         0.         0.01       0.         0.         0.        ],[0. 0. 0. 0. 1. 0. 0. 0. 0. 0. 0. 0. 0. 0. 0. 0. 0. 0. 0. 0. 0. 0. 0. 0. 0. 0. 0. 1. 0. 0. 0.],500,100,0.3,0.0015,1,23,random,43,first
209,0.0002497580685795747,0.0002497580685795747,0.001646436973489807,[0.         0.         0.         0.         0.14938398 0.         0.         0.         0.         0.         0.         0.         0.         0.         0.         0.         0.         0.         0.         0.         0.         0.         0.         0.         0.         0.         0.         0.01       0.         0.         0.        ],[0. 0. 0. 0. 1. 0. 0. 0. 0. 0. 0. 0. 0. 0. 0. 0. 0. 0. 0. 0. 0. 0. 0. 0. 0. 0. 0. 1. 0. 0. 0.],500,100,0.3,0.0015,1,23,random,43,first
210,0.0002497580685795747,0.0002497580685795747,0.001646436973489807,[0.         0.         0.         0.         0.14938398 0.         0.         0.         0.         0.         0.         0.         0.         0.         0.         0.         0.         0.         0.         0.         0.         0.         0.         0.         0.         0.         0.         0.01       0.         0.         0.        ],[0. 0. 0. 0. 1. 0. 0. 0. 0. 0. 0. 0. 0. 0. 0. 0. 0. 0. 0. 0. 0. 0. 0. 0. 0. 0. 0. 1. 0. 0. 0.],500,100,0.3,0.0015,1,23,random,43,first
211,0.0002497580685795747,0.0002497580685795747,0.001646436973489807,[0.         0.         0.         0.         0.14938398 0.         0.         0.         0.         0.         0.         0.         0.         0.         0.         0.         0.         0.         0.         0.         0.         0.         0.         0.         0.         0.         0.         0.01       0.         0.         0.        ],[0. 0. 0. 0. 1. 0. 0. 0. 0. 0. 0. 0. 0. 0. 0. 0. 0. 0. 0. 0. 0. 0. 0. 0. 0. 0. 0. 1. 0. 0. 0.],500,100,0.3,0.0015,1,23,random,43,first
212,0.0002497580685795747,0.0002497580685795747,0.001646436973489807,[0.         0.         0.         0.         0.14938398 0.         0.         0.         0.         0.         0.         0.         0.         0.         0.         0.         0.         0.         0.         0.         0.         0.         0.         0.         0.         0.         0.         0.01       0.         0.         0.        ],[0. 0. 0. 0. 1. 0. 0. 0. 0. 0. 0. 0. 0. 0. 0. 0. 0. 0. 0. 0. 0. 0. 0. 0. 0. 0. 0. 1. 0. 0. 0.],500,100,0.3,0.0015,1,23,random,43,first
213,0.0002497580685795747,0.0002497580685795747,0.001646436973489807,[0.         0.         0.         0.         0.14938398 0.         0.         0.         0.         0.         0.         0.         0.         0.         0.         0.         0.         0.         0.         0.         0.         0.         0.         0.         0.         0.         0.         0.01       0.         0.         0.        ],[0. 0. 0. 0. 1. 0. 0. 0. 0. 0. 0. 0. 0. 0. 0. 0. 0. 0. 0. 0. 0. 0. 0. 0. 0. 0. 0. 1. 0. 0. 0.],500,100,0.3,0.0015,1,23,random,43,first
214,0.0002497580685795747,0.0002497580685795747,0.001646436973489807,[0.         0.         0.         0.         0.14938398 0.         0.         0.         0.         0.         0.         0.         0.         0.         0.         0.         0.         0.         0.         0.         0.         0.         0.         0.         0.         0.         0.         0.01       0.         0.         0.        ],[0. 0. 0. 0. 1. 0. 0. 0. 0. 0. 0. 0. 0. 0. 0. 0. 0. 0. 0. 0. 0. 0. 0. 0. 0. 0. 0. 1. 0. 0. 0.],500,100,0.3,0.0015,1,23,random,43,first
215,0.0002497580685795747,0.0002497580685795747,0.001646436973489807,[0.         0.         0.         0.         0.14938398 0.         0.         0.         0.         0.         0.         0.         0.         0.         0.         0.         0.         0.         0.         0.         0.         0.         0.         0.         0.         0.         0.         0.01       0.         0.         0.        ],[0. 0. 0. 0. 1. 0. 0. 0. 0. 0. 0. 0. 0. 0. 0. 0. 0. 0. 0. 0. 0. 0. 0. 0. 0. 0. 0. 1. 0. 0. 0.],500,100,0.3,0.0015,1,23,random,43,first
216,0.0002497580685795747,0.0002497580685795747,0.001646436973489807,[0.         0.         0.         0.         0.14938398 0.         0.         0.         0.         0.         0.         0.         0.         0.         0.         0.         0.         0.         0.         0.         0.         0.         0.         0.         0.         0.         0.         0.01       0.         0.         0.        ],[0. 0. 0. 0. 1. 0. 0. 0. 0. 0. 0. 0. 0. 0. 0. 0. 0. 0. 0. 0. 0. 0. 0. 0. 0. 0. 0. 1. 0. 0. 0.],500,100,0.3,0.0015,1,23,random,43,first
217,0.0002497580685795747,0.0002497580685795747,0.001646436973489807,[0.         0.         0.         0.         0.14938398 0.         0.         0.         0.         0.         0.         0.         0.         0.         0.         0.         0.         0.         0.         0.         0.         0.         0.         0.         0.         0.         0.         0.01       0.         0.         0.        ],[0. 0. 0. 0. 1. 0. 0. 0. 0. 0. 0. 0. 0. 0. 0. 0. 0. 0. 0. 0. 0. 0. 0. 0. 0. 0. 0. 1. 0. 0. 0.],500,100,0.3,0.0015,1,23,random,43,first
218,0.0002497580685795747,0.0002497580685795747,0.001646436973489807,[0.         0.         0.         0.         0.14938398 0.         0.         0.         0.         0.         0.         0.         0.         0.         0.         0.         0.         0.         0.         0.         0.         0.         0.         0.         0.         0.         0.         0.01       0.         0.         0.        ],[0. 0. 0. 0. 1. 0. 0. 0. 0. 0. 0. 0. 0. 0. 0. 0. 0. 0. 0. 0. 0. 0. 0. 0. 0. 0. 0. 1. 0. 0. 0.],500,100,0.3,0.0015,1,23,random,43,first
219,0.0002497580685795747,0.0002497580685795747,0.001646436973489807,[0.         0.         0.         0.         0.14938398 0.         0.         0.         0.         0.         0.         0.         0.         0.         0.         0.         0.         0.         0.         0.         0.         0.         0.         0.         0.         0.         0.         0.01       0.         0.         0.        ],[0. 0. 0. 0. 1. 0. 0. 0. 0. 0. 0. 0. 0. 0. 0. 0. 0. 0. 0. 0. 0. 0. 0. 0. 0. 0. 0. 1. 0. 0. 0.],500,100,0.3,0.0015,1,23,random,43,first
220,0.0002497580685795747,0.0002497580685795747,0.001646436973489807,[0.         0.         0.         0.         0.14938398 0.         0.         0.         0.         0.         0.         0.         0.         0.         0.         0.         0.         0.         0.         0.         0.         0.         0.         0.         0.         0.         0.         0.01       0.         0.         0.        ],[0. 0. 0. 0. 1. 0. 0. 0. 0. 0. 0. 0. 0. 0. 0. 0. 0. 0. 0. 0. 0. 0. 0. 0. 0. 0. 0. 1. 0. 0. 0.],500,100,0.3,0.0015,1,23,random,43,first
221,0.0002497580685795747,0.0002497580685795747,0.001646436973489807,[0.         0.         0.         0.         0.14938398 0.         0.         0.         0.         0.         0.         0.         0.         0.         0.         0.         0.         0.         0.         0.         0.         0.         0.         0.         0.         0.         0.         0.01       0.         0.         0.        ],[0. 0. 0. 0. 1. 0. 0. 0. 0. 0. 0. 0. 0. 0. 0. 0. 0. 0. 0. 0. 0. 0. 0. 0. 0. 0. 0. 1. 0. 0. 0.],500,100,0.3,0.0015,1,23,random,43,first
222,0.0002497580685795747,0.0002497580685795747,0.001646436973489807,[0.         0.         0.         0.         0.14938398 0.         0.         0.         0.         0.         0.         0.         0.         0.         0.         0.         0.         0.         0.         0.         0.         0.         0.         0.         0.         0.         0.         0.01       0.         0.         0.        ],[0. 0. 0. 0. 1. 0. 0. 0. 0. 0. 0. 0. 0. 0. 0. 0. 0. 0. 0. 0. 0. 0. 0. 0. 0. 0. 0. 1. 0. 0. 0.],500,100,0.3,0.0015,1,23,random,43,first
223,0.0002497580685795747,0.0002497580685795747,0.001646436973489807,[0.         0.         0.         0.         0.14938398 0.         0.         0.         0.         0.         0.         0.         0.         0.         0.         0.         0.         0.         0.         0.         0.         0.         0.         0.         0.         0.         0.         0.01       0.         0.         0.        ],[0. 0. 0. 0. 1. 0. 0. 0. 0. 0. 0. 0. 0. 0. 0. 0. 0. 0. 0. 0. 0. 0. 0. 0. 0. 0. 0. 1. 0. 0. 0.],500,100,0.3,0.0015,1,23,random,43,first
224,0.0002497580685795747,0.0002497580685795747,0.001646436973489807,[0.         0.         0.         0.         0.14938398 0.         0.         0.         0.         0.         0.         0.         0.         0.         0.         0.         0.         0.         0.         0.         0.         0.         0.         0.         0.         0.         0.         0.01       0.         0.         0.        ],[0. 0. 0. 0. 1. 0. 0. 0. 0. 0. 0. 0. 0. 0. 0. 0. 0. 0. 0. 0. 0. 0. 0. 0. 0. 0. 0. 1. 0. 0. 0.],500,100,0.3,0.0015,1,23,random,43,first
225,0.0002497580685795747,0.0002497580685795747,0.001646436973489807,[0.         0.         0.         0.         0.14938398 0.         0.         0.         0.         0.         0.         0.         0.         0.         0.         0.         0.         0.         0.         0.         0.         0.         0.         0.         0.         0.         0.         0.01       0.         0.         0.        ],[0. 0. 0. 0. 1. 0. 0. 0. 0. 0. 0. 0. 0. 0. 0. 0. 0. 0. 0. 0. 0. 0. 0. 0. 0. 0. 0. 1. 0. 0. 0.],500,100,0.3,0.0015,1,23,random,43,first
226,0.0002497580685795747,0.0002497580685795747,0.001646436973489807,[0.         0.         0.         0.         0.14938398 0.         0.         0.         0.         0.         0.         0.         0.         0.         0.         0.         0.         0.         0.         0.         0.         0.         0.         0.         0.         0.         0.         0.01       0.         0.         0.        ],[0. 0. 0. 0. 1. 0. 0. 0. 0. 0. 0. 0. 0. 0. 0. 0. 0. 0. 0. 0. 0. 0. 0. 0. 0. 0. 0. 1. 0. 0. 0.],500,100,0.3,0.0015,1,23,random,43,first
227,0.0002497580685795747,0.0002497580685795747,0.001646436973489807,[0.         0.         0.         0.         0.14938398 0.         0.         0.         0.         0.         0.         0.         0.         0.         0.         0.         0.         0.         0.         0.         0.         0.         0.         0.         0.         0.         0.         0.01       0.         0.         0.        ],[0. 0. 0. 0. 1. 0. 0. 0. 0. 0. 0. 0. 0. 0. 0. 0. 0. 0. 0. 0. 0. 0. 0. 0. 0. 0. 0. 1. 0. 0. 0.],500,100,0.3,0.0015,1,23,random,43,first
228,0.0002497580685795747,0.0002497580685795747,0.001646436973489807,[0.         0.         0.         0.         0.14938398 0.         0.         0.         0.         0.         0.         0.         0.         0.         0.         0.         0.         0.         0.         0.         0.         0.         0.         0.         0.         0.         0.         0.01       0.         0.         0.        ],[0. 0. 0. 0. 1. 0. 0. 0. 0. 0. 0. 0. 0. 0. 0. 0. 0. 0. 0. 0. 0. 0. 0. 0. 0. 0. 0. 1. 0. 0. 0.],500,100,0.3,0.0015,1,23,random,43,first
229,0.0002497580685795747,0.0002497580685795747,0.001646436973489807,[0.         0.         0.         0.         0.14938398 0.         0.         0.         0.         0.         0.         0.         0.         0.         0.         0.         0.         0.         0.         0.         0.         0.         0.         0.         0.         0.         0.         0.01       0.         0.         0.        ],[0. 0. 0. 0. 1. 0. 0. 0. 0. 0. 0. 0. 0. 0. 0. 0. 0. 0. 0. 0. 0. 0. 0. 0. 0. 0. 0. 1. 0. 0. 0.],500,100,0.3,0.0015,1,23,random,43,first
230,0.0002497580685795747,0.0002497580685795747,0.001646436973489807,[0.         0.         0.         0.         0.14938398 0.         0.         0.         0.         0.         0.         0.         0.         0.         0.         0.         0.         0.         0.         0.         0.         0.         0.         0.         0.         0.         0.         0.01       0.         0.         0.        ],[0. 0. 0. 0. 1. 0. 0. 0. 0. 0. 0. 0. 0. 0. 0. 0. 0. 0. 0. 0. 0. 0. 0. 0. 0. 0. 0. 1. 0. 0. 0.],500,100,0.3,0.0015,1,23,random,43,first
231,0.0002497580685795747,0.0002497580685795747,0.001646436973489807,[0.         0.         0.         0.         0.14938398 0.         0.         0.         0.         0.         0.         0.         0.         0.         0.         0.         0.         0.         0.         0.         0.         0.         0.         0.         0.         0.         0.         0.01       0.         0.         0.        ],[0. 0. 0. 0. 1. 0. 0. 0. 0. 0. 0. 0. 0. 0. 0. 0. 0. 0. 0. 0. 0. 0. 0. 0. 0. 0. 0. 1. 0. 0. 0.],500,100,0.3,0.0015,1,23,random,43,first
232,0.0002497580685795747,0.0002497580685795747,0.001646436973489807,[0.         0.         0.         0.         0.14938398 0.         0.         0.         0.         0.         0.         0.         0.         0.         0.         0.         0.         0.         0.         0.         0.         0.         0.         0.         0.         0.         0.         0.01       0.         0.         0.        ],[0. 0. 0. 0. 1. 0. 0. 0. 0. 0. 0. 0. 0. 0. 0. 0. 0. 0. 0. 0. 0. 0. 0. 0. 0. 0. 0. 1. 0. 0. 0.],500,100,0.3,0.0015,1,23,random,43,first
233,0.0002497580685795747,0.0002497580685795747,0.001646436973489807,[0.         0.         0.         0.         0.14938398 0.         0.         0.         0.         0.         0.         0.         0.         0.         0.         0.         0.         0.         0.         0.         0.         0.         0.         0.         0.         0.         0.         0.01       0.         0.         0.        ],[0. 0. 0. 0. 1. 0. 0. 0. 0. 0. 0. 0. 0. 0. 0. 0. 0. 0. 0. 0. 0. 0. 0. 0. 0. 0. 0. 1. 0. 0. 0.],500,100,0.3,0.0015,1,23,random,43,first
234,0.0002497580685795747,0.0002497580685795747,0.001646436973489807,[0.         0.         0.         0.         0.14938398 0.         0.         0.         0.         0.         0.         0.         0.         0.         0.         0.         0.         0.         0.         0.         0.         0.         0.         0.         0.         0.         0.         0.01       0.         0.         0.        ],[0. 0. 0. 0. 1. 0. 0. 0. 0. 0. 0. 0. 0. 0. 0. 0. 0. 0. 0. 0. 0. 0. 0. 0. 0. 0. 0. 1. 0. 0. 0.],500,100,0.3,0.0015,1,23,random,43,first
235,0.0002497580685795747,0.0002497580685795747,0.001646436973489807,[0.         0.         0.         0.         0.14938398 0.         0.         0.         0.         0.         0.         0.         0.         0.         0.         0.         0.         0.         0.         0.         0.         0.         0.         0.         0.         0.         0.         0.01       0.         0.         0.        ],[0. 0. 0. 0. 1. 0. 0. 0. 0. 0. 0. 0. 0. 0. 0. 0. 0. 0. 0. 0. 0. 0. 0. 0. 0. 0. 0. 1. 0. 0. 0.],500,100,0.3,0.0015,1,23,random,43,first
236,0.0002497580685795747,0.0002497580685795747,0.001646436973489807,[0.         0.         0.         0.         0.14938398 0.         0.         0.         0.         0.         0.         0.         0.         0.         0.         0.         0.         0.         0.         0.         0.         0.         0.         0.         0.         0.         0.         0.01       0.         0.         0.        ],[0. 0. 0. 0. 1. 0. 0. 0. 0. 0. 0. 0. 0. 0. 0. 0. 0. 0. 0. 0. 0. 0. 0. 0. 0. 0. 0. 1. 0. 0. 0.],500,100,0.3,0.0015,1,23,random,43,first
237,0.0002497580685795747,0.0002497580685795747,0.001646436973489807,[0.         0.         0.         0.         0.14938398 0.         0.         0.         0.         0.         0.         0.         0.         0.         0.         0.         0.         0.         0.         0.         0.         0.         0.         0.         0.         0.         0.         0.01       0.         0.         0.        ],[0. 0. 0. 0. 1. 0. 0. 0. 0. 0. 0. 0. 0. 0. 0. 0. 0. 0. 0. 0. 0. 0. 0. 0. 0. 0. 0. 1. 0. 0. 0.],500,100,0.3,0.0015,1,23,random,43,first
238,0.0002497580685795747,0.0002497580685795747,0.001646436973489807,[0.         0.         0.         0.         0.14938398 0.         0.         0.         0.         0.         0.         0.         0.         0.         0.         0.         0.         0.         0.         0.         0.         0.         0.         0.         0.         0.         0.         0.01       0.         0.         0.        ],[0. 0. 0. 0. 1. 0. 0. 0. 0. 0. 0. 0. 0. 0. 0. 0. 0. 0. 0. 0. 0. 0. 0. 0. 0. 0. 0. 1. 0. 0. 0.],500,100,0.3,0.0015,1,23,random,43,first
239,0.0002497580685795747,0.0002497580685795747,0.001646436973489807,[0.         0.         0.         0.         0.14938398 0.         0.         0.         0.         0.         0.         0.         0.         0.         0.         0.         0.         0.         0.         0.         0.         0.         0.         0.         0.         0.         0.         0.01       0.         0.         0.        ],[0. 0. 0. 0. 1. 0. 0. 0. 0. 0. 0. 0. 0. 0. 0. 0. 0. 0. 0. 0. 0. 0. 0. 0. 0. 0. 0. 1. 0. 0. 0.],500,100,0.3,0.0015,1,23,random,43,first
240,0.0002497580685795747,0.0002497580685795747,0.001646436973489807,[0.         0.         0.         0.         0.14938398 0.         0.         0.         0.         0.         0.         0.         0.         0.         0.         0.         0.         0.         0.         0.         0.         0.         0.         0.         0.         0.         0.         0.01       0.         0.         0.        ],[0. 0. 0. 0. 1. 0. 0. 0. 0. 0. 0. 0. 0. 0. 0. 0. 0. 0. 0. 0. 0. 0. 0. 0. 0. 0. 0. 1. 0. 0. 0.],500,100,0.3,0.0015,1,23,random,43,first
241,0.0002497580685795747,0.0002497580685795747,0.001646436973489807,[0.         0.         0.         0.         0.14938398 0.         0.         0.         0.         0.         0.         0.         0.         0.         0.         0.         0.         0.         0.         0.         0.         0.         0.         0.         0.         0.         0.         0.01       0.         0.         0.        ],[0. 0. 0. 0. 1. 0. 0. 0. 0. 0. 0. 0. 0. 0. 0. 0. 0. 0. 0. 0. 0. 0. 0. 0. 0. 0. 0. 1. 0. 0. 0.],500,100,0.3,0.0015,1,23,random,43,first
242,0.0002497580685795747,0.0002497580685795747,0.001646436973489807,[0.         0.         0.         0.         0.14938398 0.         0.         0.         0.         0.         0.         0.         0.         0.         0.         0.         0.         0.         0.         0.         0.         0.         0.         0.         0.         0.         0.         0.01       0.         0.         0.        ],[0. 0. 0. 0. 1. 0. 0. 0. 0. 0. 0. 0. 0. 0. 0. 0. 0. 0. 0. 0. 0. 0. 0. 0. 0. 0. 0. 1. 0. 0. 0.],500,100,0.3,0.0015,1,23,random,43,first
243,0.0002497580685795747,0.0002497580685795747,0.001646436973489807,[0.         0.         0.         0.         0.14938398 0.         0.         0.         0.         0.         0.         0.         0.         0.         0.         0.         0.         0.         0.         0.         0.         0.         0.         0.         0.         0.         0.         0.01       0.         0.         0.        ],[0. 0. 0. 0. 1. 0. 0. 0. 0. 0. 0. 0. 0. 0. 0. 0. 0. 0. 0. 0. 0. 0. 0. 0. 0. 0. 0. 1. 0. 0. 0.],500,100,0.3,0.0015,1,23,random,43,first
244,0.0002497580685795747,0.0002497580685795747,0.001646436973489807,[0.         0.         0.         0.         0.14938398 0.         0.         0.         0.         0.         0.         0.         0.         0.         0.         0.         0.         0.         0.         0.         0.         0.         0.         0.         0.         0.         0.         0.01       0.         0.         0.        ],[0. 0. 0. 0. 1. 0. 0. 0. 0. 0. 0. 0. 0. 0. 0. 0. 0. 0. 0. 0. 0. 0. 0. 0. 0. 0. 0. 1. 0. 0. 0.],500,100,0.3,0.0015,1,23,random,43,first
245,0.0002497580685795747,0.0002497580685795747,0.001646436973489807,[0.         0.         0.         0.         0.14938398 0.         0.         0.         0.         0.         0.         0.         0.         0.         0.         0.         0.         0.         0.         0.         0.         0.         0.         0.         0.         0.         0.         0.01       0.         0.         0.        ],[0. 0. 0. 0. 1. 0. 0. 0. 0. 0. 0. 0. 0. 0. 0. 0. 0. 0. 0. 0. 0. 0. 0. 0. 0. 0. 0. 1. 0. 0. 0.],500,100,0.3,0.0015,1,23,random,43,first
246,0.0002497580685795747,0.0002497580685795747,0.001646436973489807,[0.         0.         0.         0.         0.14938398 0.         0.         0.         0.         0.         0.         0.         0.         0.         0.         0.         0.         0.         0.         0.         0.         0.         0.         0.         0.         0.         0.         0.01       0.         0.         0.        ],[0. 0. 0. 0. 1. 0. 0. 0. 0. 0. 0. 0. 0. 0. 0. 0. 0. 0. 0. 0. 0. 0. 0. 0. 0. 0. 0. 1. 0. 0. 0.],500,100,0.3,0.0015,1,23,random,43,first
247,0.0002497580685795747,0.0002497580685795747,0.001646436973489807,[0.         0.         0.         0.         0.14938398 0.         0.         0.         0.         0.         0.         0.         0.         0.         0.         0.         0.         0.         0.         0.         0.         0.         0.         0.         0.         0.         0.         0.01       0.         0.         0.        ],[0. 0. 0. 0. 1. 0. 0. 0. 0. 0. 0. 0. 0. 0. 0. 0. 0. 0. 0. 0. 0. 0. 0. 0. 0. 0. 0. 1. 0. 0. 0.],500,100,0.3,0.0015,1,23,random,43,first
248,0.0002497580685795747,0.0002497580685795747,0.001646436973489807,[0.         0.         0.         0.         0.14938398 0.         0.         0.         0.         0.         0.         0.         0.         0.         0.         0.         0.         0.         0.         0.         0.         0.         0.         0.         0.         0.         0.         0.01       0.         0.         0.        ],[0. 0. 0. 0. 1. 0. 0. 0. 0. 0. 0. 0. 0. 0. 0. 0. 0. 0. 0. 0. 0. 0. 0. 0. 0. 0. 0. 1. 0. 0. 0.],500,100,0.3,0.0015,1,23,random,43,first
249,0.0002497580685795747,0.0002497580685795747,0.001646436973489807,[0.         0.         0.         0.         0.14938398 0.         0.         0.         0.         0.         0.         0.         0.         0.         0.         0.         0.         0.         0.         0.         0.         0.         0.         0.         0.         0.         0.         0.01       0.         0.         0.        ],[0. 0. 0. 0. 1. 0. 0. 0. 0. 0. 0. 0. 0. 0. 0. 0. 0. 0. 0. 0. 0. 0. 0. 0. 0. 0. 0. 1. 0. 0. 0.],500,100,0.3,0.0015,1,23,random,43,first
250,0.0002497580685795747,0.0002497580685795747,0.001646436973489807,[0.         0.         0.         0.         0.14938398 0.         0.         0.         0.         0.         0.         0.         0.         0.         0.         0.         0.         0.         0.         0.         0.         0.         0.         0.         0.         0.         0.         0.01       0.         0.         0.        ],[0. 0. 0. 0. 1. 0. 0. 0. 0. 0. 0. 0. 0. 0. 0. 0. 0. 0. 0. 0. 0. 0. 0. 0. 0. 0. 0. 1. 0. 0. 0.],500,100,0.3,0.0015,1,23,random,43,first
251,0.0002497580685795747,0.0002497580685795747,0.001646436973489807,[0.         0.         0.         0.         0.14938398 0.         0.         0.         0.         0.         0.         0.         0.         0.         0.         0.         0.         0.         0.         0.         0.         0.         0.         0.         0.         0.         0.         0.01       0.         0.         0.        ],[0. 0. 0. 0. 1. 0. 0. 0. 0. 0. 0. 0. 0. 0. 0. 0. 0. 0. 0. 0. 0. 0. 0. 0. 0. 0. 0. 1. 0. 0. 0.],500,100,0.3,0.0015,1,23,random,43,first
252,0.0002497580685795747,0.0002497580685795747,0.001646436973489807,[0.         0.         0.         0.         0.14938398 0.         0.         0.         0.         0.         0.         0.         0.         0.         0.         0.         0.         0.         0.         0.         0.         0.         0.         0.         0.         0.         0.         0.01       0.         0.         0.        ],[0. 0. 0. 0. 1. 0. 0. 0. 0. 0. 0. 0. 0. 0. 0. 0. 0. 0. 0. 0. 0. 0. 0. 0. 0. 0. 0. 1. 0. 0. 0.],500,100,0.3,0.0015,1,23,random,43,first
253,0.0002497580685795747,0.0002497580685795747,0.001646436973489807,[0.         0.         0.         0.         0.14938398 0.         0.         0.         0.         0.         0.         0.         0.         0.         0.         0.         0.         0.         0.         0.         0.         0.         0.         0.         0.         0.         0.         0.01       0.         0.         0.        ],[0. 0. 0. 0. 1. 0. 0. 0. 0. 0. 0. 0. 0. 0. 0. 0. 0. 0. 0. 0. 0. 0. 0. 0. 0. 0. 0. 1. 0. 0. 0.],500,100,0.3,0.0015,1,23,random,43,first
254,0.0002497580685795747,0.0002497580685795747,0.001646436973489807,[0.         0.         0.         0.         0.14938398 0.         0.         0.         0.         0.         0.         0.         0.         0.         0.         0.         0.         0.         0.         0.         0.         0.         0.         0.         0.         0.         0.         0.01       0.         0.         0.        ],[0. 0. 0. 0. 1. 0. 0. 0. 0. 0. 0. 0. 0. 0. 0. 0. 0. 0. 0. 0. 0. 0. 0. 0. 0. 0. 0. 1. 0. 0. 0.],500,100,0.3,0.0015,1,23,random,43,first
255,0.0002497580685795747,0.0002497580685795747,0.001646436973489807,[0.         0.         0.         0.         0.14938398 0.         0.         0.         0.         0.         0.         0.         0.         0.         0.         0.         0.         0.         0.         0.         0.         0.         0.         0.         0.         0.         0.         0.01       0.         0.         0.        ],[0. 0. 0. 0. 1. 0. 0. 0. 0. 0. 0. 0. 0. 0. 0. 0. 0. 0. 0. 0. 0. 0. 0. 0. 0. 0. 0. 1. 0. 0. 0.],500,100,0.3,0.0015,1,23,random,43,first
256,0.0002497580685795747,0.0002497580685795747,0.001646436973489807,[0.         0.         0.         0.         0.14938398 0.         0.         0.         0.         0.         0.         0.         0.         0.         0.         0.         0.         0.         0.         0.         0.         0.         0.         0.         0.         0.         0.         0.01       0.         0.         0.        ],[0. 0. 0. 0. 1. 0. 0. 0. 0. 0. 0. 0. 0. 0. 0. 0. 0. 0. 0. 0. 0. 0. 0. 0. 0. 0. 0. 1. 0. 0. 0.],500,100,0.3,0.0015,1,23,random,43,first
257,0.0002497580685795747,0.0002497580685795747,0.001646436973489807,[0.         0.         0.         0.         0.14938398 0.         0.         0.         0.         0.         0.         0.         0.         0.         0.         0.         0.         0.         0.         0.         0.         0.         0.         0.         0.         0.         0.         0.01       0.         0.         0.        ],[0. 0. 0. 0. 1. 0. 0. 0. 0. 0. 0. 0. 0. 0. 0. 0. 0. 0. 0. 0. 0. 0. 0. 0. 0. 0. 0. 1. 0. 0. 0.],500,100,0.3,0.0015,1,23,random,43,first
258,0.0002497580685795747,0.0002497580685795747,0.001646436973489807,[0.         0.         0.         0.         0.14938398 0.         0.         0.         0.         0.         0.         0.         0.         0.         0.         0.         0.         0.         0.         0.         0.         0.         0.         0.         0.         0.         0.         0.01       0.         0.         0.        ],[0. 0. 0. 0. 1. 0. 0. 0. 0. 0. 0. 0. 0. 0. 0. 0. 0. 0. 0. 0. 0. 0. 0. 0. 0. 0. 0. 1. 0. 0. 0.],500,100,0.3,0.0015,1,23,random,43,first
259,0.0002497580685795747,0.0002497580685795747,0.001646436973489807,[0.         0.         0.         0.         0.14938398 0.         0.         0.         0.         0.         0.         0.         0.         0.         0.         0.         0.         0.         0.         0.         0.         0.         0.         0.         0.         0.         0.         0.01       0.         0.         0.        ],[0. 0. 0. 0. 1. 0. 0. 0. 0. 0. 0. 0. 0. 0. 0. 0. 0. 0. 0. 0. 0. 0. 0. 0. 0. 0. 0. 1. 0. 0. 0.],500,100,0.3,0.0015,1,23,random,43,first
260,0.0002497580685795747,0.0002497580685795747,0.001646436973489807,[0.         0.         0.         0.         0.14938398 0.         0.         0.         0.         0.         0.         0.         0.         0.         0.         0.         0.         0.         0.         0.         0.         0.         0.         0.         0.         0.         0.         0.01       0.         0.         0.        ],[0. 0. 0. 0. 1. 0. 0. 0. 0. 0. 0. 0. 0. 0. 0. 0. 0. 0. 0. 0. 0. 0. 0. 0. 0. 0. 0. 1. 0. 0. 0.],500,100,0.3,0.0015,1,23,random,43,first
261,0.0002497580685795747,0.0002497580685795747,0.001646436973489807,[0.         0.         0.         0.         0.14938398 0.         0.         0.         0.         0.         0.         0.         0.         0.         0.         0.         0.         0.         0.         0.         0.         0.         0.         0.         0.         0.         0.         0.01       0.         0.         0.        ],[0. 0. 0. 0. 1. 0. 0. 0. 0. 0. 0. 0. 0. 0. 0. 0. 0. 0. 0. 0. 0. 0. 0. 0. 0. 0. 0. 1. 0. 0. 0.],500,100,0.3,0.0015,1,23,random,43,first
262,0.0002497580685795747,0.0002497580685795747,0.001646436973489807,[0.         0.         0.         0.         0.14938398 0.         0.         0.         0.         0.         0.         0.         0.         0.         0.         0.         0.         0.         0.         0.         0.         0.         0.         0.         0.         0.         0.         0.01       0.         0.         0.        ],[0. 0. 0. 0. 1. 0. 0. 0. 0. 0. 0. 0. 0. 0. 0. 0. 0. 0. 0. 0. 0. 0. 0. 0. 0. 0. 0. 1. 0. 0. 0.],500,100,0.3,0.0015,1,23,random,43,first
263,0.0002497580685795747,0.0002497580685795747,0.001646436973489807,[0.         0.         0.         0.         0.14938398 0.         0.         0.         0.         0.         0.         0.         0.         0.         0.         0.         0.         0.         0.         0.         0.         0.         0.         0.         0.         0.         0.         0.01       0.         0.         0.        ],[0. 0. 0. 0. 1. 0. 0. 0. 0. 0. 0. 0. 0. 0. 0. 0. 0. 0. 0. 0. 0. 0. 0. 0. 0. 0. 0. 1. 0. 0. 0.],500,100,0.3,0.0015,1,23,random,43,first
264,0.0002497580685795747,0.0002497580685795747,0.001646436973489807,[0.         0.         0.         0.         0.14938398 0.         0.         0.         0.         0.         0.         0.         0.         0.         0.         0.         0.         0.         0.         0.         0.         0.         0.         0.         0.         0.         0.         0.01       0.         0.         0.        ],[0. 0. 0. 0. 1. 0. 0. 0. 0. 0. 0. 0. 0. 0. 0. 0. 0. 0. 0. 0. 0. 0. 0. 0. 0. 0. 0. 1. 0. 0. 0.],500,100,0.3,0.0015,1,23,random,43,first
265,0.0002497580685795747,0.0002497580685795747,0.001646436973489807,[0.         0.         0.         0.         0.14938398 0.         0.         0.         0.         0.         0.         0.         0.         0.         0.         0.         0.         0.         0.         0.         0.         0.         0.         0.         0.         0.         0.         0.01       0.         0.         0.        ],[0. 0. 0. 0. 1. 0. 0. 0. 0. 0. 0. 0. 0. 0. 0. 0. 0. 0. 0. 0. 0. 0. 0. 0. 0. 0. 0. 1. 0. 0. 0.],500,100,0.3,0.0015,1,23,random,43,first
266,0.0002497580685795747,0.0002497580685795747,0.001646436973489807,[0.         0.         0.         0.         0.14938398 0.         0.         0.         0.         0.         0.         0.         0.         0.         0.         0.         0.         0.         0.         0.         0.         0.         0.         0.         0.         0.         0.         0.01       0.         0.         0.        ],[0. 0. 0. 0. 1. 0. 0. 0. 0. 0. 0. 0. 0. 0. 0. 0. 0. 0. 0. 0. 0. 0. 0. 0. 0. 0. 0. 1. 0. 0. 0.],500,100,0.3,0.0015,1,23,random,43,first
267,0.0002497580685795747,0.0002497580685795747,0.001646436973489807,[0.         0.         0.         0.         0.14938398 0.         0.         0.         0.         0.         0.         0.         0.         0.         0.         0.         0.         0.         0.         0.         0.         0.         0.         0.         0.         0.         0.         0.01       0.         0.         0.        ],[0. 0. 0. 0. 1. 0. 0. 0. 0. 0. 0. 0. 0. 0. 0. 0. 0. 0. 0. 0. 0. 0. 0. 0. 0. 0. 0. 1. 0. 0. 0.],500,100,0.3,0.0015,1,23,random,43,first
268,0.0002497580685795747,0.0002497580685795747,0.001646436973489807,[0.         0.         0.         0.         0.14938398 0.         0.         0.         0.         0.         0.         0.         0.         0.         0.         0.         0.         0.         0.         0.         0.         0.         0.         0.         0.         0.         0.         0.01       0.         0.         0.        ],[0. 0. 0. 0. 1. 0. 0. 0. 0. 0. 0. 0. 0. 0. 0. 0. 0. 0. 0. 0. 0. 0. 0. 0. 0. 0. 0. 1. 0. 0. 0.],500,100,0.3,0.0015,1,23,random,43,first
269,0.0002497580685795747,0.0002497580685795747,0.001646436973489807,[0.         0.         0.         0.         0.14938398 0.         0.         0.         0.         0.         0.         0.         0.         0.         0.         0.         0.         0.         0.         0.         0.         0.         0.         0.         0.         0.         0.         0.01       0.         0.         0.        ],[0. 0. 0. 0. 1. 0. 0. 0. 0. 0. 0. 0. 0. 0. 0. 0. 0. 0. 0. 0. 0. 0. 0. 0. 0. 0. 0. 1. 0. 0. 0.],500,100,0.3,0.0015,1,23,random,43,first
270,0.0002497580685795747,0.0002497580685795747,0.001646436973489807,[0.         0.         0.         0.         0.14938398 0.         0.         0.         0.         0.         0.         0.         0.         0.         0.         0.         0.         0.         0.         0.         0.         0.         0.         0.         0.         0.         0.         0.01       0.         0.         0.        ],[0. 0. 0. 0. 1. 0. 0. 0. 0. 0. 0. 0. 0. 0. 0. 0. 0. 0. 0. 0. 0. 0. 0. 0. 0. 0. 0. 1. 0. 0. 0.],500,100,0.3,0.0015,1,23,random,43,first
271,0.0002497580685795747,0.0002497580685795747,0.001646436973489807,[0.         0.         0.         0.         0.14938398 0.         0.         0.         0.         0.         0.         0.         0.         0.         0.         0.         0.         0.         0.         0.         0.         0.         0.         0.         0.         0.         0.         0.01       0.         0.         0.        ],[0. 0. 0. 0. 1. 0. 0. 0. 0. 0. 0. 0. 0. 0. 0. 0. 0. 0. 0. 0. 0. 0. 0. 0. 0. 0. 0. 1. 0. 0. 0.],500,100,0.3,0.0015,1,23,random,43,first
272,0.0002497580685795747,0.0002497580685795747,0.001646436973489807,[0.         0.         0.         0.         0.14938398 0.         0.         0.         0.         0.         0.         0.         0.         0.         0.         0.         0.         0.         0.         0.         0.         0.         0.         0.         0.         0.         0.         0.01       0.         0.         0.        ],[0. 0. 0. 0. 1. 0. 0. 0. 0. 0. 0. 0. 0. 0. 0. 0. 0. 0. 0. 0. 0. 0. 0. 0. 0. 0. 0. 1. 0. 0. 0.],500,100,0.3,0.0015,1,23,random,43,first
273,0.0002497580685795747,0.0002497580685795747,0.001646436973489807,[0.         0.         0.         0.         0.14938398 0.         0.         0.         0.         0.         0.         0.         0.         0.         0.         0.         0.         0.         0.         0.         0.         0.         0.         0.         0.         0.         0.         0.01       0.         0.         0.        ],[0. 0. 0. 0. 1. 0. 0. 0. 0. 0. 0. 0. 0. 0. 0. 0. 0. 0. 0. 0. 0. 0. 0. 0. 0. 0. 0. 1. 0. 0. 0.],500,100,0.3,0.0015,1,23,random,43,first
274,0.0002497580685795747,0.0002497580685795747,0.001646436973489807,[0.         0.         0.         0.         0.14938398 0.         0.         0.         0.         0.         0.         0.         0.         0.         0.         0.         0.         0.         0.         0.         0.         0.         0.         0.         0.         0.         0.         0.01       0.         0.         0.        ],[0. 0. 0. 0. 1. 0. 0. 0. 0. 0. 0. 0. 0. 0. 0. 0. 0. 0. 0. 0. 0. 0. 0. 0. 0. 0. 0. 1. 0. 0. 0.],500,100,0.3,0.0015,1,23,random,43,first
275,0.0002497580685795747,0.0002497580685795747,0.001646436973489807,[0.         0.         0.         0.         0.14938398 0.         0.         0.         0.         0.         0.         0.         0.         0.         0.         0.         0.         0.         0.         0.         0.         0.         0.         0.         0.         0.         0.         0.01       0.         0.         0.        ],[0. 0. 0. 0. 1. 0. 0. 0. 0. 0. 0. 0. 0. 0. 0. 0. 0. 0. 0. 0. 0. 0. 0. 0. 0. 0. 0. 1. 0. 0. 0.],500,100,0.3,0.0015,1,23,random,43,first
276,0.0002497580685795747,0.0002497580685795747,0.001646436973489807,[0.         0.         0.         0.         0.14938398 0.         0.         0.         0.         0.         0.         0.         0.         0.         0.         0.         0.         0.         0.         0.         0.         0.         0.         0.         0.         0.         0.         0.01       0.         0.         0.        ],[0. 0. 0. 0. 1. 0. 0. 0. 0. 0. 0. 0. 0. 0. 0. 0. 0. 0. 0. 0. 0. 0. 0. 0. 0. 0. 0. 1. 0. 0. 0.],500,100,0.3,0.0015,1,23,random,43,first
277,0.0002497580685795747,0.0002497580685795747,0.001646436973489807,[0.         0.         0.         0.         0.14938398 0.         0.         0.         0.         0.         0.         0.         0.         0.         0.         0.         0.         0.         0.         0.         0.         0.         0.         0.         0.         0.         0.         0.01       0.         0.         0.        ],[0. 0. 0. 0. 1. 0. 0. 0. 0. 0. 0. 0. 0. 0. 0. 0. 0. 0. 0. 0. 0. 0. 0. 0. 0. 0. 0. 1. 0. 0. 0.],500,100,0.3,0.0015,1,23,random,43,first
278,0.0002497580685795747,0.0002497580685795747,0.001646436973489807,[0.         0.         0.         0.         0.14938398 0.         0.         0.         0.         0.         0.         0.         0.         0.         0.         0.         0.         0.         0.         0.         0.         0.         0.         0.         0.         0.         0.         0.01       0.         0.         0.        ],[0. 0. 0. 0. 1. 0. 0. 0. 0. 0. 0. 0. 0. 0. 0. 0. 0. 0. 0. 0. 0. 0. 0. 0. 0. 0. 0. 1. 0. 0. 0.],500,100,0.3,0.0015,1,23,random,43,first
279,0.0002497580685795747,0.0002497580685795747,0.001646436973489807,[0.         0.         0.         0.         0.14938398 0.         0.         0.         0.         0.         0.         0.         0.         0.         0.         0.         0.         0.         0.         0.         0.         0.         0.         0.         0.         0.         0.         0.01       0.         0.         0.        ],[0. 0. 0. 0. 1. 0. 0. 0. 0. 0. 0. 0. 0. 0. 0. 0. 0. 0. 0. 0. 0. 0. 0. 0. 0. 0. 0. 1. 0. 0. 0.],500,100,0.3,0.0015,1,23,random,43,first
280,0.0002497580685795747,0.0002497580685795747,0.001646436973489807,[0.         0.         0.         0.         0.14938398 0.         0.         0.         0.         0.         0.         0.         0.         0.         0.         0.         0.         0.         0.         0.         0.         0.         0.         0.         0.         0.         0.         0.01       0.         0.         0.        ],[0. 0. 0. 0. 1. 0. 0. 0. 0. 0. 0. 0. 0. 0. 0. 0. 0. 0. 0. 0. 0. 0. 0. 0. 0. 0. 0. 1. 0. 0. 0.],500,100,0.3,0.0015,1,23,random,43,first
281,0.0002497580685795747,0.0002497580685795747,0.001646436973489807,[0.         0.         0.         0.         0.14938398 0.         0.         0.         0.         0.         0.         0.         0.         0.         0.         0.         0.         0.         0.         0.         0.         0.         0.         0.         0.         0.         0.         0.01       0.         0.         0.        ],[0. 0. 0. 0. 1. 0. 0. 0. 0. 0. 0. 0. 0. 0. 0. 0. 0. 0. 0. 0. 0. 0. 0. 0. 0. 0. 0. 1. 0. 0. 0.],500,100,0.3,0.0015,1,23,random,43,first
282,0.0002497580685795747,0.0002497580685795747,0.001646436973489807,[0.         0.         0.         0.         0.14938398 0.         0.         0.         0.         0.         0.         0.         0.         0.         0.         0.         0.         0.         0.         0.         0.         0.         0.         0.         0.         0.         0.         0.01       0.         0.         0.        ],[0. 0. 0. 0. 1. 0. 0. 0. 0. 0. 0. 0. 0. 0. 0. 0. 0. 0. 0. 0. 0. 0. 0. 0. 0. 0. 0. 1. 0. 0. 0.],500,100,0.3,0.0015,1,23,random,43,first
283,0.0002497580685795747,0.0002497580685795747,0.001646436973489807,[0.         0.         0.         0.         0.14938398 0.         0.         0.         0.         0.         0.         0.         0.         0.         0.         0.         0.         0.         0.         0.         0.         0.         0.         0.         0.         0.         0.         0.01       0.         0.         0.        ],[0. 0. 0. 0. 1. 0. 0. 0. 0. 0. 0. 0. 0. 0. 0. 0. 0. 0. 0. 0. 0. 0. 0. 0. 0. 0. 0. 1. 0. 0. 0.],500,100,0.3,0.0015,1,23,random,43,first
284,0.0002497580685795747,0.0002497580685795747,0.001646436973489807,[0.         0.         0.         0.         0.14938398 0.         0.         0.         0.         0.         0.         0.         0.         0.         0.         0.         0.         0.         0.         0.         0.         0.         0.         0.         0.         0.         0.         0.01       0.         0.         0.        ],[0. 0. 0. 0. 1. 0. 0. 0. 0. 0. 0. 0. 0. 0. 0. 0. 0. 0. 0. 0. 0. 0. 0. 0. 0. 0. 0. 1. 0. 0. 0.],500,100,0.3,0.0015,1,23,random,43,first
285,0.0002497580685795747,0.0002497580685795747,0.001646436973489807,[0.         0.         0.         0.         0.14938398 0.         0.         0.         0.         0.         0.         0.         0.         0.         0.         0.         0.         0.         0.         0.         0.         0.         0.         0.         0.         0.         0.         0.01       0.         0.         0.        ],[0. 0. 0. 0. 1. 0. 0. 0. 0. 0. 0. 0. 0. 0. 0. 0. 0. 0. 0. 0. 0. 0. 0. 0. 0. 0. 0. 1. 0. 0. 0.],500,100,0.3,0.0015,1,23,random,43,first
286,0.0002497580685795747,0.0002497580685795747,0.001646436973489807,[0.         0.         0.         0.         0.14938398 0.         0.         0.         0.         0.         0.         0.         0.         0.         0.         0.         0.         0.         0.         0.         0.         0.         0.         0.         0.         0.         0.         0.01       0.         0.         0.        ],[0. 0. 0. 0. 1. 0. 0. 0. 0. 0. 0. 0. 0. 0. 0. 0. 0. 0. 0. 0. 0. 0. 0. 0. 0. 0. 0. 1. 0. 0. 0.],500,100,0.3,0.0015,1,23,random,43,first
287,0.0002497580685795747,0.0002497580685795747,0.001646436973489807,[0.         0.         0.         0.         0.14938398 0.         0.         0.         0.         0.         0.         0.         0.         0.         0.         0.         0.         0.         0.         0.         0.         0.         0.         0.         0.         0.         0.         0.01       0.         0.         0.        ],[0. 0. 0. 0. 1. 0. 0. 0. 0. 0. 0. 0. 0. 0. 0. 0. 0. 0. 0. 0. 0. 0. 0. 0. 0. 0. 0. 1. 0. 0. 0.],500,100,0.3,0.0015,1,23,random,43,first
288,0.0002497580685795747,0.0002497580685795747,0.001646436973489807,[0.         0.         0.         0.         0.14938398 0.         0.         0.         0.         0.         0.         0.         0.         0.         0.         0.         0.         0.         0.         0.         0.         0.         0.         0.         0.         0.         0.         0.01       0.         0.         0.        ],[0. 0. 0. 0. 1. 0. 0. 0. 0. 0. 0. 0. 0. 0. 0. 0. 0. 0. 0. 0. 0. 0. 0. 0. 0. 0. 0. 1. 0. 0. 0.],500,100,0.3,0.0015,1,23,random,43,first
289,0.0002497580685795747,0.0002497580685795747,0.001646436973489807,[0.         0.         0.         0.         0.14938398 0.         0.         0.         0.         0.         0.         0.         0.         0.         0.         0.         0.         0.         0.         0.         0.         0.         0.         0.         0.         0.         0.         0.01       0.         0.         0.        ],[0. 0. 0. 0. 1. 0. 0. 0. 0. 0. 0. 0. 0. 0. 0. 0. 0. 0. 0. 0. 0. 0. 0. 0. 0. 0. 0. 1. 0. 0. 0.],500,100,0.3,0.0015,1,23,random,43,first
290,0.0002497580685795747,0.0002497580685795747,0.001646436973489807,[0.         0.         0.         0.         0.14938398 0.         0.         0.         0.         0.         0.         0.         0.         0.         0.         0.         0.         0.         0.         0.         0.         0.         0.         0.         0.         0.         0.         0.01       0.         0.         0.        ],[0. 0. 0. 0. 1. 0. 0. 0. 0. 0. 0. 0. 0. 0. 0. 0. 0. 0. 0. 0. 0. 0. 0. 0. 0. 0. 0. 1. 0. 0. 0.],500,100,0.3,0.0015,1,23,random,43,first
291,0.0002497580685795747,0.0002497580685795747,0.001646436973489807,[0.         0.         0.         0.         0.14938398 0.         0.         0.         0.         0.         0.         0.         0.         0.         0.         0.         0.         0.         0.         0.         0.         0.         0.         0.         0.         0.         0.         0.01       0.         0.         0.        ],[0. 0. 0. 0. 1. 0. 0. 0. 0. 0. 0. 0. 0. 0. 0. 0. 0. 0. 0. 0. 0. 0. 0. 0. 0. 0. 0. 1. 0. 0. 0.],500,100,0.3,0.0015,1,23,random,43,first
292,0.0002497580685795747,0.0002497580685795747,0.001646436973489807,[0.         0.         0.         0.         0.14938398 0.         0.         0.         0.         0.         0.         0.         0.         0.         0.         0.         0.         0.         0.         0.         0.         0.         0.         0.         0.         0.         0.         0.01       0.         0.         0.        ],[0. 0. 0. 0. 1. 0. 0. 0. 0. 0. 0. 0. 0. 0. 0. 0. 0. 0. 0. 0. 0. 0. 0. 0. 0. 0. 0. 1. 0. 0. 0.],500,100,0.3,0.0015,1,23,random,43,first
293,0.0002497580685795747,0.0002497580685795747,0.001646436973489807,[0.         0.         0.         0.         0.14938398 0.         0.         0.         0.         0.         0.         0.         0.         0.         0.         0.         0.         0.         0.         0.         0.         0.         0.         0.         0.         0.         0.         0.01       0.         0.         0.        ],[0. 0. 0. 0. 1. 0. 0. 0. 0. 0. 0. 0. 0. 0. 0. 0. 0. 0. 0. 0. 0. 0. 0. 0. 0. 0. 0. 1. 0. 0. 0.],500,100,0.3,0.0015,1,23,random,43,first
294,0.0002497580685795747,0.0002497580685795747,0.001646436973489807,[0.         0.         0.         0.         0.14938398 0.         0.         0.         0.         0.         0.         0.         0.         0.         0.         0.         0.         0.         0.         0.         0.         0.         0.         0.         0.         0.         0.         0.01       0.         0.         0.        ],[0. 0. 0. 0. 1. 0. 0. 0. 0. 0. 0. 0. 0. 0. 0. 0. 0. 0. 0. 0. 0. 0. 0. 0. 0. 0. 0. 1. 0. 0. 0.],500,100,0.3,0.0015,1,23,random,43,first
295,0.0002497580685795747,0.0002497580685795747,0.001646436973489807,[0.         0.         0.         0.         0.14938398 0.         0.         0.         0.         0.         0.         0.         0.         0.         0.         0.         0.         0.         0.         0.         0.         0.         0.         0.         0.         0.         0.         0.01       0.         0.         0.        ],[0. 0. 0. 0. 1. 0. 0. 0. 0. 0. 0. 0. 0. 0. 0. 0. 0. 0. 0. 0. 0. 0. 0. 0. 0. 0. 0. 1. 0. 0. 0.],500,100,0.3,0.0015,1,23,random,43,first
296,0.0002497580685795747,0.0002497580685795747,0.001646436973489807,[0.         0.         0.         0.         0.14938398 0.         0.         0.         0.         0.         0.         0.         0.         0.         0.         0.         0.         0.         0.         0.         0.         0.         0.         0.         0.         0.         0.         0.01       0.         0.         0.        ],[0. 0. 0. 0. 1. 0. 0. 0. 0. 0. 0. 0. 0. 0. 0. 0. 0. 0. 0. 0. 0. 0. 0. 0. 0. 0. 0. 1. 0. 0. 0.],500,100,0.3,0.0015,1,23,random,43,first
297,0.0002497580685795747,0.0002497580685795747,0.001646436973489807,[0.         0.         0.         0.         0.14938398 0.         0.         0.         0.         0.         0.         0.         0.         0.         0.         0.         0.         0.         0.         0.         0.         0.         0.         0.         0.         0.         0.         0.01       0.         0.         0.        ],[0. 0. 0. 0. 1. 0. 0. 0. 0. 0. 0. 0. 0. 0. 0. 0. 0. 0. 0. 0. 0. 0. 0. 0. 0. 0. 0. 1. 0. 0. 0.],500,100,0.3,0.0015,1,23,random,43,first
298,0.0002497580685795747,0.0002497580685795747,0.001646436973489807,[0.         0.         0.         0.         0.14938398 0.         0.         0.         0.         0.         0.         0.         0.         0.         0.         0.         0.         0.         0.         0.         0.         0.         0.         0.         0.         0.         0.         0.01       0.         0.         0.        ],[0. 0. 0. 0. 1. 0. 0. 0. 0. 0. 0. 0. 0. 0. 0. 0. 0. 0. 0. 0. 0. 0. 0. 0. 0. 0. 0. 1. 0. 0. 0.],500,100,0.3,0.0015,1,23,random,43,first
299,0.0002497580685795747,0.0002497580685795747,0.001646436973489807,[0.         0.         0.         0.         0.14938398 0.         0.         0.         0.         0.         0.         0.         0.         0.         0.         0.         0.         0.         0.         0.         0.         0.         0.         0.         0.         0.         0.         0.01       0.         0.         0.        ],[0. 0. 0. 0. 1. 0. 0. 0. 0. 0. 0. 0. 0. 0. 0. 0. 0. 0. 0. 0. 0. 0. 0. 0. 0. 0. 0. 1. 0. 0. 0.],500,100,0.3,0.0015,1,23,random,43,first
300,0.0002497580685795747,0.0002497580685795747,0.001646436973489807,[0.         0.         0.         0.         0.14938398 0.         0.         0.         0.         0.         0.         0.         0.         0.         0.         0.         0.         0.         0.         0.         0.         0.         0.         0.         0.         0.         0.         0.01       0.         0.         0.        ],[0. 0. 0. 0. 1. 0. 0. 0. 0. 0. 0. 0. 0. 0. 0. 0. 0. 0. 0. 0. 0. 0. 0. 0. 0. 0. 0. 1. 0. 0. 0.],500,100,0.3,0.0015,1,23,random,43,first
301,0.0002497580685795747,0.0002497580685795747,0.001646436973489807,[0.         0.         0.         0.         0.14938398 0.         0.         0.         0.         0.         0.         0.         0.         0.         0.         0.         0.         0.         0.         0.         0.         0.         0.         0.         0.         0.         0.         0.01       0.         0.         0.        ],[0. 0. 0. 0. 1. 0. 0. 0. 0. 0. 0. 0. 0. 0. 0. 0. 0. 0. 0. 0. 0. 0. 0. 0. 0. 0. 0. 1. 0. 0. 0.],500,100,0.3,0.0015,1,23,random,43,first
302,0.0002497580685795747,0.0002497580685795747,0.001646436973489807,[0.         0.         0.         0.         0.14938398 0.         0.         0.         0.         0.         0.         0.         0.         0.         0.         0.         0.         0.         0.         0.         0.         0.         0.         0.         0.         0.         0.         0.01       0.         0.         0.        ],[0. 0. 0. 0. 1. 0. 0. 0. 0. 0. 0. 0. 0. 0. 0. 0. 0. 0. 0. 0. 0. 0. 0. 0. 0. 0. 0. 1. 0. 0. 0.],500,100,0.3,0.0015,1,23,random,43,first
303,0.0002497580685795747,0.0002497580685795747,0.001646436973489807,[0.         0.         0.         0.         0.14938398 0.         0.         0.         0.         0.         0.         0.         0.         0.         0.         0.         0.         0.         0.         0.         0.         0.         0.         0.         0.         0.         0.         0.01       0.         0.         0.        ],[0. 0. 0. 0. 1. 0. 0. 0. 0. 0. 0. 0. 0. 0. 0. 0. 0. 0. 0. 0. 0. 0. 0. 0. 0. 0. 0. 1. 0. 0. 0.],500,100,0.3,0.0015,1,23,random,43,first
304,0.0002497580685795747,0.0002497580685795747,0.001646436973489807,[0.         0.         0.         0.         0.14938398 0.         0.         0.         0.         0.         0.         0.         0.         0.         0.         0.         0.         0.         0.         0.         0.         0.         0.         0.         0.         0.         0.         0.01       0.         0.         0.        ],[0. 0. 0. 0. 1. 0. 0. 0. 0. 0. 0. 0. 0. 0. 0. 0. 0. 0. 0. 0. 0. 0. 0. 0. 0. 0. 0. 1. 0. 0. 0.],500,100,0.3,0.0015,1,23,random,43,first
305,0.0002497580685795747,0.0002497580685795747,0.001646436973489807,[0.         0.         0.         0.         0.14938398 0.         0.         0.         0.         0.         0.         0.         0.         0.         0.         0.         0.         0.         0.         0.         0.         0.         0.         0.         0.         0.         0.         0.01       0.         0.         0.        ],[0. 0. 0. 0. 1. 0. 0. 0. 0. 0. 0. 0. 0. 0. 0. 0. 0. 0. 0. 0. 0. 0. 0. 0. 0. 0. 0. 1. 0. 0. 0.],500,100,0.3,0.0015,1,23,random,43,first
306,0.0002497580685795747,0.0002497580685795747,0.001646436973489807,[0.         0.         0.         0.         0.14938398 0.         0.         0.         0.         0.         0.         0.         0.         0.         0.         0.         0.         0.         0.         0.         0.         0.         0.         0.         0.         0.         0.         0.01       0.         0.         0.        ],[0. 0. 0. 0. 1. 0. 0. 0. 0. 0. 0. 0. 0. 0. 0. 0. 0. 0. 0. 0. 0. 0. 0. 0. 0. 0. 0. 1. 0. 0. 0.],500,100,0.3,0.0015,1,23,random,43,first
307,0.0002497580685795747,0.0002497580685795747,0.001646436973489807,[0.         0.         0.         0.         0.14938398 0.         0.         0.         0.         0.         0.         0.         0.         0.         0.         0.         0.         0.         0.         0.         0.         0.         0.         0.         0.         0.         0.         0.01       0.         0.         0.        ],[0. 0. 0. 0. 1. 0. 0. 0. 0. 0. 0. 0. 0. 0. 0. 0. 0. 0. 0. 0. 0. 0. 0. 0. 0. 0. 0. 1. 0. 0. 0.],500,100,0.3,0.0015,1,23,random,43,first
308,0.0002497580685795747,0.0002497580685795747,0.001646436973489807,[0.         0.         0.         0.         0.14938398 0.         0.         0.         0.         0.         0.         0.         0.         0.         0.         0.         0.         0.         0.         0.         0.         0.         0.         0.         0.         0.         0.         0.01       0.         0.         0.        ],[0. 0. 0. 0. 1. 0. 0. 0. 0. 0. 0. 0. 0. 0. 0. 0. 0. 0. 0. 0. 0. 0. 0. 0. 0. 0. 0. 1. 0. 0. 0.],500,100,0.3,0.0015,1,23,random,43,first
309,0.0002497580685795747,0.0002497580685795747,0.001646436973489807,[0.         0.         0.         0.         0.14938398 0.         0.         0.         0.         0.         0.         0.         0.         0.         0.         0.         0.         0.         0.         0.         0.         0.         0.         0.         0.         0.         0.         0.01       0.         0.         0.        ],[0. 0. 0. 0. 1. 0. 0. 0. 0. 0. 0. 0. 0. 0. 0. 0. 0. 0. 0. 0. 0. 0. 0. 0. 0. 0. 0. 1. 0. 0. 0.],500,100,0.3,0.0015,1,23,random,43,first
310,0.0002497580685795747,0.0002497580685795747,0.001646436973489807,[0.         0.         0.         0.         0.14938398 0.         0.         0.         0.         0.         0.         0.         0.         0.         0.         0.         0.         0.         0.         0.         0.         0.         0.         0.         0.         0.         0.         0.01       0.         0.         0.        ],[0. 0. 0. 0. 1. 0. 0. 0. 0. 0. 0. 0. 0. 0. 0. 0. 0. 0. 0. 0. 0. 0. 0. 0. 0. 0. 0. 1. 0. 0. 0.],500,100,0.3,0.0015,1,23,random,43,first
311,0.0002497580685795747,0.0002497580685795747,0.001646436973489807,[0.         0.         0.         0.         0.14938398 0.         0.         0.         0.         0.         0.         0.         0.         0.         0.         0.         0.         0.         0.         0.         0.         0.         0.         0.         0.         0.         0.         0.01       0.         0.         0.        ],[0. 0. 0. 0. 1. 0. 0. 0. 0. 0. 0. 0. 0. 0. 0. 0. 0. 0. 0. 0. 0. 0. 0. 0. 0. 0. 0. 1. 0. 0. 0.],500,100,0.3,0.0015,1,23,random,43,first
312,0.0002497580685795747,0.0002497580685795747,0.001646436973489807,[0.         0.         0.         0.         0.14938398 0.         0.         0.         0.         0.         0.         0.         0.         0.         0.         0.         0.         0.         0.         0.         0.         0.         0.         0.         0.         0.         0.         0.01       0.         0.         0.        ],[0. 0. 0. 0. 1. 0. 0. 0. 0. 0. 0. 0. 0. 0. 0. 0. 0. 0. 0. 0. 0. 0. 0. 0. 0. 0. 0. 1. 0. 0. 0.],500,100,0.3,0.0015,1,23,random,43,first
313,0.0002497580685795747,0.0002497580685795747,0.001646436973489807,[0.         0.         0.         0.         0.14938398 0.         0.         0.         0.         0.         0.         0.         0.         0.         0.         0.         0.         0.         0.         0.         0.         0.         0.         0.         0.         0.         0.         0.01       0.         0.         0.        ],[0. 0. 0. 0. 1. 0. 0. 0. 0. 0. 0. 0. 0. 0. 0. 0. 0. 0. 0. 0. 0. 0. 0. 0. 0. 0. 0. 1. 0. 0. 0.],500,100,0.3,0.0015,1,23,random,43,first
314,0.0002497580685795747,0.0002497580685795747,0.001646436973489807,[0.         0.         0.         0.         0.14938398 0.         0.         0.         0.         0.         0.         0.         0.         0.         0.         0.         0.         0.         0.         0.         0.         0.         0.         0.         0.         0.         0.         0.01       0.         0.         0.        ],[0. 0. 0. 0. 1. 0. 0. 0. 0. 0. 0. 0. 0. 0. 0. 0. 0. 0. 0. 0. 0. 0. 0. 0. 0. 0. 0. 1. 0. 0. 0.],500,100,0.3,0.0015,1,23,random,43,first
315,0.0002497580685795747,0.0002497580685795747,0.001646436973489807,[0.         0.         0.         0.         0.14938398 0.         0.         0.         0.         0.         0.         0.         0.         0.         0.         0.         0.         0.         0.         0.         0.         0.         0.         0.         0.         0.         0.         0.01       0.         0.         0.        ],[0. 0. 0. 0. 1. 0. 0. 0. 0. 0. 0. 0. 0. 0. 0. 0. 0. 0. 0. 0. 0. 0. 0. 0. 0. 0. 0. 1. 0. 0. 0.],500,100,0.3,0.0015,1,23,random,43,first
316,0.0002497580685795747,0.0002497580685795747,0.001646436973489807,[0.         0.         0.         0.         0.14938398 0.         0.         0.         0.         0.         0.         0.         0.         0.         0.         0.         0.         0.         0.         0.         0.         0.         0.         0.         0.         0.         0.         0.01       0.         0.         0.        ],[0. 0. 0. 0. 1. 0. 0. 0. 0. 0. 0. 0. 0. 0. 0. 0. 0. 0. 0. 0. 0. 0. 0. 0. 0. 0. 0. 1. 0. 0. 0.],500,100,0.3,0.0015,1,23,random,43,first
317,0.0002497580685795747,0.0002497580685795747,0.001646436973489807,[0.         0.         0.         0.         0.14938398 0.         0.         0.         0.         0.         0.         0.         0.         0.         0.         0.         0.         0.         0.         0.         0.         0.         0.         0.         0.         0.         0.         0.01       0.         0.         0.        ],[0. 0. 0. 0. 1. 0. 0. 0. 0. 0. 0. 0. 0. 0. 0. 0. 0. 0. 0. 0. 0. 0. 0. 0. 0. 0. 0. 1. 0. 0. 0.],500,100,0.3,0.0015,1,23,random,43,first
318,0.0002497580685795747,0.0002497580685795747,0.001646436973489807,[0.         0.         0.         0.         0.14938398 0.         0.         0.         0.         0.         0.         0.         0.         0.         0.         0.         0.         0.         0.         0.         0.         0.         0.         0.         0.         0.         0.         0.01       0.         0.         0.        ],[0. 0. 0. 0. 1. 0. 0. 0. 0. 0. 0. 0. 0. 0. 0. 0. 0. 0. 0. 0. 0. 0. 0. 0. 0. 0. 0. 1. 0. 0. 0.],500,100,0.3,0.0015,1,23,random,43,first
319,0.0002497580685795747,0.0002497580685795747,0.001646436973489807,[0.         0.         0.         0.         0.14938398 0.         0.         0.         0.         0.         0.         0.         0.         0.         0.         0.         0.         0.         0.         0.         0.         0.         0.         0.         0.         0.         0.         0.01       0.         0.         0.        ],[0. 0. 0. 0. 1. 0. 0. 0. 0. 0. 0. 0. 0. 0. 0. 0. 0. 0. 0. 0. 0. 0. 0. 0. 0. 0. 0. 1. 0. 0. 0.],500,100,0.3,0.0015,1,23,random,43,first
320,0.0002497580685795747,0.0002497580685795747,0.001646436973489807,[0.         0.         0.         0.         0.14938398 0.         0.         0.         0.         0.         0.         0.         0.         0.         0.         0.         0.         0.         0.         0.         0.         0.         0.         0.         0.         0.         0.         0.01       0.         0.         0.        ],[0. 0. 0. 0. 1. 0. 0. 0. 0. 0. 0. 0. 0. 0. 0. 0. 0. 0. 0. 0. 0. 0. 0. 0. 0. 0. 0. 1. 0. 0. 0.],500,100,0.3,0.0015,1,23,random,43,first
321,0.0002497580685795747,0.0002497580685795747,0.001646436973489807,[0.         0.         0.         0.         0.14938398 0.         0.         0.         0.         0.         0.         0.         0.         0.         0.         0.         0.         0.         0.         0.         0.         0.         0.         0.         0.         0.         0.         0.01       0.         0.         0.        ],[0. 0. 0. 0. 1. 0. 0. 0. 0. 0. 0. 0. 0. 0. 0. 0. 0. 0. 0. 0. 0. 0. 0. 0. 0. 0. 0. 1. 0. 0. 0.],500,100,0.3,0.0015,1,23,random,43,first
322,0.0002497580685795747,0.0002497580685795747,0.001646436973489807,[0.         0.         0.         0.         0.14938398 0.         0.         0.         0.         0.         0.         0.         0.         0.         0.         0.         0.         0.         0.         0.         0.         0.         0.         0.         0.         0.         0.         0.01       0.         0.         0.        ],[0. 0. 0. 0. 1. 0. 0. 0. 0. 0. 0. 0. 0. 0. 0. 0. 0. 0. 0. 0. 0. 0. 0. 0. 0. 0. 0. 1. 0. 0. 0.],500,100,0.3,0.0015,1,23,random,43,first
323,0.0002497580685795747,0.0002497580685795747,0.001646436973489807,[0.         0.         0.         0.         0.14938398 0.         0.         0.         0.         0.         0.         0.         0.         0.         0.         0.         0.         0.         0.         0.         0.         0.         0.         0.         0.         0.         0.         0.01       0.         0.         0.        ],[0. 0. 0. 0. 1. 0. 0. 0. 0. 0. 0. 0. 0. 0. 0. 0. 0. 0. 0. 0. 0. 0. 0. 0. 0. 0. 0. 1. 0. 0. 0.],500,100,0.3,0.0015,1,23,random,43,first
324,0.0002497580685795747,0.0002497580685795747,0.001646436973489807,[0.         0.         0.         0.         0.14938398 0.         0.         0.         0.         0.         0.         0.         0.         0.         0.         0.         0.         0.         0.         0.         0.         0.         0.         0.         0.         0.         0.         0.01       0.         0.         0.        ],[0. 0. 0. 0. 1. 0. 0. 0. 0. 0. 0. 0. 0. 0. 0. 0. 0. 0. 0. 0. 0. 0. 0. 0. 0. 0. 0. 1. 0. 0. 0.],500,100,0.3,0.0015,1,23,random,43,first
325,0.0002497580685795747,0.0002497580685795747,0.001646436973489807,[0.         0.         0.         0.         0.14938398 0.         0.         0.         0.         0.         0.         0.         0.         0.         0.         0.         0.         0.         0.         0.         0.         0.         0.         0.         0.         0.         0.         0.01       0.         0.         0.        ],[0. 0. 0. 0. 1. 0. 0. 0. 0. 0. 0. 0. 0. 0. 0. 0. 0. 0. 0. 0. 0. 0. 0. 0. 0. 0. 0. 1. 0. 0. 0.],500,100,0.3,0.0015,1,23,random,43,first
326,0.0002497580685795747,0.0002497580685795747,0.001646436973489807,[0.         0.         0.         0.         0.14938398 0.         0.         0.         0.         0.         0.         0.         0.         0.         0.         0.         0.         0.         0.         0.         0.         0.         0.         0.         0.         0.         0.         0.01       0.         0.         0.        ],[0. 0. 0. 0. 1. 0. 0. 0. 0. 0. 0. 0. 0. 0. 0. 0. 0. 0. 0. 0. 0. 0. 0. 0. 0. 0. 0. 1. 0. 0. 0.],500,100,0.3,0.0015,1,23,random,43,first
327,0.0002497580685795747,0.0002497580685795747,0.001646436973489807,[0.         0.         0.         0.         0.14938398 0.         0.         0.         0.         0.         0.         0.         0.         0.         0.         0.         0.         0.         0.         0.         0.         0.         0.         0.         0.         0.         0.         0.01       0.         0.         0.        ],[0. 0. 0. 0. 1. 0. 0. 0. 0. 0. 0. 0. 0. 0. 0. 0. 0. 0. 0. 0. 0. 0. 0. 0. 0. 0. 0. 1. 0. 0. 0.],500,100,0.3,0.0015,1,23,random,43,first
328,0.0002497580685795747,0.0002497580685795747,0.001646436973489807,[0.         0.         0.         0.         0.14938398 0.         0.         0.         0.         0.         0.         0.         0.         0.         0.         0.         0.         0.         0.         0.         0.         0.         0.         0.         0.         0.         0.         0.01       0.         0.         0.        ],[0. 0. 0. 0. 1. 0. 0. 0. 0. 0. 0. 0. 0. 0. 0. 0. 0. 0. 0. 0. 0. 0. 0. 0. 0. 0. 0. 1. 0. 0. 0.],500,100,0.3,0.0015,1,23,random,43,first
329,0.0002497580685795747,0.0002497580685795747,0.001646436973489807,[0.         0.         0.         0.         0.14938398 0.         0.         0.         0.         0.         0.         0.         0.         0.         0.         0.         0.         0.         0.         0.         0.         0.         0.         0.         0.         0.         0.         0.01       0.         0.         0.        ],[0. 0. 0. 0. 1. 0. 0. 0. 0. 0. 0. 0. 0. 0. 0. 0. 0. 0. 0. 0. 0. 0. 0. 0. 0. 0. 0. 1. 0. 0. 0.],500,100,0.3,0.0015,1,23,random,43,first
330,0.0002497580685795747,0.0002497580685795747,0.001646436973489807,[0.         0.         0.         0.         0.14938398 0.         0.         0.         0.         0.         0.         0.         0.         0.         0.         0.         0.         0.         0.         0.         0.         0.         0.         0.         0.         0.         0.         0.01       0.         0.         0.        ],[0. 0. 0. 0. 1. 0. 0. 0. 0. 0. 0. 0. 0. 0. 0. 0. 0. 0. 0. 0. 0. 0. 0. 0. 0. 0. 0. 1. 0. 0. 0.],500,100,0.3,0.0015,1,23,random,43,first
331,0.0002497580685795747,0.0002497580685795747,0.001646436973489807,[0.         0.         0.         0.         0.14938398 0.         0.         0.         0.         0.         0.         0.         0.         0.         0.         0.         0.         0.         0.         0.         0.         0.         0.         0.         0.         0.         0.         0.01       0.         0.         0.        ],[0. 0. 0. 0. 1. 0. 0. 0. 0. 0. 0. 0. 0. 0. 0. 0. 0. 0. 0. 0. 0. 0. 0. 0. 0. 0. 0. 1. 0. 0. 0.],500,100,0.3,0.0015,1,23,random,43,first
332,0.0002497580685795747,0.0002497580685795747,0.001646436973489807,[0.         0.         0.         0.         0.14938398 0.         0.         0.         0.         0.         0.         0.         0.         0.         0.         0.         0.         0.         0.         0.         0.         0.         0.         0.         0.         0.         0.         0.01       0.         0.         0.        ],[0. 0. 0. 0. 1. 0. 0. 0. 0. 0. 0. 0. 0. 0. 0. 0. 0. 0. 0. 0. 0. 0. 0. 0. 0. 0. 0. 1. 0. 0. 0.],500,100,0.3,0.0015,1,23,random,43,first
333,0.0002497580685795747,0.0002497580685795747,0.001646436973489807,[0.         0.         0.         0.         0.14938398 0.         0.         0.         0.         0.         0.         0.         0.         0.         0.         0.         0.         0.         0.         0.         0.         0.         0.         0.         0.         0.         0.         0.01       0.         0.         0.        ],[0. 0. 0. 0. 1. 0. 0. 0. 0. 0. 0. 0. 0. 0. 0. 0. 0. 0. 0. 0. 0. 0. 0. 0. 0. 0. 0. 1. 0. 0. 0.],500,100,0.3,0.0015,1,23,random,43,first
334,0.0002497580685795747,0.0002497580685795747,0.001646436973489807,[0.         0.         0.         0.         0.14938398 0.         0.         0.         0.         0.         0.         0.         0.         0.         0.         0.         0.         0.         0.         0.         0.         0.         0.         0.         0.         0.         0.         0.01       0.         0.         0.        ],[0. 0. 0. 0. 1. 0. 0. 0. 0. 0. 0. 0. 0. 0. 0. 0. 0. 0. 0. 0. 0. 0. 0. 0. 0. 0. 0. 1. 0. 0. 0.],500,100,0.3,0.0015,1,23,random,43,first
335,0.0002497580685795747,0.0002497580685795747,0.001646436973489807,[0.         0.         0.         0.         0.14938398 0.         0.         0.         0.         0.         0.         0.         0.         0.         0.         0.         0.         0.         0.         0.         0.         0.         0.         0.         0.         0.         0.         0.01       0.         0.         0.        ],[0. 0. 0. 0. 1. 0. 0. 0. 0. 0. 0. 0. 0. 0. 0. 0. 0. 0. 0. 0. 0. 0. 0. 0. 0. 0. 0. 1. 0. 0. 0.],500,100,0.3,0.0015,1,23,random,43,first
336,0.0002497580685795747,0.0002497580685795747,0.001646436973489807,[0.         0.         0.         0.         0.14938398 0.         0.         0.         0.         0.         0.         0.         0.         0.         0.         0.         0.         0.         0.         0.         0.         0.         0.         0.         0.         0.         0.         0.01       0.         0.         0.        ],[0. 0. 0. 0. 1. 0. 0. 0. 0. 0. 0. 0. 0. 0. 0. 0. 0. 0. 0. 0. 0. 0. 0. 0. 0. 0. 0. 1. 0. 0. 0.],500,100,0.3,0.0015,1,23,random,43,first
337,0.0002497580685795747,0.0002497580685795747,0.001646436973489807,[0.         0.         0.         0.         0.14938398 0.         0.         0.         0.         0.         0.         0.         0.         0.         0.         0.         0.         0.         0.         0.         0.         0.         0.         0.         0.         0.         0.         0.01       0.         0.         0.        ],[0. 0. 0. 0. 1. 0. 0. 0. 0. 0. 0. 0. 0. 0. 0. 0. 0. 0. 0. 0. 0. 0. 0. 0. 0. 0. 0. 1. 0. 0. 0.],500,100,0.3,0.0015,1,23,random,43,first
338,0.0002497580685795747,0.0002497580685795747,0.001646436973489807,[0.         0.         0.         0.         0.14938398 0.         0.         0.         0.         0.         0.         0.         0.         0.         0.         0.         0.         0.         0.         0.         0.         0.         0.         0.         0.         0.         0.         0.01       0.         0.         0.        ],[0. 0. 0. 0. 1. 0. 0. 0. 0. 0. 0. 0. 0. 0. 0. 0. 0. 0. 0. 0. 0. 0. 0. 0. 0. 0. 0. 1. 0. 0. 0.],500,100,0.3,0.0015,1,23,random,43,first
339,0.0002497580685795747,0.0002497580685795747,0.001646436973489807,[0.         0.         0.         0.         0.14938398 0.         0.         0.         0.         0.         0.         0.         0.         0.         0.         0.         0.         0.         0.         0.         0.         0.         0.         0.         0.         0.         0.         0.01       0.         0.         0.        ],[0. 0. 0. 0. 1. 0. 0. 0. 0. 0. 0. 0. 0. 0. 0. 0. 0. 0. 0. 0. 0. 0. 0. 0. 0. 0. 0. 1. 0. 0. 0.],500,100,0.3,0.0015,1,23,random,43,first
340,0.0002497580685795747,0.0002497580685795747,0.001646436973489807,[0.         0.         0.         0.         0.14938398 0.         0.         0.         0.         0.         0.         0.         0.         0.         0.         0.         0.         0.         0.         0.         0.         0.         0.         0.         0.         0.         0.         0.01       0.         0.         0.        ],[0. 0. 0. 0. 1. 0. 0. 0. 0. 0. 0. 0. 0. 0. 0. 0. 0. 0. 0. 0. 0. 0. 0. 0. 0. 0. 0. 1. 0. 0. 0.],500,100,0.3,0.0015,1,23,random,43,first
341,0.0002497580685795747,0.0002497580685795747,0.001646436973489807,[0.         0.         0.         0.         0.14938398 0.         0.         0.         0.         0.         0.         0.         0.         0.         0.         0.         0.         0.         0.         0.         0.         0.         0.         0.         0.         0.         0.         0.01       0.         0.         0.        ],[0. 0. 0. 0. 1. 0. 0. 0. 0. 0. 0. 0. 0. 0. 0. 0. 0. 0. 0. 0. 0. 0. 0. 0. 0. 0. 0. 1. 0. 0. 0.],500,100,0.3,0.0015,1,23,random,43,first
342,0.0002497580685795747,0.0002497580685795747,0.001646436973489807,[0.         0.         0.         0.         0.14938398 0.         0.         0.         0.         0.         0.         0.         0.         0.         0.         0.         0.         0.         0.         0.         0.         0.         0.         0.         0.         0.         0.         0.01       0.         0.         0.        ],[0. 0. 0. 0. 1. 0. 0. 0. 0. 0. 0. 0. 0. 0. 0. 0. 0. 0. 0. 0. 0. 0. 0. 0. 0. 0. 0. 1. 0. 0. 0.],500,100,0.3,0.0015,1,23,random,43,first
343,0.0002497580685795747,0.0002497580685795747,0.001646436973489807,[0.         0.         0.         0.         0.14938398 0.         0.         0.         0.         0.         0.         0.         0.         0.         0.         0.         0.         0.         0.         0.         0.         0.         0.         0.         0.         0.         0.         0.01       0.         0.         0.        ],[0. 0. 0. 0. 1. 0. 0. 0. 0. 0. 0. 0. 0. 0. 0. 0. 0. 0. 0. 0. 0. 0. 0. 0. 0. 0. 0. 1. 0. 0. 0.],500,100,0.3,0.0015,1,23,random,43,first
344,0.0002497580685795747,0.0002497580685795747,0.001646436973489807,[0.         0.         0.         0.         0.14938398 0.         0.         0.         0.         0.         0.         0.         0.         0.         0.         0.         0.         0.         0.         0.         0.         0.         0.         0.         0.         0.         0.         0.01       0.         0.         0.        ],[0. 0. 0. 0. 1. 0. 0. 0. 0. 0. 0. 0. 0. 0. 0. 0. 0. 0. 0. 0. 0. 0. 0. 0. 0. 0. 0. 1. 0. 0. 0.],500,100,0.3,0.0015,1,23,random,43,first
345,0.0002497580685795747,0.0002497580685795747,0.001646436973489807,[0.         0.         0.         0.         0.14938398 0.         0.         0.         0.         0.         0.         0.         0.         0.         0.         0.         0.         0.         0.         0.         0.         0.         0.         0.         0.         0.         0.         0.01       0.         0.         0.        ],[0. 0. 0. 0. 1. 0. 0. 0. 0. 0. 0. 0. 0. 0. 0. 0. 0. 0. 0. 0. 0. 0. 0. 0. 0. 0. 0. 1. 0. 0. 0.],500,100,0.3,0.0015,1,23,random,43,first
346,0.0002497580685795747,0.0002497580685795747,0.001646436973489807,[0.         0.         0.         0.         0.14938398 0.         0.         0.         0.         0.         0.         0.         0.         0.         0.         0.         0.         0.         0.         0.         0.         0.         0.         0.         0.         0.         0.         0.01       0.         0.         0.        ],[0. 0. 0. 0. 1. 0. 0. 0. 0. 0. 0. 0. 0. 0. 0. 0. 0. 0. 0. 0. 0. 0. 0. 0. 0. 0. 0. 1. 0. 0. 0.],500,100,0.3,0.0015,1,23,random,43,first
347,0.0002497580685795747,0.0002497580685795747,0.001646436973489807,[0.         0.         0.         0.         0.14938398 0.         0.         0.         0.         0.         0.         0.         0.         0.         0.         0.         0.         0.         0.         0.         0.         0.         0.         0.         0.         0.         0.         0.01       0.         0.         0.        ],[0. 0. 0. 0. 1. 0. 0. 0. 0. 0. 0. 0. 0. 0. 0. 0. 0. 0. 0. 0. 0. 0. 0. 0. 0. 0. 0. 1. 0. 0. 0.],500,100,0.3,0.0015,1,23,random,43,first
348,0.0002497580685795747,0.0002497580685795747,0.001646436973489807,[0.         0.         0.         0.         0.14938398 0.         0.         0.         0.         0.         0.         0.         0.         0.         0.         0.         0.         0.         0.         0.         0.         0.         0.         0.         0.         0.         0.         0.01       0.         0.         0.        ],[0. 0. 0. 0. 1. 0. 0. 0. 0. 0. 0. 0. 0. 0. 0. 0. 0. 0. 0. 0. 0. 0. 0. 0. 0. 0. 0. 1. 0. 0. 0.],500,100,0.3,0.0015,1,23,random,43,first
349,0.0002497580685795747,0.0002497580685795747,0.001646436973489807,[0.         0.         0.         0.         0.14938398 0.         0.         0.         0.         0.         0.         0.         0.         0.         0.         0.         0.         0.         0.         0.         0.         0.         0.         0.         0.         0.         0.         0.01       0.         0.         0.        ],[0. 0. 0. 0. 1. 0. 0. 0. 0. 0. 0. 0. 0. 0. 0. 0. 0. 0. 0. 0. 0. 0. 0. 0. 0. 0. 0. 1. 0. 0. 0.],500,100,0.3,0.0015,1,23,random,43,first
350,0.0002497580685795747,0.0002497580685795747,0.001646436973489807,[0.         0.         0.         0.         0.14938398 0.         0.         0.         0.         0.         0.         0.         0.         0.         0.         0.         0.         0.         0.         0.         0.         0.         0.         0.         0.         0.         0.         0.01       0.         0.         0.        ],[0. 0. 0. 0. 1. 0. 0. 0. 0. 0. 0. 0. 0. 0. 0. 0. 0. 0. 0. 0. 0. 0. 0. 0. 0. 0. 0. 1. 0. 0. 0.],500,100,0.3,0.0015,1,23,random,43,first
351,0.0002497580685795747,0.0002497580685795747,0.001646436973489807,[0.         0.         0.         0.         0.14938398 0.         0.         0.         0.         0.         0.         0.         0.         0.         0.         0.         0.         0.         0.         0.         0.         0.         0.         0.         0.         0.         0.         0.01       0.         0.         0.        ],[0. 0. 0. 0. 1. 0. 0. 0. 0. 0. 0. 0. 0. 0. 0. 0. 0. 0. 0. 0. 0. 0. 0. 0. 0. 0. 0. 1. 0. 0. 0.],500,100,0.3,0.0015,1,23,random,43,first
352,0.0002497580685795747,0.0002497580685795747,0.001646436973489807,[0.         0.         0.         0.         0.14938398 0.         0.         0.         0.         0.         0.         0.         0.         0.         0.         0.         0.         0.         0.         0.         0.         0.         0.         0.         0.         0.         0.         0.01       0.         0.         0.        ],[0. 0. 0. 0. 1. 0. 0. 0. 0. 0. 0. 0. 0. 0. 0. 0. 0. 0. 0. 0. 0. 0. 0. 0. 0. 0. 0. 1. 0. 0. 0.],500,100,0.3,0.0015,1,23,random,43,first
353,0.0002497580685795747,0.0002497580685795747,0.001646436973489807,[0.         0.         0.         0.         0.14938398 0.         0.         0.         0.         0.         0.         0.         0.         0.         0.         0.         0.         0.         0.         0.         0.         0.         0.         0.         0.         0.         0.         0.01       0.         0.         0.        ],[0. 0. 0. 0. 1. 0. 0. 0. 0. 0. 0. 0. 0. 0. 0. 0. 0. 0. 0. 0. 0. 0. 0. 0. 0. 0. 0. 1. 0. 0. 0.],500,100,0.3,0.0015,1,23,random,43,first
354,0.0002497580685795747,0.0002497580685795747,0.001646436973489807,[0.         0.         0.         0.         0.14938398 0.         0.         0.         0.         0.         0.         0.         0.         0.         0.         0.         0.         0.         0.         0.         0.         0.         0.         0.         0.         0.         0.         0.01       0.         0.         0.        ],[0. 0. 0. 0. 1. 0. 0. 0. 0. 0. 0. 0. 0. 0. 0. 0. 0. 0. 0. 0. 0. 0. 0. 0. 0. 0. 0. 1. 0. 0. 0.],500,100,0.3,0.0015,1,23,random,43,first
355,0.0002497580685795747,0.0002497580685795747,0.001646436973489807,[0.         0.         0.         0.         0.14938398 0.         0.         0.         0.         0.         0.         0.         0.         0.         0.         0.         0.         0.         0.         0.         0.         0.         0.         0.         0.         0.         0.         0.01       0.         0.         0.        ],[0. 0. 0. 0. 1. 0. 0. 0. 0. 0. 0. 0. 0. 0. 0. 0. 0. 0. 0. 0. 0. 0. 0. 0. 0. 0. 0. 1. 0. 0. 0.],500,100,0.3,0.0015,1,23,random,43,first
356,0.0002497580685795747,0.0002497580685795747,0.001646436973489807,[0.         0.         0.         0.         0.14938398 0.         0.         0.         0.         0.         0.         0.         0.         0.         0.         0.         0.         0.         0.         0.         0.         0.         0.         0.         0.         0.         0.         0.01       0.         0.         0.        ],[0. 0. 0. 0. 1. 0. 0. 0. 0. 0. 0. 0. 0. 0. 0. 0. 0. 0. 0. 0. 0. 0. 0. 0. 0. 0. 0. 1. 0. 0. 0.],500,100,0.3,0.0015,1,23,random,43,first
357,0.0002497580685795747,0.0002497580685795747,0.001646436973489807,[0.         0.         0.         0.         0.14938398 0.         0.         0.         0.         0.         0.         0.         0.         0.         0.         0.         0.         0.         0.         0.         0.         0.         0.         0.         0.         0.         0.         0.01       0.         0.         0.        ],[0. 0. 0. 0. 1. 0. 0. 0. 0. 0. 0. 0. 0. 0. 0. 0. 0. 0. 0. 0. 0. 0. 0. 0. 0. 0. 0. 1. 0. 0. 0.],500,100,0.3,0.0015,1,23,random,43,first
358,0.0002497580685795747,0.0002497580685795747,0.001646436973489807,[0.         0.         0.         0.         0.14938398 0.         0.         0.         0.         0.         0.         0.         0.         0.         0.         0.         0.         0.         0.         0.         0.         0.         0.         0.         0.         0.         0.         0.01       0.         0.         0.        ],[0. 0. 0. 0. 1. 0. 0. 0. 0. 0. 0. 0. 0. 0. 0. 0. 0. 0. 0. 0. 0. 0. 0. 0. 0. 0. 0. 1. 0. 0. 0.],500,100,0.3,0.0015,1,23,random,43,first
359,0.0002497580685795747,0.0002497580685795747,0.001646436973489807,[0.         0.         0.         0.         0.14938398 0.         0.         0.         0.         0.         0.         0.         0.         0.         0.         0.         0.         0.         0.         0.         0.         0.         0.         0.         0.         0.         0.         0.01       0.         0.         0.        ],[0. 0. 0. 0. 1. 0. 0. 0. 0. 0. 0. 0. 0. 0. 0. 0. 0. 0. 0. 0. 0. 0. 0. 0. 0. 0. 0. 1. 0. 0. 0.],500,100,0.3,0.0015,1,23,random,43,first
360,0.0002497580685795747,0.0002497580685795747,0.001646436973489807,[0.         0.         0.         0.         0.14938398 0.         0.         0.         0.         0.         0.         0.         0.         0.         0.         0.         0.         0.         0.         0.         0.         0.         0.         0.         0.         0.         0.         0.01       0.         0.         0.        ],[0. 0. 0. 0. 1. 0. 0. 0. 0. 0. 0. 0. 0. 0. 0. 0. 0. 0. 0. 0. 0. 0. 0. 0. 0. 0. 0. 1. 0. 0. 0.],500,100,0.3,0.0015,1,23,random,43,first
361,0.0002497580685795747,0.0002497580685795747,0.001646436973489807,[0.         0.         0.         0.         0.14938398 0.         0.         0.         0.         0.         0.         0.         0.         0.         0.         0.         0.         0.         0.         0.         0.         0.         0.         0.         0.         0.         0.         0.01       0.         0.         0.        ],[0. 0. 0. 0. 1. 0. 0. 0. 0. 0. 0. 0. 0. 0. 0. 0. 0. 0. 0. 0. 0. 0. 0. 0. 0. 0. 0. 1. 0. 0. 0.],500,100,0.3,0.0015,1,23,random,43,first
362,0.0002497580685795747,0.0002497580685795747,0.001646436973489807,[0.         0.         0.         0.         0.14938398 0.         0.         0.         0.         0.         0.         0.         0.         0.         0.         0.         0.         0.         0.         0.         0.         0.         0.         0.         0.         0.         0.         0.01       0.         0.         0.        ],[0. 0. 0. 0. 1. 0. 0. 0. 0. 0. 0. 0. 0. 0. 0. 0. 0. 0. 0. 0. 0. 0. 0. 0. 0. 0. 0. 1. 0. 0. 0.],500,100,0.3,0.0015,1,23,random,43,first
363,0.0002497580685795747,0.0002497580685795747,0.001646436973489807,[0.         0.         0.         0.         0.14938398 0.         0.         0.         0.         0.         0.         0.         0.         0.         0.         0.         0.         0.         0.         0.         0.         0.         0.         0.         0.         0.         0.         0.01       0.         0.         0.        ],[0. 0. 0. 0. 1. 0. 0. 0. 0. 0. 0. 0. 0. 0. 0. 0. 0. 0. 0. 0. 0. 0. 0. 0. 0. 0. 0. 1. 0. 0. 0.],500,100,0.3,0.0015,1,23,random,43,first
364,0.0002497580685795747,0.0002497580685795747,0.001646436973489807,[0.         0.         0.         0.         0.14938398 0.         0.         0.         0.         0.         0.         0.         0.         0.         0.         0.         0.         0.         0.         0.         0.         0.         0.         0.         0.         0.         0.         0.01       0.         0.         0.        ],[0. 0. 0. 0. 1. 0. 0. 0. 0. 0. 0. 0. 0. 0. 0. 0. 0. 0. 0. 0. 0. 0. 0. 0. 0. 0. 0. 1. 0. 0. 0.],500,100,0.3,0.0015,1,23,random,43,first
365,0.0002497580685795747,0.0002497580685795747,0.001646436973489807,[0.         0.         0.         0.         0.14938398 0.         0.         0.         0.         0.         0.         0.         0.         0.         0.         0.         0.         0.         0.         0.         0.         0.         0.         0.         0.         0.         0.         0.01       0.         0.         0.        ],[0. 0. 0. 0. 1. 0. 0. 0. 0. 0. 0. 0. 0. 0. 0. 0. 0. 0. 0. 0. 0. 0. 0. 0. 0. 0. 0. 1. 0. 0. 0.],500,100,0.3,0.0015,1,23,random,43,first
366,0.0002497580685795747,0.0002497580685795747,0.001646436973489807,[0.         0.         0.         0.         0.14938398 0.         0.         0.         0.         0.         0.         0.         0.         0.         0.         0.         0.         0.         0.         0.         0.         0.         0.         0.         0.         0.         0.         0.01       0.         0.         0.        ],[0. 0. 0. 0. 1. 0. 0. 0. 0. 0. 0. 0. 0. 0. 0. 0. 0. 0. 0. 0. 0. 0. 0. 0. 0. 0. 0. 1. 0. 0. 0.],500,100,0.3,0.0015,1,23,random,43,first
367,0.0002497580685795747,0.0002497580685795747,0.001646436973489807,[0.         0.         0.         0.         0.14938398 0.         0.         0.         0.         0.         0.         0.         0.         0.         0.         0.         0.         0.         0.         0.         0.         0.         0.         0.         0.         0.         0.         0.01       0.         0.         0.        ],[0. 0. 0. 0. 1. 0. 0. 0. 0. 0. 0. 0. 0. 0. 0. 0. 0. 0. 0. 0. 0. 0. 0. 0. 0. 0. 0. 1. 0. 0. 0.],500,100,0.3,0.0015,1,23,random,43,first
368,0.0002497580685795747,0.0002497580685795747,0.001646436973489807,[0.         0.         0.         0.         0.14938398 0.         0.         0.         0.         0.         0.         0.         0.         0.         0.         0.         0.         0.         0.         0.         0.         0.         0.         0.         0.         0.         0.         0.01       0.         0.         0.        ],[0. 0. 0. 0. 1. 0. 0. 0. 0. 0. 0. 0. 0. 0. 0. 0. 0. 0. 0. 0. 0. 0. 0. 0. 0. 0. 0. 1. 0. 0. 0.],500,100,0.3,0.0015,1,23,random,43,first
369,0.0002497580685795747,0.0002497580685795747,0.001646436973489807,[0.         0.         0.         0.         0.14938398 0.         0.         0.         0.         0.         0.         0.         0.         0.         0.         0.         0.         0.         0.         0.         0.         0.         0.         0.         0.         0.         0.         0.01       0.         0.         0.        ],[0. 0. 0. 0. 1. 0. 0. 0. 0. 0. 0. 0. 0. 0. 0. 0. 0. 0. 0. 0. 0. 0. 0. 0. 0. 0. 0. 1. 0. 0. 0.],500,100,0.3,0.0015,1,23,random,43,first
370,0.0002497580685795747,0.0002497580685795747,0.001646436973489807,[0.         0.         0.         0.         0.14938398 0.         0.         0.         0.         0.         0.         0.         0.         0.         0.         0.         0.         0.         0.         0.         0.         0.         0.         0.         0.         0.         0.         0.01       0.         0.         0.        ],[0. 0. 0. 0. 1. 0. 0. 0. 0. 0. 0. 0. 0. 0. 0. 0. 0. 0. 0. 0. 0. 0. 0. 0. 0. 0. 0. 1. 0. 0. 0.],500,100,0.3,0.0015,1,23,random,43,first
371,0.0002497580685795747,0.0002497580685795747,0.001646436973489807,[0.         0.         0.         0.         0.14938398 0.         0.         0.         0.         0.         0.         0.         0.         0.         0.         0.         0.         0.         0.         0.         0.         0.         0.         0.         0.         0.         0.         0.01       0.         0.         0.        ],[0. 0. 0. 0. 1. 0. 0. 0. 0. 0. 0. 0. 0. 0. 0. 0. 0. 0. 0. 0. 0. 0. 0. 0. 0. 0. 0. 1. 0. 0. 0.],500,100,0.3,0.0015,1,23,random,43,first
372,0.0002497580685795747,0.0002497580685795747,0.001646436973489807,[0.         0.         0.         0.         0.14938398 0.         0.         0.         0.         0.         0.         0.         0.         0.         0.         0.         0.         0.         0.         0.         0.         0.         0.         0.         0.         0.         0.         0.01       0.         0.         0.        ],[0. 0. 0. 0. 1. 0. 0. 0. 0. 0. 0. 0. 0. 0. 0. 0. 0. 0. 0. 0. 0. 0. 0. 0. 0. 0. 0. 1. 0. 0. 0.],500,100,0.3,0.0015,1,23,random,43,first
373,0.0002497580685795747,0.0002497580685795747,0.001646436973489807,[0.         0.         0.         0.         0.14938398 0.         0.         0.         0.         0.         0.         0.         0.         0.         0.         0.         0.         0.         0.         0.         0.         0.         0.         0.         0.         0.         0.         0.01       0.         0.         0.        ],[0. 0. 0. 0. 1. 0. 0. 0. 0. 0. 0. 0. 0. 0. 0. 0. 0. 0. 0. 0. 0. 0. 0. 0. 0. 0. 0. 1. 0. 0. 0.],500,100,0.3,0.0015,1,23,random,43,first
374,0.0002497580685795747,0.0002497580685795747,0.001646436973489807,[0.         0.         0.         0.         0.14938398 0.         0.         0.         0.         0.         0.         0.         0.         0.         0.         0.         0.         0.         0.         0.         0.         0.         0.         0.         0.         0.         0.         0.01       0.         0.         0.        ],[0. 0. 0. 0. 1. 0. 0. 0. 0. 0. 0. 0. 0. 0. 0. 0. 0. 0. 0. 0. 0. 0. 0. 0. 0. 0. 0. 1. 0. 0. 0.],500,100,0.3,0.0015,1,23,random,43,first
375,0.0002497580685795747,0.0002497580685795747,0.001646436973489807,[0.         0.         0.         0.         0.14938398 0.         0.         0.         0.         0.         0.         0.         0.         0.         0.         0.         0.         0.         0.         0.         0.         0.         0.         0.         0.         0.         0.         0.01       0.         0.         0.        ],[0. 0. 0. 0. 1. 0. 0. 0. 0. 0. 0. 0. 0. 0. 0. 0. 0. 0. 0. 0. 0. 0. 0. 0. 0. 0. 0. 1. 0. 0. 0.],500,100,0.3,0.0015,1,23,random,43,first
376,0.0002497580685795747,0.0002497580685795747,0.001646436973489807,[0.         0.         0.         0.         0.14938398 0.         0.         0.         0.         0.         0.         0.         0.         0.         0.         0.         0.         0.         0.         0.         0.         0.         0.         0.         0.         0.         0.         0.01       0.         0.         0.        ],[0. 0. 0. 0. 1. 0. 0. 0. 0. 0. 0. 0. 0. 0. 0. 0. 0. 0. 0. 0. 0. 0. 0. 0. 0. 0. 0. 1. 0. 0. 0.],500,100,0.3,0.0015,1,23,random,43,first
377,0.0002497580685795747,0.0002497580685795747,0.001646436973489807,[0.         0.         0.         0.         0.14938398 0.         0.         0.         0.         0.         0.         0.         0.         0.         0.         0.         0.         0.         0.         0.         0.         0.         0.         0.         0.         0.         0.         0.01       0.         0.         0.        ],[0. 0. 0. 0. 1. 0. 0. 0. 0. 0. 0. 0. 0. 0. 0. 0. 0. 0. 0. 0. 0. 0. 0. 0. 0. 0. 0. 1. 0. 0. 0.],500,100,0.3,0.0015,1,23,random,43,first
378,0.0002497580685795747,0.0002497580685795747,0.001646436973489807,[0.         0.         0.         0.         0.14938398 0.         0.         0.         0.         0.         0.         0.         0.         0.         0.         0.         0.         0.         0.         0.         0.         0.         0.         0.         0.         0.         0.         0.01       0.         0.         0.        ],[0. 0. 0. 0. 1. 0. 0. 0. 0. 0. 0. 0. 0. 0. 0. 0. 0. 0. 0. 0. 0. 0. 0. 0. 0. 0. 0. 1. 0. 0. 0.],500,100,0.3,0.0015,1,23,random,43,first
379,0.0002497580685795747,0.0002497580685795747,0.001646436973489807,[0.         0.         0.         0.         0.14938398 0.         0.         0.         0.         0.         0.         0.         0.         0.         0.         0.         0.         0.         0.         0.         0.         0.         0.         0.         0.         0.         0.         0.01       0.         0.         0.        ],[0. 0. 0. 0. 1. 0. 0. 0. 0. 0. 0. 0. 0. 0. 0. 0. 0. 0. 0. 0. 0. 0. 0. 0. 0. 0. 0. 1. 0. 0. 0.],500,100,0.3,0.0015,1,23,random,43,first
380,0.0002497580685795747,0.0002497580685795747,0.001646436973489807,[0.         0.         0.         0.         0.14938398 0.         0.         0.         0.         0.         0.         0.         0.         0.         0.         0.         0.         0.         0.         0.         0.         0.         0.         0.         0.         0.         0.         0.01       0.         0.         0.        ],[0. 0. 0. 0. 1. 0. 0. 0. 0. 0. 0. 0. 0. 0. 0. 0. 0. 0. 0. 0. 0. 0. 0. 0. 0. 0. 0. 1. 0. 0. 0.],500,100,0.3,0.0015,1,23,random,43,first
381,0.0002497580685795747,0.0002497580685795747,0.001646436973489807,[0.         0.         0.         0.         0.14938398 0.         0.         0.         0.         0.         0.         0.         0.         0.         0.         0.         0.         0.         0.         0.         0.         0.         0.         0.         0.         0.         0.         0.01       0.         0.         0.        ],[0. 0. 0. 0. 1. 0. 0. 0. 0. 0. 0. 0. 0. 0. 0. 0. 0. 0. 0. 0. 0. 0. 0. 0. 0. 0. 0. 1. 0. 0. 0.],500,100,0.3,0.0015,1,23,random,43,first
382,0.0002497580685795747,0.0002497580685795747,0.001646436973489807,[0.         0.         0.         0.         0.14938398 0.         0.         0.         0.         0.         0.         0.         0.         0.         0.         0.         0.         0.         0.         0.         0.         0.         0.         0.         0.         0.         0.         0.01       0.         0.         0.        ],[0. 0. 0. 0. 1. 0. 0. 0. 0. 0. 0. 0. 0. 0. 0. 0. 0. 0. 0. 0. 0. 0. 0. 0. 0. 0. 0. 1. 0. 0. 0.],500,100,0.3,0.0015,1,23,random,43,first
383,0.0002497580685795747,0.0002497580685795747,0.001646436973489807,[0.         0.         0.         0.         0.14938398 0.         0.         0.         0.         0.         0.         0.         0.         0.         0.         0.         0.         0.         0.         0.         0.         0.         0.         0.         0.         0.         0.         0.01       0.         0.         0.        ],[0. 0. 0. 0. 1. 0. 0. 0. 0. 0. 0. 0. 0. 0. 0. 0. 0. 0. 0. 0. 0. 0. 0. 0. 0. 0. 0. 1. 0. 0. 0.],500,100,0.3,0.0015,1,23,random,43,first
384,0.0002497580685795747,0.0002497580685795747,0.001646436973489807,[0.         0.         0.         0.         0.14938398 0.         0.         0.         0.         0.         0.         0.         0.         0.         0.         0.         0.         0.         0.         0.         0.         0.         0.         0.         0.         0.         0.         0.01       0.         0.         0.        ],[0. 0. 0. 0. 1. 0. 0. 0. 0. 0. 0. 0. 0. 0. 0. 0. 0. 0. 0. 0. 0. 0. 0. 0. 0. 0. 0. 1. 0. 0. 0.],500,100,0.3,0.0015,1,23,random,43,first
385,0.0002497580685795747,0.0002497580685795747,0.001646436973489807,[0.         0.         0.         0.         0.14938398 0.         0.         0.         0.         0.         0.         0.         0.         0.         0.         0.         0.         0.         0.         0.         0.         0.         0.         0.         0.         0.         0.         0.01       0.         0.         0.        ],[0. 0. 0. 0. 1. 0. 0. 0. 0. 0. 0. 0. 0. 0. 0. 0. 0. 0. 0. 0. 0. 0. 0. 0. 0. 0. 0. 1. 0. 0. 0.],500,100,0.3,0.0015,1,23,random,43,first
386,0.0002497580685795747,0.0002497580685795747,0.001646436973489807,[0.         0.         0.         0.         0.14938398 0.         0.         0.         0.         0.         0.         0.         0.         0.         0.         0.         0.         0.         0.         0.         0.         0.         0.         0.         0.         0.         0.         0.01       0.         0.         0.        ],[0. 0. 0. 0. 1. 0. 0. 0. 0. 0. 0. 0. 0. 0. 0. 0. 0. 0. 0. 0. 0. 0. 0. 0. 0. 0. 0. 1. 0. 0. 0.],500,100,0.3,0.0015,1,23,random,43,first
387,0.0002497580685795747,0.0002497580685795747,0.001646436973489807,[0.         0.         0.         0.         0.14938398 0.         0.         0.         0.         0.         0.         0.         0.         0.         0.         0.         0.         0.         0.         0.         0.         0.         0.         0.         0.         0.         0.         0.01       0.         0.         0.        ],[0. 0. 0. 0. 1. 0. 0. 0. 0. 0. 0. 0. 0. 0. 0. 0. 0. 0. 0. 0. 0. 0. 0. 0. 0. 0. 0. 1. 0. 0. 0.],500,100,0.3,0.0015,1,23,random,43,first
388,0.0002497580685795747,0.0002497580685795747,0.001646436973489807,[0.         0.         0.         0.         0.14938398 0.         0.         0.         0.         0.         0.         0.         0.         0.         0.         0.         0.         0.         0.         0.         0.         0.         0.         0.         0.         0.         0.         0.01       0.         0.         0.        ],[0. 0. 0. 0. 1. 0. 0. 0. 0. 0. 0. 0. 0. 0. 0. 0. 0. 0. 0. 0. 0. 0. 0. 0. 0. 0. 0. 1. 0. 0. 0.],500,100,0.3,0.0015,1,23,random,43,first
389,0.0002497580685795747,0.0002497580685795747,0.001646436973489807,[0.         0.         0.         0.         0.14938398 0.         0.         0.         0.         0.         0.         0.         0.         0.         0.         0.         0.         0.         0.         0.         0.         0.         0.         0.         0.         0.         0.         0.01       0.         0.         0.        ],[0. 0. 0. 0. 1. 0. 0. 0. 0. 0. 0. 0. 0. 0. 0. 0. 0. 0. 0. 0. 0. 0. 0. 0. 0. 0. 0. 1. 0. 0. 0.],500,100,0.3,0.0015,1,23,random,43,first
390,0.0002497580685795747,0.0002497580685795747,0.001646436973489807,[0.         0.         0.         0.         0.14938398 0.         0.         0.         0.         0.         0.         0.         0.         0.         0.         0.         0.         0.         0.         0.         0.         0.         0.         0.         0.         0.         0.         0.01       0.         0.         0.        ],[0. 0. 0. 0. 1. 0. 0. 0. 0. 0. 0. 0. 0. 0. 0. 0. 0. 0. 0. 0. 0. 0. 0. 0. 0. 0. 0. 1. 0. 0. 0.],500,100,0.3,0.0015,1,23,random,43,first
391,0.0002497580685795747,0.0002497580685795747,0.001646436973489807,[0.         0.         0.         0.         0.14938398 0.         0.         0.         0.         0.         0.         0.         0.         0.         0.         0.         0.         0.         0.         0.         0.         0.         0.         0.         0.         0.         0.         0.01       0.         0.         0.        ],[0. 0. 0. 0. 1. 0. 0. 0. 0. 0. 0. 0. 0. 0. 0. 0. 0. 0. 0. 0. 0. 0. 0. 0. 0. 0. 0. 1. 0. 0. 0.],500,100,0.3,0.0015,1,23,random,43,first
392,0.0002497580685795747,0.0002497580685795747,0.001646436973489807,[0.         0.         0.         0.         0.14938398 0.         0.         0.         0.         0.         0.         0.         0.         0.         0.         0.         0.         0.         0.         0.         0.         0.         0.         0.         0.         0.         0.         0.01       0.         0.         0.        ],[0. 0. 0. 0. 1. 0. 0. 0. 0. 0. 0. 0. 0. 0. 0. 0. 0. 0. 0. 0. 0. 0. 0. 0. 0. 0. 0. 1. 0. 0. 0.],500,100,0.3,0.0015,1,23,random,43,first
393,0.0002497580685795747,0.0002497580685795747,0.001646436973489807,[0.         0.         0.         0.         0.14938398 0.         0.         0.         0.         0.         0.         0.         0.         0.         0.         0.         0.         0.         0.         0.         0.         0.         0.         0.         0.         0.         0.         0.01       0.         0.         0.        ],[0. 0. 0. 0. 1. 0. 0. 0. 0. 0. 0. 0. 0. 0. 0. 0. 0. 0. 0. 0. 0. 0. 0. 0. 0. 0. 0. 1. 0. 0. 0.],500,100,0.3,0.0015,1,23,random,43,first
394,0.0002497580685795747,0.0002497580685795747,0.001646436973489807,[0.         0.         0.         0.         0.14938398 0.         0.         0.         0.         0.         0.         0.         0.         0.         0.         0.         0.         0.         0.         0.         0.         0.         0.         0.         0.         0.         0.         0.01       0.         0.         0.        ],[0. 0. 0. 0. 1. 0. 0. 0. 0. 0. 0. 0. 0. 0. 0. 0. 0. 0. 0. 0. 0. 0. 0. 0. 0. 0. 0. 1. 0. 0. 0.],500,100,0.3,0.0015,1,23,random,43,first
395,0.0002497580685795747,0.0002497580685795747,0.001646436973489807,[0.         0.         0.         0.         0.14938398 0.         0.         0.         0.         0.         0.         0.         0.         0.         0.         0.         0.         0.         0.         0.         0.         0.         0.         0.         0.         0.         0.         0.01       0.         0.         0.        ],[0. 0. 0. 0. 1. 0. 0. 0. 0. 0. 0. 0. 0. 0. 0. 0. 0. 0. 0. 0. 0. 0. 0. 0. 0. 0. 0. 1. 0. 0. 0.],500,100,0.3,0.0015,1,23,random,43,first
396,0.0002497580685795747,0.0002497580685795747,0.001646436973489807,[0.         0.         0.         0.         0.14938398 0.         0.         0.         0.         0.         0.         0.         0.         0.         0.         0.         0.         0.         0.         0.         0.         0.         0.         0.         0.         0.         0.         0.01       0.         0.         0.        ],[0. 0. 0. 0. 1. 0. 0. 0. 0. 0. 0. 0. 0. 0. 0. 0. 0. 0. 0. 0. 0. 0. 0. 0. 0. 0. 0. 1. 0. 0. 0.],500,100,0.3,0.0015,1,23,random,43,first
397,0.0002497580685795747,0.0002497580685795747,0.001646436973489807,[0.         0.         0.         0.         0.14938398 0.         0.         0.         0.         0.         0.         0.         0.         0.         0.         0.         0.         0.         0.         0.         0.         0.         0.         0.         0.         0.         0.         0.01       0.         0.         0.        ],[0. 0. 0. 0. 1. 0. 0. 0. 0. 0. 0. 0. 0. 0. 0. 0. 0. 0. 0. 0. 0. 0. 0. 0. 0. 0. 0. 1. 0. 0. 0.],500,100,0.3,0.0015,1,23,random,43,first
398,0.0002497580685795747,0.0002497580685795747,0.001646436973489807,[0.         0.         0.         0.         0.14938398 0.         0.         0.         0.         0.         0.         0.         0.         0.         0.         0.         0.         0.         0.         0.         0.         0.         0.         0.         0.         0.         0.         0.01       0.         0.         0.        ],[0. 0. 0. 0. 1. 0. 0. 0. 0. 0. 0. 0. 0. 0. 0. 0. 0. 0. 0. 0. 0. 0. 0. 0. 0. 0. 0. 1. 0. 0. 0.],500,100,0.3,0.0015,1,23,random,43,first
399,0.0002497580685795747,0.0002497580685795747,0.001646436973489807,[0.         0.         0.         0.         0.14938398 0.         0.         0.         0.         0.         0.         0.         0.         0.         0.         0.         0.         0.         0.         0.         0.         0.         0.         0.         0.         0.         0.         0.01       0.         0.         0.        ],[0. 0. 0. 0. 1. 0. 0. 0. 0. 0. 0. 0. 0. 0. 0. 0. 0. 0. 0. 0. 0. 0. 0. 0. 0. 0. 0. 1. 0. 0. 0.],500,100,0.3,0.0015,1,23,random,43,first
400,0.0002497580685795747,0.0002497580685795747,0.001646436973489807,[0.         0.         0.         0.         0.14938398 0.         0.         0.         0.         0.         0.         0.         0.         0.         0.         0.         0.         0.         0.         0.         0.         0.         0.         0.         0.         0.         0.         0.01       0.         0.         0.        ],[0. 0. 0. 0. 1. 0. 0. 0. 0. 0. 0. 0. 0. 0. 0. 0. 0. 0. 0. 0. 0. 0. 0. 0. 0. 0. 0. 1. 0. 0. 0.],500,100,0.3,0.0015,1,23,random,43,first
401,0.0002497580685795747,0.0002497580685795747,0.001646436973489807,[0.         0.         0.         0.         0.14938398 0.         0.         0.         0.         0.         0.         0.         0.         0.         0.         0.         0.         0.         0.         0.         0.         0.         0.         0.         0.         0.         0.         0.01       0.         0.         0.        ],[0. 0. 0. 0. 1. 0. 0. 0. 0. 0. 0. 0. 0. 0. 0. 0. 0. 0. 0. 0. 0. 0. 0. 0. 0. 0. 0. 1. 0. 0. 0.],500,100,0.3,0.0015,1,23,random,43,first
402,0.0002497580685795747,0.0002497580685795747,0.001646436973489807,[0.         0.         0.         0.         0.14938398 0.         0.         0.         0.         0.         0.         0.         0.         0.         0.         0.         0.         0.         0.         0.         0.         0.         0.         0.         0.         0.         0.         0.01       0.         0.         0.        ],[0. 0. 0. 0. 1. 0. 0. 0. 0. 0. 0. 0. 0. 0. 0. 0. 0. 0. 0. 0. 0. 0. 0. 0. 0. 0. 0. 1. 0. 0. 0.],500,100,0.3,0.0015,1,23,random,43,first
403,0.0002497580685795747,0.0002497580685795747,0.001646436973489807,[0.         0.         0.         0.         0.14938398 0.         0.         0.         0.         0.         0.         0.         0.         0.         0.         0.         0.         0.         0.         0.         0.         0.         0.         0.         0.         0.         0.         0.01       0.         0.         0.        ],[0. 0. 0. 0. 1. 0. 0. 0. 0. 0. 0. 0. 0. 0. 0. 0. 0. 0. 0. 0. 0. 0. 0. 0. 0. 0. 0. 1. 0. 0. 0.],500,100,0.3,0.0015,1,23,random,43,first
404,0.0002497580685795747,0.0002497580685795747,0.001646436973489807,[0.         0.         0.         0.         0.14938398 0.         0.         0.         0.         0.         0.         0.         0.         0.         0.         0.         0.         0.         0.         0.         0.         0.         0.         0.         0.         0.         0.         0.01       0.         0.         0.        ],[0. 0. 0. 0. 1. 0. 0. 0. 0. 0. 0. 0. 0. 0. 0. 0. 0. 0. 0. 0. 0. 0. 0. 0. 0. 0. 0. 1. 0. 0. 0.],500,100,0.3,0.0015,1,23,random,43,first
405,0.0002497580685795747,0.0002497580685795747,0.001646436973489807,[0.         0.         0.         0.         0.14938398 0.         0.         0.         0.         0.         0.         0.         0.         0.         0.         0.         0.         0.         0.         0.         0.         0.         0.         0.         0.         0.         0.         0.01       0.         0.         0.        ],[0. 0. 0. 0. 1. 0. 0. 0. 0. 0. 0. 0. 0. 0. 0. 0. 0. 0. 0. 0. 0. 0. 0. 0. 0. 0. 0. 1. 0. 0. 0.],500,100,0.3,0.0015,1,23,random,43,first
406,0.0002497580685795747,0.0002497580685795747,0.001646436973489807,[0.         0.         0.         0.         0.14938398 0.         0.         0.         0.         0.         0.         0.         0.         0.         0.         0.         0.         0.         0.         0.         0.         0.         0.         0.         0.         0.         0.         0.01       0.         0.         0.        ],[0. 0. 0. 0. 1. 0. 0. 0. 0. 0. 0. 0. 0. 0. 0. 0. 0. 0. 0. 0. 0. 0. 0. 0. 0. 0. 0. 1. 0. 0. 0.],500,100,0.3,0.0015,1,23,random,43,first
407,0.0002497580685795747,0.0002497580685795747,0.001646436973489807,[0.         0.         0.         0.         0.14938398 0.         0.         0.         0.         0.         0.         0.         0.         0.         0.         0.         0.         0.         0.         0.         0.         0.         0.         0.         0.         0.         0.         0.01       0.         0.         0.        ],[0. 0. 0. 0. 1. 0. 0. 0. 0. 0. 0. 0. 0. 0. 0. 0. 0. 0. 0. 0. 0. 0. 0. 0. 0. 0. 0. 1. 0. 0. 0.],500,100,0.3,0.0015,1,23,random,43,first
408,0.0002497580685795747,0.0002497580685795747,0.001646436973489807,[0.         0.         0.         0.         0.14938398 0.         0.         0.         0.         0.         0.         0.         0.         0.         0.         0.         0.         0.         0.         0.         0.         0.         0.         0.         0.         0.         0.         0.01       0.         0.         0.        ],[0. 0. 0. 0. 1. 0. 0. 0. 0. 0. 0. 0. 0. 0. 0. 0. 0. 0. 0. 0. 0. 0. 0. 0. 0. 0. 0. 1. 0. 0. 0.],500,100,0.3,0.0015,1,23,random,43,first
409,0.0002497580685795747,0.0002497580685795747,0.001646436973489807,[0.         0.         0.         0.         0.14938398 0.         0.         0.         0.         0.         0.         0.         0.         0.         0.         0.         0.         0.         0.         0.         0.         0.         0.         0.         0.         0.         0.         0.01       0.         0.         0.        ],[0. 0. 0. 0. 1. 0. 0. 0. 0. 0. 0. 0. 0. 0. 0. 0. 0. 0. 0. 0. 0. 0. 0. 0. 0. 0. 0. 1. 0. 0. 0.],500,100,0.3,0.0015,1,23,random,43,first
410,0.0002497580685795747,0.0002497580685795747,0.001646436973489807,[0.         0.         0.         0.         0.14938398 0.         0.         0.         0.         0.         0.         0.         0.         0.         0.         0.         0.         0.         0.         0.         0.         0.         0.         0.         0.         0.         0.         0.01       0.         0.         0.        ],[0. 0. 0. 0. 1. 0. 0. 0. 0. 0. 0. 0. 0. 0. 0. 0. 0. 0. 0. 0. 0. 0. 0. 0. 0. 0. 0. 1. 0. 0. 0.],500,100,0.3,0.0015,1,23,random,43,first
411,0.0002497580685795747,0.0002497580685795747,0.001646436973489807,[0.         0.         0.         0.         0.14938398 0.         0.         0.         0.         0.         0.         0.         0.         0.         0.         0.         0.         0.         0.         0.         0.         0.         0.         0.         0.         0.         0.         0.01       0.         0.         0.        ],[0. 0. 0. 0. 1. 0. 0. 0. 0. 0. 0. 0. 0. 0. 0. 0. 0. 0. 0. 0. 0. 0. 0. 0. 0. 0. 0. 1. 0. 0. 0.],500,100,0.3,0.0015,1,23,random,43,first
412,0.0002497580685795747,0.0002497580685795747,0.001646436973489807,[0.         0.         0.         0.         0.14938398 0.         0.         0.         0.         0.         0.         0.         0.         0.         0.         0.         0.         0.         0.         0.         0.         0.         0.         0.         0.         0.         0.         0.01       0.         0.         0.        ],[0. 0. 0. 0. 1. 0. 0. 0. 0. 0. 0. 0. 0. 0. 0. 0. 0. 0. 0. 0. 0. 0. 0. 0. 0. 0. 0. 1. 0. 0. 0.],500,100,0.3,0.0015,1,23,random,43,first
413,0.0002497580685795747,0.0002497580685795747,0.001646436973489807,[0.         0.         0.         0.         0.14938398 0.         0.         0.         0.         0.         0.         0.         0.         0.         0.         0.         0.         0.         0.         0.         0.         0.         0.         0.         0.         0.         0.         0.01       0.         0.         0.        ],[0. 0. 0. 0. 1. 0. 0. 0. 0. 0. 0. 0. 0. 0. 0. 0. 0. 0. 0. 0. 0. 0. 0. 0. 0. 0. 0. 1. 0. 0. 0.],500,100,0.3,0.0015,1,23,random,43,first
414,0.0002497580685795747,0.0002497580685795747,0.001646436973489807,[0.         0.         0.         0.         0.14938398 0.         0.         0.         0.         0.         0.         0.         0.         0.         0.         0.         0.         0.         0.         0.         0.         0.         0.         0.         0.         0.         0.         0.01       0.         0.         0.        ],[0. 0. 0. 0. 1. 0. 0. 0. 0. 0. 0. 0. 0. 0. 0. 0. 0. 0. 0. 0. 0. 0. 0. 0. 0. 0. 0. 1. 0. 0. 0.],500,100,0.3,0.0015,1,23,random,43,first
415,0.0002497580685795747,0.0002497580685795747,0.001646436973489807,[0.         0.         0.         0.         0.14938398 0.         0.         0.         0.         0.         0.         0.         0.         0.         0.         0.         0.         0.         0.         0.         0.         0.         0.         0.         0.         0.         0.         0.01       0.         0.         0.        ],[0. 0. 0. 0. 1. 0. 0. 0. 0. 0. 0. 0. 0. 0. 0. 0. 0. 0. 0. 0. 0. 0. 0. 0. 0. 0. 0. 1. 0. 0. 0.],500,100,0.3,0.0015,1,23,random,43,first
416,0.0002497580685795747,0.0002497580685795747,0.001646436973489807,[0.         0.         0.         0.         0.14938398 0.         0.         0.         0.         0.         0.         0.         0.         0.         0.         0.         0.         0.         0.         0.         0.         0.         0.         0.         0.         0.         0.         0.01       0.         0.         0.        ],[0. 0. 0. 0. 1. 0. 0. 0. 0. 0. 0. 0. 0. 0. 0. 0. 0. 0. 0. 0. 0. 0. 0. 0. 0. 0. 0. 1. 0. 0. 0.],500,100,0.3,0.0015,1,23,random,43,first
417,0.0002497580685795747,0.0002497580685795747,0.001646436973489807,[0.         0.         0.         0.         0.14938398 0.         0.         0.         0.         0.         0.         0.         0.         0.         0.         0.         0.         0.         0.         0.         0.         0.         0.         0.         0.         0.         0.         0.01       0.         0.         0.        ],[0. 0. 0. 0. 1. 0. 0. 0. 0. 0. 0. 0. 0. 0. 0. 0. 0. 0. 0. 0. 0. 0. 0. 0. 0. 0. 0. 1. 0. 0. 0.],500,100,0.3,0.0015,1,23,random,43,first
418,0.0002497580685795747,0.0002497580685795747,0.001646436973489807,[0.         0.         0.         0.         0.14938398 0.         0.         0.         0.         0.         0.         0.         0.         0.         0.         0.         0.         0.         0.         0.         0.         0.         0.         0.         0.         0.         0.         0.01       0.         0.         0.        ],[0. 0. 0. 0. 1. 0. 0. 0. 0. 0. 0. 0. 0. 0. 0. 0. 0. 0. 0. 0. 0. 0. 0. 0. 0. 0. 0. 1. 0. 0. 0.],500,100,0.3,0.0015,1,23,random,43,first
419,0.0002497580685795747,0.0002497580685795747,0.001646436973489807,[0.         0.         0.         0.         0.14938398 0.         0.         0.         0.         0.         0.         0.         0.         0.         0.         0.         0.         0.         0.         0.         0.         0.         0.         0.         0.         0.         0.         0.01       0.         0.         0.        ],[0. 0. 0. 0. 1. 0. 0. 0. 0. 0. 0. 0. 0. 0. 0. 0. 0. 0. 0. 0. 0. 0. 0. 0. 0. 0. 0. 1. 0. 0. 0.],500,100,0.3,0.0015,1,23,random,43,first
420,0.0002497580685795747,0.0002497580685795747,0.001646436973489807,[0.         0.         0.         0.         0.14938398 0.         0.         0.         0.         0.         0.         0.         0.         0.         0.         0.         0.         0.         0.         0.         0.         0.         0.         0.         0.         0.         0.         0.01       0.         0.         0.        ],[0. 0. 0. 0. 1. 0. 0. 0. 0. 0. 0. 0. 0. 0. 0. 0. 0. 0. 0. 0. 0. 0. 0. 0. 0. 0. 0. 1. 0. 0. 0.],500,100,0.3,0.0015,1,23,random,43,first
421,0.0002497580685795747,0.0002497580685795747,0.001646436973489807,[0.         0.         0.         0.         0.14938398 0.         0.         0.         0.         0.         0.         0.         0.         0.         0.         0.         0.         0.         0.         0.         0.         0.         0.         0.         0.         0.         0.         0.01       0.         0.         0.        ],[0. 0. 0. 0. 1. 0. 0. 0. 0. 0. 0. 0. 0. 0. 0. 0. 0. 0. 0. 0. 0. 0. 0. 0. 0. 0. 0. 1. 0. 0. 0.],500,100,0.3,0.0015,1,23,random,43,first
422,0.0002497580685795747,0.0002497580685795747,0.001646436973489807,[0.         0.         0.         0.         0.14938398 0.         0.         0.         0.         0.         0.         0.         0.         0.         0.         0.         0.         0.         0.         0.         0.         0.         0.         0.         0.         0.         0.         0.01       0.         0.         0.        ],[0. 0. 0. 0. 1. 0. 0. 0. 0. 0. 0. 0. 0. 0. 0. 0. 0. 0. 0. 0. 0. 0. 0. 0. 0. 0. 0. 1. 0. 0. 0.],500,100,0.3,0.0015,1,23,random,43,first
423,0.0002497580685795747,0.0002497580685795747,0.001646436973489807,[0.         0.         0.         0.         0.14938398 0.         0.         0.         0.         0.         0.         0.         0.         0.         0.         0.         0.         0.         0.         0.         0.         0.         0.         0.         0.         0.         0.         0.01       0.         0.         0.        ],[0. 0. 0. 0. 1. 0. 0. 0. 0. 0. 0. 0. 0. 0. 0. 0. 0. 0. 0. 0. 0. 0. 0. 0. 0. 0. 0. 1. 0. 0. 0.],500,100,0.3,0.0015,1,23,random,43,first
424,0.0002497580685795747,0.0002497580685795747,0.001646436973489807,[0.         0.         0.         0.         0.14938398 0.         0.         0.         0.         0.         0.         0.         0.         0.         0.         0.         0.         0.         0.         0.         0.         0.         0.         0.         0.         0.         0.         0.01       0.         0.         0.        ],[0. 0. 0. 0. 1. 0. 0. 0. 0. 0. 0. 0. 0. 0. 0. 0. 0. 0. 0. 0. 0. 0. 0. 0. 0. 0. 0. 1. 0. 0. 0.],500,100,0.3,0.0015,1,23,random,43,first
425,0.0002497580685795747,0.0002497580685795747,0.001646436973489807,[0.         0.         0.         0.         0.14938398 0.         0.         0.         0.         0.         0.         0.         0.         0.         0.         0.         0.         0.         0.         0.         0.         0.         0.         0.         0.         0.         0.         0.01       0.         0.         0.        ],[0. 0. 0. 0. 1. 0. 0. 0. 0. 0. 0. 0. 0. 0. 0. 0. 0. 0. 0. 0. 0. 0. 0. 0. 0. 0. 0. 1. 0. 0. 0.],500,100,0.3,0.0015,1,23,random,43,first
426,0.0002497580685795747,0.0002497580685795747,0.001646436973489807,[0.         0.         0.         0.         0.14938398 0.         0.         0.         0.         0.         0.         0.         0.         0.         0.         0.         0.         0.         0.         0.         0.         0.         0.         0.         0.         0.         0.         0.01       0.         0.         0.        ],[0. 0. 0. 0. 1. 0. 0. 0. 0. 0. 0. 0. 0. 0. 0. 0. 0. 0. 0. 0. 0. 0. 0. 0. 0. 0. 0. 1. 0. 0. 0.],500,100,0.3,0.0015,1,23,random,43,first
427,0.0002497580685795747,0.0002497580685795747,0.001646436973489807,[0.         0.         0.         0.         0.14938398 0.         0.         0.         0.         0.         0.         0.         0.         0.         0.         0.         0.         0.         0.         0.         0.         0.         0.         0.         0.         0.         0.         0.01       0.         0.         0.        ],[0. 0. 0. 0. 1. 0. 0. 0. 0. 0. 0. 0. 0. 0. 0. 0. 0. 0. 0. 0. 0. 0. 0. 0. 0. 0. 0. 1. 0. 0. 0.],500,100,0.3,0.0015,1,23,random,43,first
428,0.0002497580685795747,0.0002497580685795747,0.001646436973489807,[0.         0.         0.         0.         0.14938398 0.         0.         0.         0.         0.         0.         0.         0.         0.         0.         0.         0.         0.         0.         0.         0.         0.         0.         0.         0.         0.         0.         0.01       0.         0.         0.        ],[0. 0. 0. 0. 1. 0. 0. 0. 0. 0. 0. 0. 0. 0. 0. 0. 0. 0. 0. 0. 0. 0. 0. 0. 0. 0. 0. 1. 0. 0. 0.],500,100,0.3,0.0015,1,23,random,43,first
429,0.0002497580685795747,0.0002497580685795747,0.001646436973489807,[0.         0.         0.         0.         0.14938398 0.         0.         0.         0.         0.         0.         0.         0.         0.         0.         0.         0.         0.         0.         0.         0.         0.         0.         0.         0.         0.         0.         0.01       0.         0.         0.        ],[0. 0. 0. 0. 1. 0. 0. 0. 0. 0. 0. 0. 0. 0. 0. 0. 0. 0. 0. 0. 0. 0. 0. 0. 0. 0. 0. 1. 0. 0. 0.],500,100,0.3,0.0015,1,23,random,43,first
430,0.0002497580685795747,0.0002497580685795747,0.001646436973489807,[0.         0.         0.         0.         0.14938398 0.         0.         0.         0.         0.         0.         0.         0.         0.         0.         0.         0.         0.         0.         0.         0.         0.         0.         0.         0.         0.         0.         0.01       0.         0.         0.        ],[0. 0. 0. 0. 1. 0. 0. 0. 0. 0. 0. 0. 0. 0. 0. 0. 0. 0. 0. 0. 0. 0. 0. 0. 0. 0. 0. 1. 0. 0. 0.],500,100,0.3,0.0015,1,23,random,43,first
431,0.0002497580685795747,0.0002497580685795747,0.001646436973489807,[0.         0.         0.         0.         0.14938398 0.         0.         0.         0.         0.         0.         0.         0.         0.         0.         0.         0.         0.         0.         0.         0.         0.         0.         0.         0.         0.         0.         0.01       0.         0.         0.        ],[0. 0. 0. 0. 1. 0. 0. 0. 0. 0. 0. 0. 0. 0. 0. 0. 0. 0. 0. 0. 0. 0. 0. 0. 0. 0. 0. 1. 0. 0. 0.],500,100,0.3,0.0015,1,23,random,43,first
432,0.0002497580685795747,0.0002497580685795747,0.001646436973489807,[0.         0.         0.         0.         0.14938398 0.         0.         0.         0.         0.         0.         0.         0.         0.         0.         0.         0.         0.         0.         0.         0.         0.         0.         0.         0.         0.         0.         0.01       0.         0.         0.        ],[0. 0. 0. 0. 1. 0. 0. 0. 0. 0. 0. 0. 0. 0. 0. 0. 0. 0. 0. 0. 0. 0. 0. 0. 0. 0. 0. 1. 0. 0. 0.],500,100,0.3,0.0015,1,23,random,43,first
433,0.0002497580685795747,0.0002497580685795747,0.001646436973489807,[0.         0.         0.         0.         0.14938398 0.         0.         0.         0.         0.         0.         0.         0.         0.         0.         0.         0.         0.         0.         0.         0.         0.         0.         0.         0.         0.         0.         0.01       0.         0.         0.        ],[0. 0. 0. 0. 1. 0. 0. 0. 0. 0. 0. 0. 0. 0. 0. 0. 0. 0. 0. 0. 0. 0. 0. 0. 0. 0. 0. 1. 0. 0. 0.],500,100,0.3,0.0015,1,23,random,43,first
434,0.0002497580685795747,0.0002497580685795747,0.001646436973489807,[0.         0.         0.         0.         0.14938398 0.         0.         0.         0.         0.         0.         0.         0.         0.         0.         0.         0.         0.         0.         0.         0.         0.         0.         0.         0.         0.         0.         0.01       0.         0.         0.        ],[0. 0. 0. 0. 1. 0. 0. 0. 0. 0. 0. 0. 0. 0. 0. 0. 0. 0. 0. 0. 0. 0. 0. 0. 0. 0. 0. 1. 0. 0. 0.],500,100,0.3,0.0015,1,23,random,43,first
435,0.0002497580685795747,0.0002497580685795747,0.001646436973489807,[0.         0.         0.         0.         0.14938398 0.         0.         0.         0.         0.         0.         0.         0.         0.         0.         0.         0.         0.         0.         0.         0.         0.         0.         0.         0.         0.         0.         0.01       0.         0.         0.        ],[0. 0. 0. 0. 1. 0. 0. 0. 0. 0. 0. 0. 0. 0. 0. 0. 0. 0. 0. 0. 0. 0. 0. 0. 0. 0. 0. 1. 0. 0. 0.],500,100,0.3,0.0015,1,23,random,43,first
436,0.0002497580685795747,0.0002497580685795747,0.001646436973489807,[0.         0.         0.         0.         0.14938398 0.         0.         0.         0.         0.         0.         0.         0.         0.         0.         0.         0.         0.         0.         0.         0.         0.         0.         0.         0.         0.         0.         0.01       0.         0.         0.        ],[0. 0. 0. 0. 1. 0. 0. 0. 0. 0. 0. 0. 0. 0. 0. 0. 0. 0. 0. 0. 0. 0. 0. 0. 0. 0. 0. 1. 0. 0. 0.],500,100,0.3,0.0015,1,23,random,43,first
437,0.0002497580685795747,0.0002497580685795747,0.001646436973489807,[0.         0.         0.         0.         0.14938398 0.         0.         0.         0.         0.         0.         0.         0.         0.         0.         0.         0.         0.         0.         0.         0.         0.         0.         0.         0.         0.         0.         0.01       0.         0.         0.        ],[0. 0. 0. 0. 1. 0. 0. 0. 0. 0. 0. 0. 0. 0. 0. 0. 0. 0. 0. 0. 0. 0. 0. 0. 0. 0. 0. 1. 0. 0. 0.],500,100,0.3,0.0015,1,23,random,43,first
438,0.0002497580685795747,0.0002497580685795747,0.001646436973489807,[0.         0.         0.         0.         0.14938398 0.         0.         0.         0.         0.         0.         0.         0.         0.         0.         0.         0.         0.         0.         0.         0.         0.         0.         0.         0.         0.         0.         0.01       0.         0.         0.        ],[0. 0. 0. 0. 1. 0. 0. 0. 0. 0. 0. 0. 0. 0. 0. 0. 0. 0. 0. 0. 0. 0. 0. 0. 0. 0. 0. 1. 0. 0. 0.],500,100,0.3,0.0015,1,23,random,43,first
439,0.0002497580685795747,0.0002497580685795747,0.001646436973489807,[0.         0.         0.         0.         0.14938398 0.         0.         0.         0.         0.         0.         0.         0.         0.         0.         0.         0.         0.         0.         0.         0.         0.         0.         0.         0.         0.         0.         0.01       0.         0.         0.        ],[0. 0. 0. 0. 1. 0. 0. 0. 0. 0. 0. 0. 0. 0. 0. 0. 0. 0. 0. 0. 0. 0. 0. 0. 0. 0. 0. 1. 0. 0. 0.],500,100,0.3,0.0015,1,23,random,43,first
440,0.0002497580685795747,0.0002497580685795747,0.001646436973489807,[0.         0.         0.         0.         0.14938398 0.         0.         0.         0.         0.         0.         0.         0.         0.         0.         0.         0.         0.         0.         0.         0.         0.         0.         0.         0.         0.         0.         0.01       0.         0.         0.        ],[0. 0. 0. 0. 1. 0. 0. 0. 0. 0. 0. 0. 0. 0. 0. 0. 0. 0. 0. 0. 0. 0. 0. 0. 0. 0. 0. 1. 0. 0. 0.],500,100,0.3,0.0015,1,23,random,43,first
441,0.0002497580685795747,0.0002497580685795747,0.001646436973489807,[0.         0.         0.         0.         0.14938398 0.         0.         0.         0.         0.         0.         0.         0.         0.         0.         0.         0.         0.         0.         0.         0.         0.         0.         0.         0.         0.         0.         0.01       0.         0.         0.        ],[0. 0. 0. 0. 1. 0. 0. 0. 0. 0. 0. 0. 0. 0. 0. 0. 0. 0. 0. 0. 0. 0. 0. 0. 0. 0. 0. 1. 0. 0. 0.],500,100,0.3,0.0015,1,23,random,43,first
442,0.0002497580685795747,0.0002497580685795747,0.001646436973489807,[0.         0.         0.         0.         0.14938398 0.         0.         0.         0.         0.         0.         0.         0.         0.         0.         0.         0.         0.         0.         0.         0.         0.         0.         0.         0.         0.         0.         0.01       0.         0.         0.        ],[0. 0. 0. 0. 1. 0. 0. 0. 0. 0. 0. 0. 0. 0. 0. 0. 0. 0. 0. 0. 0. 0. 0. 0. 0. 0. 0. 1. 0. 0. 0.],500,100,0.3,0.0015,1,23,random,43,first
443,0.0002497580685795747,0.0002497580685795747,0.001646436973489807,[0.         0.         0.         0.         0.14938398 0.         0.         0.         0.         0.         0.         0.         0.         0.         0.         0.         0.         0.         0.         0.         0.         0.         0.         0.         0.         0.         0.         0.01       0.         0.         0.        ],[0. 0. 0. 0. 1. 0. 0. 0. 0. 0. 0. 0. 0. 0. 0. 0. 0. 0. 0. 0. 0. 0. 0. 0. 0. 0. 0. 1. 0. 0. 0.],500,100,0.3,0.0015,1,23,random,43,first
444,0.0002497580685795747,0.0002497580685795747,0.001646436973489807,[0.         0.         0.         0.         0.14938398 0.         0.         0.         0.         0.         0.         0.         0.         0.         0.         0.         0.         0.         0.         0.         0.         0.         0.         0.         0.         0.         0.         0.01       0.         0.         0.        ],[0. 0. 0. 0. 1. 0. 0. 0. 0. 0. 0. 0. 0. 0. 0. 0. 0. 0. 0. 0. 0. 0. 0. 0. 0. 0. 0. 1. 0. 0. 0.],500,100,0.3,0.0015,1,23,random,43,first
445,0.0002497580685795747,0.0002497580685795747,0.001646436973489807,[0.         0.         0.         0.         0.14938398 0.         0.         0.         0.         0.         0.         0.         0.         0.         0.         0.         0.         0.         0.         0.         0.         0.         0.         0.         0.         0.         0.         0.01       0.         0.         0.        ],[0. 0. 0. 0. 1. 0. 0. 0. 0. 0. 0. 0. 0. 0. 0. 0. 0. 0. 0. 0. 0. 0. 0. 0. 0. 0. 0. 1. 0. 0. 0.],500,100,0.3,0.0015,1,23,random,43,first
446,0.0002497580685795747,0.0002497580685795747,0.001646436973489807,[0.         0.         0.         0.         0.14938398 0.         0.         0.         0.         0.         0.         0.         0.         0.         0.         0.         0.         0.         0.         0.         0.         0.         0.         0.         0.         0.         0.         0.01       0.         0.         0.        ],[0. 0. 0. 0. 1. 0. 0. 0. 0. 0. 0. 0. 0. 0. 0. 0. 0. 0. 0. 0. 0. 0. 0. 0. 0. 0. 0. 1. 0. 0. 0.],500,100,0.3,0.0015,1,23,random,43,first
447,0.0002497580685795747,0.0002497580685795747,0.001646436973489807,[0.         0.         0.         0.         0.14938398 0.         0.         0.         0.         0.         0.         0.         0.         0.         0.         0.         0.         0.         0.         0.         0.         0.         0.         0.         0.         0.         0.         0.01       0.         0.         0.        ],[0. 0. 0. 0. 1. 0. 0. 0. 0. 0. 0. 0. 0. 0. 0. 0. 0. 0. 0. 0. 0. 0. 0. 0. 0. 0. 0. 1. 0. 0. 0.],500,100,0.3,0.0015,1,23,random,43,first
448,0.0002497580685795747,0.0002497580685795747,0.001646436973489807,[0.         0.         0.         0.         0.14938398 0.         0.         0.         0.         0.         0.         0.         0.         0.         0.         0.         0.         0.         0.         0.         0.         0.         0.         0.         0.         0.         0.         0.01       0.         0.         0.        ],[0. 0. 0. 0. 1. 0. 0. 0. 0. 0. 0. 0. 0. 0. 0. 0. 0. 0. 0. 0. 0. 0. 0. 0. 0. 0. 0. 1. 0. 0. 0.],500,100,0.3,0.0015,1,23,random,43,first
449,0.0002497580685795747,0.0002497580685795747,0.001646436973489807,[0.         0.         0.         0.         0.14938398 0.         0.         0.         0.         0.         0.         0.         0.         0.         0.         0.         0.         0.         0.         0.         0.         0.         0.         0.         0.         0.         0.         0.01       0.         0.         0.        ],[0. 0. 0. 0. 1. 0. 0. 0. 0. 0. 0. 0. 0. 0. 0. 0. 0. 0. 0. 0. 0. 0. 0. 0. 0. 0. 0. 1. 0. 0. 0.],500,100,0.3,0.0015,1,23,random,43,first
450,0.0002497580685795747,0.0002497580685795747,0.001646436973489807,[0.         0.         0.         0.         0.14938398 0.         0.         0.         0.         0.         0.         0.         0.         0.         0.         0.         0.         0.         0.         0.         0.         0.         0.         0.         0.         0.         0.         0.01       0.         0.         0.        ],[0. 0. 0. 0. 1. 0. 0. 0. 0. 0. 0. 0. 0. 0. 0. 0. 0. 0. 0. 0. 0. 0. 0. 0. 0. 0. 0. 1. 0. 0. 0.],500,100,0.3,0.0015,1,23,random,43,first
451,0.0002497580685795747,0.0002497580685795747,0.001646436973489807,[0.         0.         0.         0.         0.14938398 0.         0.         0.         0.         0.         0.         0.         0.         0.         0.         0.         0.         0.         0.         0.         0.         0.         0.         0.         0.         0.         0.         0.01       0.         0.         0.        ],[0. 0. 0. 0. 1. 0. 0. 0. 0. 0. 0. 0. 0. 0. 0. 0. 0. 0. 0. 0. 0. 0. 0. 0. 0. 0. 0. 1. 0. 0. 0.],500,100,0.3,0.0015,1,23,random,43,first
452,0.0002497580685795747,0.0002497580685795747,0.001646436973489807,[0.         0.         0.         0.         0.14938398 0.         0.         0.         0.         0.         0.         0.         0.         0.         0.         0.         0.         0.         0.         0.         0.         0.         0.         0.         0.         0.         0.         0.01       0.         0.         0.        ],[0. 0. 0. 0. 1. 0. 0. 0. 0. 0. 0. 0. 0. 0. 0. 0. 0. 0. 0. 0. 0. 0. 0. 0. 0. 0. 0. 1. 0. 0. 0.],500,100,0.3,0.0015,1,23,random,43,first
453,0.0002497580685795747,0.0002497580685795747,0.001646436973489807,[0.         0.         0.         0.         0.14938398 0.         0.         0.         0.         0.         0.         0.         0.         0.         0.         0.         0.         0.         0.         0.         0.         0.         0.         0.         0.         0.         0.         0.01       0.         0.         0.        ],[0. 0. 0. 0. 1. 0. 0. 0. 0. 0. 0. 0. 0. 0. 0. 0. 0. 0. 0. 0. 0. 0. 0. 0. 0. 0. 0. 1. 0. 0. 0.],500,100,0.3,0.0015,1,23,random,43,first
454,0.0002497580685795747,0.0002497580685795747,0.001646436973489807,[0.         0.         0.         0.         0.14938398 0.         0.         0.         0.         0.         0.         0.         0.         0.         0.         0.         0.         0.         0.         0.         0.         0.         0.         0.         0.         0.         0.         0.01       0.         0.         0.        ],[0. 0. 0. 0. 1. 0. 0. 0. 0. 0. 0. 0. 0. 0. 0. 0. 0. 0. 0. 0. 0. 0. 0. 0. 0. 0. 0. 1. 0. 0. 0.],500,100,0.3,0.0015,1,23,random,43,first
455,0.0002497580685795747,0.0002497580685795747,0.001646436973489807,[0.         0.         0.         0.         0.14938398 0.         0.         0.         0.         0.         0.         0.         0.         0.         0.         0.         0.         0.         0.         0.         0.         0.         0.         0.         0.         0.         0.         0.01       0.         0.         0.        ],[0. 0. 0. 0. 1. 0. 0. 0. 0. 0. 0. 0. 0. 0. 0. 0. 0. 0. 0. 0. 0. 0. 0. 0. 0. 0. 0. 1. 0. 0. 0.],500,100,0.3,0.0015,1,23,random,43,first
456,0.0002497580685795747,0.0002497580685795747,0.001646436973489807,[0.         0.         0.         0.         0.14938398 0.         0.         0.         0.         0.         0.         0.         0.         0.         0.         0.         0.         0.         0.         0.         0.         0.         0.         0.         0.         0.         0.         0.01       0.         0.         0.        ],[0. 0. 0. 0. 1. 0. 0. 0. 0. 0. 0. 0. 0. 0. 0. 0. 0. 0. 0. 0. 0. 0. 0. 0. 0. 0. 0. 1. 0. 0. 0.],500,100,0.3,0.0015,1,23,random,43,first
457,0.0002497580685795747,0.0002497580685795747,0.001646436973489807,[0.         0.         0.         0.         0.14938398 0.         0.         0.         0.         0.         0.         0.         0.         0.         0.         0.         0.         0.         0.         0.         0.         0.         0.         0.         0.         0.         0.         0.01       0.         0.         0.        ],[0. 0. 0. 0. 1. 0. 0. 0. 0. 0. 0. 0. 0. 0. 0. 0. 0. 0. 0. 0. 0. 0. 0. 0. 0. 0. 0. 1. 0. 0. 0.],500,100,0.3,0.0015,1,23,random,43,first
458,0.0002497580685795747,0.0002497580685795747,0.001646436973489807,[0.         0.         0.         0.         0.14938398 0.         0.         0.         0.         0.         0.         0.         0.         0.         0.         0.         0.         0.         0.         0.         0.         0.         0.         0.         0.         0.         0.         0.01       0.         0.         0.        ],[0. 0. 0. 0. 1. 0. 0. 0. 0. 0. 0. 0. 0. 0. 0. 0. 0. 0. 0. 0. 0. 0. 0. 0. 0. 0. 0. 1. 0. 0. 0.],500,100,0.3,0.0015,1,23,random,43,first
459,0.0002497580685795747,0.0002497580685795747,0.001646436973489807,[0.         0.         0.         0.         0.14938398 0.         0.         0.         0.         0.         0.         0.         0.         0.         0.         0.         0.         0.         0.         0.         0.         0.         0.         0.         0.         0.         0.         0.01       0.         0.         0.        ],[0. 0. 0. 0. 1. 0. 0. 0. 0. 0. 0. 0. 0. 0. 0. 0. 0. 0. 0. 0. 0. 0. 0. 0. 0. 0. 0. 1. 0. 0. 0.],500,100,0.3,0.0015,1,23,random,43,first
460,0.0002497580685795747,0.0002497580685795747,0.001646436973489807,[0.         0.         0.         0.         0.14938398 0.         0.         0.         0.         0.         0.         0.         0.         0.         0.         0.         0.         0.         0.         0.         0.         0.         0.         0.         0.         0.         0.         0.01       0.         0.         0.        ],[0. 0. 0. 0. 1. 0. 0. 0. 0. 0. 0. 0. 0. 0. 0. 0. 0. 0. 0. 0. 0. 0. 0. 0. 0. 0. 0. 1. 0. 0. 0.],500,100,0.3,0.0015,1,23,random,43,first
461,0.0002497580685795747,0.0002497580685795747,0.001646436973489807,[0.         0.         0.         0.         0.14938398 0.         0.         0.         0.         0.         0.         0.         0.         0.         0.         0.         0.         0.         0.         0.         0.         0.         0.         0.         0.         0.         0.         0.01       0.         0.         0.        ],[0. 0. 0. 0. 1. 0. 0. 0. 0. 0. 0. 0. 0. 0. 0. 0. 0. 0. 0. 0. 0. 0. 0. 0. 0. 0. 0. 1. 0. 0. 0.],500,100,0.3,0.0015,1,23,random,43,first
462,0.0002497580685795747,0.0002497580685795747,0.001646436973489807,[0.         0.         0.         0.         0.14938398 0.         0.         0.         0.         0.         0.         0.         0.         0.         0.         0.         0.         0.         0.         0.         0.         0.         0.         0.         0.         0.         0.         0.01       0.         0.         0.        ],[0. 0. 0. 0. 1. 0. 0. 0. 0. 0. 0. 0. 0. 0. 0. 0. 0. 0. 0. 0. 0. 0. 0. 0. 0. 0. 0. 1. 0. 0. 0.],500,100,0.3,0.0015,1,23,random,43,first
463,0.0002497580685795747,0.0002497580685795747,0.001646436973489807,[0.         0.         0.         0.         0.14938398 0.         0.         0.         0.         0.         0.         0.         0.         0.         0.         0.         0.         0.         0.         0.         0.         0.         0.         0.         0.         0.         0.         0.01       0.         0.         0.        ],[0. 0. 0. 0. 1. 0. 0. 0. 0. 0. 0. 0. 0. 0. 0. 0. 0. 0. 0. 0. 0. 0. 0. 0. 0. 0. 0. 1. 0. 0. 0.],500,100,0.3,0.0015,1,23,random,43,first
464,0.0002497580685795747,0.0002497580685795747,0.001646436973489807,[0.         0.         0.         0.         0.14938398 0.         0.         0.         0.         0.         0.         0.         0.         0.         0.         0.         0.         0.         0.         0.         0.         0.         0.         0.         0.         0.         0.         0.01       0.         0.         0.        ],[0. 0. 0. 0. 1. 0. 0. 0. 0. 0. 0. 0. 0. 0. 0. 0. 0. 0. 0. 0. 0. 0. 0. 0. 0. 0. 0. 1. 0. 0. 0.],500,100,0.3,0.0015,1,23,random,43,first
465,0.0002497580685795747,0.0002497580685795747,0.001646436973489807,[0.         0.         0.         0.         0.14938398 0.         0.         0.         0.         0.         0.         0.         0.         0.         0.         0.         0.         0.         0.         0.         0.         0.         0.         0.         0.         0.         0.         0.01       0.         0.         0.        ],[0. 0. 0. 0. 1. 0. 0. 0. 0. 0. 0. 0. 0. 0. 0. 0. 0. 0. 0. 0. 0. 0. 0. 0. 0. 0. 0. 1. 0. 0. 0.],500,100,0.3,0.0015,1,23,random,43,first
466,0.0002497580685795747,0.0002497580685795747,0.001646436973489807,[0.         0.         0.         0.         0.14938398 0.         0.         0.         0.         0.         0.         0.         0.         0.         0.         0.         0.         0.         0.         0.         0.         0.         0.         0.         0.         0.         0.         0.01       0.         0.         0.        ],[0. 0. 0. 0. 1. 0. 0. 0. 0. 0. 0. 0. 0. 0. 0. 0. 0. 0. 0. 0. 0. 0. 0. 0. 0. 0. 0. 1. 0. 0. 0.],500,100,0.3,0.0015,1,23,random,43,first
467,0.0002497580685795747,0.0002497580685795747,0.001646436973489807,[0.         0.         0.         0.         0.14938398 0.         0.         0.         0.         0.         0.         0.         0.         0.         0.         0.         0.         0.         0.         0.         0.         0.         0.         0.         0.         0.         0.         0.01       0.         0.         0.        ],[0. 0. 0. 0. 1. 0. 0. 0. 0. 0. 0. 0. 0. 0. 0. 0. 0. 0. 0. 0. 0. 0. 0. 0. 0. 0. 0. 1. 0. 0. 0.],500,100,0.3,0.0015,1,23,random,43,first
468,0.0002497580685795747,0.0002497580685795747,0.001646436973489807,[0.         0.         0.         0.         0.14938398 0.         0.         0.         0.         0.         0.         0.         0.         0.         0.         0.         0.         0.         0.         0.         0.         0.         0.         0.         0.         0.         0.         0.01       0.         0.         0.        ],[0. 0. 0. 0. 1. 0. 0. 0. 0. 0. 0. 0. 0. 0. 0. 0. 0. 0. 0. 0. 0. 0. 0. 0. 0. 0. 0. 1. 0. 0. 0.],500,100,0.3,0.0015,1,23,random,43,first
469,0.0002497580685795747,0.0002497580685795747,0.001646436973489807,[0.         0.         0.         0.         0.14938398 0.         0.         0.         0.         0.         0.         0.         0.         0.         0.         0.         0.         0.         0.         0.         0.         0.         0.         0.         0.         0.         0.         0.01       0.         0.         0.        ],[0. 0. 0. 0. 1. 0. 0. 0. 0. 0. 0. 0. 0. 0. 0. 0. 0. 0. 0. 0. 0. 0. 0. 0. 0. 0. 0. 1. 0. 0. 0.],500,100,0.3,0.0015,1,23,random,43,first
470,0.0002497580685795747,0.0002497580685795747,0.001646436973489807,[0.         0.         0.         0.         0.14938398 0.         0.         0.         0.         0.         0.         0.         0.         0.         0.         0.         0.         0.         0.         0.         0.         0.         0.         0.         0.         0.         0.         0.01       0.         0.         0.        ],[0. 0. 0. 0. 1. 0. 0. 0. 0. 0. 0. 0. 0. 0. 0. 0. 0. 0. 0. 0. 0. 0. 0. 0. 0. 0. 0. 1. 0. 0. 0.],500,100,0.3,0.0015,1,23,random,43,first
471,0.0002497580685795747,0.0002497580685795747,0.001646436973489807,[0.         0.         0.         0.         0.14938398 0.         0.         0.         0.         0.         0.         0.         0.         0.         0.         0.         0.         0.         0.         0.         0.         0.         0.         0.         0.         0.         0.         0.01       0.         0.         0.        ],[0. 0. 0. 0. 1. 0. 0. 0. 0. 0. 0. 0. 0. 0. 0. 0. 0. 0. 0. 0. 0. 0. 0. 0. 0. 0. 0. 1. 0. 0. 0.],500,100,0.3,0.0015,1,23,random,43,first
472,0.0002497580685795747,0.0002497580685795747,0.001646436973489807,[0.         0.         0.         0.         0.14938398 0.         0.         0.         0.         0.         0.         0.         0.         0.         0.         0.         0.         0.         0.         0.         0.         0.         0.         0.         0.         0.         0.         0.01       0.         0.         0.        ],[0. 0. 0. 0. 1. 0. 0. 0. 0. 0. 0. 0. 0. 0. 0. 0. 0. 0. 0. 0. 0. 0. 0. 0. 0. 0. 0. 1. 0. 0. 0.],500,100,0.3,0.0015,1,23,random,43,first
473,0.0002497580685795747,0.0002497580685795747,0.001646436973489807,[0.         0.         0.         0.         0.14938398 0.         0.         0.         0.         0.         0.         0.         0.         0.         0.         0.         0.         0.         0.         0.         0.         0.         0.         0.         0.         0.         0.         0.01       0.         0.         0.        ],[0. 0. 0. 0. 1. 0. 0. 0. 0. 0. 0. 0. 0. 0. 0. 0. 0. 0. 0. 0. 0. 0. 0. 0. 0. 0. 0. 1. 0. 0. 0.],500,100,0.3,0.0015,1,23,random,43,first
474,0.0002497580685795747,0.0002497580685795747,0.001646436973489807,[0.         0.         0.         0.         0.14938398 0.         0.         0.         0.         0.         0.         0.         0.         0.         0.         0.         0.         0.         0.         0.         0.         0.         0.         0.         0.         0.         0.         0.01       0.         0.         0.        ],[0. 0. 0. 0. 1. 0. 0. 0. 0. 0. 0. 0. 0. 0. 0. 0. 0. 0. 0. 0. 0. 0. 0. 0. 0. 0. 0. 1. 0. 0. 0.],500,100,0.3,0.0015,1,23,random,43,first
475,0.0002497580685795747,0.0002497580685795747,0.001646436973489807,[0.         0.         0.         0.         0.14938398 0.         0.         0.         0.         0.         0.         0.         0.         0.         0.         0.         0.         0.         0.         0.         0.         0.         0.         0.         0.         0.         0.         0.01       0.         0.         0.        ],[0. 0. 0. 0. 1. 0. 0. 0. 0. 0. 0. 0. 0. 0. 0. 0. 0. 0. 0. 0. 0. 0. 0. 0. 0. 0. 0. 1. 0. 0. 0.],500,100,0.3,0.0015,1,23,random,43,first
476,0.0002497580685795747,0.0002497580685795747,0.001646436973489807,[0.         0.         0.         0.         0.14938398 0.         0.         0.         0.         0.         0.         0.         0.         0.         0.         0.         0.         0.         0.         0.         0.         0.         0.         0.         0.         0.         0.         0.01       0.         0.         0.        ],[0. 0. 0. 0. 1. 0. 0. 0. 0. 0. 0. 0. 0. 0. 0. 0. 0. 0. 0. 0. 0. 0. 0. 0. 0. 0. 0. 1. 0. 0. 0.],500,100,0.3,0.0015,1,23,random,43,first
477,0.0002497580685795747,0.0002497580685795747,0.001646436973489807,[0.         0.         0.         0.         0.14938398 0.         0.         0.         0.         0.         0.         0.         0.         0.         0.         0.         0.         0.         0.         0.         0.         0.         0.         0.         0.         0.         0.         0.01       0.         0.         0.        ],[0. 0. 0. 0. 1. 0. 0. 0. 0. 0. 0. 0. 0. 0. 0. 0. 0. 0. 0. 0. 0. 0. 0. 0. 0. 0. 0. 1. 0. 0. 0.],500,100,0.3,0.0015,1,23,random,43,first
478,0.0002497580685795747,0.0002497580685795747,0.001646436973489807,[0.         0.         0.         0.         0.14938398 0.         0.         0.         0.         0.         0.         0.         0.         0.         0.         0.         0.         0.         0.         0.         0.         0.         0.         0.         0.         0.         0.         0.01       0.         0.         0.        ],[0. 0. 0. 0. 1. 0. 0. 0. 0. 0. 0. 0. 0. 0. 0. 0. 0. 0. 0. 0. 0. 0. 0. 0. 0. 0. 0. 1. 0. 0. 0.],500,100,0.3,0.0015,1,23,random,43,first
479,0.0002497580685795747,0.0002497580685795747,0.001646436973489807,[0.         0.         0.         0.         0.14938398 0.         0.         0.         0.         0.         0.         0.         0.         0.         0.         0.         0.         0.         0.         0.         0.         0.         0.         0.         0.         0.         0.         0.01       0.         0.         0.        ],[0. 0. 0. 0. 1. 0. 0. 0. 0. 0. 0. 0. 0. 0. 0. 0. 0. 0. 0. 0. 0. 0. 0. 0. 0. 0. 0. 1. 0. 0. 0.],500,100,0.3,0.0015,1,23,random,43,first
480,0.0002497580685795747,0.0002497580685795747,0.001646436973489807,[0.         0.         0.         0.         0.14938398 0.         0.         0.         0.         0.         0.         0.         0.         0.         0.         0.         0.         0.         0.         0.         0.         0.         0.         0.         0.         0.         0.         0.01       0.         0.         0.        ],[0. 0. 0. 0. 1. 0. 0. 0. 0. 0. 0. 0. 0. 0. 0. 0. 0. 0. 0. 0. 0. 0. 0. 0. 0. 0. 0. 1. 0. 0. 0.],500,100,0.3,0.0015,1,23,random,43,first
481,0.0002497580685795747,0.0002497580685795747,0.001646436973489807,[0.         0.         0.         0.         0.14938398 0.         0.         0.         0.         0.         0.         0.         0.         0.         0.         0.         0.         0.         0.         0.         0.         0.         0.         0.         0.         0.         0.         0.01       0.         0.         0.        ],[0. 0. 0. 0. 1. 0. 0. 0. 0. 0. 0. 0. 0. 0. 0. 0. 0. 0. 0. 0. 0. 0. 0. 0. 0. 0. 0. 1. 0. 0. 0.],500,100,0.3,0.0015,1,23,random,43,first
482,0.0002497580685795747,0.0002497580685795747,0.001646436973489807,[0.         0.         0.         0.         0.14938398 0.         0.         0.         0.         0.         0.         0.         0.         0.         0.         0.         0.         0.         0.         0.         0.         0.         0.         0.         0.         0.         0.         0.01       0.         0.         0.        ],[0. 0. 0. 0. 1. 0. 0. 0. 0. 0. 0. 0. 0. 0. 0. 0. 0. 0. 0. 0. 0. 0. 0. 0. 0. 0. 0. 1. 0. 0. 0.],500,100,0.3,0.0015,1,23,random,43,first
483,0.0002497580685795747,0.0002497580685795747,0.001646436973489807,[0.         0.         0.         0.         0.14938398 0.         0.         0.         0.         0.         0.         0.         0.         0.         0.         0.         0.         0.         0.         0.         0.         0.         0.         0.         0.         0.         0.         0.01       0.         0.         0.        ],[0. 0. 0. 0. 1. 0. 0. 0. 0. 0. 0. 0. 0. 0. 0. 0. 0. 0. 0. 0. 0. 0. 0. 0. 0. 0. 0. 1. 0. 0. 0.],500,100,0.3,0.0015,1,23,random,43,first
484,0.0002497580685795747,0.0002497580685795747,0.001646436973489807,[0.         0.         0.         0.         0.14938398 0.         0.         0.         0.         0.         0.         0.         0.         0.         0.         0.         0.         0.         0.         0.         0.         0.         0.         0.         0.         0.         0.         0.01       0.         0.         0.        ],[0. 0. 0. 0. 1. 0. 0. 0. 0. 0. 0. 0. 0. 0. 0. 0. 0. 0. 0. 0. 0. 0. 0. 0. 0. 0. 0. 1. 0. 0. 0.],500,100,0.3,0.0015,1,23,random,43,first
485,0.0002497580685795747,0.0002497580685795747,0.001646436973489807,[0.         0.         0.         0.         0.14938398 0.         0.         0.         0.         0.         0.         0.         0.         0.         0.         0.         0.         0.         0.         0.         0.         0.         0.         0.         0.         0.         0.         0.01       0.         0.         0.        ],[0. 0. 0. 0. 1. 0. 0. 0. 0. 0. 0. 0. 0. 0. 0. 0. 0. 0. 0. 0. 0. 0. 0. 0. 0. 0. 0. 1. 0. 0. 0.],500,100,0.3,0.0015,1,23,random,43,first
486,0.0002497580685795747,0.0002497580685795747,0.001646436973489807,[0.         0.         0.         0.         0.14938398 0.         0.         0.         0.         0.         0.         0.         0.         0.         0.         0.         0.         0.         0.         0.         0.         0.         0.         0.         0.         0.         0.         0.01       0.         0.         0.        ],[0. 0. 0. 0. 1. 0. 0. 0. 0. 0. 0. 0. 0. 0. 0. 0. 0. 0. 0. 0. 0. 0. 0. 0. 0. 0. 0. 1. 0. 0. 0.],500,100,0.3,0.0015,1,23,random,43,first
487,0.0002497580685795747,0.0002497580685795747,0.001646436973489807,[0.         0.         0.         0.         0.14938398 0.         0.         0.         0.         0.         0.         0.         0.         0.         0.         0.         0.         0.         0.         0.         0.         0.         0.         0.         0.         0.         0.         0.01       0.         0.         0.        ],[0. 0. 0. 0. 1. 0. 0. 0. 0. 0. 0. 0. 0. 0. 0. 0. 0. 0. 0. 0. 0. 0. 0. 0. 0. 0. 0. 1. 0. 0. 0.],500,100,0.3,0.0015,1,23,random,43,first
488,0.0002497580685795747,0.0002497580685795747,0.001646436973489807,[0.         0.         0.         0.         0.14938398 0.         0.         0.         0.         0.         0.         0.         0.         0.         0.         0.         0.         0.         0.         0.         0.         0.         0.         0.         0.         0.         0.         0.01       0.         0.         0.        ],[0. 0. 0. 0. 1. 0. 0. 0. 0. 0. 0. 0. 0. 0. 0. 0. 0. 0. 0. 0. 0. 0. 0. 0. 0. 0. 0. 1. 0. 0. 0.],500,100,0.3,0.0015,1,23,random,43,first
489,0.0002497580685795747,0.0002497580685795747,0.001646436973489807,[0.         0.         0.         0.         0.14938398 0.         0.         0.         0.         0.         0.         0.         0.         0.         0.         0.         0.         0.         0.         0.         0.         0.         0.         0.         0.         0.         0.         0.01       0.         0.         0.        ],[0. 0. 0. 0. 1. 0. 0. 0. 0. 0. 0. 0. 0. 0. 0. 0. 0. 0. 0. 0. 0. 0. 0. 0. 0. 0. 0. 1. 0. 0. 0.],500,100,0.3,0.0015,1,23,random,43,first
490,0.0002497580685795747,0.0002497580685795747,0.001646436973489807,[0.         0.         0.         0.         0.14938398 0.         0.         0.         0.         0.         0.         0.         0.         0.         0.         0.         0.         0.         0.         0.         0.         0.         0.         0.         0.         0.         0.         0.01       0.         0.         0.        ],[0. 0. 0. 0. 1. 0. 0. 0. 0. 0. 0. 0. 0. 0. 0. 0. 0. 0. 0. 0. 0. 0. 0. 0. 0. 0. 0. 1. 0. 0. 0.],500,100,0.3,0.0015,1,23,random,43,first
491,0.0002497580685795747,0.0002497580685795747,0.001646436973489807,[0.         0.         0.         0.         0.14938398 0.         0.         0.         0.         0.         0.         0.         0.         0.         0.         0.         0.         0.         0.         0.         0.         0.         0.         0.         0.         0.         0.         0.01       0.         0.         0.        ],[0. 0. 0. 0. 1. 0. 0. 0. 0. 0. 0. 0. 0. 0. 0. 0. 0. 0. 0. 0. 0. 0. 0. 0. 0. 0. 0. 1. 0. 0. 0.],500,100,0.3,0.0015,1,23,random,43,first
492,0.0002497580685795747,0.0002497580685795747,0.001646436973489807,[0.         0.         0.         0.         0.14938398 0.         0.         0.         0.         0.         0.         0.         0.         0.         0.         0.         0.         0.         0.         0.         0.         0.         0.         0.         0.         0.         0.         0.01       0.         0.         0.        ],[0. 0. 0. 0. 1. 0. 0. 0. 0. 0. 0. 0. 0. 0. 0. 0. 0. 0. 0. 0. 0. 0. 0. 0. 0. 0. 0. 1. 0. 0. 0.],500,100,0.3,0.0015,1,23,random,43,first
493,0.0002497580685795747,0.0002497580685795747,0.001646436973489807,[0.         0.         0.         0.         0.14938398 0.         0.         0.         0.         0.         0.         0.         0.         0.         0.         0.         0.         0.         0.         0.         0.         0.         0.         0.         0.         0.         0.         0.01       0.         0.         0.        ],[0. 0. 0. 0. 1. 0. 0. 0. 0. 0. 0. 0. 0. 0. 0. 0. 0. 0. 0. 0. 0. 0. 0. 0. 0. 0. 0. 1. 0. 0. 0.],500,100,0.3,0.0015,1,23,random,43,first
494,0.0002497580685795747,0.0002497580685795747,0.001646436973489807,[0.         0.         0.         0.         0.14938398 0.         0.         0.         0.         0.         0.         0.         0.         0.         0.         0.         0.         0.         0.         0.         0.         0.         0.         0.         0.         0.         0.         0.01       0.         0.         0.        ],[0. 0. 0. 0. 1. 0. 0. 0. 0. 0. 0. 0. 0. 0. 0. 0. 0. 0. 0. 0. 0. 0. 0. 0. 0. 0. 0. 1. 0. 0. 0.],500,100,0.3,0.0015,1,23,random,43,first
495,0.0002497580685795747,0.0002497580685795747,0.001646436973489807,[0.         0.         0.         0.         0.14938398 0.         0.         0.         0.         0.         0.         0.         0.         0.         0.         0.         0.         0.         0.         0.         0.         0.         0.         0.         0.         0.         0.         0.01       0.         0.         0.        ],[0. 0. 0. 0. 1. 0. 0. 0. 0. 0. 0. 0. 0. 0. 0. 0. 0. 0. 0. 0. 0. 0. 0. 0. 0. 0. 0. 1. 0. 0. 0.],500,100,0.3,0.0015,1,23,random,43,first
496,0.0002497580685795747,0.0002497580685795747,0.001646436973489807,[0.         0.         0.         0.         0.14938398 0.         0.         0.         0.         0.         0.         0.         0.         0.         0.         0.         0.         0.         0.         0.         0.         0.         0.         0.         0.         0.         0.         0.01       0.         0.         0.        ],[0. 0. 0. 0. 1. 0. 0. 0. 0. 0. 0. 0. 0. 0. 0. 0. 0. 0. 0. 0. 0. 0. 0. 0. 0. 0. 0. 1. 0. 0. 0.],500,100,0.3,0.0015,1,23,random,43,first
497,0.0002497580685795747,0.0002497580685795747,0.001646436973489807,[0.         0.         0.         0.         0.14938398 0.         0.         0.         0.         0.         0.         0.         0.         0.         0.         0.         0.         0.         0.         0.         0.         0.         0.         0.         0.         0.         0.         0.01       0.         0.         0.        ],[0. 0. 0. 0. 1. 0. 0. 0. 0. 0. 0. 0. 0. 0. 0. 0. 0. 0. 0. 0. 0. 0. 0. 0. 0. 0. 0. 1. 0. 0. 0.],500,100,0.3,0.0015,1,23,random,43,first
498,0.0002497580685795747,0.0002497580685795747,0.001646436973489807,[0.         0.         0.         0.         0.14938398 0.         0.         0.         0.         0.         0.         0.         0.         0.         0.         0.         0.         0.         0.         0.         0.         0.         0.         0.         0.         0.         0.         0.01       0.         0.         0.        ],[0. 0. 0. 0. 1. 0. 0. 0. 0. 0. 0. 0. 0. 0. 0. 0. 0. 0. 0. 0. 0. 0. 0. 0. 0. 0. 0. 1. 0. 0. 0.],500,100,0.3,0.0015,1,23,random,43,first
499,0.0002497580685795747,0.0002497580685795747,0.001646436973489807,[0.         0.         0.         0.         0.14938398 0.         0.         0.         0.         0.         0.         0.         0.         0.         0.         0.         0.         0.         0.         0.         0.         0.         0.         0.         0.         0.         0.         0.01       0.         0.         0.        ],[0. 0. 0. 0. 1. 0. 0. 0. 0. 0. 0. 0. 0. 0. 0. 0. 0. 0. 0. 0. 0. 0. 0. 0. 0. 0. 0. 1. 0. 0. 0.],500,100,0.3,0.0015,1,23,random,43,first
