iter,obj,aug_obj,return,X,Z,Q,max_iter,neighbours,alpha,exp_return,n_port,k,move_strategy,seed,selection_strategy,tag
0,0.2039209870743909,0.2039209870743909,0.004127559615,[0.       0.       0.       0.125086 0.       0.       0.       0.       0.       0.       0.       0.125071 0.       0.       0.       0.       0.       0.       0.       0.       0.       0.       0.121469 0.125355 0.       0.       0.       0.260194 0.120531 0.       0.122295],[0. 0. 0. 1. 0. 0. 0. 0. 0. 0. 0. 1. 0. 0. 0. 0. 0. 0. 0. 0. 0. 0. 1. 1. 0. 0. 0. 1. 1. 0. 1.],7.0,1000,100,0.01,0.0015,1,6,idID,,random,single_objective
1,0.20075433042894994,0.20075433042894994,0.004127559615,[0.       0.       0.       0.121569 0.       0.       0.       0.       0.       0.       0.       0.121566 0.       0.       0.       0.       0.       0.       0.       0.       0.       0.       0.120945 0.121615 0.       0.       0.       0.272433 0.120784 0.       0.121088],[0. 0. 0. 1. 0. 0. 0. 0. 0. 0. 0. 1. 0. 0. 0. 0. 0. 0. 0. 0. 0. 0. 1. 1. 0. 0. 0. 1. 1. 0. 1.],7.0,1000,100,0.01,0.0015,1,6,idID,,random,single_objective
2,0.20042681863606046,0.20042681863606046,0.004127559615,[0.       0.       0.       0.121111 0.       0.       0.       0.       0.       0.       0.       0.12111  0.       0.       0.       0.       0.       0.       0.       0.       0.       0.       0.121003 0.121119 0.       0.       0.       0.273655 0.120975 0.       0.121027],[0. 0. 0. 1. 0. 0. 0. 0. 0. 0. 0. 1. 0. 0. 0. 0. 0. 0. 0. 0. 0. 0. 1. 1. 0. 0. 0. 1. 1. 0. 1.],7.0,1000,100,0.01,0.0015,1,6,idID,,random,single_objective
3,0.20039238238399465,0.20039238238399465,0.004127559615,[0.       0.       0.       0.121046 0.       0.       0.       0.       0.       0.       0.       0.121046 0.       0.       0.       0.       0.       0.       0.       0.       0.       0.       0.121028 0.121048 0.       0.       0.       0.273778 0.121023 0.       0.121032],[0. 0. 0. 1. 0. 0. 0. 0. 0. 0. 0. 1. 0. 0. 0. 0. 0. 0. 0. 0. 0. 0. 1. 1. 0. 0. 0. 1. 1. 0. 1.],7.0,1000,100,0.01,0.0015,1,6,idID,,random,single_objective
4,0.20038865418510482,0.20038865418510482,0.004127559615,[0.       0.       0.       0.121037 0.       0.       0.       0.       0.       0.       0.       0.121037 0.       0.       0.       0.       0.       0.       0.       0.       0.       0.       0.121033 0.121037 0.       0.       0.       0.27379  0.121033 0.       0.121034],[0. 0. 0. 1. 0. 0. 0. 0. 0. 0. 0. 1. 0. 0. 0. 0. 0. 0. 0. 0. 0. 0. 1. 1. 0. 0. 0. 1. 1. 0. 1.],7.0,1000,100,0.01,0.0015,1,6,idID,,random,single_objective
5,0.20038727315632376,0.20038727315632376,0.004127559615,[0.       0.       0.       0.121035 0.       0.       0.       0.       0.       0.       0.       0.121035 0.       0.       0.       0.       0.       0.       0.       0.       0.       0.       0.121034 0.121035 0.       0.       0.       0.273791 0.121034 0.       0.121035],[0. 0. 0. 1. 0. 0. 0. 0. 0. 0. 0. 1. 0. 0. 0. 0. 0. 0. 0. 0. 0. 0. 1. 1. 0. 0. 0. 1. 1. 0. 1.],7.0,1000,100,0.01,0.0015,1,6,idID,,random,single_objective
6,0.20038727315632376,0.20038727315632376,0.004127559615,[0.       0.       0.       0.121035 0.       0.       0.       0.       0.       0.       0.       0.121035 0.       0.       0.       0.       0.       0.       0.       0.       0.       0.       0.121034 0.121035 0.       0.       0.       0.273791 0.121034 0.       0.121035],[0. 0. 0. 1. 0. 0. 0. 0. 0. 0. 0. 1. 0. 0. 0. 0. 0. 0. 0. 0. 0. 0. 1. 1. 0. 0. 0. 1. 1. 0. 1.],7.0,1000,100,0.01,0.0015,1,6,idID,,random,single_objective
7,0.20038727315632376,0.20324994848712838,0.004127559615,[0.       0.       0.       0.121035 0.       0.       0.       0.       0.       0.       0.       0.121035 0.       0.       0.       0.       0.       0.       0.       0.       0.       0.       0.121034 0.121035 0.       0.       0.       0.273791 0.121034 0.       0.121035],[0. 0. 0. 1. 0. 0. 0. 0. 0. 0. 0. 1. 0. 0. 0. 0. 0. 0. 0. 0. 0. 0. 1. 1. 0. 0. 0. 1. 1. 0. 1.],7.0,1000,100,0.01,0.0015,1,6,idID,,random,single_objective
8,0.20038727315632376,0.20611262381793302,0.004127559615,[0.       0.       0.       0.121035 0.       0.       0.       0.       0.       0.       0.       0.121035 0.       0.       0.       0.       0.       0.       0.       0.       0.       0.       0.121034 0.121035 0.       0.       0.       0.273791 0.121034 0.       0.121035],[0. 0. 0. 1. 0. 0. 0. 0. 0. 0. 0. 1. 0. 0. 0. 0. 0. 0. 0. 0. 0. 0. 1. 1. 0. 0. 0. 1. 1. 0. 1.],7.0,1000,100,0.01,0.0015,1,6,idID,,random,single_objective
9,0.20038727315632376,0.20897529914873764,0.004127559615,[0.       0.       0.       0.121035 0.       0.       0.       0.       0.       0.       0.       0.121035 0.       0.       0.       0.       0.       0.       0.       0.       0.       0.       0.121034 0.121035 0.       0.       0.       0.273791 0.121034 0.       0.121035],[0. 0. 0. 1. 0. 0. 0. 0. 0. 0. 0. 1. 0. 0. 0. 0. 0. 0. 0. 0. 0. 0. 1. 1. 0. 0. 0. 1. 1. 0. 1.],7.0,1000,100,0.01,0.0015,1,6,idID,,random,single_objective
10,0.20038727315632376,0.21183797447954228,0.004127559615,[0.       0.       0.       0.121035 0.       0.       0.       0.       0.       0.       0.       0.121035 0.       0.       0.       0.       0.       0.       0.       0.       0.       0.       0.121034 0.121035 0.       0.       0.       0.273791 0.121034 0.       0.121035],[0. 0. 0. 1. 0. 0. 0. 0. 0. 0. 0. 1. 0. 0. 0. 0. 0. 0. 0. 0. 0. 0. 1. 1. 0. 0. 0. 1. 1. 0. 1.],7.0,1000,100,0.01,0.0015,1,6,idID,,random,single_objective
11,0.20038727315632376,0.2147006498103469,0.004127559615,[0.       0.       0.       0.121035 0.       0.       0.       0.       0.       0.       0.       0.121035 0.       0.       0.       0.       0.       0.       0.       0.       0.       0.       0.121034 0.121035 0.       0.       0.       0.273791 0.121034 0.       0.121035],[0. 0. 0. 1. 0. 0. 0. 0. 0. 0. 0. 1. 0. 0. 0. 0. 0. 0. 0. 0. 0. 0. 1. 1. 0. 0. 0. 1. 1. 0. 1.],7.0,1000,100,0.01,0.0015,1,6,idID,,random,single_objective
12,0.20038727315632376,0.2175633251411515,0.004127559615,[0.       0.       0.       0.121035 0.       0.       0.       0.       0.       0.       0.       0.121035 0.       0.       0.       0.       0.       0.       0.       0.       0.       0.       0.121034 0.121035 0.       0.       0.       0.273791 0.121034 0.       0.121035],[0. 0. 0. 1. 0. 0. 0. 0. 0. 0. 0. 1. 0. 0. 0. 0. 0. 0. 0. 0. 0. 0. 1. 1. 0. 0. 0. 1. 1. 0. 1.],7.0,1000,100,0.01,0.0015,1,6,idID,,random,single_objective
13,0.20038727315632376,0.22042600047195615,0.004127559615,[0.       0.       0.       0.121035 0.       0.       0.       0.       0.       0.       0.       0.121035 0.       0.       0.       0.       0.       0.       0.       0.       0.       0.       0.121034 0.121035 0.       0.       0.       0.273791 0.121034 0.       0.121035],[0. 0. 0. 1. 0. 0. 0. 0. 0. 0. 0. 1. 0. 0. 0. 0. 0. 0. 0. 0. 0. 0. 1. 1. 0. 0. 0. 1. 1. 0. 1.],7.0,1000,100,0.01,0.0015,1,6,idID,,random,single_objective
14,0.20038727315632376,0.22328867580276077,0.004127559615,[0.       0.       0.       0.121035 0.       0.       0.       0.       0.       0.       0.       0.121035 0.       0.       0.       0.       0.       0.       0.       0.       0.       0.       0.121034 0.121035 0.       0.       0.       0.273791 0.121034 0.       0.121035],[0. 0. 0. 1. 0. 0. 0. 0. 0. 0. 0. 1. 0. 0. 0. 0. 0. 0. 0. 0. 0. 0. 1. 1. 0. 0. 0. 1. 1. 0. 1.],7.0,1000,100,0.01,0.0015,1,6,idID,,random,single_objective
15,0.20038727315632376,0.22615135113356538,0.004127559615,[0.       0.       0.       0.121035 0.       0.       0.       0.       0.       0.       0.       0.121035 0.       0.       0.       0.       0.       0.       0.       0.       0.       0.       0.121034 0.121035 0.       0.       0.       0.273791 0.121034 0.       0.121035],[0. 0. 0. 1. 0. 0. 0. 0. 0. 0. 0. 1. 0. 0. 0. 0. 0. 0. 0. 0. 0. 0. 1. 1. 0. 0. 0. 1. 1. 0. 1.],7.0,1000,100,0.01,0.0015,1,6,idID,,random,single_objective
16,0.20038727315632376,0.22901402646437002,0.004127559615,[0.       0.       0.       0.121035 0.       0.       0.       0.       0.       0.       0.       0.121035 0.       0.       0.       0.       0.       0.       0.       0.       0.       0.       0.121034 0.121035 0.       0.       0.       0.273791 0.121034 0.       0.121035],[0. 0. 0. 1. 0. 0. 0. 0. 0. 0. 0. 1. 0. 0. 0. 0. 0. 0. 0. 0. 0. 0. 1. 1. 0. 0. 0. 1. 1. 0. 1.],7.0,1000,100,0.01,0.0015,1,6,idID,,random,single_objective
17,0.20038727315632376,0.23187670179517464,0.004127559615,[0.       0.       0.       0.121035 0.       0.       0.       0.       0.       0.       0.       0.121035 0.       0.       0.       0.       0.       0.       0.       0.       0.       0.       0.121034 0.121035 0.       0.       0.       0.273791 0.121034 0.       0.121035],[0. 0. 0. 1. 0. 0. 0. 0. 0. 0. 0. 1. 0. 0. 0. 0. 0. 0. 0. 0. 0. 0. 1. 1. 0. 0. 0. 1. 1. 0. 1.],7.0,1000,100,0.01,0.0015,1,6,idID,,random,single_objective
18,0.20038727315632376,0.23473937712597925,0.004127559615,[0.       0.       0.       0.121035 0.       0.       0.       0.       0.       0.       0.       0.121035 0.       0.       0.       0.       0.       0.       0.       0.       0.       0.       0.121034 0.121035 0.       0.       0.       0.273791 0.121034 0.       0.121035],[0. 0. 0. 1. 0. 0. 0. 0. 0. 0. 0. 1. 0. 0. 0. 0. 0. 0. 0. 0. 0. 0. 1. 1. 0. 0. 0. 1. 1. 0. 1.],7.0,1000,100,0.01,0.0015,1,6,idID,,random,single_objective
19,0.20038727315632376,0.2376020524567839,0.004127559615,[0.       0.       0.       0.121035 0.       0.       0.       0.       0.       0.       0.       0.121035 0.       0.       0.       0.       0.       0.       0.       0.       0.       0.       0.121034 0.121035 0.       0.       0.       0.273791 0.121034 0.       0.121035],[0. 0. 0. 1. 0. 0. 0. 0. 0. 0. 0. 1. 0. 0. 0. 0. 0. 0. 0. 0. 0. 0. 1. 1. 0. 0. 0. 1. 1. 0. 1.],7.0,1000,100,0.01,0.0015,1,6,idID,,random,single_objective
20,0.20038727315632376,0.2404647277875885,0.004127559615,[0.       0.       0.       0.121035 0.       0.       0.       0.       0.       0.       0.       0.121035 0.       0.       0.       0.       0.       0.       0.       0.       0.       0.       0.121034 0.121035 0.       0.       0.       0.273791 0.121034 0.       0.121035],[0. 0. 0. 1. 0. 0. 0. 0. 0. 0. 0. 1. 0. 0. 0. 0. 0. 0. 0. 0. 0. 0. 1. 1. 0. 0. 0. 1. 1. 0. 1.],7.0,1000,100,0.01,0.0015,1,6,idID,,random,single_objective
21,0.20038727315632376,0.24332740311839313,0.004127559615,[0.       0.       0.       0.121035 0.       0.       0.       0.       0.       0.       0.       0.121035 0.       0.       0.       0.       0.       0.       0.       0.       0.       0.       0.121034 0.121035 0.       0.       0.       0.273791 0.121034 0.       0.121035],[0. 0. 0. 1. 0. 0. 0. 0. 0. 0. 0. 1. 0. 0. 0. 0. 0. 0. 0. 0. 0. 0. 1. 1. 0. 0. 0. 1. 1. 0. 1.],7.0,1000,100,0.01,0.0015,1,6,idID,,random,single_objective
22,0.20038727315632376,0.24619007844919777,0.004127559615,[0.       0.       0.       0.121035 0.       0.       0.       0.       0.       0.       0.       0.121035 0.       0.       0.       0.       0.       0.       0.       0.       0.       0.       0.121034 0.121035 0.       0.       0.       0.273791 0.121034 0.       0.121035],[0. 0. 0. 1. 0. 0. 0. 0. 0. 0. 0. 1. 0. 0. 0. 0. 0. 0. 0. 0. 0. 0. 1. 1. 0. 0. 0. 1. 1. 0. 1.],7.0,1000,100,0.01,0.0015,1,6,idID,,random,single_objective
23,0.20038727315632376,0.2490527537800024,0.004127559615,[0.       0.       0.       0.121035 0.       0.       0.       0.       0.       0.       0.       0.121035 0.       0.       0.       0.       0.       0.       0.       0.       0.       0.       0.121034 0.121035 0.       0.       0.       0.273791 0.121034 0.       0.121035],[0. 0. 0. 1. 0. 0. 0. 0. 0. 0. 0. 1. 0. 0. 0. 0. 0. 0. 0. 0. 0. 0. 1. 1. 0. 0. 0. 1. 1. 0. 1.],7.0,1000,100,0.01,0.0015,1,6,idID,,random,single_objective
24,0.20038727315632376,0.251915429110807,0.004127559615,[0.       0.       0.       0.121035 0.       0.       0.       0.       0.       0.       0.       0.121035 0.       0.       0.       0.       0.       0.       0.       0.       0.       0.       0.121034 0.121035 0.       0.       0.       0.273791 0.121034 0.       0.121035],[0. 0. 0. 1. 0. 0. 0. 0. 0. 0. 0. 1. 0. 0. 0. 0. 0. 0. 0. 0. 0. 0. 1. 1. 0. 0. 0. 1. 1. 0. 1.],7.0,1000,100,0.01,0.0015,1,6,idID,,random,single_objective
25,0.20038727315632376,0.25477810444161164,0.004127559615,[0.       0.       0.       0.121035 0.       0.       0.       0.       0.       0.       0.       0.121035 0.       0.       0.       0.       0.       0.       0.       0.       0.       0.       0.121034 0.121035 0.       0.       0.       0.273791 0.121034 0.       0.121035],[0. 0. 0. 1. 0. 0. 0. 0. 0. 0. 0. 1. 0. 0. 0. 0. 0. 0. 0. 0. 0. 0. 1. 1. 0. 0. 0. 1. 1. 0. 1.],7.0,1000,100,0.01,0.0015,1,6,idID,,random,single_objective
26,0.20038727315632376,0.2576407797724163,0.004127559615,[0.       0.       0.       0.121035 0.       0.       0.       0.       0.       0.       0.       0.121035 0.       0.       0.       0.       0.       0.       0.       0.       0.       0.       0.121034 0.121035 0.       0.       0.       0.273791 0.121034 0.       0.121035],[0. 0. 0. 1. 0. 0. 0. 0. 0. 0. 0. 1. 0. 0. 0. 0. 0. 0. 0. 0. 0. 0. 1. 1. 0. 0. 0. 1. 1. 0. 1.],7.0,1000,100,0.01,0.0015,1,6,idID,,random,single_objective
27,0.20038727315632376,0.2605034551032209,0.004127559615,[0.       0.       0.       0.121035 0.       0.       0.       0.       0.       0.       0.       0.121035 0.       0.       0.       0.       0.       0.       0.       0.       0.       0.       0.121034 0.121035 0.       0.       0.       0.273791 0.121034 0.       0.121035],[0. 0. 0. 1. 0. 0. 0. 0. 0. 0. 0. 1. 0. 0. 0. 0. 0. 0. 0. 0. 0. 0. 1. 1. 0. 0. 0. 1. 1. 0. 1.],7.0,1000,100,0.01,0.0015,1,6,idID,,random,single_objective
28,0.20038727315632376,0.2633661304340255,0.004127559615,[0.       0.       0.       0.121035 0.       0.       0.       0.       0.       0.       0.       0.121035 0.       0.       0.       0.       0.       0.       0.       0.       0.       0.       0.121034 0.121035 0.       0.       0.       0.273791 0.121034 0.       0.121035],[0. 0. 0. 1. 0. 0. 0. 0. 0. 0. 0. 1. 0. 0. 0. 0. 0. 0. 0. 0. 0. 0. 1. 1. 0. 0. 0. 1. 1. 0. 1.],7.0,1000,100,0.01,0.0015,1,6,idID,,random,single_objective
29,0.20038727315632376,0.26622880576483016,0.004127559615,[0.       0.       0.       0.121035 0.       0.       0.       0.       0.       0.       0.       0.121035 0.       0.       0.       0.       0.       0.       0.       0.       0.       0.       0.121034 0.121035 0.       0.       0.       0.273791 0.121034 0.       0.121035],[0. 0. 0. 1. 0. 0. 0. 0. 0. 0. 0. 1. 0. 0. 0. 0. 0. 0. 0. 0. 0. 0. 1. 1. 0. 0. 0. 1. 1. 0. 1.],7.0,1000,100,0.01,0.0015,1,6,idID,,random,single_objective
30,0.20038727315632376,0.26909148109563474,0.004127559615,[0.       0.       0.       0.121035 0.       0.       0.       0.       0.       0.       0.       0.121035 0.       0.       0.       0.       0.       0.       0.       0.       0.       0.       0.121034 0.121035 0.       0.       0.       0.273791 0.121034 0.       0.121035],[0. 0. 0. 1. 0. 0. 0. 0. 0. 0. 0. 1. 0. 0. 0. 0. 0. 0. 0. 0. 0. 0. 1. 1. 0. 0. 0. 1. 1. 0. 1.],7.0,1000,100,0.01,0.0015,1,6,idID,,random,single_objective
31,0.20038727315632376,0.2719541564264394,0.004127559615,[0.       0.       0.       0.121035 0.       0.       0.       0.       0.       0.       0.       0.121035 0.       0.       0.       0.       0.       0.       0.       0.       0.       0.       0.121034 0.121035 0.       0.       0.       0.273791 0.121034 0.       0.121035],[0. 0. 0. 1. 0. 0. 0. 0. 0. 0. 0. 1. 0. 0. 0. 0. 0. 0. 0. 0. 0. 0. 1. 1. 0. 0. 0. 1. 1. 0. 1.],7.0,1000,100,0.01,0.0015,1,6,idID,,random,single_objective
32,0.20038727315632376,0.27481683175724403,0.004127559615,[0.       0.       0.       0.121035 0.       0.       0.       0.       0.       0.       0.       0.121035 0.       0.       0.       0.       0.       0.       0.       0.       0.       0.       0.121034 0.121035 0.       0.       0.       0.273791 0.121034 0.       0.121035],[0. 0. 0. 1. 0. 0. 0. 0. 0. 0. 0. 1. 0. 0. 0. 0. 0. 0. 0. 0. 0. 0. 1. 1. 0. 0. 0. 1. 1. 0. 1.],7.0,1000,100,0.01,0.0015,1,6,idID,,random,single_objective
33,0.20038727315632376,0.27767950708804867,0.004127559615,[0.       0.       0.       0.121035 0.       0.       0.       0.       0.       0.       0.       0.121035 0.       0.       0.       0.       0.       0.       0.       0.       0.       0.       0.121034 0.121035 0.       0.       0.       0.273791 0.121034 0.       0.121035],[0. 0. 0. 1. 0. 0. 0. 0. 0. 0. 0. 1. 0. 0. 0. 0. 0. 0. 0. 0. 0. 0. 1. 1. 0. 0. 0. 1. 1. 0. 1.],7.0,1000,100,0.01,0.0015,1,6,idID,,random,single_objective
34,0.20038727315632376,0.28054218241885326,0.004127559615,[0.       0.       0.       0.121035 0.       0.       0.       0.       0.       0.       0.       0.121035 0.       0.       0.       0.       0.       0.       0.       0.       0.       0.       0.121034 0.121035 0.       0.       0.       0.273791 0.121034 0.       0.121035],[0. 0. 0. 1. 0. 0. 0. 0. 0. 0. 0. 1. 0. 0. 0. 0. 0. 0. 0. 0. 0. 0. 1. 1. 0. 0. 0. 1. 1. 0. 1.],7.0,1000,100,0.01,0.0015,1,6,idID,,random,single_objective
35,0.20038727315632376,0.2834048577496579,0.004127559615,[0.       0.       0.       0.121035 0.       0.       0.       0.       0.       0.       0.       0.121035 0.       0.       0.       0.       0.       0.       0.       0.       0.       0.       0.121034 0.121035 0.       0.       0.       0.273791 0.121034 0.       0.121035],[0. 0. 0. 1. 0. 0. 0. 0. 0. 0. 0. 1. 0. 0. 0. 0. 0. 0. 0. 0. 0. 0. 1. 1. 0. 0. 0. 1. 1. 0. 1.],7.0,1000,100,0.01,0.0015,1,6,idID,,random,single_objective
36,0.20038727315632376,0.2862675330804625,0.004127559615,[0.       0.       0.       0.121035 0.       0.       0.       0.       0.       0.       0.       0.121035 0.       0.       0.       0.       0.       0.       0.       0.       0.       0.       0.121034 0.121035 0.       0.       0.       0.273791 0.121034 0.       0.121035],[0. 0. 0. 1. 0. 0. 0. 0. 0. 0. 0. 1. 0. 0. 0. 0. 0. 0. 0. 0. 0. 0. 1. 1. 0. 0. 0. 1. 1. 0. 1.],7.0,1000,100,0.01,0.0015,1,6,idID,,random,single_objective
37,0.20038727315632376,0.28913020841126713,0.004127559615,[0.       0.       0.       0.121035 0.       0.       0.       0.       0.       0.       0.       0.121035 0.       0.       0.       0.       0.       0.       0.       0.       0.       0.       0.121034 0.121035 0.       0.       0.       0.273791 0.121034 0.       0.121035],[0. 0. 0. 1. 0. 0. 0. 0. 0. 0. 0. 1. 0. 0. 0. 0. 0. 0. 0. 0. 0. 0. 1. 1. 0. 0. 0. 1. 1. 0. 1.],7.0,1000,100,0.01,0.0015,1,6,idID,,random,single_objective
38,0.20038727315632376,0.2919928837420718,0.004127559615,[0.       0.       0.       0.121035 0.       0.       0.       0.       0.       0.       0.       0.121035 0.       0.       0.       0.       0.       0.       0.       0.       0.       0.       0.121034 0.121035 0.       0.       0.       0.273791 0.121034 0.       0.121035],[0. 0. 0. 1. 0. 0. 0. 0. 0. 0. 0. 1. 0. 0. 0. 0. 0. 0. 0. 0. 0. 0. 1. 1. 0. 0. 0. 1. 1. 0. 1.],7.0,1000,100,0.01,0.0015,1,6,idID,,random,single_objective
39,0.20038727315632376,0.2948555590728764,0.004127559615,[0.       0.       0.       0.121035 0.       0.       0.       0.       0.       0.       0.       0.121035 0.       0.       0.       0.       0.       0.       0.       0.       0.       0.       0.121034 0.121035 0.       0.       0.       0.273791 0.121034 0.       0.121035],[0. 0. 0. 1. 0. 0. 0. 0. 0. 0. 0. 1. 0. 0. 0. 0. 0. 0. 0. 0. 0. 0. 1. 1. 0. 0. 0. 1. 1. 0. 1.],7.0,1000,100,0.01,0.0015,1,6,idID,,random,single_objective
40,0.20038727315632376,0.29771823440368106,0.004127559615,[0.       0.       0.       0.121035 0.       0.       0.       0.       0.       0.       0.       0.121035 0.       0.       0.       0.       0.       0.       0.       0.       0.       0.       0.121034 0.121035 0.       0.       0.       0.273791 0.121034 0.       0.121035],[0. 0. 0. 1. 0. 0. 0. 0. 0. 0. 0. 1. 0. 0. 0. 0. 0. 0. 0. 0. 0. 0. 1. 1. 0. 0. 0. 1. 1. 0. 1.],7.0,1000,100,0.01,0.0015,1,6,idID,,random,single_objective
41,0.20038727315632376,0.30058090973448565,0.004127559615,[0.       0.       0.       0.121035 0.       0.       0.       0.       0.       0.       0.       0.121035 0.       0.       0.       0.       0.       0.       0.       0.       0.       0.       0.121034 0.121035 0.       0.       0.       0.273791 0.121034 0.       0.121035],[0. 0. 0. 1. 0. 0. 0. 0. 0. 0. 0. 1. 0. 0. 0. 0. 0. 0. 0. 0. 0. 0. 1. 1. 0. 0. 0. 1. 1. 0. 1.],7.0,1000,100,0.01,0.0015,1,6,idID,,random,single_objective
42,0.20038727315632376,0.3034435850652903,0.004127559615,[0.       0.       0.       0.121035 0.       0.       0.       0.       0.       0.       0.       0.121035 0.       0.       0.       0.       0.       0.       0.       0.       0.       0.       0.121034 0.121035 0.       0.       0.       0.273791 0.121034 0.       0.121035],[0. 0. 0. 1. 0. 0. 0. 0. 0. 0. 0. 1. 0. 0. 0. 0. 0. 0. 0. 0. 0. 0. 1. 1. 0. 0. 0. 1. 1. 0. 1.],7.0,1000,100,0.01,0.0015,1,6,idID,,random,single_objective
43,0.20038727315632376,0.3063062603960949,0.004127559615,[0.       0.       0.       0.121035 0.       0.       0.       0.       0.       0.       0.       0.121035 0.       0.       0.       0.       0.       0.       0.       0.       0.       0.       0.121034 0.121035 0.       0.       0.       0.273791 0.121034 0.       0.121035],[0. 0. 0. 1. 0. 0. 0. 0. 0. 0. 0. 1. 0. 0. 0. 0. 0. 0. 0. 0. 0. 0. 1. 1. 0. 0. 0. 1. 1. 0. 1.],7.0,1000,100,0.01,0.0015,1,6,idID,,random,single_objective
44,0.20038727315632376,0.3091689357268995,0.004127559615,[0.       0.       0.       0.121035 0.       0.       0.       0.       0.       0.       0.       0.121035 0.       0.       0.       0.       0.       0.       0.       0.       0.       0.       0.121034 0.121035 0.       0.       0.       0.273791 0.121034 0.       0.121035],[0. 0. 0. 1. 0. 0. 0. 0. 0. 0. 0. 1. 0. 0. 0. 0. 0. 0. 0. 0. 0. 0. 1. 1. 0. 0. 0. 1. 1. 0. 1.],7.0,1000,100,0.01,0.0015,1,6,idID,,random,single_objective
45,0.20038727315632376,0.31203161105770416,0.004127559615,[0.       0.       0.       0.121035 0.       0.       0.       0.       0.       0.       0.       0.121035 0.       0.       0.       0.       0.       0.       0.       0.       0.       0.       0.121034 0.121035 0.       0.       0.       0.273791 0.121034 0.       0.121035],[0. 0. 0. 1. 0. 0. 0. 0. 0. 0. 0. 1. 0. 0. 0. 0. 0. 0. 0. 0. 0. 0. 1. 1. 0. 0. 0. 1. 1. 0. 1.],7.0,1000,100,0.01,0.0015,1,6,idID,,random,single_objective
46,0.20038727315632376,0.3148942863885088,0.004127559615,[0.       0.       0.       0.121035 0.       0.       0.       0.       0.       0.       0.       0.121035 0.       0.       0.       0.       0.       0.       0.       0.       0.       0.       0.121034 0.121035 0.       0.       0.       0.273791 0.121034 0.       0.121035],[0. 0. 0. 1. 0. 0. 0. 0. 0. 0. 0. 1. 0. 0. 0. 0. 0. 0. 0. 0. 0. 0. 1. 1. 0. 0. 0. 1. 1. 0. 1.],7.0,1000,100,0.01,0.0015,1,6,idID,,random,single_objective
47,0.20038727315632376,0.3177569617193134,0.004127559615,[0.       0.       0.       0.121035 0.       0.       0.       0.       0.       0.       0.       0.121035 0.       0.       0.       0.       0.       0.       0.       0.       0.       0.       0.121034 0.121035 0.       0.       0.       0.273791 0.121034 0.       0.121035],[0. 0. 0. 1. 0. 0. 0. 0. 0. 0. 0. 1. 0. 0. 0. 0. 0. 0. 0. 0. 0. 0. 1. 1. 0. 0. 0. 1. 1. 0. 1.],7.0,1000,100,0.01,0.0015,1,6,idID,,random,single_objective
48,0.20038727315632376,0.32061963705011803,0.004127559615,[0.       0.       0.       0.121035 0.       0.       0.       0.       0.       0.       0.       0.121035 0.       0.       0.       0.       0.       0.       0.       0.       0.       0.       0.121034 0.121035 0.       0.       0.       0.273791 0.121034 0.       0.121035],[0. 0. 0. 1. 0. 0. 0. 0. 0. 0. 0. 1. 0. 0. 0. 0. 0. 0. 0. 0. 0. 0. 1. 1. 0. 0. 0. 1. 1. 0. 1.],7.0,1000,100,0.01,0.0015,1,6,idID,,random,single_objective
49,0.20038727315632376,0.3234823123809226,0.004127559615,[0.       0.       0.       0.121035 0.       0.       0.       0.       0.       0.       0.       0.121035 0.       0.       0.       0.       0.       0.       0.       0.       0.       0.       0.121034 0.121035 0.       0.       0.       0.273791 0.121034 0.       0.121035],[0. 0. 0. 1. 0. 0. 0. 0. 0. 0. 0. 1. 0. 0. 0. 0. 0. 0. 0. 0. 0. 0. 1. 1. 0. 0. 0. 1. 1. 0. 1.],7.0,1000,100,0.01,0.0015,1,6,idID,,random,single_objective
50,0.20038727315632376,0.32634498771172726,0.004127559615,[0.       0.       0.       0.121035 0.       0.       0.       0.       0.       0.       0.       0.121035 0.       0.       0.       0.       0.       0.       0.       0.       0.       0.       0.121034 0.121035 0.       0.       0.       0.273791 0.121034 0.       0.121035],[0. 0. 0. 1. 0. 0. 0. 0. 0. 0. 0. 1. 0. 0. 0. 0. 0. 0. 0. 0. 0. 0. 1. 1. 0. 0. 0. 1. 1. 0. 1.],7.0,1000,100,0.01,0.0015,1,6,idID,,random,single_objective
51,0.20038727315632376,0.3292076630425319,0.004127559615,[0.       0.       0.       0.121035 0.       0.       0.       0.       0.       0.       0.       0.121035 0.       0.       0.       0.       0.       0.       0.       0.       0.       0.       0.121034 0.121035 0.       0.       0.       0.273791 0.121034 0.       0.121035],[0. 0. 0. 1. 0. 0. 0. 0. 0. 0. 0. 1. 0. 0. 0. 0. 0. 0. 0. 0. 0. 0. 1. 1. 0. 0. 0. 1. 1. 0. 1.],7.0,1000,100,0.01,0.0015,1,6,idID,,random,single_objective
52,0.20038727315632376,0.33207033837333655,0.004127559615,[0.       0.       0.       0.121035 0.       0.       0.       0.       0.       0.       0.       0.121035 0.       0.       0.       0.       0.       0.       0.       0.       0.       0.       0.121034 0.121035 0.       0.       0.       0.273791 0.121034 0.       0.121035],[0. 0. 0. 1. 0. 0. 0. 0. 0. 0. 0. 1. 0. 0. 0. 0. 0. 0. 0. 0. 0. 0. 1. 1. 0. 0. 0. 1. 1. 0. 1.],7.0,1000,100,0.01,0.0015,1,6,idID,,random,single_objective
53,0.20038727315632376,0.33493301370414114,0.004127559615,[0.       0.       0.       0.121035 0.       0.       0.       0.       0.       0.       0.       0.121035 0.       0.       0.       0.       0.       0.       0.       0.       0.       0.       0.121034 0.121035 0.       0.       0.       0.273791 0.121034 0.       0.121035],[0. 0. 0. 1. 0. 0. 0. 0. 0. 0. 0. 1. 0. 0. 0. 0. 0. 0. 0. 0. 0. 0. 1. 1. 0. 0. 0. 1. 1. 0. 1.],7.0,1000,100,0.01,0.0015,1,6,idID,,random,single_objective
54,0.20038727315632376,0.3377956890349458,0.004127559615,[0.       0.       0.       0.121035 0.       0.       0.       0.       0.       0.       0.       0.121035 0.       0.       0.       0.       0.       0.       0.       0.       0.       0.       0.121034 0.121035 0.       0.       0.       0.273791 0.121034 0.       0.121035],[0. 0. 0. 1. 0. 0. 0. 0. 0. 0. 0. 1. 0. 0. 0. 0. 0. 0. 0. 0. 0. 0. 1. 1. 0. 0. 0. 1. 1. 0. 1.],7.0,1000,100,0.01,0.0015,1,6,idID,,random,single_objective
55,0.20038727315632376,0.34065836436575037,0.004127559615,[0.       0.       0.       0.121035 0.       0.       0.       0.       0.       0.       0.       0.121035 0.       0.       0.       0.       0.       0.       0.       0.       0.       0.       0.121034 0.121035 0.       0.       0.       0.273791 0.121034 0.       0.121035],[0. 0. 0. 1. 0. 0. 0. 0. 0. 0. 0. 1. 0. 0. 0. 0. 0. 0. 0. 0. 0. 0. 1. 1. 0. 0. 0. 1. 1. 0. 1.],7.0,1000,100,0.01,0.0015,1,6,idID,,random,single_objective
56,0.20038727315632376,0.343521039696555,0.004127559615,[0.       0.       0.       0.121035 0.       0.       0.       0.       0.       0.       0.       0.121035 0.       0.       0.       0.       0.       0.       0.       0.       0.       0.       0.121034 0.121035 0.       0.       0.       0.273791 0.121034 0.       0.121035],[0. 0. 0. 1. 0. 0. 0. 0. 0. 0. 0. 1. 0. 0. 0. 0. 0. 0. 0. 0. 0. 0. 1. 1. 0. 0. 0. 1. 1. 0. 1.],7.0,1000,100,0.01,0.0015,1,6,idID,,random,single_objective
57,0.20038727315632376,0.34638371502735965,0.004127559615,[0.       0.       0.       0.121035 0.       0.       0.       0.       0.       0.       0.       0.121035 0.       0.       0.       0.       0.       0.       0.       0.       0.       0.       0.121034 0.121035 0.       0.       0.       0.273791 0.121034 0.       0.121035],[0. 0. 0. 1. 0. 0. 0. 0. 0. 0. 0. 1. 0. 0. 0. 0. 0. 0. 0. 0. 0. 0. 1. 1. 0. 0. 0. 1. 1. 0. 1.],7.0,1000,100,0.01,0.0015,1,6,idID,,random,single_objective
58,0.20038727315632376,0.3492463903581643,0.004127559615,[0.       0.       0.       0.121035 0.       0.       0.       0.       0.       0.       0.       0.121035 0.       0.       0.       0.       0.       0.       0.       0.       0.       0.       0.121034 0.121035 0.       0.       0.       0.273791 0.121034 0.       0.121035],[0. 0. 0. 1. 0. 0. 0. 0. 0. 0. 0. 1. 0. 0. 0. 0. 0. 0. 0. 0. 0. 0. 1. 1. 0. 0. 0. 1. 1. 0. 1.],7.0,1000,100,0.01,0.0015,1,6,idID,,random,single_objective
59,0.20038727315632376,0.3521090656889689,0.004127559615,[0.       0.       0.       0.121035 0.       0.       0.       0.       0.       0.       0.       0.121035 0.       0.       0.       0.       0.       0.       0.       0.       0.       0.       0.121034 0.121035 0.       0.       0.       0.273791 0.121034 0.       0.121035],[0. 0. 0. 1. 0. 0. 0. 0. 0. 0. 0. 1. 0. 0. 0. 0. 0. 0. 0. 0. 0. 0. 1. 1. 0. 0. 0. 1. 1. 0. 1.],7.0,1000,100,0.01,0.0015,1,6,idID,,random,single_objective
60,0.20038727315632376,0.3549717410197735,0.004127559615,[0.       0.       0.       0.121035 0.       0.       0.       0.       0.       0.       0.       0.121035 0.       0.       0.       0.       0.       0.       0.       0.       0.       0.       0.121034 0.121035 0.       0.       0.       0.273791 0.121034 0.       0.121035],[0. 0. 0. 1. 0. 0. 0. 0. 0. 0. 0. 1. 0. 0. 0. 0. 0. 0. 0. 0. 0. 0. 1. 1. 0. 0. 0. 1. 1. 0. 1.],7.0,1000,100,0.01,0.0015,1,6,idID,,random,single_objective
61,0.20038727315632376,0.35783441635057817,0.004127559615,[0.       0.       0.       0.121035 0.       0.       0.       0.       0.       0.       0.       0.121035 0.       0.       0.       0.       0.       0.       0.       0.       0.       0.       0.121034 0.121035 0.       0.       0.       0.273791 0.121034 0.       0.121035],[0. 0. 0. 1. 0. 0. 0. 0. 0. 0. 0. 1. 0. 0. 0. 0. 0. 0. 0. 0. 0. 0. 1. 1. 0. 0. 0. 1. 1. 0. 1.],7.0,1000,100,0.01,0.0015,1,6,idID,,random,single_objective
62,0.20038727315632376,0.36069709168138275,0.004127559615,[0.       0.       0.       0.121035 0.       0.       0.       0.       0.       0.       0.       0.121035 0.       0.       0.       0.       0.       0.       0.       0.       0.       0.       0.121034 0.121035 0.       0.       0.       0.273791 0.121034 0.       0.121035],[0. 0. 0. 1. 0. 0. 0. 0. 0. 0. 0. 1. 0. 0. 0. 0. 0. 0. 0. 0. 0. 0. 1. 1. 0. 0. 0. 1. 1. 0. 1.],7.0,1000,100,0.01,0.0015,1,6,idID,,random,single_objective
63,0.20038727315632376,0.3635597670121874,0.004127559615,[0.       0.       0.       0.121035 0.       0.       0.       0.       0.       0.       0.       0.121035 0.       0.       0.       0.       0.       0.       0.       0.       0.       0.       0.121034 0.121035 0.       0.       0.       0.273791 0.121034 0.       0.121035],[0. 0. 0. 1. 0. 0. 0. 0. 0. 0. 0. 1. 0. 0. 0. 0. 0. 0. 0. 0. 0. 0. 1. 1. 0. 0. 0. 1. 1. 0. 1.],7.0,1000,100,0.01,0.0015,1,6,idID,,random,single_objective
64,0.20038727315632376,0.36642244234299204,0.004127559615,[0.       0.       0.       0.121035 0.       0.       0.       0.       0.       0.       0.       0.121035 0.       0.       0.       0.       0.       0.       0.       0.       0.       0.       0.121034 0.121035 0.       0.       0.       0.273791 0.121034 0.       0.121035],[0. 0. 0. 1. 0. 0. 0. 0. 0. 0. 0. 1. 0. 0. 0. 0. 0. 0. 0. 0. 0. 0. 1. 1. 0. 0. 0. 1. 1. 0. 1.],7.0,1000,100,0.01,0.0015,1,6,idID,,random,single_objective
65,0.20038727315632376,0.3692851176737967,0.004127559615,[0.       0.       0.       0.121035 0.       0.       0.       0.       0.       0.       0.       0.121035 0.       0.       0.       0.       0.       0.       0.       0.       0.       0.       0.121034 0.121035 0.       0.       0.       0.273791 0.121034 0.       0.121035],[0. 0. 0. 1. 0. 0. 0. 0. 0. 0. 0. 1. 0. 0. 0. 0. 0. 0. 0. 0. 0. 0. 1. 1. 0. 0. 0. 1. 1. 0. 1.],7.0,1000,100,0.01,0.0015,1,6,idID,,random,single_objective
66,0.20038727315632376,0.3721477930046013,0.004127559615,[0.       0.       0.       0.121035 0.       0.       0.       0.       0.       0.       0.       0.121035 0.       0.       0.       0.       0.       0.       0.       0.       0.       0.       0.121034 0.121035 0.       0.       0.       0.273791 0.121034 0.       0.121035],[0. 0. 0. 1. 0. 0. 0. 0. 0. 0. 0. 1. 0. 0. 0. 0. 0. 0. 0. 0. 0. 0. 1. 1. 0. 0. 0. 1. 1. 0. 1.],7.0,1000,100,0.01,0.0015,1,6,idID,,random,single_objective
67,0.20038727315632376,0.3750104683354059,0.004127559615,[0.       0.       0.       0.121035 0.       0.       0.       0.       0.       0.       0.       0.121035 0.       0.       0.       0.       0.       0.       0.       0.       0.       0.       0.121034 0.121035 0.       0.       0.       0.273791 0.121034 0.       0.121035],[0. 0. 0. 1. 0. 0. 0. 0. 0. 0. 0. 1. 0. 0. 0. 0. 0. 0. 0. 0. 0. 0. 1. 1. 0. 0. 0. 1. 1. 0. 1.],7.0,1000,100,0.01,0.0015,1,6,idID,,random,single_objective
68,0.20038727315632376,0.3778731436662105,0.004127559615,[0.       0.       0.       0.121035 0.       0.       0.       0.       0.       0.       0.       0.121035 0.       0.       0.       0.       0.       0.       0.       0.       0.       0.       0.121034 0.121035 0.       0.       0.       0.273791 0.121034 0.       0.121035],[0. 0. 0. 1. 0. 0. 0. 0. 0. 0. 0. 1. 0. 0. 0. 0. 0. 0. 0. 0. 0. 0. 1. 1. 0. 0. 0. 1. 1. 0. 1.],7.0,1000,100,0.01,0.0015,1,6,idID,,random,single_objective
69,0.20038727315632376,0.38073581899701514,0.004127559615,[0.       0.       0.       0.121035 0.       0.       0.       0.       0.       0.       0.       0.121035 0.       0.       0.       0.       0.       0.       0.       0.       0.       0.       0.121034 0.121035 0.       0.       0.       0.273791 0.121034 0.       0.121035],[0. 0. 0. 1. 0. 0. 0. 0. 0. 0. 0. 1. 0. 0. 0. 0. 0. 0. 0. 0. 0. 0. 1. 1. 0. 0. 0. 1. 1. 0. 1.],7.0,1000,100,0.01,0.0015,1,6,idID,,random,single_objective
70,0.20038727315632376,0.3835984943278198,0.004127559615,[0.       0.       0.       0.121035 0.       0.       0.       0.       0.       0.       0.       0.121035 0.       0.       0.       0.       0.       0.       0.       0.       0.       0.       0.121034 0.121035 0.       0.       0.       0.273791 0.121034 0.       0.121035],[0. 0. 0. 1. 0. 0. 0. 0. 0. 0. 0. 1. 0. 0. 0. 0. 0. 0. 0. 0. 0. 0. 1. 1. 0. 0. 0. 1. 1. 0. 1.],7.0,1000,100,0.01,0.0015,1,6,idID,,random,single_objective
71,0.20038727315632376,0.3864611696586244,0.004127559615,[0.       0.       0.       0.121035 0.       0.       0.       0.       0.       0.       0.       0.121035 0.       0.       0.       0.       0.       0.       0.       0.       0.       0.       0.121034 0.121035 0.       0.       0.       0.273791 0.121034 0.       0.121035],[0. 0. 0. 1. 0. 0. 0. 0. 0. 0. 0. 1. 0. 0. 0. 0. 0. 0. 0. 0. 0. 0. 1. 1. 0. 0. 0. 1. 1. 0. 1.],7.0,1000,100,0.01,0.0015,1,6,idID,,random,single_objective
72,0.20038727315632376,0.389323844989429,0.004127559615,[0.       0.       0.       0.121035 0.       0.       0.       0.       0.       0.       0.       0.121035 0.       0.       0.       0.       0.       0.       0.       0.       0.       0.       0.121034 0.121035 0.       0.       0.       0.273791 0.121034 0.       0.121035],[0. 0. 0. 1. 0. 0. 0. 0. 0. 0. 0. 1. 0. 0. 0. 0. 0. 0. 0. 0. 0. 0. 1. 1. 0. 0. 0. 1. 1. 0. 1.],7.0,1000,100,0.01,0.0015,1,6,idID,,random,single_objective
73,0.20038727315632376,0.39218652032023366,0.004127559615,[0.       0.       0.       0.121035 0.       0.       0.       0.       0.       0.       0.       0.121035 0.       0.       0.       0.       0.       0.       0.       0.       0.       0.       0.121034 0.121035 0.       0.       0.       0.273791 0.121034 0.       0.121035],[0. 0. 0. 1. 0. 0. 0. 0. 0. 0. 0. 1. 0. 0. 0. 0. 0. 0. 0. 0. 0. 0. 1. 1. 0. 0. 0. 1. 1. 0. 1.],7.0,1000,100,0.01,0.0015,1,6,idID,,random,single_objective
74,0.20038727315632376,0.3950491956510383,0.004127559615,[0.       0.       0.       0.121035 0.       0.       0.       0.       0.       0.       0.       0.121035 0.       0.       0.       0.       0.       0.       0.       0.       0.       0.       0.121034 0.121035 0.       0.       0.       0.273791 0.121034 0.       0.121035],[0. 0. 0. 1. 0. 0. 0. 0. 0. 0. 0. 1. 0. 0. 0. 0. 0. 0. 0. 0. 0. 0. 1. 1. 0. 0. 0. 1. 1. 0. 1.],7.0,1000,100,0.01,0.0015,1,6,idID,,random,single_objective
75,0.20038727315632376,0.3979118709818429,0.004127559615,[0.       0.       0.       0.121035 0.       0.       0.       0.       0.       0.       0.       0.121035 0.       0.       0.       0.       0.       0.       0.       0.       0.       0.       0.121034 0.121035 0.       0.       0.       0.273791 0.121034 0.       0.121035],[0. 0. 0. 1. 0. 0. 0. 0. 0. 0. 0. 1. 0. 0. 0. 0. 0. 0. 0. 0. 0. 0. 1. 1. 0. 0. 0. 1. 1. 0. 1.],7.0,1000,100,0.01,0.0015,1,6,idID,,random,single_objective
76,0.20038727315632376,0.40077454631264753,0.004127559615,[0.       0.       0.       0.121035 0.       0.       0.       0.       0.       0.       0.       0.121035 0.       0.       0.       0.       0.       0.       0.       0.       0.       0.       0.121034 0.121035 0.       0.       0.       0.273791 0.121034 0.       0.121035],[0. 0. 0. 1. 0. 0. 0. 0. 0. 0. 0. 1. 0. 0. 0. 0. 0. 0. 0. 0. 0. 0. 1. 1. 0. 0. 0. 1. 1. 0. 1.],7.0,1000,100,0.01,0.0015,1,6,idID,,random,single_objective
77,0.20038727315632376,0.40363722164345217,0.004127559615,[0.       0.       0.       0.121035 0.       0.       0.       0.       0.       0.       0.       0.121035 0.       0.       0.       0.       0.       0.       0.       0.       0.       0.       0.121034 0.121035 0.       0.       0.       0.273791 0.121034 0.       0.121035],[0. 0. 0. 1. 0. 0. 0. 0. 0. 0. 0. 1. 0. 0. 0. 0. 0. 0. 0. 0. 0. 0. 1. 1. 0. 0. 0. 1. 1. 0. 1.],7.0,1000,100,0.01,0.0015,1,6,idID,,random,single_objective
78,0.20038727315632376,0.4064998969742568,0.004127559615,[0.       0.       0.       0.121035 0.       0.       0.       0.       0.       0.       0.       0.121035 0.       0.       0.       0.       0.       0.       0.       0.       0.       0.       0.121034 0.121035 0.       0.       0.       0.273791 0.121034 0.       0.121035],[0. 0. 0. 1. 0. 0. 0. 0. 0. 0. 0. 1. 0. 0. 0. 0. 0. 0. 0. 0. 0. 0. 1. 1. 0. 0. 0. 1. 1. 0. 1.],7.0,1000,100,0.01,0.0015,1,6,idID,,random,single_objective
79,0.20038727315632376,0.40936257230506146,0.004127559615,[0.       0.       0.       0.121035 0.       0.       0.       0.       0.       0.       0.       0.121035 0.       0.       0.       0.       0.       0.       0.       0.       0.       0.       0.121034 0.121035 0.       0.       0.       0.273791 0.121034 0.       0.121035],[0. 0. 0. 1. 0. 0. 0. 0. 0. 0. 0. 1. 0. 0. 0. 0. 0. 0. 0. 0. 0. 0. 1. 1. 0. 0. 0. 1. 1. 0. 1.],7.0,1000,100,0.01,0.0015,1,6,idID,,random,single_objective
80,0.20038727315632376,0.41222524763586604,0.004127559615,[0.       0.       0.       0.121035 0.       0.       0.       0.       0.       0.       0.       0.121035 0.       0.       0.       0.       0.       0.       0.       0.       0.       0.       0.121034 0.121035 0.       0.       0.       0.273791 0.121034 0.       0.121035],[0. 0. 0. 1. 0. 0. 0. 0. 0. 0. 0. 1. 0. 0. 0. 0. 0. 0. 0. 0. 0. 0. 1. 1. 0. 0. 0. 1. 1. 0. 1.],7.0,1000,100,0.01,0.0015,1,6,idID,,random,single_objective
81,0.20038727315632376,0.41508792296667063,0.004127559615,[0.       0.       0.       0.121035 0.       0.       0.       0.       0.       0.       0.       0.121035 0.       0.       0.       0.       0.       0.       0.       0.       0.       0.       0.121034 0.121035 0.       0.       0.       0.273791 0.121034 0.       0.121035],[0. 0. 0. 1. 0. 0. 0. 0. 0. 0. 0. 1. 0. 0. 0. 0. 0. 0. 0. 0. 0. 0. 1. 1. 0. 0. 0. 1. 1. 0. 1.],7.0,1000,100,0.01,0.0015,1,6,idID,,random,single_objective
82,0.20038727315632376,0.4179505982974753,0.004127559615,[0.       0.       0.       0.121035 0.       0.       0.       0.       0.       0.       0.       0.121035 0.       0.       0.       0.       0.       0.       0.       0.       0.       0.       0.121034 0.121035 0.       0.       0.       0.273791 0.121034 0.       0.121035],[0. 0. 0. 1. 0. 0. 0. 0. 0. 0. 0. 1. 0. 0. 0. 0. 0. 0. 0. 0. 0. 0. 1. 1. 0. 0. 0. 1. 1. 0. 1.],7.0,1000,100,0.01,0.0015,1,6,idID,,random,single_objective
83,0.20038727315632376,0.4208132736282799,0.004127559615,[0.       0.       0.       0.121035 0.       0.       0.       0.       0.       0.       0.       0.121035 0.       0.       0.       0.       0.       0.       0.       0.       0.       0.       0.121034 0.121035 0.       0.       0.       0.273791 0.121034 0.       0.121035],[0. 0. 0. 1. 0. 0. 0. 0. 0. 0. 0. 1. 0. 0. 0. 0. 0. 0. 0. 0. 0. 0. 1. 1. 0. 0. 0. 1. 1. 0. 1.],7.0,1000,100,0.01,0.0015,1,6,idID,,random,single_objective
84,0.20038727315632376,0.42367594895908456,0.004127559615,[0.       0.       0.       0.121035 0.       0.       0.       0.       0.       0.       0.       0.121035 0.       0.       0.       0.       0.       0.       0.       0.       0.       0.       0.121034 0.121035 0.       0.       0.       0.273791 0.121034 0.       0.121035],[0. 0. 0. 1. 0. 0. 0. 0. 0. 0. 0. 1. 0. 0. 0. 0. 0. 0. 0. 0. 0. 0. 1. 1. 0. 0. 0. 1. 1. 0. 1.],7.0,1000,100,0.01,0.0015,1,6,idID,,random,single_objective
85,0.20038727315632376,0.42653862428988915,0.004127559615,[0.       0.       0.       0.121035 0.       0.       0.       0.       0.       0.       0.       0.121035 0.       0.       0.       0.       0.       0.       0.       0.       0.       0.       0.121034 0.121035 0.       0.       0.       0.273791 0.121034 0.       0.121035],[0. 0. 0. 1. 0. 0. 0. 0. 0. 0. 0. 1. 0. 0. 0. 0. 0. 0. 0. 0. 0. 0. 1. 1. 0. 0. 0. 1. 1. 0. 1.],7.0,1000,100,0.01,0.0015,1,6,idID,,random,single_objective
86,0.20038727315632376,0.4294012996206938,0.004127559615,[0.       0.       0.       0.121035 0.       0.       0.       0.       0.       0.       0.       0.121035 0.       0.       0.       0.       0.       0.       0.       0.       0.       0.       0.121034 0.121035 0.       0.       0.       0.273791 0.121034 0.       0.121035],[0. 0. 0. 1. 0. 0. 0. 0. 0. 0. 0. 1. 0. 0. 0. 0. 0. 0. 0. 0. 0. 0. 1. 1. 0. 0. 0. 1. 1. 0. 1.],7.0,1000,100,0.01,0.0015,1,6,idID,,random,single_objective
87,0.20038727315632376,0.43226397495149843,0.004127559615,[0.       0.       0.       0.121035 0.       0.       0.       0.       0.       0.       0.       0.121035 0.       0.       0.       0.       0.       0.       0.       0.       0.       0.       0.121034 0.121035 0.       0.       0.       0.273791 0.121034 0.       0.121035],[0. 0. 0. 1. 0. 0. 0. 0. 0. 0. 0. 1. 0. 0. 0. 0. 0. 0. 0. 0. 0. 0. 1. 1. 0. 0. 0. 1. 1. 0. 1.],7.0,1000,100,0.01,0.0015,1,6,idID,,random,single_objective
88,0.20038727315632376,0.435126650282303,0.004127559615,[0.       0.       0.       0.121035 0.       0.       0.       0.       0.       0.       0.       0.121035 0.       0.       0.       0.       0.       0.       0.       0.       0.       0.       0.121034 0.121035 0.       0.       0.       0.273791 0.121034 0.       0.121035],[0. 0. 0. 1. 0. 0. 0. 0. 0. 0. 0. 1. 0. 0. 0. 0. 0. 0. 0. 0. 0. 0. 1. 1. 0. 0. 0. 1. 1. 0. 1.],7.0,1000,100,0.01,0.0015,1,6,idID,,random,single_objective
89,0.20038727315632376,0.43798932561310766,0.004127559615,[0.       0.       0.       0.121035 0.       0.       0.       0.       0.       0.       0.       0.121035 0.       0.       0.       0.       0.       0.       0.       0.       0.       0.       0.121034 0.121035 0.       0.       0.       0.273791 0.121034 0.       0.121035],[0. 0. 0. 1. 0. 0. 0. 0. 0. 0. 0. 1. 0. 0. 0. 0. 0. 0. 0. 0. 0. 0. 1. 1. 0. 0. 0. 1. 1. 0. 1.],7.0,1000,100,0.01,0.0015,1,6,idID,,random,single_objective
90,0.20038727315632376,0.4408520009439123,0.004127559615,[0.       0.       0.       0.121035 0.       0.       0.       0.       0.       0.       0.       0.121035 0.       0.       0.       0.       0.       0.       0.       0.       0.       0.       0.121034 0.121035 0.       0.       0.       0.273791 0.121034 0.       0.121035],[0. 0. 0. 1. 0. 0. 0. 0. 0. 0. 0. 1. 0. 0. 0. 0. 0. 0. 0. 0. 0. 0. 1. 1. 0. 0. 0. 1. 1. 0. 1.],7.0,1000,100,0.01,0.0015,1,6,idID,,random,single_objective
91,0.20038727315632376,0.44371467627471695,0.004127559615,[0.       0.       0.       0.121035 0.       0.       0.       0.       0.       0.       0.       0.121035 0.       0.       0.       0.       0.       0.       0.       0.       0.       0.       0.121034 0.121035 0.       0.       0.       0.273791 0.121034 0.       0.121035],[0. 0. 0. 1. 0. 0. 0. 0. 0. 0. 0. 1. 0. 0. 0. 0. 0. 0. 0. 0. 0. 0. 1. 1. 0. 0. 0. 1. 1. 0. 1.],7.0,1000,100,0.01,0.0015,1,6,idID,,random,single_objective
92,0.20038727315632376,0.4465773516055216,0.004127559615,[0.       0.       0.       0.121035 0.       0.       0.       0.       0.       0.       0.       0.121035 0.       0.       0.       0.       0.       0.       0.       0.       0.       0.       0.121034 0.121035 0.       0.       0.       0.273791 0.121034 0.       0.121035],[0. 0. 0. 1. 0. 0. 0. 0. 0. 0. 0. 1. 0. 0. 0. 0. 0. 0. 0. 0. 0. 0. 1. 1. 0. 0. 0. 1. 1. 0. 1.],7.0,1000,100,0.01,0.0015,1,6,idID,,random,single_objective
93,0.20038727315632376,0.4494400269363262,0.004127559615,[0.       0.       0.       0.121035 0.       0.       0.       0.       0.       0.       0.       0.121035 0.       0.       0.       0.       0.       0.       0.       0.       0.       0.       0.121034 0.121035 0.       0.       0.       0.273791 0.121034 0.       0.121035],[0. 0. 0. 1. 0. 0. 0. 0. 0. 0. 0. 1. 0. 0. 0. 0. 0. 0. 0. 0. 0. 0. 1. 1. 0. 0. 0. 1. 1. 0. 1.],7.0,1000,100,0.01,0.0015,1,6,idID,,random,single_objective
94,0.20038727315632376,0.4523027022671308,0.004127559615,[0.       0.       0.       0.121035 0.       0.       0.       0.       0.       0.       0.       0.121035 0.       0.       0.       0.       0.       0.       0.       0.       0.       0.       0.121034 0.121035 0.       0.       0.       0.273791 0.121034 0.       0.121035],[0. 0. 0. 1. 0. 0. 0. 0. 0. 0. 0. 1. 0. 0. 0. 0. 0. 0. 0. 0. 0. 0. 1. 1. 0. 0. 0. 1. 1. 0. 1.],7.0,1000,100,0.01,0.0015,1,6,idID,,random,single_objective
95,0.20038727315632376,0.4551653775979354,0.004127559615,[0.       0.       0.       0.121035 0.       0.       0.       0.       0.       0.       0.       0.121035 0.       0.       0.       0.       0.       0.       0.       0.       0.       0.       0.121034 0.121035 0.       0.       0.       0.273791 0.121034 0.       0.121035],[0. 0. 0. 1. 0. 0. 0. 0. 0. 0. 0. 1. 0. 0. 0. 0. 0. 0. 0. 0. 0. 0. 1. 1. 0. 0. 0. 1. 1. 0. 1.],7.0,1000,100,0.01,0.0015,1,6,idID,,random,single_objective
96,0.20038727315632376,0.45802805292874005,0.004127559615,[0.       0.       0.       0.121035 0.       0.       0.       0.       0.       0.       0.       0.121035 0.       0.       0.       0.       0.       0.       0.       0.       0.       0.       0.121034 0.121035 0.       0.       0.       0.273791 0.121034 0.       0.121035],[0. 0. 0. 1. 0. 0. 0. 0. 0. 0. 0. 1. 0. 0. 0. 0. 0. 0. 0. 0. 0. 0. 1. 1. 0. 0. 0. 1. 1. 0. 1.],7.0,1000,100,0.01,0.0015,1,6,idID,,random,single_objective
97,0.20038727315632376,0.4608907282595447,0.004127559615,[0.       0.       0.       0.121035 0.       0.       0.       0.       0.       0.       0.       0.121035 0.       0.       0.       0.       0.       0.       0.       0.       0.       0.       0.121034 0.121035 0.       0.       0.       0.273791 0.121034 0.       0.121035],[0. 0. 0. 1. 0. 0. 0. 0. 0. 0. 0. 1. 0. 0. 0. 0. 0. 0. 0. 0. 0. 0. 1. 1. 0. 0. 0. 1. 1. 0. 1.],7.0,1000,100,0.01,0.0015,1,6,idID,,random,single_objective
98,0.20038727315632376,0.4637534035903493,0.004127559615,[0.       0.       0.       0.121035 0.       0.       0.       0.       0.       0.       0.       0.121035 0.       0.       0.       0.       0.       0.       0.       0.       0.       0.       0.121034 0.121035 0.       0.       0.       0.273791 0.121034 0.       0.121035],[0. 0. 0. 1. 0. 0. 0. 0. 0. 0. 0. 1. 0. 0. 0. 0. 0. 0. 0. 0. 0. 0. 1. 1. 0. 0. 0. 1. 1. 0. 1.],7.0,1000,100,0.01,0.0015,1,6,idID,,random,single_objective
99,0.20038727315632376,0.4666160789211539,0.004127559615,[0.       0.       0.       0.121035 0.       0.       0.       0.       0.       0.       0.       0.121035 0.       0.       0.       0.       0.       0.       0.       0.       0.       0.       0.121034 0.121035 0.       0.       0.       0.273791 0.121034 0.       0.121035],[0. 0. 0. 1. 0. 0. 0. 0. 0. 0. 0. 1. 0. 0. 0. 0. 0. 0. 0. 0. 0. 0. 1. 1. 0. 0. 0. 1. 1. 0. 1.],7.0,1000,100,0.01,0.0015,1,6,idID,,random,single_objective
100,0.20038727315632376,0.46947875425195856,0.004127559615,[0.       0.       0.       0.121035 0.       0.       0.       0.       0.       0.       0.       0.121035 0.       0.       0.       0.       0.       0.       0.       0.       0.       0.       0.121034 0.121035 0.       0.       0.       0.273791 0.121034 0.       0.121035],[0. 0. 0. 1. 0. 0. 0. 0. 0. 0. 0. 1. 0. 0. 0. 0. 0. 0. 0. 0. 0. 0. 1. 1. 0. 0. 0. 1. 1. 0. 1.],7.0,1000,100,0.01,0.0015,1,6,idID,,random,single_objective
101,0.20038727315632376,0.47234142958276315,0.004127559615,[0.       0.       0.       0.121035 0.       0.       0.       0.       0.       0.       0.       0.121035 0.       0.       0.       0.       0.       0.       0.       0.       0.       0.       0.121034 0.121035 0.       0.       0.       0.273791 0.121034 0.       0.121035],[0. 0. 0. 1. 0. 0. 0. 0. 0. 0. 0. 1. 0. 0. 0. 0. 0. 0. 0. 0. 0. 0. 1. 1. 0. 0. 0. 1. 1. 0. 1.],7.0,1000,100,0.01,0.0015,1,6,idID,,random,single_objective
102,0.20038727315632376,0.4752041049135678,0.004127559615,[0.       0.       0.       0.121035 0.       0.       0.       0.       0.       0.       0.       0.121035 0.       0.       0.       0.       0.       0.       0.       0.       0.       0.       0.121034 0.121035 0.       0.       0.       0.273791 0.121034 0.       0.121035],[0. 0. 0. 1. 0. 0. 0. 0. 0. 0. 0. 1. 0. 0. 0. 0. 0. 0. 0. 0. 0. 0. 1. 1. 0. 0. 0. 1. 1. 0. 1.],7.0,1000,100,0.01,0.0015,1,6,idID,,random,single_objective
103,0.20038727315632376,0.47806678024437244,0.004127559615,[0.       0.       0.       0.121035 0.       0.       0.       0.       0.       0.       0.       0.121035 0.       0.       0.       0.       0.       0.       0.       0.       0.       0.       0.121034 0.121035 0.       0.       0.       0.273791 0.121034 0.       0.121035],[0. 0. 0. 1. 0. 0. 0. 0. 0. 0. 0. 1. 0. 0. 0. 0. 0. 0. 0. 0. 0. 0. 1. 1. 0. 0. 0. 1. 1. 0. 1.],7.0,1000,100,0.01,0.0015,1,6,idID,,random,single_objective
104,0.20038727315632376,0.4809294555751771,0.004127559615,[0.       0.       0.       0.121035 0.       0.       0.       0.       0.       0.       0.       0.121035 0.       0.       0.       0.       0.       0.       0.       0.       0.       0.       0.121034 0.121035 0.       0.       0.       0.273791 0.121034 0.       0.121035],[0. 0. 0. 1. 0. 0. 0. 0. 0. 0. 0. 1. 0. 0. 0. 0. 0. 0. 0. 0. 0. 0. 1. 1. 0. 0. 0. 1. 1. 0. 1.],7.0,1000,100,0.01,0.0015,1,6,idID,,random,single_objective
105,0.20038727315632376,0.4837921309059817,0.004127559615,[0.       0.       0.       0.121035 0.       0.       0.       0.       0.       0.       0.       0.121035 0.       0.       0.       0.       0.       0.       0.       0.       0.       0.       0.121034 0.121035 0.       0.       0.       0.273791 0.121034 0.       0.121035],[0. 0. 0. 1. 0. 0. 0. 0. 0. 0. 0. 1. 0. 0. 0. 0. 0. 0. 0. 0. 0. 0. 1. 1. 0. 0. 0. 1. 1. 0. 1.],7.0,1000,100,0.01,0.0015,1,6,idID,,random,single_objective
106,0.20038727315632376,0.4837921309059817,0.004127559615,[0.       0.       0.       0.121035 0.       0.       0.       0.       0.       0.       0.       0.121035 0.       0.       0.       0.       0.       0.       0.       0.       0.       0.       0.121034 0.121035 0.       0.       0.       0.273791 0.121034 0.       0.121035],[0. 0. 0. 1. 0. 0. 0. 0. 0. 0. 0. 1. 0. 0. 0. 0. 0. 0. 0. 0. 0. 0. 1. 1. 0. 0. 0. 1. 1. 0. 1.],7.0,1000,100,0.01,0.0015,1,6,idID,,random,single_objective
107,0.20038727315632376,0.4837921309059817,0.004127559615,[0.       0.       0.       0.121035 0.       0.       0.       0.       0.       0.       0.       0.121035 0.       0.       0.       0.       0.       0.       0.       0.       0.       0.       0.121034 0.121035 0.       0.       0.       0.273791 0.121034 0.       0.121035],[0. 0. 0. 1. 0. 0. 0. 0. 0. 0. 0. 1. 0. 0. 0. 0. 0. 0. 0. 0. 0. 0. 1. 1. 0. 0. 0. 1. 1. 0. 1.],7.0,1000,100,0.01,0.0015,1,6,idID,,random,single_objective
108,0.20038727315632376,0.4837921309059817,0.004127559615,[0.       0.       0.       0.121035 0.       0.       0.       0.       0.       0.       0.       0.121035 0.       0.       0.       0.       0.       0.       0.       0.       0.       0.       0.121034 0.121035 0.       0.       0.       0.273791 0.121034 0.       0.121035],[0. 0. 0. 1. 0. 0. 0. 0. 0. 0. 0. 1. 0. 0. 0. 0. 0. 0. 0. 0. 0. 0. 1. 1. 0. 0. 0. 1. 1. 0. 1.],7.0,1000,100,0.01,0.0015,1,6,idID,,random,single_objective
109,0.20038727315632376,0.4837921309059817,0.004127559615,[0.       0.       0.       0.121035 0.       0.       0.       0.       0.       0.       0.       0.121035 0.       0.       0.       0.       0.       0.       0.       0.       0.       0.       0.121034 0.121035 0.       0.       0.       0.273791 0.121034 0.       0.121035],[0. 0. 0. 1. 0. 0. 0. 0. 0. 0. 0. 1. 0. 0. 0. 0. 0. 0. 0. 0. 0. 0. 1. 1. 0. 0. 0. 1. 1. 0. 1.],7.0,1000,100,0.01,0.0015,1,6,idID,,random,single_objective
110,0.20038727315632376,0.4837921309059817,0.004127559615,[0.       0.       0.       0.121035 0.       0.       0.       0.       0.       0.       0.       0.121035 0.       0.       0.       0.       0.       0.       0.       0.       0.       0.       0.121034 0.121035 0.       0.       0.       0.273791 0.121034 0.       0.121035],[0. 0. 0. 1. 0. 0. 0. 0. 0. 0. 0. 1. 0. 0. 0. 0. 0. 0. 0. 0. 0. 0. 1. 1. 0. 0. 0. 1. 1. 0. 1.],7.0,1000,100,0.01,0.0015,1,6,idID,,random,single_objective
111,0.20038727315632376,0.4837921309059817,0.004127559615,[0.       0.       0.       0.121035 0.       0.       0.       0.       0.       0.       0.       0.121035 0.       0.       0.       0.       0.       0.       0.       0.       0.       0.       0.121034 0.121035 0.       0.       0.       0.273791 0.121034 0.       0.121035],[0. 0. 0. 1. 0. 0. 0. 0. 0. 0. 0. 1. 0. 0. 0. 0. 0. 0. 0. 0. 0. 0. 1. 1. 0. 0. 0. 1. 1. 0. 1.],7.0,1000,100,0.01,0.0015,1,6,idID,,random,single_objective
112,0.20038727315632376,0.4837921309059817,0.004127559615,[0.       0.       0.       0.121035 0.       0.       0.       0.       0.       0.       0.       0.121035 0.       0.       0.       0.       0.       0.       0.       0.       0.       0.       0.121034 0.121035 0.       0.       0.       0.273791 0.121034 0.       0.121035],[0. 0. 0. 1. 0. 0. 0. 0. 0. 0. 0. 1. 0. 0. 0. 0. 0. 0. 0. 0. 0. 0. 1. 1. 0. 0. 0. 1. 1. 0. 1.],7.0,1000,100,0.01,0.0015,1,6,idID,,random,single_objective
113,0.20038727315632376,0.4837921309059817,0.004127559615,[0.       0.       0.       0.121035 0.       0.       0.       0.       0.       0.       0.       0.121035 0.       0.       0.       0.       0.       0.       0.       0.       0.       0.       0.121034 0.121035 0.       0.       0.       0.273791 0.121034 0.       0.121035],[0. 0. 0. 1. 0. 0. 0. 0. 0. 0. 0. 1. 0. 0. 0. 0. 0. 0. 0. 0. 0. 0. 1. 1. 0. 0. 0. 1. 1. 0. 1.],7.0,1000,100,0.01,0.0015,1,6,idID,,random,single_objective
114,0.20038727315632376,0.4837921309059817,0.004127559615,[0.       0.       0.       0.121035 0.       0.       0.       0.       0.       0.       0.       0.121035 0.       0.       0.       0.       0.       0.       0.       0.       0.       0.       0.121034 0.121035 0.       0.       0.       0.273791 0.121034 0.       0.121035],[0. 0. 0. 1. 0. 0. 0. 0. 0. 0. 0. 1. 0. 0. 0. 0. 0. 0. 0. 0. 0. 0. 1. 1. 0. 0. 0. 1. 1. 0. 1.],7.0,1000,100,0.01,0.0015,1,6,idID,,random,single_objective
115,0.20038727315632376,0.4837921309059817,0.004127559615,[0.       0.       0.       0.121035 0.       0.       0.       0.       0.       0.       0.       0.121035 0.       0.       0.       0.       0.       0.       0.       0.       0.       0.       0.121034 0.121035 0.       0.       0.       0.273791 0.121034 0.       0.121035],[0. 0. 0. 1. 0. 0. 0. 0. 0. 0. 0. 1. 0. 0. 0. 0. 0. 0. 0. 0. 0. 0. 1. 1. 0. 0. 0. 1. 1. 0. 1.],7.0,1000,100,0.01,0.0015,1,6,idID,,random,single_objective
116,0.20038727315632376,0.4837921309059817,0.004127559615,[0.       0.       0.       0.121035 0.       0.       0.       0.       0.       0.       0.       0.121035 0.       0.       0.       0.       0.       0.       0.       0.       0.       0.       0.121034 0.121035 0.       0.       0.       0.273791 0.121034 0.       0.121035],[0. 0. 0. 1. 0. 0. 0. 0. 0. 0. 0. 1. 0. 0. 0. 0. 0. 0. 0. 0. 0. 0. 1. 1. 0. 0. 0. 1. 1. 0. 1.],7.0,1000,100,0.01,0.0015,1,6,idID,,random,single_objective
117,0.20038727315632376,0.4837921309059817,0.004127559615,[0.       0.       0.       0.121035 0.       0.       0.       0.       0.       0.       0.       0.121035 0.       0.       0.       0.       0.       0.       0.       0.       0.       0.       0.121034 0.121035 0.       0.       0.       0.273791 0.121034 0.       0.121035],[0. 0. 0. 1. 0. 0. 0. 0. 0. 0. 0. 1. 0. 0. 0. 0. 0. 0. 0. 0. 0. 0. 1. 1. 0. 0. 0. 1. 1. 0. 1.],7.0,1000,100,0.01,0.0015,1,6,idID,,random,single_objective
118,0.20038727315632376,0.4837921309059817,0.004127559615,[0.       0.       0.       0.121035 0.       0.       0.       0.       0.       0.       0.       0.121035 0.       0.       0.       0.       0.       0.       0.       0.       0.       0.       0.121034 0.121035 0.       0.       0.       0.273791 0.121034 0.       0.121035],[0. 0. 0. 1. 0. 0. 0. 0. 0. 0. 0. 1. 0. 0. 0. 0. 0. 0. 0. 0. 0. 0. 1. 1. 0. 0. 0. 1. 1. 0. 1.],7.0,1000,100,0.01,0.0015,1,6,idID,,random,single_objective
119,0.20038727315632376,0.4837921309059817,0.004127559615,[0.       0.       0.       0.121035 0.       0.       0.       0.       0.       0.       0.       0.121035 0.       0.       0.       0.       0.       0.       0.       0.       0.       0.       0.121034 0.121035 0.       0.       0.       0.273791 0.121034 0.       0.121035],[0. 0. 0. 1. 0. 0. 0. 0. 0. 0. 0. 1. 0. 0. 0. 0. 0. 0. 0. 0. 0. 0. 1. 1. 0. 0. 0. 1. 1. 0. 1.],7.0,1000,100,0.01,0.0015,1,6,idID,,random,single_objective
120,0.20038727315632376,0.4837921309059817,0.004127559615,[0.       0.       0.       0.121035 0.       0.       0.       0.       0.       0.       0.       0.121035 0.       0.       0.       0.       0.       0.       0.       0.       0.       0.       0.121034 0.121035 0.       0.       0.       0.273791 0.121034 0.       0.121035],[0. 0. 0. 1. 0. 0. 0. 0. 0. 0. 0. 1. 0. 0. 0. 0. 0. 0. 0. 0. 0. 0. 1. 1. 0. 0. 0. 1. 1. 0. 1.],7.0,1000,100,0.01,0.0015,1,6,idID,,random,single_objective
121,0.20038727315632376,0.4837921309059817,0.004127559615,[0.       0.       0.       0.121035 0.       0.       0.       0.       0.       0.       0.       0.121035 0.       0.       0.       0.       0.       0.       0.       0.       0.       0.       0.121034 0.121035 0.       0.       0.       0.273791 0.121034 0.       0.121035],[0. 0. 0. 1. 0. 0. 0. 0. 0. 0. 0. 1. 0. 0. 0. 0. 0. 0. 0. 0. 0. 0. 1. 1. 0. 0. 0. 1. 1. 0. 1.],7.0,1000,100,0.01,0.0015,1,6,idID,,random,single_objective
122,0.20038727315632376,0.4837921309059817,0.004127559615,[0.       0.       0.       0.121035 0.       0.       0.       0.       0.       0.       0.       0.121035 0.       0.       0.       0.       0.       0.       0.       0.       0.       0.       0.121034 0.121035 0.       0.       0.       0.273791 0.121034 0.       0.121035],[0. 0. 0. 1. 0. 0. 0. 0. 0. 0. 0. 1. 0. 0. 0. 0. 0. 0. 0. 0. 0. 0. 1. 1. 0. 0. 0. 1. 1. 0. 1.],7.0,1000,100,0.01,0.0015,1,6,idID,,random,single_objective
123,0.20038727315632376,0.4837921309059817,0.004127559615,[0.       0.       0.       0.121035 0.       0.       0.       0.       0.       0.       0.       0.121035 0.       0.       0.       0.       0.       0.       0.       0.       0.       0.       0.121034 0.121035 0.       0.       0.       0.273791 0.121034 0.       0.121035],[0. 0. 0. 1. 0. 0. 0. 0. 0. 0. 0. 1. 0. 0. 0. 0. 0. 0. 0. 0. 0. 0. 1. 1. 0. 0. 0. 1. 1. 0. 1.],7.0,1000,100,0.01,0.0015,1,6,idID,,random,single_objective
124,0.20038727315632376,0.4837921309059817,0.004127559615,[0.       0.       0.       0.121035 0.       0.       0.       0.       0.       0.       0.       0.121035 0.       0.       0.       0.       0.       0.       0.       0.       0.       0.       0.121034 0.121035 0.       0.       0.       0.273791 0.121034 0.       0.121035],[0. 0. 0. 1. 0. 0. 0. 0. 0. 0. 0. 1. 0. 0. 0. 0. 0. 0. 0. 0. 0. 0. 1. 1. 0. 0. 0. 1. 1. 0. 1.],7.0,1000,100,0.01,0.0015,1,6,idID,,random,single_objective
125,0.20038727315632376,0.4837921309059817,0.004127559615,[0.       0.       0.       0.121035 0.       0.       0.       0.       0.       0.       0.       0.121035 0.       0.       0.       0.       0.       0.       0.       0.       0.       0.       0.121034 0.121035 0.       0.       0.       0.273791 0.121034 0.       0.121035],[0. 0. 0. 1. 0. 0. 0. 0. 0. 0. 0. 1. 0. 0. 0. 0. 0. 0. 0. 0. 0. 0. 1. 1. 0. 0. 0. 1. 1. 0. 1.],7.0,1000,100,0.01,0.0015,1,6,idID,,random,single_objective
126,0.20038727315632376,0.4837921309059817,0.004127559615,[0.       0.       0.       0.121035 0.       0.       0.       0.       0.       0.       0.       0.121035 0.       0.       0.       0.       0.       0.       0.       0.       0.       0.       0.121034 0.121035 0.       0.       0.       0.273791 0.121034 0.       0.121035],[0. 0. 0. 1. 0. 0. 0. 0. 0. 0. 0. 1. 0. 0. 0. 0. 0. 0. 0. 0. 0. 0. 1. 1. 0. 0. 0. 1. 1. 0. 1.],7.0,1000,100,0.01,0.0015,1,6,idID,,random,single_objective
127,0.20038727315632376,0.4837921309059817,0.004127559615,[0.       0.       0.       0.121035 0.       0.       0.       0.       0.       0.       0.       0.121035 0.       0.       0.       0.       0.       0.       0.       0.       0.       0.       0.121034 0.121035 0.       0.       0.       0.273791 0.121034 0.       0.121035],[0. 0. 0. 1. 0. 0. 0. 0. 0. 0. 0. 1. 0. 0. 0. 0. 0. 0. 0. 0. 0. 0. 1. 1. 0. 0. 0. 1. 1. 0. 1.],7.0,1000,100,0.01,0.0015,1,6,idID,,random,single_objective
128,0.20038727315632376,0.4837921309059817,0.004127559615,[0.       0.       0.       0.121035 0.       0.       0.       0.       0.       0.       0.       0.121035 0.       0.       0.       0.       0.       0.       0.       0.       0.       0.       0.121034 0.121035 0.       0.       0.       0.273791 0.121034 0.       0.121035],[0. 0. 0. 1. 0. 0. 0. 0. 0. 0. 0. 1. 0. 0. 0. 0. 0. 0. 0. 0. 0. 0. 1. 1. 0. 0. 0. 1. 1. 0. 1.],7.0,1000,100,0.01,0.0015,1,6,idID,,random,single_objective
129,0.20038727315632376,0.4837921309059817,0.004127559615,[0.       0.       0.       0.121035 0.       0.       0.       0.       0.       0.       0.       0.121035 0.       0.       0.       0.       0.       0.       0.       0.       0.       0.       0.121034 0.121035 0.       0.       0.       0.273791 0.121034 0.       0.121035],[0. 0. 0. 1. 0. 0. 0. 0. 0. 0. 0. 1. 0. 0. 0. 0. 0. 0. 0. 0. 0. 0. 1. 1. 0. 0. 0. 1. 1. 0. 1.],7.0,1000,100,0.01,0.0015,1,6,idID,,random,single_objective
130,0.20038727315632376,0.4837921309059817,0.004127559615,[0.       0.       0.       0.121035 0.       0.       0.       0.       0.       0.       0.       0.121035 0.       0.       0.       0.       0.       0.       0.       0.       0.       0.       0.121034 0.121035 0.       0.       0.       0.273791 0.121034 0.       0.121035],[0. 0. 0. 1. 0. 0. 0. 0. 0. 0. 0. 1. 0. 0. 0. 0. 0. 0. 0. 0. 0. 0. 1. 1. 0. 0. 0. 1. 1. 0. 1.],7.0,1000,100,0.01,0.0015,1,6,idID,,random,single_objective
131,0.20038727315632376,0.4837921309059817,0.004127559615,[0.       0.       0.       0.121035 0.       0.       0.       0.       0.       0.       0.       0.121035 0.       0.       0.       0.       0.       0.       0.       0.       0.       0.       0.121034 0.121035 0.       0.       0.       0.273791 0.121034 0.       0.121035],[0. 0. 0. 1. 0. 0. 0. 0. 0. 0. 0. 1. 0. 0. 0. 0. 0. 0. 0. 0. 0. 0. 1. 1. 0. 0. 0. 1. 1. 0. 1.],7.0,1000,100,0.01,0.0015,1,6,idID,,random,single_objective
132,0.20038727315632376,0.4837921309059817,0.004127559615,[0.       0.       0.       0.121035 0.       0.       0.       0.       0.       0.       0.       0.121035 0.       0.       0.       0.       0.       0.       0.       0.       0.       0.       0.121034 0.121035 0.       0.       0.       0.273791 0.121034 0.       0.121035],[0. 0. 0. 1. 0. 0. 0. 0. 0. 0. 0. 1. 0. 0. 0. 0. 0. 0. 0. 0. 0. 0. 1. 1. 0. 0. 0. 1. 1. 0. 1.],7.0,1000,100,0.01,0.0015,1,6,idID,,random,single_objective
133,0.20038727315632376,0.4837921309059817,0.004127559615,[0.       0.       0.       0.121035 0.       0.       0.       0.       0.       0.       0.       0.121035 0.       0.       0.       0.       0.       0.       0.       0.       0.       0.       0.121034 0.121035 0.       0.       0.       0.273791 0.121034 0.       0.121035],[0. 0. 0. 1. 0. 0. 0. 0. 0. 0. 0. 1. 0. 0. 0. 0. 0. 0. 0. 0. 0. 0. 1. 1. 0. 0. 0. 1. 1. 0. 1.],7.0,1000,100,0.01,0.0015,1,6,idID,,random,single_objective
134,0.20038727315632376,0.4837921309059817,0.004127559615,[0.       0.       0.       0.121035 0.       0.       0.       0.       0.       0.       0.       0.121035 0.       0.       0.       0.       0.       0.       0.       0.       0.       0.       0.121034 0.121035 0.       0.       0.       0.273791 0.121034 0.       0.121035],[0. 0. 0. 1. 0. 0. 0. 0. 0. 0. 0. 1. 0. 0. 0. 0. 0. 0. 0. 0. 0. 0. 1. 1. 0. 0. 0. 1. 1. 0. 1.],7.0,1000,100,0.01,0.0015,1,6,idID,,random,single_objective
135,0.20038727315632376,0.4837921309059817,0.004127559615,[0.       0.       0.       0.121035 0.       0.       0.       0.       0.       0.       0.       0.121035 0.       0.       0.       0.       0.       0.       0.       0.       0.       0.       0.121034 0.121035 0.       0.       0.       0.273791 0.121034 0.       0.121035],[0. 0. 0. 1. 0. 0. 0. 0. 0. 0. 0. 1. 0. 0. 0. 0. 0. 0. 0. 0. 0. 0. 1. 1. 0. 0. 0. 1. 1. 0. 1.],7.0,1000,100,0.01,0.0015,1,6,idID,,random,single_objective
136,0.20038727315632376,0.4837921309059817,0.004127559615,[0.       0.       0.       0.121035 0.       0.       0.       0.       0.       0.       0.       0.121035 0.       0.       0.       0.       0.       0.       0.       0.       0.       0.       0.121034 0.121035 0.       0.       0.       0.273791 0.121034 0.       0.121035],[0. 0. 0. 1. 0. 0. 0. 0. 0. 0. 0. 1. 0. 0. 0. 0. 0. 0. 0. 0. 0. 0. 1. 1. 0. 0. 0. 1. 1. 0. 1.],7.0,1000,100,0.01,0.0015,1,6,idID,,random,single_objective
137,0.20038727315632376,0.4837921309059817,0.004127559615,[0.       0.       0.       0.121035 0.       0.       0.       0.       0.       0.       0.       0.121035 0.       0.       0.       0.       0.       0.       0.       0.       0.       0.       0.121034 0.121035 0.       0.       0.       0.273791 0.121034 0.       0.121035],[0. 0. 0. 1. 0. 0. 0. 0. 0. 0. 0. 1. 0. 0. 0. 0. 0. 0. 0. 0. 0. 0. 1. 1. 0. 0. 0. 1. 1. 0. 1.],7.0,1000,100,0.01,0.0015,1,6,idID,,random,single_objective
138,0.20038727315632376,0.4837921309059817,0.004127559615,[0.       0.       0.       0.121035 0.       0.       0.       0.       0.       0.       0.       0.121035 0.       0.       0.       0.       0.       0.       0.       0.       0.       0.       0.121034 0.121035 0.       0.       0.       0.273791 0.121034 0.       0.121035],[0. 0. 0. 1. 0. 0. 0. 0. 0. 0. 0. 1. 0. 0. 0. 0. 0. 0. 0. 0. 0. 0. 1. 1. 0. 0. 0. 1. 1. 0. 1.],7.0,1000,100,0.01,0.0015,1,6,idID,,random,single_objective
139,0.20038727315632376,0.4837921309059817,0.004127559615,[0.       0.       0.       0.121035 0.       0.       0.       0.       0.       0.       0.       0.121035 0.       0.       0.       0.       0.       0.       0.       0.       0.       0.       0.121034 0.121035 0.       0.       0.       0.273791 0.121034 0.       0.121035],[0. 0. 0. 1. 0. 0. 0. 0. 0. 0. 0. 1. 0. 0. 0. 0. 0. 0. 0. 0. 0. 0. 1. 1. 0. 0. 0. 1. 1. 0. 1.],7.0,1000,100,0.01,0.0015,1,6,idID,,random,single_objective
140,0.20038727315632376,0.4837921309059817,0.004127559615,[0.       0.       0.       0.121035 0.       0.       0.       0.       0.       0.       0.       0.121035 0.       0.       0.       0.       0.       0.       0.       0.       0.       0.       0.121034 0.121035 0.       0.       0.       0.273791 0.121034 0.       0.121035],[0. 0. 0. 1. 0. 0. 0. 0. 0. 0. 0. 1. 0. 0. 0. 0. 0. 0. 0. 0. 0. 0. 1. 1. 0. 0. 0. 1. 1. 0. 1.],7.0,1000,100,0.01,0.0015,1,6,idID,,random,single_objective
141,0.20038727315632376,0.4837921309059817,0.004127559615,[0.       0.       0.       0.121035 0.       0.       0.       0.       0.       0.       0.       0.121035 0.       0.       0.       0.       0.       0.       0.       0.       0.       0.       0.121034 0.121035 0.       0.       0.       0.273791 0.121034 0.       0.121035],[0. 0. 0. 1. 0. 0. 0. 0. 0. 0. 0. 1. 0. 0. 0. 0. 0. 0. 0. 0. 0. 0. 1. 1. 0. 0. 0. 1. 1. 0. 1.],7.0,1000,100,0.01,0.0015,1,6,idID,,random,single_objective
142,0.20038727315632376,0.4837921309059817,0.004127559615,[0.       0.       0.       0.121035 0.       0.       0.       0.       0.       0.       0.       0.121035 0.       0.       0.       0.       0.       0.       0.       0.       0.       0.       0.121034 0.121035 0.       0.       0.       0.273791 0.121034 0.       0.121035],[0. 0. 0. 1. 0. 0. 0. 0. 0. 0. 0. 1. 0. 0. 0. 0. 0. 0. 0. 0. 0. 0. 1. 1. 0. 0. 0. 1. 1. 0. 1.],7.0,1000,100,0.01,0.0015,1,6,idID,,random,single_objective
143,0.20038727315632376,0.4837921309059817,0.004127559615,[0.       0.       0.       0.121035 0.       0.       0.       0.       0.       0.       0.       0.121035 0.       0.       0.       0.       0.       0.       0.       0.       0.       0.       0.121034 0.121035 0.       0.       0.       0.273791 0.121034 0.       0.121035],[0. 0. 0. 1. 0. 0. 0. 0. 0. 0. 0. 1. 0. 0. 0. 0. 0. 0. 0. 0. 0. 0. 1. 1. 0. 0. 0. 1. 1. 0. 1.],7.0,1000,100,0.01,0.0015,1,6,idID,,random,single_objective
144,0.20038727315632376,0.4837921309059817,0.004127559615,[0.       0.       0.       0.121035 0.       0.       0.       0.       0.       0.       0.       0.121035 0.       0.       0.       0.       0.       0.       0.       0.       0.       0.       0.121034 0.121035 0.       0.       0.       0.273791 0.121034 0.       0.121035],[0. 0. 0. 1. 0. 0. 0. 0. 0. 0. 0. 1. 0. 0. 0. 0. 0. 0. 0. 0. 0. 0. 1. 1. 0. 0. 0. 1. 1. 0. 1.],7.0,1000,100,0.01,0.0015,1,6,idID,,random,single_objective
145,0.20038727315632376,0.4837921309059817,0.004127559615,[0.       0.       0.       0.121035 0.       0.       0.       0.       0.       0.       0.       0.121035 0.       0.       0.       0.       0.       0.       0.       0.       0.       0.       0.121034 0.121035 0.       0.       0.       0.273791 0.121034 0.       0.121035],[0. 0. 0. 1. 0. 0. 0. 0. 0. 0. 0. 1. 0. 0. 0. 0. 0. 0. 0. 0. 0. 0. 1. 1. 0. 0. 0. 1. 1. 0. 1.],7.0,1000,100,0.01,0.0015,1,6,idID,,random,single_objective
146,0.20038727315632376,0.4837921309059817,0.004127559615,[0.       0.       0.       0.121035 0.       0.       0.       0.       0.       0.       0.       0.121035 0.       0.       0.       0.       0.       0.       0.       0.       0.       0.       0.121034 0.121035 0.       0.       0.       0.273791 0.121034 0.       0.121035],[0. 0. 0. 1. 0. 0. 0. 0. 0. 0. 0. 1. 0. 0. 0. 0. 0. 0. 0. 0. 0. 0. 1. 1. 0. 0. 0. 1. 1. 0. 1.],7.0,1000,100,0.01,0.0015,1,6,idID,,random,single_objective
147,0.20038727315632376,0.4837921309059817,0.004127559615,[0.       0.       0.       0.121035 0.       0.       0.       0.       0.       0.       0.       0.121035 0.       0.       0.       0.       0.       0.       0.       0.       0.       0.       0.121034 0.121035 0.       0.       0.       0.273791 0.121034 0.       0.121035],[0. 0. 0. 1. 0. 0. 0. 0. 0. 0. 0. 1. 0. 0. 0. 0. 0. 0. 0. 0. 0. 0. 1. 1. 0. 0. 0. 1. 1. 0. 1.],7.0,1000,100,0.01,0.0015,1,6,idID,,random,single_objective
148,0.20038727315632376,0.4837921309059817,0.004127559615,[0.       0.       0.       0.121035 0.       0.       0.       0.       0.       0.       0.       0.121035 0.       0.       0.       0.       0.       0.       0.       0.       0.       0.       0.121034 0.121035 0.       0.       0.       0.273791 0.121034 0.       0.121035],[0. 0. 0. 1. 0. 0. 0. 0. 0. 0. 0. 1. 0. 0. 0. 0. 0. 0. 0. 0. 0. 0. 1. 1. 0. 0. 0. 1. 1. 0. 1.],7.0,1000,100,0.01,0.0015,1,6,idID,,random,single_objective
149,0.20038727315632376,0.4837921309059817,0.004127559615,[0.       0.       0.       0.121035 0.       0.       0.       0.       0.       0.       0.       0.121035 0.       0.       0.       0.       0.       0.       0.       0.       0.       0.       0.121034 0.121035 0.       0.       0.       0.273791 0.121034 0.       0.121035],[0. 0. 0. 1. 0. 0. 0. 0. 0. 0. 0. 1. 0. 0. 0. 0. 0. 0. 0. 0. 0. 0. 1. 1. 0. 0. 0. 1. 1. 0. 1.],7.0,1000,100,0.01,0.0015,1,6,idID,,random,single_objective
150,0.20038727315632376,0.4837921309059817,0.004127559615,[0.       0.       0.       0.121035 0.       0.       0.       0.       0.       0.       0.       0.121035 0.       0.       0.       0.       0.       0.       0.       0.       0.       0.       0.121034 0.121035 0.       0.       0.       0.273791 0.121034 0.       0.121035],[0. 0. 0. 1. 0. 0. 0. 0. 0. 0. 0. 1. 0. 0. 0. 0. 0. 0. 0. 0. 0. 0. 1. 1. 0. 0. 0. 1. 1. 0. 1.],7.0,1000,100,0.01,0.0015,1,6,idID,,random,single_objective
151,0.20038727315632376,0.4837921309059817,0.004127559615,[0.       0.       0.       0.121035 0.       0.       0.       0.       0.       0.       0.       0.121035 0.       0.       0.       0.       0.       0.       0.       0.       0.       0.       0.121034 0.121035 0.       0.       0.       0.273791 0.121034 0.       0.121035],[0. 0. 0. 1. 0. 0. 0. 0. 0. 0. 0. 1. 0. 0. 0. 0. 0. 0. 0. 0. 0. 0. 1. 1. 0. 0. 0. 1. 1. 0. 1.],7.0,1000,100,0.01,0.0015,1,6,idID,,random,single_objective
152,0.20038727315632376,0.4837921309059817,0.004127559615,[0.       0.       0.       0.121035 0.       0.       0.       0.       0.       0.       0.       0.121035 0.       0.       0.       0.       0.       0.       0.       0.       0.       0.       0.121034 0.121035 0.       0.       0.       0.273791 0.121034 0.       0.121035],[0. 0. 0. 1. 0. 0. 0. 0. 0. 0. 0. 1. 0. 0. 0. 0. 0. 0. 0. 0. 0. 0. 1. 1. 0. 0. 0. 1. 1. 0. 1.],7.0,1000,100,0.01,0.0015,1,6,idID,,random,single_objective
153,0.20038727315632376,0.4837921309059817,0.004127559615,[0.       0.       0.       0.121035 0.       0.       0.       0.       0.       0.       0.       0.121035 0.       0.       0.       0.       0.       0.       0.       0.       0.       0.       0.121034 0.121035 0.       0.       0.       0.273791 0.121034 0.       0.121035],[0. 0. 0. 1. 0. 0. 0. 0. 0. 0. 0. 1. 0. 0. 0. 0. 0. 0. 0. 0. 0. 0. 1. 1. 0. 0. 0. 1. 1. 0. 1.],7.0,1000,100,0.01,0.0015,1,6,idID,,random,single_objective
154,0.20038727315632376,0.4837921309059817,0.004127559615,[0.       0.       0.       0.121035 0.       0.       0.       0.       0.       0.       0.       0.121035 0.       0.       0.       0.       0.       0.       0.       0.       0.       0.       0.121034 0.121035 0.       0.       0.       0.273791 0.121034 0.       0.121035],[0. 0. 0. 1. 0. 0. 0. 0. 0. 0. 0. 1. 0. 0. 0. 0. 0. 0. 0. 0. 0. 0. 1. 1. 0. 0. 0. 1. 1. 0. 1.],7.0,1000,100,0.01,0.0015,1,6,idID,,random,single_objective
155,0.20038727315632376,0.4837921309059817,0.004127559615,[0.       0.       0.       0.121035 0.       0.       0.       0.       0.       0.       0.       0.121035 0.       0.       0.       0.       0.       0.       0.       0.       0.       0.       0.121034 0.121035 0.       0.       0.       0.273791 0.121034 0.       0.121035],[0. 0. 0. 1. 0. 0. 0. 0. 0. 0. 0. 1. 0. 0. 0. 0. 0. 0. 0. 0. 0. 0. 1. 1. 0. 0. 0. 1. 1. 0. 1.],7.0,1000,100,0.01,0.0015,1,6,idID,,random,single_objective
156,0.20038727315632376,0.4837921309059817,0.004127559615,[0.       0.       0.       0.121035 0.       0.       0.       0.       0.       0.       0.       0.121035 0.       0.       0.       0.       0.       0.       0.       0.       0.       0.       0.121034 0.121035 0.       0.       0.       0.273791 0.121034 0.       0.121035],[0. 0. 0. 1. 0. 0. 0. 0. 0. 0. 0. 1. 0. 0. 0. 0. 0. 0. 0. 0. 0. 0. 1. 1. 0. 0. 0. 1. 1. 0. 1.],7.0,1000,100,0.01,0.0015,1,6,idID,,random,single_objective
157,0.20038727315632376,0.4837921309059817,0.004127559615,[0.       0.       0.       0.121035 0.       0.       0.       0.       0.       0.       0.       0.121035 0.       0.       0.       0.       0.       0.       0.       0.       0.       0.       0.121034 0.121035 0.       0.       0.       0.273791 0.121034 0.       0.121035],[0. 0. 0. 1. 0. 0. 0. 0. 0. 0. 0. 1. 0. 0. 0. 0. 0. 0. 0. 0. 0. 0. 1. 1. 0. 0. 0. 1. 1. 0. 1.],7.0,1000,100,0.01,0.0015,1,6,idID,,random,single_objective
158,0.20038727315632376,0.4837921309059817,0.004127559615,[0.       0.       0.       0.121035 0.       0.       0.       0.       0.       0.       0.       0.121035 0.       0.       0.       0.       0.       0.       0.       0.       0.       0.       0.121034 0.121035 0.       0.       0.       0.273791 0.121034 0.       0.121035],[0. 0. 0. 1. 0. 0. 0. 0. 0. 0. 0. 1. 0. 0. 0. 0. 0. 0. 0. 0. 0. 0. 1. 1. 0. 0. 0. 1. 1. 0. 1.],7.0,1000,100,0.01,0.0015,1,6,idID,,random,single_objective
159,0.20038727315632376,0.4837921309059817,0.004127559615,[0.       0.       0.       0.121035 0.       0.       0.       0.       0.       0.       0.       0.121035 0.       0.       0.       0.       0.       0.       0.       0.       0.       0.       0.121034 0.121035 0.       0.       0.       0.273791 0.121034 0.       0.121035],[0. 0. 0. 1. 0. 0. 0. 0. 0. 0. 0. 1. 0. 0. 0. 0. 0. 0. 0. 0. 0. 0. 1. 1. 0. 0. 0. 1. 1. 0. 1.],7.0,1000,100,0.01,0.0015,1,6,idID,,random,single_objective
160,0.20038727315632376,0.4837921309059817,0.004127559615,[0.       0.       0.       0.121035 0.       0.       0.       0.       0.       0.       0.       0.121035 0.       0.       0.       0.       0.       0.       0.       0.       0.       0.       0.121034 0.121035 0.       0.       0.       0.273791 0.121034 0.       0.121035],[0. 0. 0. 1. 0. 0. 0. 0. 0. 0. 0. 1. 0. 0. 0. 0. 0. 0. 0. 0. 0. 0. 1. 1. 0. 0. 0. 1. 1. 0. 1.],7.0,1000,100,0.01,0.0015,1,6,idID,,random,single_objective
161,0.20038727315632376,0.4837921309059817,0.004127559615,[0.       0.       0.       0.121035 0.       0.       0.       0.       0.       0.       0.       0.121035 0.       0.       0.       0.       0.       0.       0.       0.       0.       0.       0.121034 0.121035 0.       0.       0.       0.273791 0.121034 0.       0.121035],[0. 0. 0. 1. 0. 0. 0. 0. 0. 0. 0. 1. 0. 0. 0. 0. 0. 0. 0. 0. 0. 0. 1. 1. 0. 0. 0. 1. 1. 0. 1.],7.0,1000,100,0.01,0.0015,1,6,idID,,random,single_objective
162,0.20038727315632376,0.4837921309059817,0.004127559615,[0.       0.       0.       0.121035 0.       0.       0.       0.       0.       0.       0.       0.121035 0.       0.       0.       0.       0.       0.       0.       0.       0.       0.       0.121034 0.121035 0.       0.       0.       0.273791 0.121034 0.       0.121035],[0. 0. 0. 1. 0. 0. 0. 0. 0. 0. 0. 1. 0. 0. 0. 0. 0. 0. 0. 0. 0. 0. 1. 1. 0. 0. 0. 1. 1. 0. 1.],7.0,1000,100,0.01,0.0015,1,6,idID,,random,single_objective
163,0.20038727315632376,0.4837921309059817,0.004127559615,[0.       0.       0.       0.121035 0.       0.       0.       0.       0.       0.       0.       0.121035 0.       0.       0.       0.       0.       0.       0.       0.       0.       0.       0.121034 0.121035 0.       0.       0.       0.273791 0.121034 0.       0.121035],[0. 0. 0. 1. 0. 0. 0. 0. 0. 0. 0. 1. 0. 0. 0. 0. 0. 0. 0. 0. 0. 0. 1. 1. 0. 0. 0. 1. 1. 0. 1.],7.0,1000,100,0.01,0.0015,1,6,idID,,random,single_objective
164,0.20038727315632376,0.4837921309059817,0.004127559615,[0.       0.       0.       0.121035 0.       0.       0.       0.       0.       0.       0.       0.121035 0.       0.       0.       0.       0.       0.       0.       0.       0.       0.       0.121034 0.121035 0.       0.       0.       0.273791 0.121034 0.       0.121035],[0. 0. 0. 1. 0. 0. 0. 0. 0. 0. 0. 1. 0. 0. 0. 0. 0. 0. 0. 0. 0. 0. 1. 1. 0. 0. 0. 1. 1. 0. 1.],7.0,1000,100,0.01,0.0015,1,6,idID,,random,single_objective
165,0.20038727315632376,0.4837921309059817,0.004127559615,[0.       0.       0.       0.121035 0.       0.       0.       0.       0.       0.       0.       0.121035 0.       0.       0.       0.       0.       0.       0.       0.       0.       0.       0.121034 0.121035 0.       0.       0.       0.273791 0.121034 0.       0.121035],[0. 0. 0. 1. 0. 0. 0. 0. 0. 0. 0. 1. 0. 0. 0. 0. 0. 0. 0. 0. 0. 0. 1. 1. 0. 0. 0. 1. 1. 0. 1.],7.0,1000,100,0.01,0.0015,1,6,idID,,random,single_objective
166,0.20038727315632376,0.4837921309059817,0.004127559615,[0.       0.       0.       0.121035 0.       0.       0.       0.       0.       0.       0.       0.121035 0.       0.       0.       0.       0.       0.       0.       0.       0.       0.       0.121034 0.121035 0.       0.       0.       0.273791 0.121034 0.       0.121035],[0. 0. 0. 1. 0. 0. 0. 0. 0. 0. 0. 1. 0. 0. 0. 0. 0. 0. 0. 0. 0. 0. 1. 1. 0. 0. 0. 1. 1. 0. 1.],7.0,1000,100,0.01,0.0015,1,6,idID,,random,single_objective
167,0.20038727315632376,0.4837921309059817,0.004127559615,[0.       0.       0.       0.121035 0.       0.       0.       0.       0.       0.       0.       0.121035 0.       0.       0.       0.       0.       0.       0.       0.       0.       0.       0.121034 0.121035 0.       0.       0.       0.273791 0.121034 0.       0.121035],[0. 0. 0. 1. 0. 0. 0. 0. 0. 0. 0. 1. 0. 0. 0. 0. 0. 0. 0. 0. 0. 0. 1. 1. 0. 0. 0. 1. 1. 0. 1.],7.0,1000,100,0.01,0.0015,1,6,idID,,random,single_objective
168,0.20038727315632376,0.4837921309059817,0.004127559615,[0.       0.       0.       0.121035 0.       0.       0.       0.       0.       0.       0.       0.121035 0.       0.       0.       0.       0.       0.       0.       0.       0.       0.       0.121034 0.121035 0.       0.       0.       0.273791 0.121034 0.       0.121035],[0. 0. 0. 1. 0. 0. 0. 0. 0. 0. 0. 1. 0. 0. 0. 0. 0. 0. 0. 0. 0. 0. 1. 1. 0. 0. 0. 1. 1. 0. 1.],7.0,1000,100,0.01,0.0015,1,6,idID,,random,single_objective
169,0.20038727315632376,0.4837921309059817,0.004127559615,[0.       0.       0.       0.121035 0.       0.       0.       0.       0.       0.       0.       0.121035 0.       0.       0.       0.       0.       0.       0.       0.       0.       0.       0.121034 0.121035 0.       0.       0.       0.273791 0.121034 0.       0.121035],[0. 0. 0. 1. 0. 0. 0. 0. 0. 0. 0. 1. 0. 0. 0. 0. 0. 0. 0. 0. 0. 0. 1. 1. 0. 0. 0. 1. 1. 0. 1.],7.0,1000,100,0.01,0.0015,1,6,idID,,random,single_objective
170,0.20038727315632376,0.4837921309059817,0.004127559615,[0.       0.       0.       0.121035 0.       0.       0.       0.       0.       0.       0.       0.121035 0.       0.       0.       0.       0.       0.       0.       0.       0.       0.       0.121034 0.121035 0.       0.       0.       0.273791 0.121034 0.       0.121035],[0. 0. 0. 1. 0. 0. 0. 0. 0. 0. 0. 1. 0. 0. 0. 0. 0. 0. 0. 0. 0. 0. 1. 1. 0. 0. 0. 1. 1. 0. 1.],7.0,1000,100,0.01,0.0015,1,6,idID,,random,single_objective
171,0.20038727315632376,0.4837921309059817,0.004127559615,[0.       0.       0.       0.121035 0.       0.       0.       0.       0.       0.       0.       0.121035 0.       0.       0.       0.       0.       0.       0.       0.       0.       0.       0.121034 0.121035 0.       0.       0.       0.273791 0.121034 0.       0.121035],[0. 0. 0. 1. 0. 0. 0. 0. 0. 0. 0. 1. 0. 0. 0. 0. 0. 0. 0. 0. 0. 0. 1. 1. 0. 0. 0. 1. 1. 0. 1.],7.0,1000,100,0.01,0.0015,1,6,idID,,random,single_objective
172,0.20038727315632376,0.4837921309059817,0.004127559615,[0.       0.       0.       0.121035 0.       0.       0.       0.       0.       0.       0.       0.121035 0.       0.       0.       0.       0.       0.       0.       0.       0.       0.       0.121034 0.121035 0.       0.       0.       0.273791 0.121034 0.       0.121035],[0. 0. 0. 1. 0. 0. 0. 0. 0. 0. 0. 1. 0. 0. 0. 0. 0. 0. 0. 0. 0. 0. 1. 1. 0. 0. 0. 1. 1. 0. 1.],7.0,1000,100,0.01,0.0015,1,6,idID,,random,single_objective
173,0.20038727315632376,0.4837921309059817,0.004127559615,[0.       0.       0.       0.121035 0.       0.       0.       0.       0.       0.       0.       0.121035 0.       0.       0.       0.       0.       0.       0.       0.       0.       0.       0.121034 0.121035 0.       0.       0.       0.273791 0.121034 0.       0.121035],[0. 0. 0. 1. 0. 0. 0. 0. 0. 0. 0. 1. 0. 0. 0. 0. 0. 0. 0. 0. 0. 0. 1. 1. 0. 0. 0. 1. 1. 0. 1.],7.0,1000,100,0.01,0.0015,1,6,idID,,random,single_objective
174,0.20038727315632376,0.4837921309059817,0.004127559615,[0.       0.       0.       0.121035 0.       0.       0.       0.       0.       0.       0.       0.121035 0.       0.       0.       0.       0.       0.       0.       0.       0.       0.       0.121034 0.121035 0.       0.       0.       0.273791 0.121034 0.       0.121035],[0. 0. 0. 1. 0. 0. 0. 0. 0. 0. 0. 1. 0. 0. 0. 0. 0. 0. 0. 0. 0. 0. 1. 1. 0. 0. 0. 1. 1. 0. 1.],7.0,1000,100,0.01,0.0015,1,6,idID,,random,single_objective
175,0.20038727315632376,0.4837921309059817,0.004127559615,[0.       0.       0.       0.121035 0.       0.       0.       0.       0.       0.       0.       0.121035 0.       0.       0.       0.       0.       0.       0.       0.       0.       0.       0.121034 0.121035 0.       0.       0.       0.273791 0.121034 0.       0.121035],[0. 0. 0. 1. 0. 0. 0. 0. 0. 0. 0. 1. 0. 0. 0. 0. 0. 0. 0. 0. 0. 0. 1. 1. 0. 0. 0. 1. 1. 0. 1.],7.0,1000,100,0.01,0.0015,1,6,idID,,random,single_objective
176,0.20038727315632376,0.4837921309059817,0.004127559615,[0.       0.       0.       0.121035 0.       0.       0.       0.       0.       0.       0.       0.121035 0.       0.       0.       0.       0.       0.       0.       0.       0.       0.       0.121034 0.121035 0.       0.       0.       0.273791 0.121034 0.       0.121035],[0. 0. 0. 1. 0. 0. 0. 0. 0. 0. 0. 1. 0. 0. 0. 0. 0. 0. 0. 0. 0. 0. 1. 1. 0. 0. 0. 1. 1. 0. 1.],7.0,1000,100,0.01,0.0015,1,6,idID,,random,single_objective
177,0.20038727315632376,0.4837921309059817,0.004127559615,[0.       0.       0.       0.121035 0.       0.       0.       0.       0.       0.       0.       0.121035 0.       0.       0.       0.       0.       0.       0.       0.       0.       0.       0.121034 0.121035 0.       0.       0.       0.273791 0.121034 0.       0.121035],[0. 0. 0. 1. 0. 0. 0. 0. 0. 0. 0. 1. 0. 0. 0. 0. 0. 0. 0. 0. 0. 0. 1. 1. 0. 0. 0. 1. 1. 0. 1.],7.0,1000,100,0.01,0.0015,1,6,idID,,random,single_objective
178,0.20038727315632376,0.4837921309059817,0.004127559615,[0.       0.       0.       0.121035 0.       0.       0.       0.       0.       0.       0.       0.121035 0.       0.       0.       0.       0.       0.       0.       0.       0.       0.       0.121034 0.121035 0.       0.       0.       0.273791 0.121034 0.       0.121035],[0. 0. 0. 1. 0. 0. 0. 0. 0. 0. 0. 1. 0. 0. 0. 0. 0. 0. 0. 0. 0. 0. 1. 1. 0. 0. 0. 1. 1. 0. 1.],7.0,1000,100,0.01,0.0015,1,6,idID,,random,single_objective
179,0.20038727315632376,0.4837921309059817,0.004127559615,[0.       0.       0.       0.121035 0.       0.       0.       0.       0.       0.       0.       0.121035 0.       0.       0.       0.       0.       0.       0.       0.       0.       0.       0.121034 0.121035 0.       0.       0.       0.273791 0.121034 0.       0.121035],[0. 0. 0. 1. 0. 0. 0. 0. 0. 0. 0. 1. 0. 0. 0. 0. 0. 0. 0. 0. 0. 0. 1. 1. 0. 0. 0. 1. 1. 0. 1.],7.0,1000,100,0.01,0.0015,1,6,idID,,random,single_objective
180,0.20038727315632376,0.4837921309059817,0.004127559615,[0.       0.       0.       0.121035 0.       0.       0.       0.       0.       0.       0.       0.121035 0.       0.       0.       0.       0.       0.       0.       0.       0.       0.       0.121034 0.121035 0.       0.       0.       0.273791 0.121034 0.       0.121035],[0. 0. 0. 1. 0. 0. 0. 0. 0. 0. 0. 1. 0. 0. 0. 0. 0. 0. 0. 0. 0. 0. 1. 1. 0. 0. 0. 1. 1. 0. 1.],7.0,1000,100,0.01,0.0015,1,6,idID,,random,single_objective
181,0.20038727315632376,0.4837921309059817,0.004127559615,[0.       0.       0.       0.121035 0.       0.       0.       0.       0.       0.       0.       0.121035 0.       0.       0.       0.       0.       0.       0.       0.       0.       0.       0.121034 0.121035 0.       0.       0.       0.273791 0.121034 0.       0.121035],[0. 0. 0. 1. 0. 0. 0. 0. 0. 0. 0. 1. 0. 0. 0. 0. 0. 0. 0. 0. 0. 0. 1. 1. 0. 0. 0. 1. 1. 0. 1.],7.0,1000,100,0.01,0.0015,1,6,idID,,random,single_objective
182,0.20038727315632376,0.4837921309059817,0.004127559615,[0.       0.       0.       0.121035 0.       0.       0.       0.       0.       0.       0.       0.121035 0.       0.       0.       0.       0.       0.       0.       0.       0.       0.       0.121034 0.121035 0.       0.       0.       0.273791 0.121034 0.       0.121035],[0. 0. 0. 1. 0. 0. 0. 0. 0. 0. 0. 1. 0. 0. 0. 0. 0. 0. 0. 0. 0. 0. 1. 1. 0. 0. 0. 1. 1. 0. 1.],7.0,1000,100,0.01,0.0015,1,6,idID,,random,single_objective
183,0.20038727315632376,0.4837921309059817,0.004127559615,[0.       0.       0.       0.121035 0.       0.       0.       0.       0.       0.       0.       0.121035 0.       0.       0.       0.       0.       0.       0.       0.       0.       0.       0.121034 0.121035 0.       0.       0.       0.273791 0.121034 0.       0.121035],[0. 0. 0. 1. 0. 0. 0. 0. 0. 0. 0. 1. 0. 0. 0. 0. 0. 0. 0. 0. 0. 0. 1. 1. 0. 0. 0. 1. 1. 0. 1.],7.0,1000,100,0.01,0.0015,1,6,idID,,random,single_objective
184,0.20038727315632376,0.4837921309059817,0.004127559615,[0.       0.       0.       0.121035 0.       0.       0.       0.       0.       0.       0.       0.121035 0.       0.       0.       0.       0.       0.       0.       0.       0.       0.       0.121034 0.121035 0.       0.       0.       0.273791 0.121034 0.       0.121035],[0. 0. 0. 1. 0. 0. 0. 0. 0. 0. 0. 1. 0. 0. 0. 0. 0. 0. 0. 0. 0. 0. 1. 1. 0. 0. 0. 1. 1. 0. 1.],7.0,1000,100,0.01,0.0015,1,6,idID,,random,single_objective
185,0.20038727315632376,0.4837921309059817,0.004127559615,[0.       0.       0.       0.121035 0.       0.       0.       0.       0.       0.       0.       0.121035 0.       0.       0.       0.       0.       0.       0.       0.       0.       0.       0.121034 0.121035 0.       0.       0.       0.273791 0.121034 0.       0.121035],[0. 0. 0. 1. 0. 0. 0. 0. 0. 0. 0. 1. 0. 0. 0. 0. 0. 0. 0. 0. 0. 0. 1. 1. 0. 0. 0. 1. 1. 0. 1.],7.0,1000,100,0.01,0.0015,1,6,idID,,random,single_objective
186,0.20038727315632376,0.4837921309059817,0.004127559615,[0.       0.       0.       0.121035 0.       0.       0.       0.       0.       0.       0.       0.121035 0.       0.       0.       0.       0.       0.       0.       0.       0.       0.       0.121034 0.121035 0.       0.       0.       0.273791 0.121034 0.       0.121035],[0. 0. 0. 1. 0. 0. 0. 0. 0. 0. 0. 1. 0. 0. 0. 0. 0. 0. 0. 0. 0. 0. 1. 1. 0. 0. 0. 1. 1. 0. 1.],7.0,1000,100,0.01,0.0015,1,6,idID,,random,single_objective
187,0.20038727315632376,0.4837921309059817,0.004127559615,[0.       0.       0.       0.121035 0.       0.       0.       0.       0.       0.       0.       0.121035 0.       0.       0.       0.       0.       0.       0.       0.       0.       0.       0.121034 0.121035 0.       0.       0.       0.273791 0.121034 0.       0.121035],[0. 0. 0. 1. 0. 0. 0. 0. 0. 0. 0. 1. 0. 0. 0. 0. 0. 0. 0. 0. 0. 0. 1. 1. 0. 0. 0. 1. 1. 0. 1.],7.0,1000,100,0.01,0.0015,1,6,idID,,random,single_objective
188,0.20038727315632376,0.4837921309059817,0.004127559615,[0.       0.       0.       0.121035 0.       0.       0.       0.       0.       0.       0.       0.121035 0.       0.       0.       0.       0.       0.       0.       0.       0.       0.       0.121034 0.121035 0.       0.       0.       0.273791 0.121034 0.       0.121035],[0. 0. 0. 1. 0. 0. 0. 0. 0. 0. 0. 1. 0. 0. 0. 0. 0. 0. 0. 0. 0. 0. 1. 1. 0. 0. 0. 1. 1. 0. 1.],7.0,1000,100,0.01,0.0015,1,6,idID,,random,single_objective
189,0.20038727315632376,0.4837921309059817,0.004127559615,[0.       0.       0.       0.121035 0.       0.       0.       0.       0.       0.       0.       0.121035 0.       0.       0.       0.       0.       0.       0.       0.       0.       0.       0.121034 0.121035 0.       0.       0.       0.273791 0.121034 0.       0.121035],[0. 0. 0. 1. 0. 0. 0. 0. 0. 0. 0. 1. 0. 0. 0. 0. 0. 0. 0. 0. 0. 0. 1. 1. 0. 0. 0. 1. 1. 0. 1.],7.0,1000,100,0.01,0.0015,1,6,idID,,random,single_objective
190,0.20038727315632376,0.4837921309059817,0.004127559615,[0.       0.       0.       0.121035 0.       0.       0.       0.       0.       0.       0.       0.121035 0.       0.       0.       0.       0.       0.       0.       0.       0.       0.       0.121034 0.121035 0.       0.       0.       0.273791 0.121034 0.       0.121035],[0. 0. 0. 1. 0. 0. 0. 0. 0. 0. 0. 1. 0. 0. 0. 0. 0. 0. 0. 0. 0. 0. 1. 1. 0. 0. 0. 1. 1. 0. 1.],7.0,1000,100,0.01,0.0015,1,6,idID,,random,single_objective
191,0.20038727315632376,0.4837921309059817,0.004127559615,[0.       0.       0.       0.121035 0.       0.       0.       0.       0.       0.       0.       0.121035 0.       0.       0.       0.       0.       0.       0.       0.       0.       0.       0.121034 0.121035 0.       0.       0.       0.273791 0.121034 0.       0.121035],[0. 0. 0. 1. 0. 0. 0. 0. 0. 0. 0. 1. 0. 0. 0. 0. 0. 0. 0. 0. 0. 0. 1. 1. 0. 0. 0. 1. 1. 0. 1.],7.0,1000,100,0.01,0.0015,1,6,idID,,random,single_objective
192,0.20038727315632376,0.4837921309059817,0.004127559615,[0.       0.       0.       0.121035 0.       0.       0.       0.       0.       0.       0.       0.121035 0.       0.       0.       0.       0.       0.       0.       0.       0.       0.       0.121034 0.121035 0.       0.       0.       0.273791 0.121034 0.       0.121035],[0. 0. 0. 1. 0. 0. 0. 0. 0. 0. 0. 1. 0. 0. 0. 0. 0. 0. 0. 0. 0. 0. 1. 1. 0. 0. 0. 1. 1. 0. 1.],7.0,1000,100,0.01,0.0015,1,6,idID,,random,single_objective
193,0.20038727315632376,0.4837921309059817,0.004127559615,[0.       0.       0.       0.121035 0.       0.       0.       0.       0.       0.       0.       0.121035 0.       0.       0.       0.       0.       0.       0.       0.       0.       0.       0.121034 0.121035 0.       0.       0.       0.273791 0.121034 0.       0.121035],[0. 0. 0. 1. 0. 0. 0. 0. 0. 0. 0. 1. 0. 0. 0. 0. 0. 0. 0. 0. 0. 0. 1. 1. 0. 0. 0. 1. 1. 0. 1.],7.0,1000,100,0.01,0.0015,1,6,idID,,random,single_objective
194,0.20038727315632376,0.4837921309059817,0.004127559615,[0.       0.       0.       0.121035 0.       0.       0.       0.       0.       0.       0.       0.121035 0.       0.       0.       0.       0.       0.       0.       0.       0.       0.       0.121034 0.121035 0.       0.       0.       0.273791 0.121034 0.       0.121035],[0. 0. 0. 1. 0. 0. 0. 0. 0. 0. 0. 1. 0. 0. 0. 0. 0. 0. 0. 0. 0. 0. 1. 1. 0. 0. 0. 1. 1. 0. 1.],7.0,1000,100,0.01,0.0015,1,6,idID,,random,single_objective
195,0.20038727315632376,0.4837921309059817,0.004127559615,[0.       0.       0.       0.121035 0.       0.       0.       0.       0.       0.       0.       0.121035 0.       0.       0.       0.       0.       0.       0.       0.       0.       0.       0.121034 0.121035 0.       0.       0.       0.273791 0.121034 0.       0.121035],[0. 0. 0. 1. 0. 0. 0. 0. 0. 0. 0. 1. 0. 0. 0. 0. 0. 0. 0. 0. 0. 0. 1. 1. 0. 0. 0. 1. 1. 0. 1.],7.0,1000,100,0.01,0.0015,1,6,idID,,random,single_objective
196,0.20038727315632376,0.4837921309059817,0.004127559615,[0.       0.       0.       0.121035 0.       0.       0.       0.       0.       0.       0.       0.121035 0.       0.       0.       0.       0.       0.       0.       0.       0.       0.       0.121034 0.121035 0.       0.       0.       0.273791 0.121034 0.       0.121035],[0. 0. 0. 1. 0. 0. 0. 0. 0. 0. 0. 1. 0. 0. 0. 0. 0. 0. 0. 0. 0. 0. 1. 1. 0. 0. 0. 1. 1. 0. 1.],7.0,1000,100,0.01,0.0015,1,6,idID,,random,single_objective
197,0.20038727315632376,0.4837921309059817,0.004127559615,[0.       0.       0.       0.121035 0.       0.       0.       0.       0.       0.       0.       0.121035 0.       0.       0.       0.       0.       0.       0.       0.       0.       0.       0.121034 0.121035 0.       0.       0.       0.273791 0.121034 0.       0.121035],[0. 0. 0. 1. 0. 0. 0. 0. 0. 0. 0. 1. 0. 0. 0. 0. 0. 0. 0. 0. 0. 0. 1. 1. 0. 0. 0. 1. 1. 0. 1.],7.0,1000,100,0.01,0.0015,1,6,idID,,random,single_objective
198,0.20038727315632376,0.4837921309059817,0.004127559615,[0.       0.       0.       0.121035 0.       0.       0.       0.       0.       0.       0.       0.121035 0.       0.       0.       0.       0.       0.       0.       0.       0.       0.       0.121034 0.121035 0.       0.       0.       0.273791 0.121034 0.       0.121035],[0. 0. 0. 1. 0. 0. 0. 0. 0. 0. 0. 1. 0. 0. 0. 0. 0. 0. 0. 0. 0. 0. 1. 1. 0. 0. 0. 1. 1. 0. 1.],7.0,1000,100,0.01,0.0015,1,6,idID,,random,single_objective
199,0.20038727315632376,0.4837921309059817,0.004127559615,[0.       0.       0.       0.121035 0.       0.       0.       0.       0.       0.       0.       0.121035 0.       0.       0.       0.       0.       0.       0.       0.       0.       0.       0.121034 0.121035 0.       0.       0.       0.273791 0.121034 0.       0.121035],[0. 0. 0. 1. 0. 0. 0. 0. 0. 0. 0. 1. 0. 0. 0. 0. 0. 0. 0. 0. 0. 0. 1. 1. 0. 0. 0. 1. 1. 0. 1.],7.0,1000,100,0.01,0.0015,1,6,idID,,random,single_objective
200,0.20038727315632376,0.4837921309059817,0.004127559615,[0.       0.       0.       0.121035 0.       0.       0.       0.       0.       0.       0.       0.121035 0.       0.       0.       0.       0.       0.       0.       0.       0.       0.       0.121034 0.121035 0.       0.       0.       0.273791 0.121034 0.       0.121035],[0. 0. 0. 1. 0. 0. 0. 0. 0. 0. 0. 1. 0. 0. 0. 0. 0. 0. 0. 0. 0. 0. 1. 1. 0. 0. 0. 1. 1. 0. 1.],7.0,1000,100,0.01,0.0015,1,6,idID,,random,single_objective
201,0.20038727315632376,0.4837921309059817,0.004127559615,[0.       0.       0.       0.121035 0.       0.       0.       0.       0.       0.       0.       0.121035 0.       0.       0.       0.       0.       0.       0.       0.       0.       0.       0.121034 0.121035 0.       0.       0.       0.273791 0.121034 0.       0.121035],[0. 0. 0. 1. 0. 0. 0. 0. 0. 0. 0. 1. 0. 0. 0. 0. 0. 0. 0. 0. 0. 0. 1. 1. 0. 0. 0. 1. 1. 0. 1.],7.0,1000,100,0.01,0.0015,1,6,idID,,random,single_objective
202,0.20038727315632376,0.4837921309059817,0.004127559615,[0.       0.       0.       0.121035 0.       0.       0.       0.       0.       0.       0.       0.121035 0.       0.       0.       0.       0.       0.       0.       0.       0.       0.       0.121034 0.121035 0.       0.       0.       0.273791 0.121034 0.       0.121035],[0. 0. 0. 1. 0. 0. 0. 0. 0. 0. 0. 1. 0. 0. 0. 0. 0. 0. 0. 0. 0. 0. 1. 1. 0. 0. 0. 1. 1. 0. 1.],7.0,1000,100,0.01,0.0015,1,6,idID,,random,single_objective
203,0.20038727315632376,0.4837921309059817,0.004127559615,[0.       0.       0.       0.121035 0.       0.       0.       0.       0.       0.       0.       0.121035 0.       0.       0.       0.       0.       0.       0.       0.       0.       0.       0.121034 0.121035 0.       0.       0.       0.273791 0.121034 0.       0.121035],[0. 0. 0. 1. 0. 0. 0. 0. 0. 0. 0. 1. 0. 0. 0. 0. 0. 0. 0. 0. 0. 0. 1. 1. 0. 0. 0. 1. 1. 0. 1.],7.0,1000,100,0.01,0.0015,1,6,idID,,random,single_objective
204,0.20038727315632376,0.4837921309059817,0.004127559615,[0.       0.       0.       0.121035 0.       0.       0.       0.       0.       0.       0.       0.121035 0.       0.       0.       0.       0.       0.       0.       0.       0.       0.       0.121034 0.121035 0.       0.       0.       0.273791 0.121034 0.       0.121035],[0. 0. 0. 1. 0. 0. 0. 0. 0. 0. 0. 1. 0. 0. 0. 0. 0. 0. 0. 0. 0. 0. 1. 1. 0. 0. 0. 1. 1. 0. 1.],7.0,1000,100,0.01,0.0015,1,6,idID,,random,single_objective
205,0.20038727315632376,0.4837921309059817,0.004127559615,[0.       0.       0.       0.121035 0.       0.       0.       0.       0.       0.       0.       0.121035 0.       0.       0.       0.       0.       0.       0.       0.       0.       0.       0.121034 0.121035 0.       0.       0.       0.273791 0.121034 0.       0.121035],[0. 0. 0. 1. 0. 0. 0. 0. 0. 0. 0. 1. 0. 0. 0. 0. 0. 0. 0. 0. 0. 0. 1. 1. 0. 0. 0. 1. 1. 0. 1.],7.0,1000,100,0.01,0.0015,1,6,idID,,random,single_objective
206,0.20038727315632376,0.4837921309059817,0.004127559615,[0.       0.       0.       0.121035 0.       0.       0.       0.       0.       0.       0.       0.121035 0.       0.       0.       0.       0.       0.       0.       0.       0.       0.       0.121034 0.121035 0.       0.       0.       0.273791 0.121034 0.       0.121035],[0. 0. 0. 1. 0. 0. 0. 0. 0. 0. 0. 1. 0. 0. 0. 0. 0. 0. 0. 0. 0. 0. 1. 1. 0. 0. 0. 1. 1. 0. 1.],7.0,1000,100,0.01,0.0015,1,6,idID,,random,single_objective
207,0.20038727315632376,0.4837921309059817,0.004127559615,[0.       0.       0.       0.121035 0.       0.       0.       0.       0.       0.       0.       0.121035 0.       0.       0.       0.       0.       0.       0.       0.       0.       0.       0.121034 0.121035 0.       0.       0.       0.273791 0.121034 0.       0.121035],[0. 0. 0. 1. 0. 0. 0. 0. 0. 0. 0. 1. 0. 0. 0. 0. 0. 0. 0. 0. 0. 0. 1. 1. 0. 0. 0. 1. 1. 0. 1.],7.0,1000,100,0.01,0.0015,1,6,idID,,random,single_objective
208,0.20038727315632376,0.4837921309059817,0.004127559615,[0.       0.       0.       0.121035 0.       0.       0.       0.       0.       0.       0.       0.121035 0.       0.       0.       0.       0.       0.       0.       0.       0.       0.       0.121034 0.121035 0.       0.       0.       0.273791 0.121034 0.       0.121035],[0. 0. 0. 1. 0. 0. 0. 0. 0. 0. 0. 1. 0. 0. 0. 0. 0. 0. 0. 0. 0. 0. 1. 1. 0. 0. 0. 1. 1. 0. 1.],7.0,1000,100,0.01,0.0015,1,6,idID,,random,single_objective
209,0.20038727315632376,0.4837921309059817,0.004127559615,[0.       0.       0.       0.121035 0.       0.       0.       0.       0.       0.       0.       0.121035 0.       0.       0.       0.       0.       0.       0.       0.       0.       0.       0.121034 0.121035 0.       0.       0.       0.273791 0.121034 0.       0.121035],[0. 0. 0. 1. 0. 0. 0. 0. 0. 0. 0. 1. 0. 0. 0. 0. 0. 0. 0. 0. 0. 0. 1. 1. 0. 0. 0. 1. 1. 0. 1.],7.0,1000,100,0.01,0.0015,1,6,idID,,random,single_objective
210,0.20038727315632376,0.4837921309059817,0.004127559615,[0.       0.       0.       0.121035 0.       0.       0.       0.       0.       0.       0.       0.121035 0.       0.       0.       0.       0.       0.       0.       0.       0.       0.       0.121034 0.121035 0.       0.       0.       0.273791 0.121034 0.       0.121035],[0. 0. 0. 1. 0. 0. 0. 0. 0. 0. 0. 1. 0. 0. 0. 0. 0. 0. 0. 0. 0. 0. 1. 1. 0. 0. 0. 1. 1. 0. 1.],7.0,1000,100,0.01,0.0015,1,6,idID,,random,single_objective
211,0.20038727315632376,0.4837921309059817,0.004127559615,[0.       0.       0.       0.121035 0.       0.       0.       0.       0.       0.       0.       0.121035 0.       0.       0.       0.       0.       0.       0.       0.       0.       0.       0.121034 0.121035 0.       0.       0.       0.273791 0.121034 0.       0.121035],[0. 0. 0. 1. 0. 0. 0. 0. 0. 0. 0. 1. 0. 0. 0. 0. 0. 0. 0. 0. 0. 0. 1. 1. 0. 0. 0. 1. 1. 0. 1.],7.0,1000,100,0.01,0.0015,1,6,idID,,random,single_objective
212,0.20038727315632376,0.4837921309059817,0.004127559615,[0.       0.       0.       0.121035 0.       0.       0.       0.       0.       0.       0.       0.121035 0.       0.       0.       0.       0.       0.       0.       0.       0.       0.       0.121034 0.121035 0.       0.       0.       0.273791 0.121034 0.       0.121035],[0. 0. 0. 1. 0. 0. 0. 0. 0. 0. 0. 1. 0. 0. 0. 0. 0. 0. 0. 0. 0. 0. 1. 1. 0. 0. 0. 1. 1. 0. 1.],7.0,1000,100,0.01,0.0015,1,6,idID,,random,single_objective
213,0.20038727315632376,0.4837921309059817,0.004127559615,[0.       0.       0.       0.121035 0.       0.       0.       0.       0.       0.       0.       0.121035 0.       0.       0.       0.       0.       0.       0.       0.       0.       0.       0.121034 0.121035 0.       0.       0.       0.273791 0.121034 0.       0.121035],[0. 0. 0. 1. 0. 0. 0. 0. 0. 0. 0. 1. 0. 0. 0. 0. 0. 0. 0. 0. 0. 0. 1. 1. 0. 0. 0. 1. 1. 0. 1.],7.0,1000,100,0.01,0.0015,1,6,idID,,random,single_objective
214,0.20038727315632376,0.4837921309059817,0.004127559615,[0.       0.       0.       0.121035 0.       0.       0.       0.       0.       0.       0.       0.121035 0.       0.       0.       0.       0.       0.       0.       0.       0.       0.       0.121034 0.121035 0.       0.       0.       0.273791 0.121034 0.       0.121035],[0. 0. 0. 1. 0. 0. 0. 0. 0. 0. 0. 1. 0. 0. 0. 0. 0. 0. 0. 0. 0. 0. 1. 1. 0. 0. 0. 1. 1. 0. 1.],7.0,1000,100,0.01,0.0015,1,6,idID,,random,single_objective
215,0.20038727315632376,0.4837921309059817,0.004127559615,[0.       0.       0.       0.121035 0.       0.       0.       0.       0.       0.       0.       0.121035 0.       0.       0.       0.       0.       0.       0.       0.       0.       0.       0.121034 0.121035 0.       0.       0.       0.273791 0.121034 0.       0.121035],[0. 0. 0. 1. 0. 0. 0. 0. 0. 0. 0. 1. 0. 0. 0. 0. 0. 0. 0. 0. 0. 0. 1. 1. 0. 0. 0. 1. 1. 0. 1.],7.0,1000,100,0.01,0.0015,1,6,idID,,random,single_objective
216,0.20038727315632376,0.4837921309059817,0.004127559615,[0.       0.       0.       0.121035 0.       0.       0.       0.       0.       0.       0.       0.121035 0.       0.       0.       0.       0.       0.       0.       0.       0.       0.       0.121034 0.121035 0.       0.       0.       0.273791 0.121034 0.       0.121035],[0. 0. 0. 1. 0. 0. 0. 0. 0. 0. 0. 1. 0. 0. 0. 0. 0. 0. 0. 0. 0. 0. 1. 1. 0. 0. 0. 1. 1. 0. 1.],7.0,1000,100,0.01,0.0015,1,6,idID,,random,single_objective
217,0.20038727315632376,0.4837921309059817,0.004127559615,[0.       0.       0.       0.121035 0.       0.       0.       0.       0.       0.       0.       0.121035 0.       0.       0.       0.       0.       0.       0.       0.       0.       0.       0.121034 0.121035 0.       0.       0.       0.273791 0.121034 0.       0.121035],[0. 0. 0. 1. 0. 0. 0. 0. 0. 0. 0. 1. 0. 0. 0. 0. 0. 0. 0. 0. 0. 0. 1. 1. 0. 0. 0. 1. 1. 0. 1.],7.0,1000,100,0.01,0.0015,1,6,idID,,random,single_objective
218,0.20038727315632376,0.4837921309059817,0.004127559615,[0.       0.       0.       0.121035 0.       0.       0.       0.       0.       0.       0.       0.121035 0.       0.       0.       0.       0.       0.       0.       0.       0.       0.       0.121034 0.121035 0.       0.       0.       0.273791 0.121034 0.       0.121035],[0. 0. 0. 1. 0. 0. 0. 0. 0. 0. 0. 1. 0. 0. 0. 0. 0. 0. 0. 0. 0. 0. 1. 1. 0. 0. 0. 1. 1. 0. 1.],7.0,1000,100,0.01,0.0015,1,6,idID,,random,single_objective
219,0.20038727315632376,0.4837921309059817,0.004127559615,[0.       0.       0.       0.121035 0.       0.       0.       0.       0.       0.       0.       0.121035 0.       0.       0.       0.       0.       0.       0.       0.       0.       0.       0.121034 0.121035 0.       0.       0.       0.273791 0.121034 0.       0.121035],[0. 0. 0. 1. 0. 0. 0. 0. 0. 0. 0. 1. 0. 0. 0. 0. 0. 0. 0. 0. 0. 0. 1. 1. 0. 0. 0. 1. 1. 0. 1.],7.0,1000,100,0.01,0.0015,1,6,idID,,random,single_objective
220,0.20038727315632376,0.4837921309059817,0.004127559615,[0.       0.       0.       0.121035 0.       0.       0.       0.       0.       0.       0.       0.121035 0.       0.       0.       0.       0.       0.       0.       0.       0.       0.       0.121034 0.121035 0.       0.       0.       0.273791 0.121034 0.       0.121035],[0. 0. 0. 1. 0. 0. 0. 0. 0. 0. 0. 1. 0. 0. 0. 0. 0. 0. 0. 0. 0. 0. 1. 1. 0. 0. 0. 1. 1. 0. 1.],7.0,1000,100,0.01,0.0015,1,6,idID,,random,single_objective
221,0.20038727315632376,0.4837921309059817,0.004127559615,[0.       0.       0.       0.121035 0.       0.       0.       0.       0.       0.       0.       0.121035 0.       0.       0.       0.       0.       0.       0.       0.       0.       0.       0.121034 0.121035 0.       0.       0.       0.273791 0.121034 0.       0.121035],[0. 0. 0. 1. 0. 0. 0. 0. 0. 0. 0. 1. 0. 0. 0. 0. 0. 0. 0. 0. 0. 0. 1. 1. 0. 0. 0. 1. 1. 0. 1.],7.0,1000,100,0.01,0.0015,1,6,idID,,random,single_objective
222,0.20038727315632376,0.4837921309059817,0.004127559615,[0.       0.       0.       0.121035 0.       0.       0.       0.       0.       0.       0.       0.121035 0.       0.       0.       0.       0.       0.       0.       0.       0.       0.       0.121034 0.121035 0.       0.       0.       0.273791 0.121034 0.       0.121035],[0. 0. 0. 1. 0. 0. 0. 0. 0. 0. 0. 1. 0. 0. 0. 0. 0. 0. 0. 0. 0. 0. 1. 1. 0. 0. 0. 1. 1. 0. 1.],7.0,1000,100,0.01,0.0015,1,6,idID,,random,single_objective
223,0.20038727315632376,0.4837921309059817,0.004127559615,[0.       0.       0.       0.121035 0.       0.       0.       0.       0.       0.       0.       0.121035 0.       0.       0.       0.       0.       0.       0.       0.       0.       0.       0.121034 0.121035 0.       0.       0.       0.273791 0.121034 0.       0.121035],[0. 0. 0. 1. 0. 0. 0. 0. 0. 0. 0. 1. 0. 0. 0. 0. 0. 0. 0. 0. 0. 0. 1. 1. 0. 0. 0. 1. 1. 0. 1.],7.0,1000,100,0.01,0.0015,1,6,idID,,random,single_objective
224,0.20038727315632376,0.4837921309059817,0.004127559615,[0.       0.       0.       0.121035 0.       0.       0.       0.       0.       0.       0.       0.121035 0.       0.       0.       0.       0.       0.       0.       0.       0.       0.       0.121034 0.121035 0.       0.       0.       0.273791 0.121034 0.       0.121035],[0. 0. 0. 1. 0. 0. 0. 0. 0. 0. 0. 1. 0. 0. 0. 0. 0. 0. 0. 0. 0. 0. 1. 1. 0. 0. 0. 1. 1. 0. 1.],7.0,1000,100,0.01,0.0015,1,6,idID,,random,single_objective
225,0.20038727315632376,0.4837921309059817,0.004127559615,[0.       0.       0.       0.121035 0.       0.       0.       0.       0.       0.       0.       0.121035 0.       0.       0.       0.       0.       0.       0.       0.       0.       0.       0.121034 0.121035 0.       0.       0.       0.273791 0.121034 0.       0.121035],[0. 0. 0. 1. 0. 0. 0. 0. 0. 0. 0. 1. 0. 0. 0. 0. 0. 0. 0. 0. 0. 0. 1. 1. 0. 0. 0. 1. 1. 0. 1.],7.0,1000,100,0.01,0.0015,1,6,idID,,random,single_objective
226,0.20038727315632376,0.4837921309059817,0.004127559615,[0.       0.       0.       0.121035 0.       0.       0.       0.       0.       0.       0.       0.121035 0.       0.       0.       0.       0.       0.       0.       0.       0.       0.       0.121034 0.121035 0.       0.       0.       0.273791 0.121034 0.       0.121035],[0. 0. 0. 1. 0. 0. 0. 0. 0. 0. 0. 1. 0. 0. 0. 0. 0. 0. 0. 0. 0. 0. 1. 1. 0. 0. 0. 1. 1. 0. 1.],7.0,1000,100,0.01,0.0015,1,6,idID,,random,single_objective
227,0.20038727315632376,0.4837921309059817,0.004127559615,[0.       0.       0.       0.121035 0.       0.       0.       0.       0.       0.       0.       0.121035 0.       0.       0.       0.       0.       0.       0.       0.       0.       0.       0.121034 0.121035 0.       0.       0.       0.273791 0.121034 0.       0.121035],[0. 0. 0. 1. 0. 0. 0. 0. 0. 0. 0. 1. 0. 0. 0. 0. 0. 0. 0. 0. 0. 0. 1. 1. 0. 0. 0. 1. 1. 0. 1.],7.0,1000,100,0.01,0.0015,1,6,idID,,random,single_objective
228,0.20038727315632376,0.4837921309059817,0.004127559615,[0.       0.       0.       0.121035 0.       0.       0.       0.       0.       0.       0.       0.121035 0.       0.       0.       0.       0.       0.       0.       0.       0.       0.       0.121034 0.121035 0.       0.       0.       0.273791 0.121034 0.       0.121035],[0. 0. 0. 1. 0. 0. 0. 0. 0. 0. 0. 1. 0. 0. 0. 0. 0. 0. 0. 0. 0. 0. 1. 1. 0. 0. 0. 1. 1. 0. 1.],7.0,1000,100,0.01,0.0015,1,6,idID,,random,single_objective
229,0.20038727315632376,0.4837921309059817,0.004127559615,[0.       0.       0.       0.121035 0.       0.       0.       0.       0.       0.       0.       0.121035 0.       0.       0.       0.       0.       0.       0.       0.       0.       0.       0.121034 0.121035 0.       0.       0.       0.273791 0.121034 0.       0.121035],[0. 0. 0. 1. 0. 0. 0. 0. 0. 0. 0. 1. 0. 0. 0. 0. 0. 0. 0. 0. 0. 0. 1. 1. 0. 0. 0. 1. 1. 0. 1.],7.0,1000,100,0.01,0.0015,1,6,idID,,random,single_objective
230,0.20038727315632376,0.4837921309059817,0.004127559615,[0.       0.       0.       0.121035 0.       0.       0.       0.       0.       0.       0.       0.121035 0.       0.       0.       0.       0.       0.       0.       0.       0.       0.       0.121034 0.121035 0.       0.       0.       0.273791 0.121034 0.       0.121035],[0. 0. 0. 1. 0. 0. 0. 0. 0. 0. 0. 1. 0. 0. 0. 0. 0. 0. 0. 0. 0. 0. 1. 1. 0. 0. 0. 1. 1. 0. 1.],7.0,1000,100,0.01,0.0015,1,6,idID,,random,single_objective
231,0.20038727315632376,0.4837921309059817,0.004127559615,[0.       0.       0.       0.121035 0.       0.       0.       0.       0.       0.       0.       0.121035 0.       0.       0.       0.       0.       0.       0.       0.       0.       0.       0.121034 0.121035 0.       0.       0.       0.273791 0.121034 0.       0.121035],[0. 0. 0. 1. 0. 0. 0. 0. 0. 0. 0. 1. 0. 0. 0. 0. 0. 0. 0. 0. 0. 0. 1. 1. 0. 0. 0. 1. 1. 0. 1.],7.0,1000,100,0.01,0.0015,1,6,idID,,random,single_objective
232,0.20038727315632376,0.4837921309059817,0.004127559615,[0.       0.       0.       0.121035 0.       0.       0.       0.       0.       0.       0.       0.121035 0.       0.       0.       0.       0.       0.       0.       0.       0.       0.       0.121034 0.121035 0.       0.       0.       0.273791 0.121034 0.       0.121035],[0. 0. 0. 1. 0. 0. 0. 0. 0. 0. 0. 1. 0. 0. 0. 0. 0. 0. 0. 0. 0. 0. 1. 1. 0. 0. 0. 1. 1. 0. 1.],7.0,1000,100,0.01,0.0015,1,6,idID,,random,single_objective
233,0.20038727315632376,0.4837921309059817,0.004127559615,[0.       0.       0.       0.121035 0.       0.       0.       0.       0.       0.       0.       0.121035 0.       0.       0.       0.       0.       0.       0.       0.       0.       0.       0.121034 0.121035 0.       0.       0.       0.273791 0.121034 0.       0.121035],[0. 0. 0. 1. 0. 0. 0. 0. 0. 0. 0. 1. 0. 0. 0. 0. 0. 0. 0. 0. 0. 0. 1. 1. 0. 0. 0. 1. 1. 0. 1.],7.0,1000,100,0.01,0.0015,1,6,idID,,random,single_objective
234,0.20038727315632376,0.4837921309059817,0.004127559615,[0.       0.       0.       0.121035 0.       0.       0.       0.       0.       0.       0.       0.121035 0.       0.       0.       0.       0.       0.       0.       0.       0.       0.       0.121034 0.121035 0.       0.       0.       0.273791 0.121034 0.       0.121035],[0. 0. 0. 1. 0. 0. 0. 0. 0. 0. 0. 1. 0. 0. 0. 0. 0. 0. 0. 0. 0. 0. 1. 1. 0. 0. 0. 1. 1. 0. 1.],7.0,1000,100,0.01,0.0015,1,6,idID,,random,single_objective
235,0.20038727315632376,0.4837921309059817,0.004127559615,[0.       0.       0.       0.121035 0.       0.       0.       0.       0.       0.       0.       0.121035 0.       0.       0.       0.       0.       0.       0.       0.       0.       0.       0.121034 0.121035 0.       0.       0.       0.273791 0.121034 0.       0.121035],[0. 0. 0. 1. 0. 0. 0. 0. 0. 0. 0. 1. 0. 0. 0. 0. 0. 0. 0. 0. 0. 0. 1. 1. 0. 0. 0. 1. 1. 0. 1.],7.0,1000,100,0.01,0.0015,1,6,idID,,random,single_objective
236,0.20038727315632376,0.4837921309059817,0.004127559615,[0.       0.       0.       0.121035 0.       0.       0.       0.       0.       0.       0.       0.121035 0.       0.       0.       0.       0.       0.       0.       0.       0.       0.       0.121034 0.121035 0.       0.       0.       0.273791 0.121034 0.       0.121035],[0. 0. 0. 1. 0. 0. 0. 0. 0. 0. 0. 1. 0. 0. 0. 0. 0. 0. 0. 0. 0. 0. 1. 1. 0. 0. 0. 1. 1. 0. 1.],7.0,1000,100,0.01,0.0015,1,6,idID,,random,single_objective
237,0.20038727315632376,0.4837921309059817,0.004127559615,[0.       0.       0.       0.121035 0.       0.       0.       0.       0.       0.       0.       0.121035 0.       0.       0.       0.       0.       0.       0.       0.       0.       0.       0.121034 0.121035 0.       0.       0.       0.273791 0.121034 0.       0.121035],[0. 0. 0. 1. 0. 0. 0. 0. 0. 0. 0. 1. 0. 0. 0. 0. 0. 0. 0. 0. 0. 0. 1. 1. 0. 0. 0. 1. 1. 0. 1.],7.0,1000,100,0.01,0.0015,1,6,idID,,random,single_objective
238,0.20038727315632376,0.4837921309059817,0.004127559615,[0.       0.       0.       0.121035 0.       0.       0.       0.       0.       0.       0.       0.121035 0.       0.       0.       0.       0.       0.       0.       0.       0.       0.       0.121034 0.121035 0.       0.       0.       0.273791 0.121034 0.       0.121035],[0. 0. 0. 1. 0. 0. 0. 0. 0. 0. 0. 1. 0. 0. 0. 0. 0. 0. 0. 0. 0. 0. 1. 1. 0. 0. 0. 1. 1. 0. 1.],7.0,1000,100,0.01,0.0015,1,6,idID,,random,single_objective
239,0.20038727315632376,0.4837921309059817,0.004127559615,[0.       0.       0.       0.121035 0.       0.       0.       0.       0.       0.       0.       0.121035 0.       0.       0.       0.       0.       0.       0.       0.       0.       0.       0.121034 0.121035 0.       0.       0.       0.273791 0.121034 0.       0.121035],[0. 0. 0. 1. 0. 0. 0. 0. 0. 0. 0. 1. 0. 0. 0. 0. 0. 0. 0. 0. 0. 0. 1. 1. 0. 0. 0. 1. 1. 0. 1.],7.0,1000,100,0.01,0.0015,1,6,idID,,random,single_objective
240,0.20038727315632376,0.4837921309059817,0.004127559615,[0.       0.       0.       0.121035 0.       0.       0.       0.       0.       0.       0.       0.121035 0.       0.       0.       0.       0.       0.       0.       0.       0.       0.       0.121034 0.121035 0.       0.       0.       0.273791 0.121034 0.       0.121035],[0. 0. 0. 1. 0. 0. 0. 0. 0. 0. 0. 1. 0. 0. 0. 0. 0. 0. 0. 0. 0. 0. 1. 1. 0. 0. 0. 1. 1. 0. 1.],7.0,1000,100,0.01,0.0015,1,6,idID,,random,single_objective
241,0.20038727315632376,0.4837921309059817,0.004127559615,[0.       0.       0.       0.121035 0.       0.       0.       0.       0.       0.       0.       0.121035 0.       0.       0.       0.       0.       0.       0.       0.       0.       0.       0.121034 0.121035 0.       0.       0.       0.273791 0.121034 0.       0.121035],[0. 0. 0. 1. 0. 0. 0. 0. 0. 0. 0. 1. 0. 0. 0. 0. 0. 0. 0. 0. 0. 0. 1. 1. 0. 0. 0. 1. 1. 0. 1.],7.0,1000,100,0.01,0.0015,1,6,idID,,random,single_objective
242,0.20038727315632376,0.4837921309059817,0.004127559615,[0.       0.       0.       0.121035 0.       0.       0.       0.       0.       0.       0.       0.121035 0.       0.       0.       0.       0.       0.       0.       0.       0.       0.       0.121034 0.121035 0.       0.       0.       0.273791 0.121034 0.       0.121035],[0. 0. 0. 1. 0. 0. 0. 0. 0. 0. 0. 1. 0. 0. 0. 0. 0. 0. 0. 0. 0. 0. 1. 1. 0. 0. 0. 1. 1. 0. 1.],7.0,1000,100,0.01,0.0015,1,6,idID,,random,single_objective
243,0.20038727315632376,0.4837921309059817,0.004127559615,[0.       0.       0.       0.121035 0.       0.       0.       0.       0.       0.       0.       0.121035 0.       0.       0.       0.       0.       0.       0.       0.       0.       0.       0.121034 0.121035 0.       0.       0.       0.273791 0.121034 0.       0.121035],[0. 0. 0. 1. 0. 0. 0. 0. 0. 0. 0. 1. 0. 0. 0. 0. 0. 0. 0. 0. 0. 0. 1. 1. 0. 0. 0. 1. 1. 0. 1.],7.0,1000,100,0.01,0.0015,1,6,idID,,random,single_objective
244,0.20038727315632376,0.4837921309059817,0.004127559615,[0.       0.       0.       0.121035 0.       0.       0.       0.       0.       0.       0.       0.121035 0.       0.       0.       0.       0.       0.       0.       0.       0.       0.       0.121034 0.121035 0.       0.       0.       0.273791 0.121034 0.       0.121035],[0. 0. 0. 1. 0. 0. 0. 0. 0. 0. 0. 1. 0. 0. 0. 0. 0. 0. 0. 0. 0. 0. 1. 1. 0. 0. 0. 1. 1. 0. 1.],7.0,1000,100,0.01,0.0015,1,6,idID,,random,single_objective
245,0.20038727315632376,0.4837921309059817,0.004127559615,[0.       0.       0.       0.121035 0.       0.       0.       0.       0.       0.       0.       0.121035 0.       0.       0.       0.       0.       0.       0.       0.       0.       0.       0.121034 0.121035 0.       0.       0.       0.273791 0.121034 0.       0.121035],[0. 0. 0. 1. 0. 0. 0. 0. 0. 0. 0. 1. 0. 0. 0. 0. 0. 0. 0. 0. 0. 0. 1. 1. 0. 0. 0. 1. 1. 0. 1.],7.0,1000,100,0.01,0.0015,1,6,idID,,random,single_objective
246,0.20038727315632376,0.4837921309059817,0.004127559615,[0.       0.       0.       0.121035 0.       0.       0.       0.       0.       0.       0.       0.121035 0.       0.       0.       0.       0.       0.       0.       0.       0.       0.       0.121034 0.121035 0.       0.       0.       0.273791 0.121034 0.       0.121035],[0. 0. 0. 1. 0. 0. 0. 0. 0. 0. 0. 1. 0. 0. 0. 0. 0. 0. 0. 0. 0. 0. 1. 1. 0. 0. 0. 1. 1. 0. 1.],7.0,1000,100,0.01,0.0015,1,6,idID,,random,single_objective
247,0.20038727315632376,0.4837921309059817,0.004127559615,[0.       0.       0.       0.121035 0.       0.       0.       0.       0.       0.       0.       0.121035 0.       0.       0.       0.       0.       0.       0.       0.       0.       0.       0.121034 0.121035 0.       0.       0.       0.273791 0.121034 0.       0.121035],[0. 0. 0. 1. 0. 0. 0. 0. 0. 0. 0. 1. 0. 0. 0. 0. 0. 0. 0. 0. 0. 0. 1. 1. 0. 0. 0. 1. 1. 0. 1.],7.0,1000,100,0.01,0.0015,1,6,idID,,random,single_objective
248,0.20038727315632376,0.4837921309059817,0.004127559615,[0.       0.       0.       0.121035 0.       0.       0.       0.       0.       0.       0.       0.121035 0.       0.       0.       0.       0.       0.       0.       0.       0.       0.       0.121034 0.121035 0.       0.       0.       0.273791 0.121034 0.       0.121035],[0. 0. 0. 1. 0. 0. 0. 0. 0. 0. 0. 1. 0. 0. 0. 0. 0. 0. 0. 0. 0. 0. 1. 1. 0. 0. 0. 1. 1. 0. 1.],7.0,1000,100,0.01,0.0015,1,6,idID,,random,single_objective
249,0.20038727315632376,0.4837921309059817,0.004127559615,[0.       0.       0.       0.121035 0.       0.       0.       0.       0.       0.       0.       0.121035 0.       0.       0.       0.       0.       0.       0.       0.       0.       0.       0.121034 0.121035 0.       0.       0.       0.273791 0.121034 0.       0.121035],[0. 0. 0. 1. 0. 0. 0. 0. 0. 0. 0. 1. 0. 0. 0. 0. 0. 0. 0. 0. 0. 0. 1. 1. 0. 0. 0. 1. 1. 0. 1.],7.0,1000,100,0.01,0.0015,1,6,idID,,random,single_objective
250,0.20038727315632376,0.4837921309059817,0.004127559615,[0.       0.       0.       0.121035 0.       0.       0.       0.       0.       0.       0.       0.121035 0.       0.       0.       0.       0.       0.       0.       0.       0.       0.       0.121034 0.121035 0.       0.       0.       0.273791 0.121034 0.       0.121035],[0. 0. 0. 1. 0. 0. 0. 0. 0. 0. 0. 1. 0. 0. 0. 0. 0. 0. 0. 0. 0. 0. 1. 1. 0. 0. 0. 1. 1. 0. 1.],7.0,1000,100,0.01,0.0015,1,6,idID,,random,single_objective
251,0.20038727315632376,0.4837921309059817,0.004127559615,[0.       0.       0.       0.121035 0.       0.       0.       0.       0.       0.       0.       0.121035 0.       0.       0.       0.       0.       0.       0.       0.       0.       0.       0.121034 0.121035 0.       0.       0.       0.273791 0.121034 0.       0.121035],[0. 0. 0. 1. 0. 0. 0. 0. 0. 0. 0. 1. 0. 0. 0. 0. 0. 0. 0. 0. 0. 0. 1. 1. 0. 0. 0. 1. 1. 0. 1.],7.0,1000,100,0.01,0.0015,1,6,idID,,random,single_objective
252,0.20038727315632376,0.4837921309059817,0.004127559615,[0.       0.       0.       0.121035 0.       0.       0.       0.       0.       0.       0.       0.121035 0.       0.       0.       0.       0.       0.       0.       0.       0.       0.       0.121034 0.121035 0.       0.       0.       0.273791 0.121034 0.       0.121035],[0. 0. 0. 1. 0. 0. 0. 0. 0. 0. 0. 1. 0. 0. 0. 0. 0. 0. 0. 0. 0. 0. 1. 1. 0. 0. 0. 1. 1. 0. 1.],7.0,1000,100,0.01,0.0015,1,6,idID,,random,single_objective
253,0.20038727315632376,0.4837921309059817,0.004127559615,[0.       0.       0.       0.121035 0.       0.       0.       0.       0.       0.       0.       0.121035 0.       0.       0.       0.       0.       0.       0.       0.       0.       0.       0.121034 0.121035 0.       0.       0.       0.273791 0.121034 0.       0.121035],[0. 0. 0. 1. 0. 0. 0. 0. 0. 0. 0. 1. 0. 0. 0. 0. 0. 0. 0. 0. 0. 0. 1. 1. 0. 0. 0. 1. 1. 0. 1.],7.0,1000,100,0.01,0.0015,1,6,idID,,random,single_objective
254,0.20038727315632376,0.4837921309059817,0.004127559615,[0.       0.       0.       0.121035 0.       0.       0.       0.       0.       0.       0.       0.121035 0.       0.       0.       0.       0.       0.       0.       0.       0.       0.       0.121034 0.121035 0.       0.       0.       0.273791 0.121034 0.       0.121035],[0. 0. 0. 1. 0. 0. 0. 0. 0. 0. 0. 1. 0. 0. 0. 0. 0. 0. 0. 0. 0. 0. 1. 1. 0. 0. 0. 1. 1. 0. 1.],7.0,1000,100,0.01,0.0015,1,6,idID,,random,single_objective
255,0.20038727315632376,0.4837921309059817,0.004127559615,[0.       0.       0.       0.121035 0.       0.       0.       0.       0.       0.       0.       0.121035 0.       0.       0.       0.       0.       0.       0.       0.       0.       0.       0.121034 0.121035 0.       0.       0.       0.273791 0.121034 0.       0.121035],[0. 0. 0. 1. 0. 0. 0. 0. 0. 0. 0. 1. 0. 0. 0. 0. 0. 0. 0. 0. 0. 0. 1. 1. 0. 0. 0. 1. 1. 0. 1.],7.0,1000,100,0.01,0.0015,1,6,idID,,random,single_objective
256,0.20038727315632376,0.4837921309059817,0.004127559615,[0.       0.       0.       0.121035 0.       0.       0.       0.       0.       0.       0.       0.121035 0.       0.       0.       0.       0.       0.       0.       0.       0.       0.       0.121034 0.121035 0.       0.       0.       0.273791 0.121034 0.       0.121035],[0. 0. 0. 1. 0. 0. 0. 0. 0. 0. 0. 1. 0. 0. 0. 0. 0. 0. 0. 0. 0. 0. 1. 1. 0. 0. 0. 1. 1. 0. 1.],7.0,1000,100,0.01,0.0015,1,6,idID,,random,single_objective
257,0.20038727315632376,0.4837921309059817,0.004127559615,[0.       0.       0.       0.121035 0.       0.       0.       0.       0.       0.       0.       0.121035 0.       0.       0.       0.       0.       0.       0.       0.       0.       0.       0.121034 0.121035 0.       0.       0.       0.273791 0.121034 0.       0.121035],[0. 0. 0. 1. 0. 0. 0. 0. 0. 0. 0. 1. 0. 0. 0. 0. 0. 0. 0. 0. 0. 0. 1. 1. 0. 0. 0. 1. 1. 0. 1.],7.0,1000,100,0.01,0.0015,1,6,idID,,random,single_objective
258,0.20038727315632376,0.4837921309059817,0.004127559615,[0.       0.       0.       0.121035 0.       0.       0.       0.       0.       0.       0.       0.121035 0.       0.       0.       0.       0.       0.       0.       0.       0.       0.       0.121034 0.121035 0.       0.       0.       0.273791 0.121034 0.       0.121035],[0. 0. 0. 1. 0. 0. 0. 0. 0. 0. 0. 1. 0. 0. 0. 0. 0. 0. 0. 0. 0. 0. 1. 1. 0. 0. 0. 1. 1. 0. 1.],7.0,1000,100,0.01,0.0015,1,6,idID,,random,single_objective
259,0.20038727315632376,0.4837921309059817,0.004127559615,[0.       0.       0.       0.121035 0.       0.       0.       0.       0.       0.       0.       0.121035 0.       0.       0.       0.       0.       0.       0.       0.       0.       0.       0.121034 0.121035 0.       0.       0.       0.273791 0.121034 0.       0.121035],[0. 0. 0. 1. 0. 0. 0. 0. 0. 0. 0. 1. 0. 0. 0. 0. 0. 0. 0. 0. 0. 0. 1. 1. 0. 0. 0. 1. 1. 0. 1.],7.0,1000,100,0.01,0.0015,1,6,idID,,random,single_objective
260,0.20038727315632376,0.4837921309059817,0.004127559615,[0.       0.       0.       0.121035 0.       0.       0.       0.       0.       0.       0.       0.121035 0.       0.       0.       0.       0.       0.       0.       0.       0.       0.       0.121034 0.121035 0.       0.       0.       0.273791 0.121034 0.       0.121035],[0. 0. 0. 1. 0. 0. 0. 0. 0. 0. 0. 1. 0. 0. 0. 0. 0. 0. 0. 0. 0. 0. 1. 1. 0. 0. 0. 1. 1. 0. 1.],7.0,1000,100,0.01,0.0015,1,6,idID,,random,single_objective
261,0.20038727315632376,0.4837921309059817,0.004127559615,[0.       0.       0.       0.121035 0.       0.       0.       0.       0.       0.       0.       0.121035 0.       0.       0.       0.       0.       0.       0.       0.       0.       0.       0.121034 0.121035 0.       0.       0.       0.273791 0.121034 0.       0.121035],[0. 0. 0. 1. 0. 0. 0. 0. 0. 0. 0. 1. 0. 0. 0. 0. 0. 0. 0. 0. 0. 0. 1. 1. 0. 0. 0. 1. 1. 0. 1.],7.0,1000,100,0.01,0.0015,1,6,idID,,random,single_objective
262,0.20038727315632376,0.4837921309059817,0.004127559615,[0.       0.       0.       0.121035 0.       0.       0.       0.       0.       0.       0.       0.121035 0.       0.       0.       0.       0.       0.       0.       0.       0.       0.       0.121034 0.121035 0.       0.       0.       0.273791 0.121034 0.       0.121035],[0. 0. 0. 1. 0. 0. 0. 0. 0. 0. 0. 1. 0. 0. 0. 0. 0. 0. 0. 0. 0. 0. 1. 1. 0. 0. 0. 1. 1. 0. 1.],7.0,1000,100,0.01,0.0015,1,6,idID,,random,single_objective
263,0.20038727315632376,0.4837921309059817,0.004127559615,[0.       0.       0.       0.121035 0.       0.       0.       0.       0.       0.       0.       0.121035 0.       0.       0.       0.       0.       0.       0.       0.       0.       0.       0.121034 0.121035 0.       0.       0.       0.273791 0.121034 0.       0.121035],[0. 0. 0. 1. 0. 0. 0. 0. 0. 0. 0. 1. 0. 0. 0. 0. 0. 0. 0. 0. 0. 0. 1. 1. 0. 0. 0. 1. 1. 0. 1.],7.0,1000,100,0.01,0.0015,1,6,idID,,random,single_objective
264,0.20038727315632376,0.4837921309059817,0.004127559615,[0.       0.       0.       0.121035 0.       0.       0.       0.       0.       0.       0.       0.121035 0.       0.       0.       0.       0.       0.       0.       0.       0.       0.       0.121034 0.121035 0.       0.       0.       0.273791 0.121034 0.       0.121035],[0. 0. 0. 1. 0. 0. 0. 0. 0. 0. 0. 1. 0. 0. 0. 0. 0. 0. 0. 0. 0. 0. 1. 1. 0. 0. 0. 1. 1. 0. 1.],7.0,1000,100,0.01,0.0015,1,6,idID,,random,single_objective
265,0.20038727315632376,0.4837921309059817,0.004127559615,[0.       0.       0.       0.121035 0.       0.       0.       0.       0.       0.       0.       0.121035 0.       0.       0.       0.       0.       0.       0.       0.       0.       0.       0.121034 0.121035 0.       0.       0.       0.273791 0.121034 0.       0.121035],[0. 0. 0. 1. 0. 0. 0. 0. 0. 0. 0. 1. 0. 0. 0. 0. 0. 0. 0. 0. 0. 0. 1. 1. 0. 0. 0. 1. 1. 0. 1.],7.0,1000,100,0.01,0.0015,1,6,idID,,random,single_objective
266,0.20038727315632376,0.4837921309059817,0.004127559615,[0.       0.       0.       0.121035 0.       0.       0.       0.       0.       0.       0.       0.121035 0.       0.       0.       0.       0.       0.       0.       0.       0.       0.       0.121034 0.121035 0.       0.       0.       0.273791 0.121034 0.       0.121035],[0. 0. 0. 1. 0. 0. 0. 0. 0. 0. 0. 1. 0. 0. 0. 0. 0. 0. 0. 0. 0. 0. 1. 1. 0. 0. 0. 1. 1. 0. 1.],7.0,1000,100,0.01,0.0015,1,6,idID,,random,single_objective
267,0.20038727315632376,0.4837921309059817,0.004127559615,[0.       0.       0.       0.121035 0.       0.       0.       0.       0.       0.       0.       0.121035 0.       0.       0.       0.       0.       0.       0.       0.       0.       0.       0.121034 0.121035 0.       0.       0.       0.273791 0.121034 0.       0.121035],[0. 0. 0. 1. 0. 0. 0. 0. 0. 0. 0. 1. 0. 0. 0. 0. 0. 0. 0. 0. 0. 0. 1. 1. 0. 0. 0. 1. 1. 0. 1.],7.0,1000,100,0.01,0.0015,1,6,idID,,random,single_objective
268,0.20038727315632376,0.4837921309059817,0.004127559615,[0.       0.       0.       0.121035 0.       0.       0.       0.       0.       0.       0.       0.121035 0.       0.       0.       0.       0.       0.       0.       0.       0.       0.       0.121034 0.121035 0.       0.       0.       0.273791 0.121034 0.       0.121035],[0. 0. 0. 1. 0. 0. 0. 0. 0. 0. 0. 1. 0. 0. 0. 0. 0. 0. 0. 0. 0. 0. 1. 1. 0. 0. 0. 1. 1. 0. 1.],7.0,1000,100,0.01,0.0015,1,6,idID,,random,single_objective
269,0.20038727315632376,0.4837921309059817,0.004127559615,[0.       0.       0.       0.121035 0.       0.       0.       0.       0.       0.       0.       0.121035 0.       0.       0.       0.       0.       0.       0.       0.       0.       0.       0.121034 0.121035 0.       0.       0.       0.273791 0.121034 0.       0.121035],[0. 0. 0. 1. 0. 0. 0. 0. 0. 0. 0. 1. 0. 0. 0. 0. 0. 0. 0. 0. 0. 0. 1. 1. 0. 0. 0. 1. 1. 0. 1.],7.0,1000,100,0.01,0.0015,1,6,idID,,random,single_objective
270,0.20038727315632376,0.4837921309059817,0.004127559615,[0.       0.       0.       0.121035 0.       0.       0.       0.       0.       0.       0.       0.121035 0.       0.       0.       0.       0.       0.       0.       0.       0.       0.       0.121034 0.121035 0.       0.       0.       0.273791 0.121034 0.       0.121035],[0. 0. 0. 1. 0. 0. 0. 0. 0. 0. 0. 1. 0. 0. 0. 0. 0. 0. 0. 0. 0. 0. 1. 1. 0. 0. 0. 1. 1. 0. 1.],7.0,1000,100,0.01,0.0015,1,6,idID,,random,single_objective
271,0.20038727315632376,0.4837921309059817,0.004127559615,[0.       0.       0.       0.121035 0.       0.       0.       0.       0.       0.       0.       0.121035 0.       0.       0.       0.       0.       0.       0.       0.       0.       0.       0.121034 0.121035 0.       0.       0.       0.273791 0.121034 0.       0.121035],[0. 0. 0. 1. 0. 0. 0. 0. 0. 0. 0. 1. 0. 0. 0. 0. 0. 0. 0. 0. 0. 0. 1. 1. 0. 0. 0. 1. 1. 0. 1.],7.0,1000,100,0.01,0.0015,1,6,idID,,random,single_objective
272,0.20038727315632376,0.4837921309059817,0.004127559615,[0.       0.       0.       0.121035 0.       0.       0.       0.       0.       0.       0.       0.121035 0.       0.       0.       0.       0.       0.       0.       0.       0.       0.       0.121034 0.121035 0.       0.       0.       0.273791 0.121034 0.       0.121035],[0. 0. 0. 1. 0. 0. 0. 0. 0. 0. 0. 1. 0. 0. 0. 0. 0. 0. 0. 0. 0. 0. 1. 1. 0. 0. 0. 1. 1. 0. 1.],7.0,1000,100,0.01,0.0015,1,6,idID,,random,single_objective
273,0.20038727315632376,0.4837921309059817,0.004127559615,[0.       0.       0.       0.121035 0.       0.       0.       0.       0.       0.       0.       0.121035 0.       0.       0.       0.       0.       0.       0.       0.       0.       0.       0.121034 0.121035 0.       0.       0.       0.273791 0.121034 0.       0.121035],[0. 0. 0. 1. 0. 0. 0. 0. 0. 0. 0. 1. 0. 0. 0. 0. 0. 0. 0. 0. 0. 0. 1. 1. 0. 0. 0. 1. 1. 0. 1.],7.0,1000,100,0.01,0.0015,1,6,idID,,random,single_objective
274,0.20038727315632376,0.4837921309059817,0.004127559615,[0.       0.       0.       0.121035 0.       0.       0.       0.       0.       0.       0.       0.121035 0.       0.       0.       0.       0.       0.       0.       0.       0.       0.       0.121034 0.121035 0.       0.       0.       0.273791 0.121034 0.       0.121035],[0. 0. 0. 1. 0. 0. 0. 0. 0. 0. 0. 1. 0. 0. 0. 0. 0. 0. 0. 0. 0. 0. 1. 1. 0. 0. 0. 1. 1. 0. 1.],7.0,1000,100,0.01,0.0015,1,6,idID,,random,single_objective
275,0.20038727315632376,0.4837921309059817,0.004127559615,[0.       0.       0.       0.121035 0.       0.       0.       0.       0.       0.       0.       0.121035 0.       0.       0.       0.       0.       0.       0.       0.       0.       0.       0.121034 0.121035 0.       0.       0.       0.273791 0.121034 0.       0.121035],[0. 0. 0. 1. 0. 0. 0. 0. 0. 0. 0. 1. 0. 0. 0. 0. 0. 0. 0. 0. 0. 0. 1. 1. 0. 0. 0. 1. 1. 0. 1.],7.0,1000,100,0.01,0.0015,1,6,idID,,random,single_objective
276,0.20038727315632376,0.4837921309059817,0.004127559615,[0.       0.       0.       0.121035 0.       0.       0.       0.       0.       0.       0.       0.121035 0.       0.       0.       0.       0.       0.       0.       0.       0.       0.       0.121034 0.121035 0.       0.       0.       0.273791 0.121034 0.       0.121035],[0. 0. 0. 1. 0. 0. 0. 0. 0. 0. 0. 1. 0. 0. 0. 0. 0. 0. 0. 0. 0. 0. 1. 1. 0. 0. 0. 1. 1. 0. 1.],7.0,1000,100,0.01,0.0015,1,6,idID,,random,single_objective
277,0.20038727315632376,0.4837921309059817,0.004127559615,[0.       0.       0.       0.121035 0.       0.       0.       0.       0.       0.       0.       0.121035 0.       0.       0.       0.       0.       0.       0.       0.       0.       0.       0.121034 0.121035 0.       0.       0.       0.273791 0.121034 0.       0.121035],[0. 0. 0. 1. 0. 0. 0. 0. 0. 0. 0. 1. 0. 0. 0. 0. 0. 0. 0. 0. 0. 0. 1. 1. 0. 0. 0. 1. 1. 0. 1.],7.0,1000,100,0.01,0.0015,1,6,idID,,random,single_objective
278,0.20038727315632376,0.4837921309059817,0.004127559615,[0.       0.       0.       0.121035 0.       0.       0.       0.       0.       0.       0.       0.121035 0.       0.       0.       0.       0.       0.       0.       0.       0.       0.       0.121034 0.121035 0.       0.       0.       0.273791 0.121034 0.       0.121035],[0. 0. 0. 1. 0. 0. 0. 0. 0. 0. 0. 1. 0. 0. 0. 0. 0. 0. 0. 0. 0. 0. 1. 1. 0. 0. 0. 1. 1. 0. 1.],7.0,1000,100,0.01,0.0015,1,6,idID,,random,single_objective
279,0.20038727315632376,0.4837921309059817,0.004127559615,[0.       0.       0.       0.121035 0.       0.       0.       0.       0.       0.       0.       0.121035 0.       0.       0.       0.       0.       0.       0.       0.       0.       0.       0.121034 0.121035 0.       0.       0.       0.273791 0.121034 0.       0.121035],[0. 0. 0. 1. 0. 0. 0. 0. 0. 0. 0. 1. 0. 0. 0. 0. 0. 0. 0. 0. 0. 0. 1. 1. 0. 0. 0. 1. 1. 0. 1.],7.0,1000,100,0.01,0.0015,1,6,idID,,random,single_objective
280,0.20038727315632376,0.4837921309059817,0.004127559615,[0.       0.       0.       0.121035 0.       0.       0.       0.       0.       0.       0.       0.121035 0.       0.       0.       0.       0.       0.       0.       0.       0.       0.       0.121034 0.121035 0.       0.       0.       0.273791 0.121034 0.       0.121035],[0. 0. 0. 1. 0. 0. 0. 0. 0. 0. 0. 1. 0. 0. 0. 0. 0. 0. 0. 0. 0. 0. 1. 1. 0. 0. 0. 1. 1. 0. 1.],7.0,1000,100,0.01,0.0015,1,6,idID,,random,single_objective
281,0.20038727315632376,0.4837921309059817,0.004127559615,[0.       0.       0.       0.121035 0.       0.       0.       0.       0.       0.       0.       0.121035 0.       0.       0.       0.       0.       0.       0.       0.       0.       0.       0.121034 0.121035 0.       0.       0.       0.273791 0.121034 0.       0.121035],[0. 0. 0. 1. 0. 0. 0. 0. 0. 0. 0. 1. 0. 0. 0. 0. 0. 0. 0. 0. 0. 0. 1. 1. 0. 0. 0. 1. 1. 0. 1.],7.0,1000,100,0.01,0.0015,1,6,idID,,random,single_objective
282,0.20038727315632376,0.4837921309059817,0.004127559615,[0.       0.       0.       0.121035 0.       0.       0.       0.       0.       0.       0.       0.121035 0.       0.       0.       0.       0.       0.       0.       0.       0.       0.       0.121034 0.121035 0.       0.       0.       0.273791 0.121034 0.       0.121035],[0. 0. 0. 1. 0. 0. 0. 0. 0. 0. 0. 1. 0. 0. 0. 0. 0. 0. 0. 0. 0. 0. 1. 1. 0. 0. 0. 1. 1. 0. 1.],7.0,1000,100,0.01,0.0015,1,6,idID,,random,single_objective
283,0.20038727315632376,0.4837921309059817,0.004127559615,[0.       0.       0.       0.121035 0.       0.       0.       0.       0.       0.       0.       0.121035 0.       0.       0.       0.       0.       0.       0.       0.       0.       0.       0.121034 0.121035 0.       0.       0.       0.273791 0.121034 0.       0.121035],[0. 0. 0. 1. 0. 0. 0. 0. 0. 0. 0. 1. 0. 0. 0. 0. 0. 0. 0. 0. 0. 0. 1. 1. 0. 0. 0. 1. 1. 0. 1.],7.0,1000,100,0.01,0.0015,1,6,idID,,random,single_objective
284,0.20038727315632376,0.4837921309059817,0.004127559615,[0.       0.       0.       0.121035 0.       0.       0.       0.       0.       0.       0.       0.121035 0.       0.       0.       0.       0.       0.       0.       0.       0.       0.       0.121034 0.121035 0.       0.       0.       0.273791 0.121034 0.       0.121035],[0. 0. 0. 1. 0. 0. 0. 0. 0. 0. 0. 1. 0. 0. 0. 0. 0. 0. 0. 0. 0. 0. 1. 1. 0. 0. 0. 1. 1. 0. 1.],7.0,1000,100,0.01,0.0015,1,6,idID,,random,single_objective
285,0.20038727315632376,0.4837921309059817,0.004127559615,[0.       0.       0.       0.121035 0.       0.       0.       0.       0.       0.       0.       0.121035 0.       0.       0.       0.       0.       0.       0.       0.       0.       0.       0.121034 0.121035 0.       0.       0.       0.273791 0.121034 0.       0.121035],[0. 0. 0. 1. 0. 0. 0. 0. 0. 0. 0. 1. 0. 0. 0. 0. 0. 0. 0. 0. 0. 0. 1. 1. 0. 0. 0. 1. 1. 0. 1.],7.0,1000,100,0.01,0.0015,1,6,idID,,random,single_objective
286,0.20038727315632376,0.4837921309059817,0.004127559615,[0.       0.       0.       0.121035 0.       0.       0.       0.       0.       0.       0.       0.121035 0.       0.       0.       0.       0.       0.       0.       0.       0.       0.       0.121034 0.121035 0.       0.       0.       0.273791 0.121034 0.       0.121035],[0. 0. 0. 1. 0. 0. 0. 0. 0. 0. 0. 1. 0. 0. 0. 0. 0. 0. 0. 0. 0. 0. 1. 1. 0. 0. 0. 1. 1. 0. 1.],7.0,1000,100,0.01,0.0015,1,6,idID,,random,single_objective
287,0.20038727315632376,0.4837921309059817,0.004127559615,[0.       0.       0.       0.121035 0.       0.       0.       0.       0.       0.       0.       0.121035 0.       0.       0.       0.       0.       0.       0.       0.       0.       0.       0.121034 0.121035 0.       0.       0.       0.273791 0.121034 0.       0.121035],[0. 0. 0. 1. 0. 0. 0. 0. 0. 0. 0. 1. 0. 0. 0. 0. 0. 0. 0. 0. 0. 0. 1. 1. 0. 0. 0. 1. 1. 0. 1.],7.0,1000,100,0.01,0.0015,1,6,idID,,random,single_objective
288,0.20038727315632376,0.4837921309059817,0.004127559615,[0.       0.       0.       0.121035 0.       0.       0.       0.       0.       0.       0.       0.121035 0.       0.       0.       0.       0.       0.       0.       0.       0.       0.       0.121034 0.121035 0.       0.       0.       0.273791 0.121034 0.       0.121035],[0. 0. 0. 1. 0. 0. 0. 0. 0. 0. 0. 1. 0. 0. 0. 0. 0. 0. 0. 0. 0. 0. 1. 1. 0. 0. 0. 1. 1. 0. 1.],7.0,1000,100,0.01,0.0015,1,6,idID,,random,single_objective
289,0.20038727315632376,0.4837921309059817,0.004127559615,[0.       0.       0.       0.121035 0.       0.       0.       0.       0.       0.       0.       0.121035 0.       0.       0.       0.       0.       0.       0.       0.       0.       0.       0.121034 0.121035 0.       0.       0.       0.273791 0.121034 0.       0.121035],[0. 0. 0. 1. 0. 0. 0. 0. 0. 0. 0. 1. 0. 0. 0. 0. 0. 0. 0. 0. 0. 0. 1. 1. 0. 0. 0. 1. 1. 0. 1.],7.0,1000,100,0.01,0.0015,1,6,idID,,random,single_objective
290,0.20038727315632376,0.4837921309059817,0.004127559615,[0.       0.       0.       0.121035 0.       0.       0.       0.       0.       0.       0.       0.121035 0.       0.       0.       0.       0.       0.       0.       0.       0.       0.       0.121034 0.121035 0.       0.       0.       0.273791 0.121034 0.       0.121035],[0. 0. 0. 1. 0. 0. 0. 0. 0. 0. 0. 1. 0. 0. 0. 0. 0. 0. 0. 0. 0. 0. 1. 1. 0. 0. 0. 1. 1. 0. 1.],7.0,1000,100,0.01,0.0015,1,6,idID,,random,single_objective
291,0.20038727315632376,0.4837921309059817,0.004127559615,[0.       0.       0.       0.121035 0.       0.       0.       0.       0.       0.       0.       0.121035 0.       0.       0.       0.       0.       0.       0.       0.       0.       0.       0.121034 0.121035 0.       0.       0.       0.273791 0.121034 0.       0.121035],[0. 0. 0. 1. 0. 0. 0. 0. 0. 0. 0. 1. 0. 0. 0. 0. 0. 0. 0. 0. 0. 0. 1. 1. 0. 0. 0. 1. 1. 0. 1.],7.0,1000,100,0.01,0.0015,1,6,idID,,random,single_objective
292,0.20038727315632376,0.4837921309059817,0.004127559615,[0.       0.       0.       0.121035 0.       0.       0.       0.       0.       0.       0.       0.121035 0.       0.       0.       0.       0.       0.       0.       0.       0.       0.       0.121034 0.121035 0.       0.       0.       0.273791 0.121034 0.       0.121035],[0. 0. 0. 1. 0. 0. 0. 0. 0. 0. 0. 1. 0. 0. 0. 0. 0. 0. 0. 0. 0. 0. 1. 1. 0. 0. 0. 1. 1. 0. 1.],7.0,1000,100,0.01,0.0015,1,6,idID,,random,single_objective
293,0.20038727315632376,0.4837921309059817,0.004127559615,[0.       0.       0.       0.121035 0.       0.       0.       0.       0.       0.       0.       0.121035 0.       0.       0.       0.       0.       0.       0.       0.       0.       0.       0.121034 0.121035 0.       0.       0.       0.273791 0.121034 0.       0.121035],[0. 0. 0. 1. 0. 0. 0. 0. 0. 0. 0. 1. 0. 0. 0. 0. 0. 0. 0. 0. 0. 0. 1. 1. 0. 0. 0. 1. 1. 0. 1.],7.0,1000,100,0.01,0.0015,1,6,idID,,random,single_objective
294,0.20038727315632376,0.4837921309059817,0.004127559615,[0.       0.       0.       0.121035 0.       0.       0.       0.       0.       0.       0.       0.121035 0.       0.       0.       0.       0.       0.       0.       0.       0.       0.       0.121034 0.121035 0.       0.       0.       0.273791 0.121034 0.       0.121035],[0. 0. 0. 1. 0. 0. 0. 0. 0. 0. 0. 1. 0. 0. 0. 0. 0. 0. 0. 0. 0. 0. 1. 1. 0. 0. 0. 1. 1. 0. 1.],7.0,1000,100,0.01,0.0015,1,6,idID,,random,single_objective
295,0.20038727315632376,0.4837921309059817,0.004127559615,[0.       0.       0.       0.121035 0.       0.       0.       0.       0.       0.       0.       0.121035 0.       0.       0.       0.       0.       0.       0.       0.       0.       0.       0.121034 0.121035 0.       0.       0.       0.273791 0.121034 0.       0.121035],[0. 0. 0. 1. 0. 0. 0. 0. 0. 0. 0. 1. 0. 0. 0. 0. 0. 0. 0. 0. 0. 0. 1. 1. 0. 0. 0. 1. 1. 0. 1.],7.0,1000,100,0.01,0.0015,1,6,idID,,random,single_objective
296,0.20038727315632376,0.4837921309059817,0.004127559615,[0.       0.       0.       0.121035 0.       0.       0.       0.       0.       0.       0.       0.121035 0.       0.       0.       0.       0.       0.       0.       0.       0.       0.       0.121034 0.121035 0.       0.       0.       0.273791 0.121034 0.       0.121035],[0. 0. 0. 1. 0. 0. 0. 0. 0. 0. 0. 1. 0. 0. 0. 0. 0. 0. 0. 0. 0. 0. 1. 1. 0. 0. 0. 1. 1. 0. 1.],7.0,1000,100,0.01,0.0015,1,6,idID,,random,single_objective
297,0.20038727315632376,0.4837921309059817,0.004127559615,[0.       0.       0.       0.121035 0.       0.       0.       0.       0.       0.       0.       0.121035 0.       0.       0.       0.       0.       0.       0.       0.       0.       0.       0.121034 0.121035 0.       0.       0.       0.273791 0.121034 0.       0.121035],[0. 0. 0. 1. 0. 0. 0. 0. 0. 0. 0. 1. 0. 0. 0. 0. 0. 0. 0. 0. 0. 0. 1. 1. 0. 0. 0. 1. 1. 0. 1.],7.0,1000,100,0.01,0.0015,1,6,idID,,random,single_objective
298,0.20038727315632376,0.4837921309059817,0.004127559615,[0.       0.       0.       0.121035 0.       0.       0.       0.       0.       0.       0.       0.121035 0.       0.       0.       0.       0.       0.       0.       0.       0.       0.       0.121034 0.121035 0.       0.       0.       0.273791 0.121034 0.       0.121035],[0. 0. 0. 1. 0. 0. 0. 0. 0. 0. 0. 1. 0. 0. 0. 0. 0. 0. 0. 0. 0. 0. 1. 1. 0. 0. 0. 1. 1. 0. 1.],7.0,1000,100,0.01,0.0015,1,6,idID,,random,single_objective
299,0.20038727315632376,0.4837921309059817,0.004127559615,[0.       0.       0.       0.121035 0.       0.       0.       0.       0.       0.       0.       0.121035 0.       0.       0.       0.       0.       0.       0.       0.       0.       0.       0.121034 0.121035 0.       0.       0.       0.273791 0.121034 0.       0.121035],[0. 0. 0. 1. 0. 0. 0. 0. 0. 0. 0. 1. 0. 0. 0. 0. 0. 0. 0. 0. 0. 0. 1. 1. 0. 0. 0. 1. 1. 0. 1.],7.0,1000,100,0.01,0.0015,1,6,idID,,random,single_objective
300,0.20038727315632376,0.4837921309059817,0.004127559615,[0.       0.       0.       0.121035 0.       0.       0.       0.       0.       0.       0.       0.121035 0.       0.       0.       0.       0.       0.       0.       0.       0.       0.       0.121034 0.121035 0.       0.       0.       0.273791 0.121034 0.       0.121035],[0. 0. 0. 1. 0. 0. 0. 0. 0. 0. 0. 1. 0. 0. 0. 0. 0. 0. 0. 0. 0. 0. 1. 1. 0. 0. 0. 1. 1. 0. 1.],7.0,1000,100,0.01,0.0015,1,6,idID,,random,single_objective
301,0.20038727315632376,0.4837921309059817,0.004127559615,[0.       0.       0.       0.121035 0.       0.       0.       0.       0.       0.       0.       0.121035 0.       0.       0.       0.       0.       0.       0.       0.       0.       0.       0.121034 0.121035 0.       0.       0.       0.273791 0.121034 0.       0.121035],[0. 0. 0. 1. 0. 0. 0. 0. 0. 0. 0. 1. 0. 0. 0. 0. 0. 0. 0. 0. 0. 0. 1. 1. 0. 0. 0. 1. 1. 0. 1.],7.0,1000,100,0.01,0.0015,1,6,idID,,random,single_objective
302,0.20038727315632376,0.4837921309059817,0.004127559615,[0.       0.       0.       0.121035 0.       0.       0.       0.       0.       0.       0.       0.121035 0.       0.       0.       0.       0.       0.       0.       0.       0.       0.       0.121034 0.121035 0.       0.       0.       0.273791 0.121034 0.       0.121035],[0. 0. 0. 1. 0. 0. 0. 0. 0. 0. 0. 1. 0. 0. 0. 0. 0. 0. 0. 0. 0. 0. 1. 1. 0. 0. 0. 1. 1. 0. 1.],7.0,1000,100,0.01,0.0015,1,6,idID,,random,single_objective
303,0.20038727315632376,0.4837921309059817,0.004127559615,[0.       0.       0.       0.121035 0.       0.       0.       0.       0.       0.       0.       0.121035 0.       0.       0.       0.       0.       0.       0.       0.       0.       0.       0.121034 0.121035 0.       0.       0.       0.273791 0.121034 0.       0.121035],[0. 0. 0. 1. 0. 0. 0. 0. 0. 0. 0. 1. 0. 0. 0. 0. 0. 0. 0. 0. 0. 0. 1. 1. 0. 0. 0. 1. 1. 0. 1.],7.0,1000,100,0.01,0.0015,1,6,idID,,random,single_objective
304,0.20038727315632376,0.4837921309059817,0.004127559615,[0.       0.       0.       0.121035 0.       0.       0.       0.       0.       0.       0.       0.121035 0.       0.       0.       0.       0.       0.       0.       0.       0.       0.       0.121034 0.121035 0.       0.       0.       0.273791 0.121034 0.       0.121035],[0. 0. 0. 1. 0. 0. 0. 0. 0. 0. 0. 1. 0. 0. 0. 0. 0. 0. 0. 0. 0. 0. 1. 1. 0. 0. 0. 1. 1. 0. 1.],7.0,1000,100,0.01,0.0015,1,6,idID,,random,single_objective
305,0.20038727315632376,0.4837921309059817,0.004127559615,[0.       0.       0.       0.121035 0.       0.       0.       0.       0.       0.       0.       0.121035 0.       0.       0.       0.       0.       0.       0.       0.       0.       0.       0.121034 0.121035 0.       0.       0.       0.273791 0.121034 0.       0.121035],[0. 0. 0. 1. 0. 0. 0. 0. 0. 0. 0. 1. 0. 0. 0. 0. 0. 0. 0. 0. 0. 0. 1. 1. 0. 0. 0. 1. 1. 0. 1.],7.0,1000,100,0.01,0.0015,1,6,idID,,random,single_objective
306,0.20038727315632376,0.4837921309059817,0.004127559615,[0.       0.       0.       0.121035 0.       0.       0.       0.       0.       0.       0.       0.121035 0.       0.       0.       0.       0.       0.       0.       0.       0.       0.       0.121034 0.121035 0.       0.       0.       0.273791 0.121034 0.       0.121035],[0. 0. 0. 1. 0. 0. 0. 0. 0. 0. 0. 1. 0. 0. 0. 0. 0. 0. 0. 0. 0. 0. 1. 1. 0. 0. 0. 1. 1. 0. 1.],7.0,1000,100,0.01,0.0015,1,6,idID,,random,single_objective
307,0.20038727315632376,0.4837921309059817,0.004127559615,[0.       0.       0.       0.121035 0.       0.       0.       0.       0.       0.       0.       0.121035 0.       0.       0.       0.       0.       0.       0.       0.       0.       0.       0.121034 0.121035 0.       0.       0.       0.273791 0.121034 0.       0.121035],[0. 0. 0. 1. 0. 0. 0. 0. 0. 0. 0. 1. 0. 0. 0. 0. 0. 0. 0. 0. 0. 0. 1. 1. 0. 0. 0. 1. 1. 0. 1.],7.0,1000,100,0.01,0.0015,1,6,idID,,random,single_objective
308,0.20038727315632376,0.4837921309059817,0.004127559615,[0.       0.       0.       0.121035 0.       0.       0.       0.       0.       0.       0.       0.121035 0.       0.       0.       0.       0.       0.       0.       0.       0.       0.       0.121034 0.121035 0.       0.       0.       0.273791 0.121034 0.       0.121035],[0. 0. 0. 1. 0. 0. 0. 0. 0. 0. 0. 1. 0. 0. 0. 0. 0. 0. 0. 0. 0. 0. 1. 1. 0. 0. 0. 1. 1. 0. 1.],7.0,1000,100,0.01,0.0015,1,6,idID,,random,single_objective
309,0.20038727315632376,0.4837921309059817,0.004127559615,[0.       0.       0.       0.121035 0.       0.       0.       0.       0.       0.       0.       0.121035 0.       0.       0.       0.       0.       0.       0.       0.       0.       0.       0.121034 0.121035 0.       0.       0.       0.273791 0.121034 0.       0.121035],[0. 0. 0. 1. 0. 0. 0. 0. 0. 0. 0. 1. 0. 0. 0. 0. 0. 0. 0. 0. 0. 0. 1. 1. 0. 0. 0. 1. 1. 0. 1.],7.0,1000,100,0.01,0.0015,1,6,idID,,random,single_objective
310,0.20038727315632376,0.4837921309059817,0.004127559615,[0.       0.       0.       0.121035 0.       0.       0.       0.       0.       0.       0.       0.121035 0.       0.       0.       0.       0.       0.       0.       0.       0.       0.       0.121034 0.121035 0.       0.       0.       0.273791 0.121034 0.       0.121035],[0. 0. 0. 1. 0. 0. 0. 0. 0. 0. 0. 1. 0. 0. 0. 0. 0. 0. 0. 0. 0. 0. 1. 1. 0. 0. 0. 1. 1. 0. 1.],7.0,1000,100,0.01,0.0015,1,6,idID,,random,single_objective
311,0.20038727315632376,0.4837921309059817,0.004127559615,[0.       0.       0.       0.121035 0.       0.       0.       0.       0.       0.       0.       0.121035 0.       0.       0.       0.       0.       0.       0.       0.       0.       0.       0.121034 0.121035 0.       0.       0.       0.273791 0.121034 0.       0.121035],[0. 0. 0. 1. 0. 0. 0. 0. 0. 0. 0. 1. 0. 0. 0. 0. 0. 0. 0. 0. 0. 0. 1. 1. 0. 0. 0. 1. 1. 0. 1.],7.0,1000,100,0.01,0.0015,1,6,idID,,random,single_objective
312,0.20038727315632376,0.4837921309059817,0.004127559615,[0.       0.       0.       0.121035 0.       0.       0.       0.       0.       0.       0.       0.121035 0.       0.       0.       0.       0.       0.       0.       0.       0.       0.       0.121034 0.121035 0.       0.       0.       0.273791 0.121034 0.       0.121035],[0. 0. 0. 1. 0. 0. 0. 0. 0. 0. 0. 1. 0. 0. 0. 0. 0. 0. 0. 0. 0. 0. 1. 1. 0. 0. 0. 1. 1. 0. 1.],7.0,1000,100,0.01,0.0015,1,6,idID,,random,single_objective
313,0.20038727315632376,0.4837921309059817,0.004127559615,[0.       0.       0.       0.121035 0.       0.       0.       0.       0.       0.       0.       0.121035 0.       0.       0.       0.       0.       0.       0.       0.       0.       0.       0.121034 0.121035 0.       0.       0.       0.273791 0.121034 0.       0.121035],[0. 0. 0. 1. 0. 0. 0. 0. 0. 0. 0. 1. 0. 0. 0. 0. 0. 0. 0. 0. 0. 0. 1. 1. 0. 0. 0. 1. 1. 0. 1.],7.0,1000,100,0.01,0.0015,1,6,idID,,random,single_objective
314,0.20038727315632376,0.4837921309059817,0.004127559615,[0.       0.       0.       0.121035 0.       0.       0.       0.       0.       0.       0.       0.121035 0.       0.       0.       0.       0.       0.       0.       0.       0.       0.       0.121034 0.121035 0.       0.       0.       0.273791 0.121034 0.       0.121035],[0. 0. 0. 1. 0. 0. 0. 0. 0. 0. 0. 1. 0. 0. 0. 0. 0. 0. 0. 0. 0. 0. 1. 1. 0. 0. 0. 1. 1. 0. 1.],7.0,1000,100,0.01,0.0015,1,6,idID,,random,single_objective
315,0.20038727315632376,0.4837921309059817,0.004127559615,[0.       0.       0.       0.121035 0.       0.       0.       0.       0.       0.       0.       0.121035 0.       0.       0.       0.       0.       0.       0.       0.       0.       0.       0.121034 0.121035 0.       0.       0.       0.273791 0.121034 0.       0.121035],[0. 0. 0. 1. 0. 0. 0. 0. 0. 0. 0. 1. 0. 0. 0. 0. 0. 0. 0. 0. 0. 0. 1. 1. 0. 0. 0. 1. 1. 0. 1.],7.0,1000,100,0.01,0.0015,1,6,idID,,random,single_objective
316,0.20038727315632376,0.4837921309059817,0.004127559615,[0.       0.       0.       0.121035 0.       0.       0.       0.       0.       0.       0.       0.121035 0.       0.       0.       0.       0.       0.       0.       0.       0.       0.       0.121034 0.121035 0.       0.       0.       0.273791 0.121034 0.       0.121035],[0. 0. 0. 1. 0. 0. 0. 0. 0. 0. 0. 1. 0. 0. 0. 0. 0. 0. 0. 0. 0. 0. 1. 1. 0. 0. 0. 1. 1. 0. 1.],7.0,1000,100,0.01,0.0015,1,6,idID,,random,single_objective
317,0.20038727315632376,0.4837921309059817,0.004127559615,[0.       0.       0.       0.121035 0.       0.       0.       0.       0.       0.       0.       0.121035 0.       0.       0.       0.       0.       0.       0.       0.       0.       0.       0.121034 0.121035 0.       0.       0.       0.273791 0.121034 0.       0.121035],[0. 0. 0. 1. 0. 0. 0. 0. 0. 0. 0. 1. 0. 0. 0. 0. 0. 0. 0. 0. 0. 0. 1. 1. 0. 0. 0. 1. 1. 0. 1.],7.0,1000,100,0.01,0.0015,1,6,idID,,random,single_objective
318,0.20038727315632376,0.4837921309059817,0.004127559615,[0.       0.       0.       0.121035 0.       0.       0.       0.       0.       0.       0.       0.121035 0.       0.       0.       0.       0.       0.       0.       0.       0.       0.       0.121034 0.121035 0.       0.       0.       0.273791 0.121034 0.       0.121035],[0. 0. 0. 1. 0. 0. 0. 0. 0. 0. 0. 1. 0. 0. 0. 0. 0. 0. 0. 0. 0. 0. 1. 1. 0. 0. 0. 1. 1. 0. 1.],7.0,1000,100,0.01,0.0015,1,6,idID,,random,single_objective
319,0.20038727315632376,0.4837921309059817,0.004127559615,[0.       0.       0.       0.121035 0.       0.       0.       0.       0.       0.       0.       0.121035 0.       0.       0.       0.       0.       0.       0.       0.       0.       0.       0.121034 0.121035 0.       0.       0.       0.273791 0.121034 0.       0.121035],[0. 0. 0. 1. 0. 0. 0. 0. 0. 0. 0. 1. 0. 0. 0. 0. 0. 0. 0. 0. 0. 0. 1. 1. 0. 0. 0. 1. 1. 0. 1.],7.0,1000,100,0.01,0.0015,1,6,idID,,random,single_objective
320,0.20038727315632376,0.4837921309059817,0.004127559615,[0.       0.       0.       0.121035 0.       0.       0.       0.       0.       0.       0.       0.121035 0.       0.       0.       0.       0.       0.       0.       0.       0.       0.       0.121034 0.121035 0.       0.       0.       0.273791 0.121034 0.       0.121035],[0. 0. 0. 1. 0. 0. 0. 0. 0. 0. 0. 1. 0. 0. 0. 0. 0. 0. 0. 0. 0. 0. 1. 1. 0. 0. 0. 1. 1. 0. 1.],7.0,1000,100,0.01,0.0015,1,6,idID,,random,single_objective
321,0.20038727315632376,0.4837921309059817,0.004127559615,[0.       0.       0.       0.121035 0.       0.       0.       0.       0.       0.       0.       0.121035 0.       0.       0.       0.       0.       0.       0.       0.       0.       0.       0.121034 0.121035 0.       0.       0.       0.273791 0.121034 0.       0.121035],[0. 0. 0. 1. 0. 0. 0. 0. 0. 0. 0. 1. 0. 0. 0. 0. 0. 0. 0. 0. 0. 0. 1. 1. 0. 0. 0. 1. 1. 0. 1.],7.0,1000,100,0.01,0.0015,1,6,idID,,random,single_objective
322,0.20038727315632376,0.4837921309059817,0.004127559615,[0.       0.       0.       0.121035 0.       0.       0.       0.       0.       0.       0.       0.121035 0.       0.       0.       0.       0.       0.       0.       0.       0.       0.       0.121034 0.121035 0.       0.       0.       0.273791 0.121034 0.       0.121035],[0. 0. 0. 1. 0. 0. 0. 0. 0. 0. 0. 1. 0. 0. 0. 0. 0. 0. 0. 0. 0. 0. 1. 1. 0. 0. 0. 1. 1. 0. 1.],7.0,1000,100,0.01,0.0015,1,6,idID,,random,single_objective
323,0.20038727315632376,0.4837921309059817,0.004127559615,[0.       0.       0.       0.121035 0.       0.       0.       0.       0.       0.       0.       0.121035 0.       0.       0.       0.       0.       0.       0.       0.       0.       0.       0.121034 0.121035 0.       0.       0.       0.273791 0.121034 0.       0.121035],[0. 0. 0. 1. 0. 0. 0. 0. 0. 0. 0. 1. 0. 0. 0. 0. 0. 0. 0. 0. 0. 0. 1. 1. 0. 0. 0. 1. 1. 0. 1.],7.0,1000,100,0.01,0.0015,1,6,idID,,random,single_objective
324,0.20038727315632376,0.4837921309059817,0.004127559615,[0.       0.       0.       0.121035 0.       0.       0.       0.       0.       0.       0.       0.121035 0.       0.       0.       0.       0.       0.       0.       0.       0.       0.       0.121034 0.121035 0.       0.       0.       0.273791 0.121034 0.       0.121035],[0. 0. 0. 1. 0. 0. 0. 0. 0. 0. 0. 1. 0. 0. 0. 0. 0. 0. 0. 0. 0. 0. 1. 1. 0. 0. 0. 1. 1. 0. 1.],7.0,1000,100,0.01,0.0015,1,6,idID,,random,single_objective
325,0.20038727315632376,0.4837921309059817,0.004127559615,[0.       0.       0.       0.121035 0.       0.       0.       0.       0.       0.       0.       0.121035 0.       0.       0.       0.       0.       0.       0.       0.       0.       0.       0.121034 0.121035 0.       0.       0.       0.273791 0.121034 0.       0.121035],[0. 0. 0. 1. 0. 0. 0. 0. 0. 0. 0. 1. 0. 0. 0. 0. 0. 0. 0. 0. 0. 0. 1. 1. 0. 0. 0. 1. 1. 0. 1.],7.0,1000,100,0.01,0.0015,1,6,idID,,random,single_objective
326,0.20038727315632376,0.4837921309059817,0.004127559615,[0.       0.       0.       0.121035 0.       0.       0.       0.       0.       0.       0.       0.121035 0.       0.       0.       0.       0.       0.       0.       0.       0.       0.       0.121034 0.121035 0.       0.       0.       0.273791 0.121034 0.       0.121035],[0. 0. 0. 1. 0. 0. 0. 0. 0. 0. 0. 1. 0. 0. 0. 0. 0. 0. 0. 0. 0. 0. 1. 1. 0. 0. 0. 1. 1. 0. 1.],7.0,1000,100,0.01,0.0015,1,6,idID,,random,single_objective
327,0.20038727315632376,0.4837921309059817,0.004127559615,[0.       0.       0.       0.121035 0.       0.       0.       0.       0.       0.       0.       0.121035 0.       0.       0.       0.       0.       0.       0.       0.       0.       0.       0.121034 0.121035 0.       0.       0.       0.273791 0.121034 0.       0.121035],[0. 0. 0. 1. 0. 0. 0. 0. 0. 0. 0. 1. 0. 0. 0. 0. 0. 0. 0. 0. 0. 0. 1. 1. 0. 0. 0. 1. 1. 0. 1.],7.0,1000,100,0.01,0.0015,1,6,idID,,random,single_objective
328,0.20038727315632376,0.4837921309059817,0.004127559615,[0.       0.       0.       0.121035 0.       0.       0.       0.       0.       0.       0.       0.121035 0.       0.       0.       0.       0.       0.       0.       0.       0.       0.       0.121034 0.121035 0.       0.       0.       0.273791 0.121034 0.       0.121035],[0. 0. 0. 1. 0. 0. 0. 0. 0. 0. 0. 1. 0. 0. 0. 0. 0. 0. 0. 0. 0. 0. 1. 1. 0. 0. 0. 1. 1. 0. 1.],7.0,1000,100,0.01,0.0015,1,6,idID,,random,single_objective
329,0.20038727315632376,0.4837921309059817,0.004127559615,[0.       0.       0.       0.121035 0.       0.       0.       0.       0.       0.       0.       0.121035 0.       0.       0.       0.       0.       0.       0.       0.       0.       0.       0.121034 0.121035 0.       0.       0.       0.273791 0.121034 0.       0.121035],[0. 0. 0. 1. 0. 0. 0. 0. 0. 0. 0. 1. 0. 0. 0. 0. 0. 0. 0. 0. 0. 0. 1. 1. 0. 0. 0. 1. 1. 0. 1.],7.0,1000,100,0.01,0.0015,1,6,idID,,random,single_objective
330,0.20038727315632376,0.4837921309059817,0.004127559615,[0.       0.       0.       0.121035 0.       0.       0.       0.       0.       0.       0.       0.121035 0.       0.       0.       0.       0.       0.       0.       0.       0.       0.       0.121034 0.121035 0.       0.       0.       0.273791 0.121034 0.       0.121035],[0. 0. 0. 1. 0. 0. 0. 0. 0. 0. 0. 1. 0. 0. 0. 0. 0. 0. 0. 0. 0. 0. 1. 1. 0. 0. 0. 1. 1. 0. 1.],7.0,1000,100,0.01,0.0015,1,6,idID,,random,single_objective
331,0.20038727315632376,0.4837921309059817,0.004127559615,[0.       0.       0.       0.121035 0.       0.       0.       0.       0.       0.       0.       0.121035 0.       0.       0.       0.       0.       0.       0.       0.       0.       0.       0.121034 0.121035 0.       0.       0.       0.273791 0.121034 0.       0.121035],[0. 0. 0. 1. 0. 0. 0. 0. 0. 0. 0. 1. 0. 0. 0. 0. 0. 0. 0. 0. 0. 0. 1. 1. 0. 0. 0. 1. 1. 0. 1.],7.0,1000,100,0.01,0.0015,1,6,idID,,random,single_objective
332,0.20038727315632376,0.4837921309059817,0.004127559615,[0.       0.       0.       0.121035 0.       0.       0.       0.       0.       0.       0.       0.121035 0.       0.       0.       0.       0.       0.       0.       0.       0.       0.       0.121034 0.121035 0.       0.       0.       0.273791 0.121034 0.       0.121035],[0. 0. 0. 1. 0. 0. 0. 0. 0. 0. 0. 1. 0. 0. 0. 0. 0. 0. 0. 0. 0. 0. 1. 1. 0. 0. 0. 1. 1. 0. 1.],7.0,1000,100,0.01,0.0015,1,6,idID,,random,single_objective
333,0.20038727315632376,0.4837921309059817,0.004127559615,[0.       0.       0.       0.121035 0.       0.       0.       0.       0.       0.       0.       0.121035 0.       0.       0.       0.       0.       0.       0.       0.       0.       0.       0.121034 0.121035 0.       0.       0.       0.273791 0.121034 0.       0.121035],[0. 0. 0. 1. 0. 0. 0. 0. 0. 0. 0. 1. 0. 0. 0. 0. 0. 0. 0. 0. 0. 0. 1. 1. 0. 0. 0. 1. 1. 0. 1.],7.0,1000,100,0.01,0.0015,1,6,idID,,random,single_objective
334,0.20038727315632376,0.4837921309059817,0.004127559615,[0.       0.       0.       0.121035 0.       0.       0.       0.       0.       0.       0.       0.121035 0.       0.       0.       0.       0.       0.       0.       0.       0.       0.       0.121034 0.121035 0.       0.       0.       0.273791 0.121034 0.       0.121035],[0. 0. 0. 1. 0. 0. 0. 0. 0. 0. 0. 1. 0. 0. 0. 0. 0. 0. 0. 0. 0. 0. 1. 1. 0. 0. 0. 1. 1. 0. 1.],7.0,1000,100,0.01,0.0015,1,6,idID,,random,single_objective
335,0.20038727315632376,0.4837921309059817,0.004127559615,[0.       0.       0.       0.121035 0.       0.       0.       0.       0.       0.       0.       0.121035 0.       0.       0.       0.       0.       0.       0.       0.       0.       0.       0.121034 0.121035 0.       0.       0.       0.273791 0.121034 0.       0.121035],[0. 0. 0. 1. 0. 0. 0. 0. 0. 0. 0. 1. 0. 0. 0. 0. 0. 0. 0. 0. 0. 0. 1. 1. 0. 0. 0. 1. 1. 0. 1.],7.0,1000,100,0.01,0.0015,1,6,idID,,random,single_objective
336,0.20038727315632376,0.4837921309059817,0.004127559615,[0.       0.       0.       0.121035 0.       0.       0.       0.       0.       0.       0.       0.121035 0.       0.       0.       0.       0.       0.       0.       0.       0.       0.       0.121034 0.121035 0.       0.       0.       0.273791 0.121034 0.       0.121035],[0. 0. 0. 1. 0. 0. 0. 0. 0. 0. 0. 1. 0. 0. 0. 0. 0. 0. 0. 0. 0. 0. 1. 1. 0. 0. 0. 1. 1. 0. 1.],7.0,1000,100,0.01,0.0015,1,6,idID,,random,single_objective
337,0.20038727315632376,0.4837921309059817,0.004127559615,[0.       0.       0.       0.121035 0.       0.       0.       0.       0.       0.       0.       0.121035 0.       0.       0.       0.       0.       0.       0.       0.       0.       0.       0.121034 0.121035 0.       0.       0.       0.273791 0.121034 0.       0.121035],[0. 0. 0. 1. 0. 0. 0. 0. 0. 0. 0. 1. 0. 0. 0. 0. 0. 0. 0. 0. 0. 0. 1. 1. 0. 0. 0. 1. 1. 0. 1.],7.0,1000,100,0.01,0.0015,1,6,idID,,random,single_objective
338,0.20038727315632376,0.4837921309059817,0.004127559615,[0.       0.       0.       0.121035 0.       0.       0.       0.       0.       0.       0.       0.121035 0.       0.       0.       0.       0.       0.       0.       0.       0.       0.       0.121034 0.121035 0.       0.       0.       0.273791 0.121034 0.       0.121035],[0. 0. 0. 1. 0. 0. 0. 0. 0. 0. 0. 1. 0. 0. 0. 0. 0. 0. 0. 0. 0. 0. 1. 1. 0. 0. 0. 1. 1. 0. 1.],7.0,1000,100,0.01,0.0015,1,6,idID,,random,single_objective
339,0.20038727315632376,0.4837921309059817,0.004127559615,[0.       0.       0.       0.121035 0.       0.       0.       0.       0.       0.       0.       0.121035 0.       0.       0.       0.       0.       0.       0.       0.       0.       0.       0.121034 0.121035 0.       0.       0.       0.273791 0.121034 0.       0.121035],[0. 0. 0. 1. 0. 0. 0. 0. 0. 0. 0. 1. 0. 0. 0. 0. 0. 0. 0. 0. 0. 0. 1. 1. 0. 0. 0. 1. 1. 0. 1.],7.0,1000,100,0.01,0.0015,1,6,idID,,random,single_objective
340,0.20038727315632376,0.4837921309059817,0.004127559615,[0.       0.       0.       0.121035 0.       0.       0.       0.       0.       0.       0.       0.121035 0.       0.       0.       0.       0.       0.       0.       0.       0.       0.       0.121034 0.121035 0.       0.       0.       0.273791 0.121034 0.       0.121035],[0. 0. 0. 1. 0. 0. 0. 0. 0. 0. 0. 1. 0. 0. 0. 0. 0. 0. 0. 0. 0. 0. 1. 1. 0. 0. 0. 1. 1. 0. 1.],7.0,1000,100,0.01,0.0015,1,6,idID,,random,single_objective
341,0.20038727315632376,0.4837921309059817,0.004127559615,[0.       0.       0.       0.121035 0.       0.       0.       0.       0.       0.       0.       0.121035 0.       0.       0.       0.       0.       0.       0.       0.       0.       0.       0.121034 0.121035 0.       0.       0.       0.273791 0.121034 0.       0.121035],[0. 0. 0. 1. 0. 0. 0. 0. 0. 0. 0. 1. 0. 0. 0. 0. 0. 0. 0. 0. 0. 0. 1. 1. 0. 0. 0. 1. 1. 0. 1.],7.0,1000,100,0.01,0.0015,1,6,idID,,random,single_objective
342,0.20038727315632376,0.4837921309059817,0.004127559615,[0.       0.       0.       0.121035 0.       0.       0.       0.       0.       0.       0.       0.121035 0.       0.       0.       0.       0.       0.       0.       0.       0.       0.       0.121034 0.121035 0.       0.       0.       0.273791 0.121034 0.       0.121035],[0. 0. 0. 1. 0. 0. 0. 0. 0. 0. 0. 1. 0. 0. 0. 0. 0. 0. 0. 0. 0. 0. 1. 1. 0. 0. 0. 1. 1. 0. 1.],7.0,1000,100,0.01,0.0015,1,6,idID,,random,single_objective
343,0.20038727315632376,0.4837921309059817,0.004127559615,[0.       0.       0.       0.121035 0.       0.       0.       0.       0.       0.       0.       0.121035 0.       0.       0.       0.       0.       0.       0.       0.       0.       0.       0.121034 0.121035 0.       0.       0.       0.273791 0.121034 0.       0.121035],[0. 0. 0. 1. 0. 0. 0. 0. 0. 0. 0. 1. 0. 0. 0. 0. 0. 0. 0. 0. 0. 0. 1. 1. 0. 0. 0. 1. 1. 0. 1.],7.0,1000,100,0.01,0.0015,1,6,idID,,random,single_objective
344,0.20038727315632376,0.4837921309059817,0.004127559615,[0.       0.       0.       0.121035 0.       0.       0.       0.       0.       0.       0.       0.121035 0.       0.       0.       0.       0.       0.       0.       0.       0.       0.       0.121034 0.121035 0.       0.       0.       0.273791 0.121034 0.       0.121035],[0. 0. 0. 1. 0. 0. 0. 0. 0. 0. 0. 1. 0. 0. 0. 0. 0. 0. 0. 0. 0. 0. 1. 1. 0. 0. 0. 1. 1. 0. 1.],7.0,1000,100,0.01,0.0015,1,6,idID,,random,single_objective
345,0.20038727315632376,0.4837921309059817,0.004127559615,[0.       0.       0.       0.121035 0.       0.       0.       0.       0.       0.       0.       0.121035 0.       0.       0.       0.       0.       0.       0.       0.       0.       0.       0.121034 0.121035 0.       0.       0.       0.273791 0.121034 0.       0.121035],[0. 0. 0. 1. 0. 0. 0. 0. 0. 0. 0. 1. 0. 0. 0. 0. 0. 0. 0. 0. 0. 0. 1. 1. 0. 0. 0. 1. 1. 0. 1.],7.0,1000,100,0.01,0.0015,1,6,idID,,random,single_objective
346,0.20038727315632376,0.4837921309059817,0.004127559615,[0.       0.       0.       0.121035 0.       0.       0.       0.       0.       0.       0.       0.121035 0.       0.       0.       0.       0.       0.       0.       0.       0.       0.       0.121034 0.121035 0.       0.       0.       0.273791 0.121034 0.       0.121035],[0. 0. 0. 1. 0. 0. 0. 0. 0. 0. 0. 1. 0. 0. 0. 0. 0. 0. 0. 0. 0. 0. 1. 1. 0. 0. 0. 1. 1. 0. 1.],7.0,1000,100,0.01,0.0015,1,6,idID,,random,single_objective
347,0.20038727315632376,0.4837921309059817,0.004127559615,[0.       0.       0.       0.121035 0.       0.       0.       0.       0.       0.       0.       0.121035 0.       0.       0.       0.       0.       0.       0.       0.       0.       0.       0.121034 0.121035 0.       0.       0.       0.273791 0.121034 0.       0.121035],[0. 0. 0. 1. 0. 0. 0. 0. 0. 0. 0. 1. 0. 0. 0. 0. 0. 0. 0. 0. 0. 0. 1. 1. 0. 0. 0. 1. 1. 0. 1.],7.0,1000,100,0.01,0.0015,1,6,idID,,random,single_objective
348,0.20038727315632376,0.4837921309059817,0.004127559615,[0.       0.       0.       0.121035 0.       0.       0.       0.       0.       0.       0.       0.121035 0.       0.       0.       0.       0.       0.       0.       0.       0.       0.       0.121034 0.121035 0.       0.       0.       0.273791 0.121034 0.       0.121035],[0. 0. 0. 1. 0. 0. 0. 0. 0. 0. 0. 1. 0. 0. 0. 0. 0. 0. 0. 0. 0. 0. 1. 1. 0. 0. 0. 1. 1. 0. 1.],7.0,1000,100,0.01,0.0015,1,6,idID,,random,single_objective
349,0.20038727315632376,0.4837921309059817,0.004127559615,[0.       0.       0.       0.121035 0.       0.       0.       0.       0.       0.       0.       0.121035 0.       0.       0.       0.       0.       0.       0.       0.       0.       0.       0.121034 0.121035 0.       0.       0.       0.273791 0.121034 0.       0.121035],[0. 0. 0. 1. 0. 0. 0. 0. 0. 0. 0. 1. 0. 0. 0. 0. 0. 0. 0. 0. 0. 0. 1. 1. 0. 0. 0. 1. 1. 0. 1.],7.0,1000,100,0.01,0.0015,1,6,idID,,random,single_objective
350,0.20038727315632376,0.4837921309059817,0.004127559615,[0.       0.       0.       0.121035 0.       0.       0.       0.       0.       0.       0.       0.121035 0.       0.       0.       0.       0.       0.       0.       0.       0.       0.       0.121034 0.121035 0.       0.       0.       0.273791 0.121034 0.       0.121035],[0. 0. 0. 1. 0. 0. 0. 0. 0. 0. 0. 1. 0. 0. 0. 0. 0. 0. 0. 0. 0. 0. 1. 1. 0. 0. 0. 1. 1. 0. 1.],7.0,1000,100,0.01,0.0015,1,6,idID,,random,single_objective
351,0.20038727315632376,0.4837921309059817,0.004127559615,[0.       0.       0.       0.121035 0.       0.       0.       0.       0.       0.       0.       0.121035 0.       0.       0.       0.       0.       0.       0.       0.       0.       0.       0.121034 0.121035 0.       0.       0.       0.273791 0.121034 0.       0.121035],[0. 0. 0. 1. 0. 0. 0. 0. 0. 0. 0. 1. 0. 0. 0. 0. 0. 0. 0. 0. 0. 0. 1. 1. 0. 0. 0. 1. 1. 0. 1.],7.0,1000,100,0.01,0.0015,1,6,idID,,random,single_objective
352,0.20038727315632376,0.4837921309059817,0.004127559615,[0.       0.       0.       0.121035 0.       0.       0.       0.       0.       0.       0.       0.121035 0.       0.       0.       0.       0.       0.       0.       0.       0.       0.       0.121034 0.121035 0.       0.       0.       0.273791 0.121034 0.       0.121035],[0. 0. 0. 1. 0. 0. 0. 0. 0. 0. 0. 1. 0. 0. 0. 0. 0. 0. 0. 0. 0. 0. 1. 1. 0. 0. 0. 1. 1. 0. 1.],7.0,1000,100,0.01,0.0015,1,6,idID,,random,single_objective
353,0.20038727315632376,0.4837921309059817,0.004127559615,[0.       0.       0.       0.121035 0.       0.       0.       0.       0.       0.       0.       0.121035 0.       0.       0.       0.       0.       0.       0.       0.       0.       0.       0.121034 0.121035 0.       0.       0.       0.273791 0.121034 0.       0.121035],[0. 0. 0. 1. 0. 0. 0. 0. 0. 0. 0. 1. 0. 0. 0. 0. 0. 0. 0. 0. 0. 0. 1. 1. 0. 0. 0. 1. 1. 0. 1.],7.0,1000,100,0.01,0.0015,1,6,idID,,random,single_objective
354,0.20038727315632376,0.4837921309059817,0.004127559615,[0.       0.       0.       0.121035 0.       0.       0.       0.       0.       0.       0.       0.121035 0.       0.       0.       0.       0.       0.       0.       0.       0.       0.       0.121034 0.121035 0.       0.       0.       0.273791 0.121034 0.       0.121035],[0. 0. 0. 1. 0. 0. 0. 0. 0. 0. 0. 1. 0. 0. 0. 0. 0. 0. 0. 0. 0. 0. 1. 1. 0. 0. 0. 1. 1. 0. 1.],7.0,1000,100,0.01,0.0015,1,6,idID,,random,single_objective
355,0.20038727315632376,0.4837921309059817,0.004127559615,[0.       0.       0.       0.121035 0.       0.       0.       0.       0.       0.       0.       0.121035 0.       0.       0.       0.       0.       0.       0.       0.       0.       0.       0.121034 0.121035 0.       0.       0.       0.273791 0.121034 0.       0.121035],[0. 0. 0. 1. 0. 0. 0. 0. 0. 0. 0. 1. 0. 0. 0. 0. 0. 0. 0. 0. 0. 0. 1. 1. 0. 0. 0. 1. 1. 0. 1.],7.0,1000,100,0.01,0.0015,1,6,idID,,random,single_objective
356,0.20038727315632376,0.4837921309059817,0.004127559615,[0.       0.       0.       0.121035 0.       0.       0.       0.       0.       0.       0.       0.121035 0.       0.       0.       0.       0.       0.       0.       0.       0.       0.       0.121034 0.121035 0.       0.       0.       0.273791 0.121034 0.       0.121035],[0. 0. 0. 1. 0. 0. 0. 0. 0. 0. 0. 1. 0. 0. 0. 0. 0. 0. 0. 0. 0. 0. 1. 1. 0. 0. 0. 1. 1. 0. 1.],7.0,1000,100,0.01,0.0015,1,6,idID,,random,single_objective
357,0.20038727315632376,0.4837921309059817,0.004127559615,[0.       0.       0.       0.121035 0.       0.       0.       0.       0.       0.       0.       0.121035 0.       0.       0.       0.       0.       0.       0.       0.       0.       0.       0.121034 0.121035 0.       0.       0.       0.273791 0.121034 0.       0.121035],[0. 0. 0. 1. 0. 0. 0. 0. 0. 0. 0. 1. 0. 0. 0. 0. 0. 0. 0. 0. 0. 0. 1. 1. 0. 0. 0. 1. 1. 0. 1.],7.0,1000,100,0.01,0.0015,1,6,idID,,random,single_objective
358,0.20038727315632376,0.4837921309059817,0.004127559615,[0.       0.       0.       0.121035 0.       0.       0.       0.       0.       0.       0.       0.121035 0.       0.       0.       0.       0.       0.       0.       0.       0.       0.       0.121034 0.121035 0.       0.       0.       0.273791 0.121034 0.       0.121035],[0. 0. 0. 1. 0. 0. 0. 0. 0. 0. 0. 1. 0. 0. 0. 0. 0. 0. 0. 0. 0. 0. 1. 1. 0. 0. 0. 1. 1. 0. 1.],7.0,1000,100,0.01,0.0015,1,6,idID,,random,single_objective
359,0.20038727315632376,0.4837921309059817,0.004127559615,[0.       0.       0.       0.121035 0.       0.       0.       0.       0.       0.       0.       0.121035 0.       0.       0.       0.       0.       0.       0.       0.       0.       0.       0.121034 0.121035 0.       0.       0.       0.273791 0.121034 0.       0.121035],[0. 0. 0. 1. 0. 0. 0. 0. 0. 0. 0. 1. 0. 0. 0. 0. 0. 0. 0. 0. 0. 0. 1. 1. 0. 0. 0. 1. 1. 0. 1.],7.0,1000,100,0.01,0.0015,1,6,idID,,random,single_objective
360,0.20038727315632376,0.4837921309059817,0.004127559615,[0.       0.       0.       0.121035 0.       0.       0.       0.       0.       0.       0.       0.121035 0.       0.       0.       0.       0.       0.       0.       0.       0.       0.       0.121034 0.121035 0.       0.       0.       0.273791 0.121034 0.       0.121035],[0. 0. 0. 1. 0. 0. 0. 0. 0. 0. 0. 1. 0. 0. 0. 0. 0. 0. 0. 0. 0. 0. 1. 1. 0. 0. 0. 1. 1. 0. 1.],7.0,1000,100,0.01,0.0015,1,6,idID,,random,single_objective
361,0.20038727315632376,0.4837921309059817,0.004127559615,[0.       0.       0.       0.121035 0.       0.       0.       0.       0.       0.       0.       0.121035 0.       0.       0.       0.       0.       0.       0.       0.       0.       0.       0.121034 0.121035 0.       0.       0.       0.273791 0.121034 0.       0.121035],[0. 0. 0. 1. 0. 0. 0. 0. 0. 0. 0. 1. 0. 0. 0. 0. 0. 0. 0. 0. 0. 0. 1. 1. 0. 0. 0. 1. 1. 0. 1.],7.0,1000,100,0.01,0.0015,1,6,idID,,random,single_objective
362,0.20038727315632376,0.4837921309059817,0.004127559615,[0.       0.       0.       0.121035 0.       0.       0.       0.       0.       0.       0.       0.121035 0.       0.       0.       0.       0.       0.       0.       0.       0.       0.       0.121034 0.121035 0.       0.       0.       0.273791 0.121034 0.       0.121035],[0. 0. 0. 1. 0. 0. 0. 0. 0. 0. 0. 1. 0. 0. 0. 0. 0. 0. 0. 0. 0. 0. 1. 1. 0. 0. 0. 1. 1. 0. 1.],7.0,1000,100,0.01,0.0015,1,6,idID,,random,single_objective
363,0.20038727315632376,0.4837921309059817,0.004127559615,[0.       0.       0.       0.121035 0.       0.       0.       0.       0.       0.       0.       0.121035 0.       0.       0.       0.       0.       0.       0.       0.       0.       0.       0.121034 0.121035 0.       0.       0.       0.273791 0.121034 0.       0.121035],[0. 0. 0. 1. 0. 0. 0. 0. 0. 0. 0. 1. 0. 0. 0. 0. 0. 0. 0. 0. 0. 0. 1. 1. 0. 0. 0. 1. 1. 0. 1.],7.0,1000,100,0.01,0.0015,1,6,idID,,random,single_objective
364,0.20038727315632376,0.4837921309059817,0.004127559615,[0.       0.       0.       0.121035 0.       0.       0.       0.       0.       0.       0.       0.121035 0.       0.       0.       0.       0.       0.       0.       0.       0.       0.       0.121034 0.121035 0.       0.       0.       0.273791 0.121034 0.       0.121035],[0. 0. 0. 1. 0. 0. 0. 0. 0. 0. 0. 1. 0. 0. 0. 0. 0. 0. 0. 0. 0. 0. 1. 1. 0. 0. 0. 1. 1. 0. 1.],7.0,1000,100,0.01,0.0015,1,6,idID,,random,single_objective
365,0.20038727315632376,0.4837921309059817,0.004127559615,[0.       0.       0.       0.121035 0.       0.       0.       0.       0.       0.       0.       0.121035 0.       0.       0.       0.       0.       0.       0.       0.       0.       0.       0.121034 0.121035 0.       0.       0.       0.273791 0.121034 0.       0.121035],[0. 0. 0. 1. 0. 0. 0. 0. 0. 0. 0. 1. 0. 0. 0. 0. 0. 0. 0. 0. 0. 0. 1. 1. 0. 0. 0. 1. 1. 0. 1.],7.0,1000,100,0.01,0.0015,1,6,idID,,random,single_objective
366,0.20038727315632376,0.4837921309059817,0.004127559615,[0.       0.       0.       0.121035 0.       0.       0.       0.       0.       0.       0.       0.121035 0.       0.       0.       0.       0.       0.       0.       0.       0.       0.       0.121034 0.121035 0.       0.       0.       0.273791 0.121034 0.       0.121035],[0. 0. 0. 1. 0. 0. 0. 0. 0. 0. 0. 1. 0. 0. 0. 0. 0. 0. 0. 0. 0. 0. 1. 1. 0. 0. 0. 1. 1. 0. 1.],7.0,1000,100,0.01,0.0015,1,6,idID,,random,single_objective
367,0.20038727315632376,0.4837921309059817,0.004127559615,[0.       0.       0.       0.121035 0.       0.       0.       0.       0.       0.       0.       0.121035 0.       0.       0.       0.       0.       0.       0.       0.       0.       0.       0.121034 0.121035 0.       0.       0.       0.273791 0.121034 0.       0.121035],[0. 0. 0. 1. 0. 0. 0. 0. 0. 0. 0. 1. 0. 0. 0. 0. 0. 0. 0. 0. 0. 0. 1. 1. 0. 0. 0. 1. 1. 0. 1.],7.0,1000,100,0.01,0.0015,1,6,idID,,random,single_objective
368,0.20038727315632376,0.4837921309059817,0.004127559615,[0.       0.       0.       0.121035 0.       0.       0.       0.       0.       0.       0.       0.121035 0.       0.       0.       0.       0.       0.       0.       0.       0.       0.       0.121034 0.121035 0.       0.       0.       0.273791 0.121034 0.       0.121035],[0. 0. 0. 1. 0. 0. 0. 0. 0. 0. 0. 1. 0. 0. 0. 0. 0. 0. 0. 0. 0. 0. 1. 1. 0. 0. 0. 1. 1. 0. 1.],7.0,1000,100,0.01,0.0015,1,6,idID,,random,single_objective
369,0.20038727315632376,0.4837921309059817,0.004127559615,[0.       0.       0.       0.121035 0.       0.       0.       0.       0.       0.       0.       0.121035 0.       0.       0.       0.       0.       0.       0.       0.       0.       0.       0.121034 0.121035 0.       0.       0.       0.273791 0.121034 0.       0.121035],[0. 0. 0. 1. 0. 0. 0. 0. 0. 0. 0. 1. 0. 0. 0. 0. 0. 0. 0. 0. 0. 0. 1. 1. 0. 0. 0. 1. 1. 0. 1.],7.0,1000,100,0.01,0.0015,1,6,idID,,random,single_objective
370,0.20038727315632376,0.4837921309059817,0.004127559615,[0.       0.       0.       0.121035 0.       0.       0.       0.       0.       0.       0.       0.121035 0.       0.       0.       0.       0.       0.       0.       0.       0.       0.       0.121034 0.121035 0.       0.       0.       0.273791 0.121034 0.       0.121035],[0. 0. 0. 1. 0. 0. 0. 0. 0. 0. 0. 1. 0. 0. 0. 0. 0. 0. 0. 0. 0. 0. 1. 1. 0. 0. 0. 1. 1. 0. 1.],7.0,1000,100,0.01,0.0015,1,6,idID,,random,single_objective
371,0.20038727315632376,0.4837921309059817,0.004127559615,[0.       0.       0.       0.121035 0.       0.       0.       0.       0.       0.       0.       0.121035 0.       0.       0.       0.       0.       0.       0.       0.       0.       0.       0.121034 0.121035 0.       0.       0.       0.273791 0.121034 0.       0.121035],[0. 0. 0. 1. 0. 0. 0. 0. 0. 0. 0. 1. 0. 0. 0. 0. 0. 0. 0. 0. 0. 0. 1. 1. 0. 0. 0. 1. 1. 0. 1.],7.0,1000,100,0.01,0.0015,1,6,idID,,random,single_objective
372,0.20038727315632376,0.4837921309059817,0.004127559615,[0.       0.       0.       0.121035 0.       0.       0.       0.       0.       0.       0.       0.121035 0.       0.       0.       0.       0.       0.       0.       0.       0.       0.       0.121034 0.121035 0.       0.       0.       0.273791 0.121034 0.       0.121035],[0. 0. 0. 1. 0. 0. 0. 0. 0. 0. 0. 1. 0. 0. 0. 0. 0. 0. 0. 0. 0. 0. 1. 1. 0. 0. 0. 1. 1. 0. 1.],7.0,1000,100,0.01,0.0015,1,6,idID,,random,single_objective
373,0.20038727315632376,0.4837921309059817,0.004127559615,[0.       0.       0.       0.121035 0.       0.       0.       0.       0.       0.       0.       0.121035 0.       0.       0.       0.       0.       0.       0.       0.       0.       0.       0.121034 0.121035 0.       0.       0.       0.273791 0.121034 0.       0.121035],[0. 0. 0. 1. 0. 0. 0. 0. 0. 0. 0. 1. 0. 0. 0. 0. 0. 0. 0. 0. 0. 0. 1. 1. 0. 0. 0. 1. 1. 0. 1.],7.0,1000,100,0.01,0.0015,1,6,idID,,random,single_objective
374,0.20038727315632376,0.4837921309059817,0.004127559615,[0.       0.       0.       0.121035 0.       0.       0.       0.       0.       0.       0.       0.121035 0.       0.       0.       0.       0.       0.       0.       0.       0.       0.       0.121034 0.121035 0.       0.       0.       0.273791 0.121034 0.       0.121035],[0. 0. 0. 1. 0. 0. 0. 0. 0. 0. 0. 1. 0. 0. 0. 0. 0. 0. 0. 0. 0. 0. 1. 1. 0. 0. 0. 1. 1. 0. 1.],7.0,1000,100,0.01,0.0015,1,6,idID,,random,single_objective
375,0.20038727315632376,0.4837921309059817,0.004127559615,[0.       0.       0.       0.121035 0.       0.       0.       0.       0.       0.       0.       0.121035 0.       0.       0.       0.       0.       0.       0.       0.       0.       0.       0.121034 0.121035 0.       0.       0.       0.273791 0.121034 0.       0.121035],[0. 0. 0. 1. 0. 0. 0. 0. 0. 0. 0. 1. 0. 0. 0. 0. 0. 0. 0. 0. 0. 0. 1. 1. 0. 0. 0. 1. 1. 0. 1.],7.0,1000,100,0.01,0.0015,1,6,idID,,random,single_objective
376,0.20038727315632376,0.4837921309059817,0.004127559615,[0.       0.       0.       0.121035 0.       0.       0.       0.       0.       0.       0.       0.121035 0.       0.       0.       0.       0.       0.       0.       0.       0.       0.       0.121034 0.121035 0.       0.       0.       0.273791 0.121034 0.       0.121035],[0. 0. 0. 1. 0. 0. 0. 0. 0. 0. 0. 1. 0. 0. 0. 0. 0. 0. 0. 0. 0. 0. 1. 1. 0. 0. 0. 1. 1. 0. 1.],7.0,1000,100,0.01,0.0015,1,6,idID,,random,single_objective
377,0.20038727315632376,0.4837921309059817,0.004127559615,[0.       0.       0.       0.121035 0.       0.       0.       0.       0.       0.       0.       0.121035 0.       0.       0.       0.       0.       0.       0.       0.       0.       0.       0.121034 0.121035 0.       0.       0.       0.273791 0.121034 0.       0.121035],[0. 0. 0. 1. 0. 0. 0. 0. 0. 0. 0. 1. 0. 0. 0. 0. 0. 0. 0. 0. 0. 0. 1. 1. 0. 0. 0. 1. 1. 0. 1.],7.0,1000,100,0.01,0.0015,1,6,idID,,random,single_objective
378,0.20038727315632376,0.4837921309059817,0.004127559615,[0.       0.       0.       0.121035 0.       0.       0.       0.       0.       0.       0.       0.121035 0.       0.       0.       0.       0.       0.       0.       0.       0.       0.       0.121034 0.121035 0.       0.       0.       0.273791 0.121034 0.       0.121035],[0. 0. 0. 1. 0. 0. 0. 0. 0. 0. 0. 1. 0. 0. 0. 0. 0. 0. 0. 0. 0. 0. 1. 1. 0. 0. 0. 1. 1. 0. 1.],7.0,1000,100,0.01,0.0015,1,6,idID,,random,single_objective
379,0.20038727315632376,0.4837921309059817,0.004127559615,[0.       0.       0.       0.121035 0.       0.       0.       0.       0.       0.       0.       0.121035 0.       0.       0.       0.       0.       0.       0.       0.       0.       0.       0.121034 0.121035 0.       0.       0.       0.273791 0.121034 0.       0.121035],[0. 0. 0. 1. 0. 0. 0. 0. 0. 0. 0. 1. 0. 0. 0. 0. 0. 0. 0. 0. 0. 0. 1. 1. 0. 0. 0. 1. 1. 0. 1.],7.0,1000,100,0.01,0.0015,1,6,idID,,random,single_objective
380,0.20038727315632376,0.4837921309059817,0.004127559615,[0.       0.       0.       0.121035 0.       0.       0.       0.       0.       0.       0.       0.121035 0.       0.       0.       0.       0.       0.       0.       0.       0.       0.       0.121034 0.121035 0.       0.       0.       0.273791 0.121034 0.       0.121035],[0. 0. 0. 1. 0. 0. 0. 0. 0. 0. 0. 1. 0. 0. 0. 0. 0. 0. 0. 0. 0. 0. 1. 1. 0. 0. 0. 1. 1. 0. 1.],7.0,1000,100,0.01,0.0015,1,6,idID,,random,single_objective
381,0.20038727315632376,0.4837921309059817,0.004127559615,[0.       0.       0.       0.121035 0.       0.       0.       0.       0.       0.       0.       0.121035 0.       0.       0.       0.       0.       0.       0.       0.       0.       0.       0.121034 0.121035 0.       0.       0.       0.273791 0.121034 0.       0.121035],[0. 0. 0. 1. 0. 0. 0. 0. 0. 0. 0. 1. 0. 0. 0. 0. 0. 0. 0. 0. 0. 0. 1. 1. 0. 0. 0. 1. 1. 0. 1.],7.0,1000,100,0.01,0.0015,1,6,idID,,random,single_objective
382,0.20038727315632376,0.4837921309059817,0.004127559615,[0.       0.       0.       0.121035 0.       0.       0.       0.       0.       0.       0.       0.121035 0.       0.       0.       0.       0.       0.       0.       0.       0.       0.       0.121034 0.121035 0.       0.       0.       0.273791 0.121034 0.       0.121035],[0. 0. 0. 1. 0. 0. 0. 0. 0. 0. 0. 1. 0. 0. 0. 0. 0. 0. 0. 0. 0. 0. 1. 1. 0. 0. 0. 1. 1. 0. 1.],7.0,1000,100,0.01,0.0015,1,6,idID,,random,single_objective
383,0.20038727315632376,0.4837921309059817,0.004127559615,[0.       0.       0.       0.121035 0.       0.       0.       0.       0.       0.       0.       0.121035 0.       0.       0.       0.       0.       0.       0.       0.       0.       0.       0.121034 0.121035 0.       0.       0.       0.273791 0.121034 0.       0.121035],[0. 0. 0. 1. 0. 0. 0. 0. 0. 0. 0. 1. 0. 0. 0. 0. 0. 0. 0. 0. 0. 0. 1. 1. 0. 0. 0. 1. 1. 0. 1.],7.0,1000,100,0.01,0.0015,1,6,idID,,random,single_objective
384,0.20038727315632376,0.4837921309059817,0.004127559615,[0.       0.       0.       0.121035 0.       0.       0.       0.       0.       0.       0.       0.121035 0.       0.       0.       0.       0.       0.       0.       0.       0.       0.       0.121034 0.121035 0.       0.       0.       0.273791 0.121034 0.       0.121035],[0. 0. 0. 1. 0. 0. 0. 0. 0. 0. 0. 1. 0. 0. 0. 0. 0. 0. 0. 0. 0. 0. 1. 1. 0. 0. 0. 1. 1. 0. 1.],7.0,1000,100,0.01,0.0015,1,6,idID,,random,single_objective
385,0.20038727315632376,0.4837921309059817,0.004127559615,[0.       0.       0.       0.121035 0.       0.       0.       0.       0.       0.       0.       0.121035 0.       0.       0.       0.       0.       0.       0.       0.       0.       0.       0.121034 0.121035 0.       0.       0.       0.273791 0.121034 0.       0.121035],[0. 0. 0. 1. 0. 0. 0. 0. 0. 0. 0. 1. 0. 0. 0. 0. 0. 0. 0. 0. 0. 0. 1. 1. 0. 0. 0. 1. 1. 0. 1.],7.0,1000,100,0.01,0.0015,1,6,idID,,random,single_objective
386,0.20038727315632376,0.4837921309059817,0.004127559615,[0.       0.       0.       0.121035 0.       0.       0.       0.       0.       0.       0.       0.121035 0.       0.       0.       0.       0.       0.       0.       0.       0.       0.       0.121034 0.121035 0.       0.       0.       0.273791 0.121034 0.       0.121035],[0. 0. 0. 1. 0. 0. 0. 0. 0. 0. 0. 1. 0. 0. 0. 0. 0. 0. 0. 0. 0. 0. 1. 1. 0. 0. 0. 1. 1. 0. 1.],7.0,1000,100,0.01,0.0015,1,6,idID,,random,single_objective
387,0.20038727315632376,0.4837921309059817,0.004127559615,[0.       0.       0.       0.121035 0.       0.       0.       0.       0.       0.       0.       0.121035 0.       0.       0.       0.       0.       0.       0.       0.       0.       0.       0.121034 0.121035 0.       0.       0.       0.273791 0.121034 0.       0.121035],[0. 0. 0. 1. 0. 0. 0. 0. 0. 0. 0. 1. 0. 0. 0. 0. 0. 0. 0. 0. 0. 0. 1. 1. 0. 0. 0. 1. 1. 0. 1.],7.0,1000,100,0.01,0.0015,1,6,idID,,random,single_objective
388,0.20038727315632376,0.4837921309059817,0.004127559615,[0.       0.       0.       0.121035 0.       0.       0.       0.       0.       0.       0.       0.121035 0.       0.       0.       0.       0.       0.       0.       0.       0.       0.       0.121034 0.121035 0.       0.       0.       0.273791 0.121034 0.       0.121035],[0. 0. 0. 1. 0. 0. 0. 0. 0. 0. 0. 1. 0. 0. 0. 0. 0. 0. 0. 0. 0. 0. 1. 1. 0. 0. 0. 1. 1. 0. 1.],7.0,1000,100,0.01,0.0015,1,6,idID,,random,single_objective
389,0.20038727315632376,0.4837921309059817,0.004127559615,[0.       0.       0.       0.121035 0.       0.       0.       0.       0.       0.       0.       0.121035 0.       0.       0.       0.       0.       0.       0.       0.       0.       0.       0.121034 0.121035 0.       0.       0.       0.273791 0.121034 0.       0.121035],[0. 0. 0. 1. 0. 0. 0. 0. 0. 0. 0. 1. 0. 0. 0. 0. 0. 0. 0. 0. 0. 0. 1. 1. 0. 0. 0. 1. 1. 0. 1.],7.0,1000,100,0.01,0.0015,1,6,idID,,random,single_objective
390,0.20038727315632376,0.4837921309059817,0.004127559615,[0.       0.       0.       0.121035 0.       0.       0.       0.       0.       0.       0.       0.121035 0.       0.       0.       0.       0.       0.       0.       0.       0.       0.       0.121034 0.121035 0.       0.       0.       0.273791 0.121034 0.       0.121035],[0. 0. 0. 1. 0. 0. 0. 0. 0. 0. 0. 1. 0. 0. 0. 0. 0. 0. 0. 0. 0. 0. 1. 1. 0. 0. 0. 1. 1. 0. 1.],7.0,1000,100,0.01,0.0015,1,6,idID,,random,single_objective
391,0.20038727315632376,0.4837921309059817,0.004127559615,[0.       0.       0.       0.121035 0.       0.       0.       0.       0.       0.       0.       0.121035 0.       0.       0.       0.       0.       0.       0.       0.       0.       0.       0.121034 0.121035 0.       0.       0.       0.273791 0.121034 0.       0.121035],[0. 0. 0. 1. 0. 0. 0. 0. 0. 0. 0. 1. 0. 0. 0. 0. 0. 0. 0. 0. 0. 0. 1. 1. 0. 0. 0. 1. 1. 0. 1.],7.0,1000,100,0.01,0.0015,1,6,idID,,random,single_objective
392,0.20038727315632376,0.4837921309059817,0.004127559615,[0.       0.       0.       0.121035 0.       0.       0.       0.       0.       0.       0.       0.121035 0.       0.       0.       0.       0.       0.       0.       0.       0.       0.       0.121034 0.121035 0.       0.       0.       0.273791 0.121034 0.       0.121035],[0. 0. 0. 1. 0. 0. 0. 0. 0. 0. 0. 1. 0. 0. 0. 0. 0. 0. 0. 0. 0. 0. 1. 1. 0. 0. 0. 1. 1. 0. 1.],7.0,1000,100,0.01,0.0015,1,6,idID,,random,single_objective
393,0.20038727315632376,0.4837921309059817,0.004127559615,[0.       0.       0.       0.121035 0.       0.       0.       0.       0.       0.       0.       0.121035 0.       0.       0.       0.       0.       0.       0.       0.       0.       0.       0.121034 0.121035 0.       0.       0.       0.273791 0.121034 0.       0.121035],[0. 0. 0. 1. 0. 0. 0. 0. 0. 0. 0. 1. 0. 0. 0. 0. 0. 0. 0. 0. 0. 0. 1. 1. 0. 0. 0. 1. 1. 0. 1.],7.0,1000,100,0.01,0.0015,1,6,idID,,random,single_objective
394,0.20038727315632376,0.4837921309059817,0.004127559615,[0.       0.       0.       0.121035 0.       0.       0.       0.       0.       0.       0.       0.121035 0.       0.       0.       0.       0.       0.       0.       0.       0.       0.       0.121034 0.121035 0.       0.       0.       0.273791 0.121034 0.       0.121035],[0. 0. 0. 1. 0. 0. 0. 0. 0. 0. 0. 1. 0. 0. 0. 0. 0. 0. 0. 0. 0. 0. 1. 1. 0. 0. 0. 1. 1. 0. 1.],7.0,1000,100,0.01,0.0015,1,6,idID,,random,single_objective
395,0.20038727315632376,0.4837921309059817,0.004127559615,[0.       0.       0.       0.121035 0.       0.       0.       0.       0.       0.       0.       0.121035 0.       0.       0.       0.       0.       0.       0.       0.       0.       0.       0.121034 0.121035 0.       0.       0.       0.273791 0.121034 0.       0.121035],[0. 0. 0. 1. 0. 0. 0. 0. 0. 0. 0. 1. 0. 0. 0. 0. 0. 0. 0. 0. 0. 0. 1. 1. 0. 0. 0. 1. 1. 0. 1.],7.0,1000,100,0.01,0.0015,1,6,idID,,random,single_objective
396,0.20038727315632376,0.4837921309059817,0.004127559615,[0.       0.       0.       0.121035 0.       0.       0.       0.       0.       0.       0.       0.121035 0.       0.       0.       0.       0.       0.       0.       0.       0.       0.       0.121034 0.121035 0.       0.       0.       0.273791 0.121034 0.       0.121035],[0. 0. 0. 1. 0. 0. 0. 0. 0. 0. 0. 1. 0. 0. 0. 0. 0. 0. 0. 0. 0. 0. 1. 1. 0. 0. 0. 1. 1. 0. 1.],7.0,1000,100,0.01,0.0015,1,6,idID,,random,single_objective
397,0.20038727315632376,0.4837921309059817,0.004127559615,[0.       0.       0.       0.121035 0.       0.       0.       0.       0.       0.       0.       0.121035 0.       0.       0.       0.       0.       0.       0.       0.       0.       0.       0.121034 0.121035 0.       0.       0.       0.273791 0.121034 0.       0.121035],[0. 0. 0. 1. 0. 0. 0. 0. 0. 0. 0. 1. 0. 0. 0. 0. 0. 0. 0. 0. 0. 0. 1. 1. 0. 0. 0. 1. 1. 0. 1.],7.0,1000,100,0.01,0.0015,1,6,idID,,random,single_objective
398,0.20038727315632376,0.4837921309059817,0.004127559615,[0.       0.       0.       0.121035 0.       0.       0.       0.       0.       0.       0.       0.121035 0.       0.       0.       0.       0.       0.       0.       0.       0.       0.       0.121034 0.121035 0.       0.       0.       0.273791 0.121034 0.       0.121035],[0. 0. 0. 1. 0. 0. 0. 0. 0. 0. 0. 1. 0. 0. 0. 0. 0. 0. 0. 0. 0. 0. 1. 1. 0. 0. 0. 1. 1. 0. 1.],7.0,1000,100,0.01,0.0015,1,6,idID,,random,single_objective
399,0.20038727315632376,0.4837921309059817,0.004127559615,[0.       0.       0.       0.121035 0.       0.       0.       0.       0.       0.       0.       0.121035 0.       0.       0.       0.       0.       0.       0.       0.       0.       0.       0.121034 0.121035 0.       0.       0.       0.273791 0.121034 0.       0.121035],[0. 0. 0. 1. 0. 0. 0. 0. 0. 0. 0. 1. 0. 0. 0. 0. 0. 0. 0. 0. 0. 0. 1. 1. 0. 0. 0. 1. 1. 0. 1.],7.0,1000,100,0.01,0.0015,1,6,idID,,random,single_objective
400,0.20038727315632376,0.4837921309059817,0.004127559615,[0.       0.       0.       0.121035 0.       0.       0.       0.       0.       0.       0.       0.121035 0.       0.       0.       0.       0.       0.       0.       0.       0.       0.       0.121034 0.121035 0.       0.       0.       0.273791 0.121034 0.       0.121035],[0. 0. 0. 1. 0. 0. 0. 0. 0. 0. 0. 1. 0. 0. 0. 0. 0. 0. 0. 0. 0. 0. 1. 1. 0. 0. 0. 1. 1. 0. 1.],7.0,1000,100,0.01,0.0015,1,6,idID,,random,single_objective
401,0.20038727315632376,0.4837921309059817,0.004127559615,[0.       0.       0.       0.121035 0.       0.       0.       0.       0.       0.       0.       0.121035 0.       0.       0.       0.       0.       0.       0.       0.       0.       0.       0.121034 0.121035 0.       0.       0.       0.273791 0.121034 0.       0.121035],[0. 0. 0. 1. 0. 0. 0. 0. 0. 0. 0. 1. 0. 0. 0. 0. 0. 0. 0. 0. 0. 0. 1. 1. 0. 0. 0. 1. 1. 0. 1.],7.0,1000,100,0.01,0.0015,1,6,idID,,random,single_objective
402,0.20038727315632376,0.4837921309059817,0.004127559615,[0.       0.       0.       0.121035 0.       0.       0.       0.       0.       0.       0.       0.121035 0.       0.       0.       0.       0.       0.       0.       0.       0.       0.       0.121034 0.121035 0.       0.       0.       0.273791 0.121034 0.       0.121035],[0. 0. 0. 1. 0. 0. 0. 0. 0. 0. 0. 1. 0. 0. 0. 0. 0. 0. 0. 0. 0. 0. 1. 1. 0. 0. 0. 1. 1. 0. 1.],7.0,1000,100,0.01,0.0015,1,6,idID,,random,single_objective
403,0.20038727315632376,0.4837921309059817,0.004127559615,[0.       0.       0.       0.121035 0.       0.       0.       0.       0.       0.       0.       0.121035 0.       0.       0.       0.       0.       0.       0.       0.       0.       0.       0.121034 0.121035 0.       0.       0.       0.273791 0.121034 0.       0.121035],[0. 0. 0. 1. 0. 0. 0. 0. 0. 0. 0. 1. 0. 0. 0. 0. 0. 0. 0. 0. 0. 0. 1. 1. 0. 0. 0. 1. 1. 0. 1.],7.0,1000,100,0.01,0.0015,1,6,idID,,random,single_objective
404,0.20038727315632376,0.4837921309059817,0.004127559615,[0.       0.       0.       0.121035 0.       0.       0.       0.       0.       0.       0.       0.121035 0.       0.       0.       0.       0.       0.       0.       0.       0.       0.       0.121034 0.121035 0.       0.       0.       0.273791 0.121034 0.       0.121035],[0. 0. 0. 1. 0. 0. 0. 0. 0. 0. 0. 1. 0. 0. 0. 0. 0. 0. 0. 0. 0. 0. 1. 1. 0. 0. 0. 1. 1. 0. 1.],7.0,1000,100,0.01,0.0015,1,6,idID,,random,single_objective
405,0.20038727315632376,0.4837921309059817,0.004127559615,[0.       0.       0.       0.121035 0.       0.       0.       0.       0.       0.       0.       0.121035 0.       0.       0.       0.       0.       0.       0.       0.       0.       0.       0.121034 0.121035 0.       0.       0.       0.273791 0.121034 0.       0.121035],[0. 0. 0. 1. 0. 0. 0. 0. 0. 0. 0. 1. 0. 0. 0. 0. 0. 0. 0. 0. 0. 0. 1. 1. 0. 0. 0. 1. 1. 0. 1.],7.0,1000,100,0.01,0.0015,1,6,idID,,random,single_objective
406,0.20038727315632376,0.4837921309059817,0.004127559615,[0.       0.       0.       0.121035 0.       0.       0.       0.       0.       0.       0.       0.121035 0.       0.       0.       0.       0.       0.       0.       0.       0.       0.       0.121034 0.121035 0.       0.       0.       0.273791 0.121034 0.       0.121035],[0. 0. 0. 1. 0. 0. 0. 0. 0. 0. 0. 1. 0. 0. 0. 0. 0. 0. 0. 0. 0. 0. 1. 1. 0. 0. 0. 1. 1. 0. 1.],7.0,1000,100,0.01,0.0015,1,6,idID,,random,single_objective
407,0.20038727315632376,0.4837921309059817,0.004127559615,[0.       0.       0.       0.121035 0.       0.       0.       0.       0.       0.       0.       0.121035 0.       0.       0.       0.       0.       0.       0.       0.       0.       0.       0.121034 0.121035 0.       0.       0.       0.273791 0.121034 0.       0.121035],[0. 0. 0. 1. 0. 0. 0. 0. 0. 0. 0. 1. 0. 0. 0. 0. 0. 0. 0. 0. 0. 0. 1. 1. 0. 0. 0. 1. 1. 0. 1.],7.0,1000,100,0.01,0.0015,1,6,idID,,random,single_objective
408,0.20038727315632376,0.4837921309059817,0.004127559615,[0.       0.       0.       0.121035 0.       0.       0.       0.       0.       0.       0.       0.121035 0.       0.       0.       0.       0.       0.       0.       0.       0.       0.       0.121034 0.121035 0.       0.       0.       0.273791 0.121034 0.       0.121035],[0. 0. 0. 1. 0. 0. 0. 0. 0. 0. 0. 1. 0. 0. 0. 0. 0. 0. 0. 0. 0. 0. 1. 1. 0. 0. 0. 1. 1. 0. 1.],7.0,1000,100,0.01,0.0015,1,6,idID,,random,single_objective
409,0.20038727315632376,0.4837921309059817,0.004127559615,[0.       0.       0.       0.121035 0.       0.       0.       0.       0.       0.       0.       0.121035 0.       0.       0.       0.       0.       0.       0.       0.       0.       0.       0.121034 0.121035 0.       0.       0.       0.273791 0.121034 0.       0.121035],[0. 0. 0. 1. 0. 0. 0. 0. 0. 0. 0. 1. 0. 0. 0. 0. 0. 0. 0. 0. 0. 0. 1. 1. 0. 0. 0. 1. 1. 0. 1.],7.0,1000,100,0.01,0.0015,1,6,idID,,random,single_objective
410,0.20038727315632376,0.4837921309059817,0.004127559615,[0.       0.       0.       0.121035 0.       0.       0.       0.       0.       0.       0.       0.121035 0.       0.       0.       0.       0.       0.       0.       0.       0.       0.       0.121034 0.121035 0.       0.       0.       0.273791 0.121034 0.       0.121035],[0. 0. 0. 1. 0. 0. 0. 0. 0. 0. 0. 1. 0. 0. 0. 0. 0. 0. 0. 0. 0. 0. 1. 1. 0. 0. 0. 1. 1. 0. 1.],7.0,1000,100,0.01,0.0015,1,6,idID,,random,single_objective
411,0.20038727315632376,0.4837921309059817,0.004127559615,[0.       0.       0.       0.121035 0.       0.       0.       0.       0.       0.       0.       0.121035 0.       0.       0.       0.       0.       0.       0.       0.       0.       0.       0.121034 0.121035 0.       0.       0.       0.273791 0.121034 0.       0.121035],[0. 0. 0. 1. 0. 0. 0. 0. 0. 0. 0. 1. 0. 0. 0. 0. 0. 0. 0. 0. 0. 0. 1. 1. 0. 0. 0. 1. 1. 0. 1.],7.0,1000,100,0.01,0.0015,1,6,idID,,random,single_objective
412,0.20038727315632376,0.4837921309059817,0.004127559615,[0.       0.       0.       0.121035 0.       0.       0.       0.       0.       0.       0.       0.121035 0.       0.       0.       0.       0.       0.       0.       0.       0.       0.       0.121034 0.121035 0.       0.       0.       0.273791 0.121034 0.       0.121035],[0. 0. 0. 1. 0. 0. 0. 0. 0. 0. 0. 1. 0. 0. 0. 0. 0. 0. 0. 0. 0. 0. 1. 1. 0. 0. 0. 1. 1. 0. 1.],7.0,1000,100,0.01,0.0015,1,6,idID,,random,single_objective
413,0.20038727315632376,0.4837921309059817,0.004127559615,[0.       0.       0.       0.121035 0.       0.       0.       0.       0.       0.       0.       0.121035 0.       0.       0.       0.       0.       0.       0.       0.       0.       0.       0.121034 0.121035 0.       0.       0.       0.273791 0.121034 0.       0.121035],[0. 0. 0. 1. 0. 0. 0. 0. 0. 0. 0. 1. 0. 0. 0. 0. 0. 0. 0. 0. 0. 0. 1. 1. 0. 0. 0. 1. 1. 0. 1.],7.0,1000,100,0.01,0.0015,1,6,idID,,random,single_objective
414,0.20038727315632376,0.4837921309059817,0.004127559615,[0.       0.       0.       0.121035 0.       0.       0.       0.       0.       0.       0.       0.121035 0.       0.       0.       0.       0.       0.       0.       0.       0.       0.       0.121034 0.121035 0.       0.       0.       0.273791 0.121034 0.       0.121035],[0. 0. 0. 1. 0. 0. 0. 0. 0. 0. 0. 1. 0. 0. 0. 0. 0. 0. 0. 0. 0. 0. 1. 1. 0. 0. 0. 1. 1. 0. 1.],7.0,1000,100,0.01,0.0015,1,6,idID,,random,single_objective
415,0.20038727315632376,0.4837921309059817,0.004127559615,[0.       0.       0.       0.121035 0.       0.       0.       0.       0.       0.       0.       0.121035 0.       0.       0.       0.       0.       0.       0.       0.       0.       0.       0.121034 0.121035 0.       0.       0.       0.273791 0.121034 0.       0.121035],[0. 0. 0. 1. 0. 0. 0. 0. 0. 0. 0. 1. 0. 0. 0. 0. 0. 0. 0. 0. 0. 0. 1. 1. 0. 0. 0. 1. 1. 0. 1.],7.0,1000,100,0.01,0.0015,1,6,idID,,random,single_objective
416,0.20038727315632376,0.4837921309059817,0.004127559615,[0.       0.       0.       0.121035 0.       0.       0.       0.       0.       0.       0.       0.121035 0.       0.       0.       0.       0.       0.       0.       0.       0.       0.       0.121034 0.121035 0.       0.       0.       0.273791 0.121034 0.       0.121035],[0. 0. 0. 1. 0. 0. 0. 0. 0. 0. 0. 1. 0. 0. 0. 0. 0. 0. 0. 0. 0. 0. 1. 1. 0. 0. 0. 1. 1. 0. 1.],7.0,1000,100,0.01,0.0015,1,6,idID,,random,single_objective
417,0.20038727315632376,0.4837921309059817,0.004127559615,[0.       0.       0.       0.121035 0.       0.       0.       0.       0.       0.       0.       0.121035 0.       0.       0.       0.       0.       0.       0.       0.       0.       0.       0.121034 0.121035 0.       0.       0.       0.273791 0.121034 0.       0.121035],[0. 0. 0. 1. 0. 0. 0. 0. 0. 0. 0. 1. 0. 0. 0. 0. 0. 0. 0. 0. 0. 0. 1. 1. 0. 0. 0. 1. 1. 0. 1.],7.0,1000,100,0.01,0.0015,1,6,idID,,random,single_objective
418,0.20038727315632376,0.4837921309059817,0.004127559615,[0.       0.       0.       0.121035 0.       0.       0.       0.       0.       0.       0.       0.121035 0.       0.       0.       0.       0.       0.       0.       0.       0.       0.       0.121034 0.121035 0.       0.       0.       0.273791 0.121034 0.       0.121035],[0. 0. 0. 1. 0. 0. 0. 0. 0. 0. 0. 1. 0. 0. 0. 0. 0. 0. 0. 0. 0. 0. 1. 1. 0. 0. 0. 1. 1. 0. 1.],7.0,1000,100,0.01,0.0015,1,6,idID,,random,single_objective
419,0.20038727315632376,0.4837921309059817,0.004127559615,[0.       0.       0.       0.121035 0.       0.       0.       0.       0.       0.       0.       0.121035 0.       0.       0.       0.       0.       0.       0.       0.       0.       0.       0.121034 0.121035 0.       0.       0.       0.273791 0.121034 0.       0.121035],[0. 0. 0. 1. 0. 0. 0. 0. 0. 0. 0. 1. 0. 0. 0. 0. 0. 0. 0. 0. 0. 0. 1. 1. 0. 0. 0. 1. 1. 0. 1.],7.0,1000,100,0.01,0.0015,1,6,idID,,random,single_objective
420,0.20038727315632376,0.4837921309059817,0.004127559615,[0.       0.       0.       0.121035 0.       0.       0.       0.       0.       0.       0.       0.121035 0.       0.       0.       0.       0.       0.       0.       0.       0.       0.       0.121034 0.121035 0.       0.       0.       0.273791 0.121034 0.       0.121035],[0. 0. 0. 1. 0. 0. 0. 0. 0. 0. 0. 1. 0. 0. 0. 0. 0. 0. 0. 0. 0. 0. 1. 1. 0. 0. 0. 1. 1. 0. 1.],7.0,1000,100,0.01,0.0015,1,6,idID,,random,single_objective
421,0.20038727315632376,0.4837921309059817,0.004127559615,[0.       0.       0.       0.121035 0.       0.       0.       0.       0.       0.       0.       0.121035 0.       0.       0.       0.       0.       0.       0.       0.       0.       0.       0.121034 0.121035 0.       0.       0.       0.273791 0.121034 0.       0.121035],[0. 0. 0. 1. 0. 0. 0. 0. 0. 0. 0. 1. 0. 0. 0. 0. 0. 0. 0. 0. 0. 0. 1. 1. 0. 0. 0. 1. 1. 0. 1.],7.0,1000,100,0.01,0.0015,1,6,idID,,random,single_objective
422,0.20038727315632376,0.4837921309059817,0.004127559615,[0.       0.       0.       0.121035 0.       0.       0.       0.       0.       0.       0.       0.121035 0.       0.       0.       0.       0.       0.       0.       0.       0.       0.       0.121034 0.121035 0.       0.       0.       0.273791 0.121034 0.       0.121035],[0. 0. 0. 1. 0. 0. 0. 0. 0. 0. 0. 1. 0. 0. 0. 0. 0. 0. 0. 0. 0. 0. 1. 1. 0. 0. 0. 1. 1. 0. 1.],7.0,1000,100,0.01,0.0015,1,6,idID,,random,single_objective
423,0.20038727315632376,0.4837921309059817,0.004127559615,[0.       0.       0.       0.121035 0.       0.       0.       0.       0.       0.       0.       0.121035 0.       0.       0.       0.       0.       0.       0.       0.       0.       0.       0.121034 0.121035 0.       0.       0.       0.273791 0.121034 0.       0.121035],[0. 0. 0. 1. 0. 0. 0. 0. 0. 0. 0. 1. 0. 0. 0. 0. 0. 0. 0. 0. 0. 0. 1. 1. 0. 0. 0. 1. 1. 0. 1.],7.0,1000,100,0.01,0.0015,1,6,idID,,random,single_objective
424,0.20038727315632376,0.4837921309059817,0.004127559615,[0.       0.       0.       0.121035 0.       0.       0.       0.       0.       0.       0.       0.121035 0.       0.       0.       0.       0.       0.       0.       0.       0.       0.       0.121034 0.121035 0.       0.       0.       0.273791 0.121034 0.       0.121035],[0. 0. 0. 1. 0. 0. 0. 0. 0. 0. 0. 1. 0. 0. 0. 0. 0. 0. 0. 0. 0. 0. 1. 1. 0. 0. 0. 1. 1. 0. 1.],7.0,1000,100,0.01,0.0015,1,6,idID,,random,single_objective
425,0.20038727315632376,0.4837921309059817,0.004127559615,[0.       0.       0.       0.121035 0.       0.       0.       0.       0.       0.       0.       0.121035 0.       0.       0.       0.       0.       0.       0.       0.       0.       0.       0.121034 0.121035 0.       0.       0.       0.273791 0.121034 0.       0.121035],[0. 0. 0. 1. 0. 0. 0. 0. 0. 0. 0. 1. 0. 0. 0. 0. 0. 0. 0. 0. 0. 0. 1. 1. 0. 0. 0. 1. 1. 0. 1.],7.0,1000,100,0.01,0.0015,1,6,idID,,random,single_objective
426,0.20038727315632376,0.4837921309059817,0.004127559615,[0.       0.       0.       0.121035 0.       0.       0.       0.       0.       0.       0.       0.121035 0.       0.       0.       0.       0.       0.       0.       0.       0.       0.       0.121034 0.121035 0.       0.       0.       0.273791 0.121034 0.       0.121035],[0. 0. 0. 1. 0. 0. 0. 0. 0. 0. 0. 1. 0. 0. 0. 0. 0. 0. 0. 0. 0. 0. 1. 1. 0. 0. 0. 1. 1. 0. 1.],7.0,1000,100,0.01,0.0015,1,6,idID,,random,single_objective
427,0.20038727315632376,0.4837921309059817,0.004127559615,[0.       0.       0.       0.121035 0.       0.       0.       0.       0.       0.       0.       0.121035 0.       0.       0.       0.       0.       0.       0.       0.       0.       0.       0.121034 0.121035 0.       0.       0.       0.273791 0.121034 0.       0.121035],[0. 0. 0. 1. 0. 0. 0. 0. 0. 0. 0. 1. 0. 0. 0. 0. 0. 0. 0. 0. 0. 0. 1. 1. 0. 0. 0. 1. 1. 0. 1.],7.0,1000,100,0.01,0.0015,1,6,idID,,random,single_objective
428,0.20038727315632376,0.4837921309059817,0.004127559615,[0.       0.       0.       0.121035 0.       0.       0.       0.       0.       0.       0.       0.121035 0.       0.       0.       0.       0.       0.       0.       0.       0.       0.       0.121034 0.121035 0.       0.       0.       0.273791 0.121034 0.       0.121035],[0. 0. 0. 1. 0. 0. 0. 0. 0. 0. 0. 1. 0. 0. 0. 0. 0. 0. 0. 0. 0. 0. 1. 1. 0. 0. 0. 1. 1. 0. 1.],7.0,1000,100,0.01,0.0015,1,6,idID,,random,single_objective
429,0.20038727315632376,0.4837921309059817,0.004127559615,[0.       0.       0.       0.121035 0.       0.       0.       0.       0.       0.       0.       0.121035 0.       0.       0.       0.       0.       0.       0.       0.       0.       0.       0.121034 0.121035 0.       0.       0.       0.273791 0.121034 0.       0.121035],[0. 0. 0. 1. 0. 0. 0. 0. 0. 0. 0. 1. 0. 0. 0. 0. 0. 0. 0. 0. 0. 0. 1. 1. 0. 0. 0. 1. 1. 0. 1.],7.0,1000,100,0.01,0.0015,1,6,idID,,random,single_objective
430,0.20038727315632376,0.4837921309059817,0.004127559615,[0.       0.       0.       0.121035 0.       0.       0.       0.       0.       0.       0.       0.121035 0.       0.       0.       0.       0.       0.       0.       0.       0.       0.       0.121034 0.121035 0.       0.       0.       0.273791 0.121034 0.       0.121035],[0. 0. 0. 1. 0. 0. 0. 0. 0. 0. 0. 1. 0. 0. 0. 0. 0. 0. 0. 0. 0. 0. 1. 1. 0. 0. 0. 1. 1. 0. 1.],7.0,1000,100,0.01,0.0015,1,6,idID,,random,single_objective
431,0.20038727315632376,0.4837921309059817,0.004127559615,[0.       0.       0.       0.121035 0.       0.       0.       0.       0.       0.       0.       0.121035 0.       0.       0.       0.       0.       0.       0.       0.       0.       0.       0.121034 0.121035 0.       0.       0.       0.273791 0.121034 0.       0.121035],[0. 0. 0. 1. 0. 0. 0. 0. 0. 0. 0. 1. 0. 0. 0. 0. 0. 0. 0. 0. 0. 0. 1. 1. 0. 0. 0. 1. 1. 0. 1.],7.0,1000,100,0.01,0.0015,1,6,idID,,random,single_objective
432,0.20038727315632376,0.4837921309059817,0.004127559615,[0.       0.       0.       0.121035 0.       0.       0.       0.       0.       0.       0.       0.121035 0.       0.       0.       0.       0.       0.       0.       0.       0.       0.       0.121034 0.121035 0.       0.       0.       0.273791 0.121034 0.       0.121035],[0. 0. 0. 1. 0. 0. 0. 0. 0. 0. 0. 1. 0. 0. 0. 0. 0. 0. 0. 0. 0. 0. 1. 1. 0. 0. 0. 1. 1. 0. 1.],7.0,1000,100,0.01,0.0015,1,6,idID,,random,single_objective
433,0.20038727315632376,0.4837921309059817,0.004127559615,[0.       0.       0.       0.121035 0.       0.       0.       0.       0.       0.       0.       0.121035 0.       0.       0.       0.       0.       0.       0.       0.       0.       0.       0.121034 0.121035 0.       0.       0.       0.273791 0.121034 0.       0.121035],[0. 0. 0. 1. 0. 0. 0. 0. 0. 0. 0. 1. 0. 0. 0. 0. 0. 0. 0. 0. 0. 0. 1. 1. 0. 0. 0. 1. 1. 0. 1.],7.0,1000,100,0.01,0.0015,1,6,idID,,random,single_objective
434,0.20038727315632376,0.4837921309059817,0.004127559615,[0.       0.       0.       0.121035 0.       0.       0.       0.       0.       0.       0.       0.121035 0.       0.       0.       0.       0.       0.       0.       0.       0.       0.       0.121034 0.121035 0.       0.       0.       0.273791 0.121034 0.       0.121035],[0. 0. 0. 1. 0. 0. 0. 0. 0. 0. 0. 1. 0. 0. 0. 0. 0. 0. 0. 0. 0. 0. 1. 1. 0. 0. 0. 1. 1. 0. 1.],7.0,1000,100,0.01,0.0015,1,6,idID,,random,single_objective
435,0.20038727315632376,0.4837921309059817,0.004127559615,[0.       0.       0.       0.121035 0.       0.       0.       0.       0.       0.       0.       0.121035 0.       0.       0.       0.       0.       0.       0.       0.       0.       0.       0.121034 0.121035 0.       0.       0.       0.273791 0.121034 0.       0.121035],[0. 0. 0. 1. 0. 0. 0. 0. 0. 0. 0. 1. 0. 0. 0. 0. 0. 0. 0. 0. 0. 0. 1. 1. 0. 0. 0. 1. 1. 0. 1.],7.0,1000,100,0.01,0.0015,1,6,idID,,random,single_objective
436,0.20038727315632376,0.4837921309059817,0.004127559615,[0.       0.       0.       0.121035 0.       0.       0.       0.       0.       0.       0.       0.121035 0.       0.       0.       0.       0.       0.       0.       0.       0.       0.       0.121034 0.121035 0.       0.       0.       0.273791 0.121034 0.       0.121035],[0. 0. 0. 1. 0. 0. 0. 0. 0. 0. 0. 1. 0. 0. 0. 0. 0. 0. 0. 0. 0. 0. 1. 1. 0. 0. 0. 1. 1. 0. 1.],7.0,1000,100,0.01,0.0015,1,6,idID,,random,single_objective
437,0.20038727315632376,0.4837921309059817,0.004127559615,[0.       0.       0.       0.121035 0.       0.       0.       0.       0.       0.       0.       0.121035 0.       0.       0.       0.       0.       0.       0.       0.       0.       0.       0.121034 0.121035 0.       0.       0.       0.273791 0.121034 0.       0.121035],[0. 0. 0. 1. 0. 0. 0. 0. 0. 0. 0. 1. 0. 0. 0. 0. 0. 0. 0. 0. 0. 0. 1. 1. 0. 0. 0. 1. 1. 0. 1.],7.0,1000,100,0.01,0.0015,1,6,idID,,random,single_objective
438,0.20038727315632376,0.4837921309059817,0.004127559615,[0.       0.       0.       0.121035 0.       0.       0.       0.       0.       0.       0.       0.121035 0.       0.       0.       0.       0.       0.       0.       0.       0.       0.       0.121034 0.121035 0.       0.       0.       0.273791 0.121034 0.       0.121035],[0. 0. 0. 1. 0. 0. 0. 0. 0. 0. 0. 1. 0. 0. 0. 0. 0. 0. 0. 0. 0. 0. 1. 1. 0. 0. 0. 1. 1. 0. 1.],7.0,1000,100,0.01,0.0015,1,6,idID,,random,single_objective
439,0.20038727315632376,0.4837921309059817,0.004127559615,[0.       0.       0.       0.121035 0.       0.       0.       0.       0.       0.       0.       0.121035 0.       0.       0.       0.       0.       0.       0.       0.       0.       0.       0.121034 0.121035 0.       0.       0.       0.273791 0.121034 0.       0.121035],[0. 0. 0. 1. 0. 0. 0. 0. 0. 0. 0. 1. 0. 0. 0. 0. 0. 0. 0. 0. 0. 0. 1. 1. 0. 0. 0. 1. 1. 0. 1.],7.0,1000,100,0.01,0.0015,1,6,idID,,random,single_objective
440,0.20038727315632376,0.4837921309059817,0.004127559615,[0.       0.       0.       0.121035 0.       0.       0.       0.       0.       0.       0.       0.121035 0.       0.       0.       0.       0.       0.       0.       0.       0.       0.       0.121034 0.121035 0.       0.       0.       0.273791 0.121034 0.       0.121035],[0. 0. 0. 1. 0. 0. 0. 0. 0. 0. 0. 1. 0. 0. 0. 0. 0. 0. 0. 0. 0. 0. 1. 1. 0. 0. 0. 1. 1. 0. 1.],7.0,1000,100,0.01,0.0015,1,6,idID,,random,single_objective
441,0.20038727315632376,0.4837921309059817,0.004127559615,[0.       0.       0.       0.121035 0.       0.       0.       0.       0.       0.       0.       0.121035 0.       0.       0.       0.       0.       0.       0.       0.       0.       0.       0.121034 0.121035 0.       0.       0.       0.273791 0.121034 0.       0.121035],[0. 0. 0. 1. 0. 0. 0. 0. 0. 0. 0. 1. 0. 0. 0. 0. 0. 0. 0. 0. 0. 0. 1. 1. 0. 0. 0. 1. 1. 0. 1.],7.0,1000,100,0.01,0.0015,1,6,idID,,random,single_objective
442,0.20038727315632376,0.4837921309059817,0.004127559615,[0.       0.       0.       0.121035 0.       0.       0.       0.       0.       0.       0.       0.121035 0.       0.       0.       0.       0.       0.       0.       0.       0.       0.       0.121034 0.121035 0.       0.       0.       0.273791 0.121034 0.       0.121035],[0. 0. 0. 1. 0. 0. 0. 0. 0. 0. 0. 1. 0. 0. 0. 0. 0. 0. 0. 0. 0. 0. 1. 1. 0. 0. 0. 1. 1. 0. 1.],7.0,1000,100,0.01,0.0015,1,6,idID,,random,single_objective
443,0.20038727315632376,0.4837921309059817,0.004127559615,[0.       0.       0.       0.121035 0.       0.       0.       0.       0.       0.       0.       0.121035 0.       0.       0.       0.       0.       0.       0.       0.       0.       0.       0.121034 0.121035 0.       0.       0.       0.273791 0.121034 0.       0.121035],[0. 0. 0. 1. 0. 0. 0. 0. 0. 0. 0. 1. 0. 0. 0. 0. 0. 0. 0. 0. 0. 0. 1. 1. 0. 0. 0. 1. 1. 0. 1.],7.0,1000,100,0.01,0.0015,1,6,idID,,random,single_objective
444,0.20038727315632376,0.4837921309059817,0.004127559615,[0.       0.       0.       0.121035 0.       0.       0.       0.       0.       0.       0.       0.121035 0.       0.       0.       0.       0.       0.       0.       0.       0.       0.       0.121034 0.121035 0.       0.       0.       0.273791 0.121034 0.       0.121035],[0. 0. 0. 1. 0. 0. 0. 0. 0. 0. 0. 1. 0. 0. 0. 0. 0. 0. 0. 0. 0. 0. 1. 1. 0. 0. 0. 1. 1. 0. 1.],7.0,1000,100,0.01,0.0015,1,6,idID,,random,single_objective
445,0.20038727315632376,0.4837921309059817,0.004127559615,[0.       0.       0.       0.121035 0.       0.       0.       0.       0.       0.       0.       0.121035 0.       0.       0.       0.       0.       0.       0.       0.       0.       0.       0.121034 0.121035 0.       0.       0.       0.273791 0.121034 0.       0.121035],[0. 0. 0. 1. 0. 0. 0. 0. 0. 0. 0. 1. 0. 0. 0. 0. 0. 0. 0. 0. 0. 0. 1. 1. 0. 0. 0. 1. 1. 0. 1.],7.0,1000,100,0.01,0.0015,1,6,idID,,random,single_objective
446,0.20038727315632376,0.4837921309059817,0.004127559615,[0.       0.       0.       0.121035 0.       0.       0.       0.       0.       0.       0.       0.121035 0.       0.       0.       0.       0.       0.       0.       0.       0.       0.       0.121034 0.121035 0.       0.       0.       0.273791 0.121034 0.       0.121035],[0. 0. 0. 1. 0. 0. 0. 0. 0. 0. 0. 1. 0. 0. 0. 0. 0. 0. 0. 0. 0. 0. 1. 1. 0. 0. 0. 1. 1. 0. 1.],7.0,1000,100,0.01,0.0015,1,6,idID,,random,single_objective
447,0.20038727315632376,0.4837921309059817,0.004127559615,[0.       0.       0.       0.121035 0.       0.       0.       0.       0.       0.       0.       0.121035 0.       0.       0.       0.       0.       0.       0.       0.       0.       0.       0.121034 0.121035 0.       0.       0.       0.273791 0.121034 0.       0.121035],[0. 0. 0. 1. 0. 0. 0. 0. 0. 0. 0. 1. 0. 0. 0. 0. 0. 0. 0. 0. 0. 0. 1. 1. 0. 0. 0. 1. 1. 0. 1.],7.0,1000,100,0.01,0.0015,1,6,idID,,random,single_objective
448,0.20038727315632376,0.4837921309059817,0.004127559615,[0.       0.       0.       0.121035 0.       0.       0.       0.       0.       0.       0.       0.121035 0.       0.       0.       0.       0.       0.       0.       0.       0.       0.       0.121034 0.121035 0.       0.       0.       0.273791 0.121034 0.       0.121035],[0. 0. 0. 1. 0. 0. 0. 0. 0. 0. 0. 1. 0. 0. 0. 0. 0. 0. 0. 0. 0. 0. 1. 1. 0. 0. 0. 1. 1. 0. 1.],7.0,1000,100,0.01,0.0015,1,6,idID,,random,single_objective
449,0.20038727315632376,0.4837921309059817,0.004127559615,[0.       0.       0.       0.121035 0.       0.       0.       0.       0.       0.       0.       0.121035 0.       0.       0.       0.       0.       0.       0.       0.       0.       0.       0.121034 0.121035 0.       0.       0.       0.273791 0.121034 0.       0.121035],[0. 0. 0. 1. 0. 0. 0. 0. 0. 0. 0. 1. 0. 0. 0. 0. 0. 0. 0. 0. 0. 0. 1. 1. 0. 0. 0. 1. 1. 0. 1.],7.0,1000,100,0.01,0.0015,1,6,idID,,random,single_objective
450,0.20038727315632376,0.4837921309059817,0.004127559615,[0.       0.       0.       0.121035 0.       0.       0.       0.       0.       0.       0.       0.121035 0.       0.       0.       0.       0.       0.       0.       0.       0.       0.       0.121034 0.121035 0.       0.       0.       0.273791 0.121034 0.       0.121035],[0. 0. 0. 1. 0. 0. 0. 0. 0. 0. 0. 1. 0. 0. 0. 0. 0. 0. 0. 0. 0. 0. 1. 1. 0. 0. 0. 1. 1. 0. 1.],7.0,1000,100,0.01,0.0015,1,6,idID,,random,single_objective
451,0.20038727315632376,0.4837921309059817,0.004127559615,[0.       0.       0.       0.121035 0.       0.       0.       0.       0.       0.       0.       0.121035 0.       0.       0.       0.       0.       0.       0.       0.       0.       0.       0.121034 0.121035 0.       0.       0.       0.273791 0.121034 0.       0.121035],[0. 0. 0. 1. 0. 0. 0. 0. 0. 0. 0. 1. 0. 0. 0. 0. 0. 0. 0. 0. 0. 0. 1. 1. 0. 0. 0. 1. 1. 0. 1.],7.0,1000,100,0.01,0.0015,1,6,idID,,random,single_objective
452,0.20038727315632376,0.4837921309059817,0.004127559615,[0.       0.       0.       0.121035 0.       0.       0.       0.       0.       0.       0.       0.121035 0.       0.       0.       0.       0.       0.       0.       0.       0.       0.       0.121034 0.121035 0.       0.       0.       0.273791 0.121034 0.       0.121035],[0. 0. 0. 1. 0. 0. 0. 0. 0. 0. 0. 1. 0. 0. 0. 0. 0. 0. 0. 0. 0. 0. 1. 1. 0. 0. 0. 1. 1. 0. 1.],7.0,1000,100,0.01,0.0015,1,6,idID,,random,single_objective
453,0.20038727315632376,0.4837921309059817,0.004127559615,[0.       0.       0.       0.121035 0.       0.       0.       0.       0.       0.       0.       0.121035 0.       0.       0.       0.       0.       0.       0.       0.       0.       0.       0.121034 0.121035 0.       0.       0.       0.273791 0.121034 0.       0.121035],[0. 0. 0. 1. 0. 0. 0. 0. 0. 0. 0. 1. 0. 0. 0. 0. 0. 0. 0. 0. 0. 0. 1. 1. 0. 0. 0. 1. 1. 0. 1.],7.0,1000,100,0.01,0.0015,1,6,idID,,random,single_objective
454,0.20038727315632376,0.4837921309059817,0.004127559615,[0.       0.       0.       0.121035 0.       0.       0.       0.       0.       0.       0.       0.121035 0.       0.       0.       0.       0.       0.       0.       0.       0.       0.       0.121034 0.121035 0.       0.       0.       0.273791 0.121034 0.       0.121035],[0. 0. 0. 1. 0. 0. 0. 0. 0. 0. 0. 1. 0. 0. 0. 0. 0. 0. 0. 0. 0. 0. 1. 1. 0. 0. 0. 1. 1. 0. 1.],7.0,1000,100,0.01,0.0015,1,6,idID,,random,single_objective
455,0.20038727315632376,0.4837921309059817,0.004127559615,[0.       0.       0.       0.121035 0.       0.       0.       0.       0.       0.       0.       0.121035 0.       0.       0.       0.       0.       0.       0.       0.       0.       0.       0.121034 0.121035 0.       0.       0.       0.273791 0.121034 0.       0.121035],[0. 0. 0. 1. 0. 0. 0. 0. 0. 0. 0. 1. 0. 0. 0. 0. 0. 0. 0. 0. 0. 0. 1. 1. 0. 0. 0. 1. 1. 0. 1.],7.0,1000,100,0.01,0.0015,1,6,idID,,random,single_objective
456,0.20038727315632376,0.4837921309059817,0.004127559615,[0.       0.       0.       0.121035 0.       0.       0.       0.       0.       0.       0.       0.121035 0.       0.       0.       0.       0.       0.       0.       0.       0.       0.       0.121034 0.121035 0.       0.       0.       0.273791 0.121034 0.       0.121035],[0. 0. 0. 1. 0. 0. 0. 0. 0. 0. 0. 1. 0. 0. 0. 0. 0. 0. 0. 0. 0. 0. 1. 1. 0. 0. 0. 1. 1. 0. 1.],7.0,1000,100,0.01,0.0015,1,6,idID,,random,single_objective
457,0.20038727315632376,0.4837921309059817,0.004127559615,[0.       0.       0.       0.121035 0.       0.       0.       0.       0.       0.       0.       0.121035 0.       0.       0.       0.       0.       0.       0.       0.       0.       0.       0.121034 0.121035 0.       0.       0.       0.273791 0.121034 0.       0.121035],[0. 0. 0. 1. 0. 0. 0. 0. 0. 0. 0. 1. 0. 0. 0. 0. 0. 0. 0. 0. 0. 0. 1. 1. 0. 0. 0. 1. 1. 0. 1.],7.0,1000,100,0.01,0.0015,1,6,idID,,random,single_objective
458,0.20038727315632376,0.4837921309059817,0.004127559615,[0.       0.       0.       0.121035 0.       0.       0.       0.       0.       0.       0.       0.121035 0.       0.       0.       0.       0.       0.       0.       0.       0.       0.       0.121034 0.121035 0.       0.       0.       0.273791 0.121034 0.       0.121035],[0. 0. 0. 1. 0. 0. 0. 0. 0. 0. 0. 1. 0. 0. 0. 0. 0. 0. 0. 0. 0. 0. 1. 1. 0. 0. 0. 1. 1. 0. 1.],7.0,1000,100,0.01,0.0015,1,6,idID,,random,single_objective
459,0.20038727315632376,0.4837921309059817,0.004127559615,[0.       0.       0.       0.121035 0.       0.       0.       0.       0.       0.       0.       0.121035 0.       0.       0.       0.       0.       0.       0.       0.       0.       0.       0.121034 0.121035 0.       0.       0.       0.273791 0.121034 0.       0.121035],[0. 0. 0. 1. 0. 0. 0. 0. 0. 0. 0. 1. 0. 0. 0. 0. 0. 0. 0. 0. 0. 0. 1. 1. 0. 0. 0. 1. 1. 0. 1.],7.0,1000,100,0.01,0.0015,1,6,idID,,random,single_objective
460,0.20038727315632376,0.4837921309059817,0.004127559615,[0.       0.       0.       0.121035 0.       0.       0.       0.       0.       0.       0.       0.121035 0.       0.       0.       0.       0.       0.       0.       0.       0.       0.       0.121034 0.121035 0.       0.       0.       0.273791 0.121034 0.       0.121035],[0. 0. 0. 1. 0. 0. 0. 0. 0. 0. 0. 1. 0. 0. 0. 0. 0. 0. 0. 0. 0. 0. 1. 1. 0. 0. 0. 1. 1. 0. 1.],7.0,1000,100,0.01,0.0015,1,6,idID,,random,single_objective
461,0.20038727315632376,0.4837921309059817,0.004127559615,[0.       0.       0.       0.121035 0.       0.       0.       0.       0.       0.       0.       0.121035 0.       0.       0.       0.       0.       0.       0.       0.       0.       0.       0.121034 0.121035 0.       0.       0.       0.273791 0.121034 0.       0.121035],[0. 0. 0. 1. 0. 0. 0. 0. 0. 0. 0. 1. 0. 0. 0. 0. 0. 0. 0. 0. 0. 0. 1. 1. 0. 0. 0. 1. 1. 0. 1.],7.0,1000,100,0.01,0.0015,1,6,idID,,random,single_objective
462,0.20038727315632376,0.4837921309059817,0.004127559615,[0.       0.       0.       0.121035 0.       0.       0.       0.       0.       0.       0.       0.121035 0.       0.       0.       0.       0.       0.       0.       0.       0.       0.       0.121034 0.121035 0.       0.       0.       0.273791 0.121034 0.       0.121035],[0. 0. 0. 1. 0. 0. 0. 0. 0. 0. 0. 1. 0. 0. 0. 0. 0. 0. 0. 0. 0. 0. 1. 1. 0. 0. 0. 1. 1. 0. 1.],7.0,1000,100,0.01,0.0015,1,6,idID,,random,single_objective
463,0.20038727315632376,0.4837921309059817,0.004127559615,[0.       0.       0.       0.121035 0.       0.       0.       0.       0.       0.       0.       0.121035 0.       0.       0.       0.       0.       0.       0.       0.       0.       0.       0.121034 0.121035 0.       0.       0.       0.273791 0.121034 0.       0.121035],[0. 0. 0. 1. 0. 0. 0. 0. 0. 0. 0. 1. 0. 0. 0. 0. 0. 0. 0. 0. 0. 0. 1. 1. 0. 0. 0. 1. 1. 0. 1.],7.0,1000,100,0.01,0.0015,1,6,idID,,random,single_objective
464,0.20038727315632376,0.4837921309059817,0.004127559615,[0.       0.       0.       0.121035 0.       0.       0.       0.       0.       0.       0.       0.121035 0.       0.       0.       0.       0.       0.       0.       0.       0.       0.       0.121034 0.121035 0.       0.       0.       0.273791 0.121034 0.       0.121035],[0. 0. 0. 1. 0. 0. 0. 0. 0. 0. 0. 1. 0. 0. 0. 0. 0. 0. 0. 0. 0. 0. 1. 1. 0. 0. 0. 1. 1. 0. 1.],7.0,1000,100,0.01,0.0015,1,6,idID,,random,single_objective
465,0.20038727315632376,0.4837921309059817,0.004127559615,[0.       0.       0.       0.121035 0.       0.       0.       0.       0.       0.       0.       0.121035 0.       0.       0.       0.       0.       0.       0.       0.       0.       0.       0.121034 0.121035 0.       0.       0.       0.273791 0.121034 0.       0.121035],[0. 0. 0. 1. 0. 0. 0. 0. 0. 0. 0. 1. 0. 0. 0. 0. 0. 0. 0. 0. 0. 0. 1. 1. 0. 0. 0. 1. 1. 0. 1.],7.0,1000,100,0.01,0.0015,1,6,idID,,random,single_objective
466,0.20038727315632376,0.4837921309059817,0.004127559615,[0.       0.       0.       0.121035 0.       0.       0.       0.       0.       0.       0.       0.121035 0.       0.       0.       0.       0.       0.       0.       0.       0.       0.       0.121034 0.121035 0.       0.       0.       0.273791 0.121034 0.       0.121035],[0. 0. 0. 1. 0. 0. 0. 0. 0. 0. 0. 1. 0. 0. 0. 0. 0. 0. 0. 0. 0. 0. 1. 1. 0. 0. 0. 1. 1. 0. 1.],7.0,1000,100,0.01,0.0015,1,6,idID,,random,single_objective
467,0.20038727315632376,0.4837921309059817,0.004127559615,[0.       0.       0.       0.121035 0.       0.       0.       0.       0.       0.       0.       0.121035 0.       0.       0.       0.       0.       0.       0.       0.       0.       0.       0.121034 0.121035 0.       0.       0.       0.273791 0.121034 0.       0.121035],[0. 0. 0. 1. 0. 0. 0. 0. 0. 0. 0. 1. 0. 0. 0. 0. 0. 0. 0. 0. 0. 0. 1. 1. 0. 0. 0. 1. 1. 0. 1.],7.0,1000,100,0.01,0.0015,1,6,idID,,random,single_objective
468,0.20038727315632376,0.4837921309059817,0.004127559615,[0.       0.       0.       0.121035 0.       0.       0.       0.       0.       0.       0.       0.121035 0.       0.       0.       0.       0.       0.       0.       0.       0.       0.       0.121034 0.121035 0.       0.       0.       0.273791 0.121034 0.       0.121035],[0. 0. 0. 1. 0. 0. 0. 0. 0. 0. 0. 1. 0. 0. 0. 0. 0. 0. 0. 0. 0. 0. 1. 1. 0. 0. 0. 1. 1. 0. 1.],7.0,1000,100,0.01,0.0015,1,6,idID,,random,single_objective
469,0.20038727315632376,0.4837921309059817,0.004127559615,[0.       0.       0.       0.121035 0.       0.       0.       0.       0.       0.       0.       0.121035 0.       0.       0.       0.       0.       0.       0.       0.       0.       0.       0.121034 0.121035 0.       0.       0.       0.273791 0.121034 0.       0.121035],[0. 0. 0. 1. 0. 0. 0. 0. 0. 0. 0. 1. 0. 0. 0. 0. 0. 0. 0. 0. 0. 0. 1. 1. 0. 0. 0. 1. 1. 0. 1.],7.0,1000,100,0.01,0.0015,1,6,idID,,random,single_objective
470,0.20038727315632376,0.4837921309059817,0.004127559615,[0.       0.       0.       0.121035 0.       0.       0.       0.       0.       0.       0.       0.121035 0.       0.       0.       0.       0.       0.       0.       0.       0.       0.       0.121034 0.121035 0.       0.       0.       0.273791 0.121034 0.       0.121035],[0. 0. 0. 1. 0. 0. 0. 0. 0. 0. 0. 1. 0. 0. 0. 0. 0. 0. 0. 0. 0. 0. 1. 1. 0. 0. 0. 1. 1. 0. 1.],7.0,1000,100,0.01,0.0015,1,6,idID,,random,single_objective
471,0.20038727315632376,0.4837921309059817,0.004127559615,[0.       0.       0.       0.121035 0.       0.       0.       0.       0.       0.       0.       0.121035 0.       0.       0.       0.       0.       0.       0.       0.       0.       0.       0.121034 0.121035 0.       0.       0.       0.273791 0.121034 0.       0.121035],[0. 0. 0. 1. 0. 0. 0. 0. 0. 0. 0. 1. 0. 0. 0. 0. 0. 0. 0. 0. 0. 0. 1. 1. 0. 0. 0. 1. 1. 0. 1.],7.0,1000,100,0.01,0.0015,1,6,idID,,random,single_objective
472,0.20038727315632376,0.4837921309059817,0.004127559615,[0.       0.       0.       0.121035 0.       0.       0.       0.       0.       0.       0.       0.121035 0.       0.       0.       0.       0.       0.       0.       0.       0.       0.       0.121034 0.121035 0.       0.       0.       0.273791 0.121034 0.       0.121035],[0. 0. 0. 1. 0. 0. 0. 0. 0. 0. 0. 1. 0. 0. 0. 0. 0. 0. 0. 0. 0. 0. 1. 1. 0. 0. 0. 1. 1. 0. 1.],7.0,1000,100,0.01,0.0015,1,6,idID,,random,single_objective
473,0.20038727315632376,0.4837921309059817,0.004127559615,[0.       0.       0.       0.121035 0.       0.       0.       0.       0.       0.       0.       0.121035 0.       0.       0.       0.       0.       0.       0.       0.       0.       0.       0.121034 0.121035 0.       0.       0.       0.273791 0.121034 0.       0.121035],[0. 0. 0. 1. 0. 0. 0. 0. 0. 0. 0. 1. 0. 0. 0. 0. 0. 0. 0. 0. 0. 0. 1. 1. 0. 0. 0. 1. 1. 0. 1.],7.0,1000,100,0.01,0.0015,1,6,idID,,random,single_objective
474,0.20038727315632376,0.4837921309059817,0.004127559615,[0.       0.       0.       0.121035 0.       0.       0.       0.       0.       0.       0.       0.121035 0.       0.       0.       0.       0.       0.       0.       0.       0.       0.       0.121034 0.121035 0.       0.       0.       0.273791 0.121034 0.       0.121035],[0. 0. 0. 1. 0. 0. 0. 0. 0. 0. 0. 1. 0. 0. 0. 0. 0. 0. 0. 0. 0. 0. 1. 1. 0. 0. 0. 1. 1. 0. 1.],7.0,1000,100,0.01,0.0015,1,6,idID,,random,single_objective
475,0.20038727315632376,0.4837921309059817,0.004127559615,[0.       0.       0.       0.121035 0.       0.       0.       0.       0.       0.       0.       0.121035 0.       0.       0.       0.       0.       0.       0.       0.       0.       0.       0.121034 0.121035 0.       0.       0.       0.273791 0.121034 0.       0.121035],[0. 0. 0. 1. 0. 0. 0. 0. 0. 0. 0. 1. 0. 0. 0. 0. 0. 0. 0. 0. 0. 0. 1. 1. 0. 0. 0. 1. 1. 0. 1.],7.0,1000,100,0.01,0.0015,1,6,idID,,random,single_objective
476,0.20038727315632376,0.4837921309059817,0.004127559615,[0.       0.       0.       0.121035 0.       0.       0.       0.       0.       0.       0.       0.121035 0.       0.       0.       0.       0.       0.       0.       0.       0.       0.       0.121034 0.121035 0.       0.       0.       0.273791 0.121034 0.       0.121035],[0. 0. 0. 1. 0. 0. 0. 0. 0. 0. 0. 1. 0. 0. 0. 0. 0. 0. 0. 0. 0. 0. 1. 1. 0. 0. 0. 1. 1. 0. 1.],7.0,1000,100,0.01,0.0015,1,6,idID,,random,single_objective
477,0.20038727315632376,0.4837921309059817,0.004127559615,[0.       0.       0.       0.121035 0.       0.       0.       0.       0.       0.       0.       0.121035 0.       0.       0.       0.       0.       0.       0.       0.       0.       0.       0.121034 0.121035 0.       0.       0.       0.273791 0.121034 0.       0.121035],[0. 0. 0. 1. 0. 0. 0. 0. 0. 0. 0. 1. 0. 0. 0. 0. 0. 0. 0. 0. 0. 0. 1. 1. 0. 0. 0. 1. 1. 0. 1.],7.0,1000,100,0.01,0.0015,1,6,idID,,random,single_objective
478,0.20038727315632376,0.4837921309059817,0.004127559615,[0.       0.       0.       0.121035 0.       0.       0.       0.       0.       0.       0.       0.121035 0.       0.       0.       0.       0.       0.       0.       0.       0.       0.       0.121034 0.121035 0.       0.       0.       0.273791 0.121034 0.       0.121035],[0. 0. 0. 1. 0. 0. 0. 0. 0. 0. 0. 1. 0. 0. 0. 0. 0. 0. 0. 0. 0. 0. 1. 1. 0. 0. 0. 1. 1. 0. 1.],7.0,1000,100,0.01,0.0015,1,6,idID,,random,single_objective
479,0.20038727315632376,0.4837921309059817,0.004127559615,[0.       0.       0.       0.121035 0.       0.       0.       0.       0.       0.       0.       0.121035 0.       0.       0.       0.       0.       0.       0.       0.       0.       0.       0.121034 0.121035 0.       0.       0.       0.273791 0.121034 0.       0.121035],[0. 0. 0. 1. 0. 0. 0. 0. 0. 0. 0. 1. 0. 0. 0. 0. 0. 0. 0. 0. 0. 0. 1. 1. 0. 0. 0. 1. 1. 0. 1.],7.0,1000,100,0.01,0.0015,1,6,idID,,random,single_objective
480,0.20038727315632376,0.4837921309059817,0.004127559615,[0.       0.       0.       0.121035 0.       0.       0.       0.       0.       0.       0.       0.121035 0.       0.       0.       0.       0.       0.       0.       0.       0.       0.       0.121034 0.121035 0.       0.       0.       0.273791 0.121034 0.       0.121035],[0. 0. 0. 1. 0. 0. 0. 0. 0. 0. 0. 1. 0. 0. 0. 0. 0. 0. 0. 0. 0. 0. 1. 1. 0. 0. 0. 1. 1. 0. 1.],7.0,1000,100,0.01,0.0015,1,6,idID,,random,single_objective
481,0.20038727315632376,0.4837921309059817,0.004127559615,[0.       0.       0.       0.121035 0.       0.       0.       0.       0.       0.       0.       0.121035 0.       0.       0.       0.       0.       0.       0.       0.       0.       0.       0.121034 0.121035 0.       0.       0.       0.273791 0.121034 0.       0.121035],[0. 0. 0. 1. 0. 0. 0. 0. 0. 0. 0. 1. 0. 0. 0. 0. 0. 0. 0. 0. 0. 0. 1. 1. 0. 0. 0. 1. 1. 0. 1.],7.0,1000,100,0.01,0.0015,1,6,idID,,random,single_objective
482,0.20038727315632376,0.4837921309059817,0.004127559615,[0.       0.       0.       0.121035 0.       0.       0.       0.       0.       0.       0.       0.121035 0.       0.       0.       0.       0.       0.       0.       0.       0.       0.       0.121034 0.121035 0.       0.       0.       0.273791 0.121034 0.       0.121035],[0. 0. 0. 1. 0. 0. 0. 0. 0. 0. 0. 1. 0. 0. 0. 0. 0. 0. 0. 0. 0. 0. 1. 1. 0. 0. 0. 1. 1. 0. 1.],7.0,1000,100,0.01,0.0015,1,6,idID,,random,single_objective
483,0.20038727315632376,0.4837921309059817,0.004127559615,[0.       0.       0.       0.121035 0.       0.       0.       0.       0.       0.       0.       0.121035 0.       0.       0.       0.       0.       0.       0.       0.       0.       0.       0.121034 0.121035 0.       0.       0.       0.273791 0.121034 0.       0.121035],[0. 0. 0. 1. 0. 0. 0. 0. 0. 0. 0. 1. 0. 0. 0. 0. 0. 0. 0. 0. 0. 0. 1. 1. 0. 0. 0. 1. 1. 0. 1.],7.0,1000,100,0.01,0.0015,1,6,idID,,random,single_objective
484,0.20038727315632376,0.4837921309059817,0.004127559615,[0.       0.       0.       0.121035 0.       0.       0.       0.       0.       0.       0.       0.121035 0.       0.       0.       0.       0.       0.       0.       0.       0.       0.       0.121034 0.121035 0.       0.       0.       0.273791 0.121034 0.       0.121035],[0. 0. 0. 1. 0. 0. 0. 0. 0. 0. 0. 1. 0. 0. 0. 0. 0. 0. 0. 0. 0. 0. 1. 1. 0. 0. 0. 1. 1. 0. 1.],7.0,1000,100,0.01,0.0015,1,6,idID,,random,single_objective
485,0.20038727315632376,0.4837921309059817,0.004127559615,[0.       0.       0.       0.121035 0.       0.       0.       0.       0.       0.       0.       0.121035 0.       0.       0.       0.       0.       0.       0.       0.       0.       0.       0.121034 0.121035 0.       0.       0.       0.273791 0.121034 0.       0.121035],[0. 0. 0. 1. 0. 0. 0. 0. 0. 0. 0. 1. 0. 0. 0. 0. 0. 0. 0. 0. 0. 0. 1. 1. 0. 0. 0. 1. 1. 0. 1.],7.0,1000,100,0.01,0.0015,1,6,idID,,random,single_objective
486,0.20038727315632376,0.4837921309059817,0.004127559615,[0.       0.       0.       0.121035 0.       0.       0.       0.       0.       0.       0.       0.121035 0.       0.       0.       0.       0.       0.       0.       0.       0.       0.       0.121034 0.121035 0.       0.       0.       0.273791 0.121034 0.       0.121035],[0. 0. 0. 1. 0. 0. 0. 0. 0. 0. 0. 1. 0. 0. 0. 0. 0. 0. 0. 0. 0. 0. 1. 1. 0. 0. 0. 1. 1. 0. 1.],7.0,1000,100,0.01,0.0015,1,6,idID,,random,single_objective
487,0.20038727315632376,0.4837921309059817,0.004127559615,[0.       0.       0.       0.121035 0.       0.       0.       0.       0.       0.       0.       0.121035 0.       0.       0.       0.       0.       0.       0.       0.       0.       0.       0.121034 0.121035 0.       0.       0.       0.273791 0.121034 0.       0.121035],[0. 0. 0. 1. 0. 0. 0. 0. 0. 0. 0. 1. 0. 0. 0. 0. 0. 0. 0. 0. 0. 0. 1. 1. 0. 0. 0. 1. 1. 0. 1.],7.0,1000,100,0.01,0.0015,1,6,idID,,random,single_objective
488,0.20038727315632376,0.4837921309059817,0.004127559615,[0.       0.       0.       0.121035 0.       0.       0.       0.       0.       0.       0.       0.121035 0.       0.       0.       0.       0.       0.       0.       0.       0.       0.       0.121034 0.121035 0.       0.       0.       0.273791 0.121034 0.       0.121035],[0. 0. 0. 1. 0. 0. 0. 0. 0. 0. 0. 1. 0. 0. 0. 0. 0. 0. 0. 0. 0. 0. 1. 1. 0. 0. 0. 1. 1. 0. 1.],7.0,1000,100,0.01,0.0015,1,6,idID,,random,single_objective
489,0.20038727315632376,0.4837921309059817,0.004127559615,[0.       0.       0.       0.121035 0.       0.       0.       0.       0.       0.       0.       0.121035 0.       0.       0.       0.       0.       0.       0.       0.       0.       0.       0.121034 0.121035 0.       0.       0.       0.273791 0.121034 0.       0.121035],[0. 0. 0. 1. 0. 0. 0. 0. 0. 0. 0. 1. 0. 0. 0. 0. 0. 0. 0. 0. 0. 0. 1. 1. 0. 0. 0. 1. 1. 0. 1.],7.0,1000,100,0.01,0.0015,1,6,idID,,random,single_objective
490,0.20038727315632376,0.4837921309059817,0.004127559615,[0.       0.       0.       0.121035 0.       0.       0.       0.       0.       0.       0.       0.121035 0.       0.       0.       0.       0.       0.       0.       0.       0.       0.       0.121034 0.121035 0.       0.       0.       0.273791 0.121034 0.       0.121035],[0. 0. 0. 1. 0. 0. 0. 0. 0. 0. 0. 1. 0. 0. 0. 0. 0. 0. 0. 0. 0. 0. 1. 1. 0. 0. 0. 1. 1. 0. 1.],7.0,1000,100,0.01,0.0015,1,6,idID,,random,single_objective
491,0.20038727315632376,0.4837921309059817,0.004127559615,[0.       0.       0.       0.121035 0.       0.       0.       0.       0.       0.       0.       0.121035 0.       0.       0.       0.       0.       0.       0.       0.       0.       0.       0.121034 0.121035 0.       0.       0.       0.273791 0.121034 0.       0.121035],[0. 0. 0. 1. 0. 0. 0. 0. 0. 0. 0. 1. 0. 0. 0. 0. 0. 0. 0. 0. 0. 0. 1. 1. 0. 0. 0. 1. 1. 0. 1.],7.0,1000,100,0.01,0.0015,1,6,idID,,random,single_objective
492,0.20038727315632376,0.4837921309059817,0.004127559615,[0.       0.       0.       0.121035 0.       0.       0.       0.       0.       0.       0.       0.121035 0.       0.       0.       0.       0.       0.       0.       0.       0.       0.       0.121034 0.121035 0.       0.       0.       0.273791 0.121034 0.       0.121035],[0. 0. 0. 1. 0. 0. 0. 0. 0. 0. 0. 1. 0. 0. 0. 0. 0. 0. 0. 0. 0. 0. 1. 1. 0. 0. 0. 1. 1. 0. 1.],7.0,1000,100,0.01,0.0015,1,6,idID,,random,single_objective
493,0.20038727315632376,0.4837921309059817,0.004127559615,[0.       0.       0.       0.121035 0.       0.       0.       0.       0.       0.       0.       0.121035 0.       0.       0.       0.       0.       0.       0.       0.       0.       0.       0.121034 0.121035 0.       0.       0.       0.273791 0.121034 0.       0.121035],[0. 0. 0. 1. 0. 0. 0. 0. 0. 0. 0. 1. 0. 0. 0. 0. 0. 0. 0. 0. 0. 0. 1. 1. 0. 0. 0. 1. 1. 0. 1.],7.0,1000,100,0.01,0.0015,1,6,idID,,random,single_objective
494,0.20038727315632376,0.4837921309059817,0.004127559615,[0.       0.       0.       0.121035 0.       0.       0.       0.       0.       0.       0.       0.121035 0.       0.       0.       0.       0.       0.       0.       0.       0.       0.       0.121034 0.121035 0.       0.       0.       0.273791 0.121034 0.       0.121035],[0. 0. 0. 1. 0. 0. 0. 0. 0. 0. 0. 1. 0. 0. 0. 0. 0. 0. 0. 0. 0. 0. 1. 1. 0. 0. 0. 1. 1. 0. 1.],7.0,1000,100,0.01,0.0015,1,6,idID,,random,single_objective
495,0.20038727315632376,0.4837921309059817,0.004127559615,[0.       0.       0.       0.121035 0.       0.       0.       0.       0.       0.       0.       0.121035 0.       0.       0.       0.       0.       0.       0.       0.       0.       0.       0.121034 0.121035 0.       0.       0.       0.273791 0.121034 0.       0.121035],[0. 0. 0. 1. 0. 0. 0. 0. 0. 0. 0. 1. 0. 0. 0. 0. 0. 0. 0. 0. 0. 0. 1. 1. 0. 0. 0. 1. 1. 0. 1.],7.0,1000,100,0.01,0.0015,1,6,idID,,random,single_objective
496,0.20038727315632376,0.4837921309059817,0.004127559615,[0.       0.       0.       0.121035 0.       0.       0.       0.       0.       0.       0.       0.121035 0.       0.       0.       0.       0.       0.       0.       0.       0.       0.       0.121034 0.121035 0.       0.       0.       0.273791 0.121034 0.       0.121035],[0. 0. 0. 1. 0. 0. 0. 0. 0. 0. 0. 1. 0. 0. 0. 0. 0. 0. 0. 0. 0. 0. 1. 1. 0. 0. 0. 1. 1. 0. 1.],7.0,1000,100,0.01,0.0015,1,6,idID,,random,single_objective
497,0.20038727315632376,0.4837921309059817,0.004127559615,[0.       0.       0.       0.121035 0.       0.       0.       0.       0.       0.       0.       0.121035 0.       0.       0.       0.       0.       0.       0.       0.       0.       0.       0.121034 0.121035 0.       0.       0.       0.273791 0.121034 0.       0.121035],[0. 0. 0. 1. 0. 0. 0. 0. 0. 0. 0. 1. 0. 0. 0. 0. 0. 0. 0. 0. 0. 0. 1. 1. 0. 0. 0. 1. 1. 0. 1.],7.0,1000,100,0.01,0.0015,1,6,idID,,random,single_objective
498,0.20038727315632376,0.4837921309059817,0.004127559615,[0.       0.       0.       0.121035 0.       0.       0.       0.       0.       0.       0.       0.121035 0.       0.       0.       0.       0.       0.       0.       0.       0.       0.       0.121034 0.121035 0.       0.       0.       0.273791 0.121034 0.       0.121035],[0. 0. 0. 1. 0. 0. 0. 0. 0. 0. 0. 1. 0. 0. 0. 0. 0. 0. 0. 0. 0. 0. 1. 1. 0. 0. 0. 1. 1. 0. 1.],7.0,1000,100,0.01,0.0015,1,6,idID,,random,single_objective
499,0.20038727315632376,0.4837921309059817,0.004127559615,[0.       0.       0.       0.121035 0.       0.       0.       0.       0.       0.       0.       0.121035 0.       0.       0.       0.       0.       0.       0.       0.       0.       0.       0.121034 0.121035 0.       0.       0.       0.273791 0.121034 0.       0.121035],[0. 0. 0. 1. 0. 0. 0. 0. 0. 0. 0. 1. 0. 0. 0. 0. 0. 0. 0. 0. 0. 0. 1. 1. 0. 0. 0. 1. 1. 0. 1.],7.0,1000,100,0.01,0.0015,1,6,idID,,random,single_objective
500,0.20038727315632376,0.4837921309059817,0.004127559615,[0.       0.       0.       0.121035 0.       0.       0.       0.       0.       0.       0.       0.121035 0.       0.       0.       0.       0.       0.       0.       0.       0.       0.       0.121034 0.121035 0.       0.       0.       0.273791 0.121034 0.       0.121035],[0. 0. 0. 1. 0. 0. 0. 0. 0. 0. 0. 1. 0. 0. 0. 0. 0. 0. 0. 0. 0. 0. 1. 1. 0. 0. 0. 1. 1. 0. 1.],7.0,1000,100,0.01,0.0015,1,6,idID,,random,single_objective
501,0.20038727315632376,0.4837921309059817,0.004127559615,[0.       0.       0.       0.121035 0.       0.       0.       0.       0.       0.       0.       0.121035 0.       0.       0.       0.       0.       0.       0.       0.       0.       0.       0.121034 0.121035 0.       0.       0.       0.273791 0.121034 0.       0.121035],[0. 0. 0. 1. 0. 0. 0. 0. 0. 0. 0. 1. 0. 0. 0. 0. 0. 0. 0. 0. 0. 0. 1. 1. 0. 0. 0. 1. 1. 0. 1.],7.0,1000,100,0.01,0.0015,1,6,idID,,random,single_objective
502,0.20038727315632376,0.4837921309059817,0.004127559615,[0.       0.       0.       0.121035 0.       0.       0.       0.       0.       0.       0.       0.121035 0.       0.       0.       0.       0.       0.       0.       0.       0.       0.       0.121034 0.121035 0.       0.       0.       0.273791 0.121034 0.       0.121035],[0. 0. 0. 1. 0. 0. 0. 0. 0. 0. 0. 1. 0. 0. 0. 0. 0. 0. 0. 0. 0. 0. 1. 1. 0. 0. 0. 1. 1. 0. 1.],7.0,1000,100,0.01,0.0015,1,6,idID,,random,single_objective
503,0.20038727315632376,0.4837921309059817,0.004127559615,[0.       0.       0.       0.121035 0.       0.       0.       0.       0.       0.       0.       0.121035 0.       0.       0.       0.       0.       0.       0.       0.       0.       0.       0.121034 0.121035 0.       0.       0.       0.273791 0.121034 0.       0.121035],[0. 0. 0. 1. 0. 0. 0. 0. 0. 0. 0. 1. 0. 0. 0. 0. 0. 0. 0. 0. 0. 0. 1. 1. 0. 0. 0. 1. 1. 0. 1.],7.0,1000,100,0.01,0.0015,1,6,idID,,random,single_objective
504,0.20038727315632376,0.4837921309059817,0.004127559615,[0.       0.       0.       0.121035 0.       0.       0.       0.       0.       0.       0.       0.121035 0.       0.       0.       0.       0.       0.       0.       0.       0.       0.       0.121034 0.121035 0.       0.       0.       0.273791 0.121034 0.       0.121035],[0. 0. 0. 1. 0. 0. 0. 0. 0. 0. 0. 1. 0. 0. 0. 0. 0. 0. 0. 0. 0. 0. 1. 1. 0. 0. 0. 1. 1. 0. 1.],7.0,1000,100,0.01,0.0015,1,6,idID,,random,single_objective
505,0.20038727315632376,0.4837921309059817,0.004127559615,[0.       0.       0.       0.121035 0.       0.       0.       0.       0.       0.       0.       0.121035 0.       0.       0.       0.       0.       0.       0.       0.       0.       0.       0.121034 0.121035 0.       0.       0.       0.273791 0.121034 0.       0.121035],[0. 0. 0. 1. 0. 0. 0. 0. 0. 0. 0. 1. 0. 0. 0. 0. 0. 0. 0. 0. 0. 0. 1. 1. 0. 0. 0. 1. 1. 0. 1.],7.0,1000,100,0.01,0.0015,1,6,idID,,random,single_objective
506,0.20038727315632376,0.4837921309059817,0.004127559615,[0.       0.       0.       0.121035 0.       0.       0.       0.       0.       0.       0.       0.121035 0.       0.       0.       0.       0.       0.       0.       0.       0.       0.       0.121034 0.121035 0.       0.       0.       0.273791 0.121034 0.       0.121035],[0. 0. 0. 1. 0. 0. 0. 0. 0. 0. 0. 1. 0. 0. 0. 0. 0. 0. 0. 0. 0. 0. 1. 1. 0. 0. 0. 1. 1. 0. 1.],7.0,1000,100,0.01,0.0015,1,6,idID,,random,single_objective
507,0.20038727315632376,0.4837921309059817,0.004127559615,[0.       0.       0.       0.121035 0.       0.       0.       0.       0.       0.       0.       0.121035 0.       0.       0.       0.       0.       0.       0.       0.       0.       0.       0.121034 0.121035 0.       0.       0.       0.273791 0.121034 0.       0.121035],[0. 0. 0. 1. 0. 0. 0. 0. 0. 0. 0. 1. 0. 0. 0. 0. 0. 0. 0. 0. 0. 0. 1. 1. 0. 0. 0. 1. 1. 0. 1.],7.0,1000,100,0.01,0.0015,1,6,idID,,random,single_objective
508,0.20038727315632376,0.4837921309059817,0.004127559615,[0.       0.       0.       0.121035 0.       0.       0.       0.       0.       0.       0.       0.121035 0.       0.       0.       0.       0.       0.       0.       0.       0.       0.       0.121034 0.121035 0.       0.       0.       0.273791 0.121034 0.       0.121035],[0. 0. 0. 1. 0. 0. 0. 0. 0. 0. 0. 1. 0. 0. 0. 0. 0. 0. 0. 0. 0. 0. 1. 1. 0. 0. 0. 1. 1. 0. 1.],7.0,1000,100,0.01,0.0015,1,6,idID,,random,single_objective
509,0.20038727315632376,0.4837921309059817,0.004127559615,[0.       0.       0.       0.121035 0.       0.       0.       0.       0.       0.       0.       0.121035 0.       0.       0.       0.       0.       0.       0.       0.       0.       0.       0.121034 0.121035 0.       0.       0.       0.273791 0.121034 0.       0.121035],[0. 0. 0. 1. 0. 0. 0. 0. 0. 0. 0. 1. 0. 0. 0. 0. 0. 0. 0. 0. 0. 0. 1. 1. 0. 0. 0. 1. 1. 0. 1.],7.0,1000,100,0.01,0.0015,1,6,idID,,random,single_objective
510,0.20038727315632376,0.4837921309059817,0.004127559615,[0.       0.       0.       0.121035 0.       0.       0.       0.       0.       0.       0.       0.121035 0.       0.       0.       0.       0.       0.       0.       0.       0.       0.       0.121034 0.121035 0.       0.       0.       0.273791 0.121034 0.       0.121035],[0. 0. 0. 1. 0. 0. 0. 0. 0. 0. 0. 1. 0. 0. 0. 0. 0. 0. 0. 0. 0. 0. 1. 1. 0. 0. 0. 1. 1. 0. 1.],7.0,1000,100,0.01,0.0015,1,6,idID,,random,single_objective
511,0.20038727315632376,0.4837921309059817,0.004127559615,[0.       0.       0.       0.121035 0.       0.       0.       0.       0.       0.       0.       0.121035 0.       0.       0.       0.       0.       0.       0.       0.       0.       0.       0.121034 0.121035 0.       0.       0.       0.273791 0.121034 0.       0.121035],[0. 0. 0. 1. 0. 0. 0. 0. 0. 0. 0. 1. 0. 0. 0. 0. 0. 0. 0. 0. 0. 0. 1. 1. 0. 0. 0. 1. 1. 0. 1.],7.0,1000,100,0.01,0.0015,1,6,idID,,random,single_objective
512,0.20038727315632376,0.4837921309059817,0.004127559615,[0.       0.       0.       0.121035 0.       0.       0.       0.       0.       0.       0.       0.121035 0.       0.       0.       0.       0.       0.       0.       0.       0.       0.       0.121034 0.121035 0.       0.       0.       0.273791 0.121034 0.       0.121035],[0. 0. 0. 1. 0. 0. 0. 0. 0. 0. 0. 1. 0. 0. 0. 0. 0. 0. 0. 0. 0. 0. 1. 1. 0. 0. 0. 1. 1. 0. 1.],7.0,1000,100,0.01,0.0015,1,6,idID,,random,single_objective
513,0.20038727315632376,0.4837921309059817,0.004127559615,[0.       0.       0.       0.121035 0.       0.       0.       0.       0.       0.       0.       0.121035 0.       0.       0.       0.       0.       0.       0.       0.       0.       0.       0.121034 0.121035 0.       0.       0.       0.273791 0.121034 0.       0.121035],[0. 0. 0. 1. 0. 0. 0. 0. 0. 0. 0. 1. 0. 0. 0. 0. 0. 0. 0. 0. 0. 0. 1. 1. 0. 0. 0. 1. 1. 0. 1.],7.0,1000,100,0.01,0.0015,1,6,idID,,random,single_objective
514,0.20038727315632376,0.4837921309059817,0.004127559615,[0.       0.       0.       0.121035 0.       0.       0.       0.       0.       0.       0.       0.121035 0.       0.       0.       0.       0.       0.       0.       0.       0.       0.       0.121034 0.121035 0.       0.       0.       0.273791 0.121034 0.       0.121035],[0. 0. 0. 1. 0. 0. 0. 0. 0. 0. 0. 1. 0. 0. 0. 0. 0. 0. 0. 0. 0. 0. 1. 1. 0. 0. 0. 1. 1. 0. 1.],7.0,1000,100,0.01,0.0015,1,6,idID,,random,single_objective
515,0.20038727315632376,0.4837921309059817,0.004127559615,[0.       0.       0.       0.121035 0.       0.       0.       0.       0.       0.       0.       0.121035 0.       0.       0.       0.       0.       0.       0.       0.       0.       0.       0.121034 0.121035 0.       0.       0.       0.273791 0.121034 0.       0.121035],[0. 0. 0. 1. 0. 0. 0. 0. 0. 0. 0. 1. 0. 0. 0. 0. 0. 0. 0. 0. 0. 0. 1. 1. 0. 0. 0. 1. 1. 0. 1.],7.0,1000,100,0.01,0.0015,1,6,idID,,random,single_objective
516,0.20038727315632376,0.4837921309059817,0.004127559615,[0.       0.       0.       0.121035 0.       0.       0.       0.       0.       0.       0.       0.121035 0.       0.       0.       0.       0.       0.       0.       0.       0.       0.       0.121034 0.121035 0.       0.       0.       0.273791 0.121034 0.       0.121035],[0. 0. 0. 1. 0. 0. 0. 0. 0. 0. 0. 1. 0. 0. 0. 0. 0. 0. 0. 0. 0. 0. 1. 1. 0. 0. 0. 1. 1. 0. 1.],7.0,1000,100,0.01,0.0015,1,6,idID,,random,single_objective
517,0.20038727315632376,0.4837921309059817,0.004127559615,[0.       0.       0.       0.121035 0.       0.       0.       0.       0.       0.       0.       0.121035 0.       0.       0.       0.       0.       0.       0.       0.       0.       0.       0.121034 0.121035 0.       0.       0.       0.273791 0.121034 0.       0.121035],[0. 0. 0. 1. 0. 0. 0. 0. 0. 0. 0. 1. 0. 0. 0. 0. 0. 0. 0. 0. 0. 0. 1. 1. 0. 0. 0. 1. 1. 0. 1.],7.0,1000,100,0.01,0.0015,1,6,idID,,random,single_objective
518,0.20038727315632376,0.4837921309059817,0.004127559615,[0.       0.       0.       0.121035 0.       0.       0.       0.       0.       0.       0.       0.121035 0.       0.       0.       0.       0.       0.       0.       0.       0.       0.       0.121034 0.121035 0.       0.       0.       0.273791 0.121034 0.       0.121035],[0. 0. 0. 1. 0. 0. 0. 0. 0. 0. 0. 1. 0. 0. 0. 0. 0. 0. 0. 0. 0. 0. 1. 1. 0. 0. 0. 1. 1. 0. 1.],7.0,1000,100,0.01,0.0015,1,6,idID,,random,single_objective
519,0.20038727315632376,0.4837921309059817,0.004127559615,[0.       0.       0.       0.121035 0.       0.       0.       0.       0.       0.       0.       0.121035 0.       0.       0.       0.       0.       0.       0.       0.       0.       0.       0.121034 0.121035 0.       0.       0.       0.273791 0.121034 0.       0.121035],[0. 0. 0. 1. 0. 0. 0. 0. 0. 0. 0. 1. 0. 0. 0. 0. 0. 0. 0. 0. 0. 0. 1. 1. 0. 0. 0. 1. 1. 0. 1.],7.0,1000,100,0.01,0.0015,1,6,idID,,random,single_objective
520,0.20038727315632376,0.4837921309059817,0.004127559615,[0.       0.       0.       0.121035 0.       0.       0.       0.       0.       0.       0.       0.121035 0.       0.       0.       0.       0.       0.       0.       0.       0.       0.       0.121034 0.121035 0.       0.       0.       0.273791 0.121034 0.       0.121035],[0. 0. 0. 1. 0. 0. 0. 0. 0. 0. 0. 1. 0. 0. 0. 0. 0. 0. 0. 0. 0. 0. 1. 1. 0. 0. 0. 1. 1. 0. 1.],7.0,1000,100,0.01,0.0015,1,6,idID,,random,single_objective
521,0.20038727315632376,0.4837921309059817,0.004127559615,[0.       0.       0.       0.121035 0.       0.       0.       0.       0.       0.       0.       0.121035 0.       0.       0.       0.       0.       0.       0.       0.       0.       0.       0.121034 0.121035 0.       0.       0.       0.273791 0.121034 0.       0.121035],[0. 0. 0. 1. 0. 0. 0. 0. 0. 0. 0. 1. 0. 0. 0. 0. 0. 0. 0. 0. 0. 0. 1. 1. 0. 0. 0. 1. 1. 0. 1.],7.0,1000,100,0.01,0.0015,1,6,idID,,random,single_objective
522,0.20038727315632376,0.4837921309059817,0.004127559615,[0.       0.       0.       0.121035 0.       0.       0.       0.       0.       0.       0.       0.121035 0.       0.       0.       0.       0.       0.       0.       0.       0.       0.       0.121034 0.121035 0.       0.       0.       0.273791 0.121034 0.       0.121035],[0. 0. 0. 1. 0. 0. 0. 0. 0. 0. 0. 1. 0. 0. 0. 0. 0. 0. 0. 0. 0. 0. 1. 1. 0. 0. 0. 1. 1. 0. 1.],7.0,1000,100,0.01,0.0015,1,6,idID,,random,single_objective
523,0.20038727315632376,0.4837921309059817,0.004127559615,[0.       0.       0.       0.121035 0.       0.       0.       0.       0.       0.       0.       0.121035 0.       0.       0.       0.       0.       0.       0.       0.       0.       0.       0.121034 0.121035 0.       0.       0.       0.273791 0.121034 0.       0.121035],[0. 0. 0. 1. 0. 0. 0. 0. 0. 0. 0. 1. 0. 0. 0. 0. 0. 0. 0. 0. 0. 0. 1. 1. 0. 0. 0. 1. 1. 0. 1.],7.0,1000,100,0.01,0.0015,1,6,idID,,random,single_objective
524,0.20038727315632376,0.4837921309059817,0.004127559615,[0.       0.       0.       0.121035 0.       0.       0.       0.       0.       0.       0.       0.121035 0.       0.       0.       0.       0.       0.       0.       0.       0.       0.       0.121034 0.121035 0.       0.       0.       0.273791 0.121034 0.       0.121035],[0. 0. 0. 1. 0. 0. 0. 0. 0. 0. 0. 1. 0. 0. 0. 0. 0. 0. 0. 0. 0. 0. 1. 1. 0. 0. 0. 1. 1. 0. 1.],7.0,1000,100,0.01,0.0015,1,6,idID,,random,single_objective
525,0.20038727315632376,0.4837921309059817,0.004127559615,[0.       0.       0.       0.121035 0.       0.       0.       0.       0.       0.       0.       0.121035 0.       0.       0.       0.       0.       0.       0.       0.       0.       0.       0.121034 0.121035 0.       0.       0.       0.273791 0.121034 0.       0.121035],[0. 0. 0. 1. 0. 0. 0. 0. 0. 0. 0. 1. 0. 0. 0. 0. 0. 0. 0. 0. 0. 0. 1. 1. 0. 0. 0. 1. 1. 0. 1.],7.0,1000,100,0.01,0.0015,1,6,idID,,random,single_objective
526,0.20038727315632376,0.4837921309059817,0.004127559615,[0.       0.       0.       0.121035 0.       0.       0.       0.       0.       0.       0.       0.121035 0.       0.       0.       0.       0.       0.       0.       0.       0.       0.       0.121034 0.121035 0.       0.       0.       0.273791 0.121034 0.       0.121035],[0. 0. 0. 1. 0. 0. 0. 0. 0. 0. 0. 1. 0. 0. 0. 0. 0. 0. 0. 0. 0. 0. 1. 1. 0. 0. 0. 1. 1. 0. 1.],7.0,1000,100,0.01,0.0015,1,6,idID,,random,single_objective
527,0.20038727315632376,0.4837921309059817,0.004127559615,[0.       0.       0.       0.121035 0.       0.       0.       0.       0.       0.       0.       0.121035 0.       0.       0.       0.       0.       0.       0.       0.       0.       0.       0.121034 0.121035 0.       0.       0.       0.273791 0.121034 0.       0.121035],[0. 0. 0. 1. 0. 0. 0. 0. 0. 0. 0. 1. 0. 0. 0. 0. 0. 0. 0. 0. 0. 0. 1. 1. 0. 0. 0. 1. 1. 0. 1.],7.0,1000,100,0.01,0.0015,1,6,idID,,random,single_objective
528,0.20038727315632376,0.4837921309059817,0.004127559615,[0.       0.       0.       0.121035 0.       0.       0.       0.       0.       0.       0.       0.121035 0.       0.       0.       0.       0.       0.       0.       0.       0.       0.       0.121034 0.121035 0.       0.       0.       0.273791 0.121034 0.       0.121035],[0. 0. 0. 1. 0. 0. 0. 0. 0. 0. 0. 1. 0. 0. 0. 0. 0. 0. 0. 0. 0. 0. 1. 1. 0. 0. 0. 1. 1. 0. 1.],7.0,1000,100,0.01,0.0015,1,6,idID,,random,single_objective
529,0.20038727315632376,0.4837921309059817,0.004127559615,[0.       0.       0.       0.121035 0.       0.       0.       0.       0.       0.       0.       0.121035 0.       0.       0.       0.       0.       0.       0.       0.       0.       0.       0.121034 0.121035 0.       0.       0.       0.273791 0.121034 0.       0.121035],[0. 0. 0. 1. 0. 0. 0. 0. 0. 0. 0. 1. 0. 0. 0. 0. 0. 0. 0. 0. 0. 0. 1. 1. 0. 0. 0. 1. 1. 0. 1.],7.0,1000,100,0.01,0.0015,1,6,idID,,random,single_objective
530,0.20038727315632376,0.4837921309059817,0.004127559615,[0.       0.       0.       0.121035 0.       0.       0.       0.       0.       0.       0.       0.121035 0.       0.       0.       0.       0.       0.       0.       0.       0.       0.       0.121034 0.121035 0.       0.       0.       0.273791 0.121034 0.       0.121035],[0. 0. 0. 1. 0. 0. 0. 0. 0. 0. 0. 1. 0. 0. 0. 0. 0. 0. 0. 0. 0. 0. 1. 1. 0. 0. 0. 1. 1. 0. 1.],7.0,1000,100,0.01,0.0015,1,6,idID,,random,single_objective
531,0.20038727315632376,0.4837921309059817,0.004127559615,[0.       0.       0.       0.121035 0.       0.       0.       0.       0.       0.       0.       0.121035 0.       0.       0.       0.       0.       0.       0.       0.       0.       0.       0.121034 0.121035 0.       0.       0.       0.273791 0.121034 0.       0.121035],[0. 0. 0. 1. 0. 0. 0. 0. 0. 0. 0. 1. 0. 0. 0. 0. 0. 0. 0. 0. 0. 0. 1. 1. 0. 0. 0. 1. 1. 0. 1.],7.0,1000,100,0.01,0.0015,1,6,idID,,random,single_objective
532,0.20038727315632376,0.4837921309059817,0.004127559615,[0.       0.       0.       0.121035 0.       0.       0.       0.       0.       0.       0.       0.121035 0.       0.       0.       0.       0.       0.       0.       0.       0.       0.       0.121034 0.121035 0.       0.       0.       0.273791 0.121034 0.       0.121035],[0. 0. 0. 1. 0. 0. 0. 0. 0. 0. 0. 1. 0. 0. 0. 0. 0. 0. 0. 0. 0. 0. 1. 1. 0. 0. 0. 1. 1. 0. 1.],7.0,1000,100,0.01,0.0015,1,6,idID,,random,single_objective
533,0.20038727315632376,0.4837921309059817,0.004127559615,[0.       0.       0.       0.121035 0.       0.       0.       0.       0.       0.       0.       0.121035 0.       0.       0.       0.       0.       0.       0.       0.       0.       0.       0.121034 0.121035 0.       0.       0.       0.273791 0.121034 0.       0.121035],[0. 0. 0. 1. 0. 0. 0. 0. 0. 0. 0. 1. 0. 0. 0. 0. 0. 0. 0. 0. 0. 0. 1. 1. 0. 0. 0. 1. 1. 0. 1.],7.0,1000,100,0.01,0.0015,1,6,idID,,random,single_objective
534,0.20038727315632376,0.4837921309059817,0.004127559615,[0.       0.       0.       0.121035 0.       0.       0.       0.       0.       0.       0.       0.121035 0.       0.       0.       0.       0.       0.       0.       0.       0.       0.       0.121034 0.121035 0.       0.       0.       0.273791 0.121034 0.       0.121035],[0. 0. 0. 1. 0. 0. 0. 0. 0. 0. 0. 1. 0. 0. 0. 0. 0. 0. 0. 0. 0. 0. 1. 1. 0. 0. 0. 1. 1. 0. 1.],7.0,1000,100,0.01,0.0015,1,6,idID,,random,single_objective
535,0.20038727315632376,0.4837921309059817,0.004127559615,[0.       0.       0.       0.121035 0.       0.       0.       0.       0.       0.       0.       0.121035 0.       0.       0.       0.       0.       0.       0.       0.       0.       0.       0.121034 0.121035 0.       0.       0.       0.273791 0.121034 0.       0.121035],[0. 0. 0. 1. 0. 0. 0. 0. 0. 0. 0. 1. 0. 0. 0. 0. 0. 0. 0. 0. 0. 0. 1. 1. 0. 0. 0. 1. 1. 0. 1.],7.0,1000,100,0.01,0.0015,1,6,idID,,random,single_objective
536,0.20038727315632376,0.4837921309059817,0.004127559615,[0.       0.       0.       0.121035 0.       0.       0.       0.       0.       0.       0.       0.121035 0.       0.       0.       0.       0.       0.       0.       0.       0.       0.       0.121034 0.121035 0.       0.       0.       0.273791 0.121034 0.       0.121035],[0. 0. 0. 1. 0. 0. 0. 0. 0. 0. 0. 1. 0. 0. 0. 0. 0. 0. 0. 0. 0. 0. 1. 1. 0. 0. 0. 1. 1. 0. 1.],7.0,1000,100,0.01,0.0015,1,6,idID,,random,single_objective
537,0.20038727315632376,0.4837921309059817,0.004127559615,[0.       0.       0.       0.121035 0.       0.       0.       0.       0.       0.       0.       0.121035 0.       0.       0.       0.       0.       0.       0.       0.       0.       0.       0.121034 0.121035 0.       0.       0.       0.273791 0.121034 0.       0.121035],[0. 0. 0. 1. 0. 0. 0. 0. 0. 0. 0. 1. 0. 0. 0. 0. 0. 0. 0. 0. 0. 0. 1. 1. 0. 0. 0. 1. 1. 0. 1.],7.0,1000,100,0.01,0.0015,1,6,idID,,random,single_objective
538,0.20038727315632376,0.4837921309059817,0.004127559615,[0.       0.       0.       0.121035 0.       0.       0.       0.       0.       0.       0.       0.121035 0.       0.       0.       0.       0.       0.       0.       0.       0.       0.       0.121034 0.121035 0.       0.       0.       0.273791 0.121034 0.       0.121035],[0. 0. 0. 1. 0. 0. 0. 0. 0. 0. 0. 1. 0. 0. 0. 0. 0. 0. 0. 0. 0. 0. 1. 1. 0. 0. 0. 1. 1. 0. 1.],7.0,1000,100,0.01,0.0015,1,6,idID,,random,single_objective
539,0.20038727315632376,0.4837921309059817,0.004127559615,[0.       0.       0.       0.121035 0.       0.       0.       0.       0.       0.       0.       0.121035 0.       0.       0.       0.       0.       0.       0.       0.       0.       0.       0.121034 0.121035 0.       0.       0.       0.273791 0.121034 0.       0.121035],[0. 0. 0. 1. 0. 0. 0. 0. 0. 0. 0. 1. 0. 0. 0. 0. 0. 0. 0. 0. 0. 0. 1. 1. 0. 0. 0. 1. 1. 0. 1.],7.0,1000,100,0.01,0.0015,1,6,idID,,random,single_objective
540,0.20038727315632376,0.4837921309059817,0.004127559615,[0.       0.       0.       0.121035 0.       0.       0.       0.       0.       0.       0.       0.121035 0.       0.       0.       0.       0.       0.       0.       0.       0.       0.       0.121034 0.121035 0.       0.       0.       0.273791 0.121034 0.       0.121035],[0. 0. 0. 1. 0. 0. 0. 0. 0. 0. 0. 1. 0. 0. 0. 0. 0. 0. 0. 0. 0. 0. 1. 1. 0. 0. 0. 1. 1. 0. 1.],7.0,1000,100,0.01,0.0015,1,6,idID,,random,single_objective
541,0.20038727315632376,0.4837921309059817,0.004127559615,[0.       0.       0.       0.121035 0.       0.       0.       0.       0.       0.       0.       0.121035 0.       0.       0.       0.       0.       0.       0.       0.       0.       0.       0.121034 0.121035 0.       0.       0.       0.273791 0.121034 0.       0.121035],[0. 0. 0. 1. 0. 0. 0. 0. 0. 0. 0. 1. 0. 0. 0. 0. 0. 0. 0. 0. 0. 0. 1. 1. 0. 0. 0. 1. 1. 0. 1.],7.0,1000,100,0.01,0.0015,1,6,idID,,random,single_objective
542,0.20038727315632376,0.4837921309059817,0.004127559615,[0.       0.       0.       0.121035 0.       0.       0.       0.       0.       0.       0.       0.121035 0.       0.       0.       0.       0.       0.       0.       0.       0.       0.       0.121034 0.121035 0.       0.       0.       0.273791 0.121034 0.       0.121035],[0. 0. 0. 1. 0. 0. 0. 0. 0. 0. 0. 1. 0. 0. 0. 0. 0. 0. 0. 0. 0. 0. 1. 1. 0. 0. 0. 1. 1. 0. 1.],7.0,1000,100,0.01,0.0015,1,6,idID,,random,single_objective
543,0.20038727315632376,0.4837921309059817,0.004127559615,[0.       0.       0.       0.121035 0.       0.       0.       0.       0.       0.       0.       0.121035 0.       0.       0.       0.       0.       0.       0.       0.       0.       0.       0.121034 0.121035 0.       0.       0.       0.273791 0.121034 0.       0.121035],[0. 0. 0. 1. 0. 0. 0. 0. 0. 0. 0. 1. 0. 0. 0. 0. 0. 0. 0. 0. 0. 0. 1. 1. 0. 0. 0. 1. 1. 0. 1.],7.0,1000,100,0.01,0.0015,1,6,idID,,random,single_objective
544,0.20038727315632376,0.4837921309059817,0.004127559615,[0.       0.       0.       0.121035 0.       0.       0.       0.       0.       0.       0.       0.121035 0.       0.       0.       0.       0.       0.       0.       0.       0.       0.       0.121034 0.121035 0.       0.       0.       0.273791 0.121034 0.       0.121035],[0. 0. 0. 1. 0. 0. 0. 0. 0. 0. 0. 1. 0. 0. 0. 0. 0. 0. 0. 0. 0. 0. 1. 1. 0. 0. 0. 1. 1. 0. 1.],7.0,1000,100,0.01,0.0015,1,6,idID,,random,single_objective
545,0.20038727315632376,0.4837921309059817,0.004127559615,[0.       0.       0.       0.121035 0.       0.       0.       0.       0.       0.       0.       0.121035 0.       0.       0.       0.       0.       0.       0.       0.       0.       0.       0.121034 0.121035 0.       0.       0.       0.273791 0.121034 0.       0.121035],[0. 0. 0. 1. 0. 0. 0. 0. 0. 0. 0. 1. 0. 0. 0. 0. 0. 0. 0. 0. 0. 0. 1. 1. 0. 0. 0. 1. 1. 0. 1.],7.0,1000,100,0.01,0.0015,1,6,idID,,random,single_objective
546,0.20038727315632376,0.4837921309059817,0.004127559615,[0.       0.       0.       0.121035 0.       0.       0.       0.       0.       0.       0.       0.121035 0.       0.       0.       0.       0.       0.       0.       0.       0.       0.       0.121034 0.121035 0.       0.       0.       0.273791 0.121034 0.       0.121035],[0. 0. 0. 1. 0. 0. 0. 0. 0. 0. 0. 1. 0. 0. 0. 0. 0. 0. 0. 0. 0. 0. 1. 1. 0. 0. 0. 1. 1. 0. 1.],7.0,1000,100,0.01,0.0015,1,6,idID,,random,single_objective
547,0.20038727315632376,0.4837921309059817,0.004127559615,[0.       0.       0.       0.121035 0.       0.       0.       0.       0.       0.       0.       0.121035 0.       0.       0.       0.       0.       0.       0.       0.       0.       0.       0.121034 0.121035 0.       0.       0.       0.273791 0.121034 0.       0.121035],[0. 0. 0. 1. 0. 0. 0. 0. 0. 0. 0. 1. 0. 0. 0. 0. 0. 0. 0. 0. 0. 0. 1. 1. 0. 0. 0. 1. 1. 0. 1.],7.0,1000,100,0.01,0.0015,1,6,idID,,random,single_objective
548,0.20038727315632376,0.4837921309059817,0.004127559615,[0.       0.       0.       0.121035 0.       0.       0.       0.       0.       0.       0.       0.121035 0.       0.       0.       0.       0.       0.       0.       0.       0.       0.       0.121034 0.121035 0.       0.       0.       0.273791 0.121034 0.       0.121035],[0. 0. 0. 1. 0. 0. 0. 0. 0. 0. 0. 1. 0. 0. 0. 0. 0. 0. 0. 0. 0. 0. 1. 1. 0. 0. 0. 1. 1. 0. 1.],7.0,1000,100,0.01,0.0015,1,6,idID,,random,single_objective
549,0.20038727315632376,0.4837921309059817,0.004127559615,[0.       0.       0.       0.121035 0.       0.       0.       0.       0.       0.       0.       0.121035 0.       0.       0.       0.       0.       0.       0.       0.       0.       0.       0.121034 0.121035 0.       0.       0.       0.273791 0.121034 0.       0.121035],[0. 0. 0. 1. 0. 0. 0. 0. 0. 0. 0. 1. 0. 0. 0. 0. 0. 0. 0. 0. 0. 0. 1. 1. 0. 0. 0. 1. 1. 0. 1.],7.0,1000,100,0.01,0.0015,1,6,idID,,random,single_objective
550,0.20038727315632376,0.4837921309059817,0.004127559615,[0.       0.       0.       0.121035 0.       0.       0.       0.       0.       0.       0.       0.121035 0.       0.       0.       0.       0.       0.       0.       0.       0.       0.       0.121034 0.121035 0.       0.       0.       0.273791 0.121034 0.       0.121035],[0. 0. 0. 1. 0. 0. 0. 0. 0. 0. 0. 1. 0. 0. 0. 0. 0. 0. 0. 0. 0. 0. 1. 1. 0. 0. 0. 1. 1. 0. 1.],7.0,1000,100,0.01,0.0015,1,6,idID,,random,single_objective
551,0.20038727315632376,0.4837921309059817,0.004127559615,[0.       0.       0.       0.121035 0.       0.       0.       0.       0.       0.       0.       0.121035 0.       0.       0.       0.       0.       0.       0.       0.       0.       0.       0.121034 0.121035 0.       0.       0.       0.273791 0.121034 0.       0.121035],[0. 0. 0. 1. 0. 0. 0. 0. 0. 0. 0. 1. 0. 0. 0. 0. 0. 0. 0. 0. 0. 0. 1. 1. 0. 0. 0. 1. 1. 0. 1.],7.0,1000,100,0.01,0.0015,1,6,idID,,random,single_objective
552,0.20038727315632376,0.4837921309059817,0.004127559615,[0.       0.       0.       0.121035 0.       0.       0.       0.       0.       0.       0.       0.121035 0.       0.       0.       0.       0.       0.       0.       0.       0.       0.       0.121034 0.121035 0.       0.       0.       0.273791 0.121034 0.       0.121035],[0. 0. 0. 1. 0. 0. 0. 0. 0. 0. 0. 1. 0. 0. 0. 0. 0. 0. 0. 0. 0. 0. 1. 1. 0. 0. 0. 1. 1. 0. 1.],7.0,1000,100,0.01,0.0015,1,6,idID,,random,single_objective
553,0.20038727315632376,0.4837921309059817,0.004127559615,[0.       0.       0.       0.121035 0.       0.       0.       0.       0.       0.       0.       0.121035 0.       0.       0.       0.       0.       0.       0.       0.       0.       0.       0.121034 0.121035 0.       0.       0.       0.273791 0.121034 0.       0.121035],[0. 0. 0. 1. 0. 0. 0. 0. 0. 0. 0. 1. 0. 0. 0. 0. 0. 0. 0. 0. 0. 0. 1. 1. 0. 0. 0. 1. 1. 0. 1.],7.0,1000,100,0.01,0.0015,1,6,idID,,random,single_objective
554,0.20038727315632376,0.4837921309059817,0.004127559615,[0.       0.       0.       0.121035 0.       0.       0.       0.       0.       0.       0.       0.121035 0.       0.       0.       0.       0.       0.       0.       0.       0.       0.       0.121034 0.121035 0.       0.       0.       0.273791 0.121034 0.       0.121035],[0. 0. 0. 1. 0. 0. 0. 0. 0. 0. 0. 1. 0. 0. 0. 0. 0. 0. 0. 0. 0. 0. 1. 1. 0. 0. 0. 1. 1. 0. 1.],7.0,1000,100,0.01,0.0015,1,6,idID,,random,single_objective
555,0.20038727315632376,0.4837921309059817,0.004127559615,[0.       0.       0.       0.121035 0.       0.       0.       0.       0.       0.       0.       0.121035 0.       0.       0.       0.       0.       0.       0.       0.       0.       0.       0.121034 0.121035 0.       0.       0.       0.273791 0.121034 0.       0.121035],[0. 0. 0. 1. 0. 0. 0. 0. 0. 0. 0. 1. 0. 0. 0. 0. 0. 0. 0. 0. 0. 0. 1. 1. 0. 0. 0. 1. 1. 0. 1.],7.0,1000,100,0.01,0.0015,1,6,idID,,random,single_objective
556,0.20038727315632376,0.4837921309059817,0.004127559615,[0.       0.       0.       0.121035 0.       0.       0.       0.       0.       0.       0.       0.121035 0.       0.       0.       0.       0.       0.       0.       0.       0.       0.       0.121034 0.121035 0.       0.       0.       0.273791 0.121034 0.       0.121035],[0. 0. 0. 1. 0. 0. 0. 0. 0. 0. 0. 1. 0. 0. 0. 0. 0. 0. 0. 0. 0. 0. 1. 1. 0. 0. 0. 1. 1. 0. 1.],7.0,1000,100,0.01,0.0015,1,6,idID,,random,single_objective
557,0.20038727315632376,0.4837921309059817,0.004127559615,[0.       0.       0.       0.121035 0.       0.       0.       0.       0.       0.       0.       0.121035 0.       0.       0.       0.       0.       0.       0.       0.       0.       0.       0.121034 0.121035 0.       0.       0.       0.273791 0.121034 0.       0.121035],[0. 0. 0. 1. 0. 0. 0. 0. 0. 0. 0. 1. 0. 0. 0. 0. 0. 0. 0. 0. 0. 0. 1. 1. 0. 0. 0. 1. 1. 0. 1.],7.0,1000,100,0.01,0.0015,1,6,idID,,random,single_objective
558,0.20038727315632376,0.4837921309059817,0.004127559615,[0.       0.       0.       0.121035 0.       0.       0.       0.       0.       0.       0.       0.121035 0.       0.       0.       0.       0.       0.       0.       0.       0.       0.       0.121034 0.121035 0.       0.       0.       0.273791 0.121034 0.       0.121035],[0. 0. 0. 1. 0. 0. 0. 0. 0. 0. 0. 1. 0. 0. 0. 0. 0. 0. 0. 0. 0. 0. 1. 1. 0. 0. 0. 1. 1. 0. 1.],7.0,1000,100,0.01,0.0015,1,6,idID,,random,single_objective
559,0.20038727315632376,0.4837921309059817,0.004127559615,[0.       0.       0.       0.121035 0.       0.       0.       0.       0.       0.       0.       0.121035 0.       0.       0.       0.       0.       0.       0.       0.       0.       0.       0.121034 0.121035 0.       0.       0.       0.273791 0.121034 0.       0.121035],[0. 0. 0. 1. 0. 0. 0. 0. 0. 0. 0. 1. 0. 0. 0. 0. 0. 0. 0. 0. 0. 0. 1. 1. 0. 0. 0. 1. 1. 0. 1.],7.0,1000,100,0.01,0.0015,1,6,idID,,random,single_objective
560,0.20038727315632376,0.4837921309059817,0.004127559615,[0.       0.       0.       0.121035 0.       0.       0.       0.       0.       0.       0.       0.121035 0.       0.       0.       0.       0.       0.       0.       0.       0.       0.       0.121034 0.121035 0.       0.       0.       0.273791 0.121034 0.       0.121035],[0. 0. 0. 1. 0. 0. 0. 0. 0. 0. 0. 1. 0. 0. 0. 0. 0. 0. 0. 0. 0. 0. 1. 1. 0. 0. 0. 1. 1. 0. 1.],7.0,1000,100,0.01,0.0015,1,6,idID,,random,single_objective
561,0.20038727315632376,0.4837921309059817,0.004127559615,[0.       0.       0.       0.121035 0.       0.       0.       0.       0.       0.       0.       0.121035 0.       0.       0.       0.       0.       0.       0.       0.       0.       0.       0.121034 0.121035 0.       0.       0.       0.273791 0.121034 0.       0.121035],[0. 0. 0. 1. 0. 0. 0. 0. 0. 0. 0. 1. 0. 0. 0. 0. 0. 0. 0. 0. 0. 0. 1. 1. 0. 0. 0. 1. 1. 0. 1.],7.0,1000,100,0.01,0.0015,1,6,idID,,random,single_objective
562,0.20038727315632376,0.4837921309059817,0.004127559615,[0.       0.       0.       0.121035 0.       0.       0.       0.       0.       0.       0.       0.121035 0.       0.       0.       0.       0.       0.       0.       0.       0.       0.       0.121034 0.121035 0.       0.       0.       0.273791 0.121034 0.       0.121035],[0. 0. 0. 1. 0. 0. 0. 0. 0. 0. 0. 1. 0. 0. 0. 0. 0. 0. 0. 0. 0. 0. 1. 1. 0. 0. 0. 1. 1. 0. 1.],7.0,1000,100,0.01,0.0015,1,6,idID,,random,single_objective
563,0.20038727315632376,0.4837921309059817,0.004127559615,[0.       0.       0.       0.121035 0.       0.       0.       0.       0.       0.       0.       0.121035 0.       0.       0.       0.       0.       0.       0.       0.       0.       0.       0.121034 0.121035 0.       0.       0.       0.273791 0.121034 0.       0.121035],[0. 0. 0. 1. 0. 0. 0. 0. 0. 0. 0. 1. 0. 0. 0. 0. 0. 0. 0. 0. 0. 0. 1. 1. 0. 0. 0. 1. 1. 0. 1.],7.0,1000,100,0.01,0.0015,1,6,idID,,random,single_objective
564,0.20038727315632376,0.4837921309059817,0.004127559615,[0.       0.       0.       0.121035 0.       0.       0.       0.       0.       0.       0.       0.121035 0.       0.       0.       0.       0.       0.       0.       0.       0.       0.       0.121034 0.121035 0.       0.       0.       0.273791 0.121034 0.       0.121035],[0. 0. 0. 1. 0. 0. 0. 0. 0. 0. 0. 1. 0. 0. 0. 0. 0. 0. 0. 0. 0. 0. 1. 1. 0. 0. 0. 1. 1. 0. 1.],7.0,1000,100,0.01,0.0015,1,6,idID,,random,single_objective
565,0.20038727315632376,0.4837921309059817,0.004127559615,[0.       0.       0.       0.121035 0.       0.       0.       0.       0.       0.       0.       0.121035 0.       0.       0.       0.       0.       0.       0.       0.       0.       0.       0.121034 0.121035 0.       0.       0.       0.273791 0.121034 0.       0.121035],[0. 0. 0. 1. 0. 0. 0. 0. 0. 0. 0. 1. 0. 0. 0. 0. 0. 0. 0. 0. 0. 0. 1. 1. 0. 0. 0. 1. 1. 0. 1.],7.0,1000,100,0.01,0.0015,1,6,idID,,random,single_objective
566,0.20038727315632376,0.4837921309059817,0.004127559615,[0.       0.       0.       0.121035 0.       0.       0.       0.       0.       0.       0.       0.121035 0.       0.       0.       0.       0.       0.       0.       0.       0.       0.       0.121034 0.121035 0.       0.       0.       0.273791 0.121034 0.       0.121035],[0. 0. 0. 1. 0. 0. 0. 0. 0. 0. 0. 1. 0. 0. 0. 0. 0. 0. 0. 0. 0. 0. 1. 1. 0. 0. 0. 1. 1. 0. 1.],7.0,1000,100,0.01,0.0015,1,6,idID,,random,single_objective
567,0.20038727315632376,0.4837921309059817,0.004127559615,[0.       0.       0.       0.121035 0.       0.       0.       0.       0.       0.       0.       0.121035 0.       0.       0.       0.       0.       0.       0.       0.       0.       0.       0.121034 0.121035 0.       0.       0.       0.273791 0.121034 0.       0.121035],[0. 0. 0. 1. 0. 0. 0. 0. 0. 0. 0. 1. 0. 0. 0. 0. 0. 0. 0. 0. 0. 0. 1. 1. 0. 0. 0. 1. 1. 0. 1.],7.0,1000,100,0.01,0.0015,1,6,idID,,random,single_objective
568,0.20038727315632376,0.4837921309059817,0.004127559615,[0.       0.       0.       0.121035 0.       0.       0.       0.       0.       0.       0.       0.121035 0.       0.       0.       0.       0.       0.       0.       0.       0.       0.       0.121034 0.121035 0.       0.       0.       0.273791 0.121034 0.       0.121035],[0. 0. 0. 1. 0. 0. 0. 0. 0. 0. 0. 1. 0. 0. 0. 0. 0. 0. 0. 0. 0. 0. 1. 1. 0. 0. 0. 1. 1. 0. 1.],7.0,1000,100,0.01,0.0015,1,6,idID,,random,single_objective
569,0.20038727315632376,0.4837921309059817,0.004127559615,[0.       0.       0.       0.121035 0.       0.       0.       0.       0.       0.       0.       0.121035 0.       0.       0.       0.       0.       0.       0.       0.       0.       0.       0.121034 0.121035 0.       0.       0.       0.273791 0.121034 0.       0.121035],[0. 0. 0. 1. 0. 0. 0. 0. 0. 0. 0. 1. 0. 0. 0. 0. 0. 0. 0. 0. 0. 0. 1. 1. 0. 0. 0. 1. 1. 0. 1.],7.0,1000,100,0.01,0.0015,1,6,idID,,random,single_objective
570,0.20038727315632376,0.4837921309059817,0.004127559615,[0.       0.       0.       0.121035 0.       0.       0.       0.       0.       0.       0.       0.121035 0.       0.       0.       0.       0.       0.       0.       0.       0.       0.       0.121034 0.121035 0.       0.       0.       0.273791 0.121034 0.       0.121035],[0. 0. 0. 1. 0. 0. 0. 0. 0. 0. 0. 1. 0. 0. 0. 0. 0. 0. 0. 0. 0. 0. 1. 1. 0. 0. 0. 1. 1. 0. 1.],7.0,1000,100,0.01,0.0015,1,6,idID,,random,single_objective
571,0.20038727315632376,0.4837921309059817,0.004127559615,[0.       0.       0.       0.121035 0.       0.       0.       0.       0.       0.       0.       0.121035 0.       0.       0.       0.       0.       0.       0.       0.       0.       0.       0.121034 0.121035 0.       0.       0.       0.273791 0.121034 0.       0.121035],[0. 0. 0. 1. 0. 0. 0. 0. 0. 0. 0. 1. 0. 0. 0. 0. 0. 0. 0. 0. 0. 0. 1. 1. 0. 0. 0. 1. 1. 0. 1.],7.0,1000,100,0.01,0.0015,1,6,idID,,random,single_objective
572,0.20038727315632376,0.4837921309059817,0.004127559615,[0.       0.       0.       0.121035 0.       0.       0.       0.       0.       0.       0.       0.121035 0.       0.       0.       0.       0.       0.       0.       0.       0.       0.       0.121034 0.121035 0.       0.       0.       0.273791 0.121034 0.       0.121035],[0. 0. 0. 1. 0. 0. 0. 0. 0. 0. 0. 1. 0. 0. 0. 0. 0. 0. 0. 0. 0. 0. 1. 1. 0. 0. 0. 1. 1. 0. 1.],7.0,1000,100,0.01,0.0015,1,6,idID,,random,single_objective
573,0.20038727315632376,0.4837921309059817,0.004127559615,[0.       0.       0.       0.121035 0.       0.       0.       0.       0.       0.       0.       0.121035 0.       0.       0.       0.       0.       0.       0.       0.       0.       0.       0.121034 0.121035 0.       0.       0.       0.273791 0.121034 0.       0.121035],[0. 0. 0. 1. 0. 0. 0. 0. 0. 0. 0. 1. 0. 0. 0. 0. 0. 0. 0. 0. 0. 0. 1. 1. 0. 0. 0. 1. 1. 0. 1.],7.0,1000,100,0.01,0.0015,1,6,idID,,random,single_objective
574,0.20038727315632376,0.4837921309059817,0.004127559615,[0.       0.       0.       0.121035 0.       0.       0.       0.       0.       0.       0.       0.121035 0.       0.       0.       0.       0.       0.       0.       0.       0.       0.       0.121034 0.121035 0.       0.       0.       0.273791 0.121034 0.       0.121035],[0. 0. 0. 1. 0. 0. 0. 0. 0. 0. 0. 1. 0. 0. 0. 0. 0. 0. 0. 0. 0. 0. 1. 1. 0. 0. 0. 1. 1. 0. 1.],7.0,1000,100,0.01,0.0015,1,6,idID,,random,single_objective
575,0.20038727315632376,0.4837921309059817,0.004127559615,[0.       0.       0.       0.121035 0.       0.       0.       0.       0.       0.       0.       0.121035 0.       0.       0.       0.       0.       0.       0.       0.       0.       0.       0.121034 0.121035 0.       0.       0.       0.273791 0.121034 0.       0.121035],[0. 0. 0. 1. 0. 0. 0. 0. 0. 0. 0. 1. 0. 0. 0. 0. 0. 0. 0. 0. 0. 0. 1. 1. 0. 0. 0. 1. 1. 0. 1.],7.0,1000,100,0.01,0.0015,1,6,idID,,random,single_objective
576,0.20038727315632376,0.4837921309059817,0.004127559615,[0.       0.       0.       0.121035 0.       0.       0.       0.       0.       0.       0.       0.121035 0.       0.       0.       0.       0.       0.       0.       0.       0.       0.       0.121034 0.121035 0.       0.       0.       0.273791 0.121034 0.       0.121035],[0. 0. 0. 1. 0. 0. 0. 0. 0. 0. 0. 1. 0. 0. 0. 0. 0. 0. 0. 0. 0. 0. 1. 1. 0. 0. 0. 1. 1. 0. 1.],7.0,1000,100,0.01,0.0015,1,6,idID,,random,single_objective
577,0.20038727315632376,0.4837921309059817,0.004127559615,[0.       0.       0.       0.121035 0.       0.       0.       0.       0.       0.       0.       0.121035 0.       0.       0.       0.       0.       0.       0.       0.       0.       0.       0.121034 0.121035 0.       0.       0.       0.273791 0.121034 0.       0.121035],[0. 0. 0. 1. 0. 0. 0. 0. 0. 0. 0. 1. 0. 0. 0. 0. 0. 0. 0. 0. 0. 0. 1. 1. 0. 0. 0. 1. 1. 0. 1.],7.0,1000,100,0.01,0.0015,1,6,idID,,random,single_objective
578,0.20038727315632376,0.4837921309059817,0.004127559615,[0.       0.       0.       0.121035 0.       0.       0.       0.       0.       0.       0.       0.121035 0.       0.       0.       0.       0.       0.       0.       0.       0.       0.       0.121034 0.121035 0.       0.       0.       0.273791 0.121034 0.       0.121035],[0. 0. 0. 1. 0. 0. 0. 0. 0. 0. 0. 1. 0. 0. 0. 0. 0. 0. 0. 0. 0. 0. 1. 1. 0. 0. 0. 1. 1. 0. 1.],7.0,1000,100,0.01,0.0015,1,6,idID,,random,single_objective
579,0.20038727315632376,0.4837921309059817,0.004127559615,[0.       0.       0.       0.121035 0.       0.       0.       0.       0.       0.       0.       0.121035 0.       0.       0.       0.       0.       0.       0.       0.       0.       0.       0.121034 0.121035 0.       0.       0.       0.273791 0.121034 0.       0.121035],[0. 0. 0. 1. 0. 0. 0. 0. 0. 0. 0. 1. 0. 0. 0. 0. 0. 0. 0. 0. 0. 0. 1. 1. 0. 0. 0. 1. 1. 0. 1.],7.0,1000,100,0.01,0.0015,1,6,idID,,random,single_objective
580,0.20038727315632376,0.4837921309059817,0.004127559615,[0.       0.       0.       0.121035 0.       0.       0.       0.       0.       0.       0.       0.121035 0.       0.       0.       0.       0.       0.       0.       0.       0.       0.       0.121034 0.121035 0.       0.       0.       0.273791 0.121034 0.       0.121035],[0. 0. 0. 1. 0. 0. 0. 0. 0. 0. 0. 1. 0. 0. 0. 0. 0. 0. 0. 0. 0. 0. 1. 1. 0. 0. 0. 1. 1. 0. 1.],7.0,1000,100,0.01,0.0015,1,6,idID,,random,single_objective
581,0.20038727315632376,0.4837921309059817,0.004127559615,[0.       0.       0.       0.121035 0.       0.       0.       0.       0.       0.       0.       0.121035 0.       0.       0.       0.       0.       0.       0.       0.       0.       0.       0.121034 0.121035 0.       0.       0.       0.273791 0.121034 0.       0.121035],[0. 0. 0. 1. 0. 0. 0. 0. 0. 0. 0. 1. 0. 0. 0. 0. 0. 0. 0. 0. 0. 0. 1. 1. 0. 0. 0. 1. 1. 0. 1.],7.0,1000,100,0.01,0.0015,1,6,idID,,random,single_objective
582,0.20038727315632376,0.4837921309059817,0.004127559615,[0.       0.       0.       0.121035 0.       0.       0.       0.       0.       0.       0.       0.121035 0.       0.       0.       0.       0.       0.       0.       0.       0.       0.       0.121034 0.121035 0.       0.       0.       0.273791 0.121034 0.       0.121035],[0. 0. 0. 1. 0. 0. 0. 0. 0. 0. 0. 1. 0. 0. 0. 0. 0. 0. 0. 0. 0. 0. 1. 1. 0. 0. 0. 1. 1. 0. 1.],7.0,1000,100,0.01,0.0015,1,6,idID,,random,single_objective
583,0.20038727315632376,0.4837921309059817,0.004127559615,[0.       0.       0.       0.121035 0.       0.       0.       0.       0.       0.       0.       0.121035 0.       0.       0.       0.       0.       0.       0.       0.       0.       0.       0.121034 0.121035 0.       0.       0.       0.273791 0.121034 0.       0.121035],[0. 0. 0. 1. 0. 0. 0. 0. 0. 0. 0. 1. 0. 0. 0. 0. 0. 0. 0. 0. 0. 0. 1. 1. 0. 0. 0. 1. 1. 0. 1.],7.0,1000,100,0.01,0.0015,1,6,idID,,random,single_objective
584,0.20038727315632376,0.4837921309059817,0.004127559615,[0.       0.       0.       0.121035 0.       0.       0.       0.       0.       0.       0.       0.121035 0.       0.       0.       0.       0.       0.       0.       0.       0.       0.       0.121034 0.121035 0.       0.       0.       0.273791 0.121034 0.       0.121035],[0. 0. 0. 1. 0. 0. 0. 0. 0. 0. 0. 1. 0. 0. 0. 0. 0. 0. 0. 0. 0. 0. 1. 1. 0. 0. 0. 1. 1. 0. 1.],7.0,1000,100,0.01,0.0015,1,6,idID,,random,single_objective
585,0.20038727315632376,0.4837921309059817,0.004127559615,[0.       0.       0.       0.121035 0.       0.       0.       0.       0.       0.       0.       0.121035 0.       0.       0.       0.       0.       0.       0.       0.       0.       0.       0.121034 0.121035 0.       0.       0.       0.273791 0.121034 0.       0.121035],[0. 0. 0. 1. 0. 0. 0. 0. 0. 0. 0. 1. 0. 0. 0. 0. 0. 0. 0. 0. 0. 0. 1. 1. 0. 0. 0. 1. 1. 0. 1.],7.0,1000,100,0.01,0.0015,1,6,idID,,random,single_objective
586,0.20038727315632376,0.4837921309059817,0.004127559615,[0.       0.       0.       0.121035 0.       0.       0.       0.       0.       0.       0.       0.121035 0.       0.       0.       0.       0.       0.       0.       0.       0.       0.       0.121034 0.121035 0.       0.       0.       0.273791 0.121034 0.       0.121035],[0. 0. 0. 1. 0. 0. 0. 0. 0. 0. 0. 1. 0. 0. 0. 0. 0. 0. 0. 0. 0. 0. 1. 1. 0. 0. 0. 1. 1. 0. 1.],7.0,1000,100,0.01,0.0015,1,6,idID,,random,single_objective
587,0.20038727315632376,0.4837921309059817,0.004127559615,[0.       0.       0.       0.121035 0.       0.       0.       0.       0.       0.       0.       0.121035 0.       0.       0.       0.       0.       0.       0.       0.       0.       0.       0.121034 0.121035 0.       0.       0.       0.273791 0.121034 0.       0.121035],[0. 0. 0. 1. 0. 0. 0. 0. 0. 0. 0. 1. 0. 0. 0. 0. 0. 0. 0. 0. 0. 0. 1. 1. 0. 0. 0. 1. 1. 0. 1.],7.0,1000,100,0.01,0.0015,1,6,idID,,random,single_objective
588,0.20038727315632376,0.4837921309059817,0.004127559615,[0.       0.       0.       0.121035 0.       0.       0.       0.       0.       0.       0.       0.121035 0.       0.       0.       0.       0.       0.       0.       0.       0.       0.       0.121034 0.121035 0.       0.       0.       0.273791 0.121034 0.       0.121035],[0. 0. 0. 1. 0. 0. 0. 0. 0. 0. 0. 1. 0. 0. 0. 0. 0. 0. 0. 0. 0. 0. 1. 1. 0. 0. 0. 1. 1. 0. 1.],7.0,1000,100,0.01,0.0015,1,6,idID,,random,single_objective
589,0.20038727315632376,0.4837921309059817,0.004127559615,[0.       0.       0.       0.121035 0.       0.       0.       0.       0.       0.       0.       0.121035 0.       0.       0.       0.       0.       0.       0.       0.       0.       0.       0.121034 0.121035 0.       0.       0.       0.273791 0.121034 0.       0.121035],[0. 0. 0. 1. 0. 0. 0. 0. 0. 0. 0. 1. 0. 0. 0. 0. 0. 0. 0. 0. 0. 0. 1. 1. 0. 0. 0. 1. 1. 0. 1.],7.0,1000,100,0.01,0.0015,1,6,idID,,random,single_objective
590,0.20038727315632376,0.4837921309059817,0.004127559615,[0.       0.       0.       0.121035 0.       0.       0.       0.       0.       0.       0.       0.121035 0.       0.       0.       0.       0.       0.       0.       0.       0.       0.       0.121034 0.121035 0.       0.       0.       0.273791 0.121034 0.       0.121035],[0. 0. 0. 1. 0. 0. 0. 0. 0. 0. 0. 1. 0. 0. 0. 0. 0. 0. 0. 0. 0. 0. 1. 1. 0. 0. 0. 1. 1. 0. 1.],7.0,1000,100,0.01,0.0015,1,6,idID,,random,single_objective
591,0.20038727315632376,0.4837921309059817,0.004127559615,[0.       0.       0.       0.121035 0.       0.       0.       0.       0.       0.       0.       0.121035 0.       0.       0.       0.       0.       0.       0.       0.       0.       0.       0.121034 0.121035 0.       0.       0.       0.273791 0.121034 0.       0.121035],[0. 0. 0. 1. 0. 0. 0. 0. 0. 0. 0. 1. 0. 0. 0. 0. 0. 0. 0. 0. 0. 0. 1. 1. 0. 0. 0. 1. 1. 0. 1.],7.0,1000,100,0.01,0.0015,1,6,idID,,random,single_objective
592,0.20038727315632376,0.4837921309059817,0.004127559615,[0.       0.       0.       0.121035 0.       0.       0.       0.       0.       0.       0.       0.121035 0.       0.       0.       0.       0.       0.       0.       0.       0.       0.       0.121034 0.121035 0.       0.       0.       0.273791 0.121034 0.       0.121035],[0. 0. 0. 1. 0. 0. 0. 0. 0. 0. 0. 1. 0. 0. 0. 0. 0. 0. 0. 0. 0. 0. 1. 1. 0. 0. 0. 1. 1. 0. 1.],7.0,1000,100,0.01,0.0015,1,6,idID,,random,single_objective
593,0.20038727315632376,0.4837921309059817,0.004127559615,[0.       0.       0.       0.121035 0.       0.       0.       0.       0.       0.       0.       0.121035 0.       0.       0.       0.       0.       0.       0.       0.       0.       0.       0.121034 0.121035 0.       0.       0.       0.273791 0.121034 0.       0.121035],[0. 0. 0. 1. 0. 0. 0. 0. 0. 0. 0. 1. 0. 0. 0. 0. 0. 0. 0. 0. 0. 0. 1. 1. 0. 0. 0. 1. 1. 0. 1.],7.0,1000,100,0.01,0.0015,1,6,idID,,random,single_objective
594,0.20038727315632376,0.4837921309059817,0.004127559615,[0.       0.       0.       0.121035 0.       0.       0.       0.       0.       0.       0.       0.121035 0.       0.       0.       0.       0.       0.       0.       0.       0.       0.       0.121034 0.121035 0.       0.       0.       0.273791 0.121034 0.       0.121035],[0. 0. 0. 1. 0. 0. 0. 0. 0. 0. 0. 1. 0. 0. 0. 0. 0. 0. 0. 0. 0. 0. 1. 1. 0. 0. 0. 1. 1. 0. 1.],7.0,1000,100,0.01,0.0015,1,6,idID,,random,single_objective
595,0.20038727315632376,0.4837921309059817,0.004127559615,[0.       0.       0.       0.121035 0.       0.       0.       0.       0.       0.       0.       0.121035 0.       0.       0.       0.       0.       0.       0.       0.       0.       0.       0.121034 0.121035 0.       0.       0.       0.273791 0.121034 0.       0.121035],[0. 0. 0. 1. 0. 0. 0. 0. 0. 0. 0. 1. 0. 0. 0. 0. 0. 0. 0. 0. 0. 0. 1. 1. 0. 0. 0. 1. 1. 0. 1.],7.0,1000,100,0.01,0.0015,1,6,idID,,random,single_objective
596,0.20038727315632376,0.4837921309059817,0.004127559615,[0.       0.       0.       0.121035 0.       0.       0.       0.       0.       0.       0.       0.121035 0.       0.       0.       0.       0.       0.       0.       0.       0.       0.       0.121034 0.121035 0.       0.       0.       0.273791 0.121034 0.       0.121035],[0. 0. 0. 1. 0. 0. 0. 0. 0. 0. 0. 1. 0. 0. 0. 0. 0. 0. 0. 0. 0. 0. 1. 1. 0. 0. 0. 1. 1. 0. 1.],7.0,1000,100,0.01,0.0015,1,6,idID,,random,single_objective
597,0.20038727315632376,0.4837921309059817,0.004127559615,[0.       0.       0.       0.121035 0.       0.       0.       0.       0.       0.       0.       0.121035 0.       0.       0.       0.       0.       0.       0.       0.       0.       0.       0.121034 0.121035 0.       0.       0.       0.273791 0.121034 0.       0.121035],[0. 0. 0. 1. 0. 0. 0. 0. 0. 0. 0. 1. 0. 0. 0. 0. 0. 0. 0. 0. 0. 0. 1. 1. 0. 0. 0. 1. 1. 0. 1.],7.0,1000,100,0.01,0.0015,1,6,idID,,random,single_objective
598,0.20038727315632376,0.4837921309059817,0.004127559615,[0.       0.       0.       0.121035 0.       0.       0.       0.       0.       0.       0.       0.121035 0.       0.       0.       0.       0.       0.       0.       0.       0.       0.       0.121034 0.121035 0.       0.       0.       0.273791 0.121034 0.       0.121035],[0. 0. 0. 1. 0. 0. 0. 0. 0. 0. 0. 1. 0. 0. 0. 0. 0. 0. 0. 0. 0. 0. 1. 1. 0. 0. 0. 1. 1. 0. 1.],7.0,1000,100,0.01,0.0015,1,6,idID,,random,single_objective
599,0.20038727315632376,0.4837921309059817,0.004127559615,[0.       0.       0.       0.121035 0.       0.       0.       0.       0.       0.       0.       0.121035 0.       0.       0.       0.       0.       0.       0.       0.       0.       0.       0.121034 0.121035 0.       0.       0.       0.273791 0.121034 0.       0.121035],[0. 0. 0. 1. 0. 0. 0. 0. 0. 0. 0. 1. 0. 0. 0. 0. 0. 0. 0. 0. 0. 0. 1. 1. 0. 0. 0. 1. 1. 0. 1.],7.0,1000,100,0.01,0.0015,1,6,idID,,random,single_objective
600,0.20038727315632376,0.4837921309059817,0.004127559615,[0.       0.       0.       0.121035 0.       0.       0.       0.       0.       0.       0.       0.121035 0.       0.       0.       0.       0.       0.       0.       0.       0.       0.       0.121034 0.121035 0.       0.       0.       0.273791 0.121034 0.       0.121035],[0. 0. 0. 1. 0. 0. 0. 0. 0. 0. 0. 1. 0. 0. 0. 0. 0. 0. 0. 0. 0. 0. 1. 1. 0. 0. 0. 1. 1. 0. 1.],7.0,1000,100,0.01,0.0015,1,6,idID,,random,single_objective
601,0.20038727315632376,0.4837921309059817,0.004127559615,[0.       0.       0.       0.121035 0.       0.       0.       0.       0.       0.       0.       0.121035 0.       0.       0.       0.       0.       0.       0.       0.       0.       0.       0.121034 0.121035 0.       0.       0.       0.273791 0.121034 0.       0.121035],[0. 0. 0. 1. 0. 0. 0. 0. 0. 0. 0. 1. 0. 0. 0. 0. 0. 0. 0. 0. 0. 0. 1. 1. 0. 0. 0. 1. 1. 0. 1.],7.0,1000,100,0.01,0.0015,1,6,idID,,random,single_objective
602,0.20038727315632376,0.4837921309059817,0.004127559615,[0.       0.       0.       0.121035 0.       0.       0.       0.       0.       0.       0.       0.121035 0.       0.       0.       0.       0.       0.       0.       0.       0.       0.       0.121034 0.121035 0.       0.       0.       0.273791 0.121034 0.       0.121035],[0. 0. 0. 1. 0. 0. 0. 0. 0. 0. 0. 1. 0. 0. 0. 0. 0. 0. 0. 0. 0. 0. 1. 1. 0. 0. 0. 1. 1. 0. 1.],7.0,1000,100,0.01,0.0015,1,6,idID,,random,single_objective
603,0.20038727315632376,0.4837921309059817,0.004127559615,[0.       0.       0.       0.121035 0.       0.       0.       0.       0.       0.       0.       0.121035 0.       0.       0.       0.       0.       0.       0.       0.       0.       0.       0.121034 0.121035 0.       0.       0.       0.273791 0.121034 0.       0.121035],[0. 0. 0. 1. 0. 0. 0. 0. 0. 0. 0. 1. 0. 0. 0. 0. 0. 0. 0. 0. 0. 0. 1. 1. 0. 0. 0. 1. 1. 0. 1.],7.0,1000,100,0.01,0.0015,1,6,idID,,random,single_objective
604,0.20038727315632376,0.4837921309059817,0.004127559615,[0.       0.       0.       0.121035 0.       0.       0.       0.       0.       0.       0.       0.121035 0.       0.       0.       0.       0.       0.       0.       0.       0.       0.       0.121034 0.121035 0.       0.       0.       0.273791 0.121034 0.       0.121035],[0. 0. 0. 1. 0. 0. 0. 0. 0. 0. 0. 1. 0. 0. 0. 0. 0. 0. 0. 0. 0. 0. 1. 1. 0. 0. 0. 1. 1. 0. 1.],7.0,1000,100,0.01,0.0015,1,6,idID,,random,single_objective
605,0.20038727315632376,0.4837921309059817,0.004127559615,[0.       0.       0.       0.121035 0.       0.       0.       0.       0.       0.       0.       0.121035 0.       0.       0.       0.       0.       0.       0.       0.       0.       0.       0.121034 0.121035 0.       0.       0.       0.273791 0.121034 0.       0.121035],[0. 0. 0. 1. 0. 0. 0. 0. 0. 0. 0. 1. 0. 0. 0. 0. 0. 0. 0. 0. 0. 0. 1. 1. 0. 0. 0. 1. 1. 0. 1.],7.0,1000,100,0.01,0.0015,1,6,idID,,random,single_objective
606,0.20038727315632376,0.4837921309059817,0.004127559615,[0.       0.       0.       0.121035 0.       0.       0.       0.       0.       0.       0.       0.121035 0.       0.       0.       0.       0.       0.       0.       0.       0.       0.       0.121034 0.121035 0.       0.       0.       0.273791 0.121034 0.       0.121035],[0. 0. 0. 1. 0. 0. 0. 0. 0. 0. 0. 1. 0. 0. 0. 0. 0. 0. 0. 0. 0. 0. 1. 1. 0. 0. 0. 1. 1. 0. 1.],7.0,1000,100,0.01,0.0015,1,6,idID,,random,single_objective
607,0.20038727315632376,0.4837921309059817,0.004127559615,[0.       0.       0.       0.121035 0.       0.       0.       0.       0.       0.       0.       0.121035 0.       0.       0.       0.       0.       0.       0.       0.       0.       0.       0.121034 0.121035 0.       0.       0.       0.273791 0.121034 0.       0.121035],[0. 0. 0. 1. 0. 0. 0. 0. 0. 0. 0. 1. 0. 0. 0. 0. 0. 0. 0. 0. 0. 0. 1. 1. 0. 0. 0. 1. 1. 0. 1.],7.0,1000,100,0.01,0.0015,1,6,idID,,random,single_objective
608,0.20038727315632376,0.4837921309059817,0.004127559615,[0.       0.       0.       0.121035 0.       0.       0.       0.       0.       0.       0.       0.121035 0.       0.       0.       0.       0.       0.       0.       0.       0.       0.       0.121034 0.121035 0.       0.       0.       0.273791 0.121034 0.       0.121035],[0. 0. 0. 1. 0. 0. 0. 0. 0. 0. 0. 1. 0. 0. 0. 0. 0. 0. 0. 0. 0. 0. 1. 1. 0. 0. 0. 1. 1. 0. 1.],7.0,1000,100,0.01,0.0015,1,6,idID,,random,single_objective
609,0.20038727315632376,0.4837921309059817,0.004127559615,[0.       0.       0.       0.121035 0.       0.       0.       0.       0.       0.       0.       0.121035 0.       0.       0.       0.       0.       0.       0.       0.       0.       0.       0.121034 0.121035 0.       0.       0.       0.273791 0.121034 0.       0.121035],[0. 0. 0. 1. 0. 0. 0. 0. 0. 0. 0. 1. 0. 0. 0. 0. 0. 0. 0. 0. 0. 0. 1. 1. 0. 0. 0. 1. 1. 0. 1.],7.0,1000,100,0.01,0.0015,1,6,idID,,random,single_objective
610,0.20038727315632376,0.4837921309059817,0.004127559615,[0.       0.       0.       0.121035 0.       0.       0.       0.       0.       0.       0.       0.121035 0.       0.       0.       0.       0.       0.       0.       0.       0.       0.       0.121034 0.121035 0.       0.       0.       0.273791 0.121034 0.       0.121035],[0. 0. 0. 1. 0. 0. 0. 0. 0. 0. 0. 1. 0. 0. 0. 0. 0. 0. 0. 0. 0. 0. 1. 1. 0. 0. 0. 1. 1. 0. 1.],7.0,1000,100,0.01,0.0015,1,6,idID,,random,single_objective
611,0.20038727315632376,0.4837921309059817,0.004127559615,[0.       0.       0.       0.121035 0.       0.       0.       0.       0.       0.       0.       0.121035 0.       0.       0.       0.       0.       0.       0.       0.       0.       0.       0.121034 0.121035 0.       0.       0.       0.273791 0.121034 0.       0.121035],[0. 0. 0. 1. 0. 0. 0. 0. 0. 0. 0. 1. 0. 0. 0. 0. 0. 0. 0. 0. 0. 0. 1. 1. 0. 0. 0. 1. 1. 0. 1.],7.0,1000,100,0.01,0.0015,1,6,idID,,random,single_objective
612,0.20038727315632376,0.4837921309059817,0.004127559615,[0.       0.       0.       0.121035 0.       0.       0.       0.       0.       0.       0.       0.121035 0.       0.       0.       0.       0.       0.       0.       0.       0.       0.       0.121034 0.121035 0.       0.       0.       0.273791 0.121034 0.       0.121035],[0. 0. 0. 1. 0. 0. 0. 0. 0. 0. 0. 1. 0. 0. 0. 0. 0. 0. 0. 0. 0. 0. 1. 1. 0. 0. 0. 1. 1. 0. 1.],7.0,1000,100,0.01,0.0015,1,6,idID,,random,single_objective
613,0.20038727315632376,0.4837921309059817,0.004127559615,[0.       0.       0.       0.121035 0.       0.       0.       0.       0.       0.       0.       0.121035 0.       0.       0.       0.       0.       0.       0.       0.       0.       0.       0.121034 0.121035 0.       0.       0.       0.273791 0.121034 0.       0.121035],[0. 0. 0. 1. 0. 0. 0. 0. 0. 0. 0. 1. 0. 0. 0. 0. 0. 0. 0. 0. 0. 0. 1. 1. 0. 0. 0. 1. 1. 0. 1.],7.0,1000,100,0.01,0.0015,1,6,idID,,random,single_objective
614,0.20038727315632376,0.4837921309059817,0.004127559615,[0.       0.       0.       0.121035 0.       0.       0.       0.       0.       0.       0.       0.121035 0.       0.       0.       0.       0.       0.       0.       0.       0.       0.       0.121034 0.121035 0.       0.       0.       0.273791 0.121034 0.       0.121035],[0. 0. 0. 1. 0. 0. 0. 0. 0. 0. 0. 1. 0. 0. 0. 0. 0. 0. 0. 0. 0. 0. 1. 1. 0. 0. 0. 1. 1. 0. 1.],7.0,1000,100,0.01,0.0015,1,6,idID,,random,single_objective
615,0.20038727315632376,0.4837921309059817,0.004127559615,[0.       0.       0.       0.121035 0.       0.       0.       0.       0.       0.       0.       0.121035 0.       0.       0.       0.       0.       0.       0.       0.       0.       0.       0.121034 0.121035 0.       0.       0.       0.273791 0.121034 0.       0.121035],[0. 0. 0. 1. 0. 0. 0. 0. 0. 0. 0. 1. 0. 0. 0. 0. 0. 0. 0. 0. 0. 0. 1. 1. 0. 0. 0. 1. 1. 0. 1.],7.0,1000,100,0.01,0.0015,1,6,idID,,random,single_objective
616,0.20038727315632376,0.4837921309059817,0.004127559615,[0.       0.       0.       0.121035 0.       0.       0.       0.       0.       0.       0.       0.121035 0.       0.       0.       0.       0.       0.       0.       0.       0.       0.       0.121034 0.121035 0.       0.       0.       0.273791 0.121034 0.       0.121035],[0. 0. 0. 1. 0. 0. 0. 0. 0. 0. 0. 1. 0. 0. 0. 0. 0. 0. 0. 0. 0. 0. 1. 1. 0. 0. 0. 1. 1. 0. 1.],7.0,1000,100,0.01,0.0015,1,6,idID,,random,single_objective
617,0.20038727315632376,0.4837921309059817,0.004127559615,[0.       0.       0.       0.121035 0.       0.       0.       0.       0.       0.       0.       0.121035 0.       0.       0.       0.       0.       0.       0.       0.       0.       0.       0.121034 0.121035 0.       0.       0.       0.273791 0.121034 0.       0.121035],[0. 0. 0. 1. 0. 0. 0. 0. 0. 0. 0. 1. 0. 0. 0. 0. 0. 0. 0. 0. 0. 0. 1. 1. 0. 0. 0. 1. 1. 0. 1.],7.0,1000,100,0.01,0.0015,1,6,idID,,random,single_objective
618,0.20038727315632376,0.4837921309059817,0.004127559615,[0.       0.       0.       0.121035 0.       0.       0.       0.       0.       0.       0.       0.121035 0.       0.       0.       0.       0.       0.       0.       0.       0.       0.       0.121034 0.121035 0.       0.       0.       0.273791 0.121034 0.       0.121035],[0. 0. 0. 1. 0. 0. 0. 0. 0. 0. 0. 1. 0. 0. 0. 0. 0. 0. 0. 0. 0. 0. 1. 1. 0. 0. 0. 1. 1. 0. 1.],7.0,1000,100,0.01,0.0015,1,6,idID,,random,single_objective
619,0.20038727315632376,0.4837921309059817,0.004127559615,[0.       0.       0.       0.121035 0.       0.       0.       0.       0.       0.       0.       0.121035 0.       0.       0.       0.       0.       0.       0.       0.       0.       0.       0.121034 0.121035 0.       0.       0.       0.273791 0.121034 0.       0.121035],[0. 0. 0. 1. 0. 0. 0. 0. 0. 0. 0. 1. 0. 0. 0. 0. 0. 0. 0. 0. 0. 0. 1. 1. 0. 0. 0. 1. 1. 0. 1.],7.0,1000,100,0.01,0.0015,1,6,idID,,random,single_objective
620,0.20038727315632376,0.4837921309059817,0.004127559615,[0.       0.       0.       0.121035 0.       0.       0.       0.       0.       0.       0.       0.121035 0.       0.       0.       0.       0.       0.       0.       0.       0.       0.       0.121034 0.121035 0.       0.       0.       0.273791 0.121034 0.       0.121035],[0. 0. 0. 1. 0. 0. 0. 0. 0. 0. 0. 1. 0. 0. 0. 0. 0. 0. 0. 0. 0. 0. 1. 1. 0. 0. 0. 1. 1. 0. 1.],7.0,1000,100,0.01,0.0015,1,6,idID,,random,single_objective
621,0.20038727315632376,0.4837921309059817,0.004127559615,[0.       0.       0.       0.121035 0.       0.       0.       0.       0.       0.       0.       0.121035 0.       0.       0.       0.       0.       0.       0.       0.       0.       0.       0.121034 0.121035 0.       0.       0.       0.273791 0.121034 0.       0.121035],[0. 0. 0. 1. 0. 0. 0. 0. 0. 0. 0. 1. 0. 0. 0. 0. 0. 0. 0. 0. 0. 0. 1. 1. 0. 0. 0. 1. 1. 0. 1.],7.0,1000,100,0.01,0.0015,1,6,idID,,random,single_objective
622,0.20038727315632376,0.4837921309059817,0.004127559615,[0.       0.       0.       0.121035 0.       0.       0.       0.       0.       0.       0.       0.121035 0.       0.       0.       0.       0.       0.       0.       0.       0.       0.       0.121034 0.121035 0.       0.       0.       0.273791 0.121034 0.       0.121035],[0. 0. 0. 1. 0. 0. 0. 0. 0. 0. 0. 1. 0. 0. 0. 0. 0. 0. 0. 0. 0. 0. 1. 1. 0. 0. 0. 1. 1. 0. 1.],7.0,1000,100,0.01,0.0015,1,6,idID,,random,single_objective
623,0.20038727315632376,0.4837921309059817,0.004127559615,[0.       0.       0.       0.121035 0.       0.       0.       0.       0.       0.       0.       0.121035 0.       0.       0.       0.       0.       0.       0.       0.       0.       0.       0.121034 0.121035 0.       0.       0.       0.273791 0.121034 0.       0.121035],[0. 0. 0. 1. 0. 0. 0. 0. 0. 0. 0. 1. 0. 0. 0. 0. 0. 0. 0. 0. 0. 0. 1. 1. 0. 0. 0. 1. 1. 0. 1.],7.0,1000,100,0.01,0.0015,1,6,idID,,random,single_objective
624,0.20038727315632376,0.4837921309059817,0.004127559615,[0.       0.       0.       0.121035 0.       0.       0.       0.       0.       0.       0.       0.121035 0.       0.       0.       0.       0.       0.       0.       0.       0.       0.       0.121034 0.121035 0.       0.       0.       0.273791 0.121034 0.       0.121035],[0. 0. 0. 1. 0. 0. 0. 0. 0. 0. 0. 1. 0. 0. 0. 0. 0. 0. 0. 0. 0. 0. 1. 1. 0. 0. 0. 1. 1. 0. 1.],7.0,1000,100,0.01,0.0015,1,6,idID,,random,single_objective
625,0.20038727315632376,0.4837921309059817,0.004127559615,[0.       0.       0.       0.121035 0.       0.       0.       0.       0.       0.       0.       0.121035 0.       0.       0.       0.       0.       0.       0.       0.       0.       0.       0.121034 0.121035 0.       0.       0.       0.273791 0.121034 0.       0.121035],[0. 0. 0. 1. 0. 0. 0. 0. 0. 0. 0. 1. 0. 0. 0. 0. 0. 0. 0. 0. 0. 0. 1. 1. 0. 0. 0. 1. 1. 0. 1.],7.0,1000,100,0.01,0.0015,1,6,idID,,random,single_objective
626,0.20038727315632376,0.4837921309059817,0.004127559615,[0.       0.       0.       0.121035 0.       0.       0.       0.       0.       0.       0.       0.121035 0.       0.       0.       0.       0.       0.       0.       0.       0.       0.       0.121034 0.121035 0.       0.       0.       0.273791 0.121034 0.       0.121035],[0. 0. 0. 1. 0. 0. 0. 0. 0. 0. 0. 1. 0. 0. 0. 0. 0. 0. 0. 0. 0. 0. 1. 1. 0. 0. 0. 1. 1. 0. 1.],7.0,1000,100,0.01,0.0015,1,6,idID,,random,single_objective
627,0.20038727315632376,0.4837921309059817,0.004127559615,[0.       0.       0.       0.121035 0.       0.       0.       0.       0.       0.       0.       0.121035 0.       0.       0.       0.       0.       0.       0.       0.       0.       0.       0.121034 0.121035 0.       0.       0.       0.273791 0.121034 0.       0.121035],[0. 0. 0. 1. 0. 0. 0. 0. 0. 0. 0. 1. 0. 0. 0. 0. 0. 0. 0. 0. 0. 0. 1. 1. 0. 0. 0. 1. 1. 0. 1.],7.0,1000,100,0.01,0.0015,1,6,idID,,random,single_objective
628,0.20038727315632376,0.4837921309059817,0.004127559615,[0.       0.       0.       0.121035 0.       0.       0.       0.       0.       0.       0.       0.121035 0.       0.       0.       0.       0.       0.       0.       0.       0.       0.       0.121034 0.121035 0.       0.       0.       0.273791 0.121034 0.       0.121035],[0. 0. 0. 1. 0. 0. 0. 0. 0. 0. 0. 1. 0. 0. 0. 0. 0. 0. 0. 0. 0. 0. 1. 1. 0. 0. 0. 1. 1. 0. 1.],7.0,1000,100,0.01,0.0015,1,6,idID,,random,single_objective
629,0.20038727315632376,0.4837921309059817,0.004127559615,[0.       0.       0.       0.121035 0.       0.       0.       0.       0.       0.       0.       0.121035 0.       0.       0.       0.       0.       0.       0.       0.       0.       0.       0.121034 0.121035 0.       0.       0.       0.273791 0.121034 0.       0.121035],[0. 0. 0. 1. 0. 0. 0. 0. 0. 0. 0. 1. 0. 0. 0. 0. 0. 0. 0. 0. 0. 0. 1. 1. 0. 0. 0. 1. 1. 0. 1.],7.0,1000,100,0.01,0.0015,1,6,idID,,random,single_objective
630,0.20038727315632376,0.4837921309059817,0.004127559615,[0.       0.       0.       0.121035 0.       0.       0.       0.       0.       0.       0.       0.121035 0.       0.       0.       0.       0.       0.       0.       0.       0.       0.       0.121034 0.121035 0.       0.       0.       0.273791 0.121034 0.       0.121035],[0. 0. 0. 1. 0. 0. 0. 0. 0. 0. 0. 1. 0. 0. 0. 0. 0. 0. 0. 0. 0. 0. 1. 1. 0. 0. 0. 1. 1. 0. 1.],7.0,1000,100,0.01,0.0015,1,6,idID,,random,single_objective
631,0.20038727315632376,0.4837921309059817,0.004127559615,[0.       0.       0.       0.121035 0.       0.       0.       0.       0.       0.       0.       0.121035 0.       0.       0.       0.       0.       0.       0.       0.       0.       0.       0.121034 0.121035 0.       0.       0.       0.273791 0.121034 0.       0.121035],[0. 0. 0. 1. 0. 0. 0. 0. 0. 0. 0. 1. 0. 0. 0. 0. 0. 0. 0. 0. 0. 0. 1. 1. 0. 0. 0. 1. 1. 0. 1.],7.0,1000,100,0.01,0.0015,1,6,idID,,random,single_objective
632,0.20038727315632376,0.4837921309059817,0.004127559615,[0.       0.       0.       0.121035 0.       0.       0.       0.       0.       0.       0.       0.121035 0.       0.       0.       0.       0.       0.       0.       0.       0.       0.       0.121034 0.121035 0.       0.       0.       0.273791 0.121034 0.       0.121035],[0. 0. 0. 1. 0. 0. 0. 0. 0. 0. 0. 1. 0. 0. 0. 0. 0. 0. 0. 0. 0. 0. 1. 1. 0. 0. 0. 1. 1. 0. 1.],7.0,1000,100,0.01,0.0015,1,6,idID,,random,single_objective
633,0.20038727315632376,0.4837921309059817,0.004127559615,[0.       0.       0.       0.121035 0.       0.       0.       0.       0.       0.       0.       0.121035 0.       0.       0.       0.       0.       0.       0.       0.       0.       0.       0.121034 0.121035 0.       0.       0.       0.273791 0.121034 0.       0.121035],[0. 0. 0. 1. 0. 0. 0. 0. 0. 0. 0. 1. 0. 0. 0. 0. 0. 0. 0. 0. 0. 0. 1. 1. 0. 0. 0. 1. 1. 0. 1.],7.0,1000,100,0.01,0.0015,1,6,idID,,random,single_objective
634,0.20038727315632376,0.4837921309059817,0.004127559615,[0.       0.       0.       0.121035 0.       0.       0.       0.       0.       0.       0.       0.121035 0.       0.       0.       0.       0.       0.       0.       0.       0.       0.       0.121034 0.121035 0.       0.       0.       0.273791 0.121034 0.       0.121035],[0. 0. 0. 1. 0. 0. 0. 0. 0. 0. 0. 1. 0. 0. 0. 0. 0. 0. 0. 0. 0. 0. 1. 1. 0. 0. 0. 1. 1. 0. 1.],7.0,1000,100,0.01,0.0015,1,6,idID,,random,single_objective
635,0.20038727315632376,0.4837921309059817,0.004127559615,[0.       0.       0.       0.121035 0.       0.       0.       0.       0.       0.       0.       0.121035 0.       0.       0.       0.       0.       0.       0.       0.       0.       0.       0.121034 0.121035 0.       0.       0.       0.273791 0.121034 0.       0.121035],[0. 0. 0. 1. 0. 0. 0. 0. 0. 0. 0. 1. 0. 0. 0. 0. 0. 0. 0. 0. 0. 0. 1. 1. 0. 0. 0. 1. 1. 0. 1.],7.0,1000,100,0.01,0.0015,1,6,idID,,random,single_objective
636,0.20038727315632376,0.4837921309059817,0.004127559615,[0.       0.       0.       0.121035 0.       0.       0.       0.       0.       0.       0.       0.121035 0.       0.       0.       0.       0.       0.       0.       0.       0.       0.       0.121034 0.121035 0.       0.       0.       0.273791 0.121034 0.       0.121035],[0. 0. 0. 1. 0. 0. 0. 0. 0. 0. 0. 1. 0. 0. 0. 0. 0. 0. 0. 0. 0. 0. 1. 1. 0. 0. 0. 1. 1. 0. 1.],7.0,1000,100,0.01,0.0015,1,6,idID,,random,single_objective
637,0.20038727315632376,0.4837921309059817,0.004127559615,[0.       0.       0.       0.121035 0.       0.       0.       0.       0.       0.       0.       0.121035 0.       0.       0.       0.       0.       0.       0.       0.       0.       0.       0.121034 0.121035 0.       0.       0.       0.273791 0.121034 0.       0.121035],[0. 0. 0. 1. 0. 0. 0. 0. 0. 0. 0. 1. 0. 0. 0. 0. 0. 0. 0. 0. 0. 0. 1. 1. 0. 0. 0. 1. 1. 0. 1.],7.0,1000,100,0.01,0.0015,1,6,idID,,random,single_objective
638,0.20038727315632376,0.4837921309059817,0.004127559615,[0.       0.       0.       0.121035 0.       0.       0.       0.       0.       0.       0.       0.121035 0.       0.       0.       0.       0.       0.       0.       0.       0.       0.       0.121034 0.121035 0.       0.       0.       0.273791 0.121034 0.       0.121035],[0. 0. 0. 1. 0. 0. 0. 0. 0. 0. 0. 1. 0. 0. 0. 0. 0. 0. 0. 0. 0. 0. 1. 1. 0. 0. 0. 1. 1. 0. 1.],7.0,1000,100,0.01,0.0015,1,6,idID,,random,single_objective
639,0.20038727315632376,0.4837921309059817,0.004127559615,[0.       0.       0.       0.121035 0.       0.       0.       0.       0.       0.       0.       0.121035 0.       0.       0.       0.       0.       0.       0.       0.       0.       0.       0.121034 0.121035 0.       0.       0.       0.273791 0.121034 0.       0.121035],[0. 0. 0. 1. 0. 0. 0. 0. 0. 0. 0. 1. 0. 0. 0. 0. 0. 0. 0. 0. 0. 0. 1. 1. 0. 0. 0. 1. 1. 0. 1.],7.0,1000,100,0.01,0.0015,1,6,idID,,random,single_objective
640,0.20038727315632376,0.4837921309059817,0.004127559615,[0.       0.       0.       0.121035 0.       0.       0.       0.       0.       0.       0.       0.121035 0.       0.       0.       0.       0.       0.       0.       0.       0.       0.       0.121034 0.121035 0.       0.       0.       0.273791 0.121034 0.       0.121035],[0. 0. 0. 1. 0. 0. 0. 0. 0. 0. 0. 1. 0. 0. 0. 0. 0. 0. 0. 0. 0. 0. 1. 1. 0. 0. 0. 1. 1. 0. 1.],7.0,1000,100,0.01,0.0015,1,6,idID,,random,single_objective
641,0.20038727315632376,0.4837921309059817,0.004127559615,[0.       0.       0.       0.121035 0.       0.       0.       0.       0.       0.       0.       0.121035 0.       0.       0.       0.       0.       0.       0.       0.       0.       0.       0.121034 0.121035 0.       0.       0.       0.273791 0.121034 0.       0.121035],[0. 0. 0. 1. 0. 0. 0. 0. 0. 0. 0. 1. 0. 0. 0. 0. 0. 0. 0. 0. 0. 0. 1. 1. 0. 0. 0. 1. 1. 0. 1.],7.0,1000,100,0.01,0.0015,1,6,idID,,random,single_objective
642,0.20038727315632376,0.4837921309059817,0.004127559615,[0.       0.       0.       0.121035 0.       0.       0.       0.       0.       0.       0.       0.121035 0.       0.       0.       0.       0.       0.       0.       0.       0.       0.       0.121034 0.121035 0.       0.       0.       0.273791 0.121034 0.       0.121035],[0. 0. 0. 1. 0. 0. 0. 0. 0. 0. 0. 1. 0. 0. 0. 0. 0. 0. 0. 0. 0. 0. 1. 1. 0. 0. 0. 1. 1. 0. 1.],7.0,1000,100,0.01,0.0015,1,6,idID,,random,single_objective
643,0.20038727315632376,0.4837921309059817,0.004127559615,[0.       0.       0.       0.121035 0.       0.       0.       0.       0.       0.       0.       0.121035 0.       0.       0.       0.       0.       0.       0.       0.       0.       0.       0.121034 0.121035 0.       0.       0.       0.273791 0.121034 0.       0.121035],[0. 0. 0. 1. 0. 0. 0. 0. 0. 0. 0. 1. 0. 0. 0. 0. 0. 0. 0. 0. 0. 0. 1. 1. 0. 0. 0. 1. 1. 0. 1.],7.0,1000,100,0.01,0.0015,1,6,idID,,random,single_objective
644,0.20038727315632376,0.4837921309059817,0.004127559615,[0.       0.       0.       0.121035 0.       0.       0.       0.       0.       0.       0.       0.121035 0.       0.       0.       0.       0.       0.       0.       0.       0.       0.       0.121034 0.121035 0.       0.       0.       0.273791 0.121034 0.       0.121035],[0. 0. 0. 1. 0. 0. 0. 0. 0. 0. 0. 1. 0. 0. 0. 0. 0. 0. 0. 0. 0. 0. 1. 1. 0. 0. 0. 1. 1. 0. 1.],7.0,1000,100,0.01,0.0015,1,6,idID,,random,single_objective
645,0.20038727315632376,0.4837921309059817,0.004127559615,[0.       0.       0.       0.121035 0.       0.       0.       0.       0.       0.       0.       0.121035 0.       0.       0.       0.       0.       0.       0.       0.       0.       0.       0.121034 0.121035 0.       0.       0.       0.273791 0.121034 0.       0.121035],[0. 0. 0. 1. 0. 0. 0. 0. 0. 0. 0. 1. 0. 0. 0. 0. 0. 0. 0. 0. 0. 0. 1. 1. 0. 0. 0. 1. 1. 0. 1.],7.0,1000,100,0.01,0.0015,1,6,idID,,random,single_objective
646,0.20038727315632376,0.4837921309059817,0.004127559615,[0.       0.       0.       0.121035 0.       0.       0.       0.       0.       0.       0.       0.121035 0.       0.       0.       0.       0.       0.       0.       0.       0.       0.       0.121034 0.121035 0.       0.       0.       0.273791 0.121034 0.       0.121035],[0. 0. 0. 1. 0. 0. 0. 0. 0. 0. 0. 1. 0. 0. 0. 0. 0. 0. 0. 0. 0. 0. 1. 1. 0. 0. 0. 1. 1. 0. 1.],7.0,1000,100,0.01,0.0015,1,6,idID,,random,single_objective
647,0.20038727315632376,0.4837921309059817,0.004127559615,[0.       0.       0.       0.121035 0.       0.       0.       0.       0.       0.       0.       0.121035 0.       0.       0.       0.       0.       0.       0.       0.       0.       0.       0.121034 0.121035 0.       0.       0.       0.273791 0.121034 0.       0.121035],[0. 0. 0. 1. 0. 0. 0. 0. 0. 0. 0. 1. 0. 0. 0. 0. 0. 0. 0. 0. 0. 0. 1. 1. 0. 0. 0. 1. 1. 0. 1.],7.0,1000,100,0.01,0.0015,1,6,idID,,random,single_objective
648,0.20038727315632376,0.4837921309059817,0.004127559615,[0.       0.       0.       0.121035 0.       0.       0.       0.       0.       0.       0.       0.121035 0.       0.       0.       0.       0.       0.       0.       0.       0.       0.       0.121034 0.121035 0.       0.       0.       0.273791 0.121034 0.       0.121035],[0. 0. 0. 1. 0. 0. 0. 0. 0. 0. 0. 1. 0. 0. 0. 0. 0. 0. 0. 0. 0. 0. 1. 1. 0. 0. 0. 1. 1. 0. 1.],7.0,1000,100,0.01,0.0015,1,6,idID,,random,single_objective
649,0.20038727315632376,0.4837921309059817,0.004127559615,[0.       0.       0.       0.121035 0.       0.       0.       0.       0.       0.       0.       0.121035 0.       0.       0.       0.       0.       0.       0.       0.       0.       0.       0.121034 0.121035 0.       0.       0.       0.273791 0.121034 0.       0.121035],[0. 0. 0. 1. 0. 0. 0. 0. 0. 0. 0. 1. 0. 0. 0. 0. 0. 0. 0. 0. 0. 0. 1. 1. 0. 0. 0. 1. 1. 0. 1.],7.0,1000,100,0.01,0.0015,1,6,idID,,random,single_objective
650,0.20038727315632376,0.4837921309059817,0.004127559615,[0.       0.       0.       0.121035 0.       0.       0.       0.       0.       0.       0.       0.121035 0.       0.       0.       0.       0.       0.       0.       0.       0.       0.       0.121034 0.121035 0.       0.       0.       0.273791 0.121034 0.       0.121035],[0. 0. 0. 1. 0. 0. 0. 0. 0. 0. 0. 1. 0. 0. 0. 0. 0. 0. 0. 0. 0. 0. 1. 1. 0. 0. 0. 1. 1. 0. 1.],7.0,1000,100,0.01,0.0015,1,6,idID,,random,single_objective
651,0.20038727315632376,0.4837921309059817,0.004127559615,[0.       0.       0.       0.121035 0.       0.       0.       0.       0.       0.       0.       0.121035 0.       0.       0.       0.       0.       0.       0.       0.       0.       0.       0.121034 0.121035 0.       0.       0.       0.273791 0.121034 0.       0.121035],[0. 0. 0. 1. 0. 0. 0. 0. 0. 0. 0. 1. 0. 0. 0. 0. 0. 0. 0. 0. 0. 0. 1. 1. 0. 0. 0. 1. 1. 0. 1.],7.0,1000,100,0.01,0.0015,1,6,idID,,random,single_objective
652,0.20038727315632376,0.4837921309059817,0.004127559615,[0.       0.       0.       0.121035 0.       0.       0.       0.       0.       0.       0.       0.121035 0.       0.       0.       0.       0.       0.       0.       0.       0.       0.       0.121034 0.121035 0.       0.       0.       0.273791 0.121034 0.       0.121035],[0. 0. 0. 1. 0. 0. 0. 0. 0. 0. 0. 1. 0. 0. 0. 0. 0. 0. 0. 0. 0. 0. 1. 1. 0. 0. 0. 1. 1. 0. 1.],7.0,1000,100,0.01,0.0015,1,6,idID,,random,single_objective
653,0.20038727315632376,0.4837921309059817,0.004127559615,[0.       0.       0.       0.121035 0.       0.       0.       0.       0.       0.       0.       0.121035 0.       0.       0.       0.       0.       0.       0.       0.       0.       0.       0.121034 0.121035 0.       0.       0.       0.273791 0.121034 0.       0.121035],[0. 0. 0. 1. 0. 0. 0. 0. 0. 0. 0. 1. 0. 0. 0. 0. 0. 0. 0. 0. 0. 0. 1. 1. 0. 0. 0. 1. 1. 0. 1.],7.0,1000,100,0.01,0.0015,1,6,idID,,random,single_objective
654,0.20038727315632376,0.4837921309059817,0.004127559615,[0.       0.       0.       0.121035 0.       0.       0.       0.       0.       0.       0.       0.121035 0.       0.       0.       0.       0.       0.       0.       0.       0.       0.       0.121034 0.121035 0.       0.       0.       0.273791 0.121034 0.       0.121035],[0. 0. 0. 1. 0. 0. 0. 0. 0. 0. 0. 1. 0. 0. 0. 0. 0. 0. 0. 0. 0. 0. 1. 1. 0. 0. 0. 1. 1. 0. 1.],7.0,1000,100,0.01,0.0015,1,6,idID,,random,single_objective
655,0.20038727315632376,0.4837921309059817,0.004127559615,[0.       0.       0.       0.121035 0.       0.       0.       0.       0.       0.       0.       0.121035 0.       0.       0.       0.       0.       0.       0.       0.       0.       0.       0.121034 0.121035 0.       0.       0.       0.273791 0.121034 0.       0.121035],[0. 0. 0. 1. 0. 0. 0. 0. 0. 0. 0. 1. 0. 0. 0. 0. 0. 0. 0. 0. 0. 0. 1. 1. 0. 0. 0. 1. 1. 0. 1.],7.0,1000,100,0.01,0.0015,1,6,idID,,random,single_objective
656,0.20038727315632376,0.4837921309059817,0.004127559615,[0.       0.       0.       0.121035 0.       0.       0.       0.       0.       0.       0.       0.121035 0.       0.       0.       0.       0.       0.       0.       0.       0.       0.       0.121034 0.121035 0.       0.       0.       0.273791 0.121034 0.       0.121035],[0. 0. 0. 1. 0. 0. 0. 0. 0. 0. 0. 1. 0. 0. 0. 0. 0. 0. 0. 0. 0. 0. 1. 1. 0. 0. 0. 1. 1. 0. 1.],7.0,1000,100,0.01,0.0015,1,6,idID,,random,single_objective
657,0.20038727315632376,0.4837921309059817,0.004127559615,[0.       0.       0.       0.121035 0.       0.       0.       0.       0.       0.       0.       0.121035 0.       0.       0.       0.       0.       0.       0.       0.       0.       0.       0.121034 0.121035 0.       0.       0.       0.273791 0.121034 0.       0.121035],[0. 0. 0. 1. 0. 0. 0. 0. 0. 0. 0. 1. 0. 0. 0. 0. 0. 0. 0. 0. 0. 0. 1. 1. 0. 0. 0. 1. 1. 0. 1.],7.0,1000,100,0.01,0.0015,1,6,idID,,random,single_objective
658,0.20038727315632376,0.4837921309059817,0.004127559615,[0.       0.       0.       0.121035 0.       0.       0.       0.       0.       0.       0.       0.121035 0.       0.       0.       0.       0.       0.       0.       0.       0.       0.       0.121034 0.121035 0.       0.       0.       0.273791 0.121034 0.       0.121035],[0. 0. 0. 1. 0. 0. 0. 0. 0. 0. 0. 1. 0. 0. 0. 0. 0. 0. 0. 0. 0. 0. 1. 1. 0. 0. 0. 1. 1. 0. 1.],7.0,1000,100,0.01,0.0015,1,6,idID,,random,single_objective
659,0.20038727315632376,0.4837921309059817,0.004127559615,[0.       0.       0.       0.121035 0.       0.       0.       0.       0.       0.       0.       0.121035 0.       0.       0.       0.       0.       0.       0.       0.       0.       0.       0.121034 0.121035 0.       0.       0.       0.273791 0.121034 0.       0.121035],[0. 0. 0. 1. 0. 0. 0. 0. 0. 0. 0. 1. 0. 0. 0. 0. 0. 0. 0. 0. 0. 0. 1. 1. 0. 0. 0. 1. 1. 0. 1.],7.0,1000,100,0.01,0.0015,1,6,idID,,random,single_objective
660,0.20038727315632376,0.4837921309059817,0.004127559615,[0.       0.       0.       0.121035 0.       0.       0.       0.       0.       0.       0.       0.121035 0.       0.       0.       0.       0.       0.       0.       0.       0.       0.       0.121034 0.121035 0.       0.       0.       0.273791 0.121034 0.       0.121035],[0. 0. 0. 1. 0. 0. 0. 0. 0. 0. 0. 1. 0. 0. 0. 0. 0. 0. 0. 0. 0. 0. 1. 1. 0. 0. 0. 1. 1. 0. 1.],7.0,1000,100,0.01,0.0015,1,6,idID,,random,single_objective
661,0.20038727315632376,0.4837921309059817,0.004127559615,[0.       0.       0.       0.121035 0.       0.       0.       0.       0.       0.       0.       0.121035 0.       0.       0.       0.       0.       0.       0.       0.       0.       0.       0.121034 0.121035 0.       0.       0.       0.273791 0.121034 0.       0.121035],[0. 0. 0. 1. 0. 0. 0. 0. 0. 0. 0. 1. 0. 0. 0. 0. 0. 0. 0. 0. 0. 0. 1. 1. 0. 0. 0. 1. 1. 0. 1.],7.0,1000,100,0.01,0.0015,1,6,idID,,random,single_objective
662,0.20038727315632376,0.4837921309059817,0.004127559615,[0.       0.       0.       0.121035 0.       0.       0.       0.       0.       0.       0.       0.121035 0.       0.       0.       0.       0.       0.       0.       0.       0.       0.       0.121034 0.121035 0.       0.       0.       0.273791 0.121034 0.       0.121035],[0. 0. 0. 1. 0. 0. 0. 0. 0. 0. 0. 1. 0. 0. 0. 0. 0. 0. 0. 0. 0. 0. 1. 1. 0. 0. 0. 1. 1. 0. 1.],7.0,1000,100,0.01,0.0015,1,6,idID,,random,single_objective
663,0.20038727315632376,0.4837921309059817,0.004127559615,[0.       0.       0.       0.121035 0.       0.       0.       0.       0.       0.       0.       0.121035 0.       0.       0.       0.       0.       0.       0.       0.       0.       0.       0.121034 0.121035 0.       0.       0.       0.273791 0.121034 0.       0.121035],[0. 0. 0. 1. 0. 0. 0. 0. 0. 0. 0. 1. 0. 0. 0. 0. 0. 0. 0. 0. 0. 0. 1. 1. 0. 0. 0. 1. 1. 0. 1.],7.0,1000,100,0.01,0.0015,1,6,idID,,random,single_objective
664,0.20038727315632376,0.4837921309059817,0.004127559615,[0.       0.       0.       0.121035 0.       0.       0.       0.       0.       0.       0.       0.121035 0.       0.       0.       0.       0.       0.       0.       0.       0.       0.       0.121034 0.121035 0.       0.       0.       0.273791 0.121034 0.       0.121035],[0. 0. 0. 1. 0. 0. 0. 0. 0. 0. 0. 1. 0. 0. 0. 0. 0. 0. 0. 0. 0. 0. 1. 1. 0. 0. 0. 1. 1. 0. 1.],7.0,1000,100,0.01,0.0015,1,6,idID,,random,single_objective
665,0.20038727315632376,0.4837921309059817,0.004127559615,[0.       0.       0.       0.121035 0.       0.       0.       0.       0.       0.       0.       0.121035 0.       0.       0.       0.       0.       0.       0.       0.       0.       0.       0.121034 0.121035 0.       0.       0.       0.273791 0.121034 0.       0.121035],[0. 0. 0. 1. 0. 0. 0. 0. 0. 0. 0. 1. 0. 0. 0. 0. 0. 0. 0. 0. 0. 0. 1. 1. 0. 0. 0. 1. 1. 0. 1.],7.0,1000,100,0.01,0.0015,1,6,idID,,random,single_objective
666,0.20038727315632376,0.4837921309059817,0.004127559615,[0.       0.       0.       0.121035 0.       0.       0.       0.       0.       0.       0.       0.121035 0.       0.       0.       0.       0.       0.       0.       0.       0.       0.       0.121034 0.121035 0.       0.       0.       0.273791 0.121034 0.       0.121035],[0. 0. 0. 1. 0. 0. 0. 0. 0. 0. 0. 1. 0. 0. 0. 0. 0. 0. 0. 0. 0. 0. 1. 1. 0. 0. 0. 1. 1. 0. 1.],7.0,1000,100,0.01,0.0015,1,6,idID,,random,single_objective
667,0.20038727315632376,0.4837921309059817,0.004127559615,[0.       0.       0.       0.121035 0.       0.       0.       0.       0.       0.       0.       0.121035 0.       0.       0.       0.       0.       0.       0.       0.       0.       0.       0.121034 0.121035 0.       0.       0.       0.273791 0.121034 0.       0.121035],[0. 0. 0. 1. 0. 0. 0. 0. 0. 0. 0. 1. 0. 0. 0. 0. 0. 0. 0. 0. 0. 0. 1. 1. 0. 0. 0. 1. 1. 0. 1.],7.0,1000,100,0.01,0.0015,1,6,idID,,random,single_objective
668,0.20038727315632376,0.4837921309059817,0.004127559615,[0.       0.       0.       0.121035 0.       0.       0.       0.       0.       0.       0.       0.121035 0.       0.       0.       0.       0.       0.       0.       0.       0.       0.       0.121034 0.121035 0.       0.       0.       0.273791 0.121034 0.       0.121035],[0. 0. 0. 1. 0. 0. 0. 0. 0. 0. 0. 1. 0. 0. 0. 0. 0. 0. 0. 0. 0. 0. 1. 1. 0. 0. 0. 1. 1. 0. 1.],7.0,1000,100,0.01,0.0015,1,6,idID,,random,single_objective
669,0.20038727315632376,0.4837921309059817,0.004127559615,[0.       0.       0.       0.121035 0.       0.       0.       0.       0.       0.       0.       0.121035 0.       0.       0.       0.       0.       0.       0.       0.       0.       0.       0.121034 0.121035 0.       0.       0.       0.273791 0.121034 0.       0.121035],[0. 0. 0. 1. 0. 0. 0. 0. 0. 0. 0. 1. 0. 0. 0. 0. 0. 0. 0. 0. 0. 0. 1. 1. 0. 0. 0. 1. 1. 0. 1.],7.0,1000,100,0.01,0.0015,1,6,idID,,random,single_objective
670,0.20038727315632376,0.4837921309059817,0.004127559615,[0.       0.       0.       0.121035 0.       0.       0.       0.       0.       0.       0.       0.121035 0.       0.       0.       0.       0.       0.       0.       0.       0.       0.       0.121034 0.121035 0.       0.       0.       0.273791 0.121034 0.       0.121035],[0. 0. 0. 1. 0. 0. 0. 0. 0. 0. 0. 1. 0. 0. 0. 0. 0. 0. 0. 0. 0. 0. 1. 1. 0. 0. 0. 1. 1. 0. 1.],7.0,1000,100,0.01,0.0015,1,6,idID,,random,single_objective
671,0.20038727315632376,0.4837921309059817,0.004127559615,[0.       0.       0.       0.121035 0.       0.       0.       0.       0.       0.       0.       0.121035 0.       0.       0.       0.       0.       0.       0.       0.       0.       0.       0.121034 0.121035 0.       0.       0.       0.273791 0.121034 0.       0.121035],[0. 0. 0. 1. 0. 0. 0. 0. 0. 0. 0. 1. 0. 0. 0. 0. 0. 0. 0. 0. 0. 0. 1. 1. 0. 0. 0. 1. 1. 0. 1.],7.0,1000,100,0.01,0.0015,1,6,idID,,random,single_objective
672,0.20038727315632376,0.4837921309059817,0.004127559615,[0.       0.       0.       0.121035 0.       0.       0.       0.       0.       0.       0.       0.121035 0.       0.       0.       0.       0.       0.       0.       0.       0.       0.       0.121034 0.121035 0.       0.       0.       0.273791 0.121034 0.       0.121035],[0. 0. 0. 1. 0. 0. 0. 0. 0. 0. 0. 1. 0. 0. 0. 0. 0. 0. 0. 0. 0. 0. 1. 1. 0. 0. 0. 1. 1. 0. 1.],7.0,1000,100,0.01,0.0015,1,6,idID,,random,single_objective
673,0.20038727315632376,0.4837921309059817,0.004127559615,[0.       0.       0.       0.121035 0.       0.       0.       0.       0.       0.       0.       0.121035 0.       0.       0.       0.       0.       0.       0.       0.       0.       0.       0.121034 0.121035 0.       0.       0.       0.273791 0.121034 0.       0.121035],[0. 0. 0. 1. 0. 0. 0. 0. 0. 0. 0. 1. 0. 0. 0. 0. 0. 0. 0. 0. 0. 0. 1. 1. 0. 0. 0. 1. 1. 0. 1.],7.0,1000,100,0.01,0.0015,1,6,idID,,random,single_objective
674,0.20038727315632376,0.4837921309059817,0.004127559615,[0.       0.       0.       0.121035 0.       0.       0.       0.       0.       0.       0.       0.121035 0.       0.       0.       0.       0.       0.       0.       0.       0.       0.       0.121034 0.121035 0.       0.       0.       0.273791 0.121034 0.       0.121035],[0. 0. 0. 1. 0. 0. 0. 0. 0. 0. 0. 1. 0. 0. 0. 0. 0. 0. 0. 0. 0. 0. 1. 1. 0. 0. 0. 1. 1. 0. 1.],7.0,1000,100,0.01,0.0015,1,6,idID,,random,single_objective
675,0.20038727315632376,0.4837921309059817,0.004127559615,[0.       0.       0.       0.121035 0.       0.       0.       0.       0.       0.       0.       0.121035 0.       0.       0.       0.       0.       0.       0.       0.       0.       0.       0.121034 0.121035 0.       0.       0.       0.273791 0.121034 0.       0.121035],[0. 0. 0. 1. 0. 0. 0. 0. 0. 0. 0. 1. 0. 0. 0. 0. 0. 0. 0. 0. 0. 0. 1. 1. 0. 0. 0. 1. 1. 0. 1.],7.0,1000,100,0.01,0.0015,1,6,idID,,random,single_objective
676,0.20038727315632376,0.4837921309059817,0.004127559615,[0.       0.       0.       0.121035 0.       0.       0.       0.       0.       0.       0.       0.121035 0.       0.       0.       0.       0.       0.       0.       0.       0.       0.       0.121034 0.121035 0.       0.       0.       0.273791 0.121034 0.       0.121035],[0. 0. 0. 1. 0. 0. 0. 0. 0. 0. 0. 1. 0. 0. 0. 0. 0. 0. 0. 0. 0. 0. 1. 1. 0. 0. 0. 1. 1. 0. 1.],7.0,1000,100,0.01,0.0015,1,6,idID,,random,single_objective
677,0.20038727315632376,0.4837921309059817,0.004127559615,[0.       0.       0.       0.121035 0.       0.       0.       0.       0.       0.       0.       0.121035 0.       0.       0.       0.       0.       0.       0.       0.       0.       0.       0.121034 0.121035 0.       0.       0.       0.273791 0.121034 0.       0.121035],[0. 0. 0. 1. 0. 0. 0. 0. 0. 0. 0. 1. 0. 0. 0. 0. 0. 0. 0. 0. 0. 0. 1. 1. 0. 0. 0. 1. 1. 0. 1.],7.0,1000,100,0.01,0.0015,1,6,idID,,random,single_objective
678,0.20038727315632376,0.4837921309059817,0.004127559615,[0.       0.       0.       0.121035 0.       0.       0.       0.       0.       0.       0.       0.121035 0.       0.       0.       0.       0.       0.       0.       0.       0.       0.       0.121034 0.121035 0.       0.       0.       0.273791 0.121034 0.       0.121035],[0. 0. 0. 1. 0. 0. 0. 0. 0. 0. 0. 1. 0. 0. 0. 0. 0. 0. 0. 0. 0. 0. 1. 1. 0. 0. 0. 1. 1. 0. 1.],7.0,1000,100,0.01,0.0015,1,6,idID,,random,single_objective
679,0.20038727315632376,0.4837921309059817,0.004127559615,[0.       0.       0.       0.121035 0.       0.       0.       0.       0.       0.       0.       0.121035 0.       0.       0.       0.       0.       0.       0.       0.       0.       0.       0.121034 0.121035 0.       0.       0.       0.273791 0.121034 0.       0.121035],[0. 0. 0. 1. 0. 0. 0. 0. 0. 0. 0. 1. 0. 0. 0. 0. 0. 0. 0. 0. 0. 0. 1. 1. 0. 0. 0. 1. 1. 0. 1.],7.0,1000,100,0.01,0.0015,1,6,idID,,random,single_objective
680,0.20038727315632376,0.4837921309059817,0.004127559615,[0.       0.       0.       0.121035 0.       0.       0.       0.       0.       0.       0.       0.121035 0.       0.       0.       0.       0.       0.       0.       0.       0.       0.       0.121034 0.121035 0.       0.       0.       0.273791 0.121034 0.       0.121035],[0. 0. 0. 1. 0. 0. 0. 0. 0. 0. 0. 1. 0. 0. 0. 0. 0. 0. 0. 0. 0. 0. 1. 1. 0. 0. 0. 1. 1. 0. 1.],7.0,1000,100,0.01,0.0015,1,6,idID,,random,single_objective
681,0.20038727315632376,0.4837921309059817,0.004127559615,[0.       0.       0.       0.121035 0.       0.       0.       0.       0.       0.       0.       0.121035 0.       0.       0.       0.       0.       0.       0.       0.       0.       0.       0.121034 0.121035 0.       0.       0.       0.273791 0.121034 0.       0.121035],[0. 0. 0. 1. 0. 0. 0. 0. 0. 0. 0. 1. 0. 0. 0. 0. 0. 0. 0. 0. 0. 0. 1. 1. 0. 0. 0. 1. 1. 0. 1.],7.0,1000,100,0.01,0.0015,1,6,idID,,random,single_objective
682,0.20038727315632376,0.4837921309059817,0.004127559615,[0.       0.       0.       0.121035 0.       0.       0.       0.       0.       0.       0.       0.121035 0.       0.       0.       0.       0.       0.       0.       0.       0.       0.       0.121034 0.121035 0.       0.       0.       0.273791 0.121034 0.       0.121035],[0. 0. 0. 1. 0. 0. 0. 0. 0. 0. 0. 1. 0. 0. 0. 0. 0. 0. 0. 0. 0. 0. 1. 1. 0. 0. 0. 1. 1. 0. 1.],7.0,1000,100,0.01,0.0015,1,6,idID,,random,single_objective
683,0.20038727315632376,0.4837921309059817,0.004127559615,[0.       0.       0.       0.121035 0.       0.       0.       0.       0.       0.       0.       0.121035 0.       0.       0.       0.       0.       0.       0.       0.       0.       0.       0.121034 0.121035 0.       0.       0.       0.273791 0.121034 0.       0.121035],[0. 0. 0. 1. 0. 0. 0. 0. 0. 0. 0. 1. 0. 0. 0. 0. 0. 0. 0. 0. 0. 0. 1. 1. 0. 0. 0. 1. 1. 0. 1.],7.0,1000,100,0.01,0.0015,1,6,idID,,random,single_objective
684,0.20038727315632376,0.4837921309059817,0.004127559615,[0.       0.       0.       0.121035 0.       0.       0.       0.       0.       0.       0.       0.121035 0.       0.       0.       0.       0.       0.       0.       0.       0.       0.       0.121034 0.121035 0.       0.       0.       0.273791 0.121034 0.       0.121035],[0. 0. 0. 1. 0. 0. 0. 0. 0. 0. 0. 1. 0. 0. 0. 0. 0. 0. 0. 0. 0. 0. 1. 1. 0. 0. 0. 1. 1. 0. 1.],7.0,1000,100,0.01,0.0015,1,6,idID,,random,single_objective
685,0.20038727315632376,0.4837921309059817,0.004127559615,[0.       0.       0.       0.121035 0.       0.       0.       0.       0.       0.       0.       0.121035 0.       0.       0.       0.       0.       0.       0.       0.       0.       0.       0.121034 0.121035 0.       0.       0.       0.273791 0.121034 0.       0.121035],[0. 0. 0. 1. 0. 0. 0. 0. 0. 0. 0. 1. 0. 0. 0. 0. 0. 0. 0. 0. 0. 0. 1. 1. 0. 0. 0. 1. 1. 0. 1.],7.0,1000,100,0.01,0.0015,1,6,idID,,random,single_objective
686,0.20038727315632376,0.4837921309059817,0.004127559615,[0.       0.       0.       0.121035 0.       0.       0.       0.       0.       0.       0.       0.121035 0.       0.       0.       0.       0.       0.       0.       0.       0.       0.       0.121034 0.121035 0.       0.       0.       0.273791 0.121034 0.       0.121035],[0. 0. 0. 1. 0. 0. 0. 0. 0. 0. 0. 1. 0. 0. 0. 0. 0. 0. 0. 0. 0. 0. 1. 1. 0. 0. 0. 1. 1. 0. 1.],7.0,1000,100,0.01,0.0015,1,6,idID,,random,single_objective
687,0.20038727315632376,0.4837921309059817,0.004127559615,[0.       0.       0.       0.121035 0.       0.       0.       0.       0.       0.       0.       0.121035 0.       0.       0.       0.       0.       0.       0.       0.       0.       0.       0.121034 0.121035 0.       0.       0.       0.273791 0.121034 0.       0.121035],[0. 0. 0. 1. 0. 0. 0. 0. 0. 0. 0. 1. 0. 0. 0. 0. 0. 0. 0. 0. 0. 0. 1. 1. 0. 0. 0. 1. 1. 0. 1.],7.0,1000,100,0.01,0.0015,1,6,idID,,random,single_objective
688,0.20038727315632376,0.4837921309059817,0.004127559615,[0.       0.       0.       0.121035 0.       0.       0.       0.       0.       0.       0.       0.121035 0.       0.       0.       0.       0.       0.       0.       0.       0.       0.       0.121034 0.121035 0.       0.       0.       0.273791 0.121034 0.       0.121035],[0. 0. 0. 1. 0. 0. 0. 0. 0. 0. 0. 1. 0. 0. 0. 0. 0. 0. 0. 0. 0. 0. 1. 1. 0. 0. 0. 1. 1. 0. 1.],7.0,1000,100,0.01,0.0015,1,6,idID,,random,single_objective
689,0.20038727315632376,0.4837921309059817,0.004127559615,[0.       0.       0.       0.121035 0.       0.       0.       0.       0.       0.       0.       0.121035 0.       0.       0.       0.       0.       0.       0.       0.       0.       0.       0.121034 0.121035 0.       0.       0.       0.273791 0.121034 0.       0.121035],[0. 0. 0. 1. 0. 0. 0. 0. 0. 0. 0. 1. 0. 0. 0. 0. 0. 0. 0. 0. 0. 0. 1. 1. 0. 0. 0. 1. 1. 0. 1.],7.0,1000,100,0.01,0.0015,1,6,idID,,random,single_objective
690,0.20038727315632376,0.4837921309059817,0.004127559615,[0.       0.       0.       0.121035 0.       0.       0.       0.       0.       0.       0.       0.121035 0.       0.       0.       0.       0.       0.       0.       0.       0.       0.       0.121034 0.121035 0.       0.       0.       0.273791 0.121034 0.       0.121035],[0. 0. 0. 1. 0. 0. 0. 0. 0. 0. 0. 1. 0. 0. 0. 0. 0. 0. 0. 0. 0. 0. 1. 1. 0. 0. 0. 1. 1. 0. 1.],7.0,1000,100,0.01,0.0015,1,6,idID,,random,single_objective
691,0.20038727315632376,0.4837921309059817,0.004127559615,[0.       0.       0.       0.121035 0.       0.       0.       0.       0.       0.       0.       0.121035 0.       0.       0.       0.       0.       0.       0.       0.       0.       0.       0.121034 0.121035 0.       0.       0.       0.273791 0.121034 0.       0.121035],[0. 0. 0. 1. 0. 0. 0. 0. 0. 0. 0. 1. 0. 0. 0. 0. 0. 0. 0. 0. 0. 0. 1. 1. 0. 0. 0. 1. 1. 0. 1.],7.0,1000,100,0.01,0.0015,1,6,idID,,random,single_objective
692,0.20038727315632376,0.4837921309059817,0.004127559615,[0.       0.       0.       0.121035 0.       0.       0.       0.       0.       0.       0.       0.121035 0.       0.       0.       0.       0.       0.       0.       0.       0.       0.       0.121034 0.121035 0.       0.       0.       0.273791 0.121034 0.       0.121035],[0. 0. 0. 1. 0. 0. 0. 0. 0. 0. 0. 1. 0. 0. 0. 0. 0. 0. 0. 0. 0. 0. 1. 1. 0. 0. 0. 1. 1. 0. 1.],7.0,1000,100,0.01,0.0015,1,6,idID,,random,single_objective
693,0.20038727315632376,0.4837921309059817,0.004127559615,[0.       0.       0.       0.121035 0.       0.       0.       0.       0.       0.       0.       0.121035 0.       0.       0.       0.       0.       0.       0.       0.       0.       0.       0.121034 0.121035 0.       0.       0.       0.273791 0.121034 0.       0.121035],[0. 0. 0. 1. 0. 0. 0. 0. 0. 0. 0. 1. 0. 0. 0. 0. 0. 0. 0. 0. 0. 0. 1. 1. 0. 0. 0. 1. 1. 0. 1.],7.0,1000,100,0.01,0.0015,1,6,idID,,random,single_objective
694,0.20038727315632376,0.4837921309059817,0.004127559615,[0.       0.       0.       0.121035 0.       0.       0.       0.       0.       0.       0.       0.121035 0.       0.       0.       0.       0.       0.       0.       0.       0.       0.       0.121034 0.121035 0.       0.       0.       0.273791 0.121034 0.       0.121035],[0. 0. 0. 1. 0. 0. 0. 0. 0. 0. 0. 1. 0. 0. 0. 0. 0. 0. 0. 0. 0. 0. 1. 1. 0. 0. 0. 1. 1. 0. 1.],7.0,1000,100,0.01,0.0015,1,6,idID,,random,single_objective
695,0.20038727315632376,0.4837921309059817,0.004127559615,[0.       0.       0.       0.121035 0.       0.       0.       0.       0.       0.       0.       0.121035 0.       0.       0.       0.       0.       0.       0.       0.       0.       0.       0.121034 0.121035 0.       0.       0.       0.273791 0.121034 0.       0.121035],[0. 0. 0. 1. 0. 0. 0. 0. 0. 0. 0. 1. 0. 0. 0. 0. 0. 0. 0. 0. 0. 0. 1. 1. 0. 0. 0. 1. 1. 0. 1.],7.0,1000,100,0.01,0.0015,1,6,idID,,random,single_objective
696,0.20038727315632376,0.4837921309059817,0.004127559615,[0.       0.       0.       0.121035 0.       0.       0.       0.       0.       0.       0.       0.121035 0.       0.       0.       0.       0.       0.       0.       0.       0.       0.       0.121034 0.121035 0.       0.       0.       0.273791 0.121034 0.       0.121035],[0. 0. 0. 1. 0. 0. 0. 0. 0. 0. 0. 1. 0. 0. 0. 0. 0. 0. 0. 0. 0. 0. 1. 1. 0. 0. 0. 1. 1. 0. 1.],7.0,1000,100,0.01,0.0015,1,6,idID,,random,single_objective
697,0.20038727315632376,0.4837921309059817,0.004127559615,[0.       0.       0.       0.121035 0.       0.       0.       0.       0.       0.       0.       0.121035 0.       0.       0.       0.       0.       0.       0.       0.       0.       0.       0.121034 0.121035 0.       0.       0.       0.273791 0.121034 0.       0.121035],[0. 0. 0. 1. 0. 0. 0. 0. 0. 0. 0. 1. 0. 0. 0. 0. 0. 0. 0. 0. 0. 0. 1. 1. 0. 0. 0. 1. 1. 0. 1.],7.0,1000,100,0.01,0.0015,1,6,idID,,random,single_objective
698,0.20038727315632376,0.4837921309059817,0.004127559615,[0.       0.       0.       0.121035 0.       0.       0.       0.       0.       0.       0.       0.121035 0.       0.       0.       0.       0.       0.       0.       0.       0.       0.       0.121034 0.121035 0.       0.       0.       0.273791 0.121034 0.       0.121035],[0. 0. 0. 1. 0. 0. 0. 0. 0. 0. 0. 1. 0. 0. 0. 0. 0. 0. 0. 0. 0. 0. 1. 1. 0. 0. 0. 1. 1. 0. 1.],7.0,1000,100,0.01,0.0015,1,6,idID,,random,single_objective
699,0.20038727315632376,0.4837921309059817,0.004127559615,[0.       0.       0.       0.121035 0.       0.       0.       0.       0.       0.       0.       0.121035 0.       0.       0.       0.       0.       0.       0.       0.       0.       0.       0.121034 0.121035 0.       0.       0.       0.273791 0.121034 0.       0.121035],[0. 0. 0. 1. 0. 0. 0. 0. 0. 0. 0. 1. 0. 0. 0. 0. 0. 0. 0. 0. 0. 0. 1. 1. 0. 0. 0. 1. 1. 0. 1.],7.0,1000,100,0.01,0.0015,1,6,idID,,random,single_objective
700,0.20038727315632376,0.4837921309059817,0.004127559615,[0.       0.       0.       0.121035 0.       0.       0.       0.       0.       0.       0.       0.121035 0.       0.       0.       0.       0.       0.       0.       0.       0.       0.       0.121034 0.121035 0.       0.       0.       0.273791 0.121034 0.       0.121035],[0. 0. 0. 1. 0. 0. 0. 0. 0. 0. 0. 1. 0. 0. 0. 0. 0. 0. 0. 0. 0. 0. 1. 1. 0. 0. 0. 1. 1. 0. 1.],7.0,1000,100,0.01,0.0015,1,6,idID,,random,single_objective
701,0.20038727315632376,0.4837921309059817,0.004127559615,[0.       0.       0.       0.121035 0.       0.       0.       0.       0.       0.       0.       0.121035 0.       0.       0.       0.       0.       0.       0.       0.       0.       0.       0.121034 0.121035 0.       0.       0.       0.273791 0.121034 0.       0.121035],[0. 0. 0. 1. 0. 0. 0. 0. 0. 0. 0. 1. 0. 0. 0. 0. 0. 0. 0. 0. 0. 0. 1. 1. 0. 0. 0. 1. 1. 0. 1.],7.0,1000,100,0.01,0.0015,1,6,idID,,random,single_objective
702,0.20038727315632376,0.4837921309059817,0.004127559615,[0.       0.       0.       0.121035 0.       0.       0.       0.       0.       0.       0.       0.121035 0.       0.       0.       0.       0.       0.       0.       0.       0.       0.       0.121034 0.121035 0.       0.       0.       0.273791 0.121034 0.       0.121035],[0. 0. 0. 1. 0. 0. 0. 0. 0. 0. 0. 1. 0. 0. 0. 0. 0. 0. 0. 0. 0. 0. 1. 1. 0. 0. 0. 1. 1. 0. 1.],7.0,1000,100,0.01,0.0015,1,6,idID,,random,single_objective
703,0.20038727315632376,0.4837921309059817,0.004127559615,[0.       0.       0.       0.121035 0.       0.       0.       0.       0.       0.       0.       0.121035 0.       0.       0.       0.       0.       0.       0.       0.       0.       0.       0.121034 0.121035 0.       0.       0.       0.273791 0.121034 0.       0.121035],[0. 0. 0. 1. 0. 0. 0. 0. 0. 0. 0. 1. 0. 0. 0. 0. 0. 0. 0. 0. 0. 0. 1. 1. 0. 0. 0. 1. 1. 0. 1.],7.0,1000,100,0.01,0.0015,1,6,idID,,random,single_objective
704,0.20038727315632376,0.4837921309059817,0.004127559615,[0.       0.       0.       0.121035 0.       0.       0.       0.       0.       0.       0.       0.121035 0.       0.       0.       0.       0.       0.       0.       0.       0.       0.       0.121034 0.121035 0.       0.       0.       0.273791 0.121034 0.       0.121035],[0. 0. 0. 1. 0. 0. 0. 0. 0. 0. 0. 1. 0. 0. 0. 0. 0. 0. 0. 0. 0. 0. 1. 1. 0. 0. 0. 1. 1. 0. 1.],7.0,1000,100,0.01,0.0015,1,6,idID,,random,single_objective
705,0.20038727315632376,0.4837921309059817,0.004127559615,[0.       0.       0.       0.121035 0.       0.       0.       0.       0.       0.       0.       0.121035 0.       0.       0.       0.       0.       0.       0.       0.       0.       0.       0.121034 0.121035 0.       0.       0.       0.273791 0.121034 0.       0.121035],[0. 0. 0. 1. 0. 0. 0. 0. 0. 0. 0. 1. 0. 0. 0. 0. 0. 0. 0. 0. 0. 0. 1. 1. 0. 0. 0. 1. 1. 0. 1.],7.0,1000,100,0.01,0.0015,1,6,idID,,random,single_objective
706,0.20038727315632376,0.4837921309059817,0.004127559615,[0.       0.       0.       0.121035 0.       0.       0.       0.       0.       0.       0.       0.121035 0.       0.       0.       0.       0.       0.       0.       0.       0.       0.       0.121034 0.121035 0.       0.       0.       0.273791 0.121034 0.       0.121035],[0. 0. 0. 1. 0. 0. 0. 0. 0. 0. 0. 1. 0. 0. 0. 0. 0. 0. 0. 0. 0. 0. 1. 1. 0. 0. 0. 1. 1. 0. 1.],7.0,1000,100,0.01,0.0015,1,6,idID,,random,single_objective
707,0.20038727315632376,0.4837921309059817,0.004127559615,[0.       0.       0.       0.121035 0.       0.       0.       0.       0.       0.       0.       0.121035 0.       0.       0.       0.       0.       0.       0.       0.       0.       0.       0.121034 0.121035 0.       0.       0.       0.273791 0.121034 0.       0.121035],[0. 0. 0. 1. 0. 0. 0. 0. 0. 0. 0. 1. 0. 0. 0. 0. 0. 0. 0. 0. 0. 0. 1. 1. 0. 0. 0. 1. 1. 0. 1.],7.0,1000,100,0.01,0.0015,1,6,idID,,random,single_objective
708,0.20038727315632376,0.4837921309059817,0.004127559615,[0.       0.       0.       0.121035 0.       0.       0.       0.       0.       0.       0.       0.121035 0.       0.       0.       0.       0.       0.       0.       0.       0.       0.       0.121034 0.121035 0.       0.       0.       0.273791 0.121034 0.       0.121035],[0. 0. 0. 1. 0. 0. 0. 0. 0. 0. 0. 1. 0. 0. 0. 0. 0. 0. 0. 0. 0. 0. 1. 1. 0. 0. 0. 1. 1. 0. 1.],7.0,1000,100,0.01,0.0015,1,6,idID,,random,single_objective
709,0.20038727315632376,0.4837921309059817,0.004127559615,[0.       0.       0.       0.121035 0.       0.       0.       0.       0.       0.       0.       0.121035 0.       0.       0.       0.       0.       0.       0.       0.       0.       0.       0.121034 0.121035 0.       0.       0.       0.273791 0.121034 0.       0.121035],[0. 0. 0. 1. 0. 0. 0. 0. 0. 0. 0. 1. 0. 0. 0. 0. 0. 0. 0. 0. 0. 0. 1. 1. 0. 0. 0. 1. 1. 0. 1.],7.0,1000,100,0.01,0.0015,1,6,idID,,random,single_objective
710,0.20038727315632376,0.4837921309059817,0.004127559615,[0.       0.       0.       0.121035 0.       0.       0.       0.       0.       0.       0.       0.121035 0.       0.       0.       0.       0.       0.       0.       0.       0.       0.       0.121034 0.121035 0.       0.       0.       0.273791 0.121034 0.       0.121035],[0. 0. 0. 1. 0. 0. 0. 0. 0. 0. 0. 1. 0. 0. 0. 0. 0. 0. 0. 0. 0. 0. 1. 1. 0. 0. 0. 1. 1. 0. 1.],7.0,1000,100,0.01,0.0015,1,6,idID,,random,single_objective
711,0.20038727315632376,0.4837921309059817,0.004127559615,[0.       0.       0.       0.121035 0.       0.       0.       0.       0.       0.       0.       0.121035 0.       0.       0.       0.       0.       0.       0.       0.       0.       0.       0.121034 0.121035 0.       0.       0.       0.273791 0.121034 0.       0.121035],[0. 0. 0. 1. 0. 0. 0. 0. 0. 0. 0. 1. 0. 0. 0. 0. 0. 0. 0. 0. 0. 0. 1. 1. 0. 0. 0. 1. 1. 0. 1.],7.0,1000,100,0.01,0.0015,1,6,idID,,random,single_objective
712,0.20038727315632376,0.4837921309059817,0.004127559615,[0.       0.       0.       0.121035 0.       0.       0.       0.       0.       0.       0.       0.121035 0.       0.       0.       0.       0.       0.       0.       0.       0.       0.       0.121034 0.121035 0.       0.       0.       0.273791 0.121034 0.       0.121035],[0. 0. 0. 1. 0. 0. 0. 0. 0. 0. 0. 1. 0. 0. 0. 0. 0. 0. 0. 0. 0. 0. 1. 1. 0. 0. 0. 1. 1. 0. 1.],7.0,1000,100,0.01,0.0015,1,6,idID,,random,single_objective
713,0.20038727315632376,0.4837921309059817,0.004127559615,[0.       0.       0.       0.121035 0.       0.       0.       0.       0.       0.       0.       0.121035 0.       0.       0.       0.       0.       0.       0.       0.       0.       0.       0.121034 0.121035 0.       0.       0.       0.273791 0.121034 0.       0.121035],[0. 0. 0. 1. 0. 0. 0. 0. 0. 0. 0. 1. 0. 0. 0. 0. 0. 0. 0. 0. 0. 0. 1. 1. 0. 0. 0. 1. 1. 0. 1.],7.0,1000,100,0.01,0.0015,1,6,idID,,random,single_objective
714,0.20038727315632376,0.4837921309059817,0.004127559615,[0.       0.       0.       0.121035 0.       0.       0.       0.       0.       0.       0.       0.121035 0.       0.       0.       0.       0.       0.       0.       0.       0.       0.       0.121034 0.121035 0.       0.       0.       0.273791 0.121034 0.       0.121035],[0. 0. 0. 1. 0. 0. 0. 0. 0. 0. 0. 1. 0. 0. 0. 0. 0. 0. 0. 0. 0. 0. 1. 1. 0. 0. 0. 1. 1. 0. 1.],7.0,1000,100,0.01,0.0015,1,6,idID,,random,single_objective
715,0.20038727315632376,0.4837921309059817,0.004127559615,[0.       0.       0.       0.121035 0.       0.       0.       0.       0.       0.       0.       0.121035 0.       0.       0.       0.       0.       0.       0.       0.       0.       0.       0.121034 0.121035 0.       0.       0.       0.273791 0.121034 0.       0.121035],[0. 0. 0. 1. 0. 0. 0. 0. 0. 0. 0. 1. 0. 0. 0. 0. 0. 0. 0. 0. 0. 0. 1. 1. 0. 0. 0. 1. 1. 0. 1.],7.0,1000,100,0.01,0.0015,1,6,idID,,random,single_objective
716,0.20038727315632376,0.4837921309059817,0.004127559615,[0.       0.       0.       0.121035 0.       0.       0.       0.       0.       0.       0.       0.121035 0.       0.       0.       0.       0.       0.       0.       0.       0.       0.       0.121034 0.121035 0.       0.       0.       0.273791 0.121034 0.       0.121035],[0. 0. 0. 1. 0. 0. 0. 0. 0. 0. 0. 1. 0. 0. 0. 0. 0. 0. 0. 0. 0. 0. 1. 1. 0. 0. 0. 1. 1. 0. 1.],7.0,1000,100,0.01,0.0015,1,6,idID,,random,single_objective
717,0.20038727315632376,0.4837921309059817,0.004127559615,[0.       0.       0.       0.121035 0.       0.       0.       0.       0.       0.       0.       0.121035 0.       0.       0.       0.       0.       0.       0.       0.       0.       0.       0.121034 0.121035 0.       0.       0.       0.273791 0.121034 0.       0.121035],[0. 0. 0. 1. 0. 0. 0. 0. 0. 0. 0. 1. 0. 0. 0. 0. 0. 0. 0. 0. 0. 0. 1. 1. 0. 0. 0. 1. 1. 0. 1.],7.0,1000,100,0.01,0.0015,1,6,idID,,random,single_objective
718,0.20038727315632376,0.4837921309059817,0.004127559615,[0.       0.       0.       0.121035 0.       0.       0.       0.       0.       0.       0.       0.121035 0.       0.       0.       0.       0.       0.       0.       0.       0.       0.       0.121034 0.121035 0.       0.       0.       0.273791 0.121034 0.       0.121035],[0. 0. 0. 1. 0. 0. 0. 0. 0. 0. 0. 1. 0. 0. 0. 0. 0. 0. 0. 0. 0. 0. 1. 1. 0. 0. 0. 1. 1. 0. 1.],7.0,1000,100,0.01,0.0015,1,6,idID,,random,single_objective
719,0.20038727315632376,0.4837921309059817,0.004127559615,[0.       0.       0.       0.121035 0.       0.       0.       0.       0.       0.       0.       0.121035 0.       0.       0.       0.       0.       0.       0.       0.       0.       0.       0.121034 0.121035 0.       0.       0.       0.273791 0.121034 0.       0.121035],[0. 0. 0. 1. 0. 0. 0. 0. 0. 0. 0. 1. 0. 0. 0. 0. 0. 0. 0. 0. 0. 0. 1. 1. 0. 0. 0. 1. 1. 0. 1.],7.0,1000,100,0.01,0.0015,1,6,idID,,random,single_objective
720,0.20038727315632376,0.4837921309059817,0.004127559615,[0.       0.       0.       0.121035 0.       0.       0.       0.       0.       0.       0.       0.121035 0.       0.       0.       0.       0.       0.       0.       0.       0.       0.       0.121034 0.121035 0.       0.       0.       0.273791 0.121034 0.       0.121035],[0. 0. 0. 1. 0. 0. 0. 0. 0. 0. 0. 1. 0. 0. 0. 0. 0. 0. 0. 0. 0. 0. 1. 1. 0. 0. 0. 1. 1. 0. 1.],7.0,1000,100,0.01,0.0015,1,6,idID,,random,single_objective
721,0.20038727315632376,0.4837921309059817,0.004127559615,[0.       0.       0.       0.121035 0.       0.       0.       0.       0.       0.       0.       0.121035 0.       0.       0.       0.       0.       0.       0.       0.       0.       0.       0.121034 0.121035 0.       0.       0.       0.273791 0.121034 0.       0.121035],[0. 0. 0. 1. 0. 0. 0. 0. 0. 0. 0. 1. 0. 0. 0. 0. 0. 0. 0. 0. 0. 0. 1. 1. 0. 0. 0. 1. 1. 0. 1.],7.0,1000,100,0.01,0.0015,1,6,idID,,random,single_objective
722,0.20038727315632376,0.4837921309059817,0.004127559615,[0.       0.       0.       0.121035 0.       0.       0.       0.       0.       0.       0.       0.121035 0.       0.       0.       0.       0.       0.       0.       0.       0.       0.       0.121034 0.121035 0.       0.       0.       0.273791 0.121034 0.       0.121035],[0. 0. 0. 1. 0. 0. 0. 0. 0. 0. 0. 1. 0. 0. 0. 0. 0. 0. 0. 0. 0. 0. 1. 1. 0. 0. 0. 1. 1. 0. 1.],7.0,1000,100,0.01,0.0015,1,6,idID,,random,single_objective
723,0.20038727315632376,0.4837921309059817,0.004127559615,[0.       0.       0.       0.121035 0.       0.       0.       0.       0.       0.       0.       0.121035 0.       0.       0.       0.       0.       0.       0.       0.       0.       0.       0.121034 0.121035 0.       0.       0.       0.273791 0.121034 0.       0.121035],[0. 0. 0. 1. 0. 0. 0. 0. 0. 0. 0. 1. 0. 0. 0. 0. 0. 0. 0. 0. 0. 0. 1. 1. 0. 0. 0. 1. 1. 0. 1.],7.0,1000,100,0.01,0.0015,1,6,idID,,random,single_objective
724,0.20038727315632376,0.4837921309059817,0.004127559615,[0.       0.       0.       0.121035 0.       0.       0.       0.       0.       0.       0.       0.121035 0.       0.       0.       0.       0.       0.       0.       0.       0.       0.       0.121034 0.121035 0.       0.       0.       0.273791 0.121034 0.       0.121035],[0. 0. 0. 1. 0. 0. 0. 0. 0. 0. 0. 1. 0. 0. 0. 0. 0. 0. 0. 0. 0. 0. 1. 1. 0. 0. 0. 1. 1. 0. 1.],7.0,1000,100,0.01,0.0015,1,6,idID,,random,single_objective
725,0.20038727315632376,0.4837921309059817,0.004127559615,[0.       0.       0.       0.121035 0.       0.       0.       0.       0.       0.       0.       0.121035 0.       0.       0.       0.       0.       0.       0.       0.       0.       0.       0.121034 0.121035 0.       0.       0.       0.273791 0.121034 0.       0.121035],[0. 0. 0. 1. 0. 0. 0. 0. 0. 0. 0. 1. 0. 0. 0. 0. 0. 0. 0. 0. 0. 0. 1. 1. 0. 0. 0. 1. 1. 0. 1.],7.0,1000,100,0.01,0.0015,1,6,idID,,random,single_objective
726,0.20038727315632376,0.4837921309059817,0.004127559615,[0.       0.       0.       0.121035 0.       0.       0.       0.       0.       0.       0.       0.121035 0.       0.       0.       0.       0.       0.       0.       0.       0.       0.       0.121034 0.121035 0.       0.       0.       0.273791 0.121034 0.       0.121035],[0. 0. 0. 1. 0. 0. 0. 0. 0. 0. 0. 1. 0. 0. 0. 0. 0. 0. 0. 0. 0. 0. 1. 1. 0. 0. 0. 1. 1. 0. 1.],7.0,1000,100,0.01,0.0015,1,6,idID,,random,single_objective
727,0.20038727315632376,0.4837921309059817,0.004127559615,[0.       0.       0.       0.121035 0.       0.       0.       0.       0.       0.       0.       0.121035 0.       0.       0.       0.       0.       0.       0.       0.       0.       0.       0.121034 0.121035 0.       0.       0.       0.273791 0.121034 0.       0.121035],[0. 0. 0. 1. 0. 0. 0. 0. 0. 0. 0. 1. 0. 0. 0. 0. 0. 0. 0. 0. 0. 0. 1. 1. 0. 0. 0. 1. 1. 0. 1.],7.0,1000,100,0.01,0.0015,1,6,idID,,random,single_objective
728,0.20038727315632376,0.4837921309059817,0.004127559615,[0.       0.       0.       0.121035 0.       0.       0.       0.       0.       0.       0.       0.121035 0.       0.       0.       0.       0.       0.       0.       0.       0.       0.       0.121034 0.121035 0.       0.       0.       0.273791 0.121034 0.       0.121035],[0. 0. 0. 1. 0. 0. 0. 0. 0. 0. 0. 1. 0. 0. 0. 0. 0. 0. 0. 0. 0. 0. 1. 1. 0. 0. 0. 1. 1. 0. 1.],7.0,1000,100,0.01,0.0015,1,6,idID,,random,single_objective
729,0.20038727315632376,0.4837921309059817,0.004127559615,[0.       0.       0.       0.121035 0.       0.       0.       0.       0.       0.       0.       0.121035 0.       0.       0.       0.       0.       0.       0.       0.       0.       0.       0.121034 0.121035 0.       0.       0.       0.273791 0.121034 0.       0.121035],[0. 0. 0. 1. 0. 0. 0. 0. 0. 0. 0. 1. 0. 0. 0. 0. 0. 0. 0. 0. 0. 0. 1. 1. 0. 0. 0. 1. 1. 0. 1.],7.0,1000,100,0.01,0.0015,1,6,idID,,random,single_objective
730,0.20038727315632376,0.4837921309059817,0.004127559615,[0.       0.       0.       0.121035 0.       0.       0.       0.       0.       0.       0.       0.121035 0.       0.       0.       0.       0.       0.       0.       0.       0.       0.       0.121034 0.121035 0.       0.       0.       0.273791 0.121034 0.       0.121035],[0. 0. 0. 1. 0. 0. 0. 0. 0. 0. 0. 1. 0. 0. 0. 0. 0. 0. 0. 0. 0. 0. 1. 1. 0. 0. 0. 1. 1. 0. 1.],7.0,1000,100,0.01,0.0015,1,6,idID,,random,single_objective
731,0.20038727315632376,0.4837921309059817,0.004127559615,[0.       0.       0.       0.121035 0.       0.       0.       0.       0.       0.       0.       0.121035 0.       0.       0.       0.       0.       0.       0.       0.       0.       0.       0.121034 0.121035 0.       0.       0.       0.273791 0.121034 0.       0.121035],[0. 0. 0. 1. 0. 0. 0. 0. 0. 0. 0. 1. 0. 0. 0. 0. 0. 0. 0. 0. 0. 0. 1. 1. 0. 0. 0. 1. 1. 0. 1.],7.0,1000,100,0.01,0.0015,1,6,idID,,random,single_objective
732,0.20038727315632376,0.4837921309059817,0.004127559615,[0.       0.       0.       0.121035 0.       0.       0.       0.       0.       0.       0.       0.121035 0.       0.       0.       0.       0.       0.       0.       0.       0.       0.       0.121034 0.121035 0.       0.       0.       0.273791 0.121034 0.       0.121035],[0. 0. 0. 1. 0. 0. 0. 0. 0. 0. 0. 1. 0. 0. 0. 0. 0. 0. 0. 0. 0. 0. 1. 1. 0. 0. 0. 1. 1. 0. 1.],7.0,1000,100,0.01,0.0015,1,6,idID,,random,single_objective
733,0.20038727315632376,0.4837921309059817,0.004127559615,[0.       0.       0.       0.121035 0.       0.       0.       0.       0.       0.       0.       0.121035 0.       0.       0.       0.       0.       0.       0.       0.       0.       0.       0.121034 0.121035 0.       0.       0.       0.273791 0.121034 0.       0.121035],[0. 0. 0. 1. 0. 0. 0. 0. 0. 0. 0. 1. 0. 0. 0. 0. 0. 0. 0. 0. 0. 0. 1. 1. 0. 0. 0. 1. 1. 0. 1.],7.0,1000,100,0.01,0.0015,1,6,idID,,random,single_objective
734,0.20038727315632376,0.4837921309059817,0.004127559615,[0.       0.       0.       0.121035 0.       0.       0.       0.       0.       0.       0.       0.121035 0.       0.       0.       0.       0.       0.       0.       0.       0.       0.       0.121034 0.121035 0.       0.       0.       0.273791 0.121034 0.       0.121035],[0. 0. 0. 1. 0. 0. 0. 0. 0. 0. 0. 1. 0. 0. 0. 0. 0. 0. 0. 0. 0. 0. 1. 1. 0. 0. 0. 1. 1. 0. 1.],7.0,1000,100,0.01,0.0015,1,6,idID,,random,single_objective
735,0.20038727315632376,0.4837921309059817,0.004127559615,[0.       0.       0.       0.121035 0.       0.       0.       0.       0.       0.       0.       0.121035 0.       0.       0.       0.       0.       0.       0.       0.       0.       0.       0.121034 0.121035 0.       0.       0.       0.273791 0.121034 0.       0.121035],[0. 0. 0. 1. 0. 0. 0. 0. 0. 0. 0. 1. 0. 0. 0. 0. 0. 0. 0. 0. 0. 0. 1. 1. 0. 0. 0. 1. 1. 0. 1.],7.0,1000,100,0.01,0.0015,1,6,idID,,random,single_objective
736,0.20038727315632376,0.4837921309059817,0.004127559615,[0.       0.       0.       0.121035 0.       0.       0.       0.       0.       0.       0.       0.121035 0.       0.       0.       0.       0.       0.       0.       0.       0.       0.       0.121034 0.121035 0.       0.       0.       0.273791 0.121034 0.       0.121035],[0. 0. 0. 1. 0. 0. 0. 0. 0. 0. 0. 1. 0. 0. 0. 0. 0. 0. 0. 0. 0. 0. 1. 1. 0. 0. 0. 1. 1. 0. 1.],7.0,1000,100,0.01,0.0015,1,6,idID,,random,single_objective
737,0.20038727315632376,0.4837921309059817,0.004127559615,[0.       0.       0.       0.121035 0.       0.       0.       0.       0.       0.       0.       0.121035 0.       0.       0.       0.       0.       0.       0.       0.       0.       0.       0.121034 0.121035 0.       0.       0.       0.273791 0.121034 0.       0.121035],[0. 0. 0. 1. 0. 0. 0. 0. 0. 0. 0. 1. 0. 0. 0. 0. 0. 0. 0. 0. 0. 0. 1. 1. 0. 0. 0. 1. 1. 0. 1.],7.0,1000,100,0.01,0.0015,1,6,idID,,random,single_objective
738,0.20038727315632376,0.4837921309059817,0.004127559615,[0.       0.       0.       0.121035 0.       0.       0.       0.       0.       0.       0.       0.121035 0.       0.       0.       0.       0.       0.       0.       0.       0.       0.       0.121034 0.121035 0.       0.       0.       0.273791 0.121034 0.       0.121035],[0. 0. 0. 1. 0. 0. 0. 0. 0. 0. 0. 1. 0. 0. 0. 0. 0. 0. 0. 0. 0. 0. 1. 1. 0. 0. 0. 1. 1. 0. 1.],7.0,1000,100,0.01,0.0015,1,6,idID,,random,single_objective
739,0.20038727315632376,0.4837921309059817,0.004127559615,[0.       0.       0.       0.121035 0.       0.       0.       0.       0.       0.       0.       0.121035 0.       0.       0.       0.       0.       0.       0.       0.       0.       0.       0.121034 0.121035 0.       0.       0.       0.273791 0.121034 0.       0.121035],[0. 0. 0. 1. 0. 0. 0. 0. 0. 0. 0. 1. 0. 0. 0. 0. 0. 0. 0. 0. 0. 0. 1. 1. 0. 0. 0. 1. 1. 0. 1.],7.0,1000,100,0.01,0.0015,1,6,idID,,random,single_objective
740,0.20038727315632376,0.4837921309059817,0.004127559615,[0.       0.       0.       0.121035 0.       0.       0.       0.       0.       0.       0.       0.121035 0.       0.       0.       0.       0.       0.       0.       0.       0.       0.       0.121034 0.121035 0.       0.       0.       0.273791 0.121034 0.       0.121035],[0. 0. 0. 1. 0. 0. 0. 0. 0. 0. 0. 1. 0. 0. 0. 0. 0. 0. 0. 0. 0. 0. 1. 1. 0. 0. 0. 1. 1. 0. 1.],7.0,1000,100,0.01,0.0015,1,6,idID,,random,single_objective
741,0.20038727315632376,0.4837921309059817,0.004127559615,[0.       0.       0.       0.121035 0.       0.       0.       0.       0.       0.       0.       0.121035 0.       0.       0.       0.       0.       0.       0.       0.       0.       0.       0.121034 0.121035 0.       0.       0.       0.273791 0.121034 0.       0.121035],[0. 0. 0. 1. 0. 0. 0. 0. 0. 0. 0. 1. 0. 0. 0. 0. 0. 0. 0. 0. 0. 0. 1. 1. 0. 0. 0. 1. 1. 0. 1.],7.0,1000,100,0.01,0.0015,1,6,idID,,random,single_objective
742,0.20038727315632376,0.4837921309059817,0.004127559615,[0.       0.       0.       0.121035 0.       0.       0.       0.       0.       0.       0.       0.121035 0.       0.       0.       0.       0.       0.       0.       0.       0.       0.       0.121034 0.121035 0.       0.       0.       0.273791 0.121034 0.       0.121035],[0. 0. 0. 1. 0. 0. 0. 0. 0. 0. 0. 1. 0. 0. 0. 0. 0. 0. 0. 0. 0. 0. 1. 1. 0. 0. 0. 1. 1. 0. 1.],7.0,1000,100,0.01,0.0015,1,6,idID,,random,single_objective
743,0.20038727315632376,0.4837921309059817,0.004127559615,[0.       0.       0.       0.121035 0.       0.       0.       0.       0.       0.       0.       0.121035 0.       0.       0.       0.       0.       0.       0.       0.       0.       0.       0.121034 0.121035 0.       0.       0.       0.273791 0.121034 0.       0.121035],[0. 0. 0. 1. 0. 0. 0. 0. 0. 0. 0. 1. 0. 0. 0. 0. 0. 0. 0. 0. 0. 0. 1. 1. 0. 0. 0. 1. 1. 0. 1.],7.0,1000,100,0.01,0.0015,1,6,idID,,random,single_objective
744,0.20038727315632376,0.4837921309059817,0.004127559615,[0.       0.       0.       0.121035 0.       0.       0.       0.       0.       0.       0.       0.121035 0.       0.       0.       0.       0.       0.       0.       0.       0.       0.       0.121034 0.121035 0.       0.       0.       0.273791 0.121034 0.       0.121035],[0. 0. 0. 1. 0. 0. 0. 0. 0. 0. 0. 1. 0. 0. 0. 0. 0. 0. 0. 0. 0. 0. 1. 1. 0. 0. 0. 1. 1. 0. 1.],7.0,1000,100,0.01,0.0015,1,6,idID,,random,single_objective
745,0.20038727315632376,0.4837921309059817,0.004127559615,[0.       0.       0.       0.121035 0.       0.       0.       0.       0.       0.       0.       0.121035 0.       0.       0.       0.       0.       0.       0.       0.       0.       0.       0.121034 0.121035 0.       0.       0.       0.273791 0.121034 0.       0.121035],[0. 0. 0. 1. 0. 0. 0. 0. 0. 0. 0. 1. 0. 0. 0. 0. 0. 0. 0. 0. 0. 0. 1. 1. 0. 0. 0. 1. 1. 0. 1.],7.0,1000,100,0.01,0.0015,1,6,idID,,random,single_objective
746,0.20038727315632376,0.4837921309059817,0.004127559615,[0.       0.       0.       0.121035 0.       0.       0.       0.       0.       0.       0.       0.121035 0.       0.       0.       0.       0.       0.       0.       0.       0.       0.       0.121034 0.121035 0.       0.       0.       0.273791 0.121034 0.       0.121035],[0. 0. 0. 1. 0. 0. 0. 0. 0. 0. 0. 1. 0. 0. 0. 0. 0. 0. 0. 0. 0. 0. 1. 1. 0. 0. 0. 1. 1. 0. 1.],7.0,1000,100,0.01,0.0015,1,6,idID,,random,single_objective
747,0.20038727315632376,0.4837921309059817,0.004127559615,[0.       0.       0.       0.121035 0.       0.       0.       0.       0.       0.       0.       0.121035 0.       0.       0.       0.       0.       0.       0.       0.       0.       0.       0.121034 0.121035 0.       0.       0.       0.273791 0.121034 0.       0.121035],[0. 0. 0. 1. 0. 0. 0. 0. 0. 0. 0. 1. 0. 0. 0. 0. 0. 0. 0. 0. 0. 0. 1. 1. 0. 0. 0. 1. 1. 0. 1.],7.0,1000,100,0.01,0.0015,1,6,idID,,random,single_objective
748,0.20038727315632376,0.4837921309059817,0.004127559615,[0.       0.       0.       0.121035 0.       0.       0.       0.       0.       0.       0.       0.121035 0.       0.       0.       0.       0.       0.       0.       0.       0.       0.       0.121034 0.121035 0.       0.       0.       0.273791 0.121034 0.       0.121035],[0. 0. 0. 1. 0. 0. 0. 0. 0. 0. 0. 1. 0. 0. 0. 0. 0. 0. 0. 0. 0. 0. 1. 1. 0. 0. 0. 1. 1. 0. 1.],7.0,1000,100,0.01,0.0015,1,6,idID,,random,single_objective
749,0.20038727315632376,0.4837921309059817,0.004127559615,[0.       0.       0.       0.121035 0.       0.       0.       0.       0.       0.       0.       0.121035 0.       0.       0.       0.       0.       0.       0.       0.       0.       0.       0.121034 0.121035 0.       0.       0.       0.273791 0.121034 0.       0.121035],[0. 0. 0. 1. 0. 0. 0. 0. 0. 0. 0. 1. 0. 0. 0. 0. 0. 0. 0. 0. 0. 0. 1. 1. 0. 0. 0. 1. 1. 0. 1.],7.0,1000,100,0.01,0.0015,1,6,idID,,random,single_objective
750,0.20038727315632376,0.4837921309059817,0.004127559615,[0.       0.       0.       0.121035 0.       0.       0.       0.       0.       0.       0.       0.121035 0.       0.       0.       0.       0.       0.       0.       0.       0.       0.       0.121034 0.121035 0.       0.       0.       0.273791 0.121034 0.       0.121035],[0. 0. 0. 1. 0. 0. 0. 0. 0. 0. 0. 1. 0. 0. 0. 0. 0. 0. 0. 0. 0. 0. 1. 1. 0. 0. 0. 1. 1. 0. 1.],7.0,1000,100,0.01,0.0015,1,6,idID,,random,single_objective
751,0.20038727315632376,0.4837921309059817,0.004127559615,[0.       0.       0.       0.121035 0.       0.       0.       0.       0.       0.       0.       0.121035 0.       0.       0.       0.       0.       0.       0.       0.       0.       0.       0.121034 0.121035 0.       0.       0.       0.273791 0.121034 0.       0.121035],[0. 0. 0. 1. 0. 0. 0. 0. 0. 0. 0. 1. 0. 0. 0. 0. 0. 0. 0. 0. 0. 0. 1. 1. 0. 0. 0. 1. 1. 0. 1.],7.0,1000,100,0.01,0.0015,1,6,idID,,random,single_objective
752,0.20038727315632376,0.4837921309059817,0.004127559615,[0.       0.       0.       0.121035 0.       0.       0.       0.       0.       0.       0.       0.121035 0.       0.       0.       0.       0.       0.       0.       0.       0.       0.       0.121034 0.121035 0.       0.       0.       0.273791 0.121034 0.       0.121035],[0. 0. 0. 1. 0. 0. 0. 0. 0. 0. 0. 1. 0. 0. 0. 0. 0. 0. 0. 0. 0. 0. 1. 1. 0. 0. 0. 1. 1. 0. 1.],7.0,1000,100,0.01,0.0015,1,6,idID,,random,single_objective
753,0.20038727315632376,0.4837921309059817,0.004127559615,[0.       0.       0.       0.121035 0.       0.       0.       0.       0.       0.       0.       0.121035 0.       0.       0.       0.       0.       0.       0.       0.       0.       0.       0.121034 0.121035 0.       0.       0.       0.273791 0.121034 0.       0.121035],[0. 0. 0. 1. 0. 0. 0. 0. 0. 0. 0. 1. 0. 0. 0. 0. 0. 0. 0. 0. 0. 0. 1. 1. 0. 0. 0. 1. 1. 0. 1.],7.0,1000,100,0.01,0.0015,1,6,idID,,random,single_objective
754,0.20038727315632376,0.4837921309059817,0.004127559615,[0.       0.       0.       0.121035 0.       0.       0.       0.       0.       0.       0.       0.121035 0.       0.       0.       0.       0.       0.       0.       0.       0.       0.       0.121034 0.121035 0.       0.       0.       0.273791 0.121034 0.       0.121035],[0. 0. 0. 1. 0. 0. 0. 0. 0. 0. 0. 1. 0. 0. 0. 0. 0. 0. 0. 0. 0. 0. 1. 1. 0. 0. 0. 1. 1. 0. 1.],7.0,1000,100,0.01,0.0015,1,6,idID,,random,single_objective
755,0.20038727315632376,0.4837921309059817,0.004127559615,[0.       0.       0.       0.121035 0.       0.       0.       0.       0.       0.       0.       0.121035 0.       0.       0.       0.       0.       0.       0.       0.       0.       0.       0.121034 0.121035 0.       0.       0.       0.273791 0.121034 0.       0.121035],[0. 0. 0. 1. 0. 0. 0. 0. 0. 0. 0. 1. 0. 0. 0. 0. 0. 0. 0. 0. 0. 0. 1. 1. 0. 0. 0. 1. 1. 0. 1.],7.0,1000,100,0.01,0.0015,1,6,idID,,random,single_objective
756,0.20038727315632376,0.4837921309059817,0.004127559615,[0.       0.       0.       0.121035 0.       0.       0.       0.       0.       0.       0.       0.121035 0.       0.       0.       0.       0.       0.       0.       0.       0.       0.       0.121034 0.121035 0.       0.       0.       0.273791 0.121034 0.       0.121035],[0. 0. 0. 1. 0. 0. 0. 0. 0. 0. 0. 1. 0. 0. 0. 0. 0. 0. 0. 0. 0. 0. 1. 1. 0. 0. 0. 1. 1. 0. 1.],7.0,1000,100,0.01,0.0015,1,6,idID,,random,single_objective
757,0.20038727315632376,0.4837921309059817,0.004127559615,[0.       0.       0.       0.121035 0.       0.       0.       0.       0.       0.       0.       0.121035 0.       0.       0.       0.       0.       0.       0.       0.       0.       0.       0.121034 0.121035 0.       0.       0.       0.273791 0.121034 0.       0.121035],[0. 0. 0. 1. 0. 0. 0. 0. 0. 0. 0. 1. 0. 0. 0. 0. 0. 0. 0. 0. 0. 0. 1. 1. 0. 0. 0. 1. 1. 0. 1.],7.0,1000,100,0.01,0.0015,1,6,idID,,random,single_objective
758,0.20038727315632376,0.4837921309059817,0.004127559615,[0.       0.       0.       0.121035 0.       0.       0.       0.       0.       0.       0.       0.121035 0.       0.       0.       0.       0.       0.       0.       0.       0.       0.       0.121034 0.121035 0.       0.       0.       0.273791 0.121034 0.       0.121035],[0. 0. 0. 1. 0. 0. 0. 0. 0. 0. 0. 1. 0. 0. 0. 0. 0. 0. 0. 0. 0. 0. 1. 1. 0. 0. 0. 1. 1. 0. 1.],7.0,1000,100,0.01,0.0015,1,6,idID,,random,single_objective
759,0.20038727315632376,0.4837921309059817,0.004127559615,[0.       0.       0.       0.121035 0.       0.       0.       0.       0.       0.       0.       0.121035 0.       0.       0.       0.       0.       0.       0.       0.       0.       0.       0.121034 0.121035 0.       0.       0.       0.273791 0.121034 0.       0.121035],[0. 0. 0. 1. 0. 0. 0. 0. 0. 0. 0. 1. 0. 0. 0. 0. 0. 0. 0. 0. 0. 0. 1. 1. 0. 0. 0. 1. 1. 0. 1.],7.0,1000,100,0.01,0.0015,1,6,idID,,random,single_objective
760,0.20038727315632376,0.4837921309059817,0.004127559615,[0.       0.       0.       0.121035 0.       0.       0.       0.       0.       0.       0.       0.121035 0.       0.       0.       0.       0.       0.       0.       0.       0.       0.       0.121034 0.121035 0.       0.       0.       0.273791 0.121034 0.       0.121035],[0. 0. 0. 1. 0. 0. 0. 0. 0. 0. 0. 1. 0. 0. 0. 0. 0. 0. 0. 0. 0. 0. 1. 1. 0. 0. 0. 1. 1. 0. 1.],7.0,1000,100,0.01,0.0015,1,6,idID,,random,single_objective
761,0.20038727315632376,0.4837921309059817,0.004127559615,[0.       0.       0.       0.121035 0.       0.       0.       0.       0.       0.       0.       0.121035 0.       0.       0.       0.       0.       0.       0.       0.       0.       0.       0.121034 0.121035 0.       0.       0.       0.273791 0.121034 0.       0.121035],[0. 0. 0. 1. 0. 0. 0. 0. 0. 0. 0. 1. 0. 0. 0. 0. 0. 0. 0. 0. 0. 0. 1. 1. 0. 0. 0. 1. 1. 0. 1.],7.0,1000,100,0.01,0.0015,1,6,idID,,random,single_objective
762,0.20038727315632376,0.4837921309059817,0.004127559615,[0.       0.       0.       0.121035 0.       0.       0.       0.       0.       0.       0.       0.121035 0.       0.       0.       0.       0.       0.       0.       0.       0.       0.       0.121034 0.121035 0.       0.       0.       0.273791 0.121034 0.       0.121035],[0. 0. 0. 1. 0. 0. 0. 0. 0. 0. 0. 1. 0. 0. 0. 0. 0. 0. 0. 0. 0. 0. 1. 1. 0. 0. 0. 1. 1. 0. 1.],7.0,1000,100,0.01,0.0015,1,6,idID,,random,single_objective
763,0.20038727315632376,0.4837921309059817,0.004127559615,[0.       0.       0.       0.121035 0.       0.       0.       0.       0.       0.       0.       0.121035 0.       0.       0.       0.       0.       0.       0.       0.       0.       0.       0.121034 0.121035 0.       0.       0.       0.273791 0.121034 0.       0.121035],[0. 0. 0. 1. 0. 0. 0. 0. 0. 0. 0. 1. 0. 0. 0. 0. 0. 0. 0. 0. 0. 0. 1. 1. 0. 0. 0. 1. 1. 0. 1.],7.0,1000,100,0.01,0.0015,1,6,idID,,random,single_objective
764,0.20038727315632376,0.4837921309059817,0.004127559615,[0.       0.       0.       0.121035 0.       0.       0.       0.       0.       0.       0.       0.121035 0.       0.       0.       0.       0.       0.       0.       0.       0.       0.       0.121034 0.121035 0.       0.       0.       0.273791 0.121034 0.       0.121035],[0. 0. 0. 1. 0. 0. 0. 0. 0. 0. 0. 1. 0. 0. 0. 0. 0. 0. 0. 0. 0. 0. 1. 1. 0. 0. 0. 1. 1. 0. 1.],7.0,1000,100,0.01,0.0015,1,6,idID,,random,single_objective
765,0.20038727315632376,0.4837921309059817,0.004127559615,[0.       0.       0.       0.121035 0.       0.       0.       0.       0.       0.       0.       0.121035 0.       0.       0.       0.       0.       0.       0.       0.       0.       0.       0.121034 0.121035 0.       0.       0.       0.273791 0.121034 0.       0.121035],[0. 0. 0. 1. 0. 0. 0. 0. 0. 0. 0. 1. 0. 0. 0. 0. 0. 0. 0. 0. 0. 0. 1. 1. 0. 0. 0. 1. 1. 0. 1.],7.0,1000,100,0.01,0.0015,1,6,idID,,random,single_objective
766,0.20038727315632376,0.4837921309059817,0.004127559615,[0.       0.       0.       0.121035 0.       0.       0.       0.       0.       0.       0.       0.121035 0.       0.       0.       0.       0.       0.       0.       0.       0.       0.       0.121034 0.121035 0.       0.       0.       0.273791 0.121034 0.       0.121035],[0. 0. 0. 1. 0. 0. 0. 0. 0. 0. 0. 1. 0. 0. 0. 0. 0. 0. 0. 0. 0. 0. 1. 1. 0. 0. 0. 1. 1. 0. 1.],7.0,1000,100,0.01,0.0015,1,6,idID,,random,single_objective
767,0.20038727315632376,0.4837921309059817,0.004127559615,[0.       0.       0.       0.121035 0.       0.       0.       0.       0.       0.       0.       0.121035 0.       0.       0.       0.       0.       0.       0.       0.       0.       0.       0.121034 0.121035 0.       0.       0.       0.273791 0.121034 0.       0.121035],[0. 0. 0. 1. 0. 0. 0. 0. 0. 0. 0. 1. 0. 0. 0. 0. 0. 0. 0. 0. 0. 0. 1. 1. 0. 0. 0. 1. 1. 0. 1.],7.0,1000,100,0.01,0.0015,1,6,idID,,random,single_objective
768,0.20038727315632376,0.4837921309059817,0.004127559615,[0.       0.       0.       0.121035 0.       0.       0.       0.       0.       0.       0.       0.121035 0.       0.       0.       0.       0.       0.       0.       0.       0.       0.       0.121034 0.121035 0.       0.       0.       0.273791 0.121034 0.       0.121035],[0. 0. 0. 1. 0. 0. 0. 0. 0. 0. 0. 1. 0. 0. 0. 0. 0. 0. 0. 0. 0. 0. 1. 1. 0. 0. 0. 1. 1. 0. 1.],7.0,1000,100,0.01,0.0015,1,6,idID,,random,single_objective
769,0.20038727315632376,0.4837921309059817,0.004127559615,[0.       0.       0.       0.121035 0.       0.       0.       0.       0.       0.       0.       0.121035 0.       0.       0.       0.       0.       0.       0.       0.       0.       0.       0.121034 0.121035 0.       0.       0.       0.273791 0.121034 0.       0.121035],[0. 0. 0. 1. 0. 0. 0. 0. 0. 0. 0. 1. 0. 0. 0. 0. 0. 0. 0. 0. 0. 0. 1. 1. 0. 0. 0. 1. 1. 0. 1.],7.0,1000,100,0.01,0.0015,1,6,idID,,random,single_objective
770,0.20038727315632376,0.4837921309059817,0.004127559615,[0.       0.       0.       0.121035 0.       0.       0.       0.       0.       0.       0.       0.121035 0.       0.       0.       0.       0.       0.       0.       0.       0.       0.       0.121034 0.121035 0.       0.       0.       0.273791 0.121034 0.       0.121035],[0. 0. 0. 1. 0. 0. 0. 0. 0. 0. 0. 1. 0. 0. 0. 0. 0. 0. 0. 0. 0. 0. 1. 1. 0. 0. 0. 1. 1. 0. 1.],7.0,1000,100,0.01,0.0015,1,6,idID,,random,single_objective
771,0.20038727315632376,0.4837921309059817,0.004127559615,[0.       0.       0.       0.121035 0.       0.       0.       0.       0.       0.       0.       0.121035 0.       0.       0.       0.       0.       0.       0.       0.       0.       0.       0.121034 0.121035 0.       0.       0.       0.273791 0.121034 0.       0.121035],[0. 0. 0. 1. 0. 0. 0. 0. 0. 0. 0. 1. 0. 0. 0. 0. 0. 0. 0. 0. 0. 0. 1. 1. 0. 0. 0. 1. 1. 0. 1.],7.0,1000,100,0.01,0.0015,1,6,idID,,random,single_objective
772,0.20038727315632376,0.4837921309059817,0.004127559615,[0.       0.       0.       0.121035 0.       0.       0.       0.       0.       0.       0.       0.121035 0.       0.       0.       0.       0.       0.       0.       0.       0.       0.       0.121034 0.121035 0.       0.       0.       0.273791 0.121034 0.       0.121035],[0. 0. 0. 1. 0. 0. 0. 0. 0. 0. 0. 1. 0. 0. 0. 0. 0. 0. 0. 0. 0. 0. 1. 1. 0. 0. 0. 1. 1. 0. 1.],7.0,1000,100,0.01,0.0015,1,6,idID,,random,single_objective
773,0.20038727315632376,0.4837921309059817,0.004127559615,[0.       0.       0.       0.121035 0.       0.       0.       0.       0.       0.       0.       0.121035 0.       0.       0.       0.       0.       0.       0.       0.       0.       0.       0.121034 0.121035 0.       0.       0.       0.273791 0.121034 0.       0.121035],[0. 0. 0. 1. 0. 0. 0. 0. 0. 0. 0. 1. 0. 0. 0. 0. 0. 0. 0. 0. 0. 0. 1. 1. 0. 0. 0. 1. 1. 0. 1.],7.0,1000,100,0.01,0.0015,1,6,idID,,random,single_objective
774,0.20038727315632376,0.4837921309059817,0.004127559615,[0.       0.       0.       0.121035 0.       0.       0.       0.       0.       0.       0.       0.121035 0.       0.       0.       0.       0.       0.       0.       0.       0.       0.       0.121034 0.121035 0.       0.       0.       0.273791 0.121034 0.       0.121035],[0. 0. 0. 1. 0. 0. 0. 0. 0. 0. 0. 1. 0. 0. 0. 0. 0. 0. 0. 0. 0. 0. 1. 1. 0. 0. 0. 1. 1. 0. 1.],7.0,1000,100,0.01,0.0015,1,6,idID,,random,single_objective
775,0.20038727315632376,0.4837921309059817,0.004127559615,[0.       0.       0.       0.121035 0.       0.       0.       0.       0.       0.       0.       0.121035 0.       0.       0.       0.       0.       0.       0.       0.       0.       0.       0.121034 0.121035 0.       0.       0.       0.273791 0.121034 0.       0.121035],[0. 0. 0. 1. 0. 0. 0. 0. 0. 0. 0. 1. 0. 0. 0. 0. 0. 0. 0. 0. 0. 0. 1. 1. 0. 0. 0. 1. 1. 0. 1.],7.0,1000,100,0.01,0.0015,1,6,idID,,random,single_objective
776,0.20038727315632376,0.4837921309059817,0.004127559615,[0.       0.       0.       0.121035 0.       0.       0.       0.       0.       0.       0.       0.121035 0.       0.       0.       0.       0.       0.       0.       0.       0.       0.       0.121034 0.121035 0.       0.       0.       0.273791 0.121034 0.       0.121035],[0. 0. 0. 1. 0. 0. 0. 0. 0. 0. 0. 1. 0. 0. 0. 0. 0. 0. 0. 0. 0. 0. 1. 1. 0. 0. 0. 1. 1. 0. 1.],7.0,1000,100,0.01,0.0015,1,6,idID,,random,single_objective
777,0.20038727315632376,0.4837921309059817,0.004127559615,[0.       0.       0.       0.121035 0.       0.       0.       0.       0.       0.       0.       0.121035 0.       0.       0.       0.       0.       0.       0.       0.       0.       0.       0.121034 0.121035 0.       0.       0.       0.273791 0.121034 0.       0.121035],[0. 0. 0. 1. 0. 0. 0. 0. 0. 0. 0. 1. 0. 0. 0. 0. 0. 0. 0. 0. 0. 0. 1. 1. 0. 0. 0. 1. 1. 0. 1.],7.0,1000,100,0.01,0.0015,1,6,idID,,random,single_objective
778,0.20038727315632376,0.4837921309059817,0.004127559615,[0.       0.       0.       0.121035 0.       0.       0.       0.       0.       0.       0.       0.121035 0.       0.       0.       0.       0.       0.       0.       0.       0.       0.       0.121034 0.121035 0.       0.       0.       0.273791 0.121034 0.       0.121035],[0. 0. 0. 1. 0. 0. 0. 0. 0. 0. 0. 1. 0. 0. 0. 0. 0. 0. 0. 0. 0. 0. 1. 1. 0. 0. 0. 1. 1. 0. 1.],7.0,1000,100,0.01,0.0015,1,6,idID,,random,single_objective
779,0.20038727315632376,0.4837921309059817,0.004127559615,[0.       0.       0.       0.121035 0.       0.       0.       0.       0.       0.       0.       0.121035 0.       0.       0.       0.       0.       0.       0.       0.       0.       0.       0.121034 0.121035 0.       0.       0.       0.273791 0.121034 0.       0.121035],[0. 0. 0. 1. 0. 0. 0. 0. 0. 0. 0. 1. 0. 0. 0. 0. 0. 0. 0. 0. 0. 0. 1. 1. 0. 0. 0. 1. 1. 0. 1.],7.0,1000,100,0.01,0.0015,1,6,idID,,random,single_objective
780,0.20038727315632376,0.4837921309059817,0.004127559615,[0.       0.       0.       0.121035 0.       0.       0.       0.       0.       0.       0.       0.121035 0.       0.       0.       0.       0.       0.       0.       0.       0.       0.       0.121034 0.121035 0.       0.       0.       0.273791 0.121034 0.       0.121035],[0. 0. 0. 1. 0. 0. 0. 0. 0. 0. 0. 1. 0. 0. 0. 0. 0. 0. 0. 0. 0. 0. 1. 1. 0. 0. 0. 1. 1. 0. 1.],7.0,1000,100,0.01,0.0015,1,6,idID,,random,single_objective
781,0.20038727315632376,0.4837921309059817,0.004127559615,[0.       0.       0.       0.121035 0.       0.       0.       0.       0.       0.       0.       0.121035 0.       0.       0.       0.       0.       0.       0.       0.       0.       0.       0.121034 0.121035 0.       0.       0.       0.273791 0.121034 0.       0.121035],[0. 0. 0. 1. 0. 0. 0. 0. 0. 0. 0. 1. 0. 0. 0. 0. 0. 0. 0. 0. 0. 0. 1. 1. 0. 0. 0. 1. 1. 0. 1.],7.0,1000,100,0.01,0.0015,1,6,idID,,random,single_objective
782,0.20038727315632376,0.4837921309059817,0.004127559615,[0.       0.       0.       0.121035 0.       0.       0.       0.       0.       0.       0.       0.121035 0.       0.       0.       0.       0.       0.       0.       0.       0.       0.       0.121034 0.121035 0.       0.       0.       0.273791 0.121034 0.       0.121035],[0. 0. 0. 1. 0. 0. 0. 0. 0. 0. 0. 1. 0. 0. 0. 0. 0. 0. 0. 0. 0. 0. 1. 1. 0. 0. 0. 1. 1. 0. 1.],7.0,1000,100,0.01,0.0015,1,6,idID,,random,single_objective
783,0.20038727315632376,0.4837921309059817,0.004127559615,[0.       0.       0.       0.121035 0.       0.       0.       0.       0.       0.       0.       0.121035 0.       0.       0.       0.       0.       0.       0.       0.       0.       0.       0.121034 0.121035 0.       0.       0.       0.273791 0.121034 0.       0.121035],[0. 0. 0. 1. 0. 0. 0. 0. 0. 0. 0. 1. 0. 0. 0. 0. 0. 0. 0. 0. 0. 0. 1. 1. 0. 0. 0. 1. 1. 0. 1.],7.0,1000,100,0.01,0.0015,1,6,idID,,random,single_objective
784,0.20038727315632376,0.4837921309059817,0.004127559615,[0.       0.       0.       0.121035 0.       0.       0.       0.       0.       0.       0.       0.121035 0.       0.       0.       0.       0.       0.       0.       0.       0.       0.       0.121034 0.121035 0.       0.       0.       0.273791 0.121034 0.       0.121035],[0. 0. 0. 1. 0. 0. 0. 0. 0. 0. 0. 1. 0. 0. 0. 0. 0. 0. 0. 0. 0. 0. 1. 1. 0. 0. 0. 1. 1. 0. 1.],7.0,1000,100,0.01,0.0015,1,6,idID,,random,single_objective
785,0.20038727315632376,0.4837921309059817,0.004127559615,[0.       0.       0.       0.121035 0.       0.       0.       0.       0.       0.       0.       0.121035 0.       0.       0.       0.       0.       0.       0.       0.       0.       0.       0.121034 0.121035 0.       0.       0.       0.273791 0.121034 0.       0.121035],[0. 0. 0. 1. 0. 0. 0. 0. 0. 0. 0. 1. 0. 0. 0. 0. 0. 0. 0. 0. 0. 0. 1. 1. 0. 0. 0. 1. 1. 0. 1.],7.0,1000,100,0.01,0.0015,1,6,idID,,random,single_objective
786,0.20038727315632376,0.4837921309059817,0.004127559615,[0.       0.       0.       0.121035 0.       0.       0.       0.       0.       0.       0.       0.121035 0.       0.       0.       0.       0.       0.       0.       0.       0.       0.       0.121034 0.121035 0.       0.       0.       0.273791 0.121034 0.       0.121035],[0. 0. 0. 1. 0. 0. 0. 0. 0. 0. 0. 1. 0. 0. 0. 0. 0. 0. 0. 0. 0. 0. 1. 1. 0. 0. 0. 1. 1. 0. 1.],7.0,1000,100,0.01,0.0015,1,6,idID,,random,single_objective
787,0.20038727315632376,0.4837921309059817,0.004127559615,[0.       0.       0.       0.121035 0.       0.       0.       0.       0.       0.       0.       0.121035 0.       0.       0.       0.       0.       0.       0.       0.       0.       0.       0.121034 0.121035 0.       0.       0.       0.273791 0.121034 0.       0.121035],[0. 0. 0. 1. 0. 0. 0. 0. 0. 0. 0. 1. 0. 0. 0. 0. 0. 0. 0. 0. 0. 0. 1. 1. 0. 0. 0. 1. 1. 0. 1.],7.0,1000,100,0.01,0.0015,1,6,idID,,random,single_objective
788,0.20038727315632376,0.4837921309059817,0.004127559615,[0.       0.       0.       0.121035 0.       0.       0.       0.       0.       0.       0.       0.121035 0.       0.       0.       0.       0.       0.       0.       0.       0.       0.       0.121034 0.121035 0.       0.       0.       0.273791 0.121034 0.       0.121035],[0. 0. 0. 1. 0. 0. 0. 0. 0. 0. 0. 1. 0. 0. 0. 0. 0. 0. 0. 0. 0. 0. 1. 1. 0. 0. 0. 1. 1. 0. 1.],7.0,1000,100,0.01,0.0015,1,6,idID,,random,single_objective
789,0.20038727315632376,0.4837921309059817,0.004127559615,[0.       0.       0.       0.121035 0.       0.       0.       0.       0.       0.       0.       0.121035 0.       0.       0.       0.       0.       0.       0.       0.       0.       0.       0.121034 0.121035 0.       0.       0.       0.273791 0.121034 0.       0.121035],[0. 0. 0. 1. 0. 0. 0. 0. 0. 0. 0. 1. 0. 0. 0. 0. 0. 0. 0. 0. 0. 0. 1. 1. 0. 0. 0. 1. 1. 0. 1.],7.0,1000,100,0.01,0.0015,1,6,idID,,random,single_objective
790,0.20038727315632376,0.4837921309059817,0.004127559615,[0.       0.       0.       0.121035 0.       0.       0.       0.       0.       0.       0.       0.121035 0.       0.       0.       0.       0.       0.       0.       0.       0.       0.       0.121034 0.121035 0.       0.       0.       0.273791 0.121034 0.       0.121035],[0. 0. 0. 1. 0. 0. 0. 0. 0. 0. 0. 1. 0. 0. 0. 0. 0. 0. 0. 0. 0. 0. 1. 1. 0. 0. 0. 1. 1. 0. 1.],7.0,1000,100,0.01,0.0015,1,6,idID,,random,single_objective
791,0.20038727315632376,0.4837921309059817,0.004127559615,[0.       0.       0.       0.121035 0.       0.       0.       0.       0.       0.       0.       0.121035 0.       0.       0.       0.       0.       0.       0.       0.       0.       0.       0.121034 0.121035 0.       0.       0.       0.273791 0.121034 0.       0.121035],[0. 0. 0. 1. 0. 0. 0. 0. 0. 0. 0. 1. 0. 0. 0. 0. 0. 0. 0. 0. 0. 0. 1. 1. 0. 0. 0. 1. 1. 0. 1.],7.0,1000,100,0.01,0.0015,1,6,idID,,random,single_objective
792,0.20038727315632376,0.4837921309059817,0.004127559615,[0.       0.       0.       0.121035 0.       0.       0.       0.       0.       0.       0.       0.121035 0.       0.       0.       0.       0.       0.       0.       0.       0.       0.       0.121034 0.121035 0.       0.       0.       0.273791 0.121034 0.       0.121035],[0. 0. 0. 1. 0. 0. 0. 0. 0. 0. 0. 1. 0. 0. 0. 0. 0. 0. 0. 0. 0. 0. 1. 1. 0. 0. 0. 1. 1. 0. 1.],7.0,1000,100,0.01,0.0015,1,6,idID,,random,single_objective
793,0.20038727315632376,0.4837921309059817,0.004127559615,[0.       0.       0.       0.121035 0.       0.       0.       0.       0.       0.       0.       0.121035 0.       0.       0.       0.       0.       0.       0.       0.       0.       0.       0.121034 0.121035 0.       0.       0.       0.273791 0.121034 0.       0.121035],[0. 0. 0. 1. 0. 0. 0. 0. 0. 0. 0. 1. 0. 0. 0. 0. 0. 0. 0. 0. 0. 0. 1. 1. 0. 0. 0. 1. 1. 0. 1.],7.0,1000,100,0.01,0.0015,1,6,idID,,random,single_objective
794,0.20038727315632376,0.4837921309059817,0.004127559615,[0.       0.       0.       0.121035 0.       0.       0.       0.       0.       0.       0.       0.121035 0.       0.       0.       0.       0.       0.       0.       0.       0.       0.       0.121034 0.121035 0.       0.       0.       0.273791 0.121034 0.       0.121035],[0. 0. 0. 1. 0. 0. 0. 0. 0. 0. 0. 1. 0. 0. 0. 0. 0. 0. 0. 0. 0. 0. 1. 1. 0. 0. 0. 1. 1. 0. 1.],7.0,1000,100,0.01,0.0015,1,6,idID,,random,single_objective
795,0.20038727315632376,0.4837921309059817,0.004127559615,[0.       0.       0.       0.121035 0.       0.       0.       0.       0.       0.       0.       0.121035 0.       0.       0.       0.       0.       0.       0.       0.       0.       0.       0.121034 0.121035 0.       0.       0.       0.273791 0.121034 0.       0.121035],[0. 0. 0. 1. 0. 0. 0. 0. 0. 0. 0. 1. 0. 0. 0. 0. 0. 0. 0. 0. 0. 0. 1. 1. 0. 0. 0. 1. 1. 0. 1.],7.0,1000,100,0.01,0.0015,1,6,idID,,random,single_objective
796,0.20038727315632376,0.4837921309059817,0.004127559615,[0.       0.       0.       0.121035 0.       0.       0.       0.       0.       0.       0.       0.121035 0.       0.       0.       0.       0.       0.       0.       0.       0.       0.       0.121034 0.121035 0.       0.       0.       0.273791 0.121034 0.       0.121035],[0. 0. 0. 1. 0. 0. 0. 0. 0. 0. 0. 1. 0. 0. 0. 0. 0. 0. 0. 0. 0. 0. 1. 1. 0. 0. 0. 1. 1. 0. 1.],7.0,1000,100,0.01,0.0015,1,6,idID,,random,single_objective
797,0.20038727315632376,0.4837921309059817,0.004127559615,[0.       0.       0.       0.121035 0.       0.       0.       0.       0.       0.       0.       0.121035 0.       0.       0.       0.       0.       0.       0.       0.       0.       0.       0.121034 0.121035 0.       0.       0.       0.273791 0.121034 0.       0.121035],[0. 0. 0. 1. 0. 0. 0. 0. 0. 0. 0. 1. 0. 0. 0. 0. 0. 0. 0. 0. 0. 0. 1. 1. 0. 0. 0. 1. 1. 0. 1.],7.0,1000,100,0.01,0.0015,1,6,idID,,random,single_objective
798,0.20038727315632376,0.4837921309059817,0.004127559615,[0.       0.       0.       0.121035 0.       0.       0.       0.       0.       0.       0.       0.121035 0.       0.       0.       0.       0.       0.       0.       0.       0.       0.       0.121034 0.121035 0.       0.       0.       0.273791 0.121034 0.       0.121035],[0. 0. 0. 1. 0. 0. 0. 0. 0. 0. 0. 1. 0. 0. 0. 0. 0. 0. 0. 0. 0. 0. 1. 1. 0. 0. 0. 1. 1. 0. 1.],7.0,1000,100,0.01,0.0015,1,6,idID,,random,single_objective
799,0.20038727315632376,0.4837921309059817,0.004127559615,[0.       0.       0.       0.121035 0.       0.       0.       0.       0.       0.       0.       0.121035 0.       0.       0.       0.       0.       0.       0.       0.       0.       0.       0.121034 0.121035 0.       0.       0.       0.273791 0.121034 0.       0.121035],[0. 0. 0. 1. 0. 0. 0. 0. 0. 0. 0. 1. 0. 0. 0. 0. 0. 0. 0. 0. 0. 0. 1. 1. 0. 0. 0. 1. 1. 0. 1.],7.0,1000,100,0.01,0.0015,1,6,idID,,random,single_objective
800,0.20038727315632376,0.4837921309059817,0.004127559615,[0.       0.       0.       0.121035 0.       0.       0.       0.       0.       0.       0.       0.121035 0.       0.       0.       0.       0.       0.       0.       0.       0.       0.       0.121034 0.121035 0.       0.       0.       0.273791 0.121034 0.       0.121035],[0. 0. 0. 1. 0. 0. 0. 0. 0. 0. 0. 1. 0. 0. 0. 0. 0. 0. 0. 0. 0. 0. 1. 1. 0. 0. 0. 1. 1. 0. 1.],7.0,1000,100,0.01,0.0015,1,6,idID,,random,single_objective
801,0.20038727315632376,0.4837921309059817,0.004127559615,[0.       0.       0.       0.121035 0.       0.       0.       0.       0.       0.       0.       0.121035 0.       0.       0.       0.       0.       0.       0.       0.       0.       0.       0.121034 0.121035 0.       0.       0.       0.273791 0.121034 0.       0.121035],[0. 0. 0. 1. 0. 0. 0. 0. 0. 0. 0. 1. 0. 0. 0. 0. 0. 0. 0. 0. 0. 0. 1. 1. 0. 0. 0. 1. 1. 0. 1.],7.0,1000,100,0.01,0.0015,1,6,idID,,random,single_objective
802,0.20038727315632376,0.4837921309059817,0.004127559615,[0.       0.       0.       0.121035 0.       0.       0.       0.       0.       0.       0.       0.121035 0.       0.       0.       0.       0.       0.       0.       0.       0.       0.       0.121034 0.121035 0.       0.       0.       0.273791 0.121034 0.       0.121035],[0. 0. 0. 1. 0. 0. 0. 0. 0. 0. 0. 1. 0. 0. 0. 0. 0. 0. 0. 0. 0. 0. 1. 1. 0. 0. 0. 1. 1. 0. 1.],7.0,1000,100,0.01,0.0015,1,6,idID,,random,single_objective
803,0.20038727315632376,0.4837921309059817,0.004127559615,[0.       0.       0.       0.121035 0.       0.       0.       0.       0.       0.       0.       0.121035 0.       0.       0.       0.       0.       0.       0.       0.       0.       0.       0.121034 0.121035 0.       0.       0.       0.273791 0.121034 0.       0.121035],[0. 0. 0. 1. 0. 0. 0. 0. 0. 0. 0. 1. 0. 0. 0. 0. 0. 0. 0. 0. 0. 0. 1. 1. 0. 0. 0. 1. 1. 0. 1.],7.0,1000,100,0.01,0.0015,1,6,idID,,random,single_objective
804,0.20038727315632376,0.4837921309059817,0.004127559615,[0.       0.       0.       0.121035 0.       0.       0.       0.       0.       0.       0.       0.121035 0.       0.       0.       0.       0.       0.       0.       0.       0.       0.       0.121034 0.121035 0.       0.       0.       0.273791 0.121034 0.       0.121035],[0. 0. 0. 1. 0. 0. 0. 0. 0. 0. 0. 1. 0. 0. 0. 0. 0. 0. 0. 0. 0. 0. 1. 1. 0. 0. 0. 1. 1. 0. 1.],7.0,1000,100,0.01,0.0015,1,6,idID,,random,single_objective
805,0.20038727315632376,0.4837921309059817,0.004127559615,[0.       0.       0.       0.121035 0.       0.       0.       0.       0.       0.       0.       0.121035 0.       0.       0.       0.       0.       0.       0.       0.       0.       0.       0.121034 0.121035 0.       0.       0.       0.273791 0.121034 0.       0.121035],[0. 0. 0. 1. 0. 0. 0. 0. 0. 0. 0. 1. 0. 0. 0. 0. 0. 0. 0. 0. 0. 0. 1. 1. 0. 0. 0. 1. 1. 0. 1.],7.0,1000,100,0.01,0.0015,1,6,idID,,random,single_objective
806,0.20038727315632376,0.4837921309059817,0.004127559615,[0.       0.       0.       0.121035 0.       0.       0.       0.       0.       0.       0.       0.121035 0.       0.       0.       0.       0.       0.       0.       0.       0.       0.       0.121034 0.121035 0.       0.       0.       0.273791 0.121034 0.       0.121035],[0. 0. 0. 1. 0. 0. 0. 0. 0. 0. 0. 1. 0. 0. 0. 0. 0. 0. 0. 0. 0. 0. 1. 1. 0. 0. 0. 1. 1. 0. 1.],7.0,1000,100,0.01,0.0015,1,6,idID,,random,single_objective
807,0.20038727315632376,0.4837921309059817,0.004127559615,[0.       0.       0.       0.121035 0.       0.       0.       0.       0.       0.       0.       0.121035 0.       0.       0.       0.       0.       0.       0.       0.       0.       0.       0.121034 0.121035 0.       0.       0.       0.273791 0.121034 0.       0.121035],[0. 0. 0. 1. 0. 0. 0. 0. 0. 0. 0. 1. 0. 0. 0. 0. 0. 0. 0. 0. 0. 0. 1. 1. 0. 0. 0. 1. 1. 0. 1.],7.0,1000,100,0.01,0.0015,1,6,idID,,random,single_objective
808,0.20038727315632376,0.4837921309059817,0.004127559615,[0.       0.       0.       0.121035 0.       0.       0.       0.       0.       0.       0.       0.121035 0.       0.       0.       0.       0.       0.       0.       0.       0.       0.       0.121034 0.121035 0.       0.       0.       0.273791 0.121034 0.       0.121035],[0. 0. 0. 1. 0. 0. 0. 0. 0. 0. 0. 1. 0. 0. 0. 0. 0. 0. 0. 0. 0. 0. 1. 1. 0. 0. 0. 1. 1. 0. 1.],7.0,1000,100,0.01,0.0015,1,6,idID,,random,single_objective
809,0.20038727315632376,0.4837921309059817,0.004127559615,[0.       0.       0.       0.121035 0.       0.       0.       0.       0.       0.       0.       0.121035 0.       0.       0.       0.       0.       0.       0.       0.       0.       0.       0.121034 0.121035 0.       0.       0.       0.273791 0.121034 0.       0.121035],[0. 0. 0. 1. 0. 0. 0. 0. 0. 0. 0. 1. 0. 0. 0. 0. 0. 0. 0. 0. 0. 0. 1. 1. 0. 0. 0. 1. 1. 0. 1.],7.0,1000,100,0.01,0.0015,1,6,idID,,random,single_objective
810,0.20038727315632376,0.4837921309059817,0.004127559615,[0.       0.       0.       0.121035 0.       0.       0.       0.       0.       0.       0.       0.121035 0.       0.       0.       0.       0.       0.       0.       0.       0.       0.       0.121034 0.121035 0.       0.       0.       0.273791 0.121034 0.       0.121035],[0. 0. 0. 1. 0. 0. 0. 0. 0. 0. 0. 1. 0. 0. 0. 0. 0. 0. 0. 0. 0. 0. 1. 1. 0. 0. 0. 1. 1. 0. 1.],7.0,1000,100,0.01,0.0015,1,6,idID,,random,single_objective
811,0.20038727315632376,0.4837921309059817,0.004127559615,[0.       0.       0.       0.121035 0.       0.       0.       0.       0.       0.       0.       0.121035 0.       0.       0.       0.       0.       0.       0.       0.       0.       0.       0.121034 0.121035 0.       0.       0.       0.273791 0.121034 0.       0.121035],[0. 0. 0. 1. 0. 0. 0. 0. 0. 0. 0. 1. 0. 0. 0. 0. 0. 0. 0. 0. 0. 0. 1. 1. 0. 0. 0. 1. 1. 0. 1.],7.0,1000,100,0.01,0.0015,1,6,idID,,random,single_objective
812,0.20038727315632376,0.4837921309059817,0.004127559615,[0.       0.       0.       0.121035 0.       0.       0.       0.       0.       0.       0.       0.121035 0.       0.       0.       0.       0.       0.       0.       0.       0.       0.       0.121034 0.121035 0.       0.       0.       0.273791 0.121034 0.       0.121035],[0. 0. 0. 1. 0. 0. 0. 0. 0. 0. 0. 1. 0. 0. 0. 0. 0. 0. 0. 0. 0. 0. 1. 1. 0. 0. 0. 1. 1. 0. 1.],7.0,1000,100,0.01,0.0015,1,6,idID,,random,single_objective
813,0.20038727315632376,0.4837921309059817,0.004127559615,[0.       0.       0.       0.121035 0.       0.       0.       0.       0.       0.       0.       0.121035 0.       0.       0.       0.       0.       0.       0.       0.       0.       0.       0.121034 0.121035 0.       0.       0.       0.273791 0.121034 0.       0.121035],[0. 0. 0. 1. 0. 0. 0. 0. 0. 0. 0. 1. 0. 0. 0. 0. 0. 0. 0. 0. 0. 0. 1. 1. 0. 0. 0. 1. 1. 0. 1.],7.0,1000,100,0.01,0.0015,1,6,idID,,random,single_objective
814,0.20038727315632376,0.4837921309059817,0.004127559615,[0.       0.       0.       0.121035 0.       0.       0.       0.       0.       0.       0.       0.121035 0.       0.       0.       0.       0.       0.       0.       0.       0.       0.       0.121034 0.121035 0.       0.       0.       0.273791 0.121034 0.       0.121035],[0. 0. 0. 1. 0. 0. 0. 0. 0. 0. 0. 1. 0. 0. 0. 0. 0. 0. 0. 0. 0. 0. 1. 1. 0. 0. 0. 1. 1. 0. 1.],7.0,1000,100,0.01,0.0015,1,6,idID,,random,single_objective
815,0.20038727315632376,0.4837921309059817,0.004127559615,[0.       0.       0.       0.121035 0.       0.       0.       0.       0.       0.       0.       0.121035 0.       0.       0.       0.       0.       0.       0.       0.       0.       0.       0.121034 0.121035 0.       0.       0.       0.273791 0.121034 0.       0.121035],[0. 0. 0. 1. 0. 0. 0. 0. 0. 0. 0. 1. 0. 0. 0. 0. 0. 0. 0. 0. 0. 0. 1. 1. 0. 0. 0. 1. 1. 0. 1.],7.0,1000,100,0.01,0.0015,1,6,idID,,random,single_objective
816,0.20038727315632376,0.4837921309059817,0.004127559615,[0.       0.       0.       0.121035 0.       0.       0.       0.       0.       0.       0.       0.121035 0.       0.       0.       0.       0.       0.       0.       0.       0.       0.       0.121034 0.121035 0.       0.       0.       0.273791 0.121034 0.       0.121035],[0. 0. 0. 1. 0. 0. 0. 0. 0. 0. 0. 1. 0. 0. 0. 0. 0. 0. 0. 0. 0. 0. 1. 1. 0. 0. 0. 1. 1. 0. 1.],7.0,1000,100,0.01,0.0015,1,6,idID,,random,single_objective
817,0.20038727315632376,0.4837921309059817,0.004127559615,[0.       0.       0.       0.121035 0.       0.       0.       0.       0.       0.       0.       0.121035 0.       0.       0.       0.       0.       0.       0.       0.       0.       0.       0.121034 0.121035 0.       0.       0.       0.273791 0.121034 0.       0.121035],[0. 0. 0. 1. 0. 0. 0. 0. 0. 0. 0. 1. 0. 0. 0. 0. 0. 0. 0. 0. 0. 0. 1. 1. 0. 0. 0. 1. 1. 0. 1.],7.0,1000,100,0.01,0.0015,1,6,idID,,random,single_objective
818,0.20038727315632376,0.4837921309059817,0.004127559615,[0.       0.       0.       0.121035 0.       0.       0.       0.       0.       0.       0.       0.121035 0.       0.       0.       0.       0.       0.       0.       0.       0.       0.       0.121034 0.121035 0.       0.       0.       0.273791 0.121034 0.       0.121035],[0. 0. 0. 1. 0. 0. 0. 0. 0. 0. 0. 1. 0. 0. 0. 0. 0. 0. 0. 0. 0. 0. 1. 1. 0. 0. 0. 1. 1. 0. 1.],7.0,1000,100,0.01,0.0015,1,6,idID,,random,single_objective
819,0.20038727315632376,0.4837921309059817,0.004127559615,[0.       0.       0.       0.121035 0.       0.       0.       0.       0.       0.       0.       0.121035 0.       0.       0.       0.       0.       0.       0.       0.       0.       0.       0.121034 0.121035 0.       0.       0.       0.273791 0.121034 0.       0.121035],[0. 0. 0. 1. 0. 0. 0. 0. 0. 0. 0. 1. 0. 0. 0. 0. 0. 0. 0. 0. 0. 0. 1. 1. 0. 0. 0. 1. 1. 0. 1.],7.0,1000,100,0.01,0.0015,1,6,idID,,random,single_objective
820,0.20038727315632376,0.4837921309059817,0.004127559615,[0.       0.       0.       0.121035 0.       0.       0.       0.       0.       0.       0.       0.121035 0.       0.       0.       0.       0.       0.       0.       0.       0.       0.       0.121034 0.121035 0.       0.       0.       0.273791 0.121034 0.       0.121035],[0. 0. 0. 1. 0. 0. 0. 0. 0. 0. 0. 1. 0. 0. 0. 0. 0. 0. 0. 0. 0. 0. 1. 1. 0. 0. 0. 1. 1. 0. 1.],7.0,1000,100,0.01,0.0015,1,6,idID,,random,single_objective
821,0.20038727315632376,0.4837921309059817,0.004127559615,[0.       0.       0.       0.121035 0.       0.       0.       0.       0.       0.       0.       0.121035 0.       0.       0.       0.       0.       0.       0.       0.       0.       0.       0.121034 0.121035 0.       0.       0.       0.273791 0.121034 0.       0.121035],[0. 0. 0. 1. 0. 0. 0. 0. 0. 0. 0. 1. 0. 0. 0. 0. 0. 0. 0. 0. 0. 0. 1. 1. 0. 0. 0. 1. 1. 0. 1.],7.0,1000,100,0.01,0.0015,1,6,idID,,random,single_objective
822,0.20038727315632376,0.4837921309059817,0.004127559615,[0.       0.       0.       0.121035 0.       0.       0.       0.       0.       0.       0.       0.121035 0.       0.       0.       0.       0.       0.       0.       0.       0.       0.       0.121034 0.121035 0.       0.       0.       0.273791 0.121034 0.       0.121035],[0. 0. 0. 1. 0. 0. 0. 0. 0. 0. 0. 1. 0. 0. 0. 0. 0. 0. 0. 0. 0. 0. 1. 1. 0. 0. 0. 1. 1. 0. 1.],7.0,1000,100,0.01,0.0015,1,6,idID,,random,single_objective
823,0.20038727315632376,0.4837921309059817,0.004127559615,[0.       0.       0.       0.121035 0.       0.       0.       0.       0.       0.       0.       0.121035 0.       0.       0.       0.       0.       0.       0.       0.       0.       0.       0.121034 0.121035 0.       0.       0.       0.273791 0.121034 0.       0.121035],[0. 0. 0. 1. 0. 0. 0. 0. 0. 0. 0. 1. 0. 0. 0. 0. 0. 0. 0. 0. 0. 0. 1. 1. 0. 0. 0. 1. 1. 0. 1.],7.0,1000,100,0.01,0.0015,1,6,idID,,random,single_objective
824,0.20038727315632376,0.4837921309059817,0.004127559615,[0.       0.       0.       0.121035 0.       0.       0.       0.       0.       0.       0.       0.121035 0.       0.       0.       0.       0.       0.       0.       0.       0.       0.       0.121034 0.121035 0.       0.       0.       0.273791 0.121034 0.       0.121035],[0. 0. 0. 1. 0. 0. 0. 0. 0. 0. 0. 1. 0. 0. 0. 0. 0. 0. 0. 0. 0. 0. 1. 1. 0. 0. 0. 1. 1. 0. 1.],7.0,1000,100,0.01,0.0015,1,6,idID,,random,single_objective
825,0.20038727315632376,0.4837921309059817,0.004127559615,[0.       0.       0.       0.121035 0.       0.       0.       0.       0.       0.       0.       0.121035 0.       0.       0.       0.       0.       0.       0.       0.       0.       0.       0.121034 0.121035 0.       0.       0.       0.273791 0.121034 0.       0.121035],[0. 0. 0. 1. 0. 0. 0. 0. 0. 0. 0. 1. 0. 0. 0. 0. 0. 0. 0. 0. 0. 0. 1. 1. 0. 0. 0. 1. 1. 0. 1.],7.0,1000,100,0.01,0.0015,1,6,idID,,random,single_objective
826,0.20038727315632376,0.4837921309059817,0.004127559615,[0.       0.       0.       0.121035 0.       0.       0.       0.       0.       0.       0.       0.121035 0.       0.       0.       0.       0.       0.       0.       0.       0.       0.       0.121034 0.121035 0.       0.       0.       0.273791 0.121034 0.       0.121035],[0. 0. 0. 1. 0. 0. 0. 0. 0. 0. 0. 1. 0. 0. 0. 0. 0. 0. 0. 0. 0. 0. 1. 1. 0. 0. 0. 1. 1. 0. 1.],7.0,1000,100,0.01,0.0015,1,6,idID,,random,single_objective
827,0.20038727315632376,0.4837921309059817,0.004127559615,[0.       0.       0.       0.121035 0.       0.       0.       0.       0.       0.       0.       0.121035 0.       0.       0.       0.       0.       0.       0.       0.       0.       0.       0.121034 0.121035 0.       0.       0.       0.273791 0.121034 0.       0.121035],[0. 0. 0. 1. 0. 0. 0. 0. 0. 0. 0. 1. 0. 0. 0. 0. 0. 0. 0. 0. 0. 0. 1. 1. 0. 0. 0. 1. 1. 0. 1.],7.0,1000,100,0.01,0.0015,1,6,idID,,random,single_objective
828,0.20038727315632376,0.4837921309059817,0.004127559615,[0.       0.       0.       0.121035 0.       0.       0.       0.       0.       0.       0.       0.121035 0.       0.       0.       0.       0.       0.       0.       0.       0.       0.       0.121034 0.121035 0.       0.       0.       0.273791 0.121034 0.       0.121035],[0. 0. 0. 1. 0. 0. 0. 0. 0. 0. 0. 1. 0. 0. 0. 0. 0. 0. 0. 0. 0. 0. 1. 1. 0. 0. 0. 1. 1. 0. 1.],7.0,1000,100,0.01,0.0015,1,6,idID,,random,single_objective
829,0.20038727315632376,0.4837921309059817,0.004127559615,[0.       0.       0.       0.121035 0.       0.       0.       0.       0.       0.       0.       0.121035 0.       0.       0.       0.       0.       0.       0.       0.       0.       0.       0.121034 0.121035 0.       0.       0.       0.273791 0.121034 0.       0.121035],[0. 0. 0. 1. 0. 0. 0. 0. 0. 0. 0. 1. 0. 0. 0. 0. 0. 0. 0. 0. 0. 0. 1. 1. 0. 0. 0. 1. 1. 0. 1.],7.0,1000,100,0.01,0.0015,1,6,idID,,random,single_objective
830,0.20038727315632376,0.4837921309059817,0.004127559615,[0.       0.       0.       0.121035 0.       0.       0.       0.       0.       0.       0.       0.121035 0.       0.       0.       0.       0.       0.       0.       0.       0.       0.       0.121034 0.121035 0.       0.       0.       0.273791 0.121034 0.       0.121035],[0. 0. 0. 1. 0. 0. 0. 0. 0. 0. 0. 1. 0. 0. 0. 0. 0. 0. 0. 0. 0. 0. 1. 1. 0. 0. 0. 1. 1. 0. 1.],7.0,1000,100,0.01,0.0015,1,6,idID,,random,single_objective
831,0.20038727315632376,0.4837921309059817,0.004127559615,[0.       0.       0.       0.121035 0.       0.       0.       0.       0.       0.       0.       0.121035 0.       0.       0.       0.       0.       0.       0.       0.       0.       0.       0.121034 0.121035 0.       0.       0.       0.273791 0.121034 0.       0.121035],[0. 0. 0. 1. 0. 0. 0. 0. 0. 0. 0. 1. 0. 0. 0. 0. 0. 0. 0. 0. 0. 0. 1. 1. 0. 0. 0. 1. 1. 0. 1.],7.0,1000,100,0.01,0.0015,1,6,idID,,random,single_objective
832,0.20038727315632376,0.4837921309059817,0.004127559615,[0.       0.       0.       0.121035 0.       0.       0.       0.       0.       0.       0.       0.121035 0.       0.       0.       0.       0.       0.       0.       0.       0.       0.       0.121034 0.121035 0.       0.       0.       0.273791 0.121034 0.       0.121035],[0. 0. 0. 1. 0. 0. 0. 0. 0. 0. 0. 1. 0. 0. 0. 0. 0. 0. 0. 0. 0. 0. 1. 1. 0. 0. 0. 1. 1. 0. 1.],7.0,1000,100,0.01,0.0015,1,6,idID,,random,single_objective
833,0.20038727315632376,0.4837921309059817,0.004127559615,[0.       0.       0.       0.121035 0.       0.       0.       0.       0.       0.       0.       0.121035 0.       0.       0.       0.       0.       0.       0.       0.       0.       0.       0.121034 0.121035 0.       0.       0.       0.273791 0.121034 0.       0.121035],[0. 0. 0. 1. 0. 0. 0. 0. 0. 0. 0. 1. 0. 0. 0. 0. 0. 0. 0. 0. 0. 0. 1. 1. 0. 0. 0. 1. 1. 0. 1.],7.0,1000,100,0.01,0.0015,1,6,idID,,random,single_objective
834,0.20038727315632376,0.4837921309059817,0.004127559615,[0.       0.       0.       0.121035 0.       0.       0.       0.       0.       0.       0.       0.121035 0.       0.       0.       0.       0.       0.       0.       0.       0.       0.       0.121034 0.121035 0.       0.       0.       0.273791 0.121034 0.       0.121035],[0. 0. 0. 1. 0. 0. 0. 0. 0. 0. 0. 1. 0. 0. 0. 0. 0. 0. 0. 0. 0. 0. 1. 1. 0. 0. 0. 1. 1. 0. 1.],7.0,1000,100,0.01,0.0015,1,6,idID,,random,single_objective
835,0.20038727315632376,0.4837921309059817,0.004127559615,[0.       0.       0.       0.121035 0.       0.       0.       0.       0.       0.       0.       0.121035 0.       0.       0.       0.       0.       0.       0.       0.       0.       0.       0.121034 0.121035 0.       0.       0.       0.273791 0.121034 0.       0.121035],[0. 0. 0. 1. 0. 0. 0. 0. 0. 0. 0. 1. 0. 0. 0. 0. 0. 0. 0. 0. 0. 0. 1. 1. 0. 0. 0. 1. 1. 0. 1.],7.0,1000,100,0.01,0.0015,1,6,idID,,random,single_objective
836,0.20038727315632376,0.4837921309059817,0.004127559615,[0.       0.       0.       0.121035 0.       0.       0.       0.       0.       0.       0.       0.121035 0.       0.       0.       0.       0.       0.       0.       0.       0.       0.       0.121034 0.121035 0.       0.       0.       0.273791 0.121034 0.       0.121035],[0. 0. 0. 1. 0. 0. 0. 0. 0. 0. 0. 1. 0. 0. 0. 0. 0. 0. 0. 0. 0. 0. 1. 1. 0. 0. 0. 1. 1. 0. 1.],7.0,1000,100,0.01,0.0015,1,6,idID,,random,single_objective
837,0.20038727315632376,0.4837921309059817,0.004127559615,[0.       0.       0.       0.121035 0.       0.       0.       0.       0.       0.       0.       0.121035 0.       0.       0.       0.       0.       0.       0.       0.       0.       0.       0.121034 0.121035 0.       0.       0.       0.273791 0.121034 0.       0.121035],[0. 0. 0. 1. 0. 0. 0. 0. 0. 0. 0. 1. 0. 0. 0. 0. 0. 0. 0. 0. 0. 0. 1. 1. 0. 0. 0. 1. 1. 0. 1.],7.0,1000,100,0.01,0.0015,1,6,idID,,random,single_objective
838,0.20038727315632376,0.4837921309059817,0.004127559615,[0.       0.       0.       0.121035 0.       0.       0.       0.       0.       0.       0.       0.121035 0.       0.       0.       0.       0.       0.       0.       0.       0.       0.       0.121034 0.121035 0.       0.       0.       0.273791 0.121034 0.       0.121035],[0. 0. 0. 1. 0. 0. 0. 0. 0. 0. 0. 1. 0. 0. 0. 0. 0. 0. 0. 0. 0. 0. 1. 1. 0. 0. 0. 1. 1. 0. 1.],7.0,1000,100,0.01,0.0015,1,6,idID,,random,single_objective
839,0.20038727315632376,0.4837921309059817,0.004127559615,[0.       0.       0.       0.121035 0.       0.       0.       0.       0.       0.       0.       0.121035 0.       0.       0.       0.       0.       0.       0.       0.       0.       0.       0.121034 0.121035 0.       0.       0.       0.273791 0.121034 0.       0.121035],[0. 0. 0. 1. 0. 0. 0. 0. 0. 0. 0. 1. 0. 0. 0. 0. 0. 0. 0. 0. 0. 0. 1. 1. 0. 0. 0. 1. 1. 0. 1.],7.0,1000,100,0.01,0.0015,1,6,idID,,random,single_objective
840,0.20038727315632376,0.4837921309059817,0.004127559615,[0.       0.       0.       0.121035 0.       0.       0.       0.       0.       0.       0.       0.121035 0.       0.       0.       0.       0.       0.       0.       0.       0.       0.       0.121034 0.121035 0.       0.       0.       0.273791 0.121034 0.       0.121035],[0. 0. 0. 1. 0. 0. 0. 0. 0. 0. 0. 1. 0. 0. 0. 0. 0. 0. 0. 0. 0. 0. 1. 1. 0. 0. 0. 1. 1. 0. 1.],7.0,1000,100,0.01,0.0015,1,6,idID,,random,single_objective
841,0.20038727315632376,0.4837921309059817,0.004127559615,[0.       0.       0.       0.121035 0.       0.       0.       0.       0.       0.       0.       0.121035 0.       0.       0.       0.       0.       0.       0.       0.       0.       0.       0.121034 0.121035 0.       0.       0.       0.273791 0.121034 0.       0.121035],[0. 0. 0. 1. 0. 0. 0. 0. 0. 0. 0. 1. 0. 0. 0. 0. 0. 0. 0. 0. 0. 0. 1. 1. 0. 0. 0. 1. 1. 0. 1.],7.0,1000,100,0.01,0.0015,1,6,idID,,random,single_objective
842,0.20038727315632376,0.4837921309059817,0.004127559615,[0.       0.       0.       0.121035 0.       0.       0.       0.       0.       0.       0.       0.121035 0.       0.       0.       0.       0.       0.       0.       0.       0.       0.       0.121034 0.121035 0.       0.       0.       0.273791 0.121034 0.       0.121035],[0. 0. 0. 1. 0. 0. 0. 0. 0. 0. 0. 1. 0. 0. 0. 0. 0. 0. 0. 0. 0. 0. 1. 1. 0. 0. 0. 1. 1. 0. 1.],7.0,1000,100,0.01,0.0015,1,6,idID,,random,single_objective
843,0.20038727315632376,0.4837921309059817,0.004127559615,[0.       0.       0.       0.121035 0.       0.       0.       0.       0.       0.       0.       0.121035 0.       0.       0.       0.       0.       0.       0.       0.       0.       0.       0.121034 0.121035 0.       0.       0.       0.273791 0.121034 0.       0.121035],[0. 0. 0. 1. 0. 0. 0. 0. 0. 0. 0. 1. 0. 0. 0. 0. 0. 0. 0. 0. 0. 0. 1. 1. 0. 0. 0. 1. 1. 0. 1.],7.0,1000,100,0.01,0.0015,1,6,idID,,random,single_objective
844,0.20038727315632376,0.4837921309059817,0.004127559615,[0.       0.       0.       0.121035 0.       0.       0.       0.       0.       0.       0.       0.121035 0.       0.       0.       0.       0.       0.       0.       0.       0.       0.       0.121034 0.121035 0.       0.       0.       0.273791 0.121034 0.       0.121035],[0. 0. 0. 1. 0. 0. 0. 0. 0. 0. 0. 1. 0. 0. 0. 0. 0. 0. 0. 0. 0. 0. 1. 1. 0. 0. 0. 1. 1. 0. 1.],7.0,1000,100,0.01,0.0015,1,6,idID,,random,single_objective
845,0.20038727315632376,0.4837921309059817,0.004127559615,[0.       0.       0.       0.121035 0.       0.       0.       0.       0.       0.       0.       0.121035 0.       0.       0.       0.       0.       0.       0.       0.       0.       0.       0.121034 0.121035 0.       0.       0.       0.273791 0.121034 0.       0.121035],[0. 0. 0. 1. 0. 0. 0. 0. 0. 0. 0. 1. 0. 0. 0. 0. 0. 0. 0. 0. 0. 0. 1. 1. 0. 0. 0. 1. 1. 0. 1.],7.0,1000,100,0.01,0.0015,1,6,idID,,random,single_objective
846,0.20038727315632376,0.4837921309059817,0.004127559615,[0.       0.       0.       0.121035 0.       0.       0.       0.       0.       0.       0.       0.121035 0.       0.       0.       0.       0.       0.       0.       0.       0.       0.       0.121034 0.121035 0.       0.       0.       0.273791 0.121034 0.       0.121035],[0. 0. 0. 1. 0. 0. 0. 0. 0. 0. 0. 1. 0. 0. 0. 0. 0. 0. 0. 0. 0. 0. 1. 1. 0. 0. 0. 1. 1. 0. 1.],7.0,1000,100,0.01,0.0015,1,6,idID,,random,single_objective
847,0.20038727315632376,0.4837921309059817,0.004127559615,[0.       0.       0.       0.121035 0.       0.       0.       0.       0.       0.       0.       0.121035 0.       0.       0.       0.       0.       0.       0.       0.       0.       0.       0.121034 0.121035 0.       0.       0.       0.273791 0.121034 0.       0.121035],[0. 0. 0. 1. 0. 0. 0. 0. 0. 0. 0. 1. 0. 0. 0. 0. 0. 0. 0. 0. 0. 0. 1. 1. 0. 0. 0. 1. 1. 0. 1.],7.0,1000,100,0.01,0.0015,1,6,idID,,random,single_objective
848,0.20038727315632376,0.4837921309059817,0.004127559615,[0.       0.       0.       0.121035 0.       0.       0.       0.       0.       0.       0.       0.121035 0.       0.       0.       0.       0.       0.       0.       0.       0.       0.       0.121034 0.121035 0.       0.       0.       0.273791 0.121034 0.       0.121035],[0. 0. 0. 1. 0. 0. 0. 0. 0. 0. 0. 1. 0. 0. 0. 0. 0. 0. 0. 0. 0. 0. 1. 1. 0. 0. 0. 1. 1. 0. 1.],7.0,1000,100,0.01,0.0015,1,6,idID,,random,single_objective
849,0.20038727315632376,0.4837921309059817,0.004127559615,[0.       0.       0.       0.121035 0.       0.       0.       0.       0.       0.       0.       0.121035 0.       0.       0.       0.       0.       0.       0.       0.       0.       0.       0.121034 0.121035 0.       0.       0.       0.273791 0.121034 0.       0.121035],[0. 0. 0. 1. 0. 0. 0. 0. 0. 0. 0. 1. 0. 0. 0. 0. 0. 0. 0. 0. 0. 0. 1. 1. 0. 0. 0. 1. 1. 0. 1.],7.0,1000,100,0.01,0.0015,1,6,idID,,random,single_objective
850,0.20038727315632376,0.4837921309059817,0.004127559615,[0.       0.       0.       0.121035 0.       0.       0.       0.       0.       0.       0.       0.121035 0.       0.       0.       0.       0.       0.       0.       0.       0.       0.       0.121034 0.121035 0.       0.       0.       0.273791 0.121034 0.       0.121035],[0. 0. 0. 1. 0. 0. 0. 0. 0. 0. 0. 1. 0. 0. 0. 0. 0. 0. 0. 0. 0. 0. 1. 1. 0. 0. 0. 1. 1. 0. 1.],7.0,1000,100,0.01,0.0015,1,6,idID,,random,single_objective
851,0.20038727315632376,0.4837921309059817,0.004127559615,[0.       0.       0.       0.121035 0.       0.       0.       0.       0.       0.       0.       0.121035 0.       0.       0.       0.       0.       0.       0.       0.       0.       0.       0.121034 0.121035 0.       0.       0.       0.273791 0.121034 0.       0.121035],[0. 0. 0. 1. 0. 0. 0. 0. 0. 0. 0. 1. 0. 0. 0. 0. 0. 0. 0. 0. 0. 0. 1. 1. 0. 0. 0. 1. 1. 0. 1.],7.0,1000,100,0.01,0.0015,1,6,idID,,random,single_objective
852,0.20038727315632376,0.4837921309059817,0.004127559615,[0.       0.       0.       0.121035 0.       0.       0.       0.       0.       0.       0.       0.121035 0.       0.       0.       0.       0.       0.       0.       0.       0.       0.       0.121034 0.121035 0.       0.       0.       0.273791 0.121034 0.       0.121035],[0. 0. 0. 1. 0. 0. 0. 0. 0. 0. 0. 1. 0. 0. 0. 0. 0. 0. 0. 0. 0. 0. 1. 1. 0. 0. 0. 1. 1. 0. 1.],7.0,1000,100,0.01,0.0015,1,6,idID,,random,single_objective
853,0.20038727315632376,0.4837921309059817,0.004127559615,[0.       0.       0.       0.121035 0.       0.       0.       0.       0.       0.       0.       0.121035 0.       0.       0.       0.       0.       0.       0.       0.       0.       0.       0.121034 0.121035 0.       0.       0.       0.273791 0.121034 0.       0.121035],[0. 0. 0. 1. 0. 0. 0. 0. 0. 0. 0. 1. 0. 0. 0. 0. 0. 0. 0. 0. 0. 0. 1. 1. 0. 0. 0. 1. 1. 0. 1.],7.0,1000,100,0.01,0.0015,1,6,idID,,random,single_objective
854,0.20038727315632376,0.4837921309059817,0.004127559615,[0.       0.       0.       0.121035 0.       0.       0.       0.       0.       0.       0.       0.121035 0.       0.       0.       0.       0.       0.       0.       0.       0.       0.       0.121034 0.121035 0.       0.       0.       0.273791 0.121034 0.       0.121035],[0. 0. 0. 1. 0. 0. 0. 0. 0. 0. 0. 1. 0. 0. 0. 0. 0. 0. 0. 0. 0. 0. 1. 1. 0. 0. 0. 1. 1. 0. 1.],7.0,1000,100,0.01,0.0015,1,6,idID,,random,single_objective
855,0.20038727315632376,0.4837921309059817,0.004127559615,[0.       0.       0.       0.121035 0.       0.       0.       0.       0.       0.       0.       0.121035 0.       0.       0.       0.       0.       0.       0.       0.       0.       0.       0.121034 0.121035 0.       0.       0.       0.273791 0.121034 0.       0.121035],[0. 0. 0. 1. 0. 0. 0. 0. 0. 0. 0. 1. 0. 0. 0. 0. 0. 0. 0. 0. 0. 0. 1. 1. 0. 0. 0. 1. 1. 0. 1.],7.0,1000,100,0.01,0.0015,1,6,idID,,random,single_objective
856,0.20038727315632376,0.4837921309059817,0.004127559615,[0.       0.       0.       0.121035 0.       0.       0.       0.       0.       0.       0.       0.121035 0.       0.       0.       0.       0.       0.       0.       0.       0.       0.       0.121034 0.121035 0.       0.       0.       0.273791 0.121034 0.       0.121035],[0. 0. 0. 1. 0. 0. 0. 0. 0. 0. 0. 1. 0. 0. 0. 0. 0. 0. 0. 0. 0. 0. 1. 1. 0. 0. 0. 1. 1. 0. 1.],7.0,1000,100,0.01,0.0015,1,6,idID,,random,single_objective
857,0.20038727315632376,0.4837921309059817,0.004127559615,[0.       0.       0.       0.121035 0.       0.       0.       0.       0.       0.       0.       0.121035 0.       0.       0.       0.       0.       0.       0.       0.       0.       0.       0.121034 0.121035 0.       0.       0.       0.273791 0.121034 0.       0.121035],[0. 0. 0. 1. 0. 0. 0. 0. 0. 0. 0. 1. 0. 0. 0. 0. 0. 0. 0. 0. 0. 0. 1. 1. 0. 0. 0. 1. 1. 0. 1.],7.0,1000,100,0.01,0.0015,1,6,idID,,random,single_objective
858,0.20038727315632376,0.4837921309059817,0.004127559615,[0.       0.       0.       0.121035 0.       0.       0.       0.       0.       0.       0.       0.121035 0.       0.       0.       0.       0.       0.       0.       0.       0.       0.       0.121034 0.121035 0.       0.       0.       0.273791 0.121034 0.       0.121035],[0. 0. 0. 1. 0. 0. 0. 0. 0. 0. 0. 1. 0. 0. 0. 0. 0. 0. 0. 0. 0. 0. 1. 1. 0. 0. 0. 1. 1. 0. 1.],7.0,1000,100,0.01,0.0015,1,6,idID,,random,single_objective
859,0.20038727315632376,0.4837921309059817,0.004127559615,[0.       0.       0.       0.121035 0.       0.       0.       0.       0.       0.       0.       0.121035 0.       0.       0.       0.       0.       0.       0.       0.       0.       0.       0.121034 0.121035 0.       0.       0.       0.273791 0.121034 0.       0.121035],[0. 0. 0. 1. 0. 0. 0. 0. 0. 0. 0. 1. 0. 0. 0. 0. 0. 0. 0. 0. 0. 0. 1. 1. 0. 0. 0. 1. 1. 0. 1.],7.0,1000,100,0.01,0.0015,1,6,idID,,random,single_objective
860,0.20038727315632376,0.4837921309059817,0.004127559615,[0.       0.       0.       0.121035 0.       0.       0.       0.       0.       0.       0.       0.121035 0.       0.       0.       0.       0.       0.       0.       0.       0.       0.       0.121034 0.121035 0.       0.       0.       0.273791 0.121034 0.       0.121035],[0. 0. 0. 1. 0. 0. 0. 0. 0. 0. 0. 1. 0. 0. 0. 0. 0. 0. 0. 0. 0. 0. 1. 1. 0. 0. 0. 1. 1. 0. 1.],7.0,1000,100,0.01,0.0015,1,6,idID,,random,single_objective
861,0.20038727315632376,0.4837921309059817,0.004127559615,[0.       0.       0.       0.121035 0.       0.       0.       0.       0.       0.       0.       0.121035 0.       0.       0.       0.       0.       0.       0.       0.       0.       0.       0.121034 0.121035 0.       0.       0.       0.273791 0.121034 0.       0.121035],[0. 0. 0. 1. 0. 0. 0. 0. 0. 0. 0. 1. 0. 0. 0. 0. 0. 0. 0. 0. 0. 0. 1. 1. 0. 0. 0. 1. 1. 0. 1.],7.0,1000,100,0.01,0.0015,1,6,idID,,random,single_objective
862,0.20038727315632376,0.4837921309059817,0.004127559615,[0.       0.       0.       0.121035 0.       0.       0.       0.       0.       0.       0.       0.121035 0.       0.       0.       0.       0.       0.       0.       0.       0.       0.       0.121034 0.121035 0.       0.       0.       0.273791 0.121034 0.       0.121035],[0. 0. 0. 1. 0. 0. 0. 0. 0. 0. 0. 1. 0. 0. 0. 0. 0. 0. 0. 0. 0. 0. 1. 1. 0. 0. 0. 1. 1. 0. 1.],7.0,1000,100,0.01,0.0015,1,6,idID,,random,single_objective
863,0.20038727315632376,0.4837921309059817,0.004127559615,[0.       0.       0.       0.121035 0.       0.       0.       0.       0.       0.       0.       0.121035 0.       0.       0.       0.       0.       0.       0.       0.       0.       0.       0.121034 0.121035 0.       0.       0.       0.273791 0.121034 0.       0.121035],[0. 0. 0. 1. 0. 0. 0. 0. 0. 0. 0. 1. 0. 0. 0. 0. 0. 0. 0. 0. 0. 0. 1. 1. 0. 0. 0. 1. 1. 0. 1.],7.0,1000,100,0.01,0.0015,1,6,idID,,random,single_objective
864,0.20038727315632376,0.4837921309059817,0.004127559615,[0.       0.       0.       0.121035 0.       0.       0.       0.       0.       0.       0.       0.121035 0.       0.       0.       0.       0.       0.       0.       0.       0.       0.       0.121034 0.121035 0.       0.       0.       0.273791 0.121034 0.       0.121035],[0. 0. 0. 1. 0. 0. 0. 0. 0. 0. 0. 1. 0. 0. 0. 0. 0. 0. 0. 0. 0. 0. 1. 1. 0. 0. 0. 1. 1. 0. 1.],7.0,1000,100,0.01,0.0015,1,6,idID,,random,single_objective
865,0.20038727315632376,0.4837921309059817,0.004127559615,[0.       0.       0.       0.121035 0.       0.       0.       0.       0.       0.       0.       0.121035 0.       0.       0.       0.       0.       0.       0.       0.       0.       0.       0.121034 0.121035 0.       0.       0.       0.273791 0.121034 0.       0.121035],[0. 0. 0. 1. 0. 0. 0. 0. 0. 0. 0. 1. 0. 0. 0. 0. 0. 0. 0. 0. 0. 0. 1. 1. 0. 0. 0. 1. 1. 0. 1.],7.0,1000,100,0.01,0.0015,1,6,idID,,random,single_objective
866,0.20038727315632376,0.4837921309059817,0.004127559615,[0.       0.       0.       0.121035 0.       0.       0.       0.       0.       0.       0.       0.121035 0.       0.       0.       0.       0.       0.       0.       0.       0.       0.       0.121034 0.121035 0.       0.       0.       0.273791 0.121034 0.       0.121035],[0. 0. 0. 1. 0. 0. 0. 0. 0. 0. 0. 1. 0. 0. 0. 0. 0. 0. 0. 0. 0. 0. 1. 1. 0. 0. 0. 1. 1. 0. 1.],7.0,1000,100,0.01,0.0015,1,6,idID,,random,single_objective
867,0.20038727315632376,0.4837921309059817,0.004127559615,[0.       0.       0.       0.121035 0.       0.       0.       0.       0.       0.       0.       0.121035 0.       0.       0.       0.       0.       0.       0.       0.       0.       0.       0.121034 0.121035 0.       0.       0.       0.273791 0.121034 0.       0.121035],[0. 0. 0. 1. 0. 0. 0. 0. 0. 0. 0. 1. 0. 0. 0. 0. 0. 0. 0. 0. 0. 0. 1. 1. 0. 0. 0. 1. 1. 0. 1.],7.0,1000,100,0.01,0.0015,1,6,idID,,random,single_objective
868,0.20038727315632376,0.4837921309059817,0.004127559615,[0.       0.       0.       0.121035 0.       0.       0.       0.       0.       0.       0.       0.121035 0.       0.       0.       0.       0.       0.       0.       0.       0.       0.       0.121034 0.121035 0.       0.       0.       0.273791 0.121034 0.       0.121035],[0. 0. 0. 1. 0. 0. 0. 0. 0. 0. 0. 1. 0. 0. 0. 0. 0. 0. 0. 0. 0. 0. 1. 1. 0. 0. 0. 1. 1. 0. 1.],7.0,1000,100,0.01,0.0015,1,6,idID,,random,single_objective
869,0.20038727315632376,0.4837921309059817,0.004127559615,[0.       0.       0.       0.121035 0.       0.       0.       0.       0.       0.       0.       0.121035 0.       0.       0.       0.       0.       0.       0.       0.       0.       0.       0.121034 0.121035 0.       0.       0.       0.273791 0.121034 0.       0.121035],[0. 0. 0. 1. 0. 0. 0. 0. 0. 0. 0. 1. 0. 0. 0. 0. 0. 0. 0. 0. 0. 0. 1. 1. 0. 0. 0. 1. 1. 0. 1.],7.0,1000,100,0.01,0.0015,1,6,idID,,random,single_objective
870,0.20038727315632376,0.4837921309059817,0.004127559615,[0.       0.       0.       0.121035 0.       0.       0.       0.       0.       0.       0.       0.121035 0.       0.       0.       0.       0.       0.       0.       0.       0.       0.       0.121034 0.121035 0.       0.       0.       0.273791 0.121034 0.       0.121035],[0. 0. 0. 1. 0. 0. 0. 0. 0. 0. 0. 1. 0. 0. 0. 0. 0. 0. 0. 0. 0. 0. 1. 1. 0. 0. 0. 1. 1. 0. 1.],7.0,1000,100,0.01,0.0015,1,6,idID,,random,single_objective
871,0.20038727315632376,0.4837921309059817,0.004127559615,[0.       0.       0.       0.121035 0.       0.       0.       0.       0.       0.       0.       0.121035 0.       0.       0.       0.       0.       0.       0.       0.       0.       0.       0.121034 0.121035 0.       0.       0.       0.273791 0.121034 0.       0.121035],[0. 0. 0. 1. 0. 0. 0. 0. 0. 0. 0. 1. 0. 0. 0. 0. 0. 0. 0. 0. 0. 0. 1. 1. 0. 0. 0. 1. 1. 0. 1.],7.0,1000,100,0.01,0.0015,1,6,idID,,random,single_objective
872,0.20038727315632376,0.4837921309059817,0.004127559615,[0.       0.       0.       0.121035 0.       0.       0.       0.       0.       0.       0.       0.121035 0.       0.       0.       0.       0.       0.       0.       0.       0.       0.       0.121034 0.121035 0.       0.       0.       0.273791 0.121034 0.       0.121035],[0. 0. 0. 1. 0. 0. 0. 0. 0. 0. 0. 1. 0. 0. 0. 0. 0. 0. 0. 0. 0. 0. 1. 1. 0. 0. 0. 1. 1. 0. 1.],7.0,1000,100,0.01,0.0015,1,6,idID,,random,single_objective
873,0.20038727315632376,0.4837921309059817,0.004127559615,[0.       0.       0.       0.121035 0.       0.       0.       0.       0.       0.       0.       0.121035 0.       0.       0.       0.       0.       0.       0.       0.       0.       0.       0.121034 0.121035 0.       0.       0.       0.273791 0.121034 0.       0.121035],[0. 0. 0. 1. 0. 0. 0. 0. 0. 0. 0. 1. 0. 0. 0. 0. 0. 0. 0. 0. 0. 0. 1. 1. 0. 0. 0. 1. 1. 0. 1.],7.0,1000,100,0.01,0.0015,1,6,idID,,random,single_objective
874,0.20038727315632376,0.4837921309059817,0.004127559615,[0.       0.       0.       0.121035 0.       0.       0.       0.       0.       0.       0.       0.121035 0.       0.       0.       0.       0.       0.       0.       0.       0.       0.       0.121034 0.121035 0.       0.       0.       0.273791 0.121034 0.       0.121035],[0. 0. 0. 1. 0. 0. 0. 0. 0. 0. 0. 1. 0. 0. 0. 0. 0. 0. 0. 0. 0. 0. 1. 1. 0. 0. 0. 1. 1. 0. 1.],7.0,1000,100,0.01,0.0015,1,6,idID,,random,single_objective
875,0.20038727315632376,0.4837921309059817,0.004127559615,[0.       0.       0.       0.121035 0.       0.       0.       0.       0.       0.       0.       0.121035 0.       0.       0.       0.       0.       0.       0.       0.       0.       0.       0.121034 0.121035 0.       0.       0.       0.273791 0.121034 0.       0.121035],[0. 0. 0. 1. 0. 0. 0. 0. 0. 0. 0. 1. 0. 0. 0. 0. 0. 0. 0. 0. 0. 0. 1. 1. 0. 0. 0. 1. 1. 0. 1.],7.0,1000,100,0.01,0.0015,1,6,idID,,random,single_objective
876,0.20038727315632376,0.4837921309059817,0.004127559615,[0.       0.       0.       0.121035 0.       0.       0.       0.       0.       0.       0.       0.121035 0.       0.       0.       0.       0.       0.       0.       0.       0.       0.       0.121034 0.121035 0.       0.       0.       0.273791 0.121034 0.       0.121035],[0. 0. 0. 1. 0. 0. 0. 0. 0. 0. 0. 1. 0. 0. 0. 0. 0. 0. 0. 0. 0. 0. 1. 1. 0. 0. 0. 1. 1. 0. 1.],7.0,1000,100,0.01,0.0015,1,6,idID,,random,single_objective
877,0.20038727315632376,0.4837921309059817,0.004127559615,[0.       0.       0.       0.121035 0.       0.       0.       0.       0.       0.       0.       0.121035 0.       0.       0.       0.       0.       0.       0.       0.       0.       0.       0.121034 0.121035 0.       0.       0.       0.273791 0.121034 0.       0.121035],[0. 0. 0. 1. 0. 0. 0. 0. 0. 0. 0. 1. 0. 0. 0. 0. 0. 0. 0. 0. 0. 0. 1. 1. 0. 0. 0. 1. 1. 0. 1.],7.0,1000,100,0.01,0.0015,1,6,idID,,random,single_objective
878,0.20038727315632376,0.4837921309059817,0.004127559615,[0.       0.       0.       0.121035 0.       0.       0.       0.       0.       0.       0.       0.121035 0.       0.       0.       0.       0.       0.       0.       0.       0.       0.       0.121034 0.121035 0.       0.       0.       0.273791 0.121034 0.       0.121035],[0. 0. 0. 1. 0. 0. 0. 0. 0. 0. 0. 1. 0. 0. 0. 0. 0. 0. 0. 0. 0. 0. 1. 1. 0. 0. 0. 1. 1. 0. 1.],7.0,1000,100,0.01,0.0015,1,6,idID,,random,single_objective
879,0.20038727315632376,0.4837921309059817,0.004127559615,[0.       0.       0.       0.121035 0.       0.       0.       0.       0.       0.       0.       0.121035 0.       0.       0.       0.       0.       0.       0.       0.       0.       0.       0.121034 0.121035 0.       0.       0.       0.273791 0.121034 0.       0.121035],[0. 0. 0. 1. 0. 0. 0. 0. 0. 0. 0. 1. 0. 0. 0. 0. 0. 0. 0. 0. 0. 0. 1. 1. 0. 0. 0. 1. 1. 0. 1.],7.0,1000,100,0.01,0.0015,1,6,idID,,random,single_objective
880,0.20038727315632376,0.4837921309059817,0.004127559615,[0.       0.       0.       0.121035 0.       0.       0.       0.       0.       0.       0.       0.121035 0.       0.       0.       0.       0.       0.       0.       0.       0.       0.       0.121034 0.121035 0.       0.       0.       0.273791 0.121034 0.       0.121035],[0. 0. 0. 1. 0. 0. 0. 0. 0. 0. 0. 1. 0. 0. 0. 0. 0. 0. 0. 0. 0. 0. 1. 1. 0. 0. 0. 1. 1. 0. 1.],7.0,1000,100,0.01,0.0015,1,6,idID,,random,single_objective
881,0.20038727315632376,0.4837921309059817,0.004127559615,[0.       0.       0.       0.121035 0.       0.       0.       0.       0.       0.       0.       0.121035 0.       0.       0.       0.       0.       0.       0.       0.       0.       0.       0.121034 0.121035 0.       0.       0.       0.273791 0.121034 0.       0.121035],[0. 0. 0. 1. 0. 0. 0. 0. 0. 0. 0. 1. 0. 0. 0. 0. 0. 0. 0. 0. 0. 0. 1. 1. 0. 0. 0. 1. 1. 0. 1.],7.0,1000,100,0.01,0.0015,1,6,idID,,random,single_objective
882,0.20038727315632376,0.4837921309059817,0.004127559615,[0.       0.       0.       0.121035 0.       0.       0.       0.       0.       0.       0.       0.121035 0.       0.       0.       0.       0.       0.       0.       0.       0.       0.       0.121034 0.121035 0.       0.       0.       0.273791 0.121034 0.       0.121035],[0. 0. 0. 1. 0. 0. 0. 0. 0. 0. 0. 1. 0. 0. 0. 0. 0. 0. 0. 0. 0. 0. 1. 1. 0. 0. 0. 1. 1. 0. 1.],7.0,1000,100,0.01,0.0015,1,6,idID,,random,single_objective
883,0.20038727315632376,0.4837921309059817,0.004127559615,[0.       0.       0.       0.121035 0.       0.       0.       0.       0.       0.       0.       0.121035 0.       0.       0.       0.       0.       0.       0.       0.       0.       0.       0.121034 0.121035 0.       0.       0.       0.273791 0.121034 0.       0.121035],[0. 0. 0. 1. 0. 0. 0. 0. 0. 0. 0. 1. 0. 0. 0. 0. 0. 0. 0. 0. 0. 0. 1. 1. 0. 0. 0. 1. 1. 0. 1.],7.0,1000,100,0.01,0.0015,1,6,idID,,random,single_objective
884,0.20038727315632376,0.4837921309059817,0.004127559615,[0.       0.       0.       0.121035 0.       0.       0.       0.       0.       0.       0.       0.121035 0.       0.       0.       0.       0.       0.       0.       0.       0.       0.       0.121034 0.121035 0.       0.       0.       0.273791 0.121034 0.       0.121035],[0. 0. 0. 1. 0. 0. 0. 0. 0. 0. 0. 1. 0. 0. 0. 0. 0. 0. 0. 0. 0. 0. 1. 1. 0. 0. 0. 1. 1. 0. 1.],7.0,1000,100,0.01,0.0015,1,6,idID,,random,single_objective
885,0.20038727315632376,0.4837921309059817,0.004127559615,[0.       0.       0.       0.121035 0.       0.       0.       0.       0.       0.       0.       0.121035 0.       0.       0.       0.       0.       0.       0.       0.       0.       0.       0.121034 0.121035 0.       0.       0.       0.273791 0.121034 0.       0.121035],[0. 0. 0. 1. 0. 0. 0. 0. 0. 0. 0. 1. 0. 0. 0. 0. 0. 0. 0. 0. 0. 0. 1. 1. 0. 0. 0. 1. 1. 0. 1.],7.0,1000,100,0.01,0.0015,1,6,idID,,random,single_objective
886,0.20038727315632376,0.4837921309059817,0.004127559615,[0.       0.       0.       0.121035 0.       0.       0.       0.       0.       0.       0.       0.121035 0.       0.       0.       0.       0.       0.       0.       0.       0.       0.       0.121034 0.121035 0.       0.       0.       0.273791 0.121034 0.       0.121035],[0. 0. 0. 1. 0. 0. 0. 0. 0. 0. 0. 1. 0. 0. 0. 0. 0. 0. 0. 0. 0. 0. 1. 1. 0. 0. 0. 1. 1. 0. 1.],7.0,1000,100,0.01,0.0015,1,6,idID,,random,single_objective
887,0.20038727315632376,0.4837921309059817,0.004127559615,[0.       0.       0.       0.121035 0.       0.       0.       0.       0.       0.       0.       0.121035 0.       0.       0.       0.       0.       0.       0.       0.       0.       0.       0.121034 0.121035 0.       0.       0.       0.273791 0.121034 0.       0.121035],[0. 0. 0. 1. 0. 0. 0. 0. 0. 0. 0. 1. 0. 0. 0. 0. 0. 0. 0. 0. 0. 0. 1. 1. 0. 0. 0. 1. 1. 0. 1.],7.0,1000,100,0.01,0.0015,1,6,idID,,random,single_objective
888,0.20038727315632376,0.4837921309059817,0.004127559615,[0.       0.       0.       0.121035 0.       0.       0.       0.       0.       0.       0.       0.121035 0.       0.       0.       0.       0.       0.       0.       0.       0.       0.       0.121034 0.121035 0.       0.       0.       0.273791 0.121034 0.       0.121035],[0. 0. 0. 1. 0. 0. 0. 0. 0. 0. 0. 1. 0. 0. 0. 0. 0. 0. 0. 0. 0. 0. 1. 1. 0. 0. 0. 1. 1. 0. 1.],7.0,1000,100,0.01,0.0015,1,6,idID,,random,single_objective
889,0.20038727315632376,0.4837921309059817,0.004127559615,[0.       0.       0.       0.121035 0.       0.       0.       0.       0.       0.       0.       0.121035 0.       0.       0.       0.       0.       0.       0.       0.       0.       0.       0.121034 0.121035 0.       0.       0.       0.273791 0.121034 0.       0.121035],[0. 0. 0. 1. 0. 0. 0. 0. 0. 0. 0. 1. 0. 0. 0. 0. 0. 0. 0. 0. 0. 0. 1. 1. 0. 0. 0. 1. 1. 0. 1.],7.0,1000,100,0.01,0.0015,1,6,idID,,random,single_objective
890,0.20038727315632376,0.4837921309059817,0.004127559615,[0.       0.       0.       0.121035 0.       0.       0.       0.       0.       0.       0.       0.121035 0.       0.       0.       0.       0.       0.       0.       0.       0.       0.       0.121034 0.121035 0.       0.       0.       0.273791 0.121034 0.       0.121035],[0. 0. 0. 1. 0. 0. 0. 0. 0. 0. 0. 1. 0. 0. 0. 0. 0. 0. 0. 0. 0. 0. 1. 1. 0. 0. 0. 1. 1. 0. 1.],7.0,1000,100,0.01,0.0015,1,6,idID,,random,single_objective
891,0.20038727315632376,0.4837921309059817,0.004127559615,[0.       0.       0.       0.121035 0.       0.       0.       0.       0.       0.       0.       0.121035 0.       0.       0.       0.       0.       0.       0.       0.       0.       0.       0.121034 0.121035 0.       0.       0.       0.273791 0.121034 0.       0.121035],[0. 0. 0. 1. 0. 0. 0. 0. 0. 0. 0. 1. 0. 0. 0. 0. 0. 0. 0. 0. 0. 0. 1. 1. 0. 0. 0. 1. 1. 0. 1.],7.0,1000,100,0.01,0.0015,1,6,idID,,random,single_objective
892,0.20038727315632376,0.4837921309059817,0.004127559615,[0.       0.       0.       0.121035 0.       0.       0.       0.       0.       0.       0.       0.121035 0.       0.       0.       0.       0.       0.       0.       0.       0.       0.       0.121034 0.121035 0.       0.       0.       0.273791 0.121034 0.       0.121035],[0. 0. 0. 1. 0. 0. 0. 0. 0. 0. 0. 1. 0. 0. 0. 0. 0. 0. 0. 0. 0. 0. 1. 1. 0. 0. 0. 1. 1. 0. 1.],7.0,1000,100,0.01,0.0015,1,6,idID,,random,single_objective
893,0.20038727315632376,0.4837921309059817,0.004127559615,[0.       0.       0.       0.121035 0.       0.       0.       0.       0.       0.       0.       0.121035 0.       0.       0.       0.       0.       0.       0.       0.       0.       0.       0.121034 0.121035 0.       0.       0.       0.273791 0.121034 0.       0.121035],[0. 0. 0. 1. 0. 0. 0. 0. 0. 0. 0. 1. 0. 0. 0. 0. 0. 0. 0. 0. 0. 0. 1. 1. 0. 0. 0. 1. 1. 0. 1.],7.0,1000,100,0.01,0.0015,1,6,idID,,random,single_objective
894,0.20038727315632376,0.4837921309059817,0.004127559615,[0.       0.       0.       0.121035 0.       0.       0.       0.       0.       0.       0.       0.121035 0.       0.       0.       0.       0.       0.       0.       0.       0.       0.       0.121034 0.121035 0.       0.       0.       0.273791 0.121034 0.       0.121035],[0. 0. 0. 1. 0. 0. 0. 0. 0. 0. 0. 1. 0. 0. 0. 0. 0. 0. 0. 0. 0. 0. 1. 1. 0. 0. 0. 1. 1. 0. 1.],7.0,1000,100,0.01,0.0015,1,6,idID,,random,single_objective
895,0.20038727315632376,0.4837921309059817,0.004127559615,[0.       0.       0.       0.121035 0.       0.       0.       0.       0.       0.       0.       0.121035 0.       0.       0.       0.       0.       0.       0.       0.       0.       0.       0.121034 0.121035 0.       0.       0.       0.273791 0.121034 0.       0.121035],[0. 0. 0. 1. 0. 0. 0. 0. 0. 0. 0. 1. 0. 0. 0. 0. 0. 0. 0. 0. 0. 0. 1. 1. 0. 0. 0. 1. 1. 0. 1.],7.0,1000,100,0.01,0.0015,1,6,idID,,random,single_objective
896,0.20038727315632376,0.4837921309059817,0.004127559615,[0.       0.       0.       0.121035 0.       0.       0.       0.       0.       0.       0.       0.121035 0.       0.       0.       0.       0.       0.       0.       0.       0.       0.       0.121034 0.121035 0.       0.       0.       0.273791 0.121034 0.       0.121035],[0. 0. 0. 1. 0. 0. 0. 0. 0. 0. 0. 1. 0. 0. 0. 0. 0. 0. 0. 0. 0. 0. 1. 1. 0. 0. 0. 1. 1. 0. 1.],7.0,1000,100,0.01,0.0015,1,6,idID,,random,single_objective
897,0.20038727315632376,0.4837921309059817,0.004127559615,[0.       0.       0.       0.121035 0.       0.       0.       0.       0.       0.       0.       0.121035 0.       0.       0.       0.       0.       0.       0.       0.       0.       0.       0.121034 0.121035 0.       0.       0.       0.273791 0.121034 0.       0.121035],[0. 0. 0. 1. 0. 0. 0. 0. 0. 0. 0. 1. 0. 0. 0. 0. 0. 0. 0. 0. 0. 0. 1. 1. 0. 0. 0. 1. 1. 0. 1.],7.0,1000,100,0.01,0.0015,1,6,idID,,random,single_objective
898,0.20038727315632376,0.4837921309059817,0.004127559615,[0.       0.       0.       0.121035 0.       0.       0.       0.       0.       0.       0.       0.121035 0.       0.       0.       0.       0.       0.       0.       0.       0.       0.       0.121034 0.121035 0.       0.       0.       0.273791 0.121034 0.       0.121035],[0. 0. 0. 1. 0. 0. 0. 0. 0. 0. 0. 1. 0. 0. 0. 0. 0. 0. 0. 0. 0. 0. 1. 1. 0. 0. 0. 1. 1. 0. 1.],7.0,1000,100,0.01,0.0015,1,6,idID,,random,single_objective
899,0.20038727315632376,0.4837921309059817,0.004127559615,[0.       0.       0.       0.121035 0.       0.       0.       0.       0.       0.       0.       0.121035 0.       0.       0.       0.       0.       0.       0.       0.       0.       0.       0.121034 0.121035 0.       0.       0.       0.273791 0.121034 0.       0.121035],[0. 0. 0. 1. 0. 0. 0. 0. 0. 0. 0. 1. 0. 0. 0. 0. 0. 0. 0. 0. 0. 0. 1. 1. 0. 0. 0. 1. 1. 0. 1.],7.0,1000,100,0.01,0.0015,1,6,idID,,random,single_objective
900,0.20038727315632376,0.4837921309059817,0.004127559615,[0.       0.       0.       0.121035 0.       0.       0.       0.       0.       0.       0.       0.121035 0.       0.       0.       0.       0.       0.       0.       0.       0.       0.       0.121034 0.121035 0.       0.       0.       0.273791 0.121034 0.       0.121035],[0. 0. 0. 1. 0. 0. 0. 0. 0. 0. 0. 1. 0. 0. 0. 0. 0. 0. 0. 0. 0. 0. 1. 1. 0. 0. 0. 1. 1. 0. 1.],7.0,1000,100,0.01,0.0015,1,6,idID,,random,single_objective
901,0.20038727315632376,0.4837921309059817,0.004127559615,[0.       0.       0.       0.121035 0.       0.       0.       0.       0.       0.       0.       0.121035 0.       0.       0.       0.       0.       0.       0.       0.       0.       0.       0.121034 0.121035 0.       0.       0.       0.273791 0.121034 0.       0.121035],[0. 0. 0. 1. 0. 0. 0. 0. 0. 0. 0. 1. 0. 0. 0. 0. 0. 0. 0. 0. 0. 0. 1. 1. 0. 0. 0. 1. 1. 0. 1.],7.0,1000,100,0.01,0.0015,1,6,idID,,random,single_objective
902,0.20038727315632376,0.4837921309059817,0.004127559615,[0.       0.       0.       0.121035 0.       0.       0.       0.       0.       0.       0.       0.121035 0.       0.       0.       0.       0.       0.       0.       0.       0.       0.       0.121034 0.121035 0.       0.       0.       0.273791 0.121034 0.       0.121035],[0. 0. 0. 1. 0. 0. 0. 0. 0. 0. 0. 1. 0. 0. 0. 0. 0. 0. 0. 0. 0. 0. 1. 1. 0. 0. 0. 1. 1. 0. 1.],7.0,1000,100,0.01,0.0015,1,6,idID,,random,single_objective
903,0.20038727315632376,0.4837921309059817,0.004127559615,[0.       0.       0.       0.121035 0.       0.       0.       0.       0.       0.       0.       0.121035 0.       0.       0.       0.       0.       0.       0.       0.       0.       0.       0.121034 0.121035 0.       0.       0.       0.273791 0.121034 0.       0.121035],[0. 0. 0. 1. 0. 0. 0. 0. 0. 0. 0. 1. 0. 0. 0. 0. 0. 0. 0. 0. 0. 0. 1. 1. 0. 0. 0. 1. 1. 0. 1.],7.0,1000,100,0.01,0.0015,1,6,idID,,random,single_objective
904,0.20038727315632376,0.4837921309059817,0.004127559615,[0.       0.       0.       0.121035 0.       0.       0.       0.       0.       0.       0.       0.121035 0.       0.       0.       0.       0.       0.       0.       0.       0.       0.       0.121034 0.121035 0.       0.       0.       0.273791 0.121034 0.       0.121035],[0. 0. 0. 1. 0. 0. 0. 0. 0. 0. 0. 1. 0. 0. 0. 0. 0. 0. 0. 0. 0. 0. 1. 1. 0. 0. 0. 1. 1. 0. 1.],7.0,1000,100,0.01,0.0015,1,6,idID,,random,single_objective
905,0.20038727315632376,0.4837921309059817,0.004127559615,[0.       0.       0.       0.121035 0.       0.       0.       0.       0.       0.       0.       0.121035 0.       0.       0.       0.       0.       0.       0.       0.       0.       0.       0.121034 0.121035 0.       0.       0.       0.273791 0.121034 0.       0.121035],[0. 0. 0. 1. 0. 0. 0. 0. 0. 0. 0. 1. 0. 0. 0. 0. 0. 0. 0. 0. 0. 0. 1. 1. 0. 0. 0. 1. 1. 0. 1.],7.0,1000,100,0.01,0.0015,1,6,idID,,random,single_objective
906,0.20038727315632376,0.4837921309059817,0.004127559615,[0.       0.       0.       0.121035 0.       0.       0.       0.       0.       0.       0.       0.121035 0.       0.       0.       0.       0.       0.       0.       0.       0.       0.       0.121034 0.121035 0.       0.       0.       0.273791 0.121034 0.       0.121035],[0. 0. 0. 1. 0. 0. 0. 0. 0. 0. 0. 1. 0. 0. 0. 0. 0. 0. 0. 0. 0. 0. 1. 1. 0. 0. 0. 1. 1. 0. 1.],7.0,1000,100,0.01,0.0015,1,6,idID,,random,single_objective
907,0.20038727315632376,0.4837921309059817,0.004127559615,[0.       0.       0.       0.121035 0.       0.       0.       0.       0.       0.       0.       0.121035 0.       0.       0.       0.       0.       0.       0.       0.       0.       0.       0.121034 0.121035 0.       0.       0.       0.273791 0.121034 0.       0.121035],[0. 0. 0. 1. 0. 0. 0. 0. 0. 0. 0. 1. 0. 0. 0. 0. 0. 0. 0. 0. 0. 0. 1. 1. 0. 0. 0. 1. 1. 0. 1.],7.0,1000,100,0.01,0.0015,1,6,idID,,random,single_objective
908,0.20038727315632376,0.4837921309059817,0.004127559615,[0.       0.       0.       0.121035 0.       0.       0.       0.       0.       0.       0.       0.121035 0.       0.       0.       0.       0.       0.       0.       0.       0.       0.       0.121034 0.121035 0.       0.       0.       0.273791 0.121034 0.       0.121035],[0. 0. 0. 1. 0. 0. 0. 0. 0. 0. 0. 1. 0. 0. 0. 0. 0. 0. 0. 0. 0. 0. 1. 1. 0. 0. 0. 1. 1. 0. 1.],7.0,1000,100,0.01,0.0015,1,6,idID,,random,single_objective
909,0.20038727315632376,0.4837921309059817,0.004127559615,[0.       0.       0.       0.121035 0.       0.       0.       0.       0.       0.       0.       0.121035 0.       0.       0.       0.       0.       0.       0.       0.       0.       0.       0.121034 0.121035 0.       0.       0.       0.273791 0.121034 0.       0.121035],[0. 0. 0. 1. 0. 0. 0. 0. 0. 0. 0. 1. 0. 0. 0. 0. 0. 0. 0. 0. 0. 0. 1. 1. 0. 0. 0. 1. 1. 0. 1.],7.0,1000,100,0.01,0.0015,1,6,idID,,random,single_objective
910,0.20038727315632376,0.4837921309059817,0.004127559615,[0.       0.       0.       0.121035 0.       0.       0.       0.       0.       0.       0.       0.121035 0.       0.       0.       0.       0.       0.       0.       0.       0.       0.       0.121034 0.121035 0.       0.       0.       0.273791 0.121034 0.       0.121035],[0. 0. 0. 1. 0. 0. 0. 0. 0. 0. 0. 1. 0. 0. 0. 0. 0. 0. 0. 0. 0. 0. 1. 1. 0. 0. 0. 1. 1. 0. 1.],7.0,1000,100,0.01,0.0015,1,6,idID,,random,single_objective
911,0.20038727315632376,0.4837921309059817,0.004127559615,[0.       0.       0.       0.121035 0.       0.       0.       0.       0.       0.       0.       0.121035 0.       0.       0.       0.       0.       0.       0.       0.       0.       0.       0.121034 0.121035 0.       0.       0.       0.273791 0.121034 0.       0.121035],[0. 0. 0. 1. 0. 0. 0. 0. 0. 0. 0. 1. 0. 0. 0. 0. 0. 0. 0. 0. 0. 0. 1. 1. 0. 0. 0. 1. 1. 0. 1.],7.0,1000,100,0.01,0.0015,1,6,idID,,random,single_objective
912,0.20038727315632376,0.4837921309059817,0.004127559615,[0.       0.       0.       0.121035 0.       0.       0.       0.       0.       0.       0.       0.121035 0.       0.       0.       0.       0.       0.       0.       0.       0.       0.       0.121034 0.121035 0.       0.       0.       0.273791 0.121034 0.       0.121035],[0. 0. 0. 1. 0. 0. 0. 0. 0. 0. 0. 1. 0. 0. 0. 0. 0. 0. 0. 0. 0. 0. 1. 1. 0. 0. 0. 1. 1. 0. 1.],7.0,1000,100,0.01,0.0015,1,6,idID,,random,single_objective
913,0.20038727315632376,0.4837921309059817,0.004127559615,[0.       0.       0.       0.121035 0.       0.       0.       0.       0.       0.       0.       0.121035 0.       0.       0.       0.       0.       0.       0.       0.       0.       0.       0.121034 0.121035 0.       0.       0.       0.273791 0.121034 0.       0.121035],[0. 0. 0. 1. 0. 0. 0. 0. 0. 0. 0. 1. 0. 0. 0. 0. 0. 0. 0. 0. 0. 0. 1. 1. 0. 0. 0. 1. 1. 0. 1.],7.0,1000,100,0.01,0.0015,1,6,idID,,random,single_objective
914,0.20038727315632376,0.4837921309059817,0.004127559615,[0.       0.       0.       0.121035 0.       0.       0.       0.       0.       0.       0.       0.121035 0.       0.       0.       0.       0.       0.       0.       0.       0.       0.       0.121034 0.121035 0.       0.       0.       0.273791 0.121034 0.       0.121035],[0. 0. 0. 1. 0. 0. 0. 0. 0. 0. 0. 1. 0. 0. 0. 0. 0. 0. 0. 0. 0. 0. 1. 1. 0. 0. 0. 1. 1. 0. 1.],7.0,1000,100,0.01,0.0015,1,6,idID,,random,single_objective
915,0.20038727315632376,0.4837921309059817,0.004127559615,[0.       0.       0.       0.121035 0.       0.       0.       0.       0.       0.       0.       0.121035 0.       0.       0.       0.       0.       0.       0.       0.       0.       0.       0.121034 0.121035 0.       0.       0.       0.273791 0.121034 0.       0.121035],[0. 0. 0. 1. 0. 0. 0. 0. 0. 0. 0. 1. 0. 0. 0. 0. 0. 0. 0. 0. 0. 0. 1. 1. 0. 0. 0. 1. 1. 0. 1.],7.0,1000,100,0.01,0.0015,1,6,idID,,random,single_objective
916,0.20038727315632376,0.4837921309059817,0.004127559615,[0.       0.       0.       0.121035 0.       0.       0.       0.       0.       0.       0.       0.121035 0.       0.       0.       0.       0.       0.       0.       0.       0.       0.       0.121034 0.121035 0.       0.       0.       0.273791 0.121034 0.       0.121035],[0. 0. 0. 1. 0. 0. 0. 0. 0. 0. 0. 1. 0. 0. 0. 0. 0. 0. 0. 0. 0. 0. 1. 1. 0. 0. 0. 1. 1. 0. 1.],7.0,1000,100,0.01,0.0015,1,6,idID,,random,single_objective
917,0.20038727315632376,0.4837921309059817,0.004127559615,[0.       0.       0.       0.121035 0.       0.       0.       0.       0.       0.       0.       0.121035 0.       0.       0.       0.       0.       0.       0.       0.       0.       0.       0.121034 0.121035 0.       0.       0.       0.273791 0.121034 0.       0.121035],[0. 0. 0. 1. 0. 0. 0. 0. 0. 0. 0. 1. 0. 0. 0. 0. 0. 0. 0. 0. 0. 0. 1. 1. 0. 0. 0. 1. 1. 0. 1.],7.0,1000,100,0.01,0.0015,1,6,idID,,random,single_objective
918,0.20038727315632376,0.4837921309059817,0.004127559615,[0.       0.       0.       0.121035 0.       0.       0.       0.       0.       0.       0.       0.121035 0.       0.       0.       0.       0.       0.       0.       0.       0.       0.       0.121034 0.121035 0.       0.       0.       0.273791 0.121034 0.       0.121035],[0. 0. 0. 1. 0. 0. 0. 0. 0. 0. 0. 1. 0. 0. 0. 0. 0. 0. 0. 0. 0. 0. 1. 1. 0. 0. 0. 1. 1. 0. 1.],7.0,1000,100,0.01,0.0015,1,6,idID,,random,single_objective
919,0.20038727315632376,0.4837921309059817,0.004127559615,[0.       0.       0.       0.121035 0.       0.       0.       0.       0.       0.       0.       0.121035 0.       0.       0.       0.       0.       0.       0.       0.       0.       0.       0.121034 0.121035 0.       0.       0.       0.273791 0.121034 0.       0.121035],[0. 0. 0. 1. 0. 0. 0. 0. 0. 0. 0. 1. 0. 0. 0. 0. 0. 0. 0. 0. 0. 0. 1. 1. 0. 0. 0. 1. 1. 0. 1.],7.0,1000,100,0.01,0.0015,1,6,idID,,random,single_objective
920,0.20038727315632376,0.4837921309059817,0.004127559615,[0.       0.       0.       0.121035 0.       0.       0.       0.       0.       0.       0.       0.121035 0.       0.       0.       0.       0.       0.       0.       0.       0.       0.       0.121034 0.121035 0.       0.       0.       0.273791 0.121034 0.       0.121035],[0. 0. 0. 1. 0. 0. 0. 0. 0. 0. 0. 1. 0. 0. 0. 0. 0. 0. 0. 0. 0. 0. 1. 1. 0. 0. 0. 1. 1. 0. 1.],7.0,1000,100,0.01,0.0015,1,6,idID,,random,single_objective
921,0.20038727315632376,0.4837921309059817,0.004127559615,[0.       0.       0.       0.121035 0.       0.       0.       0.       0.       0.       0.       0.121035 0.       0.       0.       0.       0.       0.       0.       0.       0.       0.       0.121034 0.121035 0.       0.       0.       0.273791 0.121034 0.       0.121035],[0. 0. 0. 1. 0. 0. 0. 0. 0. 0. 0. 1. 0. 0. 0. 0. 0. 0. 0. 0. 0. 0. 1. 1. 0. 0. 0. 1. 1. 0. 1.],7.0,1000,100,0.01,0.0015,1,6,idID,,random,single_objective
922,0.20038727315632376,0.4837921309059817,0.004127559615,[0.       0.       0.       0.121035 0.       0.       0.       0.       0.       0.       0.       0.121035 0.       0.       0.       0.       0.       0.       0.       0.       0.       0.       0.121034 0.121035 0.       0.       0.       0.273791 0.121034 0.       0.121035],[0. 0. 0. 1. 0. 0. 0. 0. 0. 0. 0. 1. 0. 0. 0. 0. 0. 0. 0. 0. 0. 0. 1. 1. 0. 0. 0. 1. 1. 0. 1.],7.0,1000,100,0.01,0.0015,1,6,idID,,random,single_objective
923,0.20038727315632376,0.4837921309059817,0.004127559615,[0.       0.       0.       0.121035 0.       0.       0.       0.       0.       0.       0.       0.121035 0.       0.       0.       0.       0.       0.       0.       0.       0.       0.       0.121034 0.121035 0.       0.       0.       0.273791 0.121034 0.       0.121035],[0. 0. 0. 1. 0. 0. 0. 0. 0. 0. 0. 1. 0. 0. 0. 0. 0. 0. 0. 0. 0. 0. 1. 1. 0. 0. 0. 1. 1. 0. 1.],7.0,1000,100,0.01,0.0015,1,6,idID,,random,single_objective
924,0.20038727315632376,0.4837921309059817,0.004127559615,[0.       0.       0.       0.121035 0.       0.       0.       0.       0.       0.       0.       0.121035 0.       0.       0.       0.       0.       0.       0.       0.       0.       0.       0.121034 0.121035 0.       0.       0.       0.273791 0.121034 0.       0.121035],[0. 0. 0. 1. 0. 0. 0. 0. 0. 0. 0. 1. 0. 0. 0. 0. 0. 0. 0. 0. 0. 0. 1. 1. 0. 0. 0. 1. 1. 0. 1.],7.0,1000,100,0.01,0.0015,1,6,idID,,random,single_objective
925,0.20038727315632376,0.4837921309059817,0.004127559615,[0.       0.       0.       0.121035 0.       0.       0.       0.       0.       0.       0.       0.121035 0.       0.       0.       0.       0.       0.       0.       0.       0.       0.       0.121034 0.121035 0.       0.       0.       0.273791 0.121034 0.       0.121035],[0. 0. 0. 1. 0. 0. 0. 0. 0. 0. 0. 1. 0. 0. 0. 0. 0. 0. 0. 0. 0. 0. 1. 1. 0. 0. 0. 1. 1. 0. 1.],7.0,1000,100,0.01,0.0015,1,6,idID,,random,single_objective
926,0.20038727315632376,0.4837921309059817,0.004127559615,[0.       0.       0.       0.121035 0.       0.       0.       0.       0.       0.       0.       0.121035 0.       0.       0.       0.       0.       0.       0.       0.       0.       0.       0.121034 0.121035 0.       0.       0.       0.273791 0.121034 0.       0.121035],[0. 0. 0. 1. 0. 0. 0. 0. 0. 0. 0. 1. 0. 0. 0. 0. 0. 0. 0. 0. 0. 0. 1. 1. 0. 0. 0. 1. 1. 0. 1.],7.0,1000,100,0.01,0.0015,1,6,idID,,random,single_objective
927,0.20038727315632376,0.4837921309059817,0.004127559615,[0.       0.       0.       0.121035 0.       0.       0.       0.       0.       0.       0.       0.121035 0.       0.       0.       0.       0.       0.       0.       0.       0.       0.       0.121034 0.121035 0.       0.       0.       0.273791 0.121034 0.       0.121035],[0. 0. 0. 1. 0. 0. 0. 0. 0. 0. 0. 1. 0. 0. 0. 0. 0. 0. 0. 0. 0. 0. 1. 1. 0. 0. 0. 1. 1. 0. 1.],7.0,1000,100,0.01,0.0015,1,6,idID,,random,single_objective
928,0.20038727315632376,0.4837921309059817,0.004127559615,[0.       0.       0.       0.121035 0.       0.       0.       0.       0.       0.       0.       0.121035 0.       0.       0.       0.       0.       0.       0.       0.       0.       0.       0.121034 0.121035 0.       0.       0.       0.273791 0.121034 0.       0.121035],[0. 0. 0. 1. 0. 0. 0. 0. 0. 0. 0. 1. 0. 0. 0. 0. 0. 0. 0. 0. 0. 0. 1. 1. 0. 0. 0. 1. 1. 0. 1.],7.0,1000,100,0.01,0.0015,1,6,idID,,random,single_objective
929,0.20038727315632376,0.4837921309059817,0.004127559615,[0.       0.       0.       0.121035 0.       0.       0.       0.       0.       0.       0.       0.121035 0.       0.       0.       0.       0.       0.       0.       0.       0.       0.       0.121034 0.121035 0.       0.       0.       0.273791 0.121034 0.       0.121035],[0. 0. 0. 1. 0. 0. 0. 0. 0. 0. 0. 1. 0. 0. 0. 0. 0. 0. 0. 0. 0. 0. 1. 1. 0. 0. 0. 1. 1. 0. 1.],7.0,1000,100,0.01,0.0015,1,6,idID,,random,single_objective
930,0.20038727315632376,0.4837921309059817,0.004127559615,[0.       0.       0.       0.121035 0.       0.       0.       0.       0.       0.       0.       0.121035 0.       0.       0.       0.       0.       0.       0.       0.       0.       0.       0.121034 0.121035 0.       0.       0.       0.273791 0.121034 0.       0.121035],[0. 0. 0. 1. 0. 0. 0. 0. 0. 0. 0. 1. 0. 0. 0. 0. 0. 0. 0. 0. 0. 0. 1. 1. 0. 0. 0. 1. 1. 0. 1.],7.0,1000,100,0.01,0.0015,1,6,idID,,random,single_objective
931,0.20038727315632376,0.4837921309059817,0.004127559615,[0.       0.       0.       0.121035 0.       0.       0.       0.       0.       0.       0.       0.121035 0.       0.       0.       0.       0.       0.       0.       0.       0.       0.       0.121034 0.121035 0.       0.       0.       0.273791 0.121034 0.       0.121035],[0. 0. 0. 1. 0. 0. 0. 0. 0. 0. 0. 1. 0. 0. 0. 0. 0. 0. 0. 0. 0. 0. 1. 1. 0. 0. 0. 1. 1. 0. 1.],7.0,1000,100,0.01,0.0015,1,6,idID,,random,single_objective
932,0.20038727315632376,0.4837921309059817,0.004127559615,[0.       0.       0.       0.121035 0.       0.       0.       0.       0.       0.       0.       0.121035 0.       0.       0.       0.       0.       0.       0.       0.       0.       0.       0.121034 0.121035 0.       0.       0.       0.273791 0.121034 0.       0.121035],[0. 0. 0. 1. 0. 0. 0. 0. 0. 0. 0. 1. 0. 0. 0. 0. 0. 0. 0. 0. 0. 0. 1. 1. 0. 0. 0. 1. 1. 0. 1.],7.0,1000,100,0.01,0.0015,1,6,idID,,random,single_objective
933,0.20038727315632376,0.4837921309059817,0.004127559615,[0.       0.       0.       0.121035 0.       0.       0.       0.       0.       0.       0.       0.121035 0.       0.       0.       0.       0.       0.       0.       0.       0.       0.       0.121034 0.121035 0.       0.       0.       0.273791 0.121034 0.       0.121035],[0. 0. 0. 1. 0. 0. 0. 0. 0. 0. 0. 1. 0. 0. 0. 0. 0. 0. 0. 0. 0. 0. 1. 1. 0. 0. 0. 1. 1. 0. 1.],7.0,1000,100,0.01,0.0015,1,6,idID,,random,single_objective
934,0.20038727315632376,0.4837921309059817,0.004127559615,[0.       0.       0.       0.121035 0.       0.       0.       0.       0.       0.       0.       0.121035 0.       0.       0.       0.       0.       0.       0.       0.       0.       0.       0.121034 0.121035 0.       0.       0.       0.273791 0.121034 0.       0.121035],[0. 0. 0. 1. 0. 0. 0. 0. 0. 0. 0. 1. 0. 0. 0. 0. 0. 0. 0. 0. 0. 0. 1. 1. 0. 0. 0. 1. 1. 0. 1.],7.0,1000,100,0.01,0.0015,1,6,idID,,random,single_objective
935,0.20038727315632376,0.4837921309059817,0.004127559615,[0.       0.       0.       0.121035 0.       0.       0.       0.       0.       0.       0.       0.121035 0.       0.       0.       0.       0.       0.       0.       0.       0.       0.       0.121034 0.121035 0.       0.       0.       0.273791 0.121034 0.       0.121035],[0. 0. 0. 1. 0. 0. 0. 0. 0. 0. 0. 1. 0. 0. 0. 0. 0. 0. 0. 0. 0. 0. 1. 1. 0. 0. 0. 1. 1. 0. 1.],7.0,1000,100,0.01,0.0015,1,6,idID,,random,single_objective
936,0.20038727315632376,0.4837921309059817,0.004127559615,[0.       0.       0.       0.121035 0.       0.       0.       0.       0.       0.       0.       0.121035 0.       0.       0.       0.       0.       0.       0.       0.       0.       0.       0.121034 0.121035 0.       0.       0.       0.273791 0.121034 0.       0.121035],[0. 0. 0. 1. 0. 0. 0. 0. 0. 0. 0. 1. 0. 0. 0. 0. 0. 0. 0. 0. 0. 0. 1. 1. 0. 0. 0. 1. 1. 0. 1.],7.0,1000,100,0.01,0.0015,1,6,idID,,random,single_objective
937,0.20038727315632376,0.4837921309059817,0.004127559615,[0.       0.       0.       0.121035 0.       0.       0.       0.       0.       0.       0.       0.121035 0.       0.       0.       0.       0.       0.       0.       0.       0.       0.       0.121034 0.121035 0.       0.       0.       0.273791 0.121034 0.       0.121035],[0. 0. 0. 1. 0. 0. 0. 0. 0. 0. 0. 1. 0. 0. 0. 0. 0. 0. 0. 0. 0. 0. 1. 1. 0. 0. 0. 1. 1. 0. 1.],7.0,1000,100,0.01,0.0015,1,6,idID,,random,single_objective
938,0.20038727315632376,0.4837921309059817,0.004127559615,[0.       0.       0.       0.121035 0.       0.       0.       0.       0.       0.       0.       0.121035 0.       0.       0.       0.       0.       0.       0.       0.       0.       0.       0.121034 0.121035 0.       0.       0.       0.273791 0.121034 0.       0.121035],[0. 0. 0. 1. 0. 0. 0. 0. 0. 0. 0. 1. 0. 0. 0. 0. 0. 0. 0. 0. 0. 0. 1. 1. 0. 0. 0. 1. 1. 0. 1.],7.0,1000,100,0.01,0.0015,1,6,idID,,random,single_objective
939,0.20038727315632376,0.4837921309059817,0.004127559615,[0.       0.       0.       0.121035 0.       0.       0.       0.       0.       0.       0.       0.121035 0.       0.       0.       0.       0.       0.       0.       0.       0.       0.       0.121034 0.121035 0.       0.       0.       0.273791 0.121034 0.       0.121035],[0. 0. 0. 1. 0. 0. 0. 0. 0. 0. 0. 1. 0. 0. 0. 0. 0. 0. 0. 0. 0. 0. 1. 1. 0. 0. 0. 1. 1. 0. 1.],7.0,1000,100,0.01,0.0015,1,6,idID,,random,single_objective
940,0.20038727315632376,0.4837921309059817,0.004127559615,[0.       0.       0.       0.121035 0.       0.       0.       0.       0.       0.       0.       0.121035 0.       0.       0.       0.       0.       0.       0.       0.       0.       0.       0.121034 0.121035 0.       0.       0.       0.273791 0.121034 0.       0.121035],[0. 0. 0. 1. 0. 0. 0. 0. 0. 0. 0. 1. 0. 0. 0. 0. 0. 0. 0. 0. 0. 0. 1. 1. 0. 0. 0. 1. 1. 0. 1.],7.0,1000,100,0.01,0.0015,1,6,idID,,random,single_objective
941,0.20038727315632376,0.4837921309059817,0.004127559615,[0.       0.       0.       0.121035 0.       0.       0.       0.       0.       0.       0.       0.121035 0.       0.       0.       0.       0.       0.       0.       0.       0.       0.       0.121034 0.121035 0.       0.       0.       0.273791 0.121034 0.       0.121035],[0. 0. 0. 1. 0. 0. 0. 0. 0. 0. 0. 1. 0. 0. 0. 0. 0. 0. 0. 0. 0. 0. 1. 1. 0. 0. 0. 1. 1. 0. 1.],7.0,1000,100,0.01,0.0015,1,6,idID,,random,single_objective
942,0.20038727315632376,0.4837921309059817,0.004127559615,[0.       0.       0.       0.121035 0.       0.       0.       0.       0.       0.       0.       0.121035 0.       0.       0.       0.       0.       0.       0.       0.       0.       0.       0.121034 0.121035 0.       0.       0.       0.273791 0.121034 0.       0.121035],[0. 0. 0. 1. 0. 0. 0. 0. 0. 0. 0. 1. 0. 0. 0. 0. 0. 0. 0. 0. 0. 0. 1. 1. 0. 0. 0. 1. 1. 0. 1.],7.0,1000,100,0.01,0.0015,1,6,idID,,random,single_objective
943,0.20038727315632376,0.4837921309059817,0.004127559615,[0.       0.       0.       0.121035 0.       0.       0.       0.       0.       0.       0.       0.121035 0.       0.       0.       0.       0.       0.       0.       0.       0.       0.       0.121034 0.121035 0.       0.       0.       0.273791 0.121034 0.       0.121035],[0. 0. 0. 1. 0. 0. 0. 0. 0. 0. 0. 1. 0. 0. 0. 0. 0. 0. 0. 0. 0. 0. 1. 1. 0. 0. 0. 1. 1. 0. 1.],7.0,1000,100,0.01,0.0015,1,6,idID,,random,single_objective
944,0.20038727315632376,0.4837921309059817,0.004127559615,[0.       0.       0.       0.121035 0.       0.       0.       0.       0.       0.       0.       0.121035 0.       0.       0.       0.       0.       0.       0.       0.       0.       0.       0.121034 0.121035 0.       0.       0.       0.273791 0.121034 0.       0.121035],[0. 0. 0. 1. 0. 0. 0. 0. 0. 0. 0. 1. 0. 0. 0. 0. 0. 0. 0. 0. 0. 0. 1. 1. 0. 0. 0. 1. 1. 0. 1.],7.0,1000,100,0.01,0.0015,1,6,idID,,random,single_objective
945,0.20038727315632376,0.4837921309059817,0.004127559615,[0.       0.       0.       0.121035 0.       0.       0.       0.       0.       0.       0.       0.121035 0.       0.       0.       0.       0.       0.       0.       0.       0.       0.       0.121034 0.121035 0.       0.       0.       0.273791 0.121034 0.       0.121035],[0. 0. 0. 1. 0. 0. 0. 0. 0. 0. 0. 1. 0. 0. 0. 0. 0. 0. 0. 0. 0. 0. 1. 1. 0. 0. 0. 1. 1. 0. 1.],7.0,1000,100,0.01,0.0015,1,6,idID,,random,single_objective
946,0.20038727315632376,0.4837921309059817,0.004127559615,[0.       0.       0.       0.121035 0.       0.       0.       0.       0.       0.       0.       0.121035 0.       0.       0.       0.       0.       0.       0.       0.       0.       0.       0.121034 0.121035 0.       0.       0.       0.273791 0.121034 0.       0.121035],[0. 0. 0. 1. 0. 0. 0. 0. 0. 0. 0. 1. 0. 0. 0. 0. 0. 0. 0. 0. 0. 0. 1. 1. 0. 0. 0. 1. 1. 0. 1.],7.0,1000,100,0.01,0.0015,1,6,idID,,random,single_objective
947,0.20038727315632376,0.4837921309059817,0.004127559615,[0.       0.       0.       0.121035 0.       0.       0.       0.       0.       0.       0.       0.121035 0.       0.       0.       0.       0.       0.       0.       0.       0.       0.       0.121034 0.121035 0.       0.       0.       0.273791 0.121034 0.       0.121035],[0. 0. 0. 1. 0. 0. 0. 0. 0. 0. 0. 1. 0. 0. 0. 0. 0. 0. 0. 0. 0. 0. 1. 1. 0. 0. 0. 1. 1. 0. 1.],7.0,1000,100,0.01,0.0015,1,6,idID,,random,single_objective
948,0.20038727315632376,0.4837921309059817,0.004127559615,[0.       0.       0.       0.121035 0.       0.       0.       0.       0.       0.       0.       0.121035 0.       0.       0.       0.       0.       0.       0.       0.       0.       0.       0.121034 0.121035 0.       0.       0.       0.273791 0.121034 0.       0.121035],[0. 0. 0. 1. 0. 0. 0. 0. 0. 0. 0. 1. 0. 0. 0. 0. 0. 0. 0. 0. 0. 0. 1. 1. 0. 0. 0. 1. 1. 0. 1.],7.0,1000,100,0.01,0.0015,1,6,idID,,random,single_objective
949,0.20038727315632376,0.4837921309059817,0.004127559615,[0.       0.       0.       0.121035 0.       0.       0.       0.       0.       0.       0.       0.121035 0.       0.       0.       0.       0.       0.       0.       0.       0.       0.       0.121034 0.121035 0.       0.       0.       0.273791 0.121034 0.       0.121035],[0. 0. 0. 1. 0. 0. 0. 0. 0. 0. 0. 1. 0. 0. 0. 0. 0. 0. 0. 0. 0. 0. 1. 1. 0. 0. 0. 1. 1. 0. 1.],7.0,1000,100,0.01,0.0015,1,6,idID,,random,single_objective
950,0.20038727315632376,0.4837921309059817,0.004127559615,[0.       0.       0.       0.121035 0.       0.       0.       0.       0.       0.       0.       0.121035 0.       0.       0.       0.       0.       0.       0.       0.       0.       0.       0.121034 0.121035 0.       0.       0.       0.273791 0.121034 0.       0.121035],[0. 0. 0. 1. 0. 0. 0. 0. 0. 0. 0. 1. 0. 0. 0. 0. 0. 0. 0. 0. 0. 0. 1. 1. 0. 0. 0. 1. 1. 0. 1.],7.0,1000,100,0.01,0.0015,1,6,idID,,random,single_objective
951,0.20038727315632376,0.4837921309059817,0.004127559615,[0.       0.       0.       0.121035 0.       0.       0.       0.       0.       0.       0.       0.121035 0.       0.       0.       0.       0.       0.       0.       0.       0.       0.       0.121034 0.121035 0.       0.       0.       0.273791 0.121034 0.       0.121035],[0. 0. 0. 1. 0. 0. 0. 0. 0. 0. 0. 1. 0. 0. 0. 0. 0. 0. 0. 0. 0. 0. 1. 1. 0. 0. 0. 1. 1. 0. 1.],7.0,1000,100,0.01,0.0015,1,6,idID,,random,single_objective
952,0.20038727315632376,0.4837921309059817,0.004127559615,[0.       0.       0.       0.121035 0.       0.       0.       0.       0.       0.       0.       0.121035 0.       0.       0.       0.       0.       0.       0.       0.       0.       0.       0.121034 0.121035 0.       0.       0.       0.273791 0.121034 0.       0.121035],[0. 0. 0. 1. 0. 0. 0. 0. 0. 0. 0. 1. 0. 0. 0. 0. 0. 0. 0. 0. 0. 0. 1. 1. 0. 0. 0. 1. 1. 0. 1.],7.0,1000,100,0.01,0.0015,1,6,idID,,random,single_objective
953,0.20038727315632376,0.4837921309059817,0.004127559615,[0.       0.       0.       0.121035 0.       0.       0.       0.       0.       0.       0.       0.121035 0.       0.       0.       0.       0.       0.       0.       0.       0.       0.       0.121034 0.121035 0.       0.       0.       0.273791 0.121034 0.       0.121035],[0. 0. 0. 1. 0. 0. 0. 0. 0. 0. 0. 1. 0. 0. 0. 0. 0. 0. 0. 0. 0. 0. 1. 1. 0. 0. 0. 1. 1. 0. 1.],7.0,1000,100,0.01,0.0015,1,6,idID,,random,single_objective
954,0.20038727315632376,0.4837921309059817,0.004127559615,[0.       0.       0.       0.121035 0.       0.       0.       0.       0.       0.       0.       0.121035 0.       0.       0.       0.       0.       0.       0.       0.       0.       0.       0.121034 0.121035 0.       0.       0.       0.273791 0.121034 0.       0.121035],[0. 0. 0. 1. 0. 0. 0. 0. 0. 0. 0. 1. 0. 0. 0. 0. 0. 0. 0. 0. 0. 0. 1. 1. 0. 0. 0. 1. 1. 0. 1.],7.0,1000,100,0.01,0.0015,1,6,idID,,random,single_objective
955,0.20038727315632376,0.4837921309059817,0.004127559615,[0.       0.       0.       0.121035 0.       0.       0.       0.       0.       0.       0.       0.121035 0.       0.       0.       0.       0.       0.       0.       0.       0.       0.       0.121034 0.121035 0.       0.       0.       0.273791 0.121034 0.       0.121035],[0. 0. 0. 1. 0. 0. 0. 0. 0. 0. 0. 1. 0. 0. 0. 0. 0. 0. 0. 0. 0. 0. 1. 1. 0. 0. 0. 1. 1. 0. 1.],7.0,1000,100,0.01,0.0015,1,6,idID,,random,single_objective
956,0.20038727315632376,0.4837921309059817,0.004127559615,[0.       0.       0.       0.121035 0.       0.       0.       0.       0.       0.       0.       0.121035 0.       0.       0.       0.       0.       0.       0.       0.       0.       0.       0.121034 0.121035 0.       0.       0.       0.273791 0.121034 0.       0.121035],[0. 0. 0. 1. 0. 0. 0. 0. 0. 0. 0. 1. 0. 0. 0. 0. 0. 0. 0. 0. 0. 0. 1. 1. 0. 0. 0. 1. 1. 0. 1.],7.0,1000,100,0.01,0.0015,1,6,idID,,random,single_objective
957,0.20038727315632376,0.4837921309059817,0.004127559615,[0.       0.       0.       0.121035 0.       0.       0.       0.       0.       0.       0.       0.121035 0.       0.       0.       0.       0.       0.       0.       0.       0.       0.       0.121034 0.121035 0.       0.       0.       0.273791 0.121034 0.       0.121035],[0. 0. 0. 1. 0. 0. 0. 0. 0. 0. 0. 1. 0. 0. 0. 0. 0. 0. 0. 0. 0. 0. 1. 1. 0. 0. 0. 1. 1. 0. 1.],7.0,1000,100,0.01,0.0015,1,6,idID,,random,single_objective
958,0.20038727315632376,0.4837921309059817,0.004127559615,[0.       0.       0.       0.121035 0.       0.       0.       0.       0.       0.       0.       0.121035 0.       0.       0.       0.       0.       0.       0.       0.       0.       0.       0.121034 0.121035 0.       0.       0.       0.273791 0.121034 0.       0.121035],[0. 0. 0. 1. 0. 0. 0. 0. 0. 0. 0. 1. 0. 0. 0. 0. 0. 0. 0. 0. 0. 0. 1. 1. 0. 0. 0. 1. 1. 0. 1.],7.0,1000,100,0.01,0.0015,1,6,idID,,random,single_objective
959,0.20038727315632376,0.4837921309059817,0.004127559615,[0.       0.       0.       0.121035 0.       0.       0.       0.       0.       0.       0.       0.121035 0.       0.       0.       0.       0.       0.       0.       0.       0.       0.       0.121034 0.121035 0.       0.       0.       0.273791 0.121034 0.       0.121035],[0. 0. 0. 1. 0. 0. 0. 0. 0. 0. 0. 1. 0. 0. 0. 0. 0. 0. 0. 0. 0. 0. 1. 1. 0. 0. 0. 1. 1. 0. 1.],7.0,1000,100,0.01,0.0015,1,6,idID,,random,single_objective
960,0.20038727315632376,0.4837921309059817,0.004127559615,[0.       0.       0.       0.121035 0.       0.       0.       0.       0.       0.       0.       0.121035 0.       0.       0.       0.       0.       0.       0.       0.       0.       0.       0.121034 0.121035 0.       0.       0.       0.273791 0.121034 0.       0.121035],[0. 0. 0. 1. 0. 0. 0. 0. 0. 0. 0. 1. 0. 0. 0. 0. 0. 0. 0. 0. 0. 0. 1. 1. 0. 0. 0. 1. 1. 0. 1.],7.0,1000,100,0.01,0.0015,1,6,idID,,random,single_objective
961,0.20038727315632376,0.4837921309059817,0.004127559615,[0.       0.       0.       0.121035 0.       0.       0.       0.       0.       0.       0.       0.121035 0.       0.       0.       0.       0.       0.       0.       0.       0.       0.       0.121034 0.121035 0.       0.       0.       0.273791 0.121034 0.       0.121035],[0. 0. 0. 1. 0. 0. 0. 0. 0. 0. 0. 1. 0. 0. 0. 0. 0. 0. 0. 0. 0. 0. 1. 1. 0. 0. 0. 1. 1. 0. 1.],7.0,1000,100,0.01,0.0015,1,6,idID,,random,single_objective
962,0.20038727315632376,0.4837921309059817,0.004127559615,[0.       0.       0.       0.121035 0.       0.       0.       0.       0.       0.       0.       0.121035 0.       0.       0.       0.       0.       0.       0.       0.       0.       0.       0.121034 0.121035 0.       0.       0.       0.273791 0.121034 0.       0.121035],[0. 0. 0. 1. 0. 0. 0. 0. 0. 0. 0. 1. 0. 0. 0. 0. 0. 0. 0. 0. 0. 0. 1. 1. 0. 0. 0. 1. 1. 0. 1.],7.0,1000,100,0.01,0.0015,1,6,idID,,random,single_objective
963,0.20038727315632376,0.4837921309059817,0.004127559615,[0.       0.       0.       0.121035 0.       0.       0.       0.       0.       0.       0.       0.121035 0.       0.       0.       0.       0.       0.       0.       0.       0.       0.       0.121034 0.121035 0.       0.       0.       0.273791 0.121034 0.       0.121035],[0. 0. 0. 1. 0. 0. 0. 0. 0. 0. 0. 1. 0. 0. 0. 0. 0. 0. 0. 0. 0. 0. 1. 1. 0. 0. 0. 1. 1. 0. 1.],7.0,1000,100,0.01,0.0015,1,6,idID,,random,single_objective
964,0.20038727315632376,0.4837921309059817,0.004127559615,[0.       0.       0.       0.121035 0.       0.       0.       0.       0.       0.       0.       0.121035 0.       0.       0.       0.       0.       0.       0.       0.       0.       0.       0.121034 0.121035 0.       0.       0.       0.273791 0.121034 0.       0.121035],[0. 0. 0. 1. 0. 0. 0. 0. 0. 0. 0. 1. 0. 0. 0. 0. 0. 0. 0. 0. 0. 0. 1. 1. 0. 0. 0. 1. 1. 0. 1.],7.0,1000,100,0.01,0.0015,1,6,idID,,random,single_objective
965,0.20038727315632376,0.4837921309059817,0.004127559615,[0.       0.       0.       0.121035 0.       0.       0.       0.       0.       0.       0.       0.121035 0.       0.       0.       0.       0.       0.       0.       0.       0.       0.       0.121034 0.121035 0.       0.       0.       0.273791 0.121034 0.       0.121035],[0. 0. 0. 1. 0. 0. 0. 0. 0. 0. 0. 1. 0. 0. 0. 0. 0. 0. 0. 0. 0. 0. 1. 1. 0. 0. 0. 1. 1. 0. 1.],7.0,1000,100,0.01,0.0015,1,6,idID,,random,single_objective
966,0.20038727315632376,0.4837921309059817,0.004127559615,[0.       0.       0.       0.121035 0.       0.       0.       0.       0.       0.       0.       0.121035 0.       0.       0.       0.       0.       0.       0.       0.       0.       0.       0.121034 0.121035 0.       0.       0.       0.273791 0.121034 0.       0.121035],[0. 0. 0. 1. 0. 0. 0. 0. 0. 0. 0. 1. 0. 0. 0. 0. 0. 0. 0. 0. 0. 0. 1. 1. 0. 0. 0. 1. 1. 0. 1.],7.0,1000,100,0.01,0.0015,1,6,idID,,random,single_objective
967,0.20038727315632376,0.4837921309059817,0.004127559615,[0.       0.       0.       0.121035 0.       0.       0.       0.       0.       0.       0.       0.121035 0.       0.       0.       0.       0.       0.       0.       0.       0.       0.       0.121034 0.121035 0.       0.       0.       0.273791 0.121034 0.       0.121035],[0. 0. 0. 1. 0. 0. 0. 0. 0. 0. 0. 1. 0. 0. 0. 0. 0. 0. 0. 0. 0. 0. 1. 1. 0. 0. 0. 1. 1. 0. 1.],7.0,1000,100,0.01,0.0015,1,6,idID,,random,single_objective
968,0.20038727315632376,0.4837921309059817,0.004127559615,[0.       0.       0.       0.121035 0.       0.       0.       0.       0.       0.       0.       0.121035 0.       0.       0.       0.       0.       0.       0.       0.       0.       0.       0.121034 0.121035 0.       0.       0.       0.273791 0.121034 0.       0.121035],[0. 0. 0. 1. 0. 0. 0. 0. 0. 0. 0. 1. 0. 0. 0. 0. 0. 0. 0. 0. 0. 0. 1. 1. 0. 0. 0. 1. 1. 0. 1.],7.0,1000,100,0.01,0.0015,1,6,idID,,random,single_objective
969,0.20038727315632376,0.4837921309059817,0.004127559615,[0.       0.       0.       0.121035 0.       0.       0.       0.       0.       0.       0.       0.121035 0.       0.       0.       0.       0.       0.       0.       0.       0.       0.       0.121034 0.121035 0.       0.       0.       0.273791 0.121034 0.       0.121035],[0. 0. 0. 1. 0. 0. 0. 0. 0. 0. 0. 1. 0. 0. 0. 0. 0. 0. 0. 0. 0. 0. 1. 1. 0. 0. 0. 1. 1. 0. 1.],7.0,1000,100,0.01,0.0015,1,6,idID,,random,single_objective
970,0.20038727315632376,0.4837921309059817,0.004127559615,[0.       0.       0.       0.121035 0.       0.       0.       0.       0.       0.       0.       0.121035 0.       0.       0.       0.       0.       0.       0.       0.       0.       0.       0.121034 0.121035 0.       0.       0.       0.273791 0.121034 0.       0.121035],[0. 0. 0. 1. 0. 0. 0. 0. 0. 0. 0. 1. 0. 0. 0. 0. 0. 0. 0. 0. 0. 0. 1. 1. 0. 0. 0. 1. 1. 0. 1.],7.0,1000,100,0.01,0.0015,1,6,idID,,random,single_objective
971,0.20038727315632376,0.4837921309059817,0.004127559615,[0.       0.       0.       0.121035 0.       0.       0.       0.       0.       0.       0.       0.121035 0.       0.       0.       0.       0.       0.       0.       0.       0.       0.       0.121034 0.121035 0.       0.       0.       0.273791 0.121034 0.       0.121035],[0. 0. 0. 1. 0. 0. 0. 0. 0. 0. 0. 1. 0. 0. 0. 0. 0. 0. 0. 0. 0. 0. 1. 1. 0. 0. 0. 1. 1. 0. 1.],7.0,1000,100,0.01,0.0015,1,6,idID,,random,single_objective
972,0.20038727315632376,0.4837921309059817,0.004127559615,[0.       0.       0.       0.121035 0.       0.       0.       0.       0.       0.       0.       0.121035 0.       0.       0.       0.       0.       0.       0.       0.       0.       0.       0.121034 0.121035 0.       0.       0.       0.273791 0.121034 0.       0.121035],[0. 0. 0. 1. 0. 0. 0. 0. 0. 0. 0. 1. 0. 0. 0. 0. 0. 0. 0. 0. 0. 0. 1. 1. 0. 0. 0. 1. 1. 0. 1.],7.0,1000,100,0.01,0.0015,1,6,idID,,random,single_objective
973,0.20038727315632376,0.4837921309059817,0.004127559615,[0.       0.       0.       0.121035 0.       0.       0.       0.       0.       0.       0.       0.121035 0.       0.       0.       0.       0.       0.       0.       0.       0.       0.       0.121034 0.121035 0.       0.       0.       0.273791 0.121034 0.       0.121035],[0. 0. 0. 1. 0. 0. 0. 0. 0. 0. 0. 1. 0. 0. 0. 0. 0. 0. 0. 0. 0. 0. 1. 1. 0. 0. 0. 1. 1. 0. 1.],7.0,1000,100,0.01,0.0015,1,6,idID,,random,single_objective
974,0.20038727315632376,0.4837921309059817,0.004127559615,[0.       0.       0.       0.121035 0.       0.       0.       0.       0.       0.       0.       0.121035 0.       0.       0.       0.       0.       0.       0.       0.       0.       0.       0.121034 0.121035 0.       0.       0.       0.273791 0.121034 0.       0.121035],[0. 0. 0. 1. 0. 0. 0. 0. 0. 0. 0. 1. 0. 0. 0. 0. 0. 0. 0. 0. 0. 0. 1. 1. 0. 0. 0. 1. 1. 0. 1.],7.0,1000,100,0.01,0.0015,1,6,idID,,random,single_objective
975,0.20038727315632376,0.4837921309059817,0.004127559615,[0.       0.       0.       0.121035 0.       0.       0.       0.       0.       0.       0.       0.121035 0.       0.       0.       0.       0.       0.       0.       0.       0.       0.       0.121034 0.121035 0.       0.       0.       0.273791 0.121034 0.       0.121035],[0. 0. 0. 1. 0. 0. 0. 0. 0. 0. 0. 1. 0. 0. 0. 0. 0. 0. 0. 0. 0. 0. 1. 1. 0. 0. 0. 1. 1. 0. 1.],7.0,1000,100,0.01,0.0015,1,6,idID,,random,single_objective
976,0.20038727315632376,0.4837921309059817,0.004127559615,[0.       0.       0.       0.121035 0.       0.       0.       0.       0.       0.       0.       0.121035 0.       0.       0.       0.       0.       0.       0.       0.       0.       0.       0.121034 0.121035 0.       0.       0.       0.273791 0.121034 0.       0.121035],[0. 0. 0. 1. 0. 0. 0. 0. 0. 0. 0. 1. 0. 0. 0. 0. 0. 0. 0. 0. 0. 0. 1. 1. 0. 0. 0. 1. 1. 0. 1.],7.0,1000,100,0.01,0.0015,1,6,idID,,random,single_objective
977,0.20038727315632376,0.4837921309059817,0.004127559615,[0.       0.       0.       0.121035 0.       0.       0.       0.       0.       0.       0.       0.121035 0.       0.       0.       0.       0.       0.       0.       0.       0.       0.       0.121034 0.121035 0.       0.       0.       0.273791 0.121034 0.       0.121035],[0. 0. 0. 1. 0. 0. 0. 0. 0. 0. 0. 1. 0. 0. 0. 0. 0. 0. 0. 0. 0. 0. 1. 1. 0. 0. 0. 1. 1. 0. 1.],7.0,1000,100,0.01,0.0015,1,6,idID,,random,single_objective
978,0.20038727315632376,0.4837921309059817,0.004127559615,[0.       0.       0.       0.121035 0.       0.       0.       0.       0.       0.       0.       0.121035 0.       0.       0.       0.       0.       0.       0.       0.       0.       0.       0.121034 0.121035 0.       0.       0.       0.273791 0.121034 0.       0.121035],[0. 0. 0. 1. 0. 0. 0. 0. 0. 0. 0. 1. 0. 0. 0. 0. 0. 0. 0. 0. 0. 0. 1. 1. 0. 0. 0. 1. 1. 0. 1.],7.0,1000,100,0.01,0.0015,1,6,idID,,random,single_objective
979,0.20038727315632376,0.4837921309059817,0.004127559615,[0.       0.       0.       0.121035 0.       0.       0.       0.       0.       0.       0.       0.121035 0.       0.       0.       0.       0.       0.       0.       0.       0.       0.       0.121034 0.121035 0.       0.       0.       0.273791 0.121034 0.       0.121035],[0. 0. 0. 1. 0. 0. 0. 0. 0. 0. 0. 1. 0. 0. 0. 0. 0. 0. 0. 0. 0. 0. 1. 1. 0. 0. 0. 1. 1. 0. 1.],7.0,1000,100,0.01,0.0015,1,6,idID,,random,single_objective
980,0.20038727315632376,0.4837921309059817,0.004127559615,[0.       0.       0.       0.121035 0.       0.       0.       0.       0.       0.       0.       0.121035 0.       0.       0.       0.       0.       0.       0.       0.       0.       0.       0.121034 0.121035 0.       0.       0.       0.273791 0.121034 0.       0.121035],[0. 0. 0. 1. 0. 0. 0. 0. 0. 0. 0. 1. 0. 0. 0. 0. 0. 0. 0. 0. 0. 0. 1. 1. 0. 0. 0. 1. 1. 0. 1.],7.0,1000,100,0.01,0.0015,1,6,idID,,random,single_objective
981,0.20038727315632376,0.4837921309059817,0.004127559615,[0.       0.       0.       0.121035 0.       0.       0.       0.       0.       0.       0.       0.121035 0.       0.       0.       0.       0.       0.       0.       0.       0.       0.       0.121034 0.121035 0.       0.       0.       0.273791 0.121034 0.       0.121035],[0. 0. 0. 1. 0. 0. 0. 0. 0. 0. 0. 1. 0. 0. 0. 0. 0. 0. 0. 0. 0. 0. 1. 1. 0. 0. 0. 1. 1. 0. 1.],7.0,1000,100,0.01,0.0015,1,6,idID,,random,single_objective
982,0.20038727315632376,0.4837921309059817,0.004127559615,[0.       0.       0.       0.121035 0.       0.       0.       0.       0.       0.       0.       0.121035 0.       0.       0.       0.       0.       0.       0.       0.       0.       0.       0.121034 0.121035 0.       0.       0.       0.273791 0.121034 0.       0.121035],[0. 0. 0. 1. 0. 0. 0. 0. 0. 0. 0. 1. 0. 0. 0. 0. 0. 0. 0. 0. 0. 0. 1. 1. 0. 0. 0. 1. 1. 0. 1.],7.0,1000,100,0.01,0.0015,1,6,idID,,random,single_objective
983,0.20038727315632376,0.4837921309059817,0.004127559615,[0.       0.       0.       0.121035 0.       0.       0.       0.       0.       0.       0.       0.121035 0.       0.       0.       0.       0.       0.       0.       0.       0.       0.       0.121034 0.121035 0.       0.       0.       0.273791 0.121034 0.       0.121035],[0. 0. 0. 1. 0. 0. 0. 0. 0. 0. 0. 1. 0. 0. 0. 0. 0. 0. 0. 0. 0. 0. 1. 1. 0. 0. 0. 1. 1. 0. 1.],7.0,1000,100,0.01,0.0015,1,6,idID,,random,single_objective
984,0.20038727315632376,0.4837921309059817,0.004127559615,[0.       0.       0.       0.121035 0.       0.       0.       0.       0.       0.       0.       0.121035 0.       0.       0.       0.       0.       0.       0.       0.       0.       0.       0.121034 0.121035 0.       0.       0.       0.273791 0.121034 0.       0.121035],[0. 0. 0. 1. 0. 0. 0. 0. 0. 0. 0. 1. 0. 0. 0. 0. 0. 0. 0. 0. 0. 0. 1. 1. 0. 0. 0. 1. 1. 0. 1.],7.0,1000,100,0.01,0.0015,1,6,idID,,random,single_objective
985,0.20038727315632376,0.4837921309059817,0.004127559615,[0.       0.       0.       0.121035 0.       0.       0.       0.       0.       0.       0.       0.121035 0.       0.       0.       0.       0.       0.       0.       0.       0.       0.       0.121034 0.121035 0.       0.       0.       0.273791 0.121034 0.       0.121035],[0. 0. 0. 1. 0. 0. 0. 0. 0. 0. 0. 1. 0. 0. 0. 0. 0. 0. 0. 0. 0. 0. 1. 1. 0. 0. 0. 1. 1. 0. 1.],7.0,1000,100,0.01,0.0015,1,6,idID,,random,single_objective
986,0.20038727315632376,0.4837921309059817,0.004127559615,[0.       0.       0.       0.121035 0.       0.       0.       0.       0.       0.       0.       0.121035 0.       0.       0.       0.       0.       0.       0.       0.       0.       0.       0.121034 0.121035 0.       0.       0.       0.273791 0.121034 0.       0.121035],[0. 0. 0. 1. 0. 0. 0. 0. 0. 0. 0. 1. 0. 0. 0. 0. 0. 0. 0. 0. 0. 0. 1. 1. 0. 0. 0. 1. 1. 0. 1.],7.0,1000,100,0.01,0.0015,1,6,idID,,random,single_objective
987,0.20038727315632376,0.4837921309059817,0.004127559615,[0.       0.       0.       0.121035 0.       0.       0.       0.       0.       0.       0.       0.121035 0.       0.       0.       0.       0.       0.       0.       0.       0.       0.       0.121034 0.121035 0.       0.       0.       0.273791 0.121034 0.       0.121035],[0. 0. 0. 1. 0. 0. 0. 0. 0. 0. 0. 1. 0. 0. 0. 0. 0. 0. 0. 0. 0. 0. 1. 1. 0. 0. 0. 1. 1. 0. 1.],7.0,1000,100,0.01,0.0015,1,6,idID,,random,single_objective
988,0.20038727315632376,0.4837921309059817,0.004127559615,[0.       0.       0.       0.121035 0.       0.       0.       0.       0.       0.       0.       0.121035 0.       0.       0.       0.       0.       0.       0.       0.       0.       0.       0.121034 0.121035 0.       0.       0.       0.273791 0.121034 0.       0.121035],[0. 0. 0. 1. 0. 0. 0. 0. 0. 0. 0. 1. 0. 0. 0. 0. 0. 0. 0. 0. 0. 0. 1. 1. 0. 0. 0. 1. 1. 0. 1.],7.0,1000,100,0.01,0.0015,1,6,idID,,random,single_objective
989,0.20038727315632376,0.4837921309059817,0.004127559615,[0.       0.       0.       0.121035 0.       0.       0.       0.       0.       0.       0.       0.121035 0.       0.       0.       0.       0.       0.       0.       0.       0.       0.       0.121034 0.121035 0.       0.       0.       0.273791 0.121034 0.       0.121035],[0. 0. 0. 1. 0. 0. 0. 0. 0. 0. 0. 1. 0. 0. 0. 0. 0. 0. 0. 0. 0. 0. 1. 1. 0. 0. 0. 1. 1. 0. 1.],7.0,1000,100,0.01,0.0015,1,6,idID,,random,single_objective
990,0.20038727315632376,0.4837921309059817,0.004127559615,[0.       0.       0.       0.121035 0.       0.       0.       0.       0.       0.       0.       0.121035 0.       0.       0.       0.       0.       0.       0.       0.       0.       0.       0.121034 0.121035 0.       0.       0.       0.273791 0.121034 0.       0.121035],[0. 0. 0. 1. 0. 0. 0. 0. 0. 0. 0. 1. 0. 0. 0. 0. 0. 0. 0. 0. 0. 0. 1. 1. 0. 0. 0. 1. 1. 0. 1.],7.0,1000,100,0.01,0.0015,1,6,idID,,random,single_objective
991,0.20038727315632376,0.4837921309059817,0.004127559615,[0.       0.       0.       0.121035 0.       0.       0.       0.       0.       0.       0.       0.121035 0.       0.       0.       0.       0.       0.       0.       0.       0.       0.       0.121034 0.121035 0.       0.       0.       0.273791 0.121034 0.       0.121035],[0. 0. 0. 1. 0. 0. 0. 0. 0. 0. 0. 1. 0. 0. 0. 0. 0. 0. 0. 0. 0. 0. 1. 1. 0. 0. 0. 1. 1. 0. 1.],7.0,1000,100,0.01,0.0015,1,6,idID,,random,single_objective
992,0.20038727315632376,0.4837921309059817,0.004127559615,[0.       0.       0.       0.121035 0.       0.       0.       0.       0.       0.       0.       0.121035 0.       0.       0.       0.       0.       0.       0.       0.       0.       0.       0.121034 0.121035 0.       0.       0.       0.273791 0.121034 0.       0.121035],[0. 0. 0. 1. 0. 0. 0. 0. 0. 0. 0. 1. 0. 0. 0. 0. 0. 0. 0. 0. 0. 0. 1. 1. 0. 0. 0. 1. 1. 0. 1.],7.0,1000,100,0.01,0.0015,1,6,idID,,random,single_objective
993,0.20038727315632376,0.4837921309059817,0.004127559615,[0.       0.       0.       0.121035 0.       0.       0.       0.       0.       0.       0.       0.121035 0.       0.       0.       0.       0.       0.       0.       0.       0.       0.       0.121034 0.121035 0.       0.       0.       0.273791 0.121034 0.       0.121035],[0. 0. 0. 1. 0. 0. 0. 0. 0. 0. 0. 1. 0. 0. 0. 0. 0. 0. 0. 0. 0. 0. 1. 1. 0. 0. 0. 1. 1. 0. 1.],7.0,1000,100,0.01,0.0015,1,6,idID,,random,single_objective
994,0.20038727315632376,0.4837921309059817,0.004127559615,[0.       0.       0.       0.121035 0.       0.       0.       0.       0.       0.       0.       0.121035 0.       0.       0.       0.       0.       0.       0.       0.       0.       0.       0.121034 0.121035 0.       0.       0.       0.273791 0.121034 0.       0.121035],[0. 0. 0. 1. 0. 0. 0. 0. 0. 0. 0. 1. 0. 0. 0. 0. 0. 0. 0. 0. 0. 0. 1. 1. 0. 0. 0. 1. 1. 0. 1.],7.0,1000,100,0.01,0.0015,1,6,idID,,random,single_objective
995,0.20038727315632376,0.4837921309059817,0.004127559615,[0.       0.       0.       0.121035 0.       0.       0.       0.       0.       0.       0.       0.121035 0.       0.       0.       0.       0.       0.       0.       0.       0.       0.       0.121034 0.121035 0.       0.       0.       0.273791 0.121034 0.       0.121035],[0. 0. 0. 1. 0. 0. 0. 0. 0. 0. 0. 1. 0. 0. 0. 0. 0. 0. 0. 0. 0. 0. 1. 1. 0. 0. 0. 1. 1. 0. 1.],7.0,1000,100,0.01,0.0015,1,6,idID,,random,single_objective
996,0.20038727315632376,0.4837921309059817,0.004127559615,[0.       0.       0.       0.121035 0.       0.       0.       0.       0.       0.       0.       0.121035 0.       0.       0.       0.       0.       0.       0.       0.       0.       0.       0.121034 0.121035 0.       0.       0.       0.273791 0.121034 0.       0.121035],[0. 0. 0. 1. 0. 0. 0. 0. 0. 0. 0. 1. 0. 0. 0. 0. 0. 0. 0. 0. 0. 0. 1. 1. 0. 0. 0. 1. 1. 0. 1.],7.0,1000,100,0.01,0.0015,1,6,idID,,random,single_objective
997,0.20038727315632376,0.4837921309059817,0.004127559615,[0.       0.       0.       0.121035 0.       0.       0.       0.       0.       0.       0.       0.121035 0.       0.       0.       0.       0.       0.       0.       0.       0.       0.       0.121034 0.121035 0.       0.       0.       0.273791 0.121034 0.       0.121035],[0. 0. 0. 1. 0. 0. 0. 0. 0. 0. 0. 1. 0. 0. 0. 0. 0. 0. 0. 0. 0. 0. 1. 1. 0. 0. 0. 1. 1. 0. 1.],7.0,1000,100,0.01,0.0015,1,6,idID,,random,single_objective
998,0.20038727315632376,0.4837921309059817,0.004127559615,[0.       0.       0.       0.121035 0.       0.       0.       0.       0.       0.       0.       0.121035 0.       0.       0.       0.       0.       0.       0.       0.       0.       0.       0.121034 0.121035 0.       0.       0.       0.273791 0.121034 0.       0.121035],[0. 0. 0. 1. 0. 0. 0. 0. 0. 0. 0. 1. 0. 0. 0. 0. 0. 0. 0. 0. 0. 0. 1. 1. 0. 0. 0. 1. 1. 0. 1.],7.0,1000,100,0.01,0.0015,1,6,idID,,random,single_objective
999,0.20038727315632376,0.4837921309059817,0.004127559615,[0.       0.       0.       0.121035 0.       0.       0.       0.       0.       0.       0.       0.121035 0.       0.       0.       0.       0.       0.       0.       0.       0.       0.       0.121034 0.121035 0.       0.       0.       0.273791 0.121034 0.       0.121035],[0. 0. 0. 1. 0. 0. 0. 0. 0. 0. 0. 1. 0. 0. 0. 0. 0. 0. 0. 0. 0. 0. 1. 1. 0. 0. 0. 1. 1. 0. 1.],7.0,1000,100,0.01,0.0015,1,6,idID,,random,single_objective
