iter,move,improve,obj,return,n_assets,X,Z,qN,qNv,iter_time,max_iter,neighbours,alpha,exp_return,n_port,k_min,k_max,move_strategy,seed,selection_strategy
0,iDR,True,0.16206745202611392,0.007775977136917056,10,"[0.03849717 0.53175923 0.01303123 0.07108686 0.07199357 0.03448171
 0.06311525 0.06925155 0.04780507 0.05897835]",[ 3  4  5  6  7  9 11 18 19 23],100,0,0.043757,1000,100,0.01,0.007,1,10,10,best,9,random
1,iDR,True,0.16200941946432404,0.0077774000070968494,10,"[0.03851558 0.53201356 0.01303746 0.07112086 0.07202801 0.0344982
 0.06314543 0.06928468 0.04734966 0.05900656]",[ 3  4  5  6  7  9 11 18 19 23],100,23,0.049661,1000,100,0.01,0.007,1,10,10,best,9,random
2,idID,True,0.1618452302347824,0.007805074710171299,10,"[0.03863293 0.53363445 0.07133755 0.07224745 0.03460331 0.06333782
 0.06949577 0.04749392 0.05918633 0.01003047]",[ 3  4  6  7  9 11 18 19 23 24],100,37,0.050834,1000,100,0.01,0.007,1,10,10,best,9,random
3,idID,True,0.1522667253203408,0.00798064462376643,10,"[0.04119736 0.56905679 0.07607289 0.03690026 0.06754215 0.01066379
 0.07410885 0.05064654 0.06311509 0.01069628]",[ 3  4  6  9 11 13 18 19 23 24],100,35,0.049921,1000,100,0.01,0.007,1,10,10,best,9,random
4,idID,True,0.15214928766615787,0.007984745519798315,10,"[0.04122873 0.56949001 0.0753695  0.03692835 0.06759357 0.01067191
 0.07416527 0.05068509 0.06316314 0.01070443]",[ 3  4  6  9 11 13 18 19 23 24],100,28,0.049822,1000,100,0.01,0.007,1,10,10,best,9,random
5,idID,True,0.15200077546852261,0.007986742599728754,10,"[0.04125933 0.56991269 0.07542544 0.03695576 0.06764373 0.01067983
 0.07347812 0.05072271 0.06321002 0.01071237]",[ 3  4  6  9 11 13 18 19 23 24],100,30,0.050343,1000,100,0.01,0.007,1,10,10,best,9,random
6,idID,True,0.14760110883331357,0.008137863848233886,10,"[0.04240231 0.5857007  0.07751491 0.01027703 0.06951763 0.01097569
 0.07551364 0.05212786 0.06496109 0.01100913]",[ 3  4  6  7 11 13 18 19 23 24],100,34,0.050096,1000,100,0.01,0.007,1,10,10,best,9,random
7,iDR,True,0.14687963942975021,0.008153743695347696,10,"[0.04215541 0.58811312 0.07706355 0.01021718 0.06911284 0.01091178
 0.07507394 0.05182432 0.06458283 0.01094503]",[ 3  4  6  7 11 13 18 19 23 24],100,27,0.049434,1000,100,0.01,0.007,1,10,10,best,9,random
8,idID,True,0.14434616133535355,0.008169381675518728,10,"[0.04219388 0.58864984 0.07713388 0.01022651 0.06917591 0.07514245
 0.05187162 0.06464177 0.01095501 0.01000913]",[ 3  4  6  7 11 18 19 23 24 25],100,38,0.050212,1000,100,0.01,0.007,1,10,10,best,9,random
9,idID,True,0.13076488078035603,0.008585258071893673,10,"[0.04523037 0.63101214 0.01096246 0.07415417 0.01071965 0.08055009
 0.05560457 0.06929373 0.01174339 0.01072943]",[ 3  4  7 11 14 18 19 23 24 25],100,31,0.049418,1000,100,0.01,0.007,1,10,10,best,9,random
10,iDR,True,0.13067488788977688,0.008587099897699985,10,"[0.04479833 0.63129767 0.01096742 0.07418773 0.0107245  0.08058654
 0.05562973 0.06932508 0.01174871 0.01073429]",[ 3  4  7 11 14 18 19 23 24 25],100,23,0.049606,1000,100,0.01,0.007,1,10,10,best,9,random
11,idID,True,0.13050340114112027,0.008589613090819494,10,"[0.04483159 0.63176637 0.01097556 0.07350038 0.01073246 0.08064637
 0.05567103 0.06937655 0.01175743 0.01074226]",[ 3  4  7 11 14 18 19 23 24 25],100,29,0.049423,1000,100,0.01,0.007,1,10,10,best,9,random
12,TID,True,0.1303244729938042,0.008594485406070934,10,"[0.04483159 0.63246013 0.01097556 0.07350038 0.01073246 0.08064637
 0.05567103 0.06868279 0.01175743 0.01074226]",[ 3  4  7 11 14 18 19 23 24 25],100,38,0.050127,1000,100,0.01,0.007,1,10,10,best,9,random
13,idID,True,0.1092870111679839,0.008836715381935869,10,"[0.04823954 0.68053765 0.01180989 0.07908763 0.01076017 0.01154831
 0.05990296 0.07390382 0.01265119 0.01155885]",[ 3  4  7 11 12 14 19 23 24 25],100,26,0.049478,1000,100,0.01,0.007,1,10,10,best,9,random
14,idID,True,0.10017248491738404,0.009025458348862838,10,"[0.05077327 0.71628225 0.01052524 0.01243019 0.08324163 0.01132533
 0.01215488 0.07778555 0.01331568 0.01216597]",[ 3  4  6  7 11 12 14 23 24 25],100,22,0.049549,1000,100,0.01,0.007,1,10,10,best,9,random
15,idID,True,0.10003014958463578,0.009029493469314068,10,"[0.0508128  0.71683985 0.01053343 0.01243987 0.08330644 0.01133415
 0.01216434 0.07706764 0.01332605 0.01217544]",[ 3  4  6  7 11 12 14 23 24 25],100,20,0.049394,1000,100,0.01,0.007,1,10,10,best,9,random
16,iDR,True,0.10000025190317169,0.00903000101606709,10,"[0.05081912 0.71692903 0.01053474 0.012317   0.0833168  0.01133556
 0.01216585 0.07707723 0.01332771 0.01217695]",[ 3  4  6  7 11 12 14 23 24 25],100,26,0.049489,1000,100,0.01,0.007,1,10,10,best,9,random
17,idID,True,0.09993545392128571,0.009037818813393576,10,"[0.05092942 0.71848516 0.01055761 0.01234374 0.08349764 0.01136017
 0.01002171 0.07724453 0.01335664 0.01220338]",[ 3  4  6  7 11 12 13 23 24 25],100,24,0.049449,1000,100,0.01,0.007,1,10,10,best,9,random
18,iDR,True,0.09969858731835236,0.009041024308206936,10,"[0.05097198 0.71908558 0.01056643 0.01235405 0.08273175 0.01136966
 0.01003008 0.07730908 0.0133678  0.01221358]",[ 3  4  6  7 11 12 13 23 24 25],100,38,0.049281,1000,100,0.01,0.007,1,10,10,best,9,random
19,TID,True,0.09874086207160111,0.009007314755395845,10,"[0.05097198 0.71908558 0.01056643 0.01235405 0.08273175 0.01136966
 0.01       0.07730908 0.0133678  0.01221358]",[ 3  4  6  7 11 12 16 23 24 25],100,35,0.049397,1000,100,0.01,0.007,1,10,10,best,9,random
20,idID,True,0.09851058397472842,0.009010736836422966,10,"[0.05101573 0.71970265 0.0105755  0.01236465 0.08197471 0.01137942
 0.01000858 0.07737543 0.01337927 0.01222406]",[ 3  4  6  7 11 12 16 23 24 25],100,27,0.046171,1000,100,0.01,0.007,1,10,10,best,9,random
21,TID,True,0.09839572931582428,0.009010878660138933,10,"[0.05050557 0.71970265 0.0105755  0.01236465 0.08197471 0.01137942
 0.01000858 0.07737543 0.01337927 0.01273422]",[ 3  4  6  7 11 12 16 23 24 25],100,23,0.049287,1000,100,0.01,0.007,1,10,10,best,9,random
22,idID,True,0.08273288749851275,0.009363244884006784,10,"[0.05415423 0.771696   0.0113395  0.01325791 0.0878968  0.0122015
 0.01073163 0.01072243 0.01434582 0.01365418]",[ 3  4  6  7 11 12 16 21 24 25],100,23,0.049243,1000,100,0.01,0.007,1,10,10,best,9,random
23,iDR,True,0.08271534722797382,0.00936404746284379,10,"[0.05416004 0.77177875 0.01134072 0.01325933 0.08790622 0.0122028
 0.01073278 0.01061634 0.01434736 0.01365564]",[ 3  4  6  7 11 12 16 21 24 25],100,31,0.049643,1000,100,0.01,0.007,1,10,10,best,9,random
24,idID,True,0.08258505225025593,0.00936667513201852,10,"[0.05364749 0.77219698 0.01134687 0.01326652 0.08795386 0.01220942
 0.0107386  0.0106221  0.01435514 0.01366304]",[ 3  4  6  7 11 12 16 21 24 25],100,32,0.049603,1000,100,0.01,0.007,1,10,10,best,9,random
25,idID,True,0.08231885016439368,0.009370341349083528,10,"[0.05369472 0.77287675 0.01135686 0.0132782  0.08715097 0.01222017
 0.01074805 0.01063145 0.01436777 0.01367507]",[ 3  4  6  7 11 12 16 21 24 25],100,29,0.049743,1000,100,0.01,0.007,1,10,10,best,9,random
26,iDR,True,0.08175560904097792,0.009381804621326479,10,"[0.05328291 0.77461867 0.01126975 0.01317636 0.08648257 0.01212644
 0.01066562 0.01054991 0.01425758 0.01357019]",[ 3  4  6  7 11 12 16 21 24 25],100,38,0.05054,1000,100,0.01,0.007,1,10,10,best,9,random
27,iDR,True,0.08119439356102359,0.009393205416953375,10,"[0.05287334 0.7763511  0.01118313 0.01307508 0.08581781 0.01203323
 0.01058363 0.01046881 0.01414799 0.01346588]",[ 3  4  6  7 11 12 16 21 24 25],100,28,0.049534,1000,100,0.01,0.007,1,10,10,best,9,random
28,TID,True,0.08113999125483418,0.00939261584860945,10,"[0.05373152 0.7763511  0.01118313 0.01307508 0.08495963 0.01203323
 0.01058363 0.01046881 0.01414799 0.01346588]",[ 3  4  6  7 11 12 16 21 24 25],100,18,0.049015,1000,100,0.01,0.007,1,10,10,best,9,random
29,idID,True,0.0801820794457264,0.009370741558900365,10,"[0.01002037 0.05384099 0.77793281 0.01120591 0.01310172 0.08513272
 0.0106052  0.01049014 0.01417681 0.01349331]",[ 0  3  4  6  7 11 16 21 24 25],100,28,0.05005,1000,100,0.01,0.007,1,10,10,best,9,random
30,idID,True,0.08009754234165309,0.009389676192485324,10,"[0.05384209 0.77794866 0.01120614 0.01310198 0.0100002  0.08513446
 0.01060541 0.01049036 0.0141771  0.01349359]",[ 3  4  6  7  9 11 16 21 24 25],100,29,0.048558,1000,100,0.01,0.007,1,10,10,best,9,random
31,idID,True,0.07996502327632636,0.009392302233922296,10,"[0.05333238 0.77836775 0.01121218 0.01310904 0.01000559 0.08518032
 0.01061113 0.01049601 0.01418474 0.01350086]",[ 3  4  6  7  9 11 16 21 24 25],100,34,0.046899,1000,100,0.01,0.007,1,10,10,best,9,random
32,idID,True,0.0693489879039285,0.009621363121206114,10,"[0.81362402 0.01172003 0.01370282 0.0104588  0.08903858 0.01109176
 0.01045295 0.01097143 0.01482724 0.01411238]",[ 4  6  7  9 11 16 18 21 24 25],100,38,0.04955,1000,100,0.01,0.007,1,10,10,best,9,random
33,iDR,True,0.06931259725382602,0.009622003317265442,10,"[0.81373553 0.01172164 0.01356765 0.01046023 0.08905078 0.01109328
 0.01045438 0.01097293 0.01482927 0.01411431]",[ 4  6  7  9 11 16 18 21 24 25],100,28,0.04957,1000,100,0.01,0.007,1,10,10,best,9,random
34,iDR,True,0.06927058923132604,0.009622455830652498,10,"[0.81382061 0.01172287 0.01356907 0.01046132 0.08906009 0.01109444
 0.01035092 0.01097408 0.01483082 0.01411579]",[ 4  6  7  9 11 16 18 21 24 25],100,32,0.049932,1000,100,0.01,0.007,1,10,10,best,9,random
35,iDR,True,0.06923035787383666,0.009623484123307038,10,"[0.81394132 0.0117246  0.01357108 0.01046287 0.0890733  0.01109608
 0.01035246 0.01097571 0.01468469 0.01411788]",[ 4  6  7  9 11 16 18 21 24 25],100,31,0.050051,1000,100,0.01,0.007,1,10,10,best,9,random
36,idID,True,0.06894641328127375,0.009627425996257148,10,"[0.81466697 0.01173506 0.01358318 0.0104722  0.08826118 0.01110598
 0.01036169 0.01098549 0.01469778 0.01413047]",[ 4  6  7  9 11 16 18 21 24 25],100,27,0.04939,1000,100,0.01,0.007,1,10,10,best,9,random
37,idID,True,0.06659618460237576,0.00969158793670608,10,"[0.81851216 0.01179045 0.01364729 0.01052163 0.08867777 0.0111584
 0.01041059 0.01103734 0.01419717 0.0100472 ]",[ 4  6  7  9 11 16 18 21 25 28],100,32,0.050144,1000,100,0.01,0.007,1,10,10,best,9,random
38,idID,True,0.06656302805873866,0.00969242487266251,10,"[0.81860868 0.01167392 0.0136489  0.01052287 0.08868823 0.01115971
 0.01041182 0.01103864 0.01419884 0.01004838]",[ 4  6  7  9 11 16 18 21 25 28],100,41,0.049654,1000,100,0.01,0.007,1,10,10,best,9,random
39,idID,True,0.06648044724862394,0.009667874058007215,10,"[0.81903693 0.01168003 0.01365604 0.08873463 0.01116555 0.01000523
 0.01041727 0.01104442 0.01420627 0.01005364]",[ 4  6  7 11 16 17 18 21 25 28],100,39,0.049729,1000,100,0.01,0.007,1,10,10,best,9,random
40,TID,True,0.06640706808018473,0.009703552007279797,10,"[0.81903693 0.01168003 0.01365604 0.08873463 0.01       0.01116555
 0.01041727 0.01104442 0.01420627 0.01005364]",[ 4  6  7 11 14 16 18 21 25 28],100,37,0.048474,1000,100,0.01,0.007,1,10,10,best,9,random
41,idID,True,0.03461566224958691,0.010053495267332643,10,"[0.8890398  0.01267831 0.01482322 0.0108547  0.01211987 0.01130763
 0.01198838 0.01542047 0.01091292 0.0108547 ]",[ 4  6  7 14 16 18 21 25 28 29],100,31,0.046554,1000,100,0.01,0.007,1,10,10,best,9,random
42,iDR,True,0.03459259684274208,0.010053957643261183,10,"[0.88913683 0.0126797  0.01482484 0.01085588 0.01212119 0.01130886
 0.01198969 0.01542216 0.01080497 0.01085588]",[ 4  6  7 14 16 18 21 25 28 29],100,31,0.050638,1000,100,0.01,0.007,1,10,10,best,9,random
43,iDR,True,0.03454689930207141,0.010054714408780984,10,"[0.88926866 0.01268158 0.01467876 0.01085749 0.01212299 0.01131054
 0.01199147 0.01542444 0.01080658 0.01085749]",[ 4  6  7 14 16 18 21 25 28 29],100,32,0.050104,1000,100,0.01,0.007,1,10,10,best,9,random
44,iDR,True,0.034520395011804234,0.010055899297377437,10,"[0.88937648 0.01268312 0.01468054 0.01085881 0.01200321 0.01131191
 0.01199292 0.01542631 0.01080789 0.01085881]",[ 4  6  7 14 16 18 21 25 28 29],100,27,0.049779,1000,100,0.01,0.007,1,10,10,best,9,random
45,iDR,True,0.034497535061878554,0.010056357482270866,10,"[0.88947261 0.01268449 0.01468213 0.01085998 0.01200451 0.01131313
 0.01199422 0.01542798 0.01070096 0.01085998]",[ 4  6  7 14 16 18 21 25 28 29],100,28,0.049484,1000,100,0.01,0.007,1,10,10,best,9,random
46,iDR,True,0.03445683506787552,0.010057304164045081,10,"[0.88958545 0.01255923 0.01468399 0.01086136 0.01200603 0.01131457
 0.01199574 0.01542994 0.01070232 0.01086136]",[ 4  6  7 14 16 18 21 25 28 29],100,32,0.049773,1000,100,0.01,0.007,1,10,10,best,9,random
47,idID,True,0.03442987116340241,0.010058285329783933,10,"[0.88969218 0.01256074 0.01468575 0.01086266 0.01200747 0.01131593
 0.01187721 0.01543179 0.0107036  0.01086266]",[ 4  6  7 14 16 18 21 25 28 29],100,35,0.050101,1000,100,0.01,0.007,1,10,10,best,9,random
48,idID,True,0.03338142907308355,0.01007938034509941,10,"[0.89388068 0.01261987 0.0109138  0.012064   0.0113692  0.01193312
 0.01004708 0.01550444 0.010754   0.0109138 ]",[ 4  6 14 16 18 21 22 25 28 29],100,31,0.049821,1000,100,0.01,0.007,1,10,10,best,9,random
49,idID,True,0.030862878825744896,0.010036854261869897,10,"[0.89510626 0.01263718 0.01092877 0.01208054 0.01001371 0.01194948
 0.01006085 0.0155257  0.01076874 0.01092877]",[ 4  6 14 16 17 21 22 25 28 29],100,36,0.050312,1000,100,0.01,0.007,1,10,10,best,9,random
50,TID,True,0.0297730542031889,0.01005385888724637,10,"[0.89510626 0.01263718 0.01       0.01092877 0.01208054 0.01194948
 0.01006085 0.0155257  0.01076874 0.01092877]",[ 4  6 10 14 16 21 22 25 28 29],100,42,0.048934,1000,100,0.01,0.007,1,10,10,best,9,random
51,iDR,True,0.02975011252374675,0.010054453061870043,10,"[0.89521494 0.01263871 0.01000121 0.01093009 0.01208201 0.01195093
 0.01006207 0.01552758 0.01066235 0.01093009]",[ 4  6 10 14 16 21 22 25 28 29],100,33,0.046452,1000,100,0.01,0.007,1,10,10,best,9,random
52,TID,True,0.02802645890289312,0.010031404040773403,10,"[0.89521494 0.01263871 0.01000121 0.01093009 0.01208201 0.01195093
 0.01552758 0.01066235 0.01093009 0.01      ]",[ 4  6 10 14 16 21 25 28 29 30],100,34,0.048147,1000,100,0.01,0.007,1,10,10,best,9,random
53,iDR,True,0.028002094652859588,0.010033204993305778,10,"[0.8953787  0.01264102 0.01000304 0.01093209 0.01196338 0.01195312
 0.01553042 0.0106643  0.01093209 0.01000183]",[ 4  6 10 14 16 21 25 28 29 30],100,39,0.04703,1000,100,0.01,0.007,1,10,10,best,9,random
54,idID,True,0.02699404700263165,0.010022168916693922,10,"[0.89621406 0.01265282 0.01001238 0.01094229 0.01000933 0.01197454
 0.01196427 0.01554491 0.01067425 0.01001116]",[ 4  6 10 14 15 16 21 25 28 30],100,43,0.049731,1000,100,0.01,0.007,1,10,10,best,9,random
55,TID,True,0.02589066102392452,0.010044137601218184,10,"[0.89621406 0.01265282 0.01001238 0.01094229 0.01197454 0.01196427
 0.01554491 0.01       0.01067425 0.01001116]",[ 4  6 10 14 16 21 25 27 28 30],100,36,0.048436,1000,100,0.01,0.007,1,10,10,best,9,random
56,iDR,True,0.025863185088859254,0.01004540044315565,10,"[0.89632975 0.01265445 0.01001367 0.0109437  0.01185632 0.01196582
 0.01554692 0.01000129 0.01067562 0.01001245]",[ 4  6 10 14 16 21 25 27 28 30],100,42,0.046518,1000,100,0.01,0.007,1,10,10,best,9,random
57,idID,True,0.025820942883083516,0.010046343496290473,10,"[0.89644319 0.01252949 0.01001494 0.01094509 0.01185782 0.01196733
 0.01554889 0.01000256 0.01067698 0.01001372]",[ 4  6 10 14 16 21 25 27 28 30],100,47,0.048886,1000,100,0.01,0.007,1,10,10,best,9,random
58,TID,True,0.025789638321095376,0.010047418880670664,10,"[0.89656286 0.01252949 0.01001494 0.01094509 0.01185782 0.01184766
 0.01554889 0.01000256 0.01067698 0.01001372]",[ 4  6 10 14 16 21 25 27 28 30],100,38,0.048824,1000,100,0.01,0.007,1,10,10,best,9,random
59,iDR,True,0.02574779230415337,0.010048352873198621,10,"[0.89667521 0.01240575 0.01001619 0.01094646 0.01185931 0.01184914
 0.01555083 0.01000381 0.01067831 0.01001497]",[ 4  6 10 14 16 21 25 27 28 30],100,44,0.04917,1000,100,0.01,0.007,1,10,10,best,9,random
60,idID,True,0.025431099127969183,0.010046373383770252,10,"[0.89752468 0.0124175  0.01000947 0.01002568 0.01187055 0.01186037
 0.01556557 0.01001329 0.01068843 0.01002446]",[ 4  6  9 10 16 21 25 27 28 30],100,46,0.048874,1000,100,0.01,0.007,1,10,10,best,9,random
61,TID,True,0.02534315053433427,0.010041473200979367,10,"[0.89752468 0.0124175  0.01002568 0.01187055 0.01       0.01186037
 0.01556557 0.01001329 0.01068843 0.01002446]",[ 4  6 10 16 20 21 25 27 28 30],100,42,0.047797,1000,100,0.01,0.007,1,10,10,best,9,random
62,iDR,True,0.025319357352510157,0.010042019923029354,10,"[0.89762913 0.01241895 0.01002685 0.01187193 0.01000116 0.01186175
 0.01556738 0.01001445 0.01058278 0.01002563]",[ 4  6 10 16 20 21 25 27 28 30],100,31,0.045302,1000,100,0.01,0.007,1,10,10,best,9,random
63,idID,True,0.025277646015140296,0.010042945003704623,10,"[0.89774062 0.01229629 0.01002809 0.0118734  0.01000241 0.01186322
 0.01556931 0.0100157  0.01058409 0.01002687]",[ 4  6 10 16 20 21 25 27 28 30],100,45,0.04678,1000,100,0.01,0.007,1,10,10,best,9,random
64,idID,True,0.02509631252929449,0.010087122778846406,10,"[0.89774278 0.01229632 0.01000002 0.01002812 0.01187343 0.01186325
 0.01556935 0.01001572 0.01058412 0.0100269 ]",[ 4  6  8 10 16 21 25 27 28 30],100,41,0.048357,1000,100,0.01,0.007,1,10,10,best,9,random
65,TID,True,0.02505230111029088,0.010088139807149921,10,"[0.89786574 0.01217335 0.01000002 0.01002812 0.01187343 0.01186325
 0.01556935 0.01001572 0.01058412 0.0100269 ]",[ 4  6  8 10 16 21 25 27 28 30],100,45,0.045622,1000,100,0.01,0.007,1,10,10,best,9,random
66,iDR,True,0.025011666316098455,0.010089052206306957,10,"[0.89797506 0.01205309 0.01000124 0.01002934 0.01187488 0.01186469
 0.01557124 0.01001694 0.01058541 0.01002812]",[ 4  6  8 10 16 21 25 27 28 30],100,44,0.045462,1000,100,0.01,0.007,1,10,10,best,9,random
67,iDR,True,0.024983907110117106,0.01009021691987825,10,"[0.8980817  0.01205452 0.01000243 0.01003053 0.01175752 0.0118661
 0.01557309 0.01001813 0.01058666 0.01002931]",[ 4  6  8 10 16 21 25 27 28 30],100,46,0.048521,1000,100,0.01,0.007,1,10,10,best,9,random
68,TID,True,0.02495743814966183,0.010090751334594621,10,"[0.89818757 0.01205452 0.01000243 0.01003053 0.01175752 0.0118661
 0.01557309 0.01001813 0.0104808  0.01002931]",[ 4  6  8 10 16 21 25 27 28 30],100,47,0.048192,1000,100,0.01,0.007,1,10,10,best,9,random
69,idID,True,0.024929593558536158,0.010091725865131948,10,"[0.89829416 0.01205595 0.01000362 0.01003172 0.01175892 0.01174884
 0.01557494 0.01001932 0.01048204 0.0100305 ]",[ 4  6  8 10 16 21 25 27 28 30],100,46,0.048656,1000,100,0.01,0.007,1,10,10,best,9,random
70,iDR,True,0.02490208648538519,0.01009287951845834,10,"[0.8983998  0.01205737 0.01000479 0.0100329  0.0116427  0.01175022
 0.01557677 0.0100205  0.01048327 0.01003168]",[ 4  6  8 10 16 21 25 27 28 30],100,51,0.048711,1000,100,0.01,0.007,1,10,10,best,9,random
71,iDR,True,0.02486180695613393,0.01009378379487775,10,"[0.89850814 0.01193823 0.010006   0.01003411 0.0116441  0.01175164
 0.01557865 0.01002171 0.01048454 0.01003289]",[ 4  6  8 10 16 21 25 27 28 30],100,43,0.048307,1000,100,0.01,0.007,1,10,10,best,9,random
72,iDR,True,0.024838108645567195,0.010094232242850582,10,"[0.89860235 0.01193948 0.01000705 0.01003516 0.01164532 0.01175287
 0.01558029 0.01002276 0.01038078 0.01003394]",[ 4  6  8 10 16 21 25 27 28 30],100,40,0.048141,1000,100,0.01,0.007,1,10,10,best,9,random
73,iDR,True,0.024798205187921446,0.010095127838814595,10,"[0.89870966 0.0118215  0.01000824 0.01003636 0.01164671 0.01175427
 0.01558215 0.01002395 0.01038202 0.01003514]",[ 4  6  8 10 16 21 25 27 28 30],100,39,0.048086,1000,100,0.01,0.007,1,10,10,best,9,random
74,iDR,True,0.0247705969621581,0.010096093698251105,10,"[0.8988153  0.01182289 0.01000942 0.01003754 0.01164808 0.0116381
 0.01558398 0.01002513 0.01038324 0.01003632]",[ 4  6  8 10 16 21 25 27 28 30],100,49,0.048573,1000,100,0.01,0.007,1,10,10,best,9,random
75,iDR,True,0.024743251353083973,0.010097050122810512,10,"[0.89891992 0.01182427 0.01001058 0.01003871 0.01164944 0.01152306
 0.01558579 0.0100263  0.01038445 0.01003749]",[ 4  6  8 10 16 21 25 27 28 30],100,44,0.048218,1000,100,0.01,0.007,1,10,10,best,9,random
76,iDR,True,0.02471616599546736,0.010097997202466173,10,"[0.89902352 0.01182563 0.01001174 0.01003986 0.01165078 0.01140914
 0.01558759 0.01002745 0.01038564 0.01003864]",[ 4  6  8 10 16 21 25 27 28 30],100,36,0.047591,1000,100,0.01,0.007,1,10,10,best,9,random
77,iDR,True,0.024692673578348333,0.01009844185780876,10,"[0.8991169  0.01182686 0.01001278 0.01004091 0.01165199 0.01141033
 0.01558921 0.01002849 0.01028286 0.01003969]",[ 4  6  8 10 16 21 25 27 28 30],100,52,0.04842,1000,100,0.01,0.007,1,10,10,best,9,random
78,iDR,True,0.024669405944034033,0.01009888215759658,10,"[0.89920936 0.01182807 0.01001381 0.01004194 0.01165319 0.0114115
 0.01559081 0.01002953 0.01018107 0.01004072]",[ 4  6  8 10 16 21 25 27 28 30],100,40,0.048139,1000,100,0.01,0.007,1,10,10,best,9,random
79,iDR,True,0.024642100173627716,0.01010002627082432,10,"[0.89931416 0.01182945 0.01001498 0.01004311 0.011538   0.01141283
 0.01559263 0.0100307  0.01018226 0.01004189]",[ 4  6  8 10 16 21 25 27 28 30],100,37,0.047659,1000,100,0.01,0.007,1,10,10,best,9,random
80,idID,True,0.0246025295773655,0.010100914297664312,10,"[0.89942056 0.01171254 0.01001616 0.0100443  0.01153937 0.01141418
 0.01559447 0.01003188 0.01018347 0.01004308]",[ 4  6  8 10 16 21 25 27 28 30],100,52,0.048935,1000,100,0.01,0.007,1,10,10,best,9,random
81,iDR,True,0.02457567815626881,0.010101852868796817,10,"[0.89952323 0.01171388 0.0100173  0.01004544 0.01154068 0.01130133
 0.01559625 0.01003303 0.01018463 0.01004422]",[ 4  6  8 10 16 21 25 27 28 30],100,49,0.048456,1000,100,0.01,0.007,1,10,10,best,9,random
82,idID,True,0.024548615960779237,0.010102986277855887,10,"[0.89962705 0.01171523 0.01001846 0.0100466  0.0114266  0.01130263
 0.01559805 0.01003419 0.0101858  0.01004538]",[ 4  6  8 10 16 21 25 27 28 30],100,45,0.048517,1000,100,0.01,0.007,1,10,10,best,9,random
83,iDR,True,0.0245218114326853,0.010104108610578881,10,"[0.89972986 0.01171657 0.0100196  0.01004775 0.01131362 0.01130392
 0.01559983 0.01003533 0.01018697 0.01004653]",[ 4  6  8 10 16 21 25 27 28 30],100,42,0.048129,1000,100,0.01,0.007,1,10,10,best,9,random
84,iDR,True,0.024495202019907663,0.010105038475639363,10,"[0.89983158 0.0117179  0.01002074 0.01004889 0.0113149  0.01119215
 0.0156016  0.01003647 0.01018812 0.01004767]",[ 4  6  8 10 16 21 25 27 28 30],100,53,0.049451,1000,100,0.01,0.007,1,10,10,best,9,random
85,iDR,True,0.02446864603382462,0.010106150068628113,10,"[0.8999334  0.01171922 0.01002187 0.01005002 0.01120302 0.01119342
 0.01560336 0.0100376  0.01018927 0.0100488 ]",[ 4  6  8 10 16 21 25 27 28 30],100,47,0.049232,1000,100,0.01,0.007,1,10,10,best,9,random
86,TID,True,0.024444819533178463,0.01010640777431316,10,"[0.8999334  0.01160203 0.01002187 0.01005002 0.01120302 0.01119342
 0.01572056 0.0100376  0.01018927 0.0100488 ]",[ 4  6  8 10 16 21 25 27 28 30],100,44,0.048224,1000,100,0.01,0.007,1,10,10,best,9,random
87,idID,True,0.023499240723225394,0.010132144103368016,10,"[0.90137744 0.01003795 0.01006615 0.01001605 0.011221   0.01121138
 0.01574578 0.01005371 0.01020562 0.01006493]",[ 4  8 10 14 16 21 25 27 28 30],100,45,0.048338,1000,100,0.01,0.007,1,10,10,best,9,random
88,idID,True,0.023262675492543523,0.0101406532781363,10,"[0.9013919  0.01003811 0.01006631 0.01122118 0.01000016 0.01121156
 0.01574603 0.01005387 0.01020579 0.01006509]",[ 4  8 10 16 19 21 25 27 28 30],100,49,0.048272,1000,100,0.01,0.007,1,10,10,best,9,random
89,idID,True,0.023239386101572373,0.010141094585970848,10,"[0.9014839  0.01003914 0.01006734 0.01122232 0.01000118 0.0112127
 0.01574764 0.0100549  0.01010476 0.01006612]",[ 4  8 10 16 19 21 25 27 28 30],100,54,0.045841,1000,100,0.01,0.007,1,10,10,best,9,random
90,iDR,True,0.023212763333461395,0.010142021093795656,10,"[0.901585   0.01004026 0.01006847 0.01122358 0.0100023  0.01110182
 0.01574941 0.01005602 0.01010589 0.01006725]",[ 4  8 10 16 19 21 25 27 28 30],100,51,0.048174,1000,100,0.01,0.007,1,10,10,best,9,random
91,iDR,True,0.023186230949964262,0.010143127865486065,10,"[0.9016862  0.01004139 0.0100696  0.01111259 0.01000343 0.01110306
 0.01575117 0.01005715 0.01010703 0.01006838]",[ 4  8 10 16 19 21 25 27 28 30],100,48,0.047791,1000,100,0.01,0.007,1,10,10,best,9,random
92,iDR,True,0.023163153929398734,0.010143565152585634,10,"[0.90177734 0.01004241 0.01007062 0.01111372 0.01000444 0.01110419
 0.01575277 0.01005817 0.01000697 0.01006939]",[ 4  8 10 16 19 21 25 27 28 30],100,43,0.047596,1000,100,0.01,0.007,1,10,10,best,9,random
93,iDR,True,0.023136773968445698,0.010144482967269181,10,"[0.90187749 0.01004352 0.01007174 0.01111495 0.01000555 0.01099437
 0.01575452 0.01005929 0.01000808 0.01007051]",[ 4  8 10 16 19 21 25 27 28 30],100,58,0.047951,1000,100,0.01,0.007,1,10,10,best,9,random
94,TID,True,0.02279939786751316,0.010074433314532219,10,"[0.90187749 0.01007174 0.01       0.01111495 0.01000555 0.01099437
 0.01575452 0.01005929 0.01000808 0.01007051]",[ 4 10 15 16 19 21 25 27 28 30],100,52,0.047496,1000,100,0.01,0.007,1,10,10,best,9,random
95,iDR,True,0.02277504529908752,0.010075960425382217,10,"[0.902017   0.01007329 0.01000155 0.0110055  0.0100071  0.01099607
 0.01575695 0.01006084 0.01000963 0.01007207]",[ 4 10 15 16 19 21 25 27 28 30],100,62,0.046079,1000,100,0.01,0.007,1,10,10,best,9,random
96,iDR,True,0.02274861885348275,0.010076861867742343,10,"[0.9021162  0.0100744  0.01000265 0.01100671 0.0100082  0.0108873
 0.01575869 0.01006195 0.01001073 0.01007318]",[ 4 10 15 16 19 21 25 27 28 30],100,50,0.047188,1000,100,0.01,0.007,1,10,10,best,9,random
97,iDR,True,0.022722526355135664,0.01007794007876366,10,"[0.9022155  0.01007551 0.01000375 0.01089785 0.0100093  0.0108885
 0.01576042 0.01006306 0.01001183 0.01007429]",[ 4 10 15 16 19 21 25 27 28 30],100,53,0.04812,1000,100,0.01,0.007,1,10,10,best,9,random
98,iDR,True,0.022696345671836097,0.010078832917709354,10,"[0.90231375 0.01007661 0.01000484 0.01089903 0.01001039 0.01078079
 0.01576214 0.01006415 0.01001292 0.01007538]",[ 4 10 15 16 19 21 25 27 28 30],100,51,0.047955,1000,100,0.01,0.007,1,10,10,best,9,random
99,iDR,True,0.022675156595728437,0.010079666209293403,10,"[0.902456   0.0100782  0.01000641 0.01090075 0.01001197 0.01078249
 0.01560698 0.01006574 0.0100145  0.01007697]",[ 4 10 15 16 19 21 25 27 28 30],100,54,0.047131,1000,100,0.01,0.007,1,10,10,best,9,random
100,TID,True,0.02264683938505202,0.010080635123852799,10,"[0.90256382 0.0100782  0.01000641 0.01090075 0.01001197 0.01067467
 0.01560698 0.01006574 0.0100145  0.01007697]",[ 4 10 15 16 19 21 25 27 28 30],100,51,0.047138,1000,100,0.01,0.007,1,10,10,best,9,random
101,idID,True,0.022620976170026237,0.010081703365057572,10,"[0.90266222 0.01007929 0.01000751 0.01079292 0.01001306 0.01067583
 0.01560868 0.01006684 0.01001559 0.01007807]",[ 4 10 15 16 19 21 25 27 28 30],100,54,0.047261,1000,100,0.01,0.007,1,10,10,best,9,random
102,TID,True,0.022552978264361256,0.010104780677421526,10,"[0.90266222 0.01       0.01007929 0.01000751 0.01079292 0.01067583
 0.01560868 0.01006684 0.01001559 0.01007807]",[ 4  8 10 15 16 21 25 27 28 30],100,63,0.048672,1000,100,0.01,0.007,1,10,10,best,9,random
103,iDR,True,0.02252804890123222,0.010105972926652261,10,"[0.90277144 0.01000121 0.01008051 0.01000872 0.01068628 0.01067712
 0.01561057 0.01006805 0.0100168  0.01007929]",[ 4  8 10 15 16 21 25 27 28 30],100,57,0.045434,1000,100,0.01,0.007,1,10,10,best,9,random
104,idID,True,0.022502620313174022,0.010106851424281488,10,"[0.90286784 0.01000228 0.01008159 0.01000979 0.01068742 0.01057148
 0.01561223 0.01006913 0.01001787 0.01008037]",[ 4  8 10 15 16 21 25 27 28 30],100,59,0.047553,1000,100,0.01,0.007,1,10,10,best,9,random
105,iDR,True,0.022477434804172868,0.010107721321765633,10,"[0.9029633  0.01000334 0.01008266 0.01001084 0.01068855 0.01046687
 0.01561388 0.01007019 0.01001893 0.01008143]",[ 4  8 10 15 16 21 25 27 28 30],100,51,0.048332,1000,100,0.01,0.007,1,10,10,best,9,random
106,iDR,True,0.022452490161148506,0.010108582701485467,10,"[0.90305782 0.01000438 0.01008371 0.01001189 0.01068967 0.01036329
 0.01561552 0.01007125 0.01001998 0.01008249]",[ 4  8 10 15 16 21 25 27 28 30],100,51,0.047969,1000,100,0.01,0.007,1,10,10,best,9,random
107,iDR,True,0.022427197433912742,0.010109633243346527,10,"[0.90315437 0.01000545 0.01008479 0.01001296 0.01058391 0.01036439
 0.01561719 0.01007232 0.01002105 0.01008357]",[ 4  8 10 15 16 21 25 27 28 30],100,62,0.047985,1000,100,0.01,0.007,1,10,10,best,9,random
108,TID,True,0.022400238136707246,0.01011056458778189,10,"[0.90325801 0.01000545 0.01008479 0.01001296 0.01058391 0.01026075
 0.01561719 0.01007232 0.01002105 0.01008357]",[ 4  8 10 15 16 21 25 27 28 30],100,54,0.048079,1000,100,0.01,0.007,1,10,10,best,9,random
109,idID,True,0.022375764975982166,0.010111409294714938,10,"[0.9033507  0.01000648 0.01008582 0.01001399 0.01058499 0.01015918
 0.01561879 0.01007336 0.01002208 0.0100846 ]",[ 4  8 10 15 16 21 25 27 28 30],100,50,0.047677,1000,100,0.01,0.007,1,10,10,best,9,random
110,TID,True,0.02235147279604467,0.01011235766764651,10,"[0.90350689 0.01000648 0.01008582 0.01001399 0.01058499 0.01015918
 0.0154626  0.01007336 0.01002208 0.0100846 ]",[ 4  8 10 15 16 21 25 27 28 30],100,56,0.048525,1000,100,0.01,0.007,1,10,10,best,9,random
111,iDR,True,0.022330757946286372,0.010113180305960626,10,"[0.90364662 0.01000803 0.01008738 0.01001554 0.01058663 0.01016076
 0.01531034 0.01007492 0.01002363 0.01008616]",[ 4  8 10 15 16 21 25 27 28 30],100,55,0.048129,1000,100,0.01,0.007,1,10,10,best,9,random
112,iDR,True,0.022305682995633142,0.010114221206915385,10,"[0.90374229 0.01000909 0.01008845 0.0100166  0.01048187 0.01016183
 0.01531196 0.01007598 0.01002469 0.01008723]",[ 4  8 10 15 16 21 25 27 28 30],100,59,0.04822,1000,100,0.01,0.007,1,10,10,best,9,random
113,iDR,True,0.022285152894360224,0.010115036115197214,10,"[0.90388069 0.01001062 0.01009    0.01001813 0.01048348 0.01016339
 0.01516117 0.01007753 0.01002623 0.01008877]",[ 4  8 10 15 16 21 25 27 28 30],100,60,0.04871,1000,100,0.01,0.007,1,10,10,best,9,random
114,iDR,True,0.02226030909882722,0.010116067067588212,10,"[0.90397546 0.01001167 0.01009106 0.01001918 0.01037973 0.01016445
 0.01516276 0.01007858 0.01002728 0.01008983]",[ 4  8 10 15 16 21 25 27 28 30],100,53,0.047623,1000,100,0.01,0.007,1,10,10,best,9,random
115,idID,True,0.022235702993626674,0.010117087923427508,10,"[0.9040693  0.01001271 0.0100921  0.01002022 0.010277   0.01016551
 0.01516433 0.01007963 0.01002832 0.01009088]",[ 4  8 10 15 16 21 25 27 28 30],100,58,0.048198,1000,100,0.01,0.007,1,10,10,best,9,random
116,iDR,True,0.022211428234341066,0.01011792545211384,10,"[0.90416121 0.01001373 0.01009313 0.01002124 0.01027805 0.01006488
 0.01516587 0.01008065 0.01002934 0.0100919 ]",[ 4  8 10 15 16 21 25 27 28 30],100,58,0.047464,1000,100,0.01,0.007,1,10,10,best,9,random
117,iDR,True,0.02219106575118889,0.010118733145966584,10,"[0.90429836 0.01001524 0.01009466 0.01002276 0.01027961 0.0100664
 0.01501649 0.01008218 0.01003086 0.01009343]",[ 4  8 10 15 16 21 25 27 28 30],100,59,0.048143,1000,100,0.01,0.007,1,10,10,best,9,random
118,iDR,True,0.02216668113874367,0.010119744427325763,10,"[0.90439133 0.01001627 0.0100957  0.01002379 0.01017786 0.01006744
 0.01501803 0.01008322 0.01003189 0.01009447]",[ 4  8 10 15 16 21 25 27 28 30],100,58,0.047945,1000,100,0.01,0.007,1,10,10,best,9,random
119,idID,True,0.022142530031063215,0.010120745800716455,10,"[0.90448338 0.01001729 0.01009673 0.01002481 0.0100771  0.01006846
 0.01501956 0.01008425 0.01003291 0.0100955 ]",[ 4  8 10 15 16 21 25 27 28 30],100,51,0.046962,1000,100,0.01,0.007,1,10,10,best,9,random
120,iDR,True,0.022122341428950774,0.010121546125046347,10,"[0.90461925 0.0100188  0.01009824 0.01002632 0.01007862 0.01006998
 0.0148716  0.01008576 0.01003442 0.01009702]",[ 4  8 10 15 16 21 25 27 28 30],100,64,0.047448,1000,100,0.01,0.007,1,10,10,best,9,random
121,iDR,False,0.022102341776099606,0.010122338683020034,10,"[0.9047538  0.01002029 0.01009974 0.01002781 0.01008012 0.01007147
 0.01472507 0.01008726 0.01003591 0.01009852]",[ 4  8 10 15 16 21 25 27 28 30],100,52,0.046531,1000,100,0.01,0.007,1,10,10,best,9,random
122,iDR,True,0.022082529431754594,0.010123123547690653,10,"[0.90488705 0.01002176 0.01010123 0.01002929 0.0100816  0.01007296
 0.01457997 0.01008875 0.01003739 0.01010001]",[ 4  8 10 15 16 21 25 27 28 30],100,66,0.048295,1000,100,0.01,0.007,1,10,10,best,9,random
123,idID,True,0.022062902766869973,0.010123900791469515,10,"[0.905019   0.01002323 0.0101027  0.01003075 0.01008307 0.01007443
 0.01443628 0.01009022 0.01003885 0.01010148]",[ 4  8 10 15 16 21 25 27 28 30],100,56,0.047153,1000,100,0.01,0.007,1,10,10,best,9,random
124,iDR,True,0.022042936870426473,0.01012468311893546,10,"[0.90511043 0.01002424 0.01010373 0.01003176 0.01008409 0.01007544
 0.01443773 0.01009124 0.01003987 0.01000147]",[ 4  8 10 15 16 21 25 27 28 30],100,58,0.047748,1000,100,0.01,0.007,1,10,10,best,9,random
125,TID,True,0.022020406873121443,0.010125559778163557,10,"[0.90525481 0.01002424 0.01010373 0.01003176 0.01008409 0.01007544
 0.01429336 0.01009124 0.01003987 0.01000147]",[ 4  8 10 15 16 21 25 27 28 30],100,57,0.047768,1000,100,0.01,0.007,1,10,10,best,9,random
126,iDR,True,0.022001142378982028,0.010126322088928611,10,"[0.90538422 0.01002567 0.01010517 0.0100332  0.01008553 0.01007688
 0.01415245 0.01009268 0.0100413  0.0100029 ]",[ 4  8 10 15 16 21 25 27 28 30],100,68,0.048051,1000,100,0.01,0.007,1,10,10,best,9,random
127,idID,False,0.021981928637031172,0.010127133951782436,10,"[0.90547572 0.01002668 0.01000513 0.01003421 0.01008655 0.0100779
 0.01415388 0.0100937  0.01004232 0.01000391]",[ 4  8 10 15 16 21 25 27 28 30],100,61,0.04722,1000,100,0.01,0.007,1,10,10,best,9,random
128,iDR,True,0.021962839714516274,0.010127889045391624,10,"[0.9056039  0.0100281  0.01000655 0.01003563 0.01008798 0.01007933
 0.01401432 0.01009513 0.01004374 0.01000533]",[ 4  8 10 15 16 21 25 27 28 30],100,60,0.046852,1000,100,0.01,0.007,1,10,10,best,9,random
129,iDR,True,0.02194393016370017,0.01012863679867851,10,"[0.90573083 0.01002951 0.01000795 0.01003704 0.01008939 0.01008074
 0.01387612 0.01009654 0.01004515 0.01000673]",[ 4  8 10 15 16 21 25 27 28 30],100,56,0.046848,1000,100,0.01,0.007,1,10,10,best,9,random
130,TID,True,0.02192224949727424,0.010129479356853604,10,"[0.90586959 0.01002951 0.01000795 0.01003704 0.01008939 0.01008074
 0.01373736 0.01009654 0.01004515 0.01000673]",[ 4  8 10 15 16 21 25 27 28 30],100,67,0.047355,1000,100,0.01,0.007,1,10,10,best,9,random
131,iDR,True,0.021903695835384644,0.010130212549038177,10,"[0.90599405 0.01003089 0.01000932 0.01003842 0.01009078 0.01008213
 0.01360186 0.01009793 0.01004653 0.01000811]",[ 4  8 10 15 16 21 25 27 28 30],100,61,0.04631,1000,100,0.01,0.007,1,10,10,best,9,random
132,iDR,True,0.021885316848479396,0.010130938607786124,10,"[0.9061173  0.01003225 0.01001068 0.01003978 0.01009215 0.0100835
 0.01346767 0.0100993  0.01004789 0.01000947]",[ 4  8 10 15 16 21 25 27 28 30],100,66,0.047845,1000,100,0.01,0.007,1,10,10,best,9,random
133,iDR,False,0.021867110999273697,0.010131657600561358,10,"[0.90623935 0.0100336  0.01001203 0.01004113 0.01009351 0.01008486
 0.01333479 0.01010066 0.01004925 0.01001082]",[ 4  8 10 15 16 21 25 27 28 30],100,53,0.04746,1000,100,0.01,0.007,1,10,10,best,9,random
134,TID,True,0.021846251806312028,0.010132467288946236,10,"[0.90637269 0.0100336  0.01001203 0.01004113 0.01009351 0.01008486
 0.01320144 0.01010066 0.01004925 0.01001082]",[ 4  8 10 15 16 21 25 27 28 30],100,62,0.047269,1000,100,0.01,0.007,1,10,10,best,9,random
135,idID,False,0.021828389382550842,0.010133172268640663,10,"[0.90649237 0.01003493 0.01001335 0.01004246 0.01009484 0.01008619
 0.01307115 0.010102   0.01005057 0.01001214]",[ 4  8 10 15 16 21 25 27 28 30],100,58,0.046311,1000,100,0.01,0.007,1,10,10,best,9,random
136,TID,True,0.021813180983970674,0.010134033665952539,10,"[0.90659339 0.01003493 0.01001335 0.01004246 0.01009484 0.01008619
 0.01307115 0.01000098 0.01005057 0.01001214]",[ 4  8 10 15 16 21 25 27 28 30],100,55,0.047337,1000,100,0.01,0.007,1,10,10,best,9,random
137,iDR,True,0.02179548270191991,0.01013473189185972,10,"[0.9067119  0.01003624 0.01001466 0.01004377 0.01009616 0.01008751
 0.01294213 0.01000228 0.01005189 0.01001345]",[ 4  8 10 15 16 21 25 27 28 30],100,67,0.045232,1000,100,0.01,0.007,1,10,10,best,9,random
138,iDR,False,0.021777951549972883,0.010135423315358095,10,"[0.90682927 0.01003754 0.01001596 0.01004507 0.01009747 0.01008881
 0.01281437 0.01000358 0.01005319 0.01001474]",[ 4  8 10 15 16 21 25 27 28 30],100,62,0.047357,1000,100,0.01,0.007,1,10,10,best,9,random
139,iDR,True,0.021760586047131793,0.010136108000961187,10,"[0.90694549 0.01003883 0.01001724 0.01004636 0.01009876 0.0100901
 0.01268785 0.01000486 0.01005448 0.01001603]",[ 4  8 10 15 16 21 25 27 28 30],100,63,0.047628,1000,100,0.01,0.007,1,10,10,best,9,random
140,iDR,False,0.021743384723589183,0.010136786012605254,10,"[0.90706057 0.0100401  0.01001851 0.01004763 0.01010004 0.01009139
 0.01256257 0.01000613 0.01005575 0.0100173 ]",[ 4  8 10 15 16 21 25 27 28 30],100,49,0.047126,1000,100,0.01,0.007,1,10,10,best,9,random
141,iDR,False,0.02172634612068315,0.010137457413653756,10,"[0.90717454 0.01004136 0.01001977 0.0100489  0.01010131 0.01009265
 0.0124385  0.01000739 0.01005702 0.01001856]",[ 4  8 10 15 16 21 25 27 28 30],100,65,0.047353,1000,100,0.01,0.007,1,10,10,best,9,random
142,iDR,True,0.021702279265577468,0.010138453044919135,10,"[0.90726618 0.01004238 0.01002079 0.01004991 0.01000131 0.01009367
 0.01243976 0.0100084  0.01005803 0.01001957]",[ 4  8 10 15 16 21 25 27 28 30],100,45,0.046067,1000,100,0.01,0.007,1,10,10,best,9,random
143,iDR,False,0.021685395114153422,0.010139118089210808,10,"[0.90737906 0.01004362 0.01002203 0.01005116 0.01000256 0.01009493
 0.0123169  0.01000964 0.01005928 0.01002082]",[ 4  8 10 15 16 21 25 27 28 30],100,65,0.047664,1000,100,0.01,0.007,1,10,10,best,9,random
144,iDR,False,0.02166867086393185,0.010139776646086134,10,"[0.90749083 0.01004486 0.01002327 0.0100524  0.01000379 0.01009617
 0.01219523 0.01001088 0.01006052 0.01002205]",[ 4  8 10 15 16 21 25 27 28 30],100,65,0.04704,1000,100,0.01,0.007,1,10,10,best,9,random
145,TID,True,0.021649542844024792,0.010140517140348968,10,"[0.90761278 0.01004486 0.01002327 0.0100524  0.01000379 0.01009617
 0.01207328 0.01001088 0.01006052 0.01002205]",[ 4  8 10 15 16 21 25 27 28 30],100,57,0.046133,1000,100,0.01,0.007,1,10,10,best,9,random
146,iDR,True,0.02163313558121119,0.010141162838810735,10,"[0.90772238 0.01004607 0.01002448 0.01005361 0.010005   0.01009739
 0.01195399 0.01001209 0.01006174 0.01002326]",[ 4  8 10 15 16 21 25 27 28 30],100,62,0.047045,1000,100,0.01,0.007,1,10,10,best,9,random
147,iDR,False,0.02161688396155629,0.010141802233907796,10,"[0.9078309  0.01004728 0.01002568 0.01005482 0.01000619 0.0100986
 0.01183586 0.01001328 0.01006294 0.01002446]",[ 4  8 10 15 16 21 25 27 28 30],100,56,0.045749,1000,100,0.01,0.007,1,10,10,best,9,random
148,iDR,False,0.021600786591819937,0.010142435385670771,10,"[0.90793836 0.01004847 0.01002686 0.01005601 0.01000738 0.01009979
 0.01171889 0.01001447 0.01006413 0.01002565]",[ 4  8 10 15 16 21 25 27 28 30],100,67,0.046955,1000,100,0.01,0.007,1,10,10,best,9,random
149,iDR,False,0.02158484208957925,0.010143062353588151,10,"[0.90804477 0.01004964 0.01002804 0.01005719 0.01000855 0.01010098
 0.01160306 0.01001564 0.01006531 0.01002682]",[ 4  8 10 15 16 21 25 27 28 30],100,69,0.04742,1000,100,0.01,0.007,1,10,10,best,9,random
150,iDR,True,0.02156904908317875,0.010143683196610624,10,"[0.90815015 0.01005081 0.0100292  0.01005835 0.01000971 0.01010215
 0.01148836 0.0100168  0.01006648 0.01002798]",[ 4  8 10 15 16 21 25 27 28 30],100,65,0.047582,1000,100,0.01,0.007,1,10,10,best,9,random
151,iDR,True,0.021544814949456932,0.010144518191620055,10,"[0.9082419  0.01005182 0.01003021 0.01005937 0.01001072 0.01000214
 0.01148952 0.01001782 0.0100675  0.010029  ]",[ 4  8 10 15 16 21 25 27 28 30],100,61,0.047711,1000,100,0.01,0.007,1,10,10,best,9,random
152,iDR,True,0.021529166583177186,0.010145133126231798,10,"[0.90834626 0.01005298 0.01003137 0.01006052 0.01001187 0.01000329
 0.01137594 0.01001897 0.01006865 0.01003015]",[ 4  8 10 15 16 21 25 27 28 30],100,64,0.046624,1000,100,0.01,0.007,1,10,10,best,9,random
153,iDR,True,0.02151366705378674,0.010145742050722845,10,"[0.90844961 0.01005412 0.01003251 0.01006167 0.01001301 0.01000443
 0.01126346 0.01002011 0.0100698  0.01003129]",[ 4  8 10 15 16 21 25 27 28 30],100,69,0.047075,1000,100,0.01,0.007,1,10,10,best,9,random
154,iDR,False,0.021498315021155887,0.010146345022470403,10,"[0.90855194 0.01005526 0.01003364 0.0100628  0.01001414 0.01000555
 0.01115208 0.01002124 0.01007093 0.01003242]",[ 4  8 10 15 16 21 25 27 28 30],100,54,0.046925,1000,100,0.01,0.007,1,10,10,best,9,random
155,iDR,False,0.02148310915572067,0.010146942098330742,10,"[0.90865328 0.01005638 0.01003476 0.01006393 0.01001526 0.01000667
 0.01104179 0.01002235 0.01007206 0.01003354]",[ 4  8 10 15 16 21 25 27 28 30],100,60,0.046828,1000,100,0.01,0.007,1,10,10,best,9,random
156,iDR,False,0.0214680481384304,0.010147533334643407,10,"[0.90875362 0.01005749 0.01003587 0.01006504 0.01001636 0.01000777
 0.01093258 0.01002346 0.01007317 0.01003465]",[ 4  8 10 15 16 21 25 27 28 30],100,63,0.047733,1000,100,0.01,0.007,1,10,10,best,9,random
157,iDR,False,0.02145313066069467,0.010148118787235394,10,"[0.90885298 0.01005859 0.01003696 0.01006614 0.01001746 0.01000887
 0.01082444 0.01002456 0.01007427 0.01003574]",[ 4  8 10 15 16 21 25 27 28 30],100,67,0.046708,1000,100,0.01,0.007,1,10,10,best,9,random
158,iDR,False,0.021438355424329893,0.010148698511425285,10,"[0.90895137 0.01005968 0.01003805 0.01006723 0.01001854 0.01000995
 0.01071735 0.01002564 0.01007536 0.01003683]",[ 4  8 10 15 16 21 25 27 28 30],100,63,0.046986,1000,100,0.01,0.007,1,10,10,best,9,random
159,iDR,False,0.02142372114150561,0.01014927256202738,10,"[0.90904879 0.01006075 0.01003913 0.01006831 0.01001962 0.01001102
 0.01061132 0.01002672 0.01007644 0.01003791]",[ 4  8 10 15 16 21 25 27 28 30],100,66,0.047253,1000,100,0.01,0.007,1,10,10,best,9,random
160,iDR,False,0.021409226534690247,0.01014984099335583,10,"[0.90914527 0.01006182 0.01004019 0.01006937 0.01002068 0.01001209
 0.01050632 0.01002778 0.01007751 0.01003897]",[ 4  8 10 15 16 21 25 27 28 30],100,58,0.046373,1000,100,0.01,0.007,1,10,10,best,9,random
161,iDR,False,0.021394870336596622,0.01015040385922867,10,"[0.90924079 0.01006288 0.01004125 0.01007043 0.01002173 0.01001314
 0.01040235 0.01002883 0.01007857 0.01004003]",[ 4  8 10 15 16 21 25 27 28 30],100,66,0.047137,1000,100,0.01,0.007,1,10,10,best,9,random
162,iDR,True,0.021380651290127117,0.010150961212971914,10,"[0.90933539 0.01006393 0.01004229 0.01007148 0.01002277 0.01001418
 0.0102994  0.01002988 0.01007962 0.01004107]",[ 4  8 10 15 16 21 25 27 28 30],100,57,0.046479,1000,100,0.01,0.007,1,10,10,best,9,random
163,iDR,True,0.0213665681483185,0.01015151310742359,10,"[0.90942905 0.01006496 0.01004333 0.01007252 0.01002381 0.01001521
 0.01019745 0.01003091 0.01008066 0.01004211]",[ 4  8 10 15 16 21 25 27 28 30],100,74,0.047543,1000,100,0.01,0.007,1,10,10,best,9,random
164,TID,True,0.021350504348588335,0.010152132296691221,10,"[0.90953103 0.01006496 0.01004333 0.01007252 0.01002381 0.01001521
 0.01009548 0.01003091 0.01008066 0.01004211]",[ 4  8 10 15 16 21 25 27 28 30],100,65,0.046948,1000,100,0.01,0.007,1,10,10,best,9,random
165,iDR,False,0.021350504348588335,0.010152132296691221,10,"[0.90953103 0.01006496 0.01004333 0.01007252 0.01002381 0.01001521
 0.01009548 0.01003091 0.01008066 0.01004211]",[ 4  8 10 15 16 21 25 27 28 30],100,68,0.047424,1000,100,0.01,0.007,1,10,10,best,9,random
166,iDR,False,0.021350504348588335,0.010152132296691221,10,"[0.90953103 0.01006496 0.01004333 0.01007252 0.01002381 0.01001521
 0.01009548 0.01003091 0.01008066 0.01004211]",[ 4  8 10 15 16 21 25 27 28 30],100,64,0.047075,1000,100,0.01,0.007,1,10,10,best,9,random
167,iDR,False,0.021350504348588335,0.010152132296691221,10,"[0.90953103 0.01006496 0.01004333 0.01007252 0.01002381 0.01001521
 0.01009548 0.01003091 0.01008066 0.01004211]",[ 4  8 10 15 16 21 25 27 28 30],100,59,0.046777,1000,100,0.01,0.007,1,10,10,best,9,random
168,iDR,False,0.021350504348588335,0.010152132296691221,10,"[0.90953103 0.01006496 0.01004333 0.01007252 0.01002381 0.01001521
 0.01009548 0.01003091 0.01008066 0.01004211]",[ 4  8 10 15 16 21 25 27 28 30],100,65,0.04738,1000,100,0.01,0.007,1,10,10,best,9,random
169,iDR,False,0.021350504348588335,0.010152132296691221,10,"[0.90953103 0.01006496 0.01004333 0.01007252 0.01002381 0.01001521
 0.01009548 0.01003091 0.01008066 0.01004211]",[ 4  8 10 15 16 21 25 27 28 30],100,69,0.047957,1000,100,0.01,0.007,1,10,10,best,9,random
170,iDR,False,0.021350504348588335,0.010152132296691221,10,"[0.90953103 0.01006496 0.01004333 0.01007252 0.01002381 0.01001521
 0.01009548 0.01003091 0.01008066 0.01004211]",[ 4  8 10 15 16 21 25 27 28 30],100,64,0.046225,1000,100,0.01,0.007,1,10,10,best,9,random
171,iDR,False,0.021350504348588335,0.010152132296691221,10,"[0.90953103 0.01006496 0.01004333 0.01007252 0.01002381 0.01001521
 0.01009548 0.01003091 0.01008066 0.01004211]",[ 4  8 10 15 16 21 25 27 28 30],100,66,0.047023,1000,100,0.01,0.007,1,10,10,best,9,random
172,iDR,False,0.021350504348588335,0.010152132296691221,10,"[0.90953103 0.01006496 0.01004333 0.01007252 0.01002381 0.01001521
 0.01009548 0.01003091 0.01008066 0.01004211]",[ 4  8 10 15 16 21 25 27 28 30],100,64,0.047776,1000,100,0.01,0.007,1,10,10,best,9,random
173,iDR,False,0.021350504348588335,0.010152132296691221,10,"[0.90953103 0.01006496 0.01004333 0.01007252 0.01002381 0.01001521
 0.01009548 0.01003091 0.01008066 0.01004211]",[ 4  8 10 15 16 21 25 27 28 30],100,61,0.046095,1000,100,0.01,0.007,1,10,10,best,9,random
174,iDR,False,0.021350504348588335,0.010152132296691221,10,"[0.90953103 0.01006496 0.01004333 0.01007252 0.01002381 0.01001521
 0.01009548 0.01003091 0.01008066 0.01004211]",[ 4  8 10 15 16 21 25 27 28 30],100,60,0.046447,1000,100,0.01,0.007,1,10,10,best,9,random
175,iDR,False,0.021350504348588335,0.010152132296691221,10,"[0.90953103 0.01006496 0.01004333 0.01007252 0.01002381 0.01001521
 0.01009548 0.01003091 0.01008066 0.01004211]",[ 4  8 10 15 16 21 25 27 28 30],100,61,0.046273,1000,100,0.01,0.007,1,10,10,best,9,random
176,iDR,False,0.021350504348588335,0.010152132296691221,10,"[0.90953103 0.01006496 0.01004333 0.01007252 0.01002381 0.01001521
 0.01009548 0.01003091 0.01008066 0.01004211]",[ 4  8 10 15 16 21 25 27 28 30],100,73,0.04712,1000,100,0.01,0.007,1,10,10,best,9,random
177,iDR,False,0.021350504348588335,0.010152132296691221,10,"[0.90953103 0.01006496 0.01004333 0.01007252 0.01002381 0.01001521
 0.01009548 0.01003091 0.01008066 0.01004211]",[ 4  8 10 15 16 21 25 27 28 30],100,64,0.046626,1000,100,0.01,0.007,1,10,10,best,9,random
178,iDR,False,0.021350504348588335,0.010152132296691221,10,"[0.90953103 0.01006496 0.01004333 0.01007252 0.01002381 0.01001521
 0.01009548 0.01003091 0.01008066 0.01004211]",[ 4  8 10 15 16 21 25 27 28 30],100,68,0.047236,1000,100,0.01,0.007,1,10,10,best,9,random
179,iDR,False,0.021350504348588335,0.010152132296691221,10,"[0.90953103 0.01006496 0.01004333 0.01007252 0.01002381 0.01001521
 0.01009548 0.01003091 0.01008066 0.01004211]",[ 4  8 10 15 16 21 25 27 28 30],100,74,0.04795,1000,100,0.01,0.007,1,10,10,best,9,random
180,iDR,False,0.021350504348588335,0.010152132296691221,10,"[0.90953103 0.01006496 0.01004333 0.01007252 0.01002381 0.01001521
 0.01009548 0.01003091 0.01008066 0.01004211]",[ 4  8 10 15 16 21 25 27 28 30],100,63,0.046207,1000,100,0.01,0.007,1,10,10,best,9,random
181,iDR,False,0.021350504348588335,0.010152132296691221,10,"[0.90953103 0.01006496 0.01004333 0.01007252 0.01002381 0.01001521
 0.01009548 0.01003091 0.01008066 0.01004211]",[ 4  8 10 15 16 21 25 27 28 30],100,65,0.046635,1000,100,0.01,0.007,1,10,10,best,9,random
182,iDR,False,0.021350504348588335,0.010152132296691221,10,"[0.90953103 0.01006496 0.01004333 0.01007252 0.01002381 0.01001521
 0.01009548 0.01003091 0.01008066 0.01004211]",[ 4  8 10 15 16 21 25 27 28 30],100,65,0.046742,1000,100,0.01,0.007,1,10,10,best,9,random
183,iDR,False,0.021350504348588335,0.010152132296691221,10,"[0.90953103 0.01006496 0.01004333 0.01007252 0.01002381 0.01001521
 0.01009548 0.01003091 0.01008066 0.01004211]",[ 4  8 10 15 16 21 25 27 28 30],100,72,0.048053,1000,100,0.01,0.007,1,10,10,best,9,random
184,iDR,False,0.021350504348588335,0.010152132296691221,10,"[0.90953103 0.01006496 0.01004333 0.01007252 0.01002381 0.01001521
 0.01009548 0.01003091 0.01008066 0.01004211]",[ 4  8 10 15 16 21 25 27 28 30],100,59,0.046124,1000,100,0.01,0.007,1,10,10,best,9,random
185,iDR,False,0.021350504348588335,0.010152132296691221,10,"[0.90953103 0.01006496 0.01004333 0.01007252 0.01002381 0.01001521
 0.01009548 0.01003091 0.01008066 0.01004211]",[ 4  8 10 15 16 21 25 27 28 30],100,71,0.047645,1000,100,0.01,0.007,1,10,10,best,9,random
186,iDR,False,0.021350504348588335,0.010152132296691221,10,"[0.90953103 0.01006496 0.01004333 0.01007252 0.01002381 0.01001521
 0.01009548 0.01003091 0.01008066 0.01004211]",[ 4  8 10 15 16 21 25 27 28 30],100,71,0.047642,1000,100,0.01,0.007,1,10,10,best,9,random
187,iDR,False,0.021350504348588335,0.010152132296691221,10,"[0.90953103 0.01006496 0.01004333 0.01007252 0.01002381 0.01001521
 0.01009548 0.01003091 0.01008066 0.01004211]",[ 4  8 10 15 16 21 25 27 28 30],100,62,0.046457,1000,100,0.01,0.007,1,10,10,best,9,random
188,iDR,False,0.021350504348588335,0.010152132296691221,10,"[0.90953103 0.01006496 0.01004333 0.01007252 0.01002381 0.01001521
 0.01009548 0.01003091 0.01008066 0.01004211]",[ 4  8 10 15 16 21 25 27 28 30],100,72,0.047238,1000,100,0.01,0.007,1,10,10,best,9,random
189,iDR,False,0.021350504348588335,0.010152132296691221,10,"[0.90953103 0.01006496 0.01004333 0.01007252 0.01002381 0.01001521
 0.01009548 0.01003091 0.01008066 0.01004211]",[ 4  8 10 15 16 21 25 27 28 30],100,69,0.046078,1000,100,0.01,0.007,1,10,10,best,9,random
190,iDR,False,0.021350504348588335,0.010152132296691221,10,"[0.90953103 0.01006496 0.01004333 0.01007252 0.01002381 0.01001521
 0.01009548 0.01003091 0.01008066 0.01004211]",[ 4  8 10 15 16 21 25 27 28 30],100,69,0.047037,1000,100,0.01,0.007,1,10,10,best,9,random
191,iDR,False,0.021350504348588335,0.010152132296691221,10,"[0.90953103 0.01006496 0.01004333 0.01007252 0.01002381 0.01001521
 0.01009548 0.01003091 0.01008066 0.01004211]",[ 4  8 10 15 16 21 25 27 28 30],100,62,0.047437,1000,100,0.01,0.007,1,10,10,best,9,random
192,iDR,False,0.021350504348588335,0.010152132296691221,10,"[0.90953103 0.01006496 0.01004333 0.01007252 0.01002381 0.01001521
 0.01009548 0.01003091 0.01008066 0.01004211]",[ 4  8 10 15 16 21 25 27 28 30],100,66,0.046955,1000,100,0.01,0.007,1,10,10,best,9,random
193,iDR,False,0.021350504348588335,0.010152132296691221,10,"[0.90953103 0.01006496 0.01004333 0.01007252 0.01002381 0.01001521
 0.01009548 0.01003091 0.01008066 0.01004211]",[ 4  8 10 15 16 21 25 27 28 30],100,65,0.046998,1000,100,0.01,0.007,1,10,10,best,9,random
194,iDR,False,0.021350504348588335,0.010152132296691221,10,"[0.90953103 0.01006496 0.01004333 0.01007252 0.01002381 0.01001521
 0.01009548 0.01003091 0.01008066 0.01004211]",[ 4  8 10 15 16 21 25 27 28 30],100,60,0.046313,1000,100,0.01,0.007,1,10,10,best,9,random
195,iDR,False,0.021350504348588335,0.010152132296691221,10,"[0.90953103 0.01006496 0.01004333 0.01007252 0.01002381 0.01001521
 0.01009548 0.01003091 0.01008066 0.01004211]",[ 4  8 10 15 16 21 25 27 28 30],100,60,0.047016,1000,100,0.01,0.007,1,10,10,best,9,random
196,iDR,False,0.021350504348588335,0.010152132296691221,10,"[0.90953103 0.01006496 0.01004333 0.01007252 0.01002381 0.01001521
 0.01009548 0.01003091 0.01008066 0.01004211]",[ 4  8 10 15 16 21 25 27 28 30],100,65,0.04593,1000,100,0.01,0.007,1,10,10,best,9,random
197,iDR,False,0.021350504348588335,0.010152132296691221,10,"[0.90953103 0.01006496 0.01004333 0.01007252 0.01002381 0.01001521
 0.01009548 0.01003091 0.01008066 0.01004211]",[ 4  8 10 15 16 21 25 27 28 30],100,63,0.046623,1000,100,0.01,0.007,1,10,10,best,9,random
198,iDR,False,0.021350504348588335,0.010152132296691221,10,"[0.90953103 0.01006496 0.01004333 0.01007252 0.01002381 0.01001521
 0.01009548 0.01003091 0.01008066 0.01004211]",[ 4  8 10 15 16 21 25 27 28 30],100,64,0.046948,1000,100,0.01,0.007,1,10,10,best,9,random
199,iDR,False,0.021350504348588335,0.010152132296691221,10,"[0.90953103 0.01006496 0.01004333 0.01007252 0.01002381 0.01001521
 0.01009548 0.01003091 0.01008066 0.01004211]",[ 4  8 10 15 16 21 25 27 28 30],100,72,0.046589,1000,100,0.01,0.007,1,10,10,best,9,random
200,iDR,False,0.021350504348588335,0.010152132296691221,10,"[0.90953103 0.01006496 0.01004333 0.01007252 0.01002381 0.01001521
 0.01009548 0.01003091 0.01008066 0.01004211]",[ 4  8 10 15 16 21 25 27 28 30],100,63,0.046537,1000,100,0.01,0.007,1,10,10,best,9,random
201,iDR,False,0.021350504348588335,0.010152132296691221,10,"[0.90953103 0.01006496 0.01004333 0.01007252 0.01002381 0.01001521
 0.01009548 0.01003091 0.01008066 0.01004211]",[ 4  8 10 15 16 21 25 27 28 30],100,70,0.046968,1000,100,0.01,0.007,1,10,10,best,9,random
202,iDR,False,0.021350504348588335,0.010152132296691221,10,"[0.90953103 0.01006496 0.01004333 0.01007252 0.01002381 0.01001521
 0.01009548 0.01003091 0.01008066 0.01004211]",[ 4  8 10 15 16 21 25 27 28 30],100,69,0.046479,1000,100,0.01,0.007,1,10,10,best,9,random
203,iDR,False,0.021350504348588335,0.010152132296691221,10,"[0.90953103 0.01006496 0.01004333 0.01007252 0.01002381 0.01001521
 0.01009548 0.01003091 0.01008066 0.01004211]",[ 4  8 10 15 16 21 25 27 28 30],100,65,0.046573,1000,100,0.01,0.007,1,10,10,best,9,random
204,iDR,False,0.021350504348588335,0.010152132296691221,10,"[0.90953103 0.01006496 0.01004333 0.01007252 0.01002381 0.01001521
 0.01009548 0.01003091 0.01008066 0.01004211]",[ 4  8 10 15 16 21 25 27 28 30],100,61,0.046393,1000,100,0.01,0.007,1,10,10,best,9,random
205,iDR,False,0.021350504348588335,0.010152132296691221,10,"[0.90953103 0.01006496 0.01004333 0.01007252 0.01002381 0.01001521
 0.01009548 0.01003091 0.01008066 0.01004211]",[ 4  8 10 15 16 21 25 27 28 30],100,57,0.046006,1000,100,0.01,0.007,1,10,10,best,9,random
206,iDR,False,0.021350504348588335,0.010152132296691221,10,"[0.90953103 0.01006496 0.01004333 0.01007252 0.01002381 0.01001521
 0.01009548 0.01003091 0.01008066 0.01004211]",[ 4  8 10 15 16 21 25 27 28 30],100,62,0.046646,1000,100,0.01,0.007,1,10,10,best,9,random
207,iDR,False,0.021350504348588335,0.010152132296691221,10,"[0.90953103 0.01006496 0.01004333 0.01007252 0.01002381 0.01001521
 0.01009548 0.01003091 0.01008066 0.01004211]",[ 4  8 10 15 16 21 25 27 28 30],100,57,0.046461,1000,100,0.01,0.007,1,10,10,best,9,random
208,iDR,False,0.021350504348588335,0.010152132296691221,10,"[0.90953103 0.01006496 0.01004333 0.01007252 0.01002381 0.01001521
 0.01009548 0.01003091 0.01008066 0.01004211]",[ 4  8 10 15 16 21 25 27 28 30],100,63,0.046413,1000,100,0.01,0.007,1,10,10,best,9,random
209,iDR,False,0.021350504348588335,0.010152132296691221,10,"[0.90953103 0.01006496 0.01004333 0.01007252 0.01002381 0.01001521
 0.01009548 0.01003091 0.01008066 0.01004211]",[ 4  8 10 15 16 21 25 27 28 30],100,73,0.047475,1000,100,0.01,0.007,1,10,10,best,9,random
210,iDR,False,0.021350504348588335,0.010152132296691221,10,"[0.90953103 0.01006496 0.01004333 0.01007252 0.01002381 0.01001521
 0.01009548 0.01003091 0.01008066 0.01004211]",[ 4  8 10 15 16 21 25 27 28 30],100,68,0.04661,1000,100,0.01,0.007,1,10,10,best,9,random
211,iDR,False,0.021350504348588335,0.010152132296691221,10,"[0.90953103 0.01006496 0.01004333 0.01007252 0.01002381 0.01001521
 0.01009548 0.01003091 0.01008066 0.01004211]",[ 4  8 10 15 16 21 25 27 28 30],100,67,0.046663,1000,100,0.01,0.007,1,10,10,best,9,random
212,iDR,False,0.021350504348588335,0.010152132296691221,10,"[0.90953103 0.01006496 0.01004333 0.01007252 0.01002381 0.01001521
 0.01009548 0.01003091 0.01008066 0.01004211]",[ 4  8 10 15 16 21 25 27 28 30],100,62,0.047105,1000,100,0.01,0.007,1,10,10,best,9,random
213,iDR,False,0.021350504348588335,0.010152132296691221,10,"[0.90953103 0.01006496 0.01004333 0.01007252 0.01002381 0.01001521
 0.01009548 0.01003091 0.01008066 0.01004211]",[ 4  8 10 15 16 21 25 27 28 30],100,62,0.046369,1000,100,0.01,0.007,1,10,10,best,9,random
214,iDR,False,0.021350504348588335,0.010152132296691221,10,"[0.90953103 0.01006496 0.01004333 0.01007252 0.01002381 0.01001521
 0.01009548 0.01003091 0.01008066 0.01004211]",[ 4  8 10 15 16 21 25 27 28 30],100,69,0.047299,1000,100,0.01,0.007,1,10,10,best,9,random
215,iDR,False,0.021350504348588335,0.010152132296691221,10,"[0.90953103 0.01006496 0.01004333 0.01007252 0.01002381 0.01001521
 0.01009548 0.01003091 0.01008066 0.01004211]",[ 4  8 10 15 16 21 25 27 28 30],100,61,0.046368,1000,100,0.01,0.007,1,10,10,best,9,random
