iter,obj,aug_obj,return,X,Z,Q,max_iter,neighbours,alpha,exp_return,n_port,k,move_strategy,seed,selection_strategy,tag
0,0.2134611903609295,0.2134611903609295,0.0034364,[0.       0.       0.111111 0.       0.       0.       0.       0.111111 0.       0.       0.       0.       0.111111 0.111111 0.       0.       0.       0.       0.       0.111111 0.111111 0.111111 0.       0.       0.       0.111111 0.       0.111111 0.       0.       0.      ],[0. 0. 1. 0. 0. 0. 0. 1. 0. 0. 0. 0. 1. 1. 0. 0. 0. 0. 0. 1. 1. 1. 0. 0. 0. 1. 0. 1. 0. 0. 0.],9.0,1000,100,0.01,0.0015,1,11,idID,,random,single_objective
1,0.20012925,0.20012925,0.0034364,[0.  0.  0.1 0.  0.1 0.  0.  0.1 0.  0.  0.  0.  0.1 0.1 0.  0.  0.  0.  0.  0.1 0.1 0.1 0.  0.  0.  0.1 0.  0.1 0.  0.  0. ],[0. 0. 1. 0. 1. 0. 0. 1. 0. 0. 0. 0. 1. 1. 0. 0. 0. 0. 0. 1. 1. 1. 0. 0. 0. 1. 0. 1. 0. 0. 0.],10.0,1000,100,0.01,0.0015,1,11,idID,,random,single_objective
2,0.1872856501194959,0.1872856501194959,0.0034364,[0.       0.       0.       0.       0.111111 0.       0.       0.111111 0.       0.       0.       0.       0.111111 0.111111 0.       0.       0.       0.       0.       0.111111 0.111111 0.111111 0.       0.       0.       0.111111 0.       0.111111 0.       0.       0.      ],[0. 0. 0. 0. 1. 0. 0. 1. 0. 0. 0. 0. 1. 1. 0. 0. 0. 0. 0. 1. 1. 1. 0. 0. 0. 1. 0. 1. 0. 0. 0.],9.0,1000,100,0.01,0.0015,1,11,idID,,random,single_objective
3,0.1799204376149147,0.1799204376149147,0.0034364,[0.       0.       0.       0.       0.105882 0.       0.       0.105882 0.       0.       0.       0.       0.105882 0.105882 0.       0.       0.       0.       0.       0.105882 0.105882 0.105882 0.       0.       0.       0.105882 0.       0.152941 0.       0.       0.      ],[0. 0. 0. 0. 1. 0. 0. 1. 0. 0. 0. 0. 1. 1. 0. 0. 0. 0. 0. 1. 1. 1. 0. 0. 0. 1. 0. 1. 0. 0. 0.],9.0,1000,100,0.01,0.0015,1,11,idID,,random,single_objective
4,0.17970684974795836,0.17970684974795836,0.0034364,[0.       0.       0.       0.       0.105732 0.       0.       0.105732 0.       0.       0.       0.       0.105732 0.105732 0.       0.       0.       0.       0.       0.105732 0.105732 0.105732 0.       0.       0.       0.105732 0.       0.15414  0.       0.       0.      ],[0. 0. 0. 0. 1. 0. 0. 1. 0. 0. 0. 0. 1. 1. 0. 0. 0. 0. 0. 1. 1. 1. 0. 0. 0. 1. 0. 1. 0. 0. 0.],9.0,1000,100,0.01,0.0015,1,11,idID,,random,single_objective
5,0.17970178491605585,0.17970178491605585,0.0034364,[0.       0.       0.       0.       0.105728 0.       0.       0.105728 0.       0.       0.       0.       0.105728 0.105728 0.       0.       0.       0.       0.       0.105728 0.105728 0.105728 0.       0.       0.       0.105728 0.       0.154175 0.       0.       0.      ],[0. 0. 0. 0. 1. 0. 0. 1. 0. 0. 0. 0. 1. 1. 0. 0. 0. 0. 0. 1. 1. 1. 0. 0. 0. 1. 0. 1. 0. 0. 0.],9.0,1000,100,0.01,0.0015,1,11,idID,,random,single_objective
6,0.17970178491605585,0.17970178491605585,0.0034364,[0.       0.       0.       0.       0.105728 0.       0.       0.105728 0.       0.       0.       0.       0.105728 0.105728 0.       0.       0.       0.       0.       0.105728 0.105728 0.105728 0.       0.       0.       0.105728 0.       0.154175 0.       0.       0.      ],[0. 0. 0. 0. 1. 0. 0. 1. 0. 0. 0. 0. 1. 1. 0. 0. 0. 0. 0. 1. 1. 1. 0. 0. 0. 1. 0. 1. 0. 0. 0.],9.0,1000,100,0.01,0.0015,1,11,idID,,random,single_objective
7,0.17970178491605585,0.18169847141512313,0.0034364,[0.       0.       0.       0.       0.105728 0.       0.       0.105728 0.       0.       0.       0.       0.105728 0.105728 0.       0.       0.       0.       0.       0.105728 0.105728 0.105728 0.       0.       0.       0.105728 0.       0.154175 0.       0.       0.      ],[0. 0. 0. 0. 1. 0. 0. 1. 0. 0. 0. 0. 1. 1. 0. 0. 0. 0. 0. 1. 1. 1. 0. 0. 0. 1. 0. 1. 0. 0. 0.],9.0,1000,100,0.01,0.0015,1,11,idID,,random,single_objective
8,0.17970178491605585,0.18369515791419042,0.0034364,[0.       0.       0.       0.       0.105728 0.       0.       0.105728 0.       0.       0.       0.       0.105728 0.105728 0.       0.       0.       0.       0.       0.105728 0.105728 0.105728 0.       0.       0.       0.105728 0.       0.154175 0.       0.       0.      ],[0. 0. 0. 0. 1. 0. 0. 1. 0. 0. 0. 0. 1. 1. 0. 0. 0. 0. 0. 1. 1. 1. 0. 0. 0. 1. 0. 1. 0. 0. 0.],9.0,1000,100,0.01,0.0015,1,11,idID,,random,single_objective
9,0.17970178491605585,0.1856918444132577,0.0034364,[0.       0.       0.       0.       0.105728 0.       0.       0.105728 0.       0.       0.       0.       0.105728 0.105728 0.       0.       0.       0.       0.       0.105728 0.105728 0.105728 0.       0.       0.       0.105728 0.       0.154175 0.       0.       0.      ],[0. 0. 0. 0. 1. 0. 0. 1. 0. 0. 0. 0. 1. 1. 0. 0. 0. 0. 0. 1. 1. 1. 0. 0. 0. 1. 0. 1. 0. 0. 0.],9.0,1000,100,0.01,0.0015,1,11,idID,,random,single_objective
10,0.17970178491605585,0.18768853091232499,0.0034364,[0.       0.       0.       0.       0.105728 0.       0.       0.105728 0.       0.       0.       0.       0.105728 0.105728 0.       0.       0.       0.       0.       0.105728 0.105728 0.105728 0.       0.       0.       0.105728 0.       0.154175 0.       0.       0.      ],[0. 0. 0. 0. 1. 0. 0. 1. 0. 0. 0. 0. 1. 1. 0. 0. 0. 0. 0. 1. 1. 1. 0. 0. 0. 1. 0. 1. 0. 0. 0.],9.0,1000,100,0.01,0.0015,1,11,idID,,random,single_objective
11,0.17970178491605585,0.18968521741139227,0.0034364,[0.       0.       0.       0.       0.105728 0.       0.       0.105728 0.       0.       0.       0.       0.105728 0.105728 0.       0.       0.       0.       0.       0.105728 0.105728 0.105728 0.       0.       0.       0.105728 0.       0.154175 0.       0.       0.      ],[0. 0. 0. 0. 1. 0. 0. 1. 0. 0. 0. 0. 1. 1. 0. 0. 0. 0. 0. 1. 1. 1. 0. 0. 0. 1. 0. 1. 0. 0. 0.],9.0,1000,100,0.01,0.0015,1,11,idID,,random,single_objective
12,0.17970178491605585,0.19168190391045956,0.0034364,[0.       0.       0.       0.       0.105728 0.       0.       0.105728 0.       0.       0.       0.       0.105728 0.105728 0.       0.       0.       0.       0.       0.105728 0.105728 0.105728 0.       0.       0.       0.105728 0.       0.154175 0.       0.       0.      ],[0. 0. 0. 0. 1. 0. 0. 1. 0. 0. 0. 0. 1. 1. 0. 0. 0. 0. 0. 1. 1. 1. 0. 0. 0. 1. 0. 1. 0. 0. 0.],9.0,1000,100,0.01,0.0015,1,11,idID,,random,single_objective
13,0.17970178491605585,0.19367859040952684,0.0034364,[0.       0.       0.       0.       0.105728 0.       0.       0.105728 0.       0.       0.       0.       0.105728 0.105728 0.       0.       0.       0.       0.       0.105728 0.105728 0.105728 0.       0.       0.       0.105728 0.       0.154175 0.       0.       0.      ],[0. 0. 0. 0. 1. 0. 0. 1. 0. 0. 0. 0. 1. 1. 0. 0. 0. 0. 0. 1. 1. 1. 0. 0. 0. 1. 0. 1. 0. 0. 0.],9.0,1000,100,0.01,0.0015,1,11,idID,,random,single_objective
14,0.17970178491605585,0.19567527690859415,0.0034364,[0.       0.       0.       0.       0.105728 0.       0.       0.105728 0.       0.       0.       0.       0.105728 0.105728 0.       0.       0.       0.       0.       0.105728 0.105728 0.105728 0.       0.       0.       0.105728 0.       0.154175 0.       0.       0.      ],[0. 0. 0. 0. 1. 0. 0. 1. 0. 0. 0. 0. 1. 1. 0. 0. 0. 0. 0. 1. 1. 1. 0. 0. 0. 1. 0. 1. 0. 0. 0.],9.0,1000,100,0.01,0.0015,1,11,idID,,random,single_objective
15,0.17970178491605585,0.19767196340766144,0.0034364,[0.       0.       0.       0.       0.105728 0.       0.       0.105728 0.       0.       0.       0.       0.105728 0.105728 0.       0.       0.       0.       0.       0.105728 0.105728 0.105728 0.       0.       0.       0.105728 0.       0.154175 0.       0.       0.      ],[0. 0. 0. 0. 1. 0. 0. 1. 0. 0. 0. 0. 1. 1. 0. 0. 0. 0. 0. 1. 1. 1. 0. 0. 0. 1. 0. 1. 0. 0. 0.],9.0,1000,100,0.01,0.0015,1,11,idID,,random,single_objective
16,0.17970178491605585,0.19966864990672872,0.0034364,[0.       0.       0.       0.       0.105728 0.       0.       0.105728 0.       0.       0.       0.       0.105728 0.105728 0.       0.       0.       0.       0.       0.105728 0.105728 0.105728 0.       0.       0.       0.105728 0.       0.154175 0.       0.       0.      ],[0. 0. 0. 0. 1. 0. 0. 1. 0. 0. 0. 0. 1. 1. 0. 0. 0. 0. 0. 1. 1. 1. 0. 0. 0. 1. 0. 1. 0. 0. 0.],9.0,1000,100,0.01,0.0015,1,11,idID,,random,single_objective
17,0.17970178491605585,0.201665336405796,0.0034364,[0.       0.       0.       0.       0.105728 0.       0.       0.105728 0.       0.       0.       0.       0.105728 0.105728 0.       0.       0.       0.       0.       0.105728 0.105728 0.105728 0.       0.       0.       0.105728 0.       0.154175 0.       0.       0.      ],[0. 0. 0. 0. 1. 0. 0. 1. 0. 0. 0. 0. 1. 1. 0. 0. 0. 0. 0. 1. 1. 1. 0. 0. 0. 1. 0. 1. 0. 0. 0.],9.0,1000,100,0.01,0.0015,1,11,idID,,random,single_objective
18,0.17970178491605585,0.2036620229048633,0.0034364,[0.       0.       0.       0.       0.105728 0.       0.       0.105728 0.       0.       0.       0.       0.105728 0.105728 0.       0.       0.       0.       0.       0.105728 0.105728 0.105728 0.       0.       0.       0.105728 0.       0.154175 0.       0.       0.      ],[0. 0. 0. 0. 1. 0. 0. 1. 0. 0. 0. 0. 1. 1. 0. 0. 0. 0. 0. 1. 1. 1. 0. 0. 0. 1. 0. 1. 0. 0. 0.],9.0,1000,100,0.01,0.0015,1,11,idID,,random,single_objective
19,0.17970178491605585,0.20565870940393058,0.0034364,[0.       0.       0.       0.       0.105728 0.       0.       0.105728 0.       0.       0.       0.       0.105728 0.105728 0.       0.       0.       0.       0.       0.105728 0.105728 0.105728 0.       0.       0.       0.105728 0.       0.154175 0.       0.       0.      ],[0. 0. 0. 0. 1. 0. 0. 1. 0. 0. 0. 0. 1. 1. 0. 0. 0. 0. 0. 1. 1. 1. 0. 0. 0. 1. 0. 1. 0. 0. 0.],9.0,1000,100,0.01,0.0015,1,11,idID,,random,single_objective
20,0.17970178491605585,0.20765539590299786,0.0034364,[0.       0.       0.       0.       0.105728 0.       0.       0.105728 0.       0.       0.       0.       0.105728 0.105728 0.       0.       0.       0.       0.       0.105728 0.105728 0.105728 0.       0.       0.       0.105728 0.       0.154175 0.       0.       0.      ],[0. 0. 0. 0. 1. 0. 0. 1. 0. 0. 0. 0. 1. 1. 0. 0. 0. 0. 0. 1. 1. 1. 0. 0. 0. 1. 0. 1. 0. 0. 0.],9.0,1000,100,0.01,0.0015,1,11,idID,,random,single_objective
21,0.17970178491605585,0.20965208240206515,0.0034364,[0.       0.       0.       0.       0.105728 0.       0.       0.105728 0.       0.       0.       0.       0.105728 0.105728 0.       0.       0.       0.       0.       0.105728 0.105728 0.105728 0.       0.       0.       0.105728 0.       0.154175 0.       0.       0.      ],[0. 0. 0. 0. 1. 0. 0. 1. 0. 0. 0. 0. 1. 1. 0. 0. 0. 0. 0. 1. 1. 1. 0. 0. 0. 1. 0. 1. 0. 0. 0.],9.0,1000,100,0.01,0.0015,1,11,idID,,random,single_objective
22,0.17970178491605585,0.21164876890113243,0.0034364,[0.       0.       0.       0.       0.105728 0.       0.       0.105728 0.       0.       0.       0.       0.105728 0.105728 0.       0.       0.       0.       0.       0.105728 0.105728 0.105728 0.       0.       0.       0.105728 0.       0.154175 0.       0.       0.      ],[0. 0. 0. 0. 1. 0. 0. 1. 0. 0. 0. 0. 1. 1. 0. 0. 0. 0. 0. 1. 1. 1. 0. 0. 0. 1. 0. 1. 0. 0. 0.],9.0,1000,100,0.01,0.0015,1,11,idID,,random,single_objective
23,0.17970178491605585,0.21364545540019975,0.0034364,[0.       0.       0.       0.       0.105728 0.       0.       0.105728 0.       0.       0.       0.       0.105728 0.105728 0.       0.       0.       0.       0.       0.105728 0.105728 0.105728 0.       0.       0.       0.105728 0.       0.154175 0.       0.       0.      ],[0. 0. 0. 0. 1. 0. 0. 1. 0. 0. 0. 0. 1. 1. 0. 0. 0. 0. 0. 1. 1. 1. 0. 0. 0. 1. 0. 1. 0. 0. 0.],9.0,1000,100,0.01,0.0015,1,11,idID,,random,single_objective
24,0.17970178491605585,0.215642141899267,0.0034364,[0.       0.       0.       0.       0.105728 0.       0.       0.105728 0.       0.       0.       0.       0.105728 0.105728 0.       0.       0.       0.       0.       0.105728 0.105728 0.105728 0.       0.       0.       0.105728 0.       0.154175 0.       0.       0.      ],[0. 0. 0. 0. 1. 0. 0. 1. 0. 0. 0. 0. 1. 1. 0. 0. 0. 0. 0. 1. 1. 1. 0. 0. 0. 1. 0. 1. 0. 0. 0.],9.0,1000,100,0.01,0.0015,1,11,idID,,random,single_objective
25,0.17970178491605585,0.21763882839833432,0.0034364,[0.       0.       0.       0.       0.105728 0.       0.       0.105728 0.       0.       0.       0.       0.105728 0.105728 0.       0.       0.       0.       0.       0.105728 0.105728 0.105728 0.       0.       0.       0.105728 0.       0.154175 0.       0.       0.      ],[0. 0. 0. 0. 1. 0. 0. 1. 0. 0. 0. 0. 1. 1. 0. 0. 0. 0. 0. 1. 1. 1. 0. 0. 0. 1. 0. 1. 0. 0. 0.],9.0,1000,100,0.01,0.0015,1,11,idID,,random,single_objective
26,0.17970178491605585,0.2196355148974016,0.0034364,[0.       0.       0.       0.       0.105728 0.       0.       0.105728 0.       0.       0.       0.       0.105728 0.105728 0.       0.       0.       0.       0.       0.105728 0.105728 0.105728 0.       0.       0.       0.105728 0.       0.154175 0.       0.       0.      ],[0. 0. 0. 0. 1. 0. 0. 1. 0. 0. 0. 0. 1. 1. 0. 0. 0. 0. 0. 1. 1. 1. 0. 0. 0. 1. 0. 1. 0. 0. 0.],9.0,1000,100,0.01,0.0015,1,11,idID,,random,single_objective
27,0.17970178491605585,0.2216322013964689,0.0034364,[0.       0.       0.       0.       0.105728 0.       0.       0.105728 0.       0.       0.       0.       0.105728 0.105728 0.       0.       0.       0.       0.       0.105728 0.105728 0.105728 0.       0.       0.       0.105728 0.       0.154175 0.       0.       0.      ],[0. 0. 0. 0. 1. 0. 0. 1. 0. 0. 0. 0. 1. 1. 0. 0. 0. 0. 0. 1. 1. 1. 0. 0. 0. 1. 0. 1. 0. 0. 0.],9.0,1000,100,0.01,0.0015,1,11,idID,,random,single_objective
28,0.17970178491605585,0.22362888789553617,0.0034364,[0.       0.       0.       0.       0.105728 0.       0.       0.105728 0.       0.       0.       0.       0.105728 0.105728 0.       0.       0.       0.       0.       0.105728 0.105728 0.105728 0.       0.       0.       0.105728 0.       0.154175 0.       0.       0.      ],[0. 0. 0. 0. 1. 0. 0. 1. 0. 0. 0. 0. 1. 1. 0. 0. 0. 0. 0. 1. 1. 1. 0. 0. 0. 1. 0. 1. 0. 0. 0.],9.0,1000,100,0.01,0.0015,1,11,idID,,random,single_objective
29,0.17970178491605585,0.22562557439460346,0.0034364,[0.       0.       0.       0.       0.105728 0.       0.       0.105728 0.       0.       0.       0.       0.105728 0.105728 0.       0.       0.       0.       0.       0.105728 0.105728 0.105728 0.       0.       0.       0.105728 0.       0.154175 0.       0.       0.      ],[0. 0. 0. 0. 1. 0. 0. 1. 0. 0. 0. 0. 1. 1. 0. 0. 0. 0. 0. 1. 1. 1. 0. 0. 0. 1. 0. 1. 0. 0. 0.],9.0,1000,100,0.01,0.0015,1,11,idID,,random,single_objective
30,0.17970178491605585,0.22762226089367074,0.0034364,[0.       0.       0.       0.       0.105728 0.       0.       0.105728 0.       0.       0.       0.       0.105728 0.105728 0.       0.       0.       0.       0.       0.105728 0.105728 0.105728 0.       0.       0.       0.105728 0.       0.154175 0.       0.       0.      ],[0. 0. 0. 0. 1. 0. 0. 1. 0. 0. 0. 0. 1. 1. 0. 0. 0. 0. 0. 1. 1. 1. 0. 0. 0. 1. 0. 1. 0. 0. 0.],9.0,1000,100,0.01,0.0015,1,11,idID,,random,single_objective
31,0.17970178491605585,0.22961894739273803,0.0034364,[0.       0.       0.       0.       0.105728 0.       0.       0.105728 0.       0.       0.       0.       0.105728 0.105728 0.       0.       0.       0.       0.       0.105728 0.105728 0.105728 0.       0.       0.       0.105728 0.       0.154175 0.       0.       0.      ],[0. 0. 0. 0. 1. 0. 0. 1. 0. 0. 0. 0. 1. 1. 0. 0. 0. 0. 0. 1. 1. 1. 0. 0. 0. 1. 0. 1. 0. 0. 0.],9.0,1000,100,0.01,0.0015,1,11,idID,,random,single_objective
32,0.17970178491605585,0.2316156338918053,0.0034364,[0.       0.       0.       0.       0.105728 0.       0.       0.105728 0.       0.       0.       0.       0.105728 0.105728 0.       0.       0.       0.       0.       0.105728 0.105728 0.105728 0.       0.       0.       0.105728 0.       0.154175 0.       0.       0.      ],[0. 0. 0. 0. 1. 0. 0. 1. 0. 0. 0. 0. 1. 1. 0. 0. 0. 0. 0. 1. 1. 1. 0. 0. 0. 1. 0. 1. 0. 0. 0.],9.0,1000,100,0.01,0.0015,1,11,idID,,random,single_objective
33,0.17970178491605585,0.2336123203908726,0.0034364,[0.       0.       0.       0.       0.105728 0.       0.       0.105728 0.       0.       0.       0.       0.105728 0.105728 0.       0.       0.       0.       0.       0.105728 0.105728 0.105728 0.       0.       0.       0.105728 0.       0.154175 0.       0.       0.      ],[0. 0. 0. 0. 1. 0. 0. 1. 0. 0. 0. 0. 1. 1. 0. 0. 0. 0. 0. 1. 1. 1. 0. 0. 0. 1. 0. 1. 0. 0. 0.],9.0,1000,100,0.01,0.0015,1,11,idID,,random,single_objective
34,0.17970178491605585,0.23560900688993988,0.0034364,[0.       0.       0.       0.       0.105728 0.       0.       0.105728 0.       0.       0.       0.       0.105728 0.105728 0.       0.       0.       0.       0.       0.105728 0.105728 0.105728 0.       0.       0.       0.105728 0.       0.154175 0.       0.       0.      ],[0. 0. 0. 0. 1. 0. 0. 1. 0. 0. 0. 0. 1. 1. 0. 0. 0. 0. 0. 1. 1. 1. 0. 0. 0. 1. 0. 1. 0. 0. 0.],9.0,1000,100,0.01,0.0015,1,11,idID,,random,single_objective
35,0.17970178491605585,0.23760569338900717,0.0034364,[0.       0.       0.       0.       0.105728 0.       0.       0.105728 0.       0.       0.       0.       0.105728 0.105728 0.       0.       0.       0.       0.       0.105728 0.105728 0.105728 0.       0.       0.       0.105728 0.       0.154175 0.       0.       0.      ],[0. 0. 0. 0. 1. 0. 0. 1. 0. 0. 0. 0. 1. 1. 0. 0. 0. 0. 0. 1. 1. 1. 0. 0. 0. 1. 0. 1. 0. 0. 0.],9.0,1000,100,0.01,0.0015,1,11,idID,,random,single_objective
36,0.17970178491605585,0.23960237988807445,0.0034364,[0.       0.       0.       0.       0.105728 0.       0.       0.105728 0.       0.       0.       0.       0.105728 0.105728 0.       0.       0.       0.       0.       0.105728 0.105728 0.105728 0.       0.       0.       0.105728 0.       0.154175 0.       0.       0.      ],[0. 0. 0. 0. 1. 0. 0. 1. 0. 0. 0. 0. 1. 1. 0. 0. 0. 0. 0. 1. 1. 1. 0. 0. 0. 1. 0. 1. 0. 0. 0.],9.0,1000,100,0.01,0.0015,1,11,idID,,random,single_objective
37,0.17970178491605585,0.24159906638714174,0.0034364,[0.       0.       0.       0.       0.105728 0.       0.       0.105728 0.       0.       0.       0.       0.105728 0.105728 0.       0.       0.       0.       0.       0.105728 0.105728 0.105728 0.       0.       0.       0.105728 0.       0.154175 0.       0.       0.      ],[0. 0. 0. 0. 1. 0. 0. 1. 0. 0. 0. 0. 1. 1. 0. 0. 0. 0. 0. 1. 1. 1. 0. 0. 0. 1. 0. 1. 0. 0. 0.],9.0,1000,100,0.01,0.0015,1,11,idID,,random,single_objective
38,0.17970178491605585,0.24359575288620905,0.0034364,[0.       0.       0.       0.       0.105728 0.       0.       0.105728 0.       0.       0.       0.       0.105728 0.105728 0.       0.       0.       0.       0.       0.105728 0.105728 0.105728 0.       0.       0.       0.105728 0.       0.154175 0.       0.       0.      ],[0. 0. 0. 0. 1. 0. 0. 1. 0. 0. 0. 0. 1. 1. 0. 0. 0. 0. 0. 1. 1. 1. 0. 0. 0. 1. 0. 1. 0. 0. 0.],9.0,1000,100,0.01,0.0015,1,11,idID,,random,single_objective
39,0.17970178491605585,0.24559243938527633,0.0034364,[0.       0.       0.       0.       0.105728 0.       0.       0.105728 0.       0.       0.       0.       0.105728 0.105728 0.       0.       0.       0.       0.       0.105728 0.105728 0.105728 0.       0.       0.       0.105728 0.       0.154175 0.       0.       0.      ],[0. 0. 0. 0. 1. 0. 0. 1. 0. 0. 0. 0. 1. 1. 0. 0. 0. 0. 0. 1. 1. 1. 0. 0. 0. 1. 0. 1. 0. 0. 0.],9.0,1000,100,0.01,0.0015,1,11,idID,,random,single_objective
40,0.17970178491605585,0.24758912588434362,0.0034364,[0.       0.       0.       0.       0.105728 0.       0.       0.105728 0.       0.       0.       0.       0.105728 0.105728 0.       0.       0.       0.       0.       0.105728 0.105728 0.105728 0.       0.       0.       0.105728 0.       0.154175 0.       0.       0.      ],[0. 0. 0. 0. 1. 0. 0. 1. 0. 0. 0. 0. 1. 1. 0. 0. 0. 0. 0. 1. 1. 1. 0. 0. 0. 1. 0. 1. 0. 0. 0.],9.0,1000,100,0.01,0.0015,1,11,idID,,random,single_objective
41,0.17970178491605585,0.2495858123834109,0.0034364,[0.       0.       0.       0.       0.105728 0.       0.       0.105728 0.       0.       0.       0.       0.105728 0.105728 0.       0.       0.       0.       0.       0.105728 0.105728 0.105728 0.       0.       0.       0.105728 0.       0.154175 0.       0.       0.      ],[0. 0. 0. 0. 1. 0. 0. 1. 0. 0. 0. 0. 1. 1. 0. 0. 0. 0. 0. 1. 1. 1. 0. 0. 0. 1. 0. 1. 0. 0. 0.],9.0,1000,100,0.01,0.0015,1,11,idID,,random,single_objective
42,0.17970178491605585,0.2515824988824782,0.0034364,[0.       0.       0.       0.       0.105728 0.       0.       0.105728 0.       0.       0.       0.       0.105728 0.105728 0.       0.       0.       0.       0.       0.105728 0.105728 0.105728 0.       0.       0.       0.105728 0.       0.154175 0.       0.       0.      ],[0. 0. 0. 0. 1. 0. 0. 1. 0. 0. 0. 0. 1. 1. 0. 0. 0. 0. 0. 1. 1. 1. 0. 0. 0. 1. 0. 1. 0. 0. 0.],9.0,1000,100,0.01,0.0015,1,11,idID,,random,single_objective
43,0.17970178491605585,0.25357918538154545,0.0034364,[0.       0.       0.       0.       0.105728 0.       0.       0.105728 0.       0.       0.       0.       0.105728 0.105728 0.       0.       0.       0.       0.       0.105728 0.105728 0.105728 0.       0.       0.       0.105728 0.       0.154175 0.       0.       0.      ],[0. 0. 0. 0. 1. 0. 0. 1. 0. 0. 0. 0. 1. 1. 0. 0. 0. 0. 0. 1. 1. 1. 0. 0. 0. 1. 0. 1. 0. 0. 0.],9.0,1000,100,0.01,0.0015,1,11,idID,,random,single_objective
44,0.17970178491605585,0.25557587188061276,0.0034364,[0.       0.       0.       0.       0.105728 0.       0.       0.105728 0.       0.       0.       0.       0.105728 0.105728 0.       0.       0.       0.       0.       0.105728 0.105728 0.105728 0.       0.       0.       0.105728 0.       0.154175 0.       0.       0.      ],[0. 0. 0. 0. 1. 0. 0. 1. 0. 0. 0. 0. 1. 1. 0. 0. 0. 0. 0. 1. 1. 1. 0. 0. 0. 1. 0. 1. 0. 0. 0.],9.0,1000,100,0.01,0.0015,1,11,idID,,random,single_objective
45,0.17970178491605585,0.25757255837968007,0.0034364,[0.       0.       0.       0.       0.105728 0.       0.       0.105728 0.       0.       0.       0.       0.105728 0.105728 0.       0.       0.       0.       0.       0.105728 0.105728 0.105728 0.       0.       0.       0.105728 0.       0.154175 0.       0.       0.      ],[0. 0. 0. 0. 1. 0. 0. 1. 0. 0. 0. 0. 1. 1. 0. 0. 0. 0. 0. 1. 1. 1. 0. 0. 0. 1. 0. 1. 0. 0. 0.],9.0,1000,100,0.01,0.0015,1,11,idID,,random,single_objective
46,0.17970178491605585,0.25956924487874733,0.0034364,[0.       0.       0.       0.       0.105728 0.       0.       0.105728 0.       0.       0.       0.       0.105728 0.105728 0.       0.       0.       0.       0.       0.105728 0.105728 0.105728 0.       0.       0.       0.105728 0.       0.154175 0.       0.       0.      ],[0. 0. 0. 0. 1. 0. 0. 1. 0. 0. 0. 0. 1. 1. 0. 0. 0. 0. 0. 1. 1. 1. 0. 0. 0. 1. 0. 1. 0. 0. 0.],9.0,1000,100,0.01,0.0015,1,11,idID,,random,single_objective
47,0.17970178491605585,0.26156593137781464,0.0034364,[0.       0.       0.       0.       0.105728 0.       0.       0.105728 0.       0.       0.       0.       0.105728 0.105728 0.       0.       0.       0.       0.       0.105728 0.105728 0.105728 0.       0.       0.       0.105728 0.       0.154175 0.       0.       0.      ],[0. 0. 0. 0. 1. 0. 0. 1. 0. 0. 0. 0. 1. 1. 0. 0. 0. 0. 0. 1. 1. 1. 0. 0. 0. 1. 0. 1. 0. 0. 0.],9.0,1000,100,0.01,0.0015,1,11,idID,,random,single_objective
48,0.17970178491605585,0.2635626178768819,0.0034364,[0.       0.       0.       0.       0.105728 0.       0.       0.105728 0.       0.       0.       0.       0.105728 0.105728 0.       0.       0.       0.       0.       0.105728 0.105728 0.105728 0.       0.       0.       0.105728 0.       0.154175 0.       0.       0.      ],[0. 0. 0. 0. 1. 0. 0. 1. 0. 0. 0. 0. 1. 1. 0. 0. 0. 0. 0. 1. 1. 1. 0. 0. 0. 1. 0. 1. 0. 0. 0.],9.0,1000,100,0.01,0.0015,1,11,idID,,random,single_objective
49,0.17970178491605585,0.2655593043759492,0.0034364,[0.       0.       0.       0.       0.105728 0.       0.       0.105728 0.       0.       0.       0.       0.105728 0.105728 0.       0.       0.       0.       0.       0.105728 0.105728 0.105728 0.       0.       0.       0.105728 0.       0.154175 0.       0.       0.      ],[0. 0. 0. 0. 1. 0. 0. 1. 0. 0. 0. 0. 1. 1. 0. 0. 0. 0. 0. 1. 1. 1. 0. 0. 0. 1. 0. 1. 0. 0. 0.],9.0,1000,100,0.01,0.0015,1,11,idID,,random,single_objective
50,0.17970178491605585,0.26755599087501647,0.0034364,[0.       0.       0.       0.       0.105728 0.       0.       0.105728 0.       0.       0.       0.       0.105728 0.105728 0.       0.       0.       0.       0.       0.105728 0.105728 0.105728 0.       0.       0.       0.105728 0.       0.154175 0.       0.       0.      ],[0. 0. 0. 0. 1. 0. 0. 1. 0. 0. 0. 0. 1. 1. 0. 0. 0. 0. 0. 1. 1. 1. 0. 0. 0. 1. 0. 1. 0. 0. 0.],9.0,1000,100,0.01,0.0015,1,11,idID,,random,single_objective
51,0.17970178491605585,0.2695526773740838,0.0034364,[0.       0.       0.       0.       0.105728 0.       0.       0.105728 0.       0.       0.       0.       0.105728 0.105728 0.       0.       0.       0.       0.       0.105728 0.105728 0.105728 0.       0.       0.       0.105728 0.       0.154175 0.       0.       0.      ],[0. 0. 0. 0. 1. 0. 0. 1. 0. 0. 0. 0. 1. 1. 0. 0. 0. 0. 0. 1. 1. 1. 0. 0. 0. 1. 0. 1. 0. 0. 0.],9.0,1000,100,0.01,0.0015,1,11,idID,,random,single_objective
52,0.17970178491605585,0.27154936387315104,0.0034364,[0.       0.       0.       0.       0.105728 0.       0.       0.105728 0.       0.       0.       0.       0.105728 0.105728 0.       0.       0.       0.       0.       0.105728 0.105728 0.105728 0.       0.       0.       0.105728 0.       0.154175 0.       0.       0.      ],[0. 0. 0. 0. 1. 0. 0. 1. 0. 0. 0. 0. 1. 1. 0. 0. 0. 0. 0. 1. 1. 1. 0. 0. 0. 1. 0. 1. 0. 0. 0.],9.0,1000,100,0.01,0.0015,1,11,idID,,random,single_objective
53,0.17970178491605585,0.27354605037221835,0.0034364,[0.       0.       0.       0.       0.105728 0.       0.       0.105728 0.       0.       0.       0.       0.105728 0.105728 0.       0.       0.       0.       0.       0.105728 0.105728 0.105728 0.       0.       0.       0.105728 0.       0.154175 0.       0.       0.      ],[0. 0. 0. 0. 1. 0. 0. 1. 0. 0. 0. 0. 1. 1. 0. 0. 0. 0. 0. 1. 1. 1. 0. 0. 0. 1. 0. 1. 0. 0. 0.],9.0,1000,100,0.01,0.0015,1,11,idID,,random,single_objective
54,0.17970178491605585,0.2755427368712856,0.0034364,[0.       0.       0.       0.       0.105728 0.       0.       0.105728 0.       0.       0.       0.       0.105728 0.105728 0.       0.       0.       0.       0.       0.105728 0.105728 0.105728 0.       0.       0.       0.105728 0.       0.154175 0.       0.       0.      ],[0. 0. 0. 0. 1. 0. 0. 1. 0. 0. 0. 0. 1. 1. 0. 0. 0. 0. 0. 1. 1. 1. 0. 0. 0. 1. 0. 1. 0. 0. 0.],9.0,1000,100,0.01,0.0015,1,11,idID,,random,single_objective
55,0.17970178491605585,0.2775394233703529,0.0034364,[0.       0.       0.       0.       0.105728 0.       0.       0.105728 0.       0.       0.       0.       0.105728 0.105728 0.       0.       0.       0.       0.       0.105728 0.105728 0.105728 0.       0.       0.       0.105728 0.       0.154175 0.       0.       0.      ],[0. 0. 0. 0. 1. 0. 0. 1. 0. 0. 0. 0. 1. 1. 0. 0. 0. 0. 0. 1. 1. 1. 0. 0. 0. 1. 0. 1. 0. 0. 0.],9.0,1000,100,0.01,0.0015,1,11,idID,,random,single_objective
56,0.17970178491605585,0.2795361098694202,0.0034364,[0.       0.       0.       0.       0.105728 0.       0.       0.105728 0.       0.       0.       0.       0.105728 0.105728 0.       0.       0.       0.       0.       0.105728 0.105728 0.105728 0.       0.       0.       0.105728 0.       0.154175 0.       0.       0.      ],[0. 0. 0. 0. 1. 0. 0. 1. 0. 0. 0. 0. 1. 1. 0. 0. 0. 0. 0. 1. 1. 1. 0. 0. 0. 1. 0. 1. 0. 0. 0.],9.0,1000,100,0.01,0.0015,1,11,idID,,random,single_objective
57,0.17970178491605585,0.2815327963684875,0.0034364,[0.       0.       0.       0.       0.105728 0.       0.       0.105728 0.       0.       0.       0.       0.105728 0.105728 0.       0.       0.       0.       0.       0.105728 0.105728 0.105728 0.       0.       0.       0.105728 0.       0.154175 0.       0.       0.      ],[0. 0. 0. 0. 1. 0. 0. 1. 0. 0. 0. 0. 1. 1. 0. 0. 0. 0. 0. 1. 1. 1. 0. 0. 0. 1. 0. 1. 0. 0. 0.],9.0,1000,100,0.01,0.0015,1,11,idID,,random,single_objective
58,0.17970178491605585,0.28352948286755475,0.0034364,[0.       0.       0.       0.       0.105728 0.       0.       0.105728 0.       0.       0.       0.       0.105728 0.105728 0.       0.       0.       0.       0.       0.105728 0.105728 0.105728 0.       0.       0.       0.105728 0.       0.154175 0.       0.       0.      ],[0. 0. 0. 0. 1. 0. 0. 1. 0. 0. 0. 0. 1. 1. 0. 0. 0. 0. 0. 1. 1. 1. 0. 0. 0. 1. 0. 1. 0. 0. 0.],9.0,1000,100,0.01,0.0015,1,11,idID,,random,single_objective
59,0.17970178491605585,0.28552616936662206,0.0034364,[0.       0.       0.       0.       0.105728 0.       0.       0.105728 0.       0.       0.       0.       0.105728 0.105728 0.       0.       0.       0.       0.       0.105728 0.105728 0.105728 0.       0.       0.       0.105728 0.       0.154175 0.       0.       0.      ],[0. 0. 0. 0. 1. 0. 0. 1. 0. 0. 0. 0. 1. 1. 0. 0. 0. 0. 0. 1. 1. 1. 0. 0. 0. 1. 0. 1. 0. 0. 0.],9.0,1000,100,0.01,0.0015,1,11,idID,,random,single_objective
60,0.17970178491605585,0.2875228558656894,0.0034364,[0.       0.       0.       0.       0.105728 0.       0.       0.105728 0.       0.       0.       0.       0.105728 0.105728 0.       0.       0.       0.       0.       0.105728 0.105728 0.105728 0.       0.       0.       0.105728 0.       0.154175 0.       0.       0.      ],[0. 0. 0. 0. 1. 0. 0. 1. 0. 0. 0. 0. 1. 1. 0. 0. 0. 0. 0. 1. 1. 1. 0. 0. 0. 1. 0. 1. 0. 0. 0.],9.0,1000,100,0.01,0.0015,1,11,idID,,random,single_objective
61,0.17970178491605585,0.28951954236475663,0.0034364,[0.       0.       0.       0.       0.105728 0.       0.       0.105728 0.       0.       0.       0.       0.105728 0.105728 0.       0.       0.       0.       0.       0.105728 0.105728 0.105728 0.       0.       0.       0.105728 0.       0.154175 0.       0.       0.      ],[0. 0. 0. 0. 1. 0. 0. 1. 0. 0. 0. 0. 1. 1. 0. 0. 0. 0. 0. 1. 1. 1. 0. 0. 0. 1. 0. 1. 0. 0. 0.],9.0,1000,100,0.01,0.0015,1,11,idID,,random,single_objective
62,0.17970178491605585,0.29151622886382395,0.0034364,[0.       0.       0.       0.       0.105728 0.       0.       0.105728 0.       0.       0.       0.       0.105728 0.105728 0.       0.       0.       0.       0.       0.105728 0.105728 0.105728 0.       0.       0.       0.105728 0.       0.154175 0.       0.       0.      ],[0. 0. 0. 0. 1. 0. 0. 1. 0. 0. 0. 0. 1. 1. 0. 0. 0. 0. 0. 1. 1. 1. 0. 0. 0. 1. 0. 1. 0. 0. 0.],9.0,1000,100,0.01,0.0015,1,11,idID,,random,single_objective
63,0.17970178491605585,0.2935129153628912,0.0034364,[0.       0.       0.       0.       0.105728 0.       0.       0.105728 0.       0.       0.       0.       0.105728 0.105728 0.       0.       0.       0.       0.       0.105728 0.105728 0.105728 0.       0.       0.       0.105728 0.       0.154175 0.       0.       0.      ],[0. 0. 0. 0. 1. 0. 0. 1. 0. 0. 0. 0. 1. 1. 0. 0. 0. 0. 0. 1. 1. 1. 0. 0. 0. 1. 0. 1. 0. 0. 0.],9.0,1000,100,0.01,0.0015,1,11,idID,,random,single_objective
64,0.17970178491605585,0.2955096018619585,0.0034364,[0.       0.       0.       0.       0.105728 0.       0.       0.105728 0.       0.       0.       0.       0.105728 0.105728 0.       0.       0.       0.       0.       0.105728 0.105728 0.105728 0.       0.       0.       0.105728 0.       0.154175 0.       0.       0.      ],[0. 0. 0. 0. 1. 0. 0. 1. 0. 0. 0. 0. 1. 1. 0. 0. 0. 0. 0. 1. 1. 1. 0. 0. 0. 1. 0. 1. 0. 0. 0.],9.0,1000,100,0.01,0.0015,1,11,idID,,random,single_objective
65,0.17970178491605585,0.2975062883610258,0.0034364,[0.       0.       0.       0.       0.105728 0.       0.       0.105728 0.       0.       0.       0.       0.105728 0.105728 0.       0.       0.       0.       0.       0.105728 0.105728 0.105728 0.       0.       0.       0.105728 0.       0.154175 0.       0.       0.      ],[0. 0. 0. 0. 1. 0. 0. 1. 0. 0. 0. 0. 1. 1. 0. 0. 0. 0. 0. 1. 1. 1. 0. 0. 0. 1. 0. 1. 0. 0. 0.],9.0,1000,100,0.01,0.0015,1,11,idID,,random,single_objective
66,0.17970178491605585,0.2995029748600931,0.0034364,[0.       0.       0.       0.       0.105728 0.       0.       0.105728 0.       0.       0.       0.       0.105728 0.105728 0.       0.       0.       0.       0.       0.105728 0.105728 0.105728 0.       0.       0.       0.105728 0.       0.154175 0.       0.       0.      ],[0. 0. 0. 0. 1. 0. 0. 1. 0. 0. 0. 0. 1. 1. 0. 0. 0. 0. 0. 1. 1. 1. 0. 0. 0. 1. 0. 1. 0. 0. 0.],9.0,1000,100,0.01,0.0015,1,11,idID,,random,single_objective
67,0.17970178491605585,0.3014996613591604,0.0034364,[0.       0.       0.       0.       0.105728 0.       0.       0.105728 0.       0.       0.       0.       0.105728 0.105728 0.       0.       0.       0.       0.       0.105728 0.105728 0.105728 0.       0.       0.       0.105728 0.       0.154175 0.       0.       0.      ],[0. 0. 0. 0. 1. 0. 0. 1. 0. 0. 0. 0. 1. 1. 0. 0. 0. 0. 0. 1. 1. 1. 0. 0. 0. 1. 0. 1. 0. 0. 0.],9.0,1000,100,0.01,0.0015,1,11,idID,,random,single_objective
68,0.17970178491605585,0.30349634785822766,0.0034364,[0.       0.       0.       0.       0.105728 0.       0.       0.105728 0.       0.       0.       0.       0.105728 0.105728 0.       0.       0.       0.       0.       0.105728 0.105728 0.105728 0.       0.       0.       0.105728 0.       0.154175 0.       0.       0.      ],[0. 0. 0. 0. 1. 0. 0. 1. 0. 0. 0. 0. 1. 1. 0. 0. 0. 0. 0. 1. 1. 1. 0. 0. 0. 1. 0. 1. 0. 0. 0.],9.0,1000,100,0.01,0.0015,1,11,idID,,random,single_objective
69,0.17970178491605585,0.3054930343572949,0.0034364,[0.       0.       0.       0.       0.105728 0.       0.       0.105728 0.       0.       0.       0.       0.105728 0.105728 0.       0.       0.       0.       0.       0.105728 0.105728 0.105728 0.       0.       0.       0.105728 0.       0.154175 0.       0.       0.      ],[0. 0. 0. 0. 1. 0. 0. 1. 0. 0. 0. 0. 1. 1. 0. 0. 0. 0. 0. 1. 1. 1. 0. 0. 0. 1. 0. 1. 0. 0. 0.],9.0,1000,100,0.01,0.0015,1,11,idID,,random,single_objective
70,0.17970178491605585,0.3074897208563623,0.0034364,[0.       0.       0.       0.       0.105728 0.       0.       0.105728 0.       0.       0.       0.       0.105728 0.105728 0.       0.       0.       0.       0.       0.105728 0.105728 0.105728 0.       0.       0.       0.105728 0.       0.154175 0.       0.       0.      ],[0. 0. 0. 0. 1. 0. 0. 1. 0. 0. 0. 0. 1. 1. 0. 0. 0. 0. 0. 1. 1. 1. 0. 0. 0. 1. 0. 1. 0. 0. 0.],9.0,1000,100,0.01,0.0015,1,11,idID,,random,single_objective
71,0.17970178491605585,0.30948640735542954,0.0034364,[0.       0.       0.       0.       0.105728 0.       0.       0.105728 0.       0.       0.       0.       0.105728 0.105728 0.       0.       0.       0.       0.       0.105728 0.105728 0.105728 0.       0.       0.       0.105728 0.       0.154175 0.       0.       0.      ],[0. 0. 0. 0. 1. 0. 0. 1. 0. 0. 0. 0. 1. 1. 0. 0. 0. 0. 0. 1. 1. 1. 0. 0. 0. 1. 0. 1. 0. 0. 0.],9.0,1000,100,0.01,0.0015,1,11,idID,,random,single_objective
72,0.17970178491605585,0.3114830938544968,0.0034364,[0.       0.       0.       0.       0.105728 0.       0.       0.105728 0.       0.       0.       0.       0.105728 0.105728 0.       0.       0.       0.       0.       0.105728 0.105728 0.105728 0.       0.       0.       0.105728 0.       0.154175 0.       0.       0.      ],[0. 0. 0. 0. 1. 0. 0. 1. 0. 0. 0. 0. 1. 1. 0. 0. 0. 0. 0. 1. 1. 1. 0. 0. 0. 1. 0. 1. 0. 0. 0.],9.0,1000,100,0.01,0.0015,1,11,idID,,random,single_objective
73,0.17970178491605585,0.3134797803535641,0.0034364,[0.       0.       0.       0.       0.105728 0.       0.       0.105728 0.       0.       0.       0.       0.105728 0.105728 0.       0.       0.       0.       0.       0.105728 0.105728 0.105728 0.       0.       0.       0.105728 0.       0.154175 0.       0.       0.      ],[0. 0. 0. 0. 1. 0. 0. 1. 0. 0. 0. 0. 1. 1. 0. 0. 0. 0. 0. 1. 1. 1. 0. 0. 0. 1. 0. 1. 0. 0. 0.],9.0,1000,100,0.01,0.0015,1,11,idID,,random,single_objective
74,0.17970178491605585,0.3154764668526314,0.0034364,[0.       0.       0.       0.       0.105728 0.       0.       0.105728 0.       0.       0.       0.       0.105728 0.105728 0.       0.       0.       0.       0.       0.105728 0.105728 0.105728 0.       0.       0.       0.105728 0.       0.154175 0.       0.       0.      ],[0. 0. 0. 0. 1. 0. 0. 1. 0. 0. 0. 0. 1. 1. 0. 0. 0. 0. 0. 1. 1. 1. 0. 0. 0. 1. 0. 1. 0. 0. 0.],9.0,1000,100,0.01,0.0015,1,11,idID,,random,single_objective
75,0.17970178491605585,0.3174731533516987,0.0034364,[0.       0.       0.       0.       0.105728 0.       0.       0.105728 0.       0.       0.       0.       0.105728 0.105728 0.       0.       0.       0.       0.       0.105728 0.105728 0.105728 0.       0.       0.       0.105728 0.       0.154175 0.       0.       0.      ],[0. 0. 0. 0. 1. 0. 0. 1. 0. 0. 0. 0. 1. 1. 0. 0. 0. 0. 0. 1. 1. 1. 0. 0. 0. 1. 0. 1. 0. 0. 0.],9.0,1000,100,0.01,0.0015,1,11,idID,,random,single_objective
76,0.17970178491605585,0.31946983985076594,0.0034364,[0.       0.       0.       0.       0.105728 0.       0.       0.105728 0.       0.       0.       0.       0.105728 0.105728 0.       0.       0.       0.       0.       0.105728 0.105728 0.105728 0.       0.       0.       0.105728 0.       0.154175 0.       0.       0.      ],[0. 0. 0. 0. 1. 0. 0. 1. 0. 0. 0. 0. 1. 1. 0. 0. 0. 0. 0. 1. 1. 1. 0. 0. 0. 1. 0. 1. 0. 0. 0.],9.0,1000,100,0.01,0.0015,1,11,idID,,random,single_objective
77,0.17970178491605585,0.32146652634983325,0.0034364,[0.       0.       0.       0.       0.105728 0.       0.       0.105728 0.       0.       0.       0.       0.105728 0.105728 0.       0.       0.       0.       0.       0.105728 0.105728 0.105728 0.       0.       0.       0.105728 0.       0.154175 0.       0.       0.      ],[0. 0. 0. 0. 1. 0. 0. 1. 0. 0. 0. 0. 1. 1. 0. 0. 0. 0. 0. 1. 1. 1. 0. 0. 0. 1. 0. 1. 0. 0. 0.],9.0,1000,100,0.01,0.0015,1,11,idID,,random,single_objective
78,0.17970178491605585,0.32346321284890056,0.0034364,[0.       0.       0.       0.       0.105728 0.       0.       0.105728 0.       0.       0.       0.       0.105728 0.105728 0.       0.       0.       0.       0.       0.105728 0.105728 0.105728 0.       0.       0.       0.105728 0.       0.154175 0.       0.       0.      ],[0. 0. 0. 0. 1. 0. 0. 1. 0. 0. 0. 0. 1. 1. 0. 0. 0. 0. 0. 1. 1. 1. 0. 0. 0. 1. 0. 1. 0. 0. 0.],9.0,1000,100,0.01,0.0015,1,11,idID,,random,single_objective
79,0.17970178491605585,0.3254598993479678,0.0034364,[0.       0.       0.       0.       0.105728 0.       0.       0.105728 0.       0.       0.       0.       0.105728 0.105728 0.       0.       0.       0.       0.       0.105728 0.105728 0.105728 0.       0.       0.       0.105728 0.       0.154175 0.       0.       0.      ],[0. 0. 0. 0. 1. 0. 0. 1. 0. 0. 0. 0. 1. 1. 0. 0. 0. 0. 0. 1. 1. 1. 0. 0. 0. 1. 0. 1. 0. 0. 0.],9.0,1000,100,0.01,0.0015,1,11,idID,,random,single_objective
80,0.17970178491605585,0.3274565858470351,0.0034364,[0.       0.       0.       0.       0.105728 0.       0.       0.105728 0.       0.       0.       0.       0.105728 0.105728 0.       0.       0.       0.       0.       0.105728 0.105728 0.105728 0.       0.       0.       0.105728 0.       0.154175 0.       0.       0.      ],[0. 0. 0. 0. 1. 0. 0. 1. 0. 0. 0. 0. 1. 1. 0. 0. 0. 0. 0. 1. 1. 1. 0. 0. 0. 1. 0. 1. 0. 0. 0.],9.0,1000,100,0.01,0.0015,1,11,idID,,random,single_objective
81,0.17970178491605585,0.3294532723461024,0.0034364,[0.       0.       0.       0.       0.105728 0.       0.       0.105728 0.       0.       0.       0.       0.105728 0.105728 0.       0.       0.       0.       0.       0.105728 0.105728 0.105728 0.       0.       0.       0.105728 0.       0.154175 0.       0.       0.      ],[0. 0. 0. 0. 1. 0. 0. 1. 0. 0. 0. 0. 1. 1. 0. 0. 0. 0. 0. 1. 1. 1. 0. 0. 0. 1. 0. 1. 0. 0. 0.],9.0,1000,100,0.01,0.0015,1,11,idID,,random,single_objective
82,0.17970178491605585,0.3314499588451697,0.0034364,[0.       0.       0.       0.       0.105728 0.       0.       0.105728 0.       0.       0.       0.       0.105728 0.105728 0.       0.       0.       0.       0.       0.105728 0.105728 0.105728 0.       0.       0.       0.105728 0.       0.154175 0.       0.       0.      ],[0. 0. 0. 0. 1. 0. 0. 1. 0. 0. 0. 0. 1. 1. 0. 0. 0. 0. 0. 1. 1. 1. 0. 0. 0. 1. 0. 1. 0. 0. 0.],9.0,1000,100,0.01,0.0015,1,11,idID,,random,single_objective
83,0.17970178491605585,0.33344664534423696,0.0034364,[0.       0.       0.       0.       0.105728 0.       0.       0.105728 0.       0.       0.       0.       0.105728 0.105728 0.       0.       0.       0.       0.       0.105728 0.105728 0.105728 0.       0.       0.       0.105728 0.       0.154175 0.       0.       0.      ],[0. 0. 0. 0. 1. 0. 0. 1. 0. 0. 0. 0. 1. 1. 0. 0. 0. 0. 0. 1. 1. 1. 0. 0. 0. 1. 0. 1. 0. 0. 0.],9.0,1000,100,0.01,0.0015,1,11,idID,,random,single_objective
84,0.17970178491605585,0.3354433318433042,0.0034364,[0.       0.       0.       0.       0.105728 0.       0.       0.105728 0.       0.       0.       0.       0.105728 0.105728 0.       0.       0.       0.       0.       0.105728 0.105728 0.105728 0.       0.       0.       0.105728 0.       0.154175 0.       0.       0.      ],[0. 0. 0. 0. 1. 0. 0. 1. 0. 0. 0. 0. 1. 1. 0. 0. 0. 0. 0. 1. 1. 1. 0. 0. 0. 1. 0. 1. 0. 0. 0.],9.0,1000,100,0.01,0.0015,1,11,idID,,random,single_objective
85,0.17970178491605585,0.33744001834237153,0.0034364,[0.       0.       0.       0.       0.105728 0.       0.       0.105728 0.       0.       0.       0.       0.105728 0.105728 0.       0.       0.       0.       0.       0.105728 0.105728 0.105728 0.       0.       0.       0.105728 0.       0.154175 0.       0.       0.      ],[0. 0. 0. 0. 1. 0. 0. 1. 0. 0. 0. 0. 1. 1. 0. 0. 0. 0. 0. 1. 1. 1. 0. 0. 0. 1. 0. 1. 0. 0. 0.],9.0,1000,100,0.01,0.0015,1,11,idID,,random,single_objective
86,0.17970178491605585,0.33943670484143884,0.0034364,[0.       0.       0.       0.       0.105728 0.       0.       0.105728 0.       0.       0.       0.       0.105728 0.105728 0.       0.       0.       0.       0.       0.105728 0.105728 0.105728 0.       0.       0.       0.105728 0.       0.154175 0.       0.       0.      ],[0. 0. 0. 0. 1. 0. 0. 1. 0. 0. 0. 0. 1. 1. 0. 0. 0. 0. 0. 1. 1. 1. 0. 0. 0. 1. 0. 1. 0. 0. 0.],9.0,1000,100,0.01,0.0015,1,11,idID,,random,single_objective
87,0.17970178491605585,0.3414333913405061,0.0034364,[0.       0.       0.       0.       0.105728 0.       0.       0.105728 0.       0.       0.       0.       0.105728 0.105728 0.       0.       0.       0.       0.       0.105728 0.105728 0.105728 0.       0.       0.       0.105728 0.       0.154175 0.       0.       0.      ],[0. 0. 0. 0. 1. 0. 0. 1. 0. 0. 0. 0. 1. 1. 0. 0. 0. 0. 0. 1. 1. 1. 0. 0. 0. 1. 0. 1. 0. 0. 0.],9.0,1000,100,0.01,0.0015,1,11,idID,,random,single_objective
88,0.17970178491605585,0.34343007783957336,0.0034364,[0.       0.       0.       0.       0.105728 0.       0.       0.105728 0.       0.       0.       0.       0.105728 0.105728 0.       0.       0.       0.       0.       0.105728 0.105728 0.105728 0.       0.       0.       0.105728 0.       0.154175 0.       0.       0.      ],[0. 0. 0. 0. 1. 0. 0. 1. 0. 0. 0. 0. 1. 1. 0. 0. 0. 0. 0. 1. 1. 1. 0. 0. 0. 1. 0. 1. 0. 0. 0.],9.0,1000,100,0.01,0.0015,1,11,idID,,random,single_objective
89,0.17970178491605585,0.34542676433864067,0.0034364,[0.       0.       0.       0.       0.105728 0.       0.       0.105728 0.       0.       0.       0.       0.105728 0.105728 0.       0.       0.       0.       0.       0.105728 0.105728 0.105728 0.       0.       0.       0.105728 0.       0.154175 0.       0.       0.      ],[0. 0. 0. 0. 1. 0. 0. 1. 0. 0. 0. 0. 1. 1. 0. 0. 0. 0. 0. 1. 1. 1. 0. 0. 0. 1. 0. 1. 0. 0. 0.],9.0,1000,100,0.01,0.0015,1,11,idID,,random,single_objective
90,0.17970178491605585,0.347423450837708,0.0034364,[0.       0.       0.       0.       0.105728 0.       0.       0.105728 0.       0.       0.       0.       0.105728 0.105728 0.       0.       0.       0.       0.       0.105728 0.105728 0.105728 0.       0.       0.       0.105728 0.       0.154175 0.       0.       0.      ],[0. 0. 0. 0. 1. 0. 0. 1. 0. 0. 0. 0. 1. 1. 0. 0. 0. 0. 0. 1. 1. 1. 0. 0. 0. 1. 0. 1. 0. 0. 0.],9.0,1000,100,0.01,0.0015,1,11,idID,,random,single_objective
91,0.17970178491605585,0.34942013733677524,0.0034364,[0.       0.       0.       0.       0.105728 0.       0.       0.105728 0.       0.       0.       0.       0.105728 0.105728 0.       0.       0.       0.       0.       0.105728 0.105728 0.105728 0.       0.       0.       0.105728 0.       0.154175 0.       0.       0.      ],[0. 0. 0. 0. 1. 0. 0. 1. 0. 0. 0. 0. 1. 1. 0. 0. 0. 0. 0. 1. 1. 1. 0. 0. 0. 1. 0. 1. 0. 0. 0.],9.0,1000,100,0.01,0.0015,1,11,idID,,random,single_objective
92,0.17970178491605585,0.35141682383584255,0.0034364,[0.       0.       0.       0.       0.105728 0.       0.       0.105728 0.       0.       0.       0.       0.105728 0.105728 0.       0.       0.       0.       0.       0.105728 0.105728 0.105728 0.       0.       0.       0.105728 0.       0.154175 0.       0.       0.      ],[0. 0. 0. 0. 1. 0. 0. 1. 0. 0. 0. 0. 1. 1. 0. 0. 0. 0. 0. 1. 1. 1. 0. 0. 0. 1. 0. 1. 0. 0. 0.],9.0,1000,100,0.01,0.0015,1,11,idID,,random,single_objective
93,0.17970178491605585,0.3534135103349098,0.0034364,[0.       0.       0.       0.       0.105728 0.       0.       0.105728 0.       0.       0.       0.       0.105728 0.105728 0.       0.       0.       0.       0.       0.105728 0.105728 0.105728 0.       0.       0.       0.105728 0.       0.154175 0.       0.       0.      ],[0. 0. 0. 0. 1. 0. 0. 1. 0. 0. 0. 0. 1. 1. 0. 0. 0. 0. 0. 1. 1. 1. 0. 0. 0. 1. 0. 1. 0. 0. 0.],9.0,1000,100,0.01,0.0015,1,11,idID,,random,single_objective
94,0.17970178491605585,0.3554101968339771,0.0034364,[0.       0.       0.       0.       0.105728 0.       0.       0.105728 0.       0.       0.       0.       0.105728 0.105728 0.       0.       0.       0.       0.       0.105728 0.105728 0.105728 0.       0.       0.       0.105728 0.       0.154175 0.       0.       0.      ],[0. 0. 0. 0. 1. 0. 0. 1. 0. 0. 0. 0. 1. 1. 0. 0. 0. 0. 0. 1. 1. 1. 0. 0. 0. 1. 0. 1. 0. 0. 0.],9.0,1000,100,0.01,0.0015,1,11,idID,,random,single_objective
95,0.17970178491605585,0.3574068833330444,0.0034364,[0.       0.       0.       0.       0.105728 0.       0.       0.105728 0.       0.       0.       0.       0.105728 0.105728 0.       0.       0.       0.       0.       0.105728 0.105728 0.105728 0.       0.       0.       0.105728 0.       0.154175 0.       0.       0.      ],[0. 0. 0. 0. 1. 0. 0. 1. 0. 0. 0. 0. 1. 1. 0. 0. 0. 0. 0. 1. 1. 1. 0. 0. 0. 1. 0. 1. 0. 0. 0.],9.0,1000,100,0.01,0.0015,1,11,idID,,random,single_objective
96,0.17970178491605585,0.35940356983211175,0.0034364,[0.       0.       0.       0.       0.105728 0.       0.       0.105728 0.       0.       0.       0.       0.105728 0.105728 0.       0.       0.       0.       0.       0.105728 0.105728 0.105728 0.       0.       0.       0.105728 0.       0.154175 0.       0.       0.      ],[0. 0. 0. 0. 1. 0. 0. 1. 0. 0. 0. 0. 1. 1. 0. 0. 0. 0. 0. 1. 1. 1. 0. 0. 0. 1. 0. 1. 0. 0. 0.],9.0,1000,100,0.01,0.0015,1,11,idID,,random,single_objective
97,0.17970178491605585,0.361400256331179,0.0034364,[0.       0.       0.       0.       0.105728 0.       0.       0.105728 0.       0.       0.       0.       0.105728 0.105728 0.       0.       0.       0.       0.       0.105728 0.105728 0.105728 0.       0.       0.       0.105728 0.       0.154175 0.       0.       0.      ],[0. 0. 0. 0. 1. 0. 0. 1. 0. 0. 0. 0. 1. 1. 0. 0. 0. 0. 0. 1. 1. 1. 0. 0. 0. 1. 0. 1. 0. 0. 0.],9.0,1000,100,0.01,0.0015,1,11,idID,,random,single_objective
98,0.17970178491605585,0.36339694283024626,0.0034364,[0.       0.       0.       0.       0.105728 0.       0.       0.105728 0.       0.       0.       0.       0.105728 0.105728 0.       0.       0.       0.       0.       0.105728 0.105728 0.105728 0.       0.       0.       0.105728 0.       0.154175 0.       0.       0.      ],[0. 0. 0. 0. 1. 0. 0. 1. 0. 0. 0. 0. 1. 1. 0. 0. 0. 0. 0. 1. 1. 1. 0. 0. 0. 1. 0. 1. 0. 0. 0.],9.0,1000,100,0.01,0.0015,1,11,idID,,random,single_objective
99,0.17970178491605585,0.3653936293293135,0.0034364,[0.       0.       0.       0.       0.105728 0.       0.       0.105728 0.       0.       0.       0.       0.105728 0.105728 0.       0.       0.       0.       0.       0.105728 0.105728 0.105728 0.       0.       0.       0.105728 0.       0.154175 0.       0.       0.      ],[0. 0. 0. 0. 1. 0. 0. 1. 0. 0. 0. 0. 1. 1. 0. 0. 0. 0. 0. 1. 1. 1. 0. 0. 0. 1. 0. 1. 0. 0. 0.],9.0,1000,100,0.01,0.0015,1,11,idID,,random,single_objective
100,0.17970178491605585,0.3673903158283809,0.0034364,[0.       0.       0.       0.       0.105728 0.       0.       0.105728 0.       0.       0.       0.       0.105728 0.105728 0.       0.       0.       0.       0.       0.105728 0.105728 0.105728 0.       0.       0.       0.105728 0.       0.154175 0.       0.       0.      ],[0. 0. 0. 0. 1. 0. 0. 1. 0. 0. 0. 0. 1. 1. 0. 0. 0. 0. 0. 1. 1. 1. 0. 0. 0. 1. 0. 1. 0. 0. 0.],9.0,1000,100,0.01,0.0015,1,11,idID,,random,single_objective
101,0.17970178491605585,0.36938700232744814,0.0034364,[0.       0.       0.       0.       0.105728 0.       0.       0.105728 0.       0.       0.       0.       0.105728 0.105728 0.       0.       0.       0.       0.       0.105728 0.105728 0.105728 0.       0.       0.       0.105728 0.       0.154175 0.       0.       0.      ],[0. 0. 0. 0. 1. 0. 0. 1. 0. 0. 0. 0. 1. 1. 0. 0. 0. 0. 0. 1. 1. 1. 0. 0. 0. 1. 0. 1. 0. 0. 0.],9.0,1000,100,0.01,0.0015,1,11,idID,,random,single_objective
102,0.17970178491605585,0.3713836888265154,0.0034364,[0.       0.       0.       0.       0.105728 0.       0.       0.105728 0.       0.       0.       0.       0.105728 0.105728 0.       0.       0.       0.       0.       0.105728 0.105728 0.105728 0.       0.       0.       0.105728 0.       0.154175 0.       0.       0.      ],[0. 0. 0. 0. 1. 0. 0. 1. 0. 0. 0. 0. 1. 1. 0. 0. 0. 0. 0. 1. 1. 1. 0. 0. 0. 1. 0. 1. 0. 0. 0.],9.0,1000,100,0.01,0.0015,1,11,idID,,random,single_objective
103,0.17970178491605585,0.3733803753255827,0.0034364,[0.       0.       0.       0.       0.105728 0.       0.       0.105728 0.       0.       0.       0.       0.105728 0.105728 0.       0.       0.       0.       0.       0.105728 0.105728 0.105728 0.       0.       0.       0.105728 0.       0.154175 0.       0.       0.      ],[0. 0. 0. 0. 1. 0. 0. 1. 0. 0. 0. 0. 1. 1. 0. 0. 0. 0. 0. 1. 1. 1. 0. 0. 0. 1. 0. 1. 0. 0. 0.],9.0,1000,100,0.01,0.0015,1,11,idID,,random,single_objective
104,0.17970178491605585,0.37537706182464997,0.0034364,[0.       0.       0.       0.       0.105728 0.       0.       0.105728 0.       0.       0.       0.       0.105728 0.105728 0.       0.       0.       0.       0.       0.105728 0.105728 0.105728 0.       0.       0.       0.105728 0.       0.154175 0.       0.       0.      ],[0. 0. 0. 0. 1. 0. 0. 1. 0. 0. 0. 0. 1. 1. 0. 0. 0. 0. 0. 1. 1. 1. 0. 0. 0. 1. 0. 1. 0. 0. 0.],9.0,1000,100,0.01,0.0015,1,11,idID,,random,single_objective
105,0.17970178491605585,0.3773737483237173,0.0034364,[0.       0.       0.       0.       0.105728 0.       0.       0.105728 0.       0.       0.       0.       0.105728 0.105728 0.       0.       0.       0.       0.       0.105728 0.105728 0.105728 0.       0.       0.       0.105728 0.       0.154175 0.       0.       0.      ],[0. 0. 0. 0. 1. 0. 0. 1. 0. 0. 0. 0. 1. 1. 0. 0. 0. 0. 0. 1. 1. 1. 0. 0. 0. 1. 0. 1. 0. 0. 0.],9.0,1000,100,0.01,0.0015,1,11,idID,,random,single_objective
106,0.17970178491605585,0.3773737483237173,0.0034364,[0.       0.       0.       0.       0.105728 0.       0.       0.105728 0.       0.       0.       0.       0.105728 0.105728 0.       0.       0.       0.       0.       0.105728 0.105728 0.105728 0.       0.       0.       0.105728 0.       0.154175 0.       0.       0.      ],[0. 0. 0. 0. 1. 0. 0. 1. 0. 0. 0. 0. 1. 1. 0. 0. 0. 0. 0. 1. 1. 1. 0. 0. 0. 1. 0. 1. 0. 0. 0.],9.0,1000,100,0.01,0.0015,1,11,idID,,random,single_objective
107,0.17970178491605585,0.3773737483237173,0.0034364,[0.       0.       0.       0.       0.105728 0.       0.       0.105728 0.       0.       0.       0.       0.105728 0.105728 0.       0.       0.       0.       0.       0.105728 0.105728 0.105728 0.       0.       0.       0.105728 0.       0.154175 0.       0.       0.      ],[0. 0. 0. 0. 1. 0. 0. 1. 0. 0. 0. 0. 1. 1. 0. 0. 0. 0. 0. 1. 1. 1. 0. 0. 0. 1. 0. 1. 0. 0. 0.],9.0,1000,100,0.01,0.0015,1,11,idID,,random,single_objective
108,0.17970178491605585,0.3773737483237173,0.0034364,[0.       0.       0.       0.       0.105728 0.       0.       0.105728 0.       0.       0.       0.       0.105728 0.105728 0.       0.       0.       0.       0.       0.105728 0.105728 0.105728 0.       0.       0.       0.105728 0.       0.154175 0.       0.       0.      ],[0. 0. 0. 0. 1. 0. 0. 1. 0. 0. 0. 0. 1. 1. 0. 0. 0. 0. 0. 1. 1. 1. 0. 0. 0. 1. 0. 1. 0. 0. 0.],9.0,1000,100,0.01,0.0015,1,11,idID,,random,single_objective
109,0.17970178491605585,0.3773737483237173,0.0034364,[0.       0.       0.       0.       0.105728 0.       0.       0.105728 0.       0.       0.       0.       0.105728 0.105728 0.       0.       0.       0.       0.       0.105728 0.105728 0.105728 0.       0.       0.       0.105728 0.       0.154175 0.       0.       0.      ],[0. 0. 0. 0. 1. 0. 0. 1. 0. 0. 0. 0. 1. 1. 0. 0. 0. 0. 0. 1. 1. 1. 0. 0. 0. 1. 0. 1. 0. 0. 0.],9.0,1000,100,0.01,0.0015,1,11,idID,,random,single_objective
110,0.17970178491605585,0.3773737483237173,0.0034364,[0.       0.       0.       0.       0.105728 0.       0.       0.105728 0.       0.       0.       0.       0.105728 0.105728 0.       0.       0.       0.       0.       0.105728 0.105728 0.105728 0.       0.       0.       0.105728 0.       0.154175 0.       0.       0.      ],[0. 0. 0. 0. 1. 0. 0. 1. 0. 0. 0. 0. 1. 1. 0. 0. 0. 0. 0. 1. 1. 1. 0. 0. 0. 1. 0. 1. 0. 0. 0.],9.0,1000,100,0.01,0.0015,1,11,idID,,random,single_objective
111,0.17970178491605585,0.3773737483237173,0.0034364,[0.       0.       0.       0.       0.105728 0.       0.       0.105728 0.       0.       0.       0.       0.105728 0.105728 0.       0.       0.       0.       0.       0.105728 0.105728 0.105728 0.       0.       0.       0.105728 0.       0.154175 0.       0.       0.      ],[0. 0. 0. 0. 1. 0. 0. 1. 0. 0. 0. 0. 1. 1. 0. 0. 0. 0. 0. 1. 1. 1. 0. 0. 0. 1. 0. 1. 0. 0. 0.],9.0,1000,100,0.01,0.0015,1,11,idID,,random,single_objective
112,0.17970178491605585,0.3773737483237173,0.0034364,[0.       0.       0.       0.       0.105728 0.       0.       0.105728 0.       0.       0.       0.       0.105728 0.105728 0.       0.       0.       0.       0.       0.105728 0.105728 0.105728 0.       0.       0.       0.105728 0.       0.154175 0.       0.       0.      ],[0. 0. 0. 0. 1. 0. 0. 1. 0. 0. 0. 0. 1. 1. 0. 0. 0. 0. 0. 1. 1. 1. 0. 0. 0. 1. 0. 1. 0. 0. 0.],9.0,1000,100,0.01,0.0015,1,11,idID,,random,single_objective
113,0.17970178491605585,0.3773737483237173,0.0034364,[0.       0.       0.       0.       0.105728 0.       0.       0.105728 0.       0.       0.       0.       0.105728 0.105728 0.       0.       0.       0.       0.       0.105728 0.105728 0.105728 0.       0.       0.       0.105728 0.       0.154175 0.       0.       0.      ],[0. 0. 0. 0. 1. 0. 0. 1. 0. 0. 0. 0. 1. 1. 0. 0. 0. 0. 0. 1. 1. 1. 0. 0. 0. 1. 0. 1. 0. 0. 0.],9.0,1000,100,0.01,0.0015,1,11,idID,,random,single_objective
114,0.17970178491605585,0.3773737483237173,0.0034364,[0.       0.       0.       0.       0.105728 0.       0.       0.105728 0.       0.       0.       0.       0.105728 0.105728 0.       0.       0.       0.       0.       0.105728 0.105728 0.105728 0.       0.       0.       0.105728 0.       0.154175 0.       0.       0.      ],[0. 0. 0. 0. 1. 0. 0. 1. 0. 0. 0. 0. 1. 1. 0. 0. 0. 0. 0. 1. 1. 1. 0. 0. 0. 1. 0. 1. 0. 0. 0.],9.0,1000,100,0.01,0.0015,1,11,idID,,random,single_objective
115,0.17970178491605585,0.3773737483237173,0.0034364,[0.       0.       0.       0.       0.105728 0.       0.       0.105728 0.       0.       0.       0.       0.105728 0.105728 0.       0.       0.       0.       0.       0.105728 0.105728 0.105728 0.       0.       0.       0.105728 0.       0.154175 0.       0.       0.      ],[0. 0. 0. 0. 1. 0. 0. 1. 0. 0. 0. 0. 1. 1. 0. 0. 0. 0. 0. 1. 1. 1. 0. 0. 0. 1. 0. 1. 0. 0. 0.],9.0,1000,100,0.01,0.0015,1,11,idID,,random,single_objective
116,0.17970178491605585,0.3773737483237173,0.0034364,[0.       0.       0.       0.       0.105728 0.       0.       0.105728 0.       0.       0.       0.       0.105728 0.105728 0.       0.       0.       0.       0.       0.105728 0.105728 0.105728 0.       0.       0.       0.105728 0.       0.154175 0.       0.       0.      ],[0. 0. 0. 0. 1. 0. 0. 1. 0. 0. 0. 0. 1. 1. 0. 0. 0. 0. 0. 1. 1. 1. 0. 0. 0. 1. 0. 1. 0. 0. 0.],9.0,1000,100,0.01,0.0015,1,11,idID,,random,single_objective
117,0.17970178491605585,0.3773737483237173,0.0034364,[0.       0.       0.       0.       0.105728 0.       0.       0.105728 0.       0.       0.       0.       0.105728 0.105728 0.       0.       0.       0.       0.       0.105728 0.105728 0.105728 0.       0.       0.       0.105728 0.       0.154175 0.       0.       0.      ],[0. 0. 0. 0. 1. 0. 0. 1. 0. 0. 0. 0. 1. 1. 0. 0. 0. 0. 0. 1. 1. 1. 0. 0. 0. 1. 0. 1. 0. 0. 0.],9.0,1000,100,0.01,0.0015,1,11,idID,,random,single_objective
118,0.17970178491605585,0.3773737483237173,0.0034364,[0.       0.       0.       0.       0.105728 0.       0.       0.105728 0.       0.       0.       0.       0.105728 0.105728 0.       0.       0.       0.       0.       0.105728 0.105728 0.105728 0.       0.       0.       0.105728 0.       0.154175 0.       0.       0.      ],[0. 0. 0. 0. 1. 0. 0. 1. 0. 0. 0. 0. 1. 1. 0. 0. 0. 0. 0. 1. 1. 1. 0. 0. 0. 1. 0. 1. 0. 0. 0.],9.0,1000,100,0.01,0.0015,1,11,idID,,random,single_objective
119,0.17970178491605585,0.3773737483237173,0.0034364,[0.       0.       0.       0.       0.105728 0.       0.       0.105728 0.       0.       0.       0.       0.105728 0.105728 0.       0.       0.       0.       0.       0.105728 0.105728 0.105728 0.       0.       0.       0.105728 0.       0.154175 0.       0.       0.      ],[0. 0. 0. 0. 1. 0. 0. 1. 0. 0. 0. 0. 1. 1. 0. 0. 0. 0. 0. 1. 1. 1. 0. 0. 0. 1. 0. 1. 0. 0. 0.],9.0,1000,100,0.01,0.0015,1,11,idID,,random,single_objective
120,0.17970178491605585,0.3773737483237173,0.0034364,[0.       0.       0.       0.       0.105728 0.       0.       0.105728 0.       0.       0.       0.       0.105728 0.105728 0.       0.       0.       0.       0.       0.105728 0.105728 0.105728 0.       0.       0.       0.105728 0.       0.154175 0.       0.       0.      ],[0. 0. 0. 0. 1. 0. 0. 1. 0. 0. 0. 0. 1. 1. 0. 0. 0. 0. 0. 1. 1. 1. 0. 0. 0. 1. 0. 1. 0. 0. 0.],9.0,1000,100,0.01,0.0015,1,11,idID,,random,single_objective
121,0.17970178491605585,0.3773737483237173,0.0034364,[0.       0.       0.       0.       0.105728 0.       0.       0.105728 0.       0.       0.       0.       0.105728 0.105728 0.       0.       0.       0.       0.       0.105728 0.105728 0.105728 0.       0.       0.       0.105728 0.       0.154175 0.       0.       0.      ],[0. 0. 0. 0. 1. 0. 0. 1. 0. 0. 0. 0. 1. 1. 0. 0. 0. 0. 0. 1. 1. 1. 0. 0. 0. 1. 0. 1. 0. 0. 0.],9.0,1000,100,0.01,0.0015,1,11,idID,,random,single_objective
122,0.17970178491605585,0.3773737483237173,0.0034364,[0.       0.       0.       0.       0.105728 0.       0.       0.105728 0.       0.       0.       0.       0.105728 0.105728 0.       0.       0.       0.       0.       0.105728 0.105728 0.105728 0.       0.       0.       0.105728 0.       0.154175 0.       0.       0.      ],[0. 0. 0. 0. 1. 0. 0. 1. 0. 0. 0. 0. 1. 1. 0. 0. 0. 0. 0. 1. 1. 1. 0. 0. 0. 1. 0. 1. 0. 0. 0.],9.0,1000,100,0.01,0.0015,1,11,idID,,random,single_objective
123,0.17970178491605585,0.3773737483237173,0.0034364,[0.       0.       0.       0.       0.105728 0.       0.       0.105728 0.       0.       0.       0.       0.105728 0.105728 0.       0.       0.       0.       0.       0.105728 0.105728 0.105728 0.       0.       0.       0.105728 0.       0.154175 0.       0.       0.      ],[0. 0. 0. 0. 1. 0. 0. 1. 0. 0. 0. 0. 1. 1. 0. 0. 0. 0. 0. 1. 1. 1. 0. 0. 0. 1. 0. 1. 0. 0. 0.],9.0,1000,100,0.01,0.0015,1,11,idID,,random,single_objective
124,0.17970178491605585,0.3773737483237173,0.0034364,[0.       0.       0.       0.       0.105728 0.       0.       0.105728 0.       0.       0.       0.       0.105728 0.105728 0.       0.       0.       0.       0.       0.105728 0.105728 0.105728 0.       0.       0.       0.105728 0.       0.154175 0.       0.       0.      ],[0. 0. 0. 0. 1. 0. 0. 1. 0. 0. 0. 0. 1. 1. 0. 0. 0. 0. 0. 1. 1. 1. 0. 0. 0. 1. 0. 1. 0. 0. 0.],9.0,1000,100,0.01,0.0015,1,11,idID,,random,single_objective
125,0.17970178491605585,0.3773737483237173,0.0034364,[0.       0.       0.       0.       0.105728 0.       0.       0.105728 0.       0.       0.       0.       0.105728 0.105728 0.       0.       0.       0.       0.       0.105728 0.105728 0.105728 0.       0.       0.       0.105728 0.       0.154175 0.       0.       0.      ],[0. 0. 0. 0. 1. 0. 0. 1. 0. 0. 0. 0. 1. 1. 0. 0. 0. 0. 0. 1. 1. 1. 0. 0. 0. 1. 0. 1. 0. 0. 0.],9.0,1000,100,0.01,0.0015,1,11,idID,,random,single_objective
126,0.17970178491605585,0.3773737483237173,0.0034364,[0.       0.       0.       0.       0.105728 0.       0.       0.105728 0.       0.       0.       0.       0.105728 0.105728 0.       0.       0.       0.       0.       0.105728 0.105728 0.105728 0.       0.       0.       0.105728 0.       0.154175 0.       0.       0.      ],[0. 0. 0. 0. 1. 0. 0. 1. 0. 0. 0. 0. 1. 1. 0. 0. 0. 0. 0. 1. 1. 1. 0. 0. 0. 1. 0. 1. 0. 0. 0.],9.0,1000,100,0.01,0.0015,1,11,idID,,random,single_objective
127,0.17970178491605585,0.3773737483237173,0.0034364,[0.       0.       0.       0.       0.105728 0.       0.       0.105728 0.       0.       0.       0.       0.105728 0.105728 0.       0.       0.       0.       0.       0.105728 0.105728 0.105728 0.       0.       0.       0.105728 0.       0.154175 0.       0.       0.      ],[0. 0. 0. 0. 1. 0. 0. 1. 0. 0. 0. 0. 1. 1. 0. 0. 0. 0. 0. 1. 1. 1. 0. 0. 0. 1. 0. 1. 0. 0. 0.],9.0,1000,100,0.01,0.0015,1,11,idID,,random,single_objective
128,0.17970178491605585,0.3773737483237173,0.0034364,[0.       0.       0.       0.       0.105728 0.       0.       0.105728 0.       0.       0.       0.       0.105728 0.105728 0.       0.       0.       0.       0.       0.105728 0.105728 0.105728 0.       0.       0.       0.105728 0.       0.154175 0.       0.       0.      ],[0. 0. 0. 0. 1. 0. 0. 1. 0. 0. 0. 0. 1. 1. 0. 0. 0. 0. 0. 1. 1. 1. 0. 0. 0. 1. 0. 1. 0. 0. 0.],9.0,1000,100,0.01,0.0015,1,11,idID,,random,single_objective
129,0.17970178491605585,0.3773737483237173,0.0034364,[0.       0.       0.       0.       0.105728 0.       0.       0.105728 0.       0.       0.       0.       0.105728 0.105728 0.       0.       0.       0.       0.       0.105728 0.105728 0.105728 0.       0.       0.       0.105728 0.       0.154175 0.       0.       0.      ],[0. 0. 0. 0. 1. 0. 0. 1. 0. 0. 0. 0. 1. 1. 0. 0. 0. 0. 0. 1. 1. 1. 0. 0. 0. 1. 0. 1. 0. 0. 0.],9.0,1000,100,0.01,0.0015,1,11,idID,,random,single_objective
130,0.17970178491605585,0.3773737483237173,0.0034364,[0.       0.       0.       0.       0.105728 0.       0.       0.105728 0.       0.       0.       0.       0.105728 0.105728 0.       0.       0.       0.       0.       0.105728 0.105728 0.105728 0.       0.       0.       0.105728 0.       0.154175 0.       0.       0.      ],[0. 0. 0. 0. 1. 0. 0. 1. 0. 0. 0. 0. 1. 1. 0. 0. 0. 0. 0. 1. 1. 1. 0. 0. 0. 1. 0. 1. 0. 0. 0.],9.0,1000,100,0.01,0.0015,1,11,idID,,random,single_objective
131,0.17970178491605585,0.3773737483237173,0.0034364,[0.       0.       0.       0.       0.105728 0.       0.       0.105728 0.       0.       0.       0.       0.105728 0.105728 0.       0.       0.       0.       0.       0.105728 0.105728 0.105728 0.       0.       0.       0.105728 0.       0.154175 0.       0.       0.      ],[0. 0. 0. 0. 1. 0. 0. 1. 0. 0. 0. 0. 1. 1. 0. 0. 0. 0. 0. 1. 1. 1. 0. 0. 0. 1. 0. 1. 0. 0. 0.],9.0,1000,100,0.01,0.0015,1,11,idID,,random,single_objective
132,0.17970178491605585,0.3773737483237173,0.0034364,[0.       0.       0.       0.       0.105728 0.       0.       0.105728 0.       0.       0.       0.       0.105728 0.105728 0.       0.       0.       0.       0.       0.105728 0.105728 0.105728 0.       0.       0.       0.105728 0.       0.154175 0.       0.       0.      ],[0. 0. 0. 0. 1. 0. 0. 1. 0. 0. 0. 0. 1. 1. 0. 0. 0. 0. 0. 1. 1. 1. 0. 0. 0. 1. 0. 1. 0. 0. 0.],9.0,1000,100,0.01,0.0015,1,11,idID,,random,single_objective
133,0.17970178491605585,0.3773737483237173,0.0034364,[0.       0.       0.       0.       0.105728 0.       0.       0.105728 0.       0.       0.       0.       0.105728 0.105728 0.       0.       0.       0.       0.       0.105728 0.105728 0.105728 0.       0.       0.       0.105728 0.       0.154175 0.       0.       0.      ],[0. 0. 0. 0. 1. 0. 0. 1. 0. 0. 0. 0. 1. 1. 0. 0. 0. 0. 0. 1. 1. 1. 0. 0. 0. 1. 0. 1. 0. 0. 0.],9.0,1000,100,0.01,0.0015,1,11,idID,,random,single_objective
134,0.17970178491605585,0.3773737483237173,0.0034364,[0.       0.       0.       0.       0.105728 0.       0.       0.105728 0.       0.       0.       0.       0.105728 0.105728 0.       0.       0.       0.       0.       0.105728 0.105728 0.105728 0.       0.       0.       0.105728 0.       0.154175 0.       0.       0.      ],[0. 0. 0. 0. 1. 0. 0. 1. 0. 0. 0. 0. 1. 1. 0. 0. 0. 0. 0. 1. 1. 1. 0. 0. 0. 1. 0. 1. 0. 0. 0.],9.0,1000,100,0.01,0.0015,1,11,idID,,random,single_objective
135,0.17970178491605585,0.3773737483237173,0.0034364,[0.       0.       0.       0.       0.105728 0.       0.       0.105728 0.       0.       0.       0.       0.105728 0.105728 0.       0.       0.       0.       0.       0.105728 0.105728 0.105728 0.       0.       0.       0.105728 0.       0.154175 0.       0.       0.      ],[0. 0. 0. 0. 1. 0. 0. 1. 0. 0. 0. 0. 1. 1. 0. 0. 0. 0. 0. 1. 1. 1. 0. 0. 0. 1. 0. 1. 0. 0. 0.],9.0,1000,100,0.01,0.0015,1,11,idID,,random,single_objective
136,0.17970178491605585,0.3773737483237173,0.0034364,[0.       0.       0.       0.       0.105728 0.       0.       0.105728 0.       0.       0.       0.       0.105728 0.105728 0.       0.       0.       0.       0.       0.105728 0.105728 0.105728 0.       0.       0.       0.105728 0.       0.154175 0.       0.       0.      ],[0. 0. 0. 0. 1. 0. 0. 1. 0. 0. 0. 0. 1. 1. 0. 0. 0. 0. 0. 1. 1. 1. 0. 0. 0. 1. 0. 1. 0. 0. 0.],9.0,1000,100,0.01,0.0015,1,11,idID,,random,single_objective
137,0.17970178491605585,0.3773737483237173,0.0034364,[0.       0.       0.       0.       0.105728 0.       0.       0.105728 0.       0.       0.       0.       0.105728 0.105728 0.       0.       0.       0.       0.       0.105728 0.105728 0.105728 0.       0.       0.       0.105728 0.       0.154175 0.       0.       0.      ],[0. 0. 0. 0. 1. 0. 0. 1. 0. 0. 0. 0. 1. 1. 0. 0. 0. 0. 0. 1. 1. 1. 0. 0. 0. 1. 0. 1. 0. 0. 0.],9.0,1000,100,0.01,0.0015,1,11,idID,,random,single_objective
138,0.17970178491605585,0.3773737483237173,0.0034364,[0.       0.       0.       0.       0.105728 0.       0.       0.105728 0.       0.       0.       0.       0.105728 0.105728 0.       0.       0.       0.       0.       0.105728 0.105728 0.105728 0.       0.       0.       0.105728 0.       0.154175 0.       0.       0.      ],[0. 0. 0. 0. 1. 0. 0. 1. 0. 0. 0. 0. 1. 1. 0. 0. 0. 0. 0. 1. 1. 1. 0. 0. 0. 1. 0. 1. 0. 0. 0.],9.0,1000,100,0.01,0.0015,1,11,idID,,random,single_objective
139,0.17970178491605585,0.3773737483237173,0.0034364,[0.       0.       0.       0.       0.105728 0.       0.       0.105728 0.       0.       0.       0.       0.105728 0.105728 0.       0.       0.       0.       0.       0.105728 0.105728 0.105728 0.       0.       0.       0.105728 0.       0.154175 0.       0.       0.      ],[0. 0. 0. 0. 1. 0. 0. 1. 0. 0. 0. 0. 1. 1. 0. 0. 0. 0. 0. 1. 1. 1. 0. 0. 0. 1. 0. 1. 0. 0. 0.],9.0,1000,100,0.01,0.0015,1,11,idID,,random,single_objective
140,0.17970178491605585,0.3773737483237173,0.0034364,[0.       0.       0.       0.       0.105728 0.       0.       0.105728 0.       0.       0.       0.       0.105728 0.105728 0.       0.       0.       0.       0.       0.105728 0.105728 0.105728 0.       0.       0.       0.105728 0.       0.154175 0.       0.       0.      ],[0. 0. 0. 0. 1. 0. 0. 1. 0. 0. 0. 0. 1. 1. 0. 0. 0. 0. 0. 1. 1. 1. 0. 0. 0. 1. 0. 1. 0. 0. 0.],9.0,1000,100,0.01,0.0015,1,11,idID,,random,single_objective
141,0.17970178491605585,0.3773737483237173,0.0034364,[0.       0.       0.       0.       0.105728 0.       0.       0.105728 0.       0.       0.       0.       0.105728 0.105728 0.       0.       0.       0.       0.       0.105728 0.105728 0.105728 0.       0.       0.       0.105728 0.       0.154175 0.       0.       0.      ],[0. 0. 0. 0. 1. 0. 0. 1. 0. 0. 0. 0. 1. 1. 0. 0. 0. 0. 0. 1. 1. 1. 0. 0. 0. 1. 0. 1. 0. 0. 0.],9.0,1000,100,0.01,0.0015,1,11,idID,,random,single_objective
142,0.17970178491605585,0.3773737483237173,0.0034364,[0.       0.       0.       0.       0.105728 0.       0.       0.105728 0.       0.       0.       0.       0.105728 0.105728 0.       0.       0.       0.       0.       0.105728 0.105728 0.105728 0.       0.       0.       0.105728 0.       0.154175 0.       0.       0.      ],[0. 0. 0. 0. 1. 0. 0. 1. 0. 0. 0. 0. 1. 1. 0. 0. 0. 0. 0. 1. 1. 1. 0. 0. 0. 1. 0. 1. 0. 0. 0.],9.0,1000,100,0.01,0.0015,1,11,idID,,random,single_objective
143,0.17970178491605585,0.3773737483237173,0.0034364,[0.       0.       0.       0.       0.105728 0.       0.       0.105728 0.       0.       0.       0.       0.105728 0.105728 0.       0.       0.       0.       0.       0.105728 0.105728 0.105728 0.       0.       0.       0.105728 0.       0.154175 0.       0.       0.      ],[0. 0. 0. 0. 1. 0. 0. 1. 0. 0. 0. 0. 1. 1. 0. 0. 0. 0. 0. 1. 1. 1. 0. 0. 0. 1. 0. 1. 0. 0. 0.],9.0,1000,100,0.01,0.0015,1,11,idID,,random,single_objective
144,0.17970178491605585,0.3773737483237173,0.0034364,[0.       0.       0.       0.       0.105728 0.       0.       0.105728 0.       0.       0.       0.       0.105728 0.105728 0.       0.       0.       0.       0.       0.105728 0.105728 0.105728 0.       0.       0.       0.105728 0.       0.154175 0.       0.       0.      ],[0. 0. 0. 0. 1. 0. 0. 1. 0. 0. 0. 0. 1. 1. 0. 0. 0. 0. 0. 1. 1. 1. 0. 0. 0. 1. 0. 1. 0. 0. 0.],9.0,1000,100,0.01,0.0015,1,11,idID,,random,single_objective
145,0.17970178491605585,0.3773737483237173,0.0034364,[0.       0.       0.       0.       0.105728 0.       0.       0.105728 0.       0.       0.       0.       0.105728 0.105728 0.       0.       0.       0.       0.       0.105728 0.105728 0.105728 0.       0.       0.       0.105728 0.       0.154175 0.       0.       0.      ],[0. 0. 0. 0. 1. 0. 0. 1. 0. 0. 0. 0. 1. 1. 0. 0. 0. 0. 0. 1. 1. 1. 0. 0. 0. 1. 0. 1. 0. 0. 0.],9.0,1000,100,0.01,0.0015,1,11,idID,,random,single_objective
146,0.17970178491605585,0.3773737483237173,0.0034364,[0.       0.       0.       0.       0.105728 0.       0.       0.105728 0.       0.       0.       0.       0.105728 0.105728 0.       0.       0.       0.       0.       0.105728 0.105728 0.105728 0.       0.       0.       0.105728 0.       0.154175 0.       0.       0.      ],[0. 0. 0. 0. 1. 0. 0. 1. 0. 0. 0. 0. 1. 1. 0. 0. 0. 0. 0. 1. 1. 1. 0. 0. 0. 1. 0. 1. 0. 0. 0.],9.0,1000,100,0.01,0.0015,1,11,idID,,random,single_objective
147,0.17970178491605585,0.3773737483237173,0.0034364,[0.       0.       0.       0.       0.105728 0.       0.       0.105728 0.       0.       0.       0.       0.105728 0.105728 0.       0.       0.       0.       0.       0.105728 0.105728 0.105728 0.       0.       0.       0.105728 0.       0.154175 0.       0.       0.      ],[0. 0. 0. 0. 1. 0. 0. 1. 0. 0. 0. 0. 1. 1. 0. 0. 0. 0. 0. 1. 1. 1. 0. 0. 0. 1. 0. 1. 0. 0. 0.],9.0,1000,100,0.01,0.0015,1,11,idID,,random,single_objective
148,0.17970178491605585,0.3773737483237173,0.0034364,[0.       0.       0.       0.       0.105728 0.       0.       0.105728 0.       0.       0.       0.       0.105728 0.105728 0.       0.       0.       0.       0.       0.105728 0.105728 0.105728 0.       0.       0.       0.105728 0.       0.154175 0.       0.       0.      ],[0. 0. 0. 0. 1. 0. 0. 1. 0. 0. 0. 0. 1. 1. 0. 0. 0. 0. 0. 1. 1. 1. 0. 0. 0. 1. 0. 1. 0. 0. 0.],9.0,1000,100,0.01,0.0015,1,11,idID,,random,single_objective
149,0.17970178491605585,0.3773737483237173,0.0034364,[0.       0.       0.       0.       0.105728 0.       0.       0.105728 0.       0.       0.       0.       0.105728 0.105728 0.       0.       0.       0.       0.       0.105728 0.105728 0.105728 0.       0.       0.       0.105728 0.       0.154175 0.       0.       0.      ],[0. 0. 0. 0. 1. 0. 0. 1. 0. 0. 0. 0. 1. 1. 0. 0. 0. 0. 0. 1. 1. 1. 0. 0. 0. 1. 0. 1. 0. 0. 0.],9.0,1000,100,0.01,0.0015,1,11,idID,,random,single_objective
150,0.17970178491605585,0.3773737483237173,0.0034364,[0.       0.       0.       0.       0.105728 0.       0.       0.105728 0.       0.       0.       0.       0.105728 0.105728 0.       0.       0.       0.       0.       0.105728 0.105728 0.105728 0.       0.       0.       0.105728 0.       0.154175 0.       0.       0.      ],[0. 0. 0. 0. 1. 0. 0. 1. 0. 0. 0. 0. 1. 1. 0. 0. 0. 0. 0. 1. 1. 1. 0. 0. 0. 1. 0. 1. 0. 0. 0.],9.0,1000,100,0.01,0.0015,1,11,idID,,random,single_objective
151,0.17970178491605585,0.3773737483237173,0.0034364,[0.       0.       0.       0.       0.105728 0.       0.       0.105728 0.       0.       0.       0.       0.105728 0.105728 0.       0.       0.       0.       0.       0.105728 0.105728 0.105728 0.       0.       0.       0.105728 0.       0.154175 0.       0.       0.      ],[0. 0. 0. 0. 1. 0. 0. 1. 0. 0. 0. 0. 1. 1. 0. 0. 0. 0. 0. 1. 1. 1. 0. 0. 0. 1. 0. 1. 0. 0. 0.],9.0,1000,100,0.01,0.0015,1,11,idID,,random,single_objective
152,0.17970178491605585,0.3773737483237173,0.0034364,[0.       0.       0.       0.       0.105728 0.       0.       0.105728 0.       0.       0.       0.       0.105728 0.105728 0.       0.       0.       0.       0.       0.105728 0.105728 0.105728 0.       0.       0.       0.105728 0.       0.154175 0.       0.       0.      ],[0. 0. 0. 0. 1. 0. 0. 1. 0. 0. 0. 0. 1. 1. 0. 0. 0. 0. 0. 1. 1. 1. 0. 0. 0. 1. 0. 1. 0. 0. 0.],9.0,1000,100,0.01,0.0015,1,11,idID,,random,single_objective
153,0.17970178491605585,0.3773737483237173,0.0034364,[0.       0.       0.       0.       0.105728 0.       0.       0.105728 0.       0.       0.       0.       0.105728 0.105728 0.       0.       0.       0.       0.       0.105728 0.105728 0.105728 0.       0.       0.       0.105728 0.       0.154175 0.       0.       0.      ],[0. 0. 0. 0. 1. 0. 0. 1. 0. 0. 0. 0. 1. 1. 0. 0. 0. 0. 0. 1. 1. 1. 0. 0. 0. 1. 0. 1. 0. 0. 0.],9.0,1000,100,0.01,0.0015,1,11,idID,,random,single_objective
154,0.17970178491605585,0.3773737483237173,0.0034364,[0.       0.       0.       0.       0.105728 0.       0.       0.105728 0.       0.       0.       0.       0.105728 0.105728 0.       0.       0.       0.       0.       0.105728 0.105728 0.105728 0.       0.       0.       0.105728 0.       0.154175 0.       0.       0.      ],[0. 0. 0. 0. 1. 0. 0. 1. 0. 0. 0. 0. 1. 1. 0. 0. 0. 0. 0. 1. 1. 1. 0. 0. 0. 1. 0. 1. 0. 0. 0.],9.0,1000,100,0.01,0.0015,1,11,idID,,random,single_objective
155,0.17970178491605585,0.3773737483237173,0.0034364,[0.       0.       0.       0.       0.105728 0.       0.       0.105728 0.       0.       0.       0.       0.105728 0.105728 0.       0.       0.       0.       0.       0.105728 0.105728 0.105728 0.       0.       0.       0.105728 0.       0.154175 0.       0.       0.      ],[0. 0. 0. 0. 1. 0. 0. 1. 0. 0. 0. 0. 1. 1. 0. 0. 0. 0. 0. 1. 1. 1. 0. 0. 0. 1. 0. 1. 0. 0. 0.],9.0,1000,100,0.01,0.0015,1,11,idID,,random,single_objective
156,0.17970178491605585,0.3773737483237173,0.0034364,[0.       0.       0.       0.       0.105728 0.       0.       0.105728 0.       0.       0.       0.       0.105728 0.105728 0.       0.       0.       0.       0.       0.105728 0.105728 0.105728 0.       0.       0.       0.105728 0.       0.154175 0.       0.       0.      ],[0. 0. 0. 0. 1. 0. 0. 1. 0. 0. 0. 0. 1. 1. 0. 0. 0. 0. 0. 1. 1. 1. 0. 0. 0. 1. 0. 1. 0. 0. 0.],9.0,1000,100,0.01,0.0015,1,11,idID,,random,single_objective
157,0.17970178491605585,0.3773737483237173,0.0034364,[0.       0.       0.       0.       0.105728 0.       0.       0.105728 0.       0.       0.       0.       0.105728 0.105728 0.       0.       0.       0.       0.       0.105728 0.105728 0.105728 0.       0.       0.       0.105728 0.       0.154175 0.       0.       0.      ],[0. 0. 0. 0. 1. 0. 0. 1. 0. 0. 0. 0. 1. 1. 0. 0. 0. 0. 0. 1. 1. 1. 0. 0. 0. 1. 0. 1. 0. 0. 0.],9.0,1000,100,0.01,0.0015,1,11,idID,,random,single_objective
158,0.17970178491605585,0.3773737483237173,0.0034364,[0.       0.       0.       0.       0.105728 0.       0.       0.105728 0.       0.       0.       0.       0.105728 0.105728 0.       0.       0.       0.       0.       0.105728 0.105728 0.105728 0.       0.       0.       0.105728 0.       0.154175 0.       0.       0.      ],[0. 0. 0. 0. 1. 0. 0. 1. 0. 0. 0. 0. 1. 1. 0. 0. 0. 0. 0. 1. 1. 1. 0. 0. 0. 1. 0. 1. 0. 0. 0.],9.0,1000,100,0.01,0.0015,1,11,idID,,random,single_objective
159,0.17970178491605585,0.3773737483237173,0.0034364,[0.       0.       0.       0.       0.105728 0.       0.       0.105728 0.       0.       0.       0.       0.105728 0.105728 0.       0.       0.       0.       0.       0.105728 0.105728 0.105728 0.       0.       0.       0.105728 0.       0.154175 0.       0.       0.      ],[0. 0. 0. 0. 1. 0. 0. 1. 0. 0. 0. 0. 1. 1. 0. 0. 0. 0. 0. 1. 1. 1. 0. 0. 0. 1. 0. 1. 0. 0. 0.],9.0,1000,100,0.01,0.0015,1,11,idID,,random,single_objective
160,0.17970178491605585,0.3773737483237173,0.0034364,[0.       0.       0.       0.       0.105728 0.       0.       0.105728 0.       0.       0.       0.       0.105728 0.105728 0.       0.       0.       0.       0.       0.105728 0.105728 0.105728 0.       0.       0.       0.105728 0.       0.154175 0.       0.       0.      ],[0. 0. 0. 0. 1. 0. 0. 1. 0. 0. 0. 0. 1. 1. 0. 0. 0. 0. 0. 1. 1. 1. 0. 0. 0. 1. 0. 1. 0. 0. 0.],9.0,1000,100,0.01,0.0015,1,11,idID,,random,single_objective
161,0.17970178491605585,0.3773737483237173,0.0034364,[0.       0.       0.       0.       0.105728 0.       0.       0.105728 0.       0.       0.       0.       0.105728 0.105728 0.       0.       0.       0.       0.       0.105728 0.105728 0.105728 0.       0.       0.       0.105728 0.       0.154175 0.       0.       0.      ],[0. 0. 0. 0. 1. 0. 0. 1. 0. 0. 0. 0. 1. 1. 0. 0. 0. 0. 0. 1. 1. 1. 0. 0. 0. 1. 0. 1. 0. 0. 0.],9.0,1000,100,0.01,0.0015,1,11,idID,,random,single_objective
162,0.17970178491605585,0.3773737483237173,0.0034364,[0.       0.       0.       0.       0.105728 0.       0.       0.105728 0.       0.       0.       0.       0.105728 0.105728 0.       0.       0.       0.       0.       0.105728 0.105728 0.105728 0.       0.       0.       0.105728 0.       0.154175 0.       0.       0.      ],[0. 0. 0. 0. 1. 0. 0. 1. 0. 0. 0. 0. 1. 1. 0. 0. 0. 0. 0. 1. 1. 1. 0. 0. 0. 1. 0. 1. 0. 0. 0.],9.0,1000,100,0.01,0.0015,1,11,idID,,random,single_objective
163,0.17970178491605585,0.3773737483237173,0.0034364,[0.       0.       0.       0.       0.105728 0.       0.       0.105728 0.       0.       0.       0.       0.105728 0.105728 0.       0.       0.       0.       0.       0.105728 0.105728 0.105728 0.       0.       0.       0.105728 0.       0.154175 0.       0.       0.      ],[0. 0. 0. 0. 1. 0. 0. 1. 0. 0. 0. 0. 1. 1. 0. 0. 0. 0. 0. 1. 1. 1. 0. 0. 0. 1. 0. 1. 0. 0. 0.],9.0,1000,100,0.01,0.0015,1,11,idID,,random,single_objective
164,0.17970178491605585,0.3773737483237173,0.0034364,[0.       0.       0.       0.       0.105728 0.       0.       0.105728 0.       0.       0.       0.       0.105728 0.105728 0.       0.       0.       0.       0.       0.105728 0.105728 0.105728 0.       0.       0.       0.105728 0.       0.154175 0.       0.       0.      ],[0. 0. 0. 0. 1. 0. 0. 1. 0. 0. 0. 0. 1. 1. 0. 0. 0. 0. 0. 1. 1. 1. 0. 0. 0. 1. 0. 1. 0. 0. 0.],9.0,1000,100,0.01,0.0015,1,11,idID,,random,single_objective
165,0.17970178491605585,0.3773737483237173,0.0034364,[0.       0.       0.       0.       0.105728 0.       0.       0.105728 0.       0.       0.       0.       0.105728 0.105728 0.       0.       0.       0.       0.       0.105728 0.105728 0.105728 0.       0.       0.       0.105728 0.       0.154175 0.       0.       0.      ],[0. 0. 0. 0. 1. 0. 0. 1. 0. 0. 0. 0. 1. 1. 0. 0. 0. 0. 0. 1. 1. 1. 0. 0. 0. 1. 0. 1. 0. 0. 0.],9.0,1000,100,0.01,0.0015,1,11,idID,,random,single_objective
166,0.17970178491605585,0.3773737483237173,0.0034364,[0.       0.       0.       0.       0.105728 0.       0.       0.105728 0.       0.       0.       0.       0.105728 0.105728 0.       0.       0.       0.       0.       0.105728 0.105728 0.105728 0.       0.       0.       0.105728 0.       0.154175 0.       0.       0.      ],[0. 0. 0. 0. 1. 0. 0. 1. 0. 0. 0. 0. 1. 1. 0. 0. 0. 0. 0. 1. 1. 1. 0. 0. 0. 1. 0. 1. 0. 0. 0.],9.0,1000,100,0.01,0.0015,1,11,idID,,random,single_objective
167,0.17970178491605585,0.3773737483237173,0.0034364,[0.       0.       0.       0.       0.105728 0.       0.       0.105728 0.       0.       0.       0.       0.105728 0.105728 0.       0.       0.       0.       0.       0.105728 0.105728 0.105728 0.       0.       0.       0.105728 0.       0.154175 0.       0.       0.      ],[0. 0. 0. 0. 1. 0. 0. 1. 0. 0. 0. 0. 1. 1. 0. 0. 0. 0. 0. 1. 1. 1. 0. 0. 0. 1. 0. 1. 0. 0. 0.],9.0,1000,100,0.01,0.0015,1,11,idID,,random,single_objective
168,0.17970178491605585,0.3773737483237173,0.0034364,[0.       0.       0.       0.       0.105728 0.       0.       0.105728 0.       0.       0.       0.       0.105728 0.105728 0.       0.       0.       0.       0.       0.105728 0.105728 0.105728 0.       0.       0.       0.105728 0.       0.154175 0.       0.       0.      ],[0. 0. 0. 0. 1. 0. 0. 1. 0. 0. 0. 0. 1. 1. 0. 0. 0. 0. 0. 1. 1. 1. 0. 0. 0. 1. 0. 1. 0. 0. 0.],9.0,1000,100,0.01,0.0015,1,11,idID,,random,single_objective
169,0.17970178491605585,0.3773737483237173,0.0034364,[0.       0.       0.       0.       0.105728 0.       0.       0.105728 0.       0.       0.       0.       0.105728 0.105728 0.       0.       0.       0.       0.       0.105728 0.105728 0.105728 0.       0.       0.       0.105728 0.       0.154175 0.       0.       0.      ],[0. 0. 0. 0. 1. 0. 0. 1. 0. 0. 0. 0. 1. 1. 0. 0. 0. 0. 0. 1. 1. 1. 0. 0. 0. 1. 0. 1. 0. 0. 0.],9.0,1000,100,0.01,0.0015,1,11,idID,,random,single_objective
170,0.17970178491605585,0.3773737483237173,0.0034364,[0.       0.       0.       0.       0.105728 0.       0.       0.105728 0.       0.       0.       0.       0.105728 0.105728 0.       0.       0.       0.       0.       0.105728 0.105728 0.105728 0.       0.       0.       0.105728 0.       0.154175 0.       0.       0.      ],[0. 0. 0. 0. 1. 0. 0. 1. 0. 0. 0. 0. 1. 1. 0. 0. 0. 0. 0. 1. 1. 1. 0. 0. 0. 1. 0. 1. 0. 0. 0.],9.0,1000,100,0.01,0.0015,1,11,idID,,random,single_objective
171,0.17970178491605585,0.3773737483237173,0.0034364,[0.       0.       0.       0.       0.105728 0.       0.       0.105728 0.       0.       0.       0.       0.105728 0.105728 0.       0.       0.       0.       0.       0.105728 0.105728 0.105728 0.       0.       0.       0.105728 0.       0.154175 0.       0.       0.      ],[0. 0. 0. 0. 1. 0. 0. 1. 0. 0. 0. 0. 1. 1. 0. 0. 0. 0. 0. 1. 1. 1. 0. 0. 0. 1. 0. 1. 0. 0. 0.],9.0,1000,100,0.01,0.0015,1,11,idID,,random,single_objective
172,0.17970178491605585,0.3773737483237173,0.0034364,[0.       0.       0.       0.       0.105728 0.       0.       0.105728 0.       0.       0.       0.       0.105728 0.105728 0.       0.       0.       0.       0.       0.105728 0.105728 0.105728 0.       0.       0.       0.105728 0.       0.154175 0.       0.       0.      ],[0. 0. 0. 0. 1. 0. 0. 1. 0. 0. 0. 0. 1. 1. 0. 0. 0. 0. 0. 1. 1. 1. 0. 0. 0. 1. 0. 1. 0. 0. 0.],9.0,1000,100,0.01,0.0015,1,11,idID,,random,single_objective
173,0.17970178491605585,0.3773737483237173,0.0034364,[0.       0.       0.       0.       0.105728 0.       0.       0.105728 0.       0.       0.       0.       0.105728 0.105728 0.       0.       0.       0.       0.       0.105728 0.105728 0.105728 0.       0.       0.       0.105728 0.       0.154175 0.       0.       0.      ],[0. 0. 0. 0. 1. 0. 0. 1. 0. 0. 0. 0. 1. 1. 0. 0. 0. 0. 0. 1. 1. 1. 0. 0. 0. 1. 0. 1. 0. 0. 0.],9.0,1000,100,0.01,0.0015,1,11,idID,,random,single_objective
174,0.17970178491605585,0.3773737483237173,0.0034364,[0.       0.       0.       0.       0.105728 0.       0.       0.105728 0.       0.       0.       0.       0.105728 0.105728 0.       0.       0.       0.       0.       0.105728 0.105728 0.105728 0.       0.       0.       0.105728 0.       0.154175 0.       0.       0.      ],[0. 0. 0. 0. 1. 0. 0. 1. 0. 0. 0. 0. 1. 1. 0. 0. 0. 0. 0. 1. 1. 1. 0. 0. 0. 1. 0. 1. 0. 0. 0.],9.0,1000,100,0.01,0.0015,1,11,idID,,random,single_objective
175,0.17970178491605585,0.3773737483237173,0.0034364,[0.       0.       0.       0.       0.105728 0.       0.       0.105728 0.       0.       0.       0.       0.105728 0.105728 0.       0.       0.       0.       0.       0.105728 0.105728 0.105728 0.       0.       0.       0.105728 0.       0.154175 0.       0.       0.      ],[0. 0. 0. 0. 1. 0. 0. 1. 0. 0. 0. 0. 1. 1. 0. 0. 0. 0. 0. 1. 1. 1. 0. 0. 0. 1. 0. 1. 0. 0. 0.],9.0,1000,100,0.01,0.0015,1,11,idID,,random,single_objective
176,0.17970178491605585,0.3773737483237173,0.0034364,[0.       0.       0.       0.       0.105728 0.       0.       0.105728 0.       0.       0.       0.       0.105728 0.105728 0.       0.       0.       0.       0.       0.105728 0.105728 0.105728 0.       0.       0.       0.105728 0.       0.154175 0.       0.       0.      ],[0. 0. 0. 0. 1. 0. 0. 1. 0. 0. 0. 0. 1. 1. 0. 0. 0. 0. 0. 1. 1. 1. 0. 0. 0. 1. 0. 1. 0. 0. 0.],9.0,1000,100,0.01,0.0015,1,11,idID,,random,single_objective
177,0.17970178491605585,0.3773737483237173,0.0034364,[0.       0.       0.       0.       0.105728 0.       0.       0.105728 0.       0.       0.       0.       0.105728 0.105728 0.       0.       0.       0.       0.       0.105728 0.105728 0.105728 0.       0.       0.       0.105728 0.       0.154175 0.       0.       0.      ],[0. 0. 0. 0. 1. 0. 0. 1. 0. 0. 0. 0. 1. 1. 0. 0. 0. 0. 0. 1. 1. 1. 0. 0. 0. 1. 0. 1. 0. 0. 0.],9.0,1000,100,0.01,0.0015,1,11,idID,,random,single_objective
178,0.17970178491605585,0.3773737483237173,0.0034364,[0.       0.       0.       0.       0.105728 0.       0.       0.105728 0.       0.       0.       0.       0.105728 0.105728 0.       0.       0.       0.       0.       0.105728 0.105728 0.105728 0.       0.       0.       0.105728 0.       0.154175 0.       0.       0.      ],[0. 0. 0. 0. 1. 0. 0. 1. 0. 0. 0. 0. 1. 1. 0. 0. 0. 0. 0. 1. 1. 1. 0. 0. 0. 1. 0. 1. 0. 0. 0.],9.0,1000,100,0.01,0.0015,1,11,idID,,random,single_objective
179,0.17970178491605585,0.3773737483237173,0.0034364,[0.       0.       0.       0.       0.105728 0.       0.       0.105728 0.       0.       0.       0.       0.105728 0.105728 0.       0.       0.       0.       0.       0.105728 0.105728 0.105728 0.       0.       0.       0.105728 0.       0.154175 0.       0.       0.      ],[0. 0. 0. 0. 1. 0. 0. 1. 0. 0. 0. 0. 1. 1. 0. 0. 0. 0. 0. 1. 1. 1. 0. 0. 0. 1. 0. 1. 0. 0. 0.],9.0,1000,100,0.01,0.0015,1,11,idID,,random,single_objective
180,0.17970178491605585,0.3773737483237173,0.0034364,[0.       0.       0.       0.       0.105728 0.       0.       0.105728 0.       0.       0.       0.       0.105728 0.105728 0.       0.       0.       0.       0.       0.105728 0.105728 0.105728 0.       0.       0.       0.105728 0.       0.154175 0.       0.       0.      ],[0. 0. 0. 0. 1. 0. 0. 1. 0. 0. 0. 0. 1. 1. 0. 0. 0. 0. 0. 1. 1. 1. 0. 0. 0. 1. 0. 1. 0. 0. 0.],9.0,1000,100,0.01,0.0015,1,11,idID,,random,single_objective
181,0.17970178491605585,0.3773737483237173,0.0034364,[0.       0.       0.       0.       0.105728 0.       0.       0.105728 0.       0.       0.       0.       0.105728 0.105728 0.       0.       0.       0.       0.       0.105728 0.105728 0.105728 0.       0.       0.       0.105728 0.       0.154175 0.       0.       0.      ],[0. 0. 0. 0. 1. 0. 0. 1. 0. 0. 0. 0. 1. 1. 0. 0. 0. 0. 0. 1. 1. 1. 0. 0. 0. 1. 0. 1. 0. 0. 0.],9.0,1000,100,0.01,0.0015,1,11,idID,,random,single_objective
182,0.17970178491605585,0.3773737483237173,0.0034364,[0.       0.       0.       0.       0.105728 0.       0.       0.105728 0.       0.       0.       0.       0.105728 0.105728 0.       0.       0.       0.       0.       0.105728 0.105728 0.105728 0.       0.       0.       0.105728 0.       0.154175 0.       0.       0.      ],[0. 0. 0. 0. 1. 0. 0. 1. 0. 0. 0. 0. 1. 1. 0. 0. 0. 0. 0. 1. 1. 1. 0. 0. 0. 1. 0. 1. 0. 0. 0.],9.0,1000,100,0.01,0.0015,1,11,idID,,random,single_objective
183,0.17970178491605585,0.3773737483237173,0.0034364,[0.       0.       0.       0.       0.105728 0.       0.       0.105728 0.       0.       0.       0.       0.105728 0.105728 0.       0.       0.       0.       0.       0.105728 0.105728 0.105728 0.       0.       0.       0.105728 0.       0.154175 0.       0.       0.      ],[0. 0. 0. 0. 1. 0. 0. 1. 0. 0. 0. 0. 1. 1. 0. 0. 0. 0. 0. 1. 1. 1. 0. 0. 0. 1. 0. 1. 0. 0. 0.],9.0,1000,100,0.01,0.0015,1,11,idID,,random,single_objective
184,0.17970178491605585,0.3773737483237173,0.0034364,[0.       0.       0.       0.       0.105728 0.       0.       0.105728 0.       0.       0.       0.       0.105728 0.105728 0.       0.       0.       0.       0.       0.105728 0.105728 0.105728 0.       0.       0.       0.105728 0.       0.154175 0.       0.       0.      ],[0. 0. 0. 0. 1. 0. 0. 1. 0. 0. 0. 0. 1. 1. 0. 0. 0. 0. 0. 1. 1. 1. 0. 0. 0. 1. 0. 1. 0. 0. 0.],9.0,1000,100,0.01,0.0015,1,11,idID,,random,single_objective
185,0.17970178491605585,0.3773737483237173,0.0034364,[0.       0.       0.       0.       0.105728 0.       0.       0.105728 0.       0.       0.       0.       0.105728 0.105728 0.       0.       0.       0.       0.       0.105728 0.105728 0.105728 0.       0.       0.       0.105728 0.       0.154175 0.       0.       0.      ],[0. 0. 0. 0. 1. 0. 0. 1. 0. 0. 0. 0. 1. 1. 0. 0. 0. 0. 0. 1. 1. 1. 0. 0. 0. 1. 0. 1. 0. 0. 0.],9.0,1000,100,0.01,0.0015,1,11,idID,,random,single_objective
186,0.17970178491605585,0.3773737483237173,0.0034364,[0.       0.       0.       0.       0.105728 0.       0.       0.105728 0.       0.       0.       0.       0.105728 0.105728 0.       0.       0.       0.       0.       0.105728 0.105728 0.105728 0.       0.       0.       0.105728 0.       0.154175 0.       0.       0.      ],[0. 0. 0. 0. 1. 0. 0. 1. 0. 0. 0. 0. 1. 1. 0. 0. 0. 0. 0. 1. 1. 1. 0. 0. 0. 1. 0. 1. 0. 0. 0.],9.0,1000,100,0.01,0.0015,1,11,idID,,random,single_objective
187,0.17970178491605585,0.3773737483237173,0.0034364,[0.       0.       0.       0.       0.105728 0.       0.       0.105728 0.       0.       0.       0.       0.105728 0.105728 0.       0.       0.       0.       0.       0.105728 0.105728 0.105728 0.       0.       0.       0.105728 0.       0.154175 0.       0.       0.      ],[0. 0. 0. 0. 1. 0. 0. 1. 0. 0. 0. 0. 1. 1. 0. 0. 0. 0. 0. 1. 1. 1. 0. 0. 0. 1. 0. 1. 0. 0. 0.],9.0,1000,100,0.01,0.0015,1,11,idID,,random,single_objective
188,0.17970178491605585,0.3773737483237173,0.0034364,[0.       0.       0.       0.       0.105728 0.       0.       0.105728 0.       0.       0.       0.       0.105728 0.105728 0.       0.       0.       0.       0.       0.105728 0.105728 0.105728 0.       0.       0.       0.105728 0.       0.154175 0.       0.       0.      ],[0. 0. 0. 0. 1. 0. 0. 1. 0. 0. 0. 0. 1. 1. 0. 0. 0. 0. 0. 1. 1. 1. 0. 0. 0. 1. 0. 1. 0. 0. 0.],9.0,1000,100,0.01,0.0015,1,11,idID,,random,single_objective
189,0.17970178491605585,0.3773737483237173,0.0034364,[0.       0.       0.       0.       0.105728 0.       0.       0.105728 0.       0.       0.       0.       0.105728 0.105728 0.       0.       0.       0.       0.       0.105728 0.105728 0.105728 0.       0.       0.       0.105728 0.       0.154175 0.       0.       0.      ],[0. 0. 0. 0. 1. 0. 0. 1. 0. 0. 0. 0. 1. 1. 0. 0. 0. 0. 0. 1. 1. 1. 0. 0. 0. 1. 0. 1. 0. 0. 0.],9.0,1000,100,0.01,0.0015,1,11,idID,,random,single_objective
190,0.17970178491605585,0.3773737483237173,0.0034364,[0.       0.       0.       0.       0.105728 0.       0.       0.105728 0.       0.       0.       0.       0.105728 0.105728 0.       0.       0.       0.       0.       0.105728 0.105728 0.105728 0.       0.       0.       0.105728 0.       0.154175 0.       0.       0.      ],[0. 0. 0. 0. 1. 0. 0. 1. 0. 0. 0. 0. 1. 1. 0. 0. 0. 0. 0. 1. 1. 1. 0. 0. 0. 1. 0. 1. 0. 0. 0.],9.0,1000,100,0.01,0.0015,1,11,idID,,random,single_objective
191,0.17970178491605585,0.3773737483237173,0.0034364,[0.       0.       0.       0.       0.105728 0.       0.       0.105728 0.       0.       0.       0.       0.105728 0.105728 0.       0.       0.       0.       0.       0.105728 0.105728 0.105728 0.       0.       0.       0.105728 0.       0.154175 0.       0.       0.      ],[0. 0. 0. 0. 1. 0. 0. 1. 0. 0. 0. 0. 1. 1. 0. 0. 0. 0. 0. 1. 1. 1. 0. 0. 0. 1. 0. 1. 0. 0. 0.],9.0,1000,100,0.01,0.0015,1,11,idID,,random,single_objective
192,0.17970178491605585,0.3773737483237173,0.0034364,[0.       0.       0.       0.       0.105728 0.       0.       0.105728 0.       0.       0.       0.       0.105728 0.105728 0.       0.       0.       0.       0.       0.105728 0.105728 0.105728 0.       0.       0.       0.105728 0.       0.154175 0.       0.       0.      ],[0. 0. 0. 0. 1. 0. 0. 1. 0. 0. 0. 0. 1. 1. 0. 0. 0. 0. 0. 1. 1. 1. 0. 0. 0. 1. 0. 1. 0. 0. 0.],9.0,1000,100,0.01,0.0015,1,11,idID,,random,single_objective
193,0.17970178491605585,0.3773737483237173,0.0034364,[0.       0.       0.       0.       0.105728 0.       0.       0.105728 0.       0.       0.       0.       0.105728 0.105728 0.       0.       0.       0.       0.       0.105728 0.105728 0.105728 0.       0.       0.       0.105728 0.       0.154175 0.       0.       0.      ],[0. 0. 0. 0. 1. 0. 0. 1. 0. 0. 0. 0. 1. 1. 0. 0. 0. 0. 0. 1. 1. 1. 0. 0. 0. 1. 0. 1. 0. 0. 0.],9.0,1000,100,0.01,0.0015,1,11,idID,,random,single_objective
194,0.17970178491605585,0.3773737483237173,0.0034364,[0.       0.       0.       0.       0.105728 0.       0.       0.105728 0.       0.       0.       0.       0.105728 0.105728 0.       0.       0.       0.       0.       0.105728 0.105728 0.105728 0.       0.       0.       0.105728 0.       0.154175 0.       0.       0.      ],[0. 0. 0. 0. 1. 0. 0. 1. 0. 0. 0. 0. 1. 1. 0. 0. 0. 0. 0. 1. 1. 1. 0. 0. 0. 1. 0. 1. 0. 0. 0.],9.0,1000,100,0.01,0.0015,1,11,idID,,random,single_objective
195,0.17970178491605585,0.3773737483237173,0.0034364,[0.       0.       0.       0.       0.105728 0.       0.       0.105728 0.       0.       0.       0.       0.105728 0.105728 0.       0.       0.       0.       0.       0.105728 0.105728 0.105728 0.       0.       0.       0.105728 0.       0.154175 0.       0.       0.      ],[0. 0. 0. 0. 1. 0. 0. 1. 0. 0. 0. 0. 1. 1. 0. 0. 0. 0. 0. 1. 1. 1. 0. 0. 0. 1. 0. 1. 0. 0. 0.],9.0,1000,100,0.01,0.0015,1,11,idID,,random,single_objective
196,0.17970178491605585,0.3773737483237173,0.0034364,[0.       0.       0.       0.       0.105728 0.       0.       0.105728 0.       0.       0.       0.       0.105728 0.105728 0.       0.       0.       0.       0.       0.105728 0.105728 0.105728 0.       0.       0.       0.105728 0.       0.154175 0.       0.       0.      ],[0. 0. 0. 0. 1. 0. 0. 1. 0. 0. 0. 0. 1. 1. 0. 0. 0. 0. 0. 1. 1. 1. 0. 0. 0. 1. 0. 1. 0. 0. 0.],9.0,1000,100,0.01,0.0015,1,11,idID,,random,single_objective
197,0.17970178491605585,0.3773737483237173,0.0034364,[0.       0.       0.       0.       0.105728 0.       0.       0.105728 0.       0.       0.       0.       0.105728 0.105728 0.       0.       0.       0.       0.       0.105728 0.105728 0.105728 0.       0.       0.       0.105728 0.       0.154175 0.       0.       0.      ],[0. 0. 0. 0. 1. 0. 0. 1. 0. 0. 0. 0. 1. 1. 0. 0. 0. 0. 0. 1. 1. 1. 0. 0. 0. 1. 0. 1. 0. 0. 0.],9.0,1000,100,0.01,0.0015,1,11,idID,,random,single_objective
198,0.17970178491605585,0.3773737483237173,0.0034364,[0.       0.       0.       0.       0.105728 0.       0.       0.105728 0.       0.       0.       0.       0.105728 0.105728 0.       0.       0.       0.       0.       0.105728 0.105728 0.105728 0.       0.       0.       0.105728 0.       0.154175 0.       0.       0.      ],[0. 0. 0. 0. 1. 0. 0. 1. 0. 0. 0. 0. 1. 1. 0. 0. 0. 0. 0. 1. 1. 1. 0. 0. 0. 1. 0. 1. 0. 0. 0.],9.0,1000,100,0.01,0.0015,1,11,idID,,random,single_objective
199,0.17970178491605585,0.3773737483237173,0.0034364,[0.       0.       0.       0.       0.105728 0.       0.       0.105728 0.       0.       0.       0.       0.105728 0.105728 0.       0.       0.       0.       0.       0.105728 0.105728 0.105728 0.       0.       0.       0.105728 0.       0.154175 0.       0.       0.      ],[0. 0. 0. 0. 1. 0. 0. 1. 0. 0. 0. 0. 1. 1. 0. 0. 0. 0. 0. 1. 1. 1. 0. 0. 0. 1. 0. 1. 0. 0. 0.],9.0,1000,100,0.01,0.0015,1,11,idID,,random,single_objective
200,0.17970178491605585,0.3773737483237173,0.0034364,[0.       0.       0.       0.       0.105728 0.       0.       0.105728 0.       0.       0.       0.       0.105728 0.105728 0.       0.       0.       0.       0.       0.105728 0.105728 0.105728 0.       0.       0.       0.105728 0.       0.154175 0.       0.       0.      ],[0. 0. 0. 0. 1. 0. 0. 1. 0. 0. 0. 0. 1. 1. 0. 0. 0. 0. 0. 1. 1. 1. 0. 0. 0. 1. 0. 1. 0. 0. 0.],9.0,1000,100,0.01,0.0015,1,11,idID,,random,single_objective
201,0.17970178491605585,0.3773737483237173,0.0034364,[0.       0.       0.       0.       0.105728 0.       0.       0.105728 0.       0.       0.       0.       0.105728 0.105728 0.       0.       0.       0.       0.       0.105728 0.105728 0.105728 0.       0.       0.       0.105728 0.       0.154175 0.       0.       0.      ],[0. 0. 0. 0. 1. 0. 0. 1. 0. 0. 0. 0. 1. 1. 0. 0. 0. 0. 0. 1. 1. 1. 0. 0. 0. 1. 0. 1. 0. 0. 0.],9.0,1000,100,0.01,0.0015,1,11,idID,,random,single_objective
202,0.17970178491605585,0.3773737483237173,0.0034364,[0.       0.       0.       0.       0.105728 0.       0.       0.105728 0.       0.       0.       0.       0.105728 0.105728 0.       0.       0.       0.       0.       0.105728 0.105728 0.105728 0.       0.       0.       0.105728 0.       0.154175 0.       0.       0.      ],[0. 0. 0. 0. 1. 0. 0. 1. 0. 0. 0. 0. 1. 1. 0. 0. 0. 0. 0. 1. 1. 1. 0. 0. 0. 1. 0. 1. 0. 0. 0.],9.0,1000,100,0.01,0.0015,1,11,idID,,random,single_objective
203,0.17970178491605585,0.3773737483237173,0.0034364,[0.       0.       0.       0.       0.105728 0.       0.       0.105728 0.       0.       0.       0.       0.105728 0.105728 0.       0.       0.       0.       0.       0.105728 0.105728 0.105728 0.       0.       0.       0.105728 0.       0.154175 0.       0.       0.      ],[0. 0. 0. 0. 1. 0. 0. 1. 0. 0. 0. 0. 1. 1. 0. 0. 0. 0. 0. 1. 1. 1. 0. 0. 0. 1. 0. 1. 0. 0. 0.],9.0,1000,100,0.01,0.0015,1,11,idID,,random,single_objective
204,0.17970178491605585,0.3773737483237173,0.0034364,[0.       0.       0.       0.       0.105728 0.       0.       0.105728 0.       0.       0.       0.       0.105728 0.105728 0.       0.       0.       0.       0.       0.105728 0.105728 0.105728 0.       0.       0.       0.105728 0.       0.154175 0.       0.       0.      ],[0. 0. 0. 0. 1. 0. 0. 1. 0. 0. 0. 0. 1. 1. 0. 0. 0. 0. 0. 1. 1. 1. 0. 0. 0. 1. 0. 1. 0. 0. 0.],9.0,1000,100,0.01,0.0015,1,11,idID,,random,single_objective
205,0.17970178491605585,0.3773737483237173,0.0034364,[0.       0.       0.       0.       0.105728 0.       0.       0.105728 0.       0.       0.       0.       0.105728 0.105728 0.       0.       0.       0.       0.       0.105728 0.105728 0.105728 0.       0.       0.       0.105728 0.       0.154175 0.       0.       0.      ],[0. 0. 0. 0. 1. 0. 0. 1. 0. 0. 0. 0. 1. 1. 0. 0. 0. 0. 0. 1. 1. 1. 0. 0. 0. 1. 0. 1. 0. 0. 0.],9.0,1000,100,0.01,0.0015,1,11,idID,,random,single_objective
206,0.17970178491605585,0.3773737483237173,0.0034364,[0.       0.       0.       0.       0.105728 0.       0.       0.105728 0.       0.       0.       0.       0.105728 0.105728 0.       0.       0.       0.       0.       0.105728 0.105728 0.105728 0.       0.       0.       0.105728 0.       0.154175 0.       0.       0.      ],[0. 0. 0. 0. 1. 0. 0. 1. 0. 0. 0. 0. 1. 1. 0. 0. 0. 0. 0. 1. 1. 1. 0. 0. 0. 1. 0. 1. 0. 0. 0.],9.0,1000,100,0.01,0.0015,1,11,idID,,random,single_objective
207,0.17970178491605585,0.3773737483237173,0.0034364,[0.       0.       0.       0.       0.105728 0.       0.       0.105728 0.       0.       0.       0.       0.105728 0.105728 0.       0.       0.       0.       0.       0.105728 0.105728 0.105728 0.       0.       0.       0.105728 0.       0.154175 0.       0.       0.      ],[0. 0. 0. 0. 1. 0. 0. 1. 0. 0. 0. 0. 1. 1. 0. 0. 0. 0. 0. 1. 1. 1. 0. 0. 0. 1. 0. 1. 0. 0. 0.],9.0,1000,100,0.01,0.0015,1,11,idID,,random,single_objective
208,0.17970178491605585,0.3773737483237173,0.0034364,[0.       0.       0.       0.       0.105728 0.       0.       0.105728 0.       0.       0.       0.       0.105728 0.105728 0.       0.       0.       0.       0.       0.105728 0.105728 0.105728 0.       0.       0.       0.105728 0.       0.154175 0.       0.       0.      ],[0. 0. 0. 0. 1. 0. 0. 1. 0. 0. 0. 0. 1. 1. 0. 0. 0. 0. 0. 1. 1. 1. 0. 0. 0. 1. 0. 1. 0. 0. 0.],9.0,1000,100,0.01,0.0015,1,11,idID,,random,single_objective
209,0.17970178491605585,0.3773737483237173,0.0034364,[0.       0.       0.       0.       0.105728 0.       0.       0.105728 0.       0.       0.       0.       0.105728 0.105728 0.       0.       0.       0.       0.       0.105728 0.105728 0.105728 0.       0.       0.       0.105728 0.       0.154175 0.       0.       0.      ],[0. 0. 0. 0. 1. 0. 0. 1. 0. 0. 0. 0. 1. 1. 0. 0. 0. 0. 0. 1. 1. 1. 0. 0. 0. 1. 0. 1. 0. 0. 0.],9.0,1000,100,0.01,0.0015,1,11,idID,,random,single_objective
210,0.17970178491605585,0.3773737483237173,0.0034364,[0.       0.       0.       0.       0.105728 0.       0.       0.105728 0.       0.       0.       0.       0.105728 0.105728 0.       0.       0.       0.       0.       0.105728 0.105728 0.105728 0.       0.       0.       0.105728 0.       0.154175 0.       0.       0.      ],[0. 0. 0. 0. 1. 0. 0. 1. 0. 0. 0. 0. 1. 1. 0. 0. 0. 0. 0. 1. 1. 1. 0. 0. 0. 1. 0. 1. 0. 0. 0.],9.0,1000,100,0.01,0.0015,1,11,idID,,random,single_objective
211,0.17970178491605585,0.3773737483237173,0.0034364,[0.       0.       0.       0.       0.105728 0.       0.       0.105728 0.       0.       0.       0.       0.105728 0.105728 0.       0.       0.       0.       0.       0.105728 0.105728 0.105728 0.       0.       0.       0.105728 0.       0.154175 0.       0.       0.      ],[0. 0. 0. 0. 1. 0. 0. 1. 0. 0. 0. 0. 1. 1. 0. 0. 0. 0. 0. 1. 1. 1. 0. 0. 0. 1. 0. 1. 0. 0. 0.],9.0,1000,100,0.01,0.0015,1,11,idID,,random,single_objective
212,0.17970178491605585,0.3773737483237173,0.0034364,[0.       0.       0.       0.       0.105728 0.       0.       0.105728 0.       0.       0.       0.       0.105728 0.105728 0.       0.       0.       0.       0.       0.105728 0.105728 0.105728 0.       0.       0.       0.105728 0.       0.154175 0.       0.       0.      ],[0. 0. 0. 0. 1. 0. 0. 1. 0. 0. 0. 0. 1. 1. 0. 0. 0. 0. 0. 1. 1. 1. 0. 0. 0. 1. 0. 1. 0. 0. 0.],9.0,1000,100,0.01,0.0015,1,11,idID,,random,single_objective
213,0.17970178491605585,0.3773737483237173,0.0034364,[0.       0.       0.       0.       0.105728 0.       0.       0.105728 0.       0.       0.       0.       0.105728 0.105728 0.       0.       0.       0.       0.       0.105728 0.105728 0.105728 0.       0.       0.       0.105728 0.       0.154175 0.       0.       0.      ],[0. 0. 0. 0. 1. 0. 0. 1. 0. 0. 0. 0. 1. 1. 0. 0. 0. 0. 0. 1. 1. 1. 0. 0. 0. 1. 0. 1. 0. 0. 0.],9.0,1000,100,0.01,0.0015,1,11,idID,,random,single_objective
214,0.17970178491605585,0.3773737483237173,0.0034364,[0.       0.       0.       0.       0.105728 0.       0.       0.105728 0.       0.       0.       0.       0.105728 0.105728 0.       0.       0.       0.       0.       0.105728 0.105728 0.105728 0.       0.       0.       0.105728 0.       0.154175 0.       0.       0.      ],[0. 0. 0. 0. 1. 0. 0. 1. 0. 0. 0. 0. 1. 1. 0. 0. 0. 0. 0. 1. 1. 1. 0. 0. 0. 1. 0. 1. 0. 0. 0.],9.0,1000,100,0.01,0.0015,1,11,idID,,random,single_objective
215,0.17970178491605585,0.3773737483237173,0.0034364,[0.       0.       0.       0.       0.105728 0.       0.       0.105728 0.       0.       0.       0.       0.105728 0.105728 0.       0.       0.       0.       0.       0.105728 0.105728 0.105728 0.       0.       0.       0.105728 0.       0.154175 0.       0.       0.      ],[0. 0. 0. 0. 1. 0. 0. 1. 0. 0. 0. 0. 1. 1. 0. 0. 0. 0. 0. 1. 1. 1. 0. 0. 0. 1. 0. 1. 0. 0. 0.],9.0,1000,100,0.01,0.0015,1,11,idID,,random,single_objective
216,0.17970178491605585,0.3773737483237173,0.0034364,[0.       0.       0.       0.       0.105728 0.       0.       0.105728 0.       0.       0.       0.       0.105728 0.105728 0.       0.       0.       0.       0.       0.105728 0.105728 0.105728 0.       0.       0.       0.105728 0.       0.154175 0.       0.       0.      ],[0. 0. 0. 0. 1. 0. 0. 1. 0. 0. 0. 0. 1. 1. 0. 0. 0. 0. 0. 1. 1. 1. 0. 0. 0. 1. 0. 1. 0. 0. 0.],9.0,1000,100,0.01,0.0015,1,11,idID,,random,single_objective
217,0.17970178491605585,0.3773737483237173,0.0034364,[0.       0.       0.       0.       0.105728 0.       0.       0.105728 0.       0.       0.       0.       0.105728 0.105728 0.       0.       0.       0.       0.       0.105728 0.105728 0.105728 0.       0.       0.       0.105728 0.       0.154175 0.       0.       0.      ],[0. 0. 0. 0. 1. 0. 0. 1. 0. 0. 0. 0. 1. 1. 0. 0. 0. 0. 0. 1. 1. 1. 0. 0. 0. 1. 0. 1. 0. 0. 0.],9.0,1000,100,0.01,0.0015,1,11,idID,,random,single_objective
218,0.17970178491605585,0.3773737483237173,0.0034364,[0.       0.       0.       0.       0.105728 0.       0.       0.105728 0.       0.       0.       0.       0.105728 0.105728 0.       0.       0.       0.       0.       0.105728 0.105728 0.105728 0.       0.       0.       0.105728 0.       0.154175 0.       0.       0.      ],[0. 0. 0. 0. 1. 0. 0. 1. 0. 0. 0. 0. 1. 1. 0. 0. 0. 0. 0. 1. 1. 1. 0. 0. 0. 1. 0. 1. 0. 0. 0.],9.0,1000,100,0.01,0.0015,1,11,idID,,random,single_objective
219,0.17970178491605585,0.3773737483237173,0.0034364,[0.       0.       0.       0.       0.105728 0.       0.       0.105728 0.       0.       0.       0.       0.105728 0.105728 0.       0.       0.       0.       0.       0.105728 0.105728 0.105728 0.       0.       0.       0.105728 0.       0.154175 0.       0.       0.      ],[0. 0. 0. 0. 1. 0. 0. 1. 0. 0. 0. 0. 1. 1. 0. 0. 0. 0. 0. 1. 1. 1. 0. 0. 0. 1. 0. 1. 0. 0. 0.],9.0,1000,100,0.01,0.0015,1,11,idID,,random,single_objective
220,0.17970178491605585,0.3773737483237173,0.0034364,[0.       0.       0.       0.       0.105728 0.       0.       0.105728 0.       0.       0.       0.       0.105728 0.105728 0.       0.       0.       0.       0.       0.105728 0.105728 0.105728 0.       0.       0.       0.105728 0.       0.154175 0.       0.       0.      ],[0. 0. 0. 0. 1. 0. 0. 1. 0. 0. 0. 0. 1. 1. 0. 0. 0. 0. 0. 1. 1. 1. 0. 0. 0. 1. 0. 1. 0. 0. 0.],9.0,1000,100,0.01,0.0015,1,11,idID,,random,single_objective
221,0.17970178491605585,0.3773737483237173,0.0034364,[0.       0.       0.       0.       0.105728 0.       0.       0.105728 0.       0.       0.       0.       0.105728 0.105728 0.       0.       0.       0.       0.       0.105728 0.105728 0.105728 0.       0.       0.       0.105728 0.       0.154175 0.       0.       0.      ],[0. 0. 0. 0. 1. 0. 0. 1. 0. 0. 0. 0. 1. 1. 0. 0. 0. 0. 0. 1. 1. 1. 0. 0. 0. 1. 0. 1. 0. 0. 0.],9.0,1000,100,0.01,0.0015,1,11,idID,,random,single_objective
222,0.17970178491605585,0.3773737483237173,0.0034364,[0.       0.       0.       0.       0.105728 0.       0.       0.105728 0.       0.       0.       0.       0.105728 0.105728 0.       0.       0.       0.       0.       0.105728 0.105728 0.105728 0.       0.       0.       0.105728 0.       0.154175 0.       0.       0.      ],[0. 0. 0. 0. 1. 0. 0. 1. 0. 0. 0. 0. 1. 1. 0. 0. 0. 0. 0. 1. 1. 1. 0. 0. 0. 1. 0. 1. 0. 0. 0.],9.0,1000,100,0.01,0.0015,1,11,idID,,random,single_objective
223,0.17970178491605585,0.3773737483237173,0.0034364,[0.       0.       0.       0.       0.105728 0.       0.       0.105728 0.       0.       0.       0.       0.105728 0.105728 0.       0.       0.       0.       0.       0.105728 0.105728 0.105728 0.       0.       0.       0.105728 0.       0.154175 0.       0.       0.      ],[0. 0. 0. 0. 1. 0. 0. 1. 0. 0. 0. 0. 1. 1. 0. 0. 0. 0. 0. 1. 1. 1. 0. 0. 0. 1. 0. 1. 0. 0. 0.],9.0,1000,100,0.01,0.0015,1,11,idID,,random,single_objective
224,0.17970178491605585,0.3773737483237173,0.0034364,[0.       0.       0.       0.       0.105728 0.       0.       0.105728 0.       0.       0.       0.       0.105728 0.105728 0.       0.       0.       0.       0.       0.105728 0.105728 0.105728 0.       0.       0.       0.105728 0.       0.154175 0.       0.       0.      ],[0. 0. 0. 0. 1. 0. 0. 1. 0. 0. 0. 0. 1. 1. 0. 0. 0. 0. 0. 1. 1. 1. 0. 0. 0. 1. 0. 1. 0. 0. 0.],9.0,1000,100,0.01,0.0015,1,11,idID,,random,single_objective
225,0.17970178491605585,0.3773737483237173,0.0034364,[0.       0.       0.       0.       0.105728 0.       0.       0.105728 0.       0.       0.       0.       0.105728 0.105728 0.       0.       0.       0.       0.       0.105728 0.105728 0.105728 0.       0.       0.       0.105728 0.       0.154175 0.       0.       0.      ],[0. 0. 0. 0. 1. 0. 0. 1. 0. 0. 0. 0. 1. 1. 0. 0. 0. 0. 0. 1. 1. 1. 0. 0. 0. 1. 0. 1. 0. 0. 0.],9.0,1000,100,0.01,0.0015,1,11,idID,,random,single_objective
226,0.17970178491605585,0.3773737483237173,0.0034364,[0.       0.       0.       0.       0.105728 0.       0.       0.105728 0.       0.       0.       0.       0.105728 0.105728 0.       0.       0.       0.       0.       0.105728 0.105728 0.105728 0.       0.       0.       0.105728 0.       0.154175 0.       0.       0.      ],[0. 0. 0. 0. 1. 0. 0. 1. 0. 0. 0. 0. 1. 1. 0. 0. 0. 0. 0. 1. 1. 1. 0. 0. 0. 1. 0. 1. 0. 0. 0.],9.0,1000,100,0.01,0.0015,1,11,idID,,random,single_objective
227,0.17970178491605585,0.3773737483237173,0.0034364,[0.       0.       0.       0.       0.105728 0.       0.       0.105728 0.       0.       0.       0.       0.105728 0.105728 0.       0.       0.       0.       0.       0.105728 0.105728 0.105728 0.       0.       0.       0.105728 0.       0.154175 0.       0.       0.      ],[0. 0. 0. 0. 1. 0. 0. 1. 0. 0. 0. 0. 1. 1. 0. 0. 0. 0. 0. 1. 1. 1. 0. 0. 0. 1. 0. 1. 0. 0. 0.],9.0,1000,100,0.01,0.0015,1,11,idID,,random,single_objective
228,0.17970178491605585,0.3773737483237173,0.0034364,[0.       0.       0.       0.       0.105728 0.       0.       0.105728 0.       0.       0.       0.       0.105728 0.105728 0.       0.       0.       0.       0.       0.105728 0.105728 0.105728 0.       0.       0.       0.105728 0.       0.154175 0.       0.       0.      ],[0. 0. 0. 0. 1. 0. 0. 1. 0. 0. 0. 0. 1. 1. 0. 0. 0. 0. 0. 1. 1. 1. 0. 0. 0. 1. 0. 1. 0. 0. 0.],9.0,1000,100,0.01,0.0015,1,11,idID,,random,single_objective
229,0.17970178491605585,0.3773737483237173,0.0034364,[0.       0.       0.       0.       0.105728 0.       0.       0.105728 0.       0.       0.       0.       0.105728 0.105728 0.       0.       0.       0.       0.       0.105728 0.105728 0.105728 0.       0.       0.       0.105728 0.       0.154175 0.       0.       0.      ],[0. 0. 0. 0. 1. 0. 0. 1. 0. 0. 0. 0. 1. 1. 0. 0. 0. 0. 0. 1. 1. 1. 0. 0. 0. 1. 0. 1. 0. 0. 0.],9.0,1000,100,0.01,0.0015,1,11,idID,,random,single_objective
230,0.17970178491605585,0.3773737483237173,0.0034364,[0.       0.       0.       0.       0.105728 0.       0.       0.105728 0.       0.       0.       0.       0.105728 0.105728 0.       0.       0.       0.       0.       0.105728 0.105728 0.105728 0.       0.       0.       0.105728 0.       0.154175 0.       0.       0.      ],[0. 0. 0. 0. 1. 0. 0. 1. 0. 0. 0. 0. 1. 1. 0. 0. 0. 0. 0. 1. 1. 1. 0. 0. 0. 1. 0. 1. 0. 0. 0.],9.0,1000,100,0.01,0.0015,1,11,idID,,random,single_objective
231,0.17970178491605585,0.3773737483237173,0.0034364,[0.       0.       0.       0.       0.105728 0.       0.       0.105728 0.       0.       0.       0.       0.105728 0.105728 0.       0.       0.       0.       0.       0.105728 0.105728 0.105728 0.       0.       0.       0.105728 0.       0.154175 0.       0.       0.      ],[0. 0. 0. 0. 1. 0. 0. 1. 0. 0. 0. 0. 1. 1. 0. 0. 0. 0. 0. 1. 1. 1. 0. 0. 0. 1. 0. 1. 0. 0. 0.],9.0,1000,100,0.01,0.0015,1,11,idID,,random,single_objective
232,0.17970178491605585,0.3773737483237173,0.0034364,[0.       0.       0.       0.       0.105728 0.       0.       0.105728 0.       0.       0.       0.       0.105728 0.105728 0.       0.       0.       0.       0.       0.105728 0.105728 0.105728 0.       0.       0.       0.105728 0.       0.154175 0.       0.       0.      ],[0. 0. 0. 0. 1. 0. 0. 1. 0. 0. 0. 0. 1. 1. 0. 0. 0. 0. 0. 1. 1. 1. 0. 0. 0. 1. 0. 1. 0. 0. 0.],9.0,1000,100,0.01,0.0015,1,11,idID,,random,single_objective
233,0.17970178491605585,0.3773737483237173,0.0034364,[0.       0.       0.       0.       0.105728 0.       0.       0.105728 0.       0.       0.       0.       0.105728 0.105728 0.       0.       0.       0.       0.       0.105728 0.105728 0.105728 0.       0.       0.       0.105728 0.       0.154175 0.       0.       0.      ],[0. 0. 0. 0. 1. 0. 0. 1. 0. 0. 0. 0. 1. 1. 0. 0. 0. 0. 0. 1. 1. 1. 0. 0. 0. 1. 0. 1. 0. 0. 0.],9.0,1000,100,0.01,0.0015,1,11,idID,,random,single_objective
234,0.17970178491605585,0.3773737483237173,0.0034364,[0.       0.       0.       0.       0.105728 0.       0.       0.105728 0.       0.       0.       0.       0.105728 0.105728 0.       0.       0.       0.       0.       0.105728 0.105728 0.105728 0.       0.       0.       0.105728 0.       0.154175 0.       0.       0.      ],[0. 0. 0. 0. 1. 0. 0. 1. 0. 0. 0. 0. 1. 1. 0. 0. 0. 0. 0. 1. 1. 1. 0. 0. 0. 1. 0. 1. 0. 0. 0.],9.0,1000,100,0.01,0.0015,1,11,idID,,random,single_objective
235,0.17970178491605585,0.3773737483237173,0.0034364,[0.       0.       0.       0.       0.105728 0.       0.       0.105728 0.       0.       0.       0.       0.105728 0.105728 0.       0.       0.       0.       0.       0.105728 0.105728 0.105728 0.       0.       0.       0.105728 0.       0.154175 0.       0.       0.      ],[0. 0. 0. 0. 1. 0. 0. 1. 0. 0. 0. 0. 1. 1. 0. 0. 0. 0. 0. 1. 1. 1. 0. 0. 0. 1. 0. 1. 0. 0. 0.],9.0,1000,100,0.01,0.0015,1,11,idID,,random,single_objective
236,0.17970178491605585,0.3773737483237173,0.0034364,[0.       0.       0.       0.       0.105728 0.       0.       0.105728 0.       0.       0.       0.       0.105728 0.105728 0.       0.       0.       0.       0.       0.105728 0.105728 0.105728 0.       0.       0.       0.105728 0.       0.154175 0.       0.       0.      ],[0. 0. 0. 0. 1. 0. 0. 1. 0. 0. 0. 0. 1. 1. 0. 0. 0. 0. 0. 1. 1. 1. 0. 0. 0. 1. 0. 1. 0. 0. 0.],9.0,1000,100,0.01,0.0015,1,11,idID,,random,single_objective
237,0.17970178491605585,0.3773737483237173,0.0034364,[0.       0.       0.       0.       0.105728 0.       0.       0.105728 0.       0.       0.       0.       0.105728 0.105728 0.       0.       0.       0.       0.       0.105728 0.105728 0.105728 0.       0.       0.       0.105728 0.       0.154175 0.       0.       0.      ],[0. 0. 0. 0. 1. 0. 0. 1. 0. 0. 0. 0. 1. 1. 0. 0. 0. 0. 0. 1. 1. 1. 0. 0. 0. 1. 0. 1. 0. 0. 0.],9.0,1000,100,0.01,0.0015,1,11,idID,,random,single_objective
238,0.17970178491605585,0.3773737483237173,0.0034364,[0.       0.       0.       0.       0.105728 0.       0.       0.105728 0.       0.       0.       0.       0.105728 0.105728 0.       0.       0.       0.       0.       0.105728 0.105728 0.105728 0.       0.       0.       0.105728 0.       0.154175 0.       0.       0.      ],[0. 0. 0. 0. 1. 0. 0. 1. 0. 0. 0. 0. 1. 1. 0. 0. 0. 0. 0. 1. 1. 1. 0. 0. 0. 1. 0. 1. 0. 0. 0.],9.0,1000,100,0.01,0.0015,1,11,idID,,random,single_objective
239,0.17970178491605585,0.3773737483237173,0.0034364,[0.       0.       0.       0.       0.105728 0.       0.       0.105728 0.       0.       0.       0.       0.105728 0.105728 0.       0.       0.       0.       0.       0.105728 0.105728 0.105728 0.       0.       0.       0.105728 0.       0.154175 0.       0.       0.      ],[0. 0. 0. 0. 1. 0. 0. 1. 0. 0. 0. 0. 1. 1. 0. 0. 0. 0. 0. 1. 1. 1. 0. 0. 0. 1. 0. 1. 0. 0. 0.],9.0,1000,100,0.01,0.0015,1,11,idID,,random,single_objective
240,0.17970178491605585,0.3773737483237173,0.0034364,[0.       0.       0.       0.       0.105728 0.       0.       0.105728 0.       0.       0.       0.       0.105728 0.105728 0.       0.       0.       0.       0.       0.105728 0.105728 0.105728 0.       0.       0.       0.105728 0.       0.154175 0.       0.       0.      ],[0. 0. 0. 0. 1. 0. 0. 1. 0. 0. 0. 0. 1. 1. 0. 0. 0. 0. 0. 1. 1. 1. 0. 0. 0. 1. 0. 1. 0. 0. 0.],9.0,1000,100,0.01,0.0015,1,11,idID,,random,single_objective
241,0.17970178491605585,0.3773737483237173,0.0034364,[0.       0.       0.       0.       0.105728 0.       0.       0.105728 0.       0.       0.       0.       0.105728 0.105728 0.       0.       0.       0.       0.       0.105728 0.105728 0.105728 0.       0.       0.       0.105728 0.       0.154175 0.       0.       0.      ],[0. 0. 0. 0. 1. 0. 0. 1. 0. 0. 0. 0. 1. 1. 0. 0. 0. 0. 0. 1. 1. 1. 0. 0. 0. 1. 0. 1. 0. 0. 0.],9.0,1000,100,0.01,0.0015,1,11,idID,,random,single_objective
242,0.17970178491605585,0.3773737483237173,0.0034364,[0.       0.       0.       0.       0.105728 0.       0.       0.105728 0.       0.       0.       0.       0.105728 0.105728 0.       0.       0.       0.       0.       0.105728 0.105728 0.105728 0.       0.       0.       0.105728 0.       0.154175 0.       0.       0.      ],[0. 0. 0. 0. 1. 0. 0. 1. 0. 0. 0. 0. 1. 1. 0. 0. 0. 0. 0. 1. 1. 1. 0. 0. 0. 1. 0. 1. 0. 0. 0.],9.0,1000,100,0.01,0.0015,1,11,idID,,random,single_objective
243,0.17970178491605585,0.3773737483237173,0.0034364,[0.       0.       0.       0.       0.105728 0.       0.       0.105728 0.       0.       0.       0.       0.105728 0.105728 0.       0.       0.       0.       0.       0.105728 0.105728 0.105728 0.       0.       0.       0.105728 0.       0.154175 0.       0.       0.      ],[0. 0. 0. 0. 1. 0. 0. 1. 0. 0. 0. 0. 1. 1. 0. 0. 0. 0. 0. 1. 1. 1. 0. 0. 0. 1. 0. 1. 0. 0. 0.],9.0,1000,100,0.01,0.0015,1,11,idID,,random,single_objective
244,0.17970178491605585,0.3773737483237173,0.0034364,[0.       0.       0.       0.       0.105728 0.       0.       0.105728 0.       0.       0.       0.       0.105728 0.105728 0.       0.       0.       0.       0.       0.105728 0.105728 0.105728 0.       0.       0.       0.105728 0.       0.154175 0.       0.       0.      ],[0. 0. 0. 0. 1. 0. 0. 1. 0. 0. 0. 0. 1. 1. 0. 0. 0. 0. 0. 1. 1. 1. 0. 0. 0. 1. 0. 1. 0. 0. 0.],9.0,1000,100,0.01,0.0015,1,11,idID,,random,single_objective
245,0.17970178491605585,0.3773737483237173,0.0034364,[0.       0.       0.       0.       0.105728 0.       0.       0.105728 0.       0.       0.       0.       0.105728 0.105728 0.       0.       0.       0.       0.       0.105728 0.105728 0.105728 0.       0.       0.       0.105728 0.       0.154175 0.       0.       0.      ],[0. 0. 0. 0. 1. 0. 0. 1. 0. 0. 0. 0. 1. 1. 0. 0. 0. 0. 0. 1. 1. 1. 0. 0. 0. 1. 0. 1. 0. 0. 0.],9.0,1000,100,0.01,0.0015,1,11,idID,,random,single_objective
246,0.17970178491605585,0.3773737483237173,0.0034364,[0.       0.       0.       0.       0.105728 0.       0.       0.105728 0.       0.       0.       0.       0.105728 0.105728 0.       0.       0.       0.       0.       0.105728 0.105728 0.105728 0.       0.       0.       0.105728 0.       0.154175 0.       0.       0.      ],[0. 0. 0. 0. 1. 0. 0. 1. 0. 0. 0. 0. 1. 1. 0. 0. 0. 0. 0. 1. 1. 1. 0. 0. 0. 1. 0. 1. 0. 0. 0.],9.0,1000,100,0.01,0.0015,1,11,idID,,random,single_objective
247,0.17970178491605585,0.3773737483237173,0.0034364,[0.       0.       0.       0.       0.105728 0.       0.       0.105728 0.       0.       0.       0.       0.105728 0.105728 0.       0.       0.       0.       0.       0.105728 0.105728 0.105728 0.       0.       0.       0.105728 0.       0.154175 0.       0.       0.      ],[0. 0. 0. 0. 1. 0. 0. 1. 0. 0. 0. 0. 1. 1. 0. 0. 0. 0. 0. 1. 1. 1. 0. 0. 0. 1. 0. 1. 0. 0. 0.],9.0,1000,100,0.01,0.0015,1,11,idID,,random,single_objective
248,0.17970178491605585,0.3773737483237173,0.0034364,[0.       0.       0.       0.       0.105728 0.       0.       0.105728 0.       0.       0.       0.       0.105728 0.105728 0.       0.       0.       0.       0.       0.105728 0.105728 0.105728 0.       0.       0.       0.105728 0.       0.154175 0.       0.       0.      ],[0. 0. 0. 0. 1. 0. 0. 1. 0. 0. 0. 0. 1. 1. 0. 0. 0. 0. 0. 1. 1. 1. 0. 0. 0. 1. 0. 1. 0. 0. 0.],9.0,1000,100,0.01,0.0015,1,11,idID,,random,single_objective
249,0.17970178491605585,0.3773737483237173,0.0034364,[0.       0.       0.       0.       0.105728 0.       0.       0.105728 0.       0.       0.       0.       0.105728 0.105728 0.       0.       0.       0.       0.       0.105728 0.105728 0.105728 0.       0.       0.       0.105728 0.       0.154175 0.       0.       0.      ],[0. 0. 0. 0. 1. 0. 0. 1. 0. 0. 0. 0. 1. 1. 0. 0. 0. 0. 0. 1. 1. 1. 0. 0. 0. 1. 0. 1. 0. 0. 0.],9.0,1000,100,0.01,0.0015,1,11,idID,,random,single_objective
250,0.17970178491605585,0.3773737483237173,0.0034364,[0.       0.       0.       0.       0.105728 0.       0.       0.105728 0.       0.       0.       0.       0.105728 0.105728 0.       0.       0.       0.       0.       0.105728 0.105728 0.105728 0.       0.       0.       0.105728 0.       0.154175 0.       0.       0.      ],[0. 0. 0. 0. 1. 0. 0. 1. 0. 0. 0. 0. 1. 1. 0. 0. 0. 0. 0. 1. 1. 1. 0. 0. 0. 1. 0. 1. 0. 0. 0.],9.0,1000,100,0.01,0.0015,1,11,idID,,random,single_objective
251,0.17970178491605585,0.3773737483237173,0.0034364,[0.       0.       0.       0.       0.105728 0.       0.       0.105728 0.       0.       0.       0.       0.105728 0.105728 0.       0.       0.       0.       0.       0.105728 0.105728 0.105728 0.       0.       0.       0.105728 0.       0.154175 0.       0.       0.      ],[0. 0. 0. 0. 1. 0. 0. 1. 0. 0. 0. 0. 1. 1. 0. 0. 0. 0. 0. 1. 1. 1. 0. 0. 0. 1. 0. 1. 0. 0. 0.],9.0,1000,100,0.01,0.0015,1,11,idID,,random,single_objective
252,0.17970178491605585,0.3773737483237173,0.0034364,[0.       0.       0.       0.       0.105728 0.       0.       0.105728 0.       0.       0.       0.       0.105728 0.105728 0.       0.       0.       0.       0.       0.105728 0.105728 0.105728 0.       0.       0.       0.105728 0.       0.154175 0.       0.       0.      ],[0. 0. 0. 0. 1. 0. 0. 1. 0. 0. 0. 0. 1. 1. 0. 0. 0. 0. 0. 1. 1. 1. 0. 0. 0. 1. 0. 1. 0. 0. 0.],9.0,1000,100,0.01,0.0015,1,11,idID,,random,single_objective
253,0.17970178491605585,0.3773737483237173,0.0034364,[0.       0.       0.       0.       0.105728 0.       0.       0.105728 0.       0.       0.       0.       0.105728 0.105728 0.       0.       0.       0.       0.       0.105728 0.105728 0.105728 0.       0.       0.       0.105728 0.       0.154175 0.       0.       0.      ],[0. 0. 0. 0. 1. 0. 0. 1. 0. 0. 0. 0. 1. 1. 0. 0. 0. 0. 0. 1. 1. 1. 0. 0. 0. 1. 0. 1. 0. 0. 0.],9.0,1000,100,0.01,0.0015,1,11,idID,,random,single_objective
254,0.17970178491605585,0.3773737483237173,0.0034364,[0.       0.       0.       0.       0.105728 0.       0.       0.105728 0.       0.       0.       0.       0.105728 0.105728 0.       0.       0.       0.       0.       0.105728 0.105728 0.105728 0.       0.       0.       0.105728 0.       0.154175 0.       0.       0.      ],[0. 0. 0. 0. 1. 0. 0. 1. 0. 0. 0. 0. 1. 1. 0. 0. 0. 0. 0. 1. 1. 1. 0. 0. 0. 1. 0. 1. 0. 0. 0.],9.0,1000,100,0.01,0.0015,1,11,idID,,random,single_objective
255,0.17970178491605585,0.3773737483237173,0.0034364,[0.       0.       0.       0.       0.105728 0.       0.       0.105728 0.       0.       0.       0.       0.105728 0.105728 0.       0.       0.       0.       0.       0.105728 0.105728 0.105728 0.       0.       0.       0.105728 0.       0.154175 0.       0.       0.      ],[0. 0. 0. 0. 1. 0. 0. 1. 0. 0. 0. 0. 1. 1. 0. 0. 0. 0. 0. 1. 1. 1. 0. 0. 0. 1. 0. 1. 0. 0. 0.],9.0,1000,100,0.01,0.0015,1,11,idID,,random,single_objective
256,0.17970178491605585,0.3773737483237173,0.0034364,[0.       0.       0.       0.       0.105728 0.       0.       0.105728 0.       0.       0.       0.       0.105728 0.105728 0.       0.       0.       0.       0.       0.105728 0.105728 0.105728 0.       0.       0.       0.105728 0.       0.154175 0.       0.       0.      ],[0. 0. 0. 0. 1. 0. 0. 1. 0. 0. 0. 0. 1. 1. 0. 0. 0. 0. 0. 1. 1. 1. 0. 0. 0. 1. 0. 1. 0. 0. 0.],9.0,1000,100,0.01,0.0015,1,11,idID,,random,single_objective
257,0.17970178491605585,0.3773737483237173,0.0034364,[0.       0.       0.       0.       0.105728 0.       0.       0.105728 0.       0.       0.       0.       0.105728 0.105728 0.       0.       0.       0.       0.       0.105728 0.105728 0.105728 0.       0.       0.       0.105728 0.       0.154175 0.       0.       0.      ],[0. 0. 0. 0. 1. 0. 0. 1. 0. 0. 0. 0. 1. 1. 0. 0. 0. 0. 0. 1. 1. 1. 0. 0. 0. 1. 0. 1. 0. 0. 0.],9.0,1000,100,0.01,0.0015,1,11,idID,,random,single_objective
258,0.17970178491605585,0.3773737483237173,0.0034364,[0.       0.       0.       0.       0.105728 0.       0.       0.105728 0.       0.       0.       0.       0.105728 0.105728 0.       0.       0.       0.       0.       0.105728 0.105728 0.105728 0.       0.       0.       0.105728 0.       0.154175 0.       0.       0.      ],[0. 0. 0. 0. 1. 0. 0. 1. 0. 0. 0. 0. 1. 1. 0. 0. 0. 0. 0. 1. 1. 1. 0. 0. 0. 1. 0. 1. 0. 0. 0.],9.0,1000,100,0.01,0.0015,1,11,idID,,random,single_objective
259,0.17970178491605585,0.3773737483237173,0.0034364,[0.       0.       0.       0.       0.105728 0.       0.       0.105728 0.       0.       0.       0.       0.105728 0.105728 0.       0.       0.       0.       0.       0.105728 0.105728 0.105728 0.       0.       0.       0.105728 0.       0.154175 0.       0.       0.      ],[0. 0. 0. 0. 1. 0. 0. 1. 0. 0. 0. 0. 1. 1. 0. 0. 0. 0. 0. 1. 1. 1. 0. 0. 0. 1. 0. 1. 0. 0. 0.],9.0,1000,100,0.01,0.0015,1,11,idID,,random,single_objective
260,0.17970178491605585,0.3773737483237173,0.0034364,[0.       0.       0.       0.       0.105728 0.       0.       0.105728 0.       0.       0.       0.       0.105728 0.105728 0.       0.       0.       0.       0.       0.105728 0.105728 0.105728 0.       0.       0.       0.105728 0.       0.154175 0.       0.       0.      ],[0. 0. 0. 0. 1. 0. 0. 1. 0. 0. 0. 0. 1. 1. 0. 0. 0. 0. 0. 1. 1. 1. 0. 0. 0. 1. 0. 1. 0. 0. 0.],9.0,1000,100,0.01,0.0015,1,11,idID,,random,single_objective
261,0.17970178491605585,0.3773737483237173,0.0034364,[0.       0.       0.       0.       0.105728 0.       0.       0.105728 0.       0.       0.       0.       0.105728 0.105728 0.       0.       0.       0.       0.       0.105728 0.105728 0.105728 0.       0.       0.       0.105728 0.       0.154175 0.       0.       0.      ],[0. 0. 0. 0. 1. 0. 0. 1. 0. 0. 0. 0. 1. 1. 0. 0. 0. 0. 0. 1. 1. 1. 0. 0. 0. 1. 0. 1. 0. 0. 0.],9.0,1000,100,0.01,0.0015,1,11,idID,,random,single_objective
262,0.17970178491605585,0.3773737483237173,0.0034364,[0.       0.       0.       0.       0.105728 0.       0.       0.105728 0.       0.       0.       0.       0.105728 0.105728 0.       0.       0.       0.       0.       0.105728 0.105728 0.105728 0.       0.       0.       0.105728 0.       0.154175 0.       0.       0.      ],[0. 0. 0. 0. 1. 0. 0. 1. 0. 0. 0. 0. 1. 1. 0. 0. 0. 0. 0. 1. 1. 1. 0. 0. 0. 1. 0. 1. 0. 0. 0.],9.0,1000,100,0.01,0.0015,1,11,idID,,random,single_objective
263,0.17970178491605585,0.3773737483237173,0.0034364,[0.       0.       0.       0.       0.105728 0.       0.       0.105728 0.       0.       0.       0.       0.105728 0.105728 0.       0.       0.       0.       0.       0.105728 0.105728 0.105728 0.       0.       0.       0.105728 0.       0.154175 0.       0.       0.      ],[0. 0. 0. 0. 1. 0. 0. 1. 0. 0. 0. 0. 1. 1. 0. 0. 0. 0. 0. 1. 1. 1. 0. 0. 0. 1. 0. 1. 0. 0. 0.],9.0,1000,100,0.01,0.0015,1,11,idID,,random,single_objective
264,0.17970178491605585,0.3773737483237173,0.0034364,[0.       0.       0.       0.       0.105728 0.       0.       0.105728 0.       0.       0.       0.       0.105728 0.105728 0.       0.       0.       0.       0.       0.105728 0.105728 0.105728 0.       0.       0.       0.105728 0.       0.154175 0.       0.       0.      ],[0. 0. 0. 0. 1. 0. 0. 1. 0. 0. 0. 0. 1. 1. 0. 0. 0. 0. 0. 1. 1. 1. 0. 0. 0. 1. 0. 1. 0. 0. 0.],9.0,1000,100,0.01,0.0015,1,11,idID,,random,single_objective
265,0.17970178491605585,0.3773737483237173,0.0034364,[0.       0.       0.       0.       0.105728 0.       0.       0.105728 0.       0.       0.       0.       0.105728 0.105728 0.       0.       0.       0.       0.       0.105728 0.105728 0.105728 0.       0.       0.       0.105728 0.       0.154175 0.       0.       0.      ],[0. 0. 0. 0. 1. 0. 0. 1. 0. 0. 0. 0. 1. 1. 0. 0. 0. 0. 0. 1. 1. 1. 0. 0. 0. 1. 0. 1. 0. 0. 0.],9.0,1000,100,0.01,0.0015,1,11,idID,,random,single_objective
266,0.17970178491605585,0.3773737483237173,0.0034364,[0.       0.       0.       0.       0.105728 0.       0.       0.105728 0.       0.       0.       0.       0.105728 0.105728 0.       0.       0.       0.       0.       0.105728 0.105728 0.105728 0.       0.       0.       0.105728 0.       0.154175 0.       0.       0.      ],[0. 0. 0. 0. 1. 0. 0. 1. 0. 0. 0. 0. 1. 1. 0. 0. 0. 0. 0. 1. 1. 1. 0. 0. 0. 1. 0. 1. 0. 0. 0.],9.0,1000,100,0.01,0.0015,1,11,idID,,random,single_objective
267,0.17970178491605585,0.3773737483237173,0.0034364,[0.       0.       0.       0.       0.105728 0.       0.       0.105728 0.       0.       0.       0.       0.105728 0.105728 0.       0.       0.       0.       0.       0.105728 0.105728 0.105728 0.       0.       0.       0.105728 0.       0.154175 0.       0.       0.      ],[0. 0. 0. 0. 1. 0. 0. 1. 0. 0. 0. 0. 1. 1. 0. 0. 0. 0. 0. 1. 1. 1. 0. 0. 0. 1. 0. 1. 0. 0. 0.],9.0,1000,100,0.01,0.0015,1,11,idID,,random,single_objective
268,0.17970178491605585,0.3773737483237173,0.0034364,[0.       0.       0.       0.       0.105728 0.       0.       0.105728 0.       0.       0.       0.       0.105728 0.105728 0.       0.       0.       0.       0.       0.105728 0.105728 0.105728 0.       0.       0.       0.105728 0.       0.154175 0.       0.       0.      ],[0. 0. 0. 0. 1. 0. 0. 1. 0. 0. 0. 0. 1. 1. 0. 0. 0. 0. 0. 1. 1. 1. 0. 0. 0. 1. 0. 1. 0. 0. 0.],9.0,1000,100,0.01,0.0015,1,11,idID,,random,single_objective
269,0.17970178491605585,0.3773737483237173,0.0034364,[0.       0.       0.       0.       0.105728 0.       0.       0.105728 0.       0.       0.       0.       0.105728 0.105728 0.       0.       0.       0.       0.       0.105728 0.105728 0.105728 0.       0.       0.       0.105728 0.       0.154175 0.       0.       0.      ],[0. 0. 0. 0. 1. 0. 0. 1. 0. 0. 0. 0. 1. 1. 0. 0. 0. 0. 0. 1. 1. 1. 0. 0. 0. 1. 0. 1. 0. 0. 0.],9.0,1000,100,0.01,0.0015,1,11,idID,,random,single_objective
270,0.17970178491605585,0.3773737483237173,0.0034364,[0.       0.       0.       0.       0.105728 0.       0.       0.105728 0.       0.       0.       0.       0.105728 0.105728 0.       0.       0.       0.       0.       0.105728 0.105728 0.105728 0.       0.       0.       0.105728 0.       0.154175 0.       0.       0.      ],[0. 0. 0. 0. 1. 0. 0. 1. 0. 0. 0. 0. 1. 1. 0. 0. 0. 0. 0. 1. 1. 1. 0. 0. 0. 1. 0. 1. 0. 0. 0.],9.0,1000,100,0.01,0.0015,1,11,idID,,random,single_objective
271,0.17970178491605585,0.3773737483237173,0.0034364,[0.       0.       0.       0.       0.105728 0.       0.       0.105728 0.       0.       0.       0.       0.105728 0.105728 0.       0.       0.       0.       0.       0.105728 0.105728 0.105728 0.       0.       0.       0.105728 0.       0.154175 0.       0.       0.      ],[0. 0. 0. 0. 1. 0. 0. 1. 0. 0. 0. 0. 1. 1. 0. 0. 0. 0. 0. 1. 1. 1. 0. 0. 0. 1. 0. 1. 0. 0. 0.],9.0,1000,100,0.01,0.0015,1,11,idID,,random,single_objective
272,0.17970178491605585,0.3773737483237173,0.0034364,[0.       0.       0.       0.       0.105728 0.       0.       0.105728 0.       0.       0.       0.       0.105728 0.105728 0.       0.       0.       0.       0.       0.105728 0.105728 0.105728 0.       0.       0.       0.105728 0.       0.154175 0.       0.       0.      ],[0. 0. 0. 0. 1. 0. 0. 1. 0. 0. 0. 0. 1. 1. 0. 0. 0. 0. 0. 1. 1. 1. 0. 0. 0. 1. 0. 1. 0. 0. 0.],9.0,1000,100,0.01,0.0015,1,11,idID,,random,single_objective
273,0.17970178491605585,0.3773737483237173,0.0034364,[0.       0.       0.       0.       0.105728 0.       0.       0.105728 0.       0.       0.       0.       0.105728 0.105728 0.       0.       0.       0.       0.       0.105728 0.105728 0.105728 0.       0.       0.       0.105728 0.       0.154175 0.       0.       0.      ],[0. 0. 0. 0. 1. 0. 0. 1. 0. 0. 0. 0. 1. 1. 0. 0. 0. 0. 0. 1. 1. 1. 0. 0. 0. 1. 0. 1. 0. 0. 0.],9.0,1000,100,0.01,0.0015,1,11,idID,,random,single_objective
274,0.17970178491605585,0.3773737483237173,0.0034364,[0.       0.       0.       0.       0.105728 0.       0.       0.105728 0.       0.       0.       0.       0.105728 0.105728 0.       0.       0.       0.       0.       0.105728 0.105728 0.105728 0.       0.       0.       0.105728 0.       0.154175 0.       0.       0.      ],[0. 0. 0. 0. 1. 0. 0. 1. 0. 0. 0. 0. 1. 1. 0. 0. 0. 0. 0. 1. 1. 1. 0. 0. 0. 1. 0. 1. 0. 0. 0.],9.0,1000,100,0.01,0.0015,1,11,idID,,random,single_objective
275,0.17970178491605585,0.3773737483237173,0.0034364,[0.       0.       0.       0.       0.105728 0.       0.       0.105728 0.       0.       0.       0.       0.105728 0.105728 0.       0.       0.       0.       0.       0.105728 0.105728 0.105728 0.       0.       0.       0.105728 0.       0.154175 0.       0.       0.      ],[0. 0. 0. 0. 1. 0. 0. 1. 0. 0. 0. 0. 1. 1. 0. 0. 0. 0. 0. 1. 1. 1. 0. 0. 0. 1. 0. 1. 0. 0. 0.],9.0,1000,100,0.01,0.0015,1,11,idID,,random,single_objective
276,0.17970178491605585,0.3773737483237173,0.0034364,[0.       0.       0.       0.       0.105728 0.       0.       0.105728 0.       0.       0.       0.       0.105728 0.105728 0.       0.       0.       0.       0.       0.105728 0.105728 0.105728 0.       0.       0.       0.105728 0.       0.154175 0.       0.       0.      ],[0. 0. 0. 0. 1. 0. 0. 1. 0. 0. 0. 0. 1. 1. 0. 0. 0. 0. 0. 1. 1. 1. 0. 0. 0. 1. 0. 1. 0. 0. 0.],9.0,1000,100,0.01,0.0015,1,11,idID,,random,single_objective
277,0.17970178491605585,0.3773737483237173,0.0034364,[0.       0.       0.       0.       0.105728 0.       0.       0.105728 0.       0.       0.       0.       0.105728 0.105728 0.       0.       0.       0.       0.       0.105728 0.105728 0.105728 0.       0.       0.       0.105728 0.       0.154175 0.       0.       0.      ],[0. 0. 0. 0. 1. 0. 0. 1. 0. 0. 0. 0. 1. 1. 0. 0. 0. 0. 0. 1. 1. 1. 0. 0. 0. 1. 0. 1. 0. 0. 0.],9.0,1000,100,0.01,0.0015,1,11,idID,,random,single_objective
278,0.17970178491605585,0.3773737483237173,0.0034364,[0.       0.       0.       0.       0.105728 0.       0.       0.105728 0.       0.       0.       0.       0.105728 0.105728 0.       0.       0.       0.       0.       0.105728 0.105728 0.105728 0.       0.       0.       0.105728 0.       0.154175 0.       0.       0.      ],[0. 0. 0. 0. 1. 0. 0. 1. 0. 0. 0. 0. 1. 1. 0. 0. 0. 0. 0. 1. 1. 1. 0. 0. 0. 1. 0. 1. 0. 0. 0.],9.0,1000,100,0.01,0.0015,1,11,idID,,random,single_objective
279,0.17970178491605585,0.3773737483237173,0.0034364,[0.       0.       0.       0.       0.105728 0.       0.       0.105728 0.       0.       0.       0.       0.105728 0.105728 0.       0.       0.       0.       0.       0.105728 0.105728 0.105728 0.       0.       0.       0.105728 0.       0.154175 0.       0.       0.      ],[0. 0. 0. 0. 1. 0. 0. 1. 0. 0. 0. 0. 1. 1. 0. 0. 0. 0. 0. 1. 1. 1. 0. 0. 0. 1. 0. 1. 0. 0. 0.],9.0,1000,100,0.01,0.0015,1,11,idID,,random,single_objective
280,0.17970178491605585,0.3773737483237173,0.0034364,[0.       0.       0.       0.       0.105728 0.       0.       0.105728 0.       0.       0.       0.       0.105728 0.105728 0.       0.       0.       0.       0.       0.105728 0.105728 0.105728 0.       0.       0.       0.105728 0.       0.154175 0.       0.       0.      ],[0. 0. 0. 0. 1. 0. 0. 1. 0. 0. 0. 0. 1. 1. 0. 0. 0. 0. 0. 1. 1. 1. 0. 0. 0. 1. 0. 1. 0. 0. 0.],9.0,1000,100,0.01,0.0015,1,11,idID,,random,single_objective
281,0.17970178491605585,0.3773737483237173,0.0034364,[0.       0.       0.       0.       0.105728 0.       0.       0.105728 0.       0.       0.       0.       0.105728 0.105728 0.       0.       0.       0.       0.       0.105728 0.105728 0.105728 0.       0.       0.       0.105728 0.       0.154175 0.       0.       0.      ],[0. 0. 0. 0. 1. 0. 0. 1. 0. 0. 0. 0. 1. 1. 0. 0. 0. 0. 0. 1. 1. 1. 0. 0. 0. 1. 0. 1. 0. 0. 0.],9.0,1000,100,0.01,0.0015,1,11,idID,,random,single_objective
282,0.17970178491605585,0.3773737483237173,0.0034364,[0.       0.       0.       0.       0.105728 0.       0.       0.105728 0.       0.       0.       0.       0.105728 0.105728 0.       0.       0.       0.       0.       0.105728 0.105728 0.105728 0.       0.       0.       0.105728 0.       0.154175 0.       0.       0.      ],[0. 0. 0. 0. 1. 0. 0. 1. 0. 0. 0. 0. 1. 1. 0. 0. 0. 0. 0. 1. 1. 1. 0. 0. 0. 1. 0. 1. 0. 0. 0.],9.0,1000,100,0.01,0.0015,1,11,idID,,random,single_objective
283,0.17970178491605585,0.3773737483237173,0.0034364,[0.       0.       0.       0.       0.105728 0.       0.       0.105728 0.       0.       0.       0.       0.105728 0.105728 0.       0.       0.       0.       0.       0.105728 0.105728 0.105728 0.       0.       0.       0.105728 0.       0.154175 0.       0.       0.      ],[0. 0. 0. 0. 1. 0. 0. 1. 0. 0. 0. 0. 1. 1. 0. 0. 0. 0. 0. 1. 1. 1. 0. 0. 0. 1. 0. 1. 0. 0. 0.],9.0,1000,100,0.01,0.0015,1,11,idID,,random,single_objective
284,0.17970178491605585,0.3773737483237173,0.0034364,[0.       0.       0.       0.       0.105728 0.       0.       0.105728 0.       0.       0.       0.       0.105728 0.105728 0.       0.       0.       0.       0.       0.105728 0.105728 0.105728 0.       0.       0.       0.105728 0.       0.154175 0.       0.       0.      ],[0. 0. 0. 0. 1. 0. 0. 1. 0. 0. 0. 0. 1. 1. 0. 0. 0. 0. 0. 1. 1. 1. 0. 0. 0. 1. 0. 1. 0. 0. 0.],9.0,1000,100,0.01,0.0015,1,11,idID,,random,single_objective
285,0.17970178491605585,0.3773737483237173,0.0034364,[0.       0.       0.       0.       0.105728 0.       0.       0.105728 0.       0.       0.       0.       0.105728 0.105728 0.       0.       0.       0.       0.       0.105728 0.105728 0.105728 0.       0.       0.       0.105728 0.       0.154175 0.       0.       0.      ],[0. 0. 0. 0. 1. 0. 0. 1. 0. 0. 0. 0. 1. 1. 0. 0. 0. 0. 0. 1. 1. 1. 0. 0. 0. 1. 0. 1. 0. 0. 0.],9.0,1000,100,0.01,0.0015,1,11,idID,,random,single_objective
286,0.17970178491605585,0.3773737483237173,0.0034364,[0.       0.       0.       0.       0.105728 0.       0.       0.105728 0.       0.       0.       0.       0.105728 0.105728 0.       0.       0.       0.       0.       0.105728 0.105728 0.105728 0.       0.       0.       0.105728 0.       0.154175 0.       0.       0.      ],[0. 0. 0. 0. 1. 0. 0. 1. 0. 0. 0. 0. 1. 1. 0. 0. 0. 0. 0. 1. 1. 1. 0. 0. 0. 1. 0. 1. 0. 0. 0.],9.0,1000,100,0.01,0.0015,1,11,idID,,random,single_objective
287,0.17970178491605585,0.3773737483237173,0.0034364,[0.       0.       0.       0.       0.105728 0.       0.       0.105728 0.       0.       0.       0.       0.105728 0.105728 0.       0.       0.       0.       0.       0.105728 0.105728 0.105728 0.       0.       0.       0.105728 0.       0.154175 0.       0.       0.      ],[0. 0. 0. 0. 1. 0. 0. 1. 0. 0. 0. 0. 1. 1. 0. 0. 0. 0. 0. 1. 1. 1. 0. 0. 0. 1. 0. 1. 0. 0. 0.],9.0,1000,100,0.01,0.0015,1,11,idID,,random,single_objective
288,0.17970178491605585,0.3773737483237173,0.0034364,[0.       0.       0.       0.       0.105728 0.       0.       0.105728 0.       0.       0.       0.       0.105728 0.105728 0.       0.       0.       0.       0.       0.105728 0.105728 0.105728 0.       0.       0.       0.105728 0.       0.154175 0.       0.       0.      ],[0. 0. 0. 0. 1. 0. 0. 1. 0. 0. 0. 0. 1. 1. 0. 0. 0. 0. 0. 1. 1. 1. 0. 0. 0. 1. 0. 1. 0. 0. 0.],9.0,1000,100,0.01,0.0015,1,11,idID,,random,single_objective
289,0.17970178491605585,0.3773737483237173,0.0034364,[0.       0.       0.       0.       0.105728 0.       0.       0.105728 0.       0.       0.       0.       0.105728 0.105728 0.       0.       0.       0.       0.       0.105728 0.105728 0.105728 0.       0.       0.       0.105728 0.       0.154175 0.       0.       0.      ],[0. 0. 0. 0. 1. 0. 0. 1. 0. 0. 0. 0. 1. 1. 0. 0. 0. 0. 0. 1. 1. 1. 0. 0. 0. 1. 0. 1. 0. 0. 0.],9.0,1000,100,0.01,0.0015,1,11,idID,,random,single_objective
290,0.17970178491605585,0.3773737483237173,0.0034364,[0.       0.       0.       0.       0.105728 0.       0.       0.105728 0.       0.       0.       0.       0.105728 0.105728 0.       0.       0.       0.       0.       0.105728 0.105728 0.105728 0.       0.       0.       0.105728 0.       0.154175 0.       0.       0.      ],[0. 0. 0. 0. 1. 0. 0. 1. 0. 0. 0. 0. 1. 1. 0. 0. 0. 0. 0. 1. 1. 1. 0. 0. 0. 1. 0. 1. 0. 0. 0.],9.0,1000,100,0.01,0.0015,1,11,idID,,random,single_objective
291,0.17970178491605585,0.3773737483237173,0.0034364,[0.       0.       0.       0.       0.105728 0.       0.       0.105728 0.       0.       0.       0.       0.105728 0.105728 0.       0.       0.       0.       0.       0.105728 0.105728 0.105728 0.       0.       0.       0.105728 0.       0.154175 0.       0.       0.      ],[0. 0. 0. 0. 1. 0. 0. 1. 0. 0. 0. 0. 1. 1. 0. 0. 0. 0. 0. 1. 1. 1. 0. 0. 0. 1. 0. 1. 0. 0. 0.],9.0,1000,100,0.01,0.0015,1,11,idID,,random,single_objective
292,0.17970178491605585,0.3773737483237173,0.0034364,[0.       0.       0.       0.       0.105728 0.       0.       0.105728 0.       0.       0.       0.       0.105728 0.105728 0.       0.       0.       0.       0.       0.105728 0.105728 0.105728 0.       0.       0.       0.105728 0.       0.154175 0.       0.       0.      ],[0. 0. 0. 0. 1. 0. 0. 1. 0. 0. 0. 0. 1. 1. 0. 0. 0. 0. 0. 1. 1. 1. 0. 0. 0. 1. 0. 1. 0. 0. 0.],9.0,1000,100,0.01,0.0015,1,11,idID,,random,single_objective
293,0.17970178491605585,0.3773737483237173,0.0034364,[0.       0.       0.       0.       0.105728 0.       0.       0.105728 0.       0.       0.       0.       0.105728 0.105728 0.       0.       0.       0.       0.       0.105728 0.105728 0.105728 0.       0.       0.       0.105728 0.       0.154175 0.       0.       0.      ],[0. 0. 0. 0. 1. 0. 0. 1. 0. 0. 0. 0. 1. 1. 0. 0. 0. 0. 0. 1. 1. 1. 0. 0. 0. 1. 0. 1. 0. 0. 0.],9.0,1000,100,0.01,0.0015,1,11,idID,,random,single_objective
294,0.17970178491605585,0.3773737483237173,0.0034364,[0.       0.       0.       0.       0.105728 0.       0.       0.105728 0.       0.       0.       0.       0.105728 0.105728 0.       0.       0.       0.       0.       0.105728 0.105728 0.105728 0.       0.       0.       0.105728 0.       0.154175 0.       0.       0.      ],[0. 0. 0. 0. 1. 0. 0. 1. 0. 0. 0. 0. 1. 1. 0. 0. 0. 0. 0. 1. 1. 1. 0. 0. 0. 1. 0. 1. 0. 0. 0.],9.0,1000,100,0.01,0.0015,1,11,idID,,random,single_objective
295,0.17970178491605585,0.3773737483237173,0.0034364,[0.       0.       0.       0.       0.105728 0.       0.       0.105728 0.       0.       0.       0.       0.105728 0.105728 0.       0.       0.       0.       0.       0.105728 0.105728 0.105728 0.       0.       0.       0.105728 0.       0.154175 0.       0.       0.      ],[0. 0. 0. 0. 1. 0. 0. 1. 0. 0. 0. 0. 1. 1. 0. 0. 0. 0. 0. 1. 1. 1. 0. 0. 0. 1. 0. 1. 0. 0. 0.],9.0,1000,100,0.01,0.0015,1,11,idID,,random,single_objective
296,0.17970178491605585,0.3773737483237173,0.0034364,[0.       0.       0.       0.       0.105728 0.       0.       0.105728 0.       0.       0.       0.       0.105728 0.105728 0.       0.       0.       0.       0.       0.105728 0.105728 0.105728 0.       0.       0.       0.105728 0.       0.154175 0.       0.       0.      ],[0. 0. 0. 0. 1. 0. 0. 1. 0. 0. 0. 0. 1. 1. 0. 0. 0. 0. 0. 1. 1. 1. 0. 0. 0. 1. 0. 1. 0. 0. 0.],9.0,1000,100,0.01,0.0015,1,11,idID,,random,single_objective
297,0.17970178491605585,0.3773737483237173,0.0034364,[0.       0.       0.       0.       0.105728 0.       0.       0.105728 0.       0.       0.       0.       0.105728 0.105728 0.       0.       0.       0.       0.       0.105728 0.105728 0.105728 0.       0.       0.       0.105728 0.       0.154175 0.       0.       0.      ],[0. 0. 0. 0. 1. 0. 0. 1. 0. 0. 0. 0. 1. 1. 0. 0. 0. 0. 0. 1. 1. 1. 0. 0. 0. 1. 0. 1. 0. 0. 0.],9.0,1000,100,0.01,0.0015,1,11,idID,,random,single_objective
298,0.17970178491605585,0.3773737483237173,0.0034364,[0.       0.       0.       0.       0.105728 0.       0.       0.105728 0.       0.       0.       0.       0.105728 0.105728 0.       0.       0.       0.       0.       0.105728 0.105728 0.105728 0.       0.       0.       0.105728 0.       0.154175 0.       0.       0.      ],[0. 0. 0. 0. 1. 0. 0. 1. 0. 0. 0. 0. 1. 1. 0. 0. 0. 0. 0. 1. 1. 1. 0. 0. 0. 1. 0. 1. 0. 0. 0.],9.0,1000,100,0.01,0.0015,1,11,idID,,random,single_objective
299,0.17970178491605585,0.3773737483237173,0.0034364,[0.       0.       0.       0.       0.105728 0.       0.       0.105728 0.       0.       0.       0.       0.105728 0.105728 0.       0.       0.       0.       0.       0.105728 0.105728 0.105728 0.       0.       0.       0.105728 0.       0.154175 0.       0.       0.      ],[0. 0. 0. 0. 1. 0. 0. 1. 0. 0. 0. 0. 1. 1. 0. 0. 0. 0. 0. 1. 1. 1. 0. 0. 0. 1. 0. 1. 0. 0. 0.],9.0,1000,100,0.01,0.0015,1,11,idID,,random,single_objective
300,0.17970178491605585,0.3773737483237173,0.0034364,[0.       0.       0.       0.       0.105728 0.       0.       0.105728 0.       0.       0.       0.       0.105728 0.105728 0.       0.       0.       0.       0.       0.105728 0.105728 0.105728 0.       0.       0.       0.105728 0.       0.154175 0.       0.       0.      ],[0. 0. 0. 0. 1. 0. 0. 1. 0. 0. 0. 0. 1. 1. 0. 0. 0. 0. 0. 1. 1. 1. 0. 0. 0. 1. 0. 1. 0. 0. 0.],9.0,1000,100,0.01,0.0015,1,11,idID,,random,single_objective
301,0.17970178491605585,0.3773737483237173,0.0034364,[0.       0.       0.       0.       0.105728 0.       0.       0.105728 0.       0.       0.       0.       0.105728 0.105728 0.       0.       0.       0.       0.       0.105728 0.105728 0.105728 0.       0.       0.       0.105728 0.       0.154175 0.       0.       0.      ],[0. 0. 0. 0. 1. 0. 0. 1. 0. 0. 0. 0. 1. 1. 0. 0. 0. 0. 0. 1. 1. 1. 0. 0. 0. 1. 0. 1. 0. 0. 0.],9.0,1000,100,0.01,0.0015,1,11,idID,,random,single_objective
302,0.17970178491605585,0.3773737483237173,0.0034364,[0.       0.       0.       0.       0.105728 0.       0.       0.105728 0.       0.       0.       0.       0.105728 0.105728 0.       0.       0.       0.       0.       0.105728 0.105728 0.105728 0.       0.       0.       0.105728 0.       0.154175 0.       0.       0.      ],[0. 0. 0. 0. 1. 0. 0. 1. 0. 0. 0. 0. 1. 1. 0. 0. 0. 0. 0. 1. 1. 1. 0. 0. 0. 1. 0. 1. 0. 0. 0.],9.0,1000,100,0.01,0.0015,1,11,idID,,random,single_objective
303,0.17970178491605585,0.3773737483237173,0.0034364,[0.       0.       0.       0.       0.105728 0.       0.       0.105728 0.       0.       0.       0.       0.105728 0.105728 0.       0.       0.       0.       0.       0.105728 0.105728 0.105728 0.       0.       0.       0.105728 0.       0.154175 0.       0.       0.      ],[0. 0. 0. 0. 1. 0. 0. 1. 0. 0. 0. 0. 1. 1. 0. 0. 0. 0. 0. 1. 1. 1. 0. 0. 0. 1. 0. 1. 0. 0. 0.],9.0,1000,100,0.01,0.0015,1,11,idID,,random,single_objective
304,0.17970178491605585,0.3773737483237173,0.0034364,[0.       0.       0.       0.       0.105728 0.       0.       0.105728 0.       0.       0.       0.       0.105728 0.105728 0.       0.       0.       0.       0.       0.105728 0.105728 0.105728 0.       0.       0.       0.105728 0.       0.154175 0.       0.       0.      ],[0. 0. 0. 0. 1. 0. 0. 1. 0. 0. 0. 0. 1. 1. 0. 0. 0. 0. 0. 1. 1. 1. 0. 0. 0. 1. 0. 1. 0. 0. 0.],9.0,1000,100,0.01,0.0015,1,11,idID,,random,single_objective
305,0.17970178491605585,0.3773737483237173,0.0034364,[0.       0.       0.       0.       0.105728 0.       0.       0.105728 0.       0.       0.       0.       0.105728 0.105728 0.       0.       0.       0.       0.       0.105728 0.105728 0.105728 0.       0.       0.       0.105728 0.       0.154175 0.       0.       0.      ],[0. 0. 0. 0. 1. 0. 0. 1. 0. 0. 0. 0. 1. 1. 0. 0. 0. 0. 0. 1. 1. 1. 0. 0. 0. 1. 0. 1. 0. 0. 0.],9.0,1000,100,0.01,0.0015,1,11,idID,,random,single_objective
306,0.17970178491605585,0.3773737483237173,0.0034364,[0.       0.       0.       0.       0.105728 0.       0.       0.105728 0.       0.       0.       0.       0.105728 0.105728 0.       0.       0.       0.       0.       0.105728 0.105728 0.105728 0.       0.       0.       0.105728 0.       0.154175 0.       0.       0.      ],[0. 0. 0. 0. 1. 0. 0. 1. 0. 0. 0. 0. 1. 1. 0. 0. 0. 0. 0. 1. 1. 1. 0. 0. 0. 1. 0. 1. 0. 0. 0.],9.0,1000,100,0.01,0.0015,1,11,idID,,random,single_objective
307,0.17970178491605585,0.3773737483237173,0.0034364,[0.       0.       0.       0.       0.105728 0.       0.       0.105728 0.       0.       0.       0.       0.105728 0.105728 0.       0.       0.       0.       0.       0.105728 0.105728 0.105728 0.       0.       0.       0.105728 0.       0.154175 0.       0.       0.      ],[0. 0. 0. 0. 1. 0. 0. 1. 0. 0. 0. 0. 1. 1. 0. 0. 0. 0. 0. 1. 1. 1. 0. 0. 0. 1. 0. 1. 0. 0. 0.],9.0,1000,100,0.01,0.0015,1,11,idID,,random,single_objective
308,0.17970178491605585,0.3773737483237173,0.0034364,[0.       0.       0.       0.       0.105728 0.       0.       0.105728 0.       0.       0.       0.       0.105728 0.105728 0.       0.       0.       0.       0.       0.105728 0.105728 0.105728 0.       0.       0.       0.105728 0.       0.154175 0.       0.       0.      ],[0. 0. 0. 0. 1. 0. 0. 1. 0. 0. 0. 0. 1. 1. 0. 0. 0. 0. 0. 1. 1. 1. 0. 0. 0. 1. 0. 1. 0. 0. 0.],9.0,1000,100,0.01,0.0015,1,11,idID,,random,single_objective
309,0.17970178491605585,0.3773737483237173,0.0034364,[0.       0.       0.       0.       0.105728 0.       0.       0.105728 0.       0.       0.       0.       0.105728 0.105728 0.       0.       0.       0.       0.       0.105728 0.105728 0.105728 0.       0.       0.       0.105728 0.       0.154175 0.       0.       0.      ],[0. 0. 0. 0. 1. 0. 0. 1. 0. 0. 0. 0. 1. 1. 0. 0. 0. 0. 0. 1. 1. 1. 0. 0. 0. 1. 0. 1. 0. 0. 0.],9.0,1000,100,0.01,0.0015,1,11,idID,,random,single_objective
310,0.17970178491605585,0.3773737483237173,0.0034364,[0.       0.       0.       0.       0.105728 0.       0.       0.105728 0.       0.       0.       0.       0.105728 0.105728 0.       0.       0.       0.       0.       0.105728 0.105728 0.105728 0.       0.       0.       0.105728 0.       0.154175 0.       0.       0.      ],[0. 0. 0. 0. 1. 0. 0. 1. 0. 0. 0. 0. 1. 1. 0. 0. 0. 0. 0. 1. 1. 1. 0. 0. 0. 1. 0. 1. 0. 0. 0.],9.0,1000,100,0.01,0.0015,1,11,idID,,random,single_objective
311,0.17970178491605585,0.3773737483237173,0.0034364,[0.       0.       0.       0.       0.105728 0.       0.       0.105728 0.       0.       0.       0.       0.105728 0.105728 0.       0.       0.       0.       0.       0.105728 0.105728 0.105728 0.       0.       0.       0.105728 0.       0.154175 0.       0.       0.      ],[0. 0. 0. 0. 1. 0. 0. 1. 0. 0. 0. 0. 1. 1. 0. 0. 0. 0. 0. 1. 1. 1. 0. 0. 0. 1. 0. 1. 0. 0. 0.],9.0,1000,100,0.01,0.0015,1,11,idID,,random,single_objective
312,0.17970178491605585,0.3773737483237173,0.0034364,[0.       0.       0.       0.       0.105728 0.       0.       0.105728 0.       0.       0.       0.       0.105728 0.105728 0.       0.       0.       0.       0.       0.105728 0.105728 0.105728 0.       0.       0.       0.105728 0.       0.154175 0.       0.       0.      ],[0. 0. 0. 0. 1. 0. 0. 1. 0. 0. 0. 0. 1. 1. 0. 0. 0. 0. 0. 1. 1. 1. 0. 0. 0. 1. 0. 1. 0. 0. 0.],9.0,1000,100,0.01,0.0015,1,11,idID,,random,single_objective
313,0.17970178491605585,0.3773737483237173,0.0034364,[0.       0.       0.       0.       0.105728 0.       0.       0.105728 0.       0.       0.       0.       0.105728 0.105728 0.       0.       0.       0.       0.       0.105728 0.105728 0.105728 0.       0.       0.       0.105728 0.       0.154175 0.       0.       0.      ],[0. 0. 0. 0. 1. 0. 0. 1. 0. 0. 0. 0. 1. 1. 0. 0. 0. 0. 0. 1. 1. 1. 0. 0. 0. 1. 0. 1. 0. 0. 0.],9.0,1000,100,0.01,0.0015,1,11,idID,,random,single_objective
314,0.17970178491605585,0.3773737483237173,0.0034364,[0.       0.       0.       0.       0.105728 0.       0.       0.105728 0.       0.       0.       0.       0.105728 0.105728 0.       0.       0.       0.       0.       0.105728 0.105728 0.105728 0.       0.       0.       0.105728 0.       0.154175 0.       0.       0.      ],[0. 0. 0. 0. 1. 0. 0. 1. 0. 0. 0. 0. 1. 1. 0. 0. 0. 0. 0. 1. 1. 1. 0. 0. 0. 1. 0. 1. 0. 0. 0.],9.0,1000,100,0.01,0.0015,1,11,idID,,random,single_objective
315,0.17970178491605585,0.3773737483237173,0.0034364,[0.       0.       0.       0.       0.105728 0.       0.       0.105728 0.       0.       0.       0.       0.105728 0.105728 0.       0.       0.       0.       0.       0.105728 0.105728 0.105728 0.       0.       0.       0.105728 0.       0.154175 0.       0.       0.      ],[0. 0. 0. 0. 1. 0. 0. 1. 0. 0. 0. 0. 1. 1. 0. 0. 0. 0. 0. 1. 1. 1. 0. 0. 0. 1. 0. 1. 0. 0. 0.],9.0,1000,100,0.01,0.0015,1,11,idID,,random,single_objective
316,0.17970178491605585,0.3773737483237173,0.0034364,[0.       0.       0.       0.       0.105728 0.       0.       0.105728 0.       0.       0.       0.       0.105728 0.105728 0.       0.       0.       0.       0.       0.105728 0.105728 0.105728 0.       0.       0.       0.105728 0.       0.154175 0.       0.       0.      ],[0. 0. 0. 0. 1. 0. 0. 1. 0. 0. 0. 0. 1. 1. 0. 0. 0. 0. 0. 1. 1. 1. 0. 0. 0. 1. 0. 1. 0. 0. 0.],9.0,1000,100,0.01,0.0015,1,11,idID,,random,single_objective
317,0.17970178491605585,0.3773737483237173,0.0034364,[0.       0.       0.       0.       0.105728 0.       0.       0.105728 0.       0.       0.       0.       0.105728 0.105728 0.       0.       0.       0.       0.       0.105728 0.105728 0.105728 0.       0.       0.       0.105728 0.       0.154175 0.       0.       0.      ],[0. 0. 0. 0. 1. 0. 0. 1. 0. 0. 0. 0. 1. 1. 0. 0. 0. 0. 0. 1. 1. 1. 0. 0. 0. 1. 0. 1. 0. 0. 0.],9.0,1000,100,0.01,0.0015,1,11,idID,,random,single_objective
318,0.17970178491605585,0.3773737483237173,0.0034364,[0.       0.       0.       0.       0.105728 0.       0.       0.105728 0.       0.       0.       0.       0.105728 0.105728 0.       0.       0.       0.       0.       0.105728 0.105728 0.105728 0.       0.       0.       0.105728 0.       0.154175 0.       0.       0.      ],[0. 0. 0. 0. 1. 0. 0. 1. 0. 0. 0. 0. 1. 1. 0. 0. 0. 0. 0. 1. 1. 1. 0. 0. 0. 1. 0. 1. 0. 0. 0.],9.0,1000,100,0.01,0.0015,1,11,idID,,random,single_objective
319,0.17970178491605585,0.3773737483237173,0.0034364,[0.       0.       0.       0.       0.105728 0.       0.       0.105728 0.       0.       0.       0.       0.105728 0.105728 0.       0.       0.       0.       0.       0.105728 0.105728 0.105728 0.       0.       0.       0.105728 0.       0.154175 0.       0.       0.      ],[0. 0. 0. 0. 1. 0. 0. 1. 0. 0. 0. 0. 1. 1. 0. 0. 0. 0. 0. 1. 1. 1. 0. 0. 0. 1. 0. 1. 0. 0. 0.],9.0,1000,100,0.01,0.0015,1,11,idID,,random,single_objective
320,0.17970178491605585,0.3773737483237173,0.0034364,[0.       0.       0.       0.       0.105728 0.       0.       0.105728 0.       0.       0.       0.       0.105728 0.105728 0.       0.       0.       0.       0.       0.105728 0.105728 0.105728 0.       0.       0.       0.105728 0.       0.154175 0.       0.       0.      ],[0. 0. 0. 0. 1. 0. 0. 1. 0. 0. 0. 0. 1. 1. 0. 0. 0. 0. 0. 1. 1. 1. 0. 0. 0. 1. 0. 1. 0. 0. 0.],9.0,1000,100,0.01,0.0015,1,11,idID,,random,single_objective
321,0.17970178491605585,0.3773737483237173,0.0034364,[0.       0.       0.       0.       0.105728 0.       0.       0.105728 0.       0.       0.       0.       0.105728 0.105728 0.       0.       0.       0.       0.       0.105728 0.105728 0.105728 0.       0.       0.       0.105728 0.       0.154175 0.       0.       0.      ],[0. 0. 0. 0. 1. 0. 0. 1. 0. 0. 0. 0. 1. 1. 0. 0. 0. 0. 0. 1. 1. 1. 0. 0. 0. 1. 0. 1. 0. 0. 0.],9.0,1000,100,0.01,0.0015,1,11,idID,,random,single_objective
322,0.17970178491605585,0.3773737483237173,0.0034364,[0.       0.       0.       0.       0.105728 0.       0.       0.105728 0.       0.       0.       0.       0.105728 0.105728 0.       0.       0.       0.       0.       0.105728 0.105728 0.105728 0.       0.       0.       0.105728 0.       0.154175 0.       0.       0.      ],[0. 0. 0. 0. 1. 0. 0. 1. 0. 0. 0. 0. 1. 1. 0. 0. 0. 0. 0. 1. 1. 1. 0. 0. 0. 1. 0. 1. 0. 0. 0.],9.0,1000,100,0.01,0.0015,1,11,idID,,random,single_objective
323,0.17970178491605585,0.3773737483237173,0.0034364,[0.       0.       0.       0.       0.105728 0.       0.       0.105728 0.       0.       0.       0.       0.105728 0.105728 0.       0.       0.       0.       0.       0.105728 0.105728 0.105728 0.       0.       0.       0.105728 0.       0.154175 0.       0.       0.      ],[0. 0. 0. 0. 1. 0. 0. 1. 0. 0. 0. 0. 1. 1. 0. 0. 0. 0. 0. 1. 1. 1. 0. 0. 0. 1. 0. 1. 0. 0. 0.],9.0,1000,100,0.01,0.0015,1,11,idID,,random,single_objective
324,0.17970178491605585,0.3773737483237173,0.0034364,[0.       0.       0.       0.       0.105728 0.       0.       0.105728 0.       0.       0.       0.       0.105728 0.105728 0.       0.       0.       0.       0.       0.105728 0.105728 0.105728 0.       0.       0.       0.105728 0.       0.154175 0.       0.       0.      ],[0. 0. 0. 0. 1. 0. 0. 1. 0. 0. 0. 0. 1. 1. 0. 0. 0. 0. 0. 1. 1. 1. 0. 0. 0. 1. 0. 1. 0. 0. 0.],9.0,1000,100,0.01,0.0015,1,11,idID,,random,single_objective
325,0.17970178491605585,0.3773737483237173,0.0034364,[0.       0.       0.       0.       0.105728 0.       0.       0.105728 0.       0.       0.       0.       0.105728 0.105728 0.       0.       0.       0.       0.       0.105728 0.105728 0.105728 0.       0.       0.       0.105728 0.       0.154175 0.       0.       0.      ],[0. 0. 0. 0. 1. 0. 0. 1. 0. 0. 0. 0. 1. 1. 0. 0. 0. 0. 0. 1. 1. 1. 0. 0. 0. 1. 0. 1. 0. 0. 0.],9.0,1000,100,0.01,0.0015,1,11,idID,,random,single_objective
326,0.17970178491605585,0.3773737483237173,0.0034364,[0.       0.       0.       0.       0.105728 0.       0.       0.105728 0.       0.       0.       0.       0.105728 0.105728 0.       0.       0.       0.       0.       0.105728 0.105728 0.105728 0.       0.       0.       0.105728 0.       0.154175 0.       0.       0.      ],[0. 0. 0. 0. 1. 0. 0. 1. 0. 0. 0. 0. 1. 1. 0. 0. 0. 0. 0. 1. 1. 1. 0. 0. 0. 1. 0. 1. 0. 0. 0.],9.0,1000,100,0.01,0.0015,1,11,idID,,random,single_objective
327,0.17970178491605585,0.3773737483237173,0.0034364,[0.       0.       0.       0.       0.105728 0.       0.       0.105728 0.       0.       0.       0.       0.105728 0.105728 0.       0.       0.       0.       0.       0.105728 0.105728 0.105728 0.       0.       0.       0.105728 0.       0.154175 0.       0.       0.      ],[0. 0. 0. 0. 1. 0. 0. 1. 0. 0. 0. 0. 1. 1. 0. 0. 0. 0. 0. 1. 1. 1. 0. 0. 0. 1. 0. 1. 0. 0. 0.],9.0,1000,100,0.01,0.0015,1,11,idID,,random,single_objective
328,0.17970178491605585,0.3773737483237173,0.0034364,[0.       0.       0.       0.       0.105728 0.       0.       0.105728 0.       0.       0.       0.       0.105728 0.105728 0.       0.       0.       0.       0.       0.105728 0.105728 0.105728 0.       0.       0.       0.105728 0.       0.154175 0.       0.       0.      ],[0. 0. 0. 0. 1. 0. 0. 1. 0. 0. 0. 0. 1. 1. 0. 0. 0. 0. 0. 1. 1. 1. 0. 0. 0. 1. 0. 1. 0. 0. 0.],9.0,1000,100,0.01,0.0015,1,11,idID,,random,single_objective
329,0.17970178491605585,0.3773737483237173,0.0034364,[0.       0.       0.       0.       0.105728 0.       0.       0.105728 0.       0.       0.       0.       0.105728 0.105728 0.       0.       0.       0.       0.       0.105728 0.105728 0.105728 0.       0.       0.       0.105728 0.       0.154175 0.       0.       0.      ],[0. 0. 0. 0. 1. 0. 0. 1. 0. 0. 0. 0. 1. 1. 0. 0. 0. 0. 0. 1. 1. 1. 0. 0. 0. 1. 0. 1. 0. 0. 0.],9.0,1000,100,0.01,0.0015,1,11,idID,,random,single_objective
330,0.17970178491605585,0.3773737483237173,0.0034364,[0.       0.       0.       0.       0.105728 0.       0.       0.105728 0.       0.       0.       0.       0.105728 0.105728 0.       0.       0.       0.       0.       0.105728 0.105728 0.105728 0.       0.       0.       0.105728 0.       0.154175 0.       0.       0.      ],[0. 0. 0. 0. 1. 0. 0. 1. 0. 0. 0. 0. 1. 1. 0. 0. 0. 0. 0. 1. 1. 1. 0. 0. 0. 1. 0. 1. 0. 0. 0.],9.0,1000,100,0.01,0.0015,1,11,idID,,random,single_objective
331,0.17970178491605585,0.3773737483237173,0.0034364,[0.       0.       0.       0.       0.105728 0.       0.       0.105728 0.       0.       0.       0.       0.105728 0.105728 0.       0.       0.       0.       0.       0.105728 0.105728 0.105728 0.       0.       0.       0.105728 0.       0.154175 0.       0.       0.      ],[0. 0. 0. 0. 1. 0. 0. 1. 0. 0. 0. 0. 1. 1. 0. 0. 0. 0. 0. 1. 1. 1. 0. 0. 0. 1. 0. 1. 0. 0. 0.],9.0,1000,100,0.01,0.0015,1,11,idID,,random,single_objective
332,0.17970178491605585,0.3773737483237173,0.0034364,[0.       0.       0.       0.       0.105728 0.       0.       0.105728 0.       0.       0.       0.       0.105728 0.105728 0.       0.       0.       0.       0.       0.105728 0.105728 0.105728 0.       0.       0.       0.105728 0.       0.154175 0.       0.       0.      ],[0. 0. 0. 0. 1. 0. 0. 1. 0. 0. 0. 0. 1. 1. 0. 0. 0. 0. 0. 1. 1. 1. 0. 0. 0. 1. 0. 1. 0. 0. 0.],9.0,1000,100,0.01,0.0015,1,11,idID,,random,single_objective
333,0.17970178491605585,0.3773737483237173,0.0034364,[0.       0.       0.       0.       0.105728 0.       0.       0.105728 0.       0.       0.       0.       0.105728 0.105728 0.       0.       0.       0.       0.       0.105728 0.105728 0.105728 0.       0.       0.       0.105728 0.       0.154175 0.       0.       0.      ],[0. 0. 0. 0. 1. 0. 0. 1. 0. 0. 0. 0. 1. 1. 0. 0. 0. 0. 0. 1. 1. 1. 0. 0. 0. 1. 0. 1. 0. 0. 0.],9.0,1000,100,0.01,0.0015,1,11,idID,,random,single_objective
334,0.17970178491605585,0.3773737483237173,0.0034364,[0.       0.       0.       0.       0.105728 0.       0.       0.105728 0.       0.       0.       0.       0.105728 0.105728 0.       0.       0.       0.       0.       0.105728 0.105728 0.105728 0.       0.       0.       0.105728 0.       0.154175 0.       0.       0.      ],[0. 0. 0. 0. 1. 0. 0. 1. 0. 0. 0. 0. 1. 1. 0. 0. 0. 0. 0. 1. 1. 1. 0. 0. 0. 1. 0. 1. 0. 0. 0.],9.0,1000,100,0.01,0.0015,1,11,idID,,random,single_objective
335,0.17970178491605585,0.3773737483237173,0.0034364,[0.       0.       0.       0.       0.105728 0.       0.       0.105728 0.       0.       0.       0.       0.105728 0.105728 0.       0.       0.       0.       0.       0.105728 0.105728 0.105728 0.       0.       0.       0.105728 0.       0.154175 0.       0.       0.      ],[0. 0. 0. 0. 1. 0. 0. 1. 0. 0. 0. 0. 1. 1. 0. 0. 0. 0. 0. 1. 1. 1. 0. 0. 0. 1. 0. 1. 0. 0. 0.],9.0,1000,100,0.01,0.0015,1,11,idID,,random,single_objective
336,0.17970178491605585,0.3773737483237173,0.0034364,[0.       0.       0.       0.       0.105728 0.       0.       0.105728 0.       0.       0.       0.       0.105728 0.105728 0.       0.       0.       0.       0.       0.105728 0.105728 0.105728 0.       0.       0.       0.105728 0.       0.154175 0.       0.       0.      ],[0. 0. 0. 0. 1. 0. 0. 1. 0. 0. 0. 0. 1. 1. 0. 0. 0. 0. 0. 1. 1. 1. 0. 0. 0. 1. 0. 1. 0. 0. 0.],9.0,1000,100,0.01,0.0015,1,11,idID,,random,single_objective
337,0.17970178491605585,0.3773737483237173,0.0034364,[0.       0.       0.       0.       0.105728 0.       0.       0.105728 0.       0.       0.       0.       0.105728 0.105728 0.       0.       0.       0.       0.       0.105728 0.105728 0.105728 0.       0.       0.       0.105728 0.       0.154175 0.       0.       0.      ],[0. 0. 0. 0. 1. 0. 0. 1. 0. 0. 0. 0. 1. 1. 0. 0. 0. 0. 0. 1. 1. 1. 0. 0. 0. 1. 0. 1. 0. 0. 0.],9.0,1000,100,0.01,0.0015,1,11,idID,,random,single_objective
338,0.17970178491605585,0.3773737483237173,0.0034364,[0.       0.       0.       0.       0.105728 0.       0.       0.105728 0.       0.       0.       0.       0.105728 0.105728 0.       0.       0.       0.       0.       0.105728 0.105728 0.105728 0.       0.       0.       0.105728 0.       0.154175 0.       0.       0.      ],[0. 0. 0. 0. 1. 0. 0. 1. 0. 0. 0. 0. 1. 1. 0. 0. 0. 0. 0. 1. 1. 1. 0. 0. 0. 1. 0. 1. 0. 0. 0.],9.0,1000,100,0.01,0.0015,1,11,idID,,random,single_objective
339,0.17970178491605585,0.3773737483237173,0.0034364,[0.       0.       0.       0.       0.105728 0.       0.       0.105728 0.       0.       0.       0.       0.105728 0.105728 0.       0.       0.       0.       0.       0.105728 0.105728 0.105728 0.       0.       0.       0.105728 0.       0.154175 0.       0.       0.      ],[0. 0. 0. 0. 1. 0. 0. 1. 0. 0. 0. 0. 1. 1. 0. 0. 0. 0. 0. 1. 1. 1. 0. 0. 0. 1. 0. 1. 0. 0. 0.],9.0,1000,100,0.01,0.0015,1,11,idID,,random,single_objective
340,0.17970178491605585,0.3773737483237173,0.0034364,[0.       0.       0.       0.       0.105728 0.       0.       0.105728 0.       0.       0.       0.       0.105728 0.105728 0.       0.       0.       0.       0.       0.105728 0.105728 0.105728 0.       0.       0.       0.105728 0.       0.154175 0.       0.       0.      ],[0. 0. 0. 0. 1. 0. 0. 1. 0. 0. 0. 0. 1. 1. 0. 0. 0. 0. 0. 1. 1. 1. 0. 0. 0. 1. 0. 1. 0. 0. 0.],9.0,1000,100,0.01,0.0015,1,11,idID,,random,single_objective
341,0.17970178491605585,0.3773737483237173,0.0034364,[0.       0.       0.       0.       0.105728 0.       0.       0.105728 0.       0.       0.       0.       0.105728 0.105728 0.       0.       0.       0.       0.       0.105728 0.105728 0.105728 0.       0.       0.       0.105728 0.       0.154175 0.       0.       0.      ],[0. 0. 0. 0. 1. 0. 0. 1. 0. 0. 0. 0. 1. 1. 0. 0. 0. 0. 0. 1. 1. 1. 0. 0. 0. 1. 0. 1. 0. 0. 0.],9.0,1000,100,0.01,0.0015,1,11,idID,,random,single_objective
342,0.17970178491605585,0.3773737483237173,0.0034364,[0.       0.       0.       0.       0.105728 0.       0.       0.105728 0.       0.       0.       0.       0.105728 0.105728 0.       0.       0.       0.       0.       0.105728 0.105728 0.105728 0.       0.       0.       0.105728 0.       0.154175 0.       0.       0.      ],[0. 0. 0. 0. 1. 0. 0. 1. 0. 0. 0. 0. 1. 1. 0. 0. 0. 0. 0. 1. 1. 1. 0. 0. 0. 1. 0. 1. 0. 0. 0.],9.0,1000,100,0.01,0.0015,1,11,idID,,random,single_objective
343,0.17970178491605585,0.3773737483237173,0.0034364,[0.       0.       0.       0.       0.105728 0.       0.       0.105728 0.       0.       0.       0.       0.105728 0.105728 0.       0.       0.       0.       0.       0.105728 0.105728 0.105728 0.       0.       0.       0.105728 0.       0.154175 0.       0.       0.      ],[0. 0. 0. 0. 1. 0. 0. 1. 0. 0. 0. 0. 1. 1. 0. 0. 0. 0. 0. 1. 1. 1. 0. 0. 0. 1. 0. 1. 0. 0. 0.],9.0,1000,100,0.01,0.0015,1,11,idID,,random,single_objective
344,0.17970178491605585,0.3773737483237173,0.0034364,[0.       0.       0.       0.       0.105728 0.       0.       0.105728 0.       0.       0.       0.       0.105728 0.105728 0.       0.       0.       0.       0.       0.105728 0.105728 0.105728 0.       0.       0.       0.105728 0.       0.154175 0.       0.       0.      ],[0. 0. 0. 0. 1. 0. 0. 1. 0. 0. 0. 0. 1. 1. 0. 0. 0. 0. 0. 1. 1. 1. 0. 0. 0. 1. 0. 1. 0. 0. 0.],9.0,1000,100,0.01,0.0015,1,11,idID,,random,single_objective
345,0.17970178491605585,0.3773737483237173,0.0034364,[0.       0.       0.       0.       0.105728 0.       0.       0.105728 0.       0.       0.       0.       0.105728 0.105728 0.       0.       0.       0.       0.       0.105728 0.105728 0.105728 0.       0.       0.       0.105728 0.       0.154175 0.       0.       0.      ],[0. 0. 0. 0. 1. 0. 0. 1. 0. 0. 0. 0. 1. 1. 0. 0. 0. 0. 0. 1. 1. 1. 0. 0. 0. 1. 0. 1. 0. 0. 0.],9.0,1000,100,0.01,0.0015,1,11,idID,,random,single_objective
346,0.17970178491605585,0.3773737483237173,0.0034364,[0.       0.       0.       0.       0.105728 0.       0.       0.105728 0.       0.       0.       0.       0.105728 0.105728 0.       0.       0.       0.       0.       0.105728 0.105728 0.105728 0.       0.       0.       0.105728 0.       0.154175 0.       0.       0.      ],[0. 0. 0. 0. 1. 0. 0. 1. 0. 0. 0. 0. 1. 1. 0. 0. 0. 0. 0. 1. 1. 1. 0. 0. 0. 1. 0. 1. 0. 0. 0.],9.0,1000,100,0.01,0.0015,1,11,idID,,random,single_objective
347,0.17970178491605585,0.3773737483237173,0.0034364,[0.       0.       0.       0.       0.105728 0.       0.       0.105728 0.       0.       0.       0.       0.105728 0.105728 0.       0.       0.       0.       0.       0.105728 0.105728 0.105728 0.       0.       0.       0.105728 0.       0.154175 0.       0.       0.      ],[0. 0. 0. 0. 1. 0. 0. 1. 0. 0. 0. 0. 1. 1. 0. 0. 0. 0. 0. 1. 1. 1. 0. 0. 0. 1. 0. 1. 0. 0. 0.],9.0,1000,100,0.01,0.0015,1,11,idID,,random,single_objective
348,0.17970178491605585,0.3773737483237173,0.0034364,[0.       0.       0.       0.       0.105728 0.       0.       0.105728 0.       0.       0.       0.       0.105728 0.105728 0.       0.       0.       0.       0.       0.105728 0.105728 0.105728 0.       0.       0.       0.105728 0.       0.154175 0.       0.       0.      ],[0. 0. 0. 0. 1. 0. 0. 1. 0. 0. 0. 0. 1. 1. 0. 0. 0. 0. 0. 1. 1. 1. 0. 0. 0. 1. 0. 1. 0. 0. 0.],9.0,1000,100,0.01,0.0015,1,11,idID,,random,single_objective
349,0.17970178491605585,0.3773737483237173,0.0034364,[0.       0.       0.       0.       0.105728 0.       0.       0.105728 0.       0.       0.       0.       0.105728 0.105728 0.       0.       0.       0.       0.       0.105728 0.105728 0.105728 0.       0.       0.       0.105728 0.       0.154175 0.       0.       0.      ],[0. 0. 0. 0. 1. 0. 0. 1. 0. 0. 0. 0. 1. 1. 0. 0. 0. 0. 0. 1. 1. 1. 0. 0. 0. 1. 0. 1. 0. 0. 0.],9.0,1000,100,0.01,0.0015,1,11,idID,,random,single_objective
350,0.17970178491605585,0.3773737483237173,0.0034364,[0.       0.       0.       0.       0.105728 0.       0.       0.105728 0.       0.       0.       0.       0.105728 0.105728 0.       0.       0.       0.       0.       0.105728 0.105728 0.105728 0.       0.       0.       0.105728 0.       0.154175 0.       0.       0.      ],[0. 0. 0. 0. 1. 0. 0. 1. 0. 0. 0. 0. 1. 1. 0. 0. 0. 0. 0. 1. 1. 1. 0. 0. 0. 1. 0. 1. 0. 0. 0.],9.0,1000,100,0.01,0.0015,1,11,idID,,random,single_objective
351,0.17970178491605585,0.3773737483237173,0.0034364,[0.       0.       0.       0.       0.105728 0.       0.       0.105728 0.       0.       0.       0.       0.105728 0.105728 0.       0.       0.       0.       0.       0.105728 0.105728 0.105728 0.       0.       0.       0.105728 0.       0.154175 0.       0.       0.      ],[0. 0. 0. 0. 1. 0. 0. 1. 0. 0. 0. 0. 1. 1. 0. 0. 0. 0. 0. 1. 1. 1. 0. 0. 0. 1. 0. 1. 0. 0. 0.],9.0,1000,100,0.01,0.0015,1,11,idID,,random,single_objective
352,0.17970178491605585,0.3773737483237173,0.0034364,[0.       0.       0.       0.       0.105728 0.       0.       0.105728 0.       0.       0.       0.       0.105728 0.105728 0.       0.       0.       0.       0.       0.105728 0.105728 0.105728 0.       0.       0.       0.105728 0.       0.154175 0.       0.       0.      ],[0. 0. 0. 0. 1. 0. 0. 1. 0. 0. 0. 0. 1. 1. 0. 0. 0. 0. 0. 1. 1. 1. 0. 0. 0. 1. 0. 1. 0. 0. 0.],9.0,1000,100,0.01,0.0015,1,11,idID,,random,single_objective
353,0.17970178491605585,0.3773737483237173,0.0034364,[0.       0.       0.       0.       0.105728 0.       0.       0.105728 0.       0.       0.       0.       0.105728 0.105728 0.       0.       0.       0.       0.       0.105728 0.105728 0.105728 0.       0.       0.       0.105728 0.       0.154175 0.       0.       0.      ],[0. 0. 0. 0. 1. 0. 0. 1. 0. 0. 0. 0. 1. 1. 0. 0. 0. 0. 0. 1. 1. 1. 0. 0. 0. 1. 0. 1. 0. 0. 0.],9.0,1000,100,0.01,0.0015,1,11,idID,,random,single_objective
354,0.17970178491605585,0.3773737483237173,0.0034364,[0.       0.       0.       0.       0.105728 0.       0.       0.105728 0.       0.       0.       0.       0.105728 0.105728 0.       0.       0.       0.       0.       0.105728 0.105728 0.105728 0.       0.       0.       0.105728 0.       0.154175 0.       0.       0.      ],[0. 0. 0. 0. 1. 0. 0. 1. 0. 0. 0. 0. 1. 1. 0. 0. 0. 0. 0. 1. 1. 1. 0. 0. 0. 1. 0. 1. 0. 0. 0.],9.0,1000,100,0.01,0.0015,1,11,idID,,random,single_objective
355,0.17970178491605585,0.3773737483237173,0.0034364,[0.       0.       0.       0.       0.105728 0.       0.       0.105728 0.       0.       0.       0.       0.105728 0.105728 0.       0.       0.       0.       0.       0.105728 0.105728 0.105728 0.       0.       0.       0.105728 0.       0.154175 0.       0.       0.      ],[0. 0. 0. 0. 1. 0. 0. 1. 0. 0. 0. 0. 1. 1. 0. 0. 0. 0. 0. 1. 1. 1. 0. 0. 0. 1. 0. 1. 0. 0. 0.],9.0,1000,100,0.01,0.0015,1,11,idID,,random,single_objective
356,0.17970178491605585,0.3773737483237173,0.0034364,[0.       0.       0.       0.       0.105728 0.       0.       0.105728 0.       0.       0.       0.       0.105728 0.105728 0.       0.       0.       0.       0.       0.105728 0.105728 0.105728 0.       0.       0.       0.105728 0.       0.154175 0.       0.       0.      ],[0. 0. 0. 0. 1. 0. 0. 1. 0. 0. 0. 0. 1. 1. 0. 0. 0. 0. 0. 1. 1. 1. 0. 0. 0. 1. 0. 1. 0. 0. 0.],9.0,1000,100,0.01,0.0015,1,11,idID,,random,single_objective
357,0.17970178491605585,0.3773737483237173,0.0034364,[0.       0.       0.       0.       0.105728 0.       0.       0.105728 0.       0.       0.       0.       0.105728 0.105728 0.       0.       0.       0.       0.       0.105728 0.105728 0.105728 0.       0.       0.       0.105728 0.       0.154175 0.       0.       0.      ],[0. 0. 0. 0. 1. 0. 0. 1. 0. 0. 0. 0. 1. 1. 0. 0. 0. 0. 0. 1. 1. 1. 0. 0. 0. 1. 0. 1. 0. 0. 0.],9.0,1000,100,0.01,0.0015,1,11,idID,,random,single_objective
358,0.17970178491605585,0.3773737483237173,0.0034364,[0.       0.       0.       0.       0.105728 0.       0.       0.105728 0.       0.       0.       0.       0.105728 0.105728 0.       0.       0.       0.       0.       0.105728 0.105728 0.105728 0.       0.       0.       0.105728 0.       0.154175 0.       0.       0.      ],[0. 0. 0. 0. 1. 0. 0. 1. 0. 0. 0. 0. 1. 1. 0. 0. 0. 0. 0. 1. 1. 1. 0. 0. 0. 1. 0. 1. 0. 0. 0.],9.0,1000,100,0.01,0.0015,1,11,idID,,random,single_objective
359,0.17970178491605585,0.3773737483237173,0.0034364,[0.       0.       0.       0.       0.105728 0.       0.       0.105728 0.       0.       0.       0.       0.105728 0.105728 0.       0.       0.       0.       0.       0.105728 0.105728 0.105728 0.       0.       0.       0.105728 0.       0.154175 0.       0.       0.      ],[0. 0. 0. 0. 1. 0. 0. 1. 0. 0. 0. 0. 1. 1. 0. 0. 0. 0. 0. 1. 1. 1. 0. 0. 0. 1. 0. 1. 0. 0. 0.],9.0,1000,100,0.01,0.0015,1,11,idID,,random,single_objective
360,0.17970178491605585,0.3773737483237173,0.0034364,[0.       0.       0.       0.       0.105728 0.       0.       0.105728 0.       0.       0.       0.       0.105728 0.105728 0.       0.       0.       0.       0.       0.105728 0.105728 0.105728 0.       0.       0.       0.105728 0.       0.154175 0.       0.       0.      ],[0. 0. 0. 0. 1. 0. 0. 1. 0. 0. 0. 0. 1. 1. 0. 0. 0. 0. 0. 1. 1. 1. 0. 0. 0. 1. 0. 1. 0. 0. 0.],9.0,1000,100,0.01,0.0015,1,11,idID,,random,single_objective
361,0.17970178491605585,0.3773737483237173,0.0034364,[0.       0.       0.       0.       0.105728 0.       0.       0.105728 0.       0.       0.       0.       0.105728 0.105728 0.       0.       0.       0.       0.       0.105728 0.105728 0.105728 0.       0.       0.       0.105728 0.       0.154175 0.       0.       0.      ],[0. 0. 0. 0. 1. 0. 0. 1. 0. 0. 0. 0. 1. 1. 0. 0. 0. 0. 0. 1. 1. 1. 0. 0. 0. 1. 0. 1. 0. 0. 0.],9.0,1000,100,0.01,0.0015,1,11,idID,,random,single_objective
362,0.17970178491605585,0.3773737483237173,0.0034364,[0.       0.       0.       0.       0.105728 0.       0.       0.105728 0.       0.       0.       0.       0.105728 0.105728 0.       0.       0.       0.       0.       0.105728 0.105728 0.105728 0.       0.       0.       0.105728 0.       0.154175 0.       0.       0.      ],[0. 0. 0. 0. 1. 0. 0. 1. 0. 0. 0. 0. 1. 1. 0. 0. 0. 0. 0. 1. 1. 1. 0. 0. 0. 1. 0. 1. 0. 0. 0.],9.0,1000,100,0.01,0.0015,1,11,idID,,random,single_objective
363,0.17970178491605585,0.3773737483237173,0.0034364,[0.       0.       0.       0.       0.105728 0.       0.       0.105728 0.       0.       0.       0.       0.105728 0.105728 0.       0.       0.       0.       0.       0.105728 0.105728 0.105728 0.       0.       0.       0.105728 0.       0.154175 0.       0.       0.      ],[0. 0. 0. 0. 1. 0. 0. 1. 0. 0. 0. 0. 1. 1. 0. 0. 0. 0. 0. 1. 1. 1. 0. 0. 0. 1. 0. 1. 0. 0. 0.],9.0,1000,100,0.01,0.0015,1,11,idID,,random,single_objective
364,0.17970178491605585,0.3773737483237173,0.0034364,[0.       0.       0.       0.       0.105728 0.       0.       0.105728 0.       0.       0.       0.       0.105728 0.105728 0.       0.       0.       0.       0.       0.105728 0.105728 0.105728 0.       0.       0.       0.105728 0.       0.154175 0.       0.       0.      ],[0. 0. 0. 0. 1. 0. 0. 1. 0. 0. 0. 0. 1. 1. 0. 0. 0. 0. 0. 1. 1. 1. 0. 0. 0. 1. 0. 1. 0. 0. 0.],9.0,1000,100,0.01,0.0015,1,11,idID,,random,single_objective
365,0.17970178491605585,0.3773737483237173,0.0034364,[0.       0.       0.       0.       0.105728 0.       0.       0.105728 0.       0.       0.       0.       0.105728 0.105728 0.       0.       0.       0.       0.       0.105728 0.105728 0.105728 0.       0.       0.       0.105728 0.       0.154175 0.       0.       0.      ],[0. 0. 0. 0. 1. 0. 0. 1. 0. 0. 0. 0. 1. 1. 0. 0. 0. 0. 0. 1. 1. 1. 0. 0. 0. 1. 0. 1. 0. 0. 0.],9.0,1000,100,0.01,0.0015,1,11,idID,,random,single_objective
366,0.17970178491605585,0.3773737483237173,0.0034364,[0.       0.       0.       0.       0.105728 0.       0.       0.105728 0.       0.       0.       0.       0.105728 0.105728 0.       0.       0.       0.       0.       0.105728 0.105728 0.105728 0.       0.       0.       0.105728 0.       0.154175 0.       0.       0.      ],[0. 0. 0. 0. 1. 0. 0. 1. 0. 0. 0. 0. 1. 1. 0. 0. 0. 0. 0. 1. 1. 1. 0. 0. 0. 1. 0. 1. 0. 0. 0.],9.0,1000,100,0.01,0.0015,1,11,idID,,random,single_objective
367,0.17970178491605585,0.3773737483237173,0.0034364,[0.       0.       0.       0.       0.105728 0.       0.       0.105728 0.       0.       0.       0.       0.105728 0.105728 0.       0.       0.       0.       0.       0.105728 0.105728 0.105728 0.       0.       0.       0.105728 0.       0.154175 0.       0.       0.      ],[0. 0. 0. 0. 1. 0. 0. 1. 0. 0. 0. 0. 1. 1. 0. 0. 0. 0. 0. 1. 1. 1. 0. 0. 0. 1. 0. 1. 0. 0. 0.],9.0,1000,100,0.01,0.0015,1,11,idID,,random,single_objective
368,0.17970178491605585,0.3773737483237173,0.0034364,[0.       0.       0.       0.       0.105728 0.       0.       0.105728 0.       0.       0.       0.       0.105728 0.105728 0.       0.       0.       0.       0.       0.105728 0.105728 0.105728 0.       0.       0.       0.105728 0.       0.154175 0.       0.       0.      ],[0. 0. 0. 0. 1. 0. 0. 1. 0. 0. 0. 0. 1. 1. 0. 0. 0. 0. 0. 1. 1. 1. 0. 0. 0. 1. 0. 1. 0. 0. 0.],9.0,1000,100,0.01,0.0015,1,11,idID,,random,single_objective
369,0.17970178491605585,0.3773737483237173,0.0034364,[0.       0.       0.       0.       0.105728 0.       0.       0.105728 0.       0.       0.       0.       0.105728 0.105728 0.       0.       0.       0.       0.       0.105728 0.105728 0.105728 0.       0.       0.       0.105728 0.       0.154175 0.       0.       0.      ],[0. 0. 0. 0. 1. 0. 0. 1. 0. 0. 0. 0. 1. 1. 0. 0. 0. 0. 0. 1. 1. 1. 0. 0. 0. 1. 0. 1. 0. 0. 0.],9.0,1000,100,0.01,0.0015,1,11,idID,,random,single_objective
370,0.17970178491605585,0.3773737483237173,0.0034364,[0.       0.       0.       0.       0.105728 0.       0.       0.105728 0.       0.       0.       0.       0.105728 0.105728 0.       0.       0.       0.       0.       0.105728 0.105728 0.105728 0.       0.       0.       0.105728 0.       0.154175 0.       0.       0.      ],[0. 0. 0. 0. 1. 0. 0. 1. 0. 0. 0. 0. 1. 1. 0. 0. 0. 0. 0. 1. 1. 1. 0. 0. 0. 1. 0. 1. 0. 0. 0.],9.0,1000,100,0.01,0.0015,1,11,idID,,random,single_objective
371,0.17970178491605585,0.3773737483237173,0.0034364,[0.       0.       0.       0.       0.105728 0.       0.       0.105728 0.       0.       0.       0.       0.105728 0.105728 0.       0.       0.       0.       0.       0.105728 0.105728 0.105728 0.       0.       0.       0.105728 0.       0.154175 0.       0.       0.      ],[0. 0. 0. 0. 1. 0. 0. 1. 0. 0. 0. 0. 1. 1. 0. 0. 0. 0. 0. 1. 1. 1. 0. 0. 0. 1. 0. 1. 0. 0. 0.],9.0,1000,100,0.01,0.0015,1,11,idID,,random,single_objective
372,0.17970178491605585,0.3773737483237173,0.0034364,[0.       0.       0.       0.       0.105728 0.       0.       0.105728 0.       0.       0.       0.       0.105728 0.105728 0.       0.       0.       0.       0.       0.105728 0.105728 0.105728 0.       0.       0.       0.105728 0.       0.154175 0.       0.       0.      ],[0. 0. 0. 0. 1. 0. 0. 1. 0. 0. 0. 0. 1. 1. 0. 0. 0. 0. 0. 1. 1. 1. 0. 0. 0. 1. 0. 1. 0. 0. 0.],9.0,1000,100,0.01,0.0015,1,11,idID,,random,single_objective
373,0.17970178491605585,0.3773737483237173,0.0034364,[0.       0.       0.       0.       0.105728 0.       0.       0.105728 0.       0.       0.       0.       0.105728 0.105728 0.       0.       0.       0.       0.       0.105728 0.105728 0.105728 0.       0.       0.       0.105728 0.       0.154175 0.       0.       0.      ],[0. 0. 0. 0. 1. 0. 0. 1. 0. 0. 0. 0. 1. 1. 0. 0. 0. 0. 0. 1. 1. 1. 0. 0. 0. 1. 0. 1. 0. 0. 0.],9.0,1000,100,0.01,0.0015,1,11,idID,,random,single_objective
374,0.17970178491605585,0.3773737483237173,0.0034364,[0.       0.       0.       0.       0.105728 0.       0.       0.105728 0.       0.       0.       0.       0.105728 0.105728 0.       0.       0.       0.       0.       0.105728 0.105728 0.105728 0.       0.       0.       0.105728 0.       0.154175 0.       0.       0.      ],[0. 0. 0. 0. 1. 0. 0. 1. 0. 0. 0. 0. 1. 1. 0. 0. 0. 0. 0. 1. 1. 1. 0. 0. 0. 1. 0. 1. 0. 0. 0.],9.0,1000,100,0.01,0.0015,1,11,idID,,random,single_objective
375,0.17970178491605585,0.3773737483237173,0.0034364,[0.       0.       0.       0.       0.105728 0.       0.       0.105728 0.       0.       0.       0.       0.105728 0.105728 0.       0.       0.       0.       0.       0.105728 0.105728 0.105728 0.       0.       0.       0.105728 0.       0.154175 0.       0.       0.      ],[0. 0. 0. 0. 1. 0. 0. 1. 0. 0. 0. 0. 1. 1. 0. 0. 0. 0. 0. 1. 1. 1. 0. 0. 0. 1. 0. 1. 0. 0. 0.],9.0,1000,100,0.01,0.0015,1,11,idID,,random,single_objective
376,0.17970178491605585,0.3773737483237173,0.0034364,[0.       0.       0.       0.       0.105728 0.       0.       0.105728 0.       0.       0.       0.       0.105728 0.105728 0.       0.       0.       0.       0.       0.105728 0.105728 0.105728 0.       0.       0.       0.105728 0.       0.154175 0.       0.       0.      ],[0. 0. 0. 0. 1. 0. 0. 1. 0. 0. 0. 0. 1. 1. 0. 0. 0. 0. 0. 1. 1. 1. 0. 0. 0. 1. 0. 1. 0. 0. 0.],9.0,1000,100,0.01,0.0015,1,11,idID,,random,single_objective
377,0.17970178491605585,0.3773737483237173,0.0034364,[0.       0.       0.       0.       0.105728 0.       0.       0.105728 0.       0.       0.       0.       0.105728 0.105728 0.       0.       0.       0.       0.       0.105728 0.105728 0.105728 0.       0.       0.       0.105728 0.       0.154175 0.       0.       0.      ],[0. 0. 0. 0. 1. 0. 0. 1. 0. 0. 0. 0. 1. 1. 0. 0. 0. 0. 0. 1. 1. 1. 0. 0. 0. 1. 0. 1. 0. 0. 0.],9.0,1000,100,0.01,0.0015,1,11,idID,,random,single_objective
378,0.17970178491605585,0.3773737483237173,0.0034364,[0.       0.       0.       0.       0.105728 0.       0.       0.105728 0.       0.       0.       0.       0.105728 0.105728 0.       0.       0.       0.       0.       0.105728 0.105728 0.105728 0.       0.       0.       0.105728 0.       0.154175 0.       0.       0.      ],[0. 0. 0. 0. 1. 0. 0. 1. 0. 0. 0. 0. 1. 1. 0. 0. 0. 0. 0. 1. 1. 1. 0. 0. 0. 1. 0. 1. 0. 0. 0.],9.0,1000,100,0.01,0.0015,1,11,idID,,random,single_objective
379,0.17970178491605585,0.3773737483237173,0.0034364,[0.       0.       0.       0.       0.105728 0.       0.       0.105728 0.       0.       0.       0.       0.105728 0.105728 0.       0.       0.       0.       0.       0.105728 0.105728 0.105728 0.       0.       0.       0.105728 0.       0.154175 0.       0.       0.      ],[0. 0. 0. 0. 1. 0. 0. 1. 0. 0. 0. 0. 1. 1. 0. 0. 0. 0. 0. 1. 1. 1. 0. 0. 0. 1. 0. 1. 0. 0. 0.],9.0,1000,100,0.01,0.0015,1,11,idID,,random,single_objective
380,0.17970178491605585,0.3773737483237173,0.0034364,[0.       0.       0.       0.       0.105728 0.       0.       0.105728 0.       0.       0.       0.       0.105728 0.105728 0.       0.       0.       0.       0.       0.105728 0.105728 0.105728 0.       0.       0.       0.105728 0.       0.154175 0.       0.       0.      ],[0. 0. 0. 0. 1. 0. 0. 1. 0. 0. 0. 0. 1. 1. 0. 0. 0. 0. 0. 1. 1. 1. 0. 0. 0. 1. 0. 1. 0. 0. 0.],9.0,1000,100,0.01,0.0015,1,11,idID,,random,single_objective
381,0.17970178491605585,0.3773737483237173,0.0034364,[0.       0.       0.       0.       0.105728 0.       0.       0.105728 0.       0.       0.       0.       0.105728 0.105728 0.       0.       0.       0.       0.       0.105728 0.105728 0.105728 0.       0.       0.       0.105728 0.       0.154175 0.       0.       0.      ],[0. 0. 0. 0. 1. 0. 0. 1. 0. 0. 0. 0. 1. 1. 0. 0. 0. 0. 0. 1. 1. 1. 0. 0. 0. 1. 0. 1. 0. 0. 0.],9.0,1000,100,0.01,0.0015,1,11,idID,,random,single_objective
382,0.17970178491605585,0.3773737483237173,0.0034364,[0.       0.       0.       0.       0.105728 0.       0.       0.105728 0.       0.       0.       0.       0.105728 0.105728 0.       0.       0.       0.       0.       0.105728 0.105728 0.105728 0.       0.       0.       0.105728 0.       0.154175 0.       0.       0.      ],[0. 0. 0. 0. 1. 0. 0. 1. 0. 0. 0. 0. 1. 1. 0. 0. 0. 0. 0. 1. 1. 1. 0. 0. 0. 1. 0. 1. 0. 0. 0.],9.0,1000,100,0.01,0.0015,1,11,idID,,random,single_objective
383,0.17970178491605585,0.3773737483237173,0.0034364,[0.       0.       0.       0.       0.105728 0.       0.       0.105728 0.       0.       0.       0.       0.105728 0.105728 0.       0.       0.       0.       0.       0.105728 0.105728 0.105728 0.       0.       0.       0.105728 0.       0.154175 0.       0.       0.      ],[0. 0. 0. 0. 1. 0. 0. 1. 0. 0. 0. 0. 1. 1. 0. 0. 0. 0. 0. 1. 1. 1. 0. 0. 0. 1. 0. 1. 0. 0. 0.],9.0,1000,100,0.01,0.0015,1,11,idID,,random,single_objective
384,0.17970178491605585,0.3773737483237173,0.0034364,[0.       0.       0.       0.       0.105728 0.       0.       0.105728 0.       0.       0.       0.       0.105728 0.105728 0.       0.       0.       0.       0.       0.105728 0.105728 0.105728 0.       0.       0.       0.105728 0.       0.154175 0.       0.       0.      ],[0. 0. 0. 0. 1. 0. 0. 1. 0. 0. 0. 0. 1. 1. 0. 0. 0. 0. 0. 1. 1. 1. 0. 0. 0. 1. 0. 1. 0. 0. 0.],9.0,1000,100,0.01,0.0015,1,11,idID,,random,single_objective
385,0.17970178491605585,0.3773737483237173,0.0034364,[0.       0.       0.       0.       0.105728 0.       0.       0.105728 0.       0.       0.       0.       0.105728 0.105728 0.       0.       0.       0.       0.       0.105728 0.105728 0.105728 0.       0.       0.       0.105728 0.       0.154175 0.       0.       0.      ],[0. 0. 0. 0. 1. 0. 0. 1. 0. 0. 0. 0. 1. 1. 0. 0. 0. 0. 0. 1. 1. 1. 0. 0. 0. 1. 0. 1. 0. 0. 0.],9.0,1000,100,0.01,0.0015,1,11,idID,,random,single_objective
386,0.17970178491605585,0.3773737483237173,0.0034364,[0.       0.       0.       0.       0.105728 0.       0.       0.105728 0.       0.       0.       0.       0.105728 0.105728 0.       0.       0.       0.       0.       0.105728 0.105728 0.105728 0.       0.       0.       0.105728 0.       0.154175 0.       0.       0.      ],[0. 0. 0. 0. 1. 0. 0. 1. 0. 0. 0. 0. 1. 1. 0. 0. 0. 0. 0. 1. 1. 1. 0. 0. 0. 1. 0. 1. 0. 0. 0.],9.0,1000,100,0.01,0.0015,1,11,idID,,random,single_objective
387,0.17970178491605585,0.3773737483237173,0.0034364,[0.       0.       0.       0.       0.105728 0.       0.       0.105728 0.       0.       0.       0.       0.105728 0.105728 0.       0.       0.       0.       0.       0.105728 0.105728 0.105728 0.       0.       0.       0.105728 0.       0.154175 0.       0.       0.      ],[0. 0. 0. 0. 1. 0. 0. 1. 0. 0. 0. 0. 1. 1. 0. 0. 0. 0. 0. 1. 1. 1. 0. 0. 0. 1. 0. 1. 0. 0. 0.],9.0,1000,100,0.01,0.0015,1,11,idID,,random,single_objective
388,0.17970178491605585,0.3773737483237173,0.0034364,[0.       0.       0.       0.       0.105728 0.       0.       0.105728 0.       0.       0.       0.       0.105728 0.105728 0.       0.       0.       0.       0.       0.105728 0.105728 0.105728 0.       0.       0.       0.105728 0.       0.154175 0.       0.       0.      ],[0. 0. 0. 0. 1. 0. 0. 1. 0. 0. 0. 0. 1. 1. 0. 0. 0. 0. 0. 1. 1. 1. 0. 0. 0. 1. 0. 1. 0. 0. 0.],9.0,1000,100,0.01,0.0015,1,11,idID,,random,single_objective
389,0.17970178491605585,0.3773737483237173,0.0034364,[0.       0.       0.       0.       0.105728 0.       0.       0.105728 0.       0.       0.       0.       0.105728 0.105728 0.       0.       0.       0.       0.       0.105728 0.105728 0.105728 0.       0.       0.       0.105728 0.       0.154175 0.       0.       0.      ],[0. 0. 0. 0. 1. 0. 0. 1. 0. 0. 0. 0. 1. 1. 0. 0. 0. 0. 0. 1. 1. 1. 0. 0. 0. 1. 0. 1. 0. 0. 0.],9.0,1000,100,0.01,0.0015,1,11,idID,,random,single_objective
390,0.17970178491605585,0.3773737483237173,0.0034364,[0.       0.       0.       0.       0.105728 0.       0.       0.105728 0.       0.       0.       0.       0.105728 0.105728 0.       0.       0.       0.       0.       0.105728 0.105728 0.105728 0.       0.       0.       0.105728 0.       0.154175 0.       0.       0.      ],[0. 0. 0. 0. 1. 0. 0. 1. 0. 0. 0. 0. 1. 1. 0. 0. 0. 0. 0. 1. 1. 1. 0. 0. 0. 1. 0. 1. 0. 0. 0.],9.0,1000,100,0.01,0.0015,1,11,idID,,random,single_objective
391,0.17970178491605585,0.3773737483237173,0.0034364,[0.       0.       0.       0.       0.105728 0.       0.       0.105728 0.       0.       0.       0.       0.105728 0.105728 0.       0.       0.       0.       0.       0.105728 0.105728 0.105728 0.       0.       0.       0.105728 0.       0.154175 0.       0.       0.      ],[0. 0. 0. 0. 1. 0. 0. 1. 0. 0. 0. 0. 1. 1. 0. 0. 0. 0. 0. 1. 1. 1. 0. 0. 0. 1. 0. 1. 0. 0. 0.],9.0,1000,100,0.01,0.0015,1,11,idID,,random,single_objective
392,0.17970178491605585,0.3773737483237173,0.0034364,[0.       0.       0.       0.       0.105728 0.       0.       0.105728 0.       0.       0.       0.       0.105728 0.105728 0.       0.       0.       0.       0.       0.105728 0.105728 0.105728 0.       0.       0.       0.105728 0.       0.154175 0.       0.       0.      ],[0. 0. 0. 0. 1. 0. 0. 1. 0. 0. 0. 0. 1. 1. 0. 0. 0. 0. 0. 1. 1. 1. 0. 0. 0. 1. 0. 1. 0. 0. 0.],9.0,1000,100,0.01,0.0015,1,11,idID,,random,single_objective
393,0.17970178491605585,0.3773737483237173,0.0034364,[0.       0.       0.       0.       0.105728 0.       0.       0.105728 0.       0.       0.       0.       0.105728 0.105728 0.       0.       0.       0.       0.       0.105728 0.105728 0.105728 0.       0.       0.       0.105728 0.       0.154175 0.       0.       0.      ],[0. 0. 0. 0. 1. 0. 0. 1. 0. 0. 0. 0. 1. 1. 0. 0. 0. 0. 0. 1. 1. 1. 0. 0. 0. 1. 0. 1. 0. 0. 0.],9.0,1000,100,0.01,0.0015,1,11,idID,,random,single_objective
394,0.17970178491605585,0.3773737483237173,0.0034364,[0.       0.       0.       0.       0.105728 0.       0.       0.105728 0.       0.       0.       0.       0.105728 0.105728 0.       0.       0.       0.       0.       0.105728 0.105728 0.105728 0.       0.       0.       0.105728 0.       0.154175 0.       0.       0.      ],[0. 0. 0. 0. 1. 0. 0. 1. 0. 0. 0. 0. 1. 1. 0. 0. 0. 0. 0. 1. 1. 1. 0. 0. 0. 1. 0. 1. 0. 0. 0.],9.0,1000,100,0.01,0.0015,1,11,idID,,random,single_objective
395,0.17970178491605585,0.3773737483237173,0.0034364,[0.       0.       0.       0.       0.105728 0.       0.       0.105728 0.       0.       0.       0.       0.105728 0.105728 0.       0.       0.       0.       0.       0.105728 0.105728 0.105728 0.       0.       0.       0.105728 0.       0.154175 0.       0.       0.      ],[0. 0. 0. 0. 1. 0. 0. 1. 0. 0. 0. 0. 1. 1. 0. 0. 0. 0. 0. 1. 1. 1. 0. 0. 0. 1. 0. 1. 0. 0. 0.],9.0,1000,100,0.01,0.0015,1,11,idID,,random,single_objective
396,0.17970178491605585,0.3773737483237173,0.0034364,[0.       0.       0.       0.       0.105728 0.       0.       0.105728 0.       0.       0.       0.       0.105728 0.105728 0.       0.       0.       0.       0.       0.105728 0.105728 0.105728 0.       0.       0.       0.105728 0.       0.154175 0.       0.       0.      ],[0. 0. 0. 0. 1. 0. 0. 1. 0. 0. 0. 0. 1. 1. 0. 0. 0. 0. 0. 1. 1. 1. 0. 0. 0. 1. 0. 1. 0. 0. 0.],9.0,1000,100,0.01,0.0015,1,11,idID,,random,single_objective
397,0.17970178491605585,0.3773737483237173,0.0034364,[0.       0.       0.       0.       0.105728 0.       0.       0.105728 0.       0.       0.       0.       0.105728 0.105728 0.       0.       0.       0.       0.       0.105728 0.105728 0.105728 0.       0.       0.       0.105728 0.       0.154175 0.       0.       0.      ],[0. 0. 0. 0. 1. 0. 0. 1. 0. 0. 0. 0. 1. 1. 0. 0. 0. 0. 0. 1. 1. 1. 0. 0. 0. 1. 0. 1. 0. 0. 0.],9.0,1000,100,0.01,0.0015,1,11,idID,,random,single_objective
398,0.17970178491605585,0.3773737483237173,0.0034364,[0.       0.       0.       0.       0.105728 0.       0.       0.105728 0.       0.       0.       0.       0.105728 0.105728 0.       0.       0.       0.       0.       0.105728 0.105728 0.105728 0.       0.       0.       0.105728 0.       0.154175 0.       0.       0.      ],[0. 0. 0. 0. 1. 0. 0. 1. 0. 0. 0. 0. 1. 1. 0. 0. 0. 0. 0. 1. 1. 1. 0. 0. 0. 1. 0. 1. 0. 0. 0.],9.0,1000,100,0.01,0.0015,1,11,idID,,random,single_objective
399,0.17970178491605585,0.3773737483237173,0.0034364,[0.       0.       0.       0.       0.105728 0.       0.       0.105728 0.       0.       0.       0.       0.105728 0.105728 0.       0.       0.       0.       0.       0.105728 0.105728 0.105728 0.       0.       0.       0.105728 0.       0.154175 0.       0.       0.      ],[0. 0. 0. 0. 1. 0. 0. 1. 0. 0. 0. 0. 1. 1. 0. 0. 0. 0. 0. 1. 1. 1. 0. 0. 0. 1. 0. 1. 0. 0. 0.],9.0,1000,100,0.01,0.0015,1,11,idID,,random,single_objective
400,0.17970178491605585,0.3773737483237173,0.0034364,[0.       0.       0.       0.       0.105728 0.       0.       0.105728 0.       0.       0.       0.       0.105728 0.105728 0.       0.       0.       0.       0.       0.105728 0.105728 0.105728 0.       0.       0.       0.105728 0.       0.154175 0.       0.       0.      ],[0. 0. 0. 0. 1. 0. 0. 1. 0. 0. 0. 0. 1. 1. 0. 0. 0. 0. 0. 1. 1. 1. 0. 0. 0. 1. 0. 1. 0. 0. 0.],9.0,1000,100,0.01,0.0015,1,11,idID,,random,single_objective
401,0.17970178491605585,0.3773737483237173,0.0034364,[0.       0.       0.       0.       0.105728 0.       0.       0.105728 0.       0.       0.       0.       0.105728 0.105728 0.       0.       0.       0.       0.       0.105728 0.105728 0.105728 0.       0.       0.       0.105728 0.       0.154175 0.       0.       0.      ],[0. 0. 0. 0. 1. 0. 0. 1. 0. 0. 0. 0. 1. 1. 0. 0. 0. 0. 0. 1. 1. 1. 0. 0. 0. 1. 0. 1. 0. 0. 0.],9.0,1000,100,0.01,0.0015,1,11,idID,,random,single_objective
402,0.17970178491605585,0.3773737483237173,0.0034364,[0.       0.       0.       0.       0.105728 0.       0.       0.105728 0.       0.       0.       0.       0.105728 0.105728 0.       0.       0.       0.       0.       0.105728 0.105728 0.105728 0.       0.       0.       0.105728 0.       0.154175 0.       0.       0.      ],[0. 0. 0. 0. 1. 0. 0. 1. 0. 0. 0. 0. 1. 1. 0. 0. 0. 0. 0. 1. 1. 1. 0. 0. 0. 1. 0. 1. 0. 0. 0.],9.0,1000,100,0.01,0.0015,1,11,idID,,random,single_objective
403,0.17970178491605585,0.3773737483237173,0.0034364,[0.       0.       0.       0.       0.105728 0.       0.       0.105728 0.       0.       0.       0.       0.105728 0.105728 0.       0.       0.       0.       0.       0.105728 0.105728 0.105728 0.       0.       0.       0.105728 0.       0.154175 0.       0.       0.      ],[0. 0. 0. 0. 1. 0. 0. 1. 0. 0. 0. 0. 1. 1. 0. 0. 0. 0. 0. 1. 1. 1. 0. 0. 0. 1. 0. 1. 0. 0. 0.],9.0,1000,100,0.01,0.0015,1,11,idID,,random,single_objective
404,0.17970178491605585,0.3773737483237173,0.0034364,[0.       0.       0.       0.       0.105728 0.       0.       0.105728 0.       0.       0.       0.       0.105728 0.105728 0.       0.       0.       0.       0.       0.105728 0.105728 0.105728 0.       0.       0.       0.105728 0.       0.154175 0.       0.       0.      ],[0. 0. 0. 0. 1. 0. 0. 1. 0. 0. 0. 0. 1. 1. 0. 0. 0. 0. 0. 1. 1. 1. 0. 0. 0. 1. 0. 1. 0. 0. 0.],9.0,1000,100,0.01,0.0015,1,11,idID,,random,single_objective
405,0.17970178491605585,0.3773737483237173,0.0034364,[0.       0.       0.       0.       0.105728 0.       0.       0.105728 0.       0.       0.       0.       0.105728 0.105728 0.       0.       0.       0.       0.       0.105728 0.105728 0.105728 0.       0.       0.       0.105728 0.       0.154175 0.       0.       0.      ],[0. 0. 0. 0. 1. 0. 0. 1. 0. 0. 0. 0. 1. 1. 0. 0. 0. 0. 0. 1. 1. 1. 0. 0. 0. 1. 0. 1. 0. 0. 0.],9.0,1000,100,0.01,0.0015,1,11,idID,,random,single_objective
406,0.17970178491605585,0.3773737483237173,0.0034364,[0.       0.       0.       0.       0.105728 0.       0.       0.105728 0.       0.       0.       0.       0.105728 0.105728 0.       0.       0.       0.       0.       0.105728 0.105728 0.105728 0.       0.       0.       0.105728 0.       0.154175 0.       0.       0.      ],[0. 0. 0. 0. 1. 0. 0. 1. 0. 0. 0. 0. 1. 1. 0. 0. 0. 0. 0. 1. 1. 1. 0. 0. 0. 1. 0. 1. 0. 0. 0.],9.0,1000,100,0.01,0.0015,1,11,idID,,random,single_objective
407,0.17970178491605585,0.3773737483237173,0.0034364,[0.       0.       0.       0.       0.105728 0.       0.       0.105728 0.       0.       0.       0.       0.105728 0.105728 0.       0.       0.       0.       0.       0.105728 0.105728 0.105728 0.       0.       0.       0.105728 0.       0.154175 0.       0.       0.      ],[0. 0. 0. 0. 1. 0. 0. 1. 0. 0. 0. 0. 1. 1. 0. 0. 0. 0. 0. 1. 1. 1. 0. 0. 0. 1. 0. 1. 0. 0. 0.],9.0,1000,100,0.01,0.0015,1,11,idID,,random,single_objective
408,0.17970178491605585,0.3773737483237173,0.0034364,[0.       0.       0.       0.       0.105728 0.       0.       0.105728 0.       0.       0.       0.       0.105728 0.105728 0.       0.       0.       0.       0.       0.105728 0.105728 0.105728 0.       0.       0.       0.105728 0.       0.154175 0.       0.       0.      ],[0. 0. 0. 0. 1. 0. 0. 1. 0. 0. 0. 0. 1. 1. 0. 0. 0. 0. 0. 1. 1. 1. 0. 0. 0. 1. 0. 1. 0. 0. 0.],9.0,1000,100,0.01,0.0015,1,11,idID,,random,single_objective
409,0.17970178491605585,0.3773737483237173,0.0034364,[0.       0.       0.       0.       0.105728 0.       0.       0.105728 0.       0.       0.       0.       0.105728 0.105728 0.       0.       0.       0.       0.       0.105728 0.105728 0.105728 0.       0.       0.       0.105728 0.       0.154175 0.       0.       0.      ],[0. 0. 0. 0. 1. 0. 0. 1. 0. 0. 0. 0. 1. 1. 0. 0. 0. 0. 0. 1. 1. 1. 0. 0. 0. 1. 0. 1. 0. 0. 0.],9.0,1000,100,0.01,0.0015,1,11,idID,,random,single_objective
410,0.17970178491605585,0.3773737483237173,0.0034364,[0.       0.       0.       0.       0.105728 0.       0.       0.105728 0.       0.       0.       0.       0.105728 0.105728 0.       0.       0.       0.       0.       0.105728 0.105728 0.105728 0.       0.       0.       0.105728 0.       0.154175 0.       0.       0.      ],[0. 0. 0. 0. 1. 0. 0. 1. 0. 0. 0. 0. 1. 1. 0. 0. 0. 0. 0. 1. 1. 1. 0. 0. 0. 1. 0. 1. 0. 0. 0.],9.0,1000,100,0.01,0.0015,1,11,idID,,random,single_objective
411,0.17970178491605585,0.3773737483237173,0.0034364,[0.       0.       0.       0.       0.105728 0.       0.       0.105728 0.       0.       0.       0.       0.105728 0.105728 0.       0.       0.       0.       0.       0.105728 0.105728 0.105728 0.       0.       0.       0.105728 0.       0.154175 0.       0.       0.      ],[0. 0. 0. 0. 1. 0. 0. 1. 0. 0. 0. 0. 1. 1. 0. 0. 0. 0. 0. 1. 1. 1. 0. 0. 0. 1. 0. 1. 0. 0. 0.],9.0,1000,100,0.01,0.0015,1,11,idID,,random,single_objective
412,0.17970178491605585,0.3773737483237173,0.0034364,[0.       0.       0.       0.       0.105728 0.       0.       0.105728 0.       0.       0.       0.       0.105728 0.105728 0.       0.       0.       0.       0.       0.105728 0.105728 0.105728 0.       0.       0.       0.105728 0.       0.154175 0.       0.       0.      ],[0. 0. 0. 0. 1. 0. 0. 1. 0. 0. 0. 0. 1. 1. 0. 0. 0. 0. 0. 1. 1. 1. 0. 0. 0. 1. 0. 1. 0. 0. 0.],9.0,1000,100,0.01,0.0015,1,11,idID,,random,single_objective
413,0.17970178491605585,0.3773737483237173,0.0034364,[0.       0.       0.       0.       0.105728 0.       0.       0.105728 0.       0.       0.       0.       0.105728 0.105728 0.       0.       0.       0.       0.       0.105728 0.105728 0.105728 0.       0.       0.       0.105728 0.       0.154175 0.       0.       0.      ],[0. 0. 0. 0. 1. 0. 0. 1. 0. 0. 0. 0. 1. 1. 0. 0. 0. 0. 0. 1. 1. 1. 0. 0. 0. 1. 0. 1. 0. 0. 0.],9.0,1000,100,0.01,0.0015,1,11,idID,,random,single_objective
414,0.17970178491605585,0.3773737483237173,0.0034364,[0.       0.       0.       0.       0.105728 0.       0.       0.105728 0.       0.       0.       0.       0.105728 0.105728 0.       0.       0.       0.       0.       0.105728 0.105728 0.105728 0.       0.       0.       0.105728 0.       0.154175 0.       0.       0.      ],[0. 0. 0. 0. 1. 0. 0. 1. 0. 0. 0. 0. 1. 1. 0. 0. 0. 0. 0. 1. 1. 1. 0. 0. 0. 1. 0. 1. 0. 0. 0.],9.0,1000,100,0.01,0.0015,1,11,idID,,random,single_objective
415,0.17970178491605585,0.3773737483237173,0.0034364,[0.       0.       0.       0.       0.105728 0.       0.       0.105728 0.       0.       0.       0.       0.105728 0.105728 0.       0.       0.       0.       0.       0.105728 0.105728 0.105728 0.       0.       0.       0.105728 0.       0.154175 0.       0.       0.      ],[0. 0. 0. 0. 1. 0. 0. 1. 0. 0. 0. 0. 1. 1. 0. 0. 0. 0. 0. 1. 1. 1. 0. 0. 0. 1. 0. 1. 0. 0. 0.],9.0,1000,100,0.01,0.0015,1,11,idID,,random,single_objective
416,0.17970178491605585,0.3773737483237173,0.0034364,[0.       0.       0.       0.       0.105728 0.       0.       0.105728 0.       0.       0.       0.       0.105728 0.105728 0.       0.       0.       0.       0.       0.105728 0.105728 0.105728 0.       0.       0.       0.105728 0.       0.154175 0.       0.       0.      ],[0. 0. 0. 0. 1. 0. 0. 1. 0. 0. 0. 0. 1. 1. 0. 0. 0. 0. 0. 1. 1. 1. 0. 0. 0. 1. 0. 1. 0. 0. 0.],9.0,1000,100,0.01,0.0015,1,11,idID,,random,single_objective
417,0.17970178491605585,0.3773737483237173,0.0034364,[0.       0.       0.       0.       0.105728 0.       0.       0.105728 0.       0.       0.       0.       0.105728 0.105728 0.       0.       0.       0.       0.       0.105728 0.105728 0.105728 0.       0.       0.       0.105728 0.       0.154175 0.       0.       0.      ],[0. 0. 0. 0. 1. 0. 0. 1. 0. 0. 0. 0. 1. 1. 0. 0. 0. 0. 0. 1. 1. 1. 0. 0. 0. 1. 0. 1. 0. 0. 0.],9.0,1000,100,0.01,0.0015,1,11,idID,,random,single_objective
418,0.17970178491605585,0.3773737483237173,0.0034364,[0.       0.       0.       0.       0.105728 0.       0.       0.105728 0.       0.       0.       0.       0.105728 0.105728 0.       0.       0.       0.       0.       0.105728 0.105728 0.105728 0.       0.       0.       0.105728 0.       0.154175 0.       0.       0.      ],[0. 0. 0. 0. 1. 0. 0. 1. 0. 0. 0. 0. 1. 1. 0. 0. 0. 0. 0. 1. 1. 1. 0. 0. 0. 1. 0. 1. 0. 0. 0.],9.0,1000,100,0.01,0.0015,1,11,idID,,random,single_objective
419,0.17970178491605585,0.3773737483237173,0.0034364,[0.       0.       0.       0.       0.105728 0.       0.       0.105728 0.       0.       0.       0.       0.105728 0.105728 0.       0.       0.       0.       0.       0.105728 0.105728 0.105728 0.       0.       0.       0.105728 0.       0.154175 0.       0.       0.      ],[0. 0. 0. 0. 1. 0. 0. 1. 0. 0. 0. 0. 1. 1. 0. 0. 0. 0. 0. 1. 1. 1. 0. 0. 0. 1. 0. 1. 0. 0. 0.],9.0,1000,100,0.01,0.0015,1,11,idID,,random,single_objective
420,0.17970178491605585,0.3773737483237173,0.0034364,[0.       0.       0.       0.       0.105728 0.       0.       0.105728 0.       0.       0.       0.       0.105728 0.105728 0.       0.       0.       0.       0.       0.105728 0.105728 0.105728 0.       0.       0.       0.105728 0.       0.154175 0.       0.       0.      ],[0. 0. 0. 0. 1. 0. 0. 1. 0. 0. 0. 0. 1. 1. 0. 0. 0. 0. 0. 1. 1. 1. 0. 0. 0. 1. 0. 1. 0. 0. 0.],9.0,1000,100,0.01,0.0015,1,11,idID,,random,single_objective
421,0.17970178491605585,0.3773737483237173,0.0034364,[0.       0.       0.       0.       0.105728 0.       0.       0.105728 0.       0.       0.       0.       0.105728 0.105728 0.       0.       0.       0.       0.       0.105728 0.105728 0.105728 0.       0.       0.       0.105728 0.       0.154175 0.       0.       0.      ],[0. 0. 0. 0. 1. 0. 0. 1. 0. 0. 0. 0. 1. 1. 0. 0. 0. 0. 0. 1. 1. 1. 0. 0. 0. 1. 0. 1. 0. 0. 0.],9.0,1000,100,0.01,0.0015,1,11,idID,,random,single_objective
422,0.17970178491605585,0.3773737483237173,0.0034364,[0.       0.       0.       0.       0.105728 0.       0.       0.105728 0.       0.       0.       0.       0.105728 0.105728 0.       0.       0.       0.       0.       0.105728 0.105728 0.105728 0.       0.       0.       0.105728 0.       0.154175 0.       0.       0.      ],[0. 0. 0. 0. 1. 0. 0. 1. 0. 0. 0. 0. 1. 1. 0. 0. 0. 0. 0. 1. 1. 1. 0. 0. 0. 1. 0. 1. 0. 0. 0.],9.0,1000,100,0.01,0.0015,1,11,idID,,random,single_objective
423,0.17970178491605585,0.3773737483237173,0.0034364,[0.       0.       0.       0.       0.105728 0.       0.       0.105728 0.       0.       0.       0.       0.105728 0.105728 0.       0.       0.       0.       0.       0.105728 0.105728 0.105728 0.       0.       0.       0.105728 0.       0.154175 0.       0.       0.      ],[0. 0. 0. 0. 1. 0. 0. 1. 0. 0. 0. 0. 1. 1. 0. 0. 0. 0. 0. 1. 1. 1. 0. 0. 0. 1. 0. 1. 0. 0. 0.],9.0,1000,100,0.01,0.0015,1,11,idID,,random,single_objective
424,0.17970178491605585,0.3773737483237173,0.0034364,[0.       0.       0.       0.       0.105728 0.       0.       0.105728 0.       0.       0.       0.       0.105728 0.105728 0.       0.       0.       0.       0.       0.105728 0.105728 0.105728 0.       0.       0.       0.105728 0.       0.154175 0.       0.       0.      ],[0. 0. 0. 0. 1. 0. 0. 1. 0. 0. 0. 0. 1. 1. 0. 0. 0. 0. 0. 1. 1. 1. 0. 0. 0. 1. 0. 1. 0. 0. 0.],9.0,1000,100,0.01,0.0015,1,11,idID,,random,single_objective
425,0.17970178491605585,0.3773737483237173,0.0034364,[0.       0.       0.       0.       0.105728 0.       0.       0.105728 0.       0.       0.       0.       0.105728 0.105728 0.       0.       0.       0.       0.       0.105728 0.105728 0.105728 0.       0.       0.       0.105728 0.       0.154175 0.       0.       0.      ],[0. 0. 0. 0. 1. 0. 0. 1. 0. 0. 0. 0. 1. 1. 0. 0. 0. 0. 0. 1. 1. 1. 0. 0. 0. 1. 0. 1. 0. 0. 0.],9.0,1000,100,0.01,0.0015,1,11,idID,,random,single_objective
426,0.17970178491605585,0.3773737483237173,0.0034364,[0.       0.       0.       0.       0.105728 0.       0.       0.105728 0.       0.       0.       0.       0.105728 0.105728 0.       0.       0.       0.       0.       0.105728 0.105728 0.105728 0.       0.       0.       0.105728 0.       0.154175 0.       0.       0.      ],[0. 0. 0. 0. 1. 0. 0. 1. 0. 0. 0. 0. 1. 1. 0. 0. 0. 0. 0. 1. 1. 1. 0. 0. 0. 1. 0. 1. 0. 0. 0.],9.0,1000,100,0.01,0.0015,1,11,idID,,random,single_objective
427,0.17970178491605585,0.3773737483237173,0.0034364,[0.       0.       0.       0.       0.105728 0.       0.       0.105728 0.       0.       0.       0.       0.105728 0.105728 0.       0.       0.       0.       0.       0.105728 0.105728 0.105728 0.       0.       0.       0.105728 0.       0.154175 0.       0.       0.      ],[0. 0. 0. 0. 1. 0. 0. 1. 0. 0. 0. 0. 1. 1. 0. 0. 0. 0. 0. 1. 1. 1. 0. 0. 0. 1. 0. 1. 0. 0. 0.],9.0,1000,100,0.01,0.0015,1,11,idID,,random,single_objective
428,0.17970178491605585,0.3773737483237173,0.0034364,[0.       0.       0.       0.       0.105728 0.       0.       0.105728 0.       0.       0.       0.       0.105728 0.105728 0.       0.       0.       0.       0.       0.105728 0.105728 0.105728 0.       0.       0.       0.105728 0.       0.154175 0.       0.       0.      ],[0. 0. 0. 0. 1. 0. 0. 1. 0. 0. 0. 0. 1. 1. 0. 0. 0. 0. 0. 1. 1. 1. 0. 0. 0. 1. 0. 1. 0. 0. 0.],9.0,1000,100,0.01,0.0015,1,11,idID,,random,single_objective
429,0.17970178491605585,0.3773737483237173,0.0034364,[0.       0.       0.       0.       0.105728 0.       0.       0.105728 0.       0.       0.       0.       0.105728 0.105728 0.       0.       0.       0.       0.       0.105728 0.105728 0.105728 0.       0.       0.       0.105728 0.       0.154175 0.       0.       0.      ],[0. 0. 0. 0. 1. 0. 0. 1. 0. 0. 0. 0. 1. 1. 0. 0. 0. 0. 0. 1. 1. 1. 0. 0. 0. 1. 0. 1. 0. 0. 0.],9.0,1000,100,0.01,0.0015,1,11,idID,,random,single_objective
430,0.17970178491605585,0.3773737483237173,0.0034364,[0.       0.       0.       0.       0.105728 0.       0.       0.105728 0.       0.       0.       0.       0.105728 0.105728 0.       0.       0.       0.       0.       0.105728 0.105728 0.105728 0.       0.       0.       0.105728 0.       0.154175 0.       0.       0.      ],[0. 0. 0. 0. 1. 0. 0. 1. 0. 0. 0. 0. 1. 1. 0. 0. 0. 0. 0. 1. 1. 1. 0. 0. 0. 1. 0. 1. 0. 0. 0.],9.0,1000,100,0.01,0.0015,1,11,idID,,random,single_objective
431,0.17970178491605585,0.3773737483237173,0.0034364,[0.       0.       0.       0.       0.105728 0.       0.       0.105728 0.       0.       0.       0.       0.105728 0.105728 0.       0.       0.       0.       0.       0.105728 0.105728 0.105728 0.       0.       0.       0.105728 0.       0.154175 0.       0.       0.      ],[0. 0. 0. 0. 1. 0. 0. 1. 0. 0. 0. 0. 1. 1. 0. 0. 0. 0. 0. 1. 1. 1. 0. 0. 0. 1. 0. 1. 0. 0. 0.],9.0,1000,100,0.01,0.0015,1,11,idID,,random,single_objective
432,0.17970178491605585,0.3773737483237173,0.0034364,[0.       0.       0.       0.       0.105728 0.       0.       0.105728 0.       0.       0.       0.       0.105728 0.105728 0.       0.       0.       0.       0.       0.105728 0.105728 0.105728 0.       0.       0.       0.105728 0.       0.154175 0.       0.       0.      ],[0. 0. 0. 0. 1. 0. 0. 1. 0. 0. 0. 0. 1. 1. 0. 0. 0. 0. 0. 1. 1. 1. 0. 0. 0. 1. 0. 1. 0. 0. 0.],9.0,1000,100,0.01,0.0015,1,11,idID,,random,single_objective
433,0.17970178491605585,0.3773737483237173,0.0034364,[0.       0.       0.       0.       0.105728 0.       0.       0.105728 0.       0.       0.       0.       0.105728 0.105728 0.       0.       0.       0.       0.       0.105728 0.105728 0.105728 0.       0.       0.       0.105728 0.       0.154175 0.       0.       0.      ],[0. 0. 0. 0. 1. 0. 0. 1. 0. 0. 0. 0. 1. 1. 0. 0. 0. 0. 0. 1. 1. 1. 0. 0. 0. 1. 0. 1. 0. 0. 0.],9.0,1000,100,0.01,0.0015,1,11,idID,,random,single_objective
434,0.17970178491605585,0.3773737483237173,0.0034364,[0.       0.       0.       0.       0.105728 0.       0.       0.105728 0.       0.       0.       0.       0.105728 0.105728 0.       0.       0.       0.       0.       0.105728 0.105728 0.105728 0.       0.       0.       0.105728 0.       0.154175 0.       0.       0.      ],[0. 0. 0. 0. 1. 0. 0. 1. 0. 0. 0. 0. 1. 1. 0. 0. 0. 0. 0. 1. 1. 1. 0. 0. 0. 1. 0. 1. 0. 0. 0.],9.0,1000,100,0.01,0.0015,1,11,idID,,random,single_objective
435,0.17970178491605585,0.3773737483237173,0.0034364,[0.       0.       0.       0.       0.105728 0.       0.       0.105728 0.       0.       0.       0.       0.105728 0.105728 0.       0.       0.       0.       0.       0.105728 0.105728 0.105728 0.       0.       0.       0.105728 0.       0.154175 0.       0.       0.      ],[0. 0. 0. 0. 1. 0. 0. 1. 0. 0. 0. 0. 1. 1. 0. 0. 0. 0. 0. 1. 1. 1. 0. 0. 0. 1. 0. 1. 0. 0. 0.],9.0,1000,100,0.01,0.0015,1,11,idID,,random,single_objective
436,0.17970178491605585,0.3773737483237173,0.0034364,[0.       0.       0.       0.       0.105728 0.       0.       0.105728 0.       0.       0.       0.       0.105728 0.105728 0.       0.       0.       0.       0.       0.105728 0.105728 0.105728 0.       0.       0.       0.105728 0.       0.154175 0.       0.       0.      ],[0. 0. 0. 0. 1. 0. 0. 1. 0. 0. 0. 0. 1. 1. 0. 0. 0. 0. 0. 1. 1. 1. 0. 0. 0. 1. 0. 1. 0. 0. 0.],9.0,1000,100,0.01,0.0015,1,11,idID,,random,single_objective
437,0.17970178491605585,0.3773737483237173,0.0034364,[0.       0.       0.       0.       0.105728 0.       0.       0.105728 0.       0.       0.       0.       0.105728 0.105728 0.       0.       0.       0.       0.       0.105728 0.105728 0.105728 0.       0.       0.       0.105728 0.       0.154175 0.       0.       0.      ],[0. 0. 0. 0. 1. 0. 0. 1. 0. 0. 0. 0. 1. 1. 0. 0. 0. 0. 0. 1. 1. 1. 0. 0. 0. 1. 0. 1. 0. 0. 0.],9.0,1000,100,0.01,0.0015,1,11,idID,,random,single_objective
438,0.17970178491605585,0.3773737483237173,0.0034364,[0.       0.       0.       0.       0.105728 0.       0.       0.105728 0.       0.       0.       0.       0.105728 0.105728 0.       0.       0.       0.       0.       0.105728 0.105728 0.105728 0.       0.       0.       0.105728 0.       0.154175 0.       0.       0.      ],[0. 0. 0. 0. 1. 0. 0. 1. 0. 0. 0. 0. 1. 1. 0. 0. 0. 0. 0. 1. 1. 1. 0. 0. 0. 1. 0. 1. 0. 0. 0.],9.0,1000,100,0.01,0.0015,1,11,idID,,random,single_objective
439,0.17970178491605585,0.3773737483237173,0.0034364,[0.       0.       0.       0.       0.105728 0.       0.       0.105728 0.       0.       0.       0.       0.105728 0.105728 0.       0.       0.       0.       0.       0.105728 0.105728 0.105728 0.       0.       0.       0.105728 0.       0.154175 0.       0.       0.      ],[0. 0. 0. 0. 1. 0. 0. 1. 0. 0. 0. 0. 1. 1. 0. 0. 0. 0. 0. 1. 1. 1. 0. 0. 0. 1. 0. 1. 0. 0. 0.],9.0,1000,100,0.01,0.0015,1,11,idID,,random,single_objective
440,0.17970178491605585,0.3773737483237173,0.0034364,[0.       0.       0.       0.       0.105728 0.       0.       0.105728 0.       0.       0.       0.       0.105728 0.105728 0.       0.       0.       0.       0.       0.105728 0.105728 0.105728 0.       0.       0.       0.105728 0.       0.154175 0.       0.       0.      ],[0. 0. 0. 0. 1. 0. 0. 1. 0. 0. 0. 0. 1. 1. 0. 0. 0. 0. 0. 1. 1. 1. 0. 0. 0. 1. 0. 1. 0. 0. 0.],9.0,1000,100,0.01,0.0015,1,11,idID,,random,single_objective
441,0.17970178491605585,0.3773737483237173,0.0034364,[0.       0.       0.       0.       0.105728 0.       0.       0.105728 0.       0.       0.       0.       0.105728 0.105728 0.       0.       0.       0.       0.       0.105728 0.105728 0.105728 0.       0.       0.       0.105728 0.       0.154175 0.       0.       0.      ],[0. 0. 0. 0. 1. 0. 0. 1. 0. 0. 0. 0. 1. 1. 0. 0. 0. 0. 0. 1. 1. 1. 0. 0. 0. 1. 0. 1. 0. 0. 0.],9.0,1000,100,0.01,0.0015,1,11,idID,,random,single_objective
442,0.17970178491605585,0.3773737483237173,0.0034364,[0.       0.       0.       0.       0.105728 0.       0.       0.105728 0.       0.       0.       0.       0.105728 0.105728 0.       0.       0.       0.       0.       0.105728 0.105728 0.105728 0.       0.       0.       0.105728 0.       0.154175 0.       0.       0.      ],[0. 0. 0. 0. 1. 0. 0. 1. 0. 0. 0. 0. 1. 1. 0. 0. 0. 0. 0. 1. 1. 1. 0. 0. 0. 1. 0. 1. 0. 0. 0.],9.0,1000,100,0.01,0.0015,1,11,idID,,random,single_objective
443,0.17970178491605585,0.3773737483237173,0.0034364,[0.       0.       0.       0.       0.105728 0.       0.       0.105728 0.       0.       0.       0.       0.105728 0.105728 0.       0.       0.       0.       0.       0.105728 0.105728 0.105728 0.       0.       0.       0.105728 0.       0.154175 0.       0.       0.      ],[0. 0. 0. 0. 1. 0. 0. 1. 0. 0. 0. 0. 1. 1. 0. 0. 0. 0. 0. 1. 1. 1. 0. 0. 0. 1. 0. 1. 0. 0. 0.],9.0,1000,100,0.01,0.0015,1,11,idID,,random,single_objective
444,0.17970178491605585,0.3773737483237173,0.0034364,[0.       0.       0.       0.       0.105728 0.       0.       0.105728 0.       0.       0.       0.       0.105728 0.105728 0.       0.       0.       0.       0.       0.105728 0.105728 0.105728 0.       0.       0.       0.105728 0.       0.154175 0.       0.       0.      ],[0. 0. 0. 0. 1. 0. 0. 1. 0. 0. 0. 0. 1. 1. 0. 0. 0. 0. 0. 1. 1. 1. 0. 0. 0. 1. 0. 1. 0. 0. 0.],9.0,1000,100,0.01,0.0015,1,11,idID,,random,single_objective
445,0.17970178491605585,0.3773737483237173,0.0034364,[0.       0.       0.       0.       0.105728 0.       0.       0.105728 0.       0.       0.       0.       0.105728 0.105728 0.       0.       0.       0.       0.       0.105728 0.105728 0.105728 0.       0.       0.       0.105728 0.       0.154175 0.       0.       0.      ],[0. 0. 0. 0. 1. 0. 0. 1. 0. 0. 0. 0. 1. 1. 0. 0. 0. 0. 0. 1. 1. 1. 0. 0. 0. 1. 0. 1. 0. 0. 0.],9.0,1000,100,0.01,0.0015,1,11,idID,,random,single_objective
446,0.17970178491605585,0.3773737483237173,0.0034364,[0.       0.       0.       0.       0.105728 0.       0.       0.105728 0.       0.       0.       0.       0.105728 0.105728 0.       0.       0.       0.       0.       0.105728 0.105728 0.105728 0.       0.       0.       0.105728 0.       0.154175 0.       0.       0.      ],[0. 0. 0. 0. 1. 0. 0. 1. 0. 0. 0. 0. 1. 1. 0. 0. 0. 0. 0. 1. 1. 1. 0. 0. 0. 1. 0. 1. 0. 0. 0.],9.0,1000,100,0.01,0.0015,1,11,idID,,random,single_objective
447,0.17970178491605585,0.3773737483237173,0.0034364,[0.       0.       0.       0.       0.105728 0.       0.       0.105728 0.       0.       0.       0.       0.105728 0.105728 0.       0.       0.       0.       0.       0.105728 0.105728 0.105728 0.       0.       0.       0.105728 0.       0.154175 0.       0.       0.      ],[0. 0. 0. 0. 1. 0. 0. 1. 0. 0. 0. 0. 1. 1. 0. 0. 0. 0. 0. 1. 1. 1. 0. 0. 0. 1. 0. 1. 0. 0. 0.],9.0,1000,100,0.01,0.0015,1,11,idID,,random,single_objective
448,0.17970178491605585,0.3773737483237173,0.0034364,[0.       0.       0.       0.       0.105728 0.       0.       0.105728 0.       0.       0.       0.       0.105728 0.105728 0.       0.       0.       0.       0.       0.105728 0.105728 0.105728 0.       0.       0.       0.105728 0.       0.154175 0.       0.       0.      ],[0. 0. 0. 0. 1. 0. 0. 1. 0. 0. 0. 0. 1. 1. 0. 0. 0. 0. 0. 1. 1. 1. 0. 0. 0. 1. 0. 1. 0. 0. 0.],9.0,1000,100,0.01,0.0015,1,11,idID,,random,single_objective
449,0.17970178491605585,0.3773737483237173,0.0034364,[0.       0.       0.       0.       0.105728 0.       0.       0.105728 0.       0.       0.       0.       0.105728 0.105728 0.       0.       0.       0.       0.       0.105728 0.105728 0.105728 0.       0.       0.       0.105728 0.       0.154175 0.       0.       0.      ],[0. 0. 0. 0. 1. 0. 0. 1. 0. 0. 0. 0. 1. 1. 0. 0. 0. 0. 0. 1. 1. 1. 0. 0. 0. 1. 0. 1. 0. 0. 0.],9.0,1000,100,0.01,0.0015,1,11,idID,,random,single_objective
450,0.17970178491605585,0.3773737483237173,0.0034364,[0.       0.       0.       0.       0.105728 0.       0.       0.105728 0.       0.       0.       0.       0.105728 0.105728 0.       0.       0.       0.       0.       0.105728 0.105728 0.105728 0.       0.       0.       0.105728 0.       0.154175 0.       0.       0.      ],[0. 0. 0. 0. 1. 0. 0. 1. 0. 0. 0. 0. 1. 1. 0. 0. 0. 0. 0. 1. 1. 1. 0. 0. 0. 1. 0. 1. 0. 0. 0.],9.0,1000,100,0.01,0.0015,1,11,idID,,random,single_objective
451,0.17970178491605585,0.3773737483237173,0.0034364,[0.       0.       0.       0.       0.105728 0.       0.       0.105728 0.       0.       0.       0.       0.105728 0.105728 0.       0.       0.       0.       0.       0.105728 0.105728 0.105728 0.       0.       0.       0.105728 0.       0.154175 0.       0.       0.      ],[0. 0. 0. 0. 1. 0. 0. 1. 0. 0. 0. 0. 1. 1. 0. 0. 0. 0. 0. 1. 1. 1. 0. 0. 0. 1. 0. 1. 0. 0. 0.],9.0,1000,100,0.01,0.0015,1,11,idID,,random,single_objective
452,0.17970178491605585,0.3773737483237173,0.0034364,[0.       0.       0.       0.       0.105728 0.       0.       0.105728 0.       0.       0.       0.       0.105728 0.105728 0.       0.       0.       0.       0.       0.105728 0.105728 0.105728 0.       0.       0.       0.105728 0.       0.154175 0.       0.       0.      ],[0. 0. 0. 0. 1. 0. 0. 1. 0. 0. 0. 0. 1. 1. 0. 0. 0. 0. 0. 1. 1. 1. 0. 0. 0. 1. 0. 1. 0. 0. 0.],9.0,1000,100,0.01,0.0015,1,11,idID,,random,single_objective
453,0.17970178491605585,0.3773737483237173,0.0034364,[0.       0.       0.       0.       0.105728 0.       0.       0.105728 0.       0.       0.       0.       0.105728 0.105728 0.       0.       0.       0.       0.       0.105728 0.105728 0.105728 0.       0.       0.       0.105728 0.       0.154175 0.       0.       0.      ],[0. 0. 0. 0. 1. 0. 0. 1. 0. 0. 0. 0. 1. 1. 0. 0. 0. 0. 0. 1. 1. 1. 0. 0. 0. 1. 0. 1. 0. 0. 0.],9.0,1000,100,0.01,0.0015,1,11,idID,,random,single_objective
454,0.17970178491605585,0.3773737483237173,0.0034364,[0.       0.       0.       0.       0.105728 0.       0.       0.105728 0.       0.       0.       0.       0.105728 0.105728 0.       0.       0.       0.       0.       0.105728 0.105728 0.105728 0.       0.       0.       0.105728 0.       0.154175 0.       0.       0.      ],[0. 0. 0. 0. 1. 0. 0. 1. 0. 0. 0. 0. 1. 1. 0. 0. 0. 0. 0. 1. 1. 1. 0. 0. 0. 1. 0. 1. 0. 0. 0.],9.0,1000,100,0.01,0.0015,1,11,idID,,random,single_objective
455,0.17970178491605585,0.3773737483237173,0.0034364,[0.       0.       0.       0.       0.105728 0.       0.       0.105728 0.       0.       0.       0.       0.105728 0.105728 0.       0.       0.       0.       0.       0.105728 0.105728 0.105728 0.       0.       0.       0.105728 0.       0.154175 0.       0.       0.      ],[0. 0. 0. 0. 1. 0. 0. 1. 0. 0. 0. 0. 1. 1. 0. 0. 0. 0. 0. 1. 1. 1. 0. 0. 0. 1. 0. 1. 0. 0. 0.],9.0,1000,100,0.01,0.0015,1,11,idID,,random,single_objective
456,0.17970178491605585,0.3773737483237173,0.0034364,[0.       0.       0.       0.       0.105728 0.       0.       0.105728 0.       0.       0.       0.       0.105728 0.105728 0.       0.       0.       0.       0.       0.105728 0.105728 0.105728 0.       0.       0.       0.105728 0.       0.154175 0.       0.       0.      ],[0. 0. 0. 0. 1. 0. 0. 1. 0. 0. 0. 0. 1. 1. 0. 0. 0. 0. 0. 1. 1. 1. 0. 0. 0. 1. 0. 1. 0. 0. 0.],9.0,1000,100,0.01,0.0015,1,11,idID,,random,single_objective
457,0.17970178491605585,0.3773737483237173,0.0034364,[0.       0.       0.       0.       0.105728 0.       0.       0.105728 0.       0.       0.       0.       0.105728 0.105728 0.       0.       0.       0.       0.       0.105728 0.105728 0.105728 0.       0.       0.       0.105728 0.       0.154175 0.       0.       0.      ],[0. 0. 0. 0. 1. 0. 0. 1. 0. 0. 0. 0. 1. 1. 0. 0. 0. 0. 0. 1. 1. 1. 0. 0. 0. 1. 0. 1. 0. 0. 0.],9.0,1000,100,0.01,0.0015,1,11,idID,,random,single_objective
458,0.17970178491605585,0.3773737483237173,0.0034364,[0.       0.       0.       0.       0.105728 0.       0.       0.105728 0.       0.       0.       0.       0.105728 0.105728 0.       0.       0.       0.       0.       0.105728 0.105728 0.105728 0.       0.       0.       0.105728 0.       0.154175 0.       0.       0.      ],[0. 0. 0. 0. 1. 0. 0. 1. 0. 0. 0. 0. 1. 1. 0. 0. 0. 0. 0. 1. 1. 1. 0. 0. 0. 1. 0. 1. 0. 0. 0.],9.0,1000,100,0.01,0.0015,1,11,idID,,random,single_objective
459,0.17970178491605585,0.3773737483237173,0.0034364,[0.       0.       0.       0.       0.105728 0.       0.       0.105728 0.       0.       0.       0.       0.105728 0.105728 0.       0.       0.       0.       0.       0.105728 0.105728 0.105728 0.       0.       0.       0.105728 0.       0.154175 0.       0.       0.      ],[0. 0. 0. 0. 1. 0. 0. 1. 0. 0. 0. 0. 1. 1. 0. 0. 0. 0. 0. 1. 1. 1. 0. 0. 0. 1. 0. 1. 0. 0. 0.],9.0,1000,100,0.01,0.0015,1,11,idID,,random,single_objective
460,0.17970178491605585,0.3773737483237173,0.0034364,[0.       0.       0.       0.       0.105728 0.       0.       0.105728 0.       0.       0.       0.       0.105728 0.105728 0.       0.       0.       0.       0.       0.105728 0.105728 0.105728 0.       0.       0.       0.105728 0.       0.154175 0.       0.       0.      ],[0. 0. 0. 0. 1. 0. 0. 1. 0. 0. 0. 0. 1. 1. 0. 0. 0. 0. 0. 1. 1. 1. 0. 0. 0. 1. 0. 1. 0. 0. 0.],9.0,1000,100,0.01,0.0015,1,11,idID,,random,single_objective
461,0.17970178491605585,0.3773737483237173,0.0034364,[0.       0.       0.       0.       0.105728 0.       0.       0.105728 0.       0.       0.       0.       0.105728 0.105728 0.       0.       0.       0.       0.       0.105728 0.105728 0.105728 0.       0.       0.       0.105728 0.       0.154175 0.       0.       0.      ],[0. 0. 0. 0. 1. 0. 0. 1. 0. 0. 0. 0. 1. 1. 0. 0. 0. 0. 0. 1. 1. 1. 0. 0. 0. 1. 0. 1. 0. 0. 0.],9.0,1000,100,0.01,0.0015,1,11,idID,,random,single_objective
462,0.17970178491605585,0.3773737483237173,0.0034364,[0.       0.       0.       0.       0.105728 0.       0.       0.105728 0.       0.       0.       0.       0.105728 0.105728 0.       0.       0.       0.       0.       0.105728 0.105728 0.105728 0.       0.       0.       0.105728 0.       0.154175 0.       0.       0.      ],[0. 0. 0. 0. 1. 0. 0. 1. 0. 0. 0. 0. 1. 1. 0. 0. 0. 0. 0. 1. 1. 1. 0. 0. 0. 1. 0. 1. 0. 0. 0.],9.0,1000,100,0.01,0.0015,1,11,idID,,random,single_objective
463,0.17970178491605585,0.3773737483237173,0.0034364,[0.       0.       0.       0.       0.105728 0.       0.       0.105728 0.       0.       0.       0.       0.105728 0.105728 0.       0.       0.       0.       0.       0.105728 0.105728 0.105728 0.       0.       0.       0.105728 0.       0.154175 0.       0.       0.      ],[0. 0. 0. 0. 1. 0. 0. 1. 0. 0. 0. 0. 1. 1. 0. 0. 0. 0. 0. 1. 1. 1. 0. 0. 0. 1. 0. 1. 0. 0. 0.],9.0,1000,100,0.01,0.0015,1,11,idID,,random,single_objective
464,0.17970178491605585,0.3773737483237173,0.0034364,[0.       0.       0.       0.       0.105728 0.       0.       0.105728 0.       0.       0.       0.       0.105728 0.105728 0.       0.       0.       0.       0.       0.105728 0.105728 0.105728 0.       0.       0.       0.105728 0.       0.154175 0.       0.       0.      ],[0. 0. 0. 0. 1. 0. 0. 1. 0. 0. 0. 0. 1. 1. 0. 0. 0. 0. 0. 1. 1. 1. 0. 0. 0. 1. 0. 1. 0. 0. 0.],9.0,1000,100,0.01,0.0015,1,11,idID,,random,single_objective
465,0.17970178491605585,0.3773737483237173,0.0034364,[0.       0.       0.       0.       0.105728 0.       0.       0.105728 0.       0.       0.       0.       0.105728 0.105728 0.       0.       0.       0.       0.       0.105728 0.105728 0.105728 0.       0.       0.       0.105728 0.       0.154175 0.       0.       0.      ],[0. 0. 0. 0. 1. 0. 0. 1. 0. 0. 0. 0. 1. 1. 0. 0. 0. 0. 0. 1. 1. 1. 0. 0. 0. 1. 0. 1. 0. 0. 0.],9.0,1000,100,0.01,0.0015,1,11,idID,,random,single_objective
466,0.17970178491605585,0.3773737483237173,0.0034364,[0.       0.       0.       0.       0.105728 0.       0.       0.105728 0.       0.       0.       0.       0.105728 0.105728 0.       0.       0.       0.       0.       0.105728 0.105728 0.105728 0.       0.       0.       0.105728 0.       0.154175 0.       0.       0.      ],[0. 0. 0. 0. 1. 0. 0. 1. 0. 0. 0. 0. 1. 1. 0. 0. 0. 0. 0. 1. 1. 1. 0. 0. 0. 1. 0. 1. 0. 0. 0.],9.0,1000,100,0.01,0.0015,1,11,idID,,random,single_objective
467,0.17970178491605585,0.3773737483237173,0.0034364,[0.       0.       0.       0.       0.105728 0.       0.       0.105728 0.       0.       0.       0.       0.105728 0.105728 0.       0.       0.       0.       0.       0.105728 0.105728 0.105728 0.       0.       0.       0.105728 0.       0.154175 0.       0.       0.      ],[0. 0. 0. 0. 1. 0. 0. 1. 0. 0. 0. 0. 1. 1. 0. 0. 0. 0. 0. 1. 1. 1. 0. 0. 0. 1. 0. 1. 0. 0. 0.],9.0,1000,100,0.01,0.0015,1,11,idID,,random,single_objective
468,0.17970178491605585,0.3773737483237173,0.0034364,[0.       0.       0.       0.       0.105728 0.       0.       0.105728 0.       0.       0.       0.       0.105728 0.105728 0.       0.       0.       0.       0.       0.105728 0.105728 0.105728 0.       0.       0.       0.105728 0.       0.154175 0.       0.       0.      ],[0. 0. 0. 0. 1. 0. 0. 1. 0. 0. 0. 0. 1. 1. 0. 0. 0. 0. 0. 1. 1. 1. 0. 0. 0. 1. 0. 1. 0. 0. 0.],9.0,1000,100,0.01,0.0015,1,11,idID,,random,single_objective
469,0.17970178491605585,0.3773737483237173,0.0034364,[0.       0.       0.       0.       0.105728 0.       0.       0.105728 0.       0.       0.       0.       0.105728 0.105728 0.       0.       0.       0.       0.       0.105728 0.105728 0.105728 0.       0.       0.       0.105728 0.       0.154175 0.       0.       0.      ],[0. 0. 0. 0. 1. 0. 0. 1. 0. 0. 0. 0. 1. 1. 0. 0. 0. 0. 0. 1. 1. 1. 0. 0. 0. 1. 0. 1. 0. 0. 0.],9.0,1000,100,0.01,0.0015,1,11,idID,,random,single_objective
470,0.17970178491605585,0.3773737483237173,0.0034364,[0.       0.       0.       0.       0.105728 0.       0.       0.105728 0.       0.       0.       0.       0.105728 0.105728 0.       0.       0.       0.       0.       0.105728 0.105728 0.105728 0.       0.       0.       0.105728 0.       0.154175 0.       0.       0.      ],[0. 0. 0. 0. 1. 0. 0. 1. 0. 0. 0. 0. 1. 1. 0. 0. 0. 0. 0. 1. 1. 1. 0. 0. 0. 1. 0. 1. 0. 0. 0.],9.0,1000,100,0.01,0.0015,1,11,idID,,random,single_objective
471,0.17970178491605585,0.3773737483237173,0.0034364,[0.       0.       0.       0.       0.105728 0.       0.       0.105728 0.       0.       0.       0.       0.105728 0.105728 0.       0.       0.       0.       0.       0.105728 0.105728 0.105728 0.       0.       0.       0.105728 0.       0.154175 0.       0.       0.      ],[0. 0. 0. 0. 1. 0. 0. 1. 0. 0. 0. 0. 1. 1. 0. 0. 0. 0. 0. 1. 1. 1. 0. 0. 0. 1. 0. 1. 0. 0. 0.],9.0,1000,100,0.01,0.0015,1,11,idID,,random,single_objective
472,0.17970178491605585,0.3773737483237173,0.0034364,[0.       0.       0.       0.       0.105728 0.       0.       0.105728 0.       0.       0.       0.       0.105728 0.105728 0.       0.       0.       0.       0.       0.105728 0.105728 0.105728 0.       0.       0.       0.105728 0.       0.154175 0.       0.       0.      ],[0. 0. 0. 0. 1. 0. 0. 1. 0. 0. 0. 0. 1. 1. 0. 0. 0. 0. 0. 1. 1. 1. 0. 0. 0. 1. 0. 1. 0. 0. 0.],9.0,1000,100,0.01,0.0015,1,11,idID,,random,single_objective
473,0.17970178491605585,0.3773737483237173,0.0034364,[0.       0.       0.       0.       0.105728 0.       0.       0.105728 0.       0.       0.       0.       0.105728 0.105728 0.       0.       0.       0.       0.       0.105728 0.105728 0.105728 0.       0.       0.       0.105728 0.       0.154175 0.       0.       0.      ],[0. 0. 0. 0. 1. 0. 0. 1. 0. 0. 0. 0. 1. 1. 0. 0. 0. 0. 0. 1. 1. 1. 0. 0. 0. 1. 0. 1. 0. 0. 0.],9.0,1000,100,0.01,0.0015,1,11,idID,,random,single_objective
474,0.17970178491605585,0.3773737483237173,0.0034364,[0.       0.       0.       0.       0.105728 0.       0.       0.105728 0.       0.       0.       0.       0.105728 0.105728 0.       0.       0.       0.       0.       0.105728 0.105728 0.105728 0.       0.       0.       0.105728 0.       0.154175 0.       0.       0.      ],[0. 0. 0. 0. 1. 0. 0. 1. 0. 0. 0. 0. 1. 1. 0. 0. 0. 0. 0. 1. 1. 1. 0. 0. 0. 1. 0. 1. 0. 0. 0.],9.0,1000,100,0.01,0.0015,1,11,idID,,random,single_objective
475,0.17970178491605585,0.3773737483237173,0.0034364,[0.       0.       0.       0.       0.105728 0.       0.       0.105728 0.       0.       0.       0.       0.105728 0.105728 0.       0.       0.       0.       0.       0.105728 0.105728 0.105728 0.       0.       0.       0.105728 0.       0.154175 0.       0.       0.      ],[0. 0. 0. 0. 1. 0. 0. 1. 0. 0. 0. 0. 1. 1. 0. 0. 0. 0. 0. 1. 1. 1. 0. 0. 0. 1. 0. 1. 0. 0. 0.],9.0,1000,100,0.01,0.0015,1,11,idID,,random,single_objective
476,0.17970178491605585,0.3773737483237173,0.0034364,[0.       0.       0.       0.       0.105728 0.       0.       0.105728 0.       0.       0.       0.       0.105728 0.105728 0.       0.       0.       0.       0.       0.105728 0.105728 0.105728 0.       0.       0.       0.105728 0.       0.154175 0.       0.       0.      ],[0. 0. 0. 0. 1. 0. 0. 1. 0. 0. 0. 0. 1. 1. 0. 0. 0. 0. 0. 1. 1. 1. 0. 0. 0. 1. 0. 1. 0. 0. 0.],9.0,1000,100,0.01,0.0015,1,11,idID,,random,single_objective
477,0.17970178491605585,0.3773737483237173,0.0034364,[0.       0.       0.       0.       0.105728 0.       0.       0.105728 0.       0.       0.       0.       0.105728 0.105728 0.       0.       0.       0.       0.       0.105728 0.105728 0.105728 0.       0.       0.       0.105728 0.       0.154175 0.       0.       0.      ],[0. 0. 0. 0. 1. 0. 0. 1. 0. 0. 0. 0. 1. 1. 0. 0. 0. 0. 0. 1. 1. 1. 0. 0. 0. 1. 0. 1. 0. 0. 0.],9.0,1000,100,0.01,0.0015,1,11,idID,,random,single_objective
478,0.17970178491605585,0.3773737483237173,0.0034364,[0.       0.       0.       0.       0.105728 0.       0.       0.105728 0.       0.       0.       0.       0.105728 0.105728 0.       0.       0.       0.       0.       0.105728 0.105728 0.105728 0.       0.       0.       0.105728 0.       0.154175 0.       0.       0.      ],[0. 0. 0. 0. 1. 0. 0. 1. 0. 0. 0. 0. 1. 1. 0. 0. 0. 0. 0. 1. 1. 1. 0. 0. 0. 1. 0. 1. 0. 0. 0.],9.0,1000,100,0.01,0.0015,1,11,idID,,random,single_objective
479,0.17970178491605585,0.3773737483237173,0.0034364,[0.       0.       0.       0.       0.105728 0.       0.       0.105728 0.       0.       0.       0.       0.105728 0.105728 0.       0.       0.       0.       0.       0.105728 0.105728 0.105728 0.       0.       0.       0.105728 0.       0.154175 0.       0.       0.      ],[0. 0. 0. 0. 1. 0. 0. 1. 0. 0. 0. 0. 1. 1. 0. 0. 0. 0. 0. 1. 1. 1. 0. 0. 0. 1. 0. 1. 0. 0. 0.],9.0,1000,100,0.01,0.0015,1,11,idID,,random,single_objective
480,0.17970178491605585,0.3773737483237173,0.0034364,[0.       0.       0.       0.       0.105728 0.       0.       0.105728 0.       0.       0.       0.       0.105728 0.105728 0.       0.       0.       0.       0.       0.105728 0.105728 0.105728 0.       0.       0.       0.105728 0.       0.154175 0.       0.       0.      ],[0. 0. 0. 0. 1. 0. 0. 1. 0. 0. 0. 0. 1. 1. 0. 0. 0. 0. 0. 1. 1. 1. 0. 0. 0. 1. 0. 1. 0. 0. 0.],9.0,1000,100,0.01,0.0015,1,11,idID,,random,single_objective
481,0.17970178491605585,0.3773737483237173,0.0034364,[0.       0.       0.       0.       0.105728 0.       0.       0.105728 0.       0.       0.       0.       0.105728 0.105728 0.       0.       0.       0.       0.       0.105728 0.105728 0.105728 0.       0.       0.       0.105728 0.       0.154175 0.       0.       0.      ],[0. 0. 0. 0. 1. 0. 0. 1. 0. 0. 0. 0. 1. 1. 0. 0. 0. 0. 0. 1. 1. 1. 0. 0. 0. 1. 0. 1. 0. 0. 0.],9.0,1000,100,0.01,0.0015,1,11,idID,,random,single_objective
482,0.17970178491605585,0.3773737483237173,0.0034364,[0.       0.       0.       0.       0.105728 0.       0.       0.105728 0.       0.       0.       0.       0.105728 0.105728 0.       0.       0.       0.       0.       0.105728 0.105728 0.105728 0.       0.       0.       0.105728 0.       0.154175 0.       0.       0.      ],[0. 0. 0. 0. 1. 0. 0. 1. 0. 0. 0. 0. 1. 1. 0. 0. 0. 0. 0. 1. 1. 1. 0. 0. 0. 1. 0. 1. 0. 0. 0.],9.0,1000,100,0.01,0.0015,1,11,idID,,random,single_objective
483,0.17970178491605585,0.3773737483237173,0.0034364,[0.       0.       0.       0.       0.105728 0.       0.       0.105728 0.       0.       0.       0.       0.105728 0.105728 0.       0.       0.       0.       0.       0.105728 0.105728 0.105728 0.       0.       0.       0.105728 0.       0.154175 0.       0.       0.      ],[0. 0. 0. 0. 1. 0. 0. 1. 0. 0. 0. 0. 1. 1. 0. 0. 0. 0. 0. 1. 1. 1. 0. 0. 0. 1. 0. 1. 0. 0. 0.],9.0,1000,100,0.01,0.0015,1,11,idID,,random,single_objective
484,0.17970178491605585,0.3773737483237173,0.0034364,[0.       0.       0.       0.       0.105728 0.       0.       0.105728 0.       0.       0.       0.       0.105728 0.105728 0.       0.       0.       0.       0.       0.105728 0.105728 0.105728 0.       0.       0.       0.105728 0.       0.154175 0.       0.       0.      ],[0. 0. 0. 0. 1. 0. 0. 1. 0. 0. 0. 0. 1. 1. 0. 0. 0. 0. 0. 1. 1. 1. 0. 0. 0. 1. 0. 1. 0. 0. 0.],9.0,1000,100,0.01,0.0015,1,11,idID,,random,single_objective
485,0.17970178491605585,0.3773737483237173,0.0034364,[0.       0.       0.       0.       0.105728 0.       0.       0.105728 0.       0.       0.       0.       0.105728 0.105728 0.       0.       0.       0.       0.       0.105728 0.105728 0.105728 0.       0.       0.       0.105728 0.       0.154175 0.       0.       0.      ],[0. 0. 0. 0. 1. 0. 0. 1. 0. 0. 0. 0. 1. 1. 0. 0. 0. 0. 0. 1. 1. 1. 0. 0. 0. 1. 0. 1. 0. 0. 0.],9.0,1000,100,0.01,0.0015,1,11,idID,,random,single_objective
486,0.17970178491605585,0.3773737483237173,0.0034364,[0.       0.       0.       0.       0.105728 0.       0.       0.105728 0.       0.       0.       0.       0.105728 0.105728 0.       0.       0.       0.       0.       0.105728 0.105728 0.105728 0.       0.       0.       0.105728 0.       0.154175 0.       0.       0.      ],[0. 0. 0. 0. 1. 0. 0. 1. 0. 0. 0. 0. 1. 1. 0. 0. 0. 0. 0. 1. 1. 1. 0. 0. 0. 1. 0. 1. 0. 0. 0.],9.0,1000,100,0.01,0.0015,1,11,idID,,random,single_objective
487,0.17970178491605585,0.3773737483237173,0.0034364,[0.       0.       0.       0.       0.105728 0.       0.       0.105728 0.       0.       0.       0.       0.105728 0.105728 0.       0.       0.       0.       0.       0.105728 0.105728 0.105728 0.       0.       0.       0.105728 0.       0.154175 0.       0.       0.      ],[0. 0. 0. 0. 1. 0. 0. 1. 0. 0. 0. 0. 1. 1. 0. 0. 0. 0. 0. 1. 1. 1. 0. 0. 0. 1. 0. 1. 0. 0. 0.],9.0,1000,100,0.01,0.0015,1,11,idID,,random,single_objective
488,0.17970178491605585,0.3773737483237173,0.0034364,[0.       0.       0.       0.       0.105728 0.       0.       0.105728 0.       0.       0.       0.       0.105728 0.105728 0.       0.       0.       0.       0.       0.105728 0.105728 0.105728 0.       0.       0.       0.105728 0.       0.154175 0.       0.       0.      ],[0. 0. 0. 0. 1. 0. 0. 1. 0. 0. 0. 0. 1. 1. 0. 0. 0. 0. 0. 1. 1. 1. 0. 0. 0. 1. 0. 1. 0. 0. 0.],9.0,1000,100,0.01,0.0015,1,11,idID,,random,single_objective
489,0.17970178491605585,0.3773737483237173,0.0034364,[0.       0.       0.       0.       0.105728 0.       0.       0.105728 0.       0.       0.       0.       0.105728 0.105728 0.       0.       0.       0.       0.       0.105728 0.105728 0.105728 0.       0.       0.       0.105728 0.       0.154175 0.       0.       0.      ],[0. 0. 0. 0. 1. 0. 0. 1. 0. 0. 0. 0. 1. 1. 0. 0. 0. 0. 0. 1. 1. 1. 0. 0. 0. 1. 0. 1. 0. 0. 0.],9.0,1000,100,0.01,0.0015,1,11,idID,,random,single_objective
490,0.17970178491605585,0.3773737483237173,0.0034364,[0.       0.       0.       0.       0.105728 0.       0.       0.105728 0.       0.       0.       0.       0.105728 0.105728 0.       0.       0.       0.       0.       0.105728 0.105728 0.105728 0.       0.       0.       0.105728 0.       0.154175 0.       0.       0.      ],[0. 0. 0. 0. 1. 0. 0. 1. 0. 0. 0. 0. 1. 1. 0. 0. 0. 0. 0. 1. 1. 1. 0. 0. 0. 1. 0. 1. 0. 0. 0.],9.0,1000,100,0.01,0.0015,1,11,idID,,random,single_objective
491,0.17970178491605585,0.3773737483237173,0.0034364,[0.       0.       0.       0.       0.105728 0.       0.       0.105728 0.       0.       0.       0.       0.105728 0.105728 0.       0.       0.       0.       0.       0.105728 0.105728 0.105728 0.       0.       0.       0.105728 0.       0.154175 0.       0.       0.      ],[0. 0. 0. 0. 1. 0. 0. 1. 0. 0. 0. 0. 1. 1. 0. 0. 0. 0. 0. 1. 1. 1. 0. 0. 0. 1. 0. 1. 0. 0. 0.],9.0,1000,100,0.01,0.0015,1,11,idID,,random,single_objective
492,0.17970178491605585,0.3773737483237173,0.0034364,[0.       0.       0.       0.       0.105728 0.       0.       0.105728 0.       0.       0.       0.       0.105728 0.105728 0.       0.       0.       0.       0.       0.105728 0.105728 0.105728 0.       0.       0.       0.105728 0.       0.154175 0.       0.       0.      ],[0. 0. 0. 0. 1. 0. 0. 1. 0. 0. 0. 0. 1. 1. 0. 0. 0. 0. 0. 1. 1. 1. 0. 0. 0. 1. 0. 1. 0. 0. 0.],9.0,1000,100,0.01,0.0015,1,11,idID,,random,single_objective
493,0.17970178491605585,0.3773737483237173,0.0034364,[0.       0.       0.       0.       0.105728 0.       0.       0.105728 0.       0.       0.       0.       0.105728 0.105728 0.       0.       0.       0.       0.       0.105728 0.105728 0.105728 0.       0.       0.       0.105728 0.       0.154175 0.       0.       0.      ],[0. 0. 0. 0. 1. 0. 0. 1. 0. 0. 0. 0. 1. 1. 0. 0. 0. 0. 0. 1. 1. 1. 0. 0. 0. 1. 0. 1. 0. 0. 0.],9.0,1000,100,0.01,0.0015,1,11,idID,,random,single_objective
494,0.17970178491605585,0.3773737483237173,0.0034364,[0.       0.       0.       0.       0.105728 0.       0.       0.105728 0.       0.       0.       0.       0.105728 0.105728 0.       0.       0.       0.       0.       0.105728 0.105728 0.105728 0.       0.       0.       0.105728 0.       0.154175 0.       0.       0.      ],[0. 0. 0. 0. 1. 0. 0. 1. 0. 0. 0. 0. 1. 1. 0. 0. 0. 0. 0. 1. 1. 1. 0. 0. 0. 1. 0. 1. 0. 0. 0.],9.0,1000,100,0.01,0.0015,1,11,idID,,random,single_objective
495,0.17970178491605585,0.3773737483237173,0.0034364,[0.       0.       0.       0.       0.105728 0.       0.       0.105728 0.       0.       0.       0.       0.105728 0.105728 0.       0.       0.       0.       0.       0.105728 0.105728 0.105728 0.       0.       0.       0.105728 0.       0.154175 0.       0.       0.      ],[0. 0. 0. 0. 1. 0. 0. 1. 0. 0. 0. 0. 1. 1. 0. 0. 0. 0. 0. 1. 1. 1. 0. 0. 0. 1. 0. 1. 0. 0. 0.],9.0,1000,100,0.01,0.0015,1,11,idID,,random,single_objective
496,0.17970178491605585,0.3773737483237173,0.0034364,[0.       0.       0.       0.       0.105728 0.       0.       0.105728 0.       0.       0.       0.       0.105728 0.105728 0.       0.       0.       0.       0.       0.105728 0.105728 0.105728 0.       0.       0.       0.105728 0.       0.154175 0.       0.       0.      ],[0. 0. 0. 0. 1. 0. 0. 1. 0. 0. 0. 0. 1. 1. 0. 0. 0. 0. 0. 1. 1. 1. 0. 0. 0. 1. 0. 1. 0. 0. 0.],9.0,1000,100,0.01,0.0015,1,11,idID,,random,single_objective
497,0.17970178491605585,0.3773737483237173,0.0034364,[0.       0.       0.       0.       0.105728 0.       0.       0.105728 0.       0.       0.       0.       0.105728 0.105728 0.       0.       0.       0.       0.       0.105728 0.105728 0.105728 0.       0.       0.       0.105728 0.       0.154175 0.       0.       0.      ],[0. 0. 0. 0. 1. 0. 0. 1. 0. 0. 0. 0. 1. 1. 0. 0. 0. 0. 0. 1. 1. 1. 0. 0. 0. 1. 0. 1. 0. 0. 0.],9.0,1000,100,0.01,0.0015,1,11,idID,,random,single_objective
498,0.17970178491605585,0.3773737483237173,0.0034364,[0.       0.       0.       0.       0.105728 0.       0.       0.105728 0.       0.       0.       0.       0.105728 0.105728 0.       0.       0.       0.       0.       0.105728 0.105728 0.105728 0.       0.       0.       0.105728 0.       0.154175 0.       0.       0.      ],[0. 0. 0. 0. 1. 0. 0. 1. 0. 0. 0. 0. 1. 1. 0. 0. 0. 0. 0. 1. 1. 1. 0. 0. 0. 1. 0. 1. 0. 0. 0.],9.0,1000,100,0.01,0.0015,1,11,idID,,random,single_objective
499,0.17970178491605585,0.3773737483237173,0.0034364,[0.       0.       0.       0.       0.105728 0.       0.       0.105728 0.       0.       0.       0.       0.105728 0.105728 0.       0.       0.       0.       0.       0.105728 0.105728 0.105728 0.       0.       0.       0.105728 0.       0.154175 0.       0.       0.      ],[0. 0. 0. 0. 1. 0. 0. 1. 0. 0. 0. 0. 1. 1. 0. 0. 0. 0. 0. 1. 1. 1. 0. 0. 0. 1. 0. 1. 0. 0. 0.],9.0,1000,100,0.01,0.0015,1,11,idID,,random,single_objective
500,0.17970178491605585,0.3773737483237173,0.0034364,[0.       0.       0.       0.       0.105728 0.       0.       0.105728 0.       0.       0.       0.       0.105728 0.105728 0.       0.       0.       0.       0.       0.105728 0.105728 0.105728 0.       0.       0.       0.105728 0.       0.154175 0.       0.       0.      ],[0. 0. 0. 0. 1. 0. 0. 1. 0. 0. 0. 0. 1. 1. 0. 0. 0. 0. 0. 1. 1. 1. 0. 0. 0. 1. 0. 1. 0. 0. 0.],9.0,1000,100,0.01,0.0015,1,11,idID,,random,single_objective
501,0.17970178491605585,0.3773737483237173,0.0034364,[0.       0.       0.       0.       0.105728 0.       0.       0.105728 0.       0.       0.       0.       0.105728 0.105728 0.       0.       0.       0.       0.       0.105728 0.105728 0.105728 0.       0.       0.       0.105728 0.       0.154175 0.       0.       0.      ],[0. 0. 0. 0. 1. 0. 0. 1. 0. 0. 0. 0. 1. 1. 0. 0. 0. 0. 0. 1. 1. 1. 0. 0. 0. 1. 0. 1. 0. 0. 0.],9.0,1000,100,0.01,0.0015,1,11,idID,,random,single_objective
502,0.17970178491605585,0.3773737483237173,0.0034364,[0.       0.       0.       0.       0.105728 0.       0.       0.105728 0.       0.       0.       0.       0.105728 0.105728 0.       0.       0.       0.       0.       0.105728 0.105728 0.105728 0.       0.       0.       0.105728 0.       0.154175 0.       0.       0.      ],[0. 0. 0. 0. 1. 0. 0. 1. 0. 0. 0. 0. 1. 1. 0. 0. 0. 0. 0. 1. 1. 1. 0. 0. 0. 1. 0. 1. 0. 0. 0.],9.0,1000,100,0.01,0.0015,1,11,idID,,random,single_objective
503,0.17970178491605585,0.3773737483237173,0.0034364,[0.       0.       0.       0.       0.105728 0.       0.       0.105728 0.       0.       0.       0.       0.105728 0.105728 0.       0.       0.       0.       0.       0.105728 0.105728 0.105728 0.       0.       0.       0.105728 0.       0.154175 0.       0.       0.      ],[0. 0. 0. 0. 1. 0. 0. 1. 0. 0. 0. 0. 1. 1. 0. 0. 0. 0. 0. 1. 1. 1. 0. 0. 0. 1. 0. 1. 0. 0. 0.],9.0,1000,100,0.01,0.0015,1,11,idID,,random,single_objective
504,0.17970178491605585,0.3773737483237173,0.0034364,[0.       0.       0.       0.       0.105728 0.       0.       0.105728 0.       0.       0.       0.       0.105728 0.105728 0.       0.       0.       0.       0.       0.105728 0.105728 0.105728 0.       0.       0.       0.105728 0.       0.154175 0.       0.       0.      ],[0. 0. 0. 0. 1. 0. 0. 1. 0. 0. 0. 0. 1. 1. 0. 0. 0. 0. 0. 1. 1. 1. 0. 0. 0. 1. 0. 1. 0. 0. 0.],9.0,1000,100,0.01,0.0015,1,11,idID,,random,single_objective
505,0.17970178491605585,0.3773737483237173,0.0034364,[0.       0.       0.       0.       0.105728 0.       0.       0.105728 0.       0.       0.       0.       0.105728 0.105728 0.       0.       0.       0.       0.       0.105728 0.105728 0.105728 0.       0.       0.       0.105728 0.       0.154175 0.       0.       0.      ],[0. 0. 0. 0. 1. 0. 0. 1. 0. 0. 0. 0. 1. 1. 0. 0. 0. 0. 0. 1. 1. 1. 0. 0. 0. 1. 0. 1. 0. 0. 0.],9.0,1000,100,0.01,0.0015,1,11,idID,,random,single_objective
506,0.17970178491605585,0.3773737483237173,0.0034364,[0.       0.       0.       0.       0.105728 0.       0.       0.105728 0.       0.       0.       0.       0.105728 0.105728 0.       0.       0.       0.       0.       0.105728 0.105728 0.105728 0.       0.       0.       0.105728 0.       0.154175 0.       0.       0.      ],[0. 0. 0. 0. 1. 0. 0. 1. 0. 0. 0. 0. 1. 1. 0. 0. 0. 0. 0. 1. 1. 1. 0. 0. 0. 1. 0. 1. 0. 0. 0.],9.0,1000,100,0.01,0.0015,1,11,idID,,random,single_objective
507,0.17970178491605585,0.3773737483237173,0.0034364,[0.       0.       0.       0.       0.105728 0.       0.       0.105728 0.       0.       0.       0.       0.105728 0.105728 0.       0.       0.       0.       0.       0.105728 0.105728 0.105728 0.       0.       0.       0.105728 0.       0.154175 0.       0.       0.      ],[0. 0. 0. 0. 1. 0. 0. 1. 0. 0. 0. 0. 1. 1. 0. 0. 0. 0. 0. 1. 1. 1. 0. 0. 0. 1. 0. 1. 0. 0. 0.],9.0,1000,100,0.01,0.0015,1,11,idID,,random,single_objective
508,0.17970178491605585,0.3773737483237173,0.0034364,[0.       0.       0.       0.       0.105728 0.       0.       0.105728 0.       0.       0.       0.       0.105728 0.105728 0.       0.       0.       0.       0.       0.105728 0.105728 0.105728 0.       0.       0.       0.105728 0.       0.154175 0.       0.       0.      ],[0. 0. 0. 0. 1. 0. 0. 1. 0. 0. 0. 0. 1. 1. 0. 0. 0. 0. 0. 1. 1. 1. 0. 0. 0. 1. 0. 1. 0. 0. 0.],9.0,1000,100,0.01,0.0015,1,11,idID,,random,single_objective
509,0.17970178491605585,0.3773737483237173,0.0034364,[0.       0.       0.       0.       0.105728 0.       0.       0.105728 0.       0.       0.       0.       0.105728 0.105728 0.       0.       0.       0.       0.       0.105728 0.105728 0.105728 0.       0.       0.       0.105728 0.       0.154175 0.       0.       0.      ],[0. 0. 0. 0. 1. 0. 0. 1. 0. 0. 0. 0. 1. 1. 0. 0. 0. 0. 0. 1. 1. 1. 0. 0. 0. 1. 0. 1. 0. 0. 0.],9.0,1000,100,0.01,0.0015,1,11,idID,,random,single_objective
510,0.17970178491605585,0.3773737483237173,0.0034364,[0.       0.       0.       0.       0.105728 0.       0.       0.105728 0.       0.       0.       0.       0.105728 0.105728 0.       0.       0.       0.       0.       0.105728 0.105728 0.105728 0.       0.       0.       0.105728 0.       0.154175 0.       0.       0.      ],[0. 0. 0. 0. 1. 0. 0. 1. 0. 0. 0. 0. 1. 1. 0. 0. 0. 0. 0. 1. 1. 1. 0. 0. 0. 1. 0. 1. 0. 0. 0.],9.0,1000,100,0.01,0.0015,1,11,idID,,random,single_objective
511,0.17970178491605585,0.3773737483237173,0.0034364,[0.       0.       0.       0.       0.105728 0.       0.       0.105728 0.       0.       0.       0.       0.105728 0.105728 0.       0.       0.       0.       0.       0.105728 0.105728 0.105728 0.       0.       0.       0.105728 0.       0.154175 0.       0.       0.      ],[0. 0. 0. 0. 1. 0. 0. 1. 0. 0. 0. 0. 1. 1. 0. 0. 0. 0. 0. 1. 1. 1. 0. 0. 0. 1. 0. 1. 0. 0. 0.],9.0,1000,100,0.01,0.0015,1,11,idID,,random,single_objective
512,0.17970178491605585,0.3773737483237173,0.0034364,[0.       0.       0.       0.       0.105728 0.       0.       0.105728 0.       0.       0.       0.       0.105728 0.105728 0.       0.       0.       0.       0.       0.105728 0.105728 0.105728 0.       0.       0.       0.105728 0.       0.154175 0.       0.       0.      ],[0. 0. 0. 0. 1. 0. 0. 1. 0. 0. 0. 0. 1. 1. 0. 0. 0. 0. 0. 1. 1. 1. 0. 0. 0. 1. 0. 1. 0. 0. 0.],9.0,1000,100,0.01,0.0015,1,11,idID,,random,single_objective
513,0.17970178491605585,0.3773737483237173,0.0034364,[0.       0.       0.       0.       0.105728 0.       0.       0.105728 0.       0.       0.       0.       0.105728 0.105728 0.       0.       0.       0.       0.       0.105728 0.105728 0.105728 0.       0.       0.       0.105728 0.       0.154175 0.       0.       0.      ],[0. 0. 0. 0. 1. 0. 0. 1. 0. 0. 0. 0. 1. 1. 0. 0. 0. 0. 0. 1. 1. 1. 0. 0. 0. 1. 0. 1. 0. 0. 0.],9.0,1000,100,0.01,0.0015,1,11,idID,,random,single_objective
514,0.17970178491605585,0.3773737483237173,0.0034364,[0.       0.       0.       0.       0.105728 0.       0.       0.105728 0.       0.       0.       0.       0.105728 0.105728 0.       0.       0.       0.       0.       0.105728 0.105728 0.105728 0.       0.       0.       0.105728 0.       0.154175 0.       0.       0.      ],[0. 0. 0. 0. 1. 0. 0. 1. 0. 0. 0. 0. 1. 1. 0. 0. 0. 0. 0. 1. 1. 1. 0. 0. 0. 1. 0. 1. 0. 0. 0.],9.0,1000,100,0.01,0.0015,1,11,idID,,random,single_objective
515,0.17970178491605585,0.3773737483237173,0.0034364,[0.       0.       0.       0.       0.105728 0.       0.       0.105728 0.       0.       0.       0.       0.105728 0.105728 0.       0.       0.       0.       0.       0.105728 0.105728 0.105728 0.       0.       0.       0.105728 0.       0.154175 0.       0.       0.      ],[0. 0. 0. 0. 1. 0. 0. 1. 0. 0. 0. 0. 1. 1. 0. 0. 0. 0. 0. 1. 1. 1. 0. 0. 0. 1. 0. 1. 0. 0. 0.],9.0,1000,100,0.01,0.0015,1,11,idID,,random,single_objective
516,0.17970178491605585,0.3773737483237173,0.0034364,[0.       0.       0.       0.       0.105728 0.       0.       0.105728 0.       0.       0.       0.       0.105728 0.105728 0.       0.       0.       0.       0.       0.105728 0.105728 0.105728 0.       0.       0.       0.105728 0.       0.154175 0.       0.       0.      ],[0. 0. 0. 0. 1. 0. 0. 1. 0. 0. 0. 0. 1. 1. 0. 0. 0. 0. 0. 1. 1. 1. 0. 0. 0. 1. 0. 1. 0. 0. 0.],9.0,1000,100,0.01,0.0015,1,11,idID,,random,single_objective
517,0.17970178491605585,0.3773737483237173,0.0034364,[0.       0.       0.       0.       0.105728 0.       0.       0.105728 0.       0.       0.       0.       0.105728 0.105728 0.       0.       0.       0.       0.       0.105728 0.105728 0.105728 0.       0.       0.       0.105728 0.       0.154175 0.       0.       0.      ],[0. 0. 0. 0. 1. 0. 0. 1. 0. 0. 0. 0. 1. 1. 0. 0. 0. 0. 0. 1. 1. 1. 0. 0. 0. 1. 0. 1. 0. 0. 0.],9.0,1000,100,0.01,0.0015,1,11,idID,,random,single_objective
518,0.17970178491605585,0.3773737483237173,0.0034364,[0.       0.       0.       0.       0.105728 0.       0.       0.105728 0.       0.       0.       0.       0.105728 0.105728 0.       0.       0.       0.       0.       0.105728 0.105728 0.105728 0.       0.       0.       0.105728 0.       0.154175 0.       0.       0.      ],[0. 0. 0. 0. 1. 0. 0. 1. 0. 0. 0. 0. 1. 1. 0. 0. 0. 0. 0. 1. 1. 1. 0. 0. 0. 1. 0. 1. 0. 0. 0.],9.0,1000,100,0.01,0.0015,1,11,idID,,random,single_objective
519,0.17970178491605585,0.3773737483237173,0.0034364,[0.       0.       0.       0.       0.105728 0.       0.       0.105728 0.       0.       0.       0.       0.105728 0.105728 0.       0.       0.       0.       0.       0.105728 0.105728 0.105728 0.       0.       0.       0.105728 0.       0.154175 0.       0.       0.      ],[0. 0. 0. 0. 1. 0. 0. 1. 0. 0. 0. 0. 1. 1. 0. 0. 0. 0. 0. 1. 1. 1. 0. 0. 0. 1. 0. 1. 0. 0. 0.],9.0,1000,100,0.01,0.0015,1,11,idID,,random,single_objective
520,0.17970178491605585,0.3773737483237173,0.0034364,[0.       0.       0.       0.       0.105728 0.       0.       0.105728 0.       0.       0.       0.       0.105728 0.105728 0.       0.       0.       0.       0.       0.105728 0.105728 0.105728 0.       0.       0.       0.105728 0.       0.154175 0.       0.       0.      ],[0. 0. 0. 0. 1. 0. 0. 1. 0. 0. 0. 0. 1. 1. 0. 0. 0. 0. 0. 1. 1. 1. 0. 0. 0. 1. 0. 1. 0. 0. 0.],9.0,1000,100,0.01,0.0015,1,11,idID,,random,single_objective
521,0.17970178491605585,0.3773737483237173,0.0034364,[0.       0.       0.       0.       0.105728 0.       0.       0.105728 0.       0.       0.       0.       0.105728 0.105728 0.       0.       0.       0.       0.       0.105728 0.105728 0.105728 0.       0.       0.       0.105728 0.       0.154175 0.       0.       0.      ],[0. 0. 0. 0. 1. 0. 0. 1. 0. 0. 0. 0. 1. 1. 0. 0. 0. 0. 0. 1. 1. 1. 0. 0. 0. 1. 0. 1. 0. 0. 0.],9.0,1000,100,0.01,0.0015,1,11,idID,,random,single_objective
522,0.17970178491605585,0.3773737483237173,0.0034364,[0.       0.       0.       0.       0.105728 0.       0.       0.105728 0.       0.       0.       0.       0.105728 0.105728 0.       0.       0.       0.       0.       0.105728 0.105728 0.105728 0.       0.       0.       0.105728 0.       0.154175 0.       0.       0.      ],[0. 0. 0. 0. 1. 0. 0. 1. 0. 0. 0. 0. 1. 1. 0. 0. 0. 0. 0. 1. 1. 1. 0. 0. 0. 1. 0. 1. 0. 0. 0.],9.0,1000,100,0.01,0.0015,1,11,idID,,random,single_objective
523,0.17970178491605585,0.3773737483237173,0.0034364,[0.       0.       0.       0.       0.105728 0.       0.       0.105728 0.       0.       0.       0.       0.105728 0.105728 0.       0.       0.       0.       0.       0.105728 0.105728 0.105728 0.       0.       0.       0.105728 0.       0.154175 0.       0.       0.      ],[0. 0. 0. 0. 1. 0. 0. 1. 0. 0. 0. 0. 1. 1. 0. 0. 0. 0. 0. 1. 1. 1. 0. 0. 0. 1. 0. 1. 0. 0. 0.],9.0,1000,100,0.01,0.0015,1,11,idID,,random,single_objective
524,0.17970178491605585,0.3773737483237173,0.0034364,[0.       0.       0.       0.       0.105728 0.       0.       0.105728 0.       0.       0.       0.       0.105728 0.105728 0.       0.       0.       0.       0.       0.105728 0.105728 0.105728 0.       0.       0.       0.105728 0.       0.154175 0.       0.       0.      ],[0. 0. 0. 0. 1. 0. 0. 1. 0. 0. 0. 0. 1. 1. 0. 0. 0. 0. 0. 1. 1. 1. 0. 0. 0. 1. 0. 1. 0. 0. 0.],9.0,1000,100,0.01,0.0015,1,11,idID,,random,single_objective
525,0.17970178491605585,0.3773737483237173,0.0034364,[0.       0.       0.       0.       0.105728 0.       0.       0.105728 0.       0.       0.       0.       0.105728 0.105728 0.       0.       0.       0.       0.       0.105728 0.105728 0.105728 0.       0.       0.       0.105728 0.       0.154175 0.       0.       0.      ],[0. 0. 0. 0. 1. 0. 0. 1. 0. 0. 0. 0. 1. 1. 0. 0. 0. 0. 0. 1. 1. 1. 0. 0. 0. 1. 0. 1. 0. 0. 0.],9.0,1000,100,0.01,0.0015,1,11,idID,,random,single_objective
526,0.17970178491605585,0.3773737483237173,0.0034364,[0.       0.       0.       0.       0.105728 0.       0.       0.105728 0.       0.       0.       0.       0.105728 0.105728 0.       0.       0.       0.       0.       0.105728 0.105728 0.105728 0.       0.       0.       0.105728 0.       0.154175 0.       0.       0.      ],[0. 0. 0. 0. 1. 0. 0. 1. 0. 0. 0. 0. 1. 1. 0. 0. 0. 0. 0. 1. 1. 1. 0. 0. 0. 1. 0. 1. 0. 0. 0.],9.0,1000,100,0.01,0.0015,1,11,idID,,random,single_objective
527,0.17970178491605585,0.3773737483237173,0.0034364,[0.       0.       0.       0.       0.105728 0.       0.       0.105728 0.       0.       0.       0.       0.105728 0.105728 0.       0.       0.       0.       0.       0.105728 0.105728 0.105728 0.       0.       0.       0.105728 0.       0.154175 0.       0.       0.      ],[0. 0. 0. 0. 1. 0. 0. 1. 0. 0. 0. 0. 1. 1. 0. 0. 0. 0. 0. 1. 1. 1. 0. 0. 0. 1. 0. 1. 0. 0. 0.],9.0,1000,100,0.01,0.0015,1,11,idID,,random,single_objective
528,0.17970178491605585,0.3773737483237173,0.0034364,[0.       0.       0.       0.       0.105728 0.       0.       0.105728 0.       0.       0.       0.       0.105728 0.105728 0.       0.       0.       0.       0.       0.105728 0.105728 0.105728 0.       0.       0.       0.105728 0.       0.154175 0.       0.       0.      ],[0. 0. 0. 0. 1. 0. 0. 1. 0. 0. 0. 0. 1. 1. 0. 0. 0. 0. 0. 1. 1. 1. 0. 0. 0. 1. 0. 1. 0. 0. 0.],9.0,1000,100,0.01,0.0015,1,11,idID,,random,single_objective
529,0.17970178491605585,0.3773737483237173,0.0034364,[0.       0.       0.       0.       0.105728 0.       0.       0.105728 0.       0.       0.       0.       0.105728 0.105728 0.       0.       0.       0.       0.       0.105728 0.105728 0.105728 0.       0.       0.       0.105728 0.       0.154175 0.       0.       0.      ],[0. 0. 0. 0. 1. 0. 0. 1. 0. 0. 0. 0. 1. 1. 0. 0. 0. 0. 0. 1. 1. 1. 0. 0. 0. 1. 0. 1. 0. 0. 0.],9.0,1000,100,0.01,0.0015,1,11,idID,,random,single_objective
530,0.17970178491605585,0.3773737483237173,0.0034364,[0.       0.       0.       0.       0.105728 0.       0.       0.105728 0.       0.       0.       0.       0.105728 0.105728 0.       0.       0.       0.       0.       0.105728 0.105728 0.105728 0.       0.       0.       0.105728 0.       0.154175 0.       0.       0.      ],[0. 0. 0. 0. 1. 0. 0. 1. 0. 0. 0. 0. 1. 1. 0. 0. 0. 0. 0. 1. 1. 1. 0. 0. 0. 1. 0. 1. 0. 0. 0.],9.0,1000,100,0.01,0.0015,1,11,idID,,random,single_objective
531,0.17970178491605585,0.3773737483237173,0.0034364,[0.       0.       0.       0.       0.105728 0.       0.       0.105728 0.       0.       0.       0.       0.105728 0.105728 0.       0.       0.       0.       0.       0.105728 0.105728 0.105728 0.       0.       0.       0.105728 0.       0.154175 0.       0.       0.      ],[0. 0. 0. 0. 1. 0. 0. 1. 0. 0. 0. 0. 1. 1. 0. 0. 0. 0. 0. 1. 1. 1. 0. 0. 0. 1. 0. 1. 0. 0. 0.],9.0,1000,100,0.01,0.0015,1,11,idID,,random,single_objective
532,0.17970178491605585,0.3773737483237173,0.0034364,[0.       0.       0.       0.       0.105728 0.       0.       0.105728 0.       0.       0.       0.       0.105728 0.105728 0.       0.       0.       0.       0.       0.105728 0.105728 0.105728 0.       0.       0.       0.105728 0.       0.154175 0.       0.       0.      ],[0. 0. 0. 0. 1. 0. 0. 1. 0. 0. 0. 0. 1. 1. 0. 0. 0. 0. 0. 1. 1. 1. 0. 0. 0. 1. 0. 1. 0. 0. 0.],9.0,1000,100,0.01,0.0015,1,11,idID,,random,single_objective
533,0.17970178491605585,0.3773737483237173,0.0034364,[0.       0.       0.       0.       0.105728 0.       0.       0.105728 0.       0.       0.       0.       0.105728 0.105728 0.       0.       0.       0.       0.       0.105728 0.105728 0.105728 0.       0.       0.       0.105728 0.       0.154175 0.       0.       0.      ],[0. 0. 0. 0. 1. 0. 0. 1. 0. 0. 0. 0. 1. 1. 0. 0. 0. 0. 0. 1. 1. 1. 0. 0. 0. 1. 0. 1. 0. 0. 0.],9.0,1000,100,0.01,0.0015,1,11,idID,,random,single_objective
534,0.17970178491605585,0.3773737483237173,0.0034364,[0.       0.       0.       0.       0.105728 0.       0.       0.105728 0.       0.       0.       0.       0.105728 0.105728 0.       0.       0.       0.       0.       0.105728 0.105728 0.105728 0.       0.       0.       0.105728 0.       0.154175 0.       0.       0.      ],[0. 0. 0. 0. 1. 0. 0. 1. 0. 0. 0. 0. 1. 1. 0. 0. 0. 0. 0. 1. 1. 1. 0. 0. 0. 1. 0. 1. 0. 0. 0.],9.0,1000,100,0.01,0.0015,1,11,idID,,random,single_objective
535,0.17970178491605585,0.3773737483237173,0.0034364,[0.       0.       0.       0.       0.105728 0.       0.       0.105728 0.       0.       0.       0.       0.105728 0.105728 0.       0.       0.       0.       0.       0.105728 0.105728 0.105728 0.       0.       0.       0.105728 0.       0.154175 0.       0.       0.      ],[0. 0. 0. 0. 1. 0. 0. 1. 0. 0. 0. 0. 1. 1. 0. 0. 0. 0. 0. 1. 1. 1. 0. 0. 0. 1. 0. 1. 0. 0. 0.],9.0,1000,100,0.01,0.0015,1,11,idID,,random,single_objective
536,0.17970178491605585,0.3773737483237173,0.0034364,[0.       0.       0.       0.       0.105728 0.       0.       0.105728 0.       0.       0.       0.       0.105728 0.105728 0.       0.       0.       0.       0.       0.105728 0.105728 0.105728 0.       0.       0.       0.105728 0.       0.154175 0.       0.       0.      ],[0. 0. 0. 0. 1. 0. 0. 1. 0. 0. 0. 0. 1. 1. 0. 0. 0. 0. 0. 1. 1. 1. 0. 0. 0. 1. 0. 1. 0. 0. 0.],9.0,1000,100,0.01,0.0015,1,11,idID,,random,single_objective
537,0.17970178491605585,0.3773737483237173,0.0034364,[0.       0.       0.       0.       0.105728 0.       0.       0.105728 0.       0.       0.       0.       0.105728 0.105728 0.       0.       0.       0.       0.       0.105728 0.105728 0.105728 0.       0.       0.       0.105728 0.       0.154175 0.       0.       0.      ],[0. 0. 0. 0. 1. 0. 0. 1. 0. 0. 0. 0. 1. 1. 0. 0. 0. 0. 0. 1. 1. 1. 0. 0. 0. 1. 0. 1. 0. 0. 0.],9.0,1000,100,0.01,0.0015,1,11,idID,,random,single_objective
538,0.17970178491605585,0.3773737483237173,0.0034364,[0.       0.       0.       0.       0.105728 0.       0.       0.105728 0.       0.       0.       0.       0.105728 0.105728 0.       0.       0.       0.       0.       0.105728 0.105728 0.105728 0.       0.       0.       0.105728 0.       0.154175 0.       0.       0.      ],[0. 0. 0. 0. 1. 0. 0. 1. 0. 0. 0. 0. 1. 1. 0. 0. 0. 0. 0. 1. 1. 1. 0. 0. 0. 1. 0. 1. 0. 0. 0.],9.0,1000,100,0.01,0.0015,1,11,idID,,random,single_objective
539,0.17970178491605585,0.3773737483237173,0.0034364,[0.       0.       0.       0.       0.105728 0.       0.       0.105728 0.       0.       0.       0.       0.105728 0.105728 0.       0.       0.       0.       0.       0.105728 0.105728 0.105728 0.       0.       0.       0.105728 0.       0.154175 0.       0.       0.      ],[0. 0. 0. 0. 1. 0. 0. 1. 0. 0. 0. 0. 1. 1. 0. 0. 0. 0. 0. 1. 1. 1. 0. 0. 0. 1. 0. 1. 0. 0. 0.],9.0,1000,100,0.01,0.0015,1,11,idID,,random,single_objective
540,0.17970178491605585,0.3773737483237173,0.0034364,[0.       0.       0.       0.       0.105728 0.       0.       0.105728 0.       0.       0.       0.       0.105728 0.105728 0.       0.       0.       0.       0.       0.105728 0.105728 0.105728 0.       0.       0.       0.105728 0.       0.154175 0.       0.       0.      ],[0. 0. 0. 0. 1. 0. 0. 1. 0. 0. 0. 0. 1. 1. 0. 0. 0. 0. 0. 1. 1. 1. 0. 0. 0. 1. 0. 1. 0. 0. 0.],9.0,1000,100,0.01,0.0015,1,11,idID,,random,single_objective
541,0.17970178491605585,0.3773737483237173,0.0034364,[0.       0.       0.       0.       0.105728 0.       0.       0.105728 0.       0.       0.       0.       0.105728 0.105728 0.       0.       0.       0.       0.       0.105728 0.105728 0.105728 0.       0.       0.       0.105728 0.       0.154175 0.       0.       0.      ],[0. 0. 0. 0. 1. 0. 0. 1. 0. 0. 0. 0. 1. 1. 0. 0. 0. 0. 0. 1. 1. 1. 0. 0. 0. 1. 0. 1. 0. 0. 0.],9.0,1000,100,0.01,0.0015,1,11,idID,,random,single_objective
542,0.17970178491605585,0.3773737483237173,0.0034364,[0.       0.       0.       0.       0.105728 0.       0.       0.105728 0.       0.       0.       0.       0.105728 0.105728 0.       0.       0.       0.       0.       0.105728 0.105728 0.105728 0.       0.       0.       0.105728 0.       0.154175 0.       0.       0.      ],[0. 0. 0. 0. 1. 0. 0. 1. 0. 0. 0. 0. 1. 1. 0. 0. 0. 0. 0. 1. 1. 1. 0. 0. 0. 1. 0. 1. 0. 0. 0.],9.0,1000,100,0.01,0.0015,1,11,idID,,random,single_objective
543,0.17970178491605585,0.3773737483237173,0.0034364,[0.       0.       0.       0.       0.105728 0.       0.       0.105728 0.       0.       0.       0.       0.105728 0.105728 0.       0.       0.       0.       0.       0.105728 0.105728 0.105728 0.       0.       0.       0.105728 0.       0.154175 0.       0.       0.      ],[0. 0. 0. 0. 1. 0. 0. 1. 0. 0. 0. 0. 1. 1. 0. 0. 0. 0. 0. 1. 1. 1. 0. 0. 0. 1. 0. 1. 0. 0. 0.],9.0,1000,100,0.01,0.0015,1,11,idID,,random,single_objective
544,0.17970178491605585,0.3773737483237173,0.0034364,[0.       0.       0.       0.       0.105728 0.       0.       0.105728 0.       0.       0.       0.       0.105728 0.105728 0.       0.       0.       0.       0.       0.105728 0.105728 0.105728 0.       0.       0.       0.105728 0.       0.154175 0.       0.       0.      ],[0. 0. 0. 0. 1. 0. 0. 1. 0. 0. 0. 0. 1. 1. 0. 0. 0. 0. 0. 1. 1. 1. 0. 0. 0. 1. 0. 1. 0. 0. 0.],9.0,1000,100,0.01,0.0015,1,11,idID,,random,single_objective
545,0.17970178491605585,0.3773737483237173,0.0034364,[0.       0.       0.       0.       0.105728 0.       0.       0.105728 0.       0.       0.       0.       0.105728 0.105728 0.       0.       0.       0.       0.       0.105728 0.105728 0.105728 0.       0.       0.       0.105728 0.       0.154175 0.       0.       0.      ],[0. 0. 0. 0. 1. 0. 0. 1. 0. 0. 0. 0. 1. 1. 0. 0. 0. 0. 0. 1. 1. 1. 0. 0. 0. 1. 0. 1. 0. 0. 0.],9.0,1000,100,0.01,0.0015,1,11,idID,,random,single_objective
546,0.17970178491605585,0.3773737483237173,0.0034364,[0.       0.       0.       0.       0.105728 0.       0.       0.105728 0.       0.       0.       0.       0.105728 0.105728 0.       0.       0.       0.       0.       0.105728 0.105728 0.105728 0.       0.       0.       0.105728 0.       0.154175 0.       0.       0.      ],[0. 0. 0. 0. 1. 0. 0. 1. 0. 0. 0. 0. 1. 1. 0. 0. 0. 0. 0. 1. 1. 1. 0. 0. 0. 1. 0. 1. 0. 0. 0.],9.0,1000,100,0.01,0.0015,1,11,idID,,random,single_objective
547,0.17970178491605585,0.3773737483237173,0.0034364,[0.       0.       0.       0.       0.105728 0.       0.       0.105728 0.       0.       0.       0.       0.105728 0.105728 0.       0.       0.       0.       0.       0.105728 0.105728 0.105728 0.       0.       0.       0.105728 0.       0.154175 0.       0.       0.      ],[0. 0. 0. 0. 1. 0. 0. 1. 0. 0. 0. 0. 1. 1. 0. 0. 0. 0. 0. 1. 1. 1. 0. 0. 0. 1. 0. 1. 0. 0. 0.],9.0,1000,100,0.01,0.0015,1,11,idID,,random,single_objective
548,0.17970178491605585,0.3773737483237173,0.0034364,[0.       0.       0.       0.       0.105728 0.       0.       0.105728 0.       0.       0.       0.       0.105728 0.105728 0.       0.       0.       0.       0.       0.105728 0.105728 0.105728 0.       0.       0.       0.105728 0.       0.154175 0.       0.       0.      ],[0. 0. 0. 0. 1. 0. 0. 1. 0. 0. 0. 0. 1. 1. 0. 0. 0. 0. 0. 1. 1. 1. 0. 0. 0. 1. 0. 1. 0. 0. 0.],9.0,1000,100,0.01,0.0015,1,11,idID,,random,single_objective
549,0.17970178491605585,0.3773737483237173,0.0034364,[0.       0.       0.       0.       0.105728 0.       0.       0.105728 0.       0.       0.       0.       0.105728 0.105728 0.       0.       0.       0.       0.       0.105728 0.105728 0.105728 0.       0.       0.       0.105728 0.       0.154175 0.       0.       0.      ],[0. 0. 0. 0. 1. 0. 0. 1. 0. 0. 0. 0. 1. 1. 0. 0. 0. 0. 0. 1. 1. 1. 0. 0. 0. 1. 0. 1. 0. 0. 0.],9.0,1000,100,0.01,0.0015,1,11,idID,,random,single_objective
550,0.17970178491605585,0.3773737483237173,0.0034364,[0.       0.       0.       0.       0.105728 0.       0.       0.105728 0.       0.       0.       0.       0.105728 0.105728 0.       0.       0.       0.       0.       0.105728 0.105728 0.105728 0.       0.       0.       0.105728 0.       0.154175 0.       0.       0.      ],[0. 0. 0. 0. 1. 0. 0. 1. 0. 0. 0. 0. 1. 1. 0. 0. 0. 0. 0. 1. 1. 1. 0. 0. 0. 1. 0. 1. 0. 0. 0.],9.0,1000,100,0.01,0.0015,1,11,idID,,random,single_objective
551,0.17970178491605585,0.3773737483237173,0.0034364,[0.       0.       0.       0.       0.105728 0.       0.       0.105728 0.       0.       0.       0.       0.105728 0.105728 0.       0.       0.       0.       0.       0.105728 0.105728 0.105728 0.       0.       0.       0.105728 0.       0.154175 0.       0.       0.      ],[0. 0. 0. 0. 1. 0. 0. 1. 0. 0. 0. 0. 1. 1. 0. 0. 0. 0. 0. 1. 1. 1. 0. 0. 0. 1. 0. 1. 0. 0. 0.],9.0,1000,100,0.01,0.0015,1,11,idID,,random,single_objective
552,0.17970178491605585,0.3773737483237173,0.0034364,[0.       0.       0.       0.       0.105728 0.       0.       0.105728 0.       0.       0.       0.       0.105728 0.105728 0.       0.       0.       0.       0.       0.105728 0.105728 0.105728 0.       0.       0.       0.105728 0.       0.154175 0.       0.       0.      ],[0. 0. 0. 0. 1. 0. 0. 1. 0. 0. 0. 0. 1. 1. 0. 0. 0. 0. 0. 1. 1. 1. 0. 0. 0. 1. 0. 1. 0. 0. 0.],9.0,1000,100,0.01,0.0015,1,11,idID,,random,single_objective
553,0.17970178491605585,0.3773737483237173,0.0034364,[0.       0.       0.       0.       0.105728 0.       0.       0.105728 0.       0.       0.       0.       0.105728 0.105728 0.       0.       0.       0.       0.       0.105728 0.105728 0.105728 0.       0.       0.       0.105728 0.       0.154175 0.       0.       0.      ],[0. 0. 0. 0. 1. 0. 0. 1. 0. 0. 0. 0. 1. 1. 0. 0. 0. 0. 0. 1. 1. 1. 0. 0. 0. 1. 0. 1. 0. 0. 0.],9.0,1000,100,0.01,0.0015,1,11,idID,,random,single_objective
554,0.17970178491605585,0.3773737483237173,0.0034364,[0.       0.       0.       0.       0.105728 0.       0.       0.105728 0.       0.       0.       0.       0.105728 0.105728 0.       0.       0.       0.       0.       0.105728 0.105728 0.105728 0.       0.       0.       0.105728 0.       0.154175 0.       0.       0.      ],[0. 0. 0. 0. 1. 0. 0. 1. 0. 0. 0. 0. 1. 1. 0. 0. 0. 0. 0. 1. 1. 1. 0. 0. 0. 1. 0. 1. 0. 0. 0.],9.0,1000,100,0.01,0.0015,1,11,idID,,random,single_objective
555,0.17970178491605585,0.3773737483237173,0.0034364,[0.       0.       0.       0.       0.105728 0.       0.       0.105728 0.       0.       0.       0.       0.105728 0.105728 0.       0.       0.       0.       0.       0.105728 0.105728 0.105728 0.       0.       0.       0.105728 0.       0.154175 0.       0.       0.      ],[0. 0. 0. 0. 1. 0. 0. 1. 0. 0. 0. 0. 1. 1. 0. 0. 0. 0. 0. 1. 1. 1. 0. 0. 0. 1. 0. 1. 0. 0. 0.],9.0,1000,100,0.01,0.0015,1,11,idID,,random,single_objective
556,0.17970178491605585,0.3773737483237173,0.0034364,[0.       0.       0.       0.       0.105728 0.       0.       0.105728 0.       0.       0.       0.       0.105728 0.105728 0.       0.       0.       0.       0.       0.105728 0.105728 0.105728 0.       0.       0.       0.105728 0.       0.154175 0.       0.       0.      ],[0. 0. 0. 0. 1. 0. 0. 1. 0. 0. 0. 0. 1. 1. 0. 0. 0. 0. 0. 1. 1. 1. 0. 0. 0. 1. 0. 1. 0. 0. 0.],9.0,1000,100,0.01,0.0015,1,11,idID,,random,single_objective
557,0.17970178491605585,0.3773737483237173,0.0034364,[0.       0.       0.       0.       0.105728 0.       0.       0.105728 0.       0.       0.       0.       0.105728 0.105728 0.       0.       0.       0.       0.       0.105728 0.105728 0.105728 0.       0.       0.       0.105728 0.       0.154175 0.       0.       0.      ],[0. 0. 0. 0. 1. 0. 0. 1. 0. 0. 0. 0. 1. 1. 0. 0. 0. 0. 0. 1. 1. 1. 0. 0. 0. 1. 0. 1. 0. 0. 0.],9.0,1000,100,0.01,0.0015,1,11,idID,,random,single_objective
558,0.17970178491605585,0.3773737483237173,0.0034364,[0.       0.       0.       0.       0.105728 0.       0.       0.105728 0.       0.       0.       0.       0.105728 0.105728 0.       0.       0.       0.       0.       0.105728 0.105728 0.105728 0.       0.       0.       0.105728 0.       0.154175 0.       0.       0.      ],[0. 0. 0. 0. 1. 0. 0. 1. 0. 0. 0. 0. 1. 1. 0. 0. 0. 0. 0. 1. 1. 1. 0. 0. 0. 1. 0. 1. 0. 0. 0.],9.0,1000,100,0.01,0.0015,1,11,idID,,random,single_objective
559,0.17970178491605585,0.3773737483237173,0.0034364,[0.       0.       0.       0.       0.105728 0.       0.       0.105728 0.       0.       0.       0.       0.105728 0.105728 0.       0.       0.       0.       0.       0.105728 0.105728 0.105728 0.       0.       0.       0.105728 0.       0.154175 0.       0.       0.      ],[0. 0. 0. 0. 1. 0. 0. 1. 0. 0. 0. 0. 1. 1. 0. 0. 0. 0. 0. 1. 1. 1. 0. 0. 0. 1. 0. 1. 0. 0. 0.],9.0,1000,100,0.01,0.0015,1,11,idID,,random,single_objective
560,0.17970178491605585,0.3773737483237173,0.0034364,[0.       0.       0.       0.       0.105728 0.       0.       0.105728 0.       0.       0.       0.       0.105728 0.105728 0.       0.       0.       0.       0.       0.105728 0.105728 0.105728 0.       0.       0.       0.105728 0.       0.154175 0.       0.       0.      ],[0. 0. 0. 0. 1. 0. 0. 1. 0. 0. 0. 0. 1. 1. 0. 0. 0. 0. 0. 1. 1. 1. 0. 0. 0. 1. 0. 1. 0. 0. 0.],9.0,1000,100,0.01,0.0015,1,11,idID,,random,single_objective
561,0.17970178491605585,0.3773737483237173,0.0034364,[0.       0.       0.       0.       0.105728 0.       0.       0.105728 0.       0.       0.       0.       0.105728 0.105728 0.       0.       0.       0.       0.       0.105728 0.105728 0.105728 0.       0.       0.       0.105728 0.       0.154175 0.       0.       0.      ],[0. 0. 0. 0. 1. 0. 0. 1. 0. 0. 0. 0. 1. 1. 0. 0. 0. 0. 0. 1. 1. 1. 0. 0. 0. 1. 0. 1. 0. 0. 0.],9.0,1000,100,0.01,0.0015,1,11,idID,,random,single_objective
562,0.17970178491605585,0.3773737483237173,0.0034364,[0.       0.       0.       0.       0.105728 0.       0.       0.105728 0.       0.       0.       0.       0.105728 0.105728 0.       0.       0.       0.       0.       0.105728 0.105728 0.105728 0.       0.       0.       0.105728 0.       0.154175 0.       0.       0.      ],[0. 0. 0. 0. 1. 0. 0. 1. 0. 0. 0. 0. 1. 1. 0. 0. 0. 0. 0. 1. 1. 1. 0. 0. 0. 1. 0. 1. 0. 0. 0.],9.0,1000,100,0.01,0.0015,1,11,idID,,random,single_objective
563,0.17970178491605585,0.3773737483237173,0.0034364,[0.       0.       0.       0.       0.105728 0.       0.       0.105728 0.       0.       0.       0.       0.105728 0.105728 0.       0.       0.       0.       0.       0.105728 0.105728 0.105728 0.       0.       0.       0.105728 0.       0.154175 0.       0.       0.      ],[0. 0. 0. 0. 1. 0. 0. 1. 0. 0. 0. 0. 1. 1. 0. 0. 0. 0. 0. 1. 1. 1. 0. 0. 0. 1. 0. 1. 0. 0. 0.],9.0,1000,100,0.01,0.0015,1,11,idID,,random,single_objective
564,0.17970178491605585,0.3773737483237173,0.0034364,[0.       0.       0.       0.       0.105728 0.       0.       0.105728 0.       0.       0.       0.       0.105728 0.105728 0.       0.       0.       0.       0.       0.105728 0.105728 0.105728 0.       0.       0.       0.105728 0.       0.154175 0.       0.       0.      ],[0. 0. 0. 0. 1. 0. 0. 1. 0. 0. 0. 0. 1. 1. 0. 0. 0. 0. 0. 1. 1. 1. 0. 0. 0. 1. 0. 1. 0. 0. 0.],9.0,1000,100,0.01,0.0015,1,11,idID,,random,single_objective
565,0.17970178491605585,0.3773737483237173,0.0034364,[0.       0.       0.       0.       0.105728 0.       0.       0.105728 0.       0.       0.       0.       0.105728 0.105728 0.       0.       0.       0.       0.       0.105728 0.105728 0.105728 0.       0.       0.       0.105728 0.       0.154175 0.       0.       0.      ],[0. 0. 0. 0. 1. 0. 0. 1. 0. 0. 0. 0. 1. 1. 0. 0. 0. 0. 0. 1. 1. 1. 0. 0. 0. 1. 0. 1. 0. 0. 0.],9.0,1000,100,0.01,0.0015,1,11,idID,,random,single_objective
566,0.17970178491605585,0.3773737483237173,0.0034364,[0.       0.       0.       0.       0.105728 0.       0.       0.105728 0.       0.       0.       0.       0.105728 0.105728 0.       0.       0.       0.       0.       0.105728 0.105728 0.105728 0.       0.       0.       0.105728 0.       0.154175 0.       0.       0.      ],[0. 0. 0. 0. 1. 0. 0. 1. 0. 0. 0. 0. 1. 1. 0. 0. 0. 0. 0. 1. 1. 1. 0. 0. 0. 1. 0. 1. 0. 0. 0.],9.0,1000,100,0.01,0.0015,1,11,idID,,random,single_objective
567,0.17970178491605585,0.3773737483237173,0.0034364,[0.       0.       0.       0.       0.105728 0.       0.       0.105728 0.       0.       0.       0.       0.105728 0.105728 0.       0.       0.       0.       0.       0.105728 0.105728 0.105728 0.       0.       0.       0.105728 0.       0.154175 0.       0.       0.      ],[0. 0. 0. 0. 1. 0. 0. 1. 0. 0. 0. 0. 1. 1. 0. 0. 0. 0. 0. 1. 1. 1. 0. 0. 0. 1. 0. 1. 0. 0. 0.],9.0,1000,100,0.01,0.0015,1,11,idID,,random,single_objective
568,0.17970178491605585,0.3773737483237173,0.0034364,[0.       0.       0.       0.       0.105728 0.       0.       0.105728 0.       0.       0.       0.       0.105728 0.105728 0.       0.       0.       0.       0.       0.105728 0.105728 0.105728 0.       0.       0.       0.105728 0.       0.154175 0.       0.       0.      ],[0. 0. 0. 0. 1. 0. 0. 1. 0. 0. 0. 0. 1. 1. 0. 0. 0. 0. 0. 1. 1. 1. 0. 0. 0. 1. 0. 1. 0. 0. 0.],9.0,1000,100,0.01,0.0015,1,11,idID,,random,single_objective
569,0.17970178491605585,0.3773737483237173,0.0034364,[0.       0.       0.       0.       0.105728 0.       0.       0.105728 0.       0.       0.       0.       0.105728 0.105728 0.       0.       0.       0.       0.       0.105728 0.105728 0.105728 0.       0.       0.       0.105728 0.       0.154175 0.       0.       0.      ],[0. 0. 0. 0. 1. 0. 0. 1. 0. 0. 0. 0. 1. 1. 0. 0. 0. 0. 0. 1. 1. 1. 0. 0. 0. 1. 0. 1. 0. 0. 0.],9.0,1000,100,0.01,0.0015,1,11,idID,,random,single_objective
570,0.17970178491605585,0.3773737483237173,0.0034364,[0.       0.       0.       0.       0.105728 0.       0.       0.105728 0.       0.       0.       0.       0.105728 0.105728 0.       0.       0.       0.       0.       0.105728 0.105728 0.105728 0.       0.       0.       0.105728 0.       0.154175 0.       0.       0.      ],[0. 0. 0. 0. 1. 0. 0. 1. 0. 0. 0. 0. 1. 1. 0. 0. 0. 0. 0. 1. 1. 1. 0. 0. 0. 1. 0. 1. 0. 0. 0.],9.0,1000,100,0.01,0.0015,1,11,idID,,random,single_objective
571,0.17970178491605585,0.3773737483237173,0.0034364,[0.       0.       0.       0.       0.105728 0.       0.       0.105728 0.       0.       0.       0.       0.105728 0.105728 0.       0.       0.       0.       0.       0.105728 0.105728 0.105728 0.       0.       0.       0.105728 0.       0.154175 0.       0.       0.      ],[0. 0. 0. 0. 1. 0. 0. 1. 0. 0. 0. 0. 1. 1. 0. 0. 0. 0. 0. 1. 1. 1. 0. 0. 0. 1. 0. 1. 0. 0. 0.],9.0,1000,100,0.01,0.0015,1,11,idID,,random,single_objective
572,0.17970178491605585,0.3773737483237173,0.0034364,[0.       0.       0.       0.       0.105728 0.       0.       0.105728 0.       0.       0.       0.       0.105728 0.105728 0.       0.       0.       0.       0.       0.105728 0.105728 0.105728 0.       0.       0.       0.105728 0.       0.154175 0.       0.       0.      ],[0. 0. 0. 0. 1. 0. 0. 1. 0. 0. 0. 0. 1. 1. 0. 0. 0. 0. 0. 1. 1. 1. 0. 0. 0. 1. 0. 1. 0. 0. 0.],9.0,1000,100,0.01,0.0015,1,11,idID,,random,single_objective
573,0.17970178491605585,0.3773737483237173,0.0034364,[0.       0.       0.       0.       0.105728 0.       0.       0.105728 0.       0.       0.       0.       0.105728 0.105728 0.       0.       0.       0.       0.       0.105728 0.105728 0.105728 0.       0.       0.       0.105728 0.       0.154175 0.       0.       0.      ],[0. 0. 0. 0. 1. 0. 0. 1. 0. 0. 0. 0. 1. 1. 0. 0. 0. 0. 0. 1. 1. 1. 0. 0. 0. 1. 0. 1. 0. 0. 0.],9.0,1000,100,0.01,0.0015,1,11,idID,,random,single_objective
574,0.17970178491605585,0.3773737483237173,0.0034364,[0.       0.       0.       0.       0.105728 0.       0.       0.105728 0.       0.       0.       0.       0.105728 0.105728 0.       0.       0.       0.       0.       0.105728 0.105728 0.105728 0.       0.       0.       0.105728 0.       0.154175 0.       0.       0.      ],[0. 0. 0. 0. 1. 0. 0. 1. 0. 0. 0. 0. 1. 1. 0. 0. 0. 0. 0. 1. 1. 1. 0. 0. 0. 1. 0. 1. 0. 0. 0.],9.0,1000,100,0.01,0.0015,1,11,idID,,random,single_objective
575,0.17970178491605585,0.3773737483237173,0.0034364,[0.       0.       0.       0.       0.105728 0.       0.       0.105728 0.       0.       0.       0.       0.105728 0.105728 0.       0.       0.       0.       0.       0.105728 0.105728 0.105728 0.       0.       0.       0.105728 0.       0.154175 0.       0.       0.      ],[0. 0. 0. 0. 1. 0. 0. 1. 0. 0. 0. 0. 1. 1. 0. 0. 0. 0. 0. 1. 1. 1. 0. 0. 0. 1. 0. 1. 0. 0. 0.],9.0,1000,100,0.01,0.0015,1,11,idID,,random,single_objective
576,0.17970178491605585,0.3773737483237173,0.0034364,[0.       0.       0.       0.       0.105728 0.       0.       0.105728 0.       0.       0.       0.       0.105728 0.105728 0.       0.       0.       0.       0.       0.105728 0.105728 0.105728 0.       0.       0.       0.105728 0.       0.154175 0.       0.       0.      ],[0. 0. 0. 0. 1. 0. 0. 1. 0. 0. 0. 0. 1. 1. 0. 0. 0. 0. 0. 1. 1. 1. 0. 0. 0. 1. 0. 1. 0. 0. 0.],9.0,1000,100,0.01,0.0015,1,11,idID,,random,single_objective
577,0.17970178491605585,0.3773737483237173,0.0034364,[0.       0.       0.       0.       0.105728 0.       0.       0.105728 0.       0.       0.       0.       0.105728 0.105728 0.       0.       0.       0.       0.       0.105728 0.105728 0.105728 0.       0.       0.       0.105728 0.       0.154175 0.       0.       0.      ],[0. 0. 0. 0. 1. 0. 0. 1. 0. 0. 0. 0. 1. 1. 0. 0. 0. 0. 0. 1. 1. 1. 0. 0. 0. 1. 0. 1. 0. 0. 0.],9.0,1000,100,0.01,0.0015,1,11,idID,,random,single_objective
578,0.17970178491605585,0.3773737483237173,0.0034364,[0.       0.       0.       0.       0.105728 0.       0.       0.105728 0.       0.       0.       0.       0.105728 0.105728 0.       0.       0.       0.       0.       0.105728 0.105728 0.105728 0.       0.       0.       0.105728 0.       0.154175 0.       0.       0.      ],[0. 0. 0. 0. 1. 0. 0. 1. 0. 0. 0. 0. 1. 1. 0. 0. 0. 0. 0. 1. 1. 1. 0. 0. 0. 1. 0. 1. 0. 0. 0.],9.0,1000,100,0.01,0.0015,1,11,idID,,random,single_objective
579,0.17970178491605585,0.3773737483237173,0.0034364,[0.       0.       0.       0.       0.105728 0.       0.       0.105728 0.       0.       0.       0.       0.105728 0.105728 0.       0.       0.       0.       0.       0.105728 0.105728 0.105728 0.       0.       0.       0.105728 0.       0.154175 0.       0.       0.      ],[0. 0. 0. 0. 1. 0. 0. 1. 0. 0. 0. 0. 1. 1. 0. 0. 0. 0. 0. 1. 1. 1. 0. 0. 0. 1. 0. 1. 0. 0. 0.],9.0,1000,100,0.01,0.0015,1,11,idID,,random,single_objective
580,0.17970178491605585,0.3773737483237173,0.0034364,[0.       0.       0.       0.       0.105728 0.       0.       0.105728 0.       0.       0.       0.       0.105728 0.105728 0.       0.       0.       0.       0.       0.105728 0.105728 0.105728 0.       0.       0.       0.105728 0.       0.154175 0.       0.       0.      ],[0. 0. 0. 0. 1. 0. 0. 1. 0. 0. 0. 0. 1. 1. 0. 0. 0. 0. 0. 1. 1. 1. 0. 0. 0. 1. 0. 1. 0. 0. 0.],9.0,1000,100,0.01,0.0015,1,11,idID,,random,single_objective
581,0.17970178491605585,0.3773737483237173,0.0034364,[0.       0.       0.       0.       0.105728 0.       0.       0.105728 0.       0.       0.       0.       0.105728 0.105728 0.       0.       0.       0.       0.       0.105728 0.105728 0.105728 0.       0.       0.       0.105728 0.       0.154175 0.       0.       0.      ],[0. 0. 0. 0. 1. 0. 0. 1. 0. 0. 0. 0. 1. 1. 0. 0. 0. 0. 0. 1. 1. 1. 0. 0. 0. 1. 0. 1. 0. 0. 0.],9.0,1000,100,0.01,0.0015,1,11,idID,,random,single_objective
582,0.17970178491605585,0.3773737483237173,0.0034364,[0.       0.       0.       0.       0.105728 0.       0.       0.105728 0.       0.       0.       0.       0.105728 0.105728 0.       0.       0.       0.       0.       0.105728 0.105728 0.105728 0.       0.       0.       0.105728 0.       0.154175 0.       0.       0.      ],[0. 0. 0. 0. 1. 0. 0. 1. 0. 0. 0. 0. 1. 1. 0. 0. 0. 0. 0. 1. 1. 1. 0. 0. 0. 1. 0. 1. 0. 0. 0.],9.0,1000,100,0.01,0.0015,1,11,idID,,random,single_objective
583,0.17970178491605585,0.3773737483237173,0.0034364,[0.       0.       0.       0.       0.105728 0.       0.       0.105728 0.       0.       0.       0.       0.105728 0.105728 0.       0.       0.       0.       0.       0.105728 0.105728 0.105728 0.       0.       0.       0.105728 0.       0.154175 0.       0.       0.      ],[0. 0. 0. 0. 1. 0. 0. 1. 0. 0. 0. 0. 1. 1. 0. 0. 0. 0. 0. 1. 1. 1. 0. 0. 0. 1. 0. 1. 0. 0. 0.],9.0,1000,100,0.01,0.0015,1,11,idID,,random,single_objective
584,0.17970178491605585,0.3773737483237173,0.0034364,[0.       0.       0.       0.       0.105728 0.       0.       0.105728 0.       0.       0.       0.       0.105728 0.105728 0.       0.       0.       0.       0.       0.105728 0.105728 0.105728 0.       0.       0.       0.105728 0.       0.154175 0.       0.       0.      ],[0. 0. 0. 0. 1. 0. 0. 1. 0. 0. 0. 0. 1. 1. 0. 0. 0. 0. 0. 1. 1. 1. 0. 0. 0. 1. 0. 1. 0. 0. 0.],9.0,1000,100,0.01,0.0015,1,11,idID,,random,single_objective
585,0.17970178491605585,0.3773737483237173,0.0034364,[0.       0.       0.       0.       0.105728 0.       0.       0.105728 0.       0.       0.       0.       0.105728 0.105728 0.       0.       0.       0.       0.       0.105728 0.105728 0.105728 0.       0.       0.       0.105728 0.       0.154175 0.       0.       0.      ],[0. 0. 0. 0. 1. 0. 0. 1. 0. 0. 0. 0. 1. 1. 0. 0. 0. 0. 0. 1. 1. 1. 0. 0. 0. 1. 0. 1. 0. 0. 0.],9.0,1000,100,0.01,0.0015,1,11,idID,,random,single_objective
586,0.17970178491605585,0.3773737483237173,0.0034364,[0.       0.       0.       0.       0.105728 0.       0.       0.105728 0.       0.       0.       0.       0.105728 0.105728 0.       0.       0.       0.       0.       0.105728 0.105728 0.105728 0.       0.       0.       0.105728 0.       0.154175 0.       0.       0.      ],[0. 0. 0. 0. 1. 0. 0. 1. 0. 0. 0. 0. 1. 1. 0. 0. 0. 0. 0. 1. 1. 1. 0. 0. 0. 1. 0. 1. 0. 0. 0.],9.0,1000,100,0.01,0.0015,1,11,idID,,random,single_objective
587,0.17970178491605585,0.3773737483237173,0.0034364,[0.       0.       0.       0.       0.105728 0.       0.       0.105728 0.       0.       0.       0.       0.105728 0.105728 0.       0.       0.       0.       0.       0.105728 0.105728 0.105728 0.       0.       0.       0.105728 0.       0.154175 0.       0.       0.      ],[0. 0. 0. 0. 1. 0. 0. 1. 0. 0. 0. 0. 1. 1. 0. 0. 0. 0. 0. 1. 1. 1. 0. 0. 0. 1. 0. 1. 0. 0. 0.],9.0,1000,100,0.01,0.0015,1,11,idID,,random,single_objective
588,0.17970178491605585,0.3773737483237173,0.0034364,[0.       0.       0.       0.       0.105728 0.       0.       0.105728 0.       0.       0.       0.       0.105728 0.105728 0.       0.       0.       0.       0.       0.105728 0.105728 0.105728 0.       0.       0.       0.105728 0.       0.154175 0.       0.       0.      ],[0. 0. 0. 0. 1. 0. 0. 1. 0. 0. 0. 0. 1. 1. 0. 0. 0. 0. 0. 1. 1. 1. 0. 0. 0. 1. 0. 1. 0. 0. 0.],9.0,1000,100,0.01,0.0015,1,11,idID,,random,single_objective
589,0.17970178491605585,0.3773737483237173,0.0034364,[0.       0.       0.       0.       0.105728 0.       0.       0.105728 0.       0.       0.       0.       0.105728 0.105728 0.       0.       0.       0.       0.       0.105728 0.105728 0.105728 0.       0.       0.       0.105728 0.       0.154175 0.       0.       0.      ],[0. 0. 0. 0. 1. 0. 0. 1. 0. 0. 0. 0. 1. 1. 0. 0. 0. 0. 0. 1. 1. 1. 0. 0. 0. 1. 0. 1. 0. 0. 0.],9.0,1000,100,0.01,0.0015,1,11,idID,,random,single_objective
590,0.17970178491605585,0.3773737483237173,0.0034364,[0.       0.       0.       0.       0.105728 0.       0.       0.105728 0.       0.       0.       0.       0.105728 0.105728 0.       0.       0.       0.       0.       0.105728 0.105728 0.105728 0.       0.       0.       0.105728 0.       0.154175 0.       0.       0.      ],[0. 0. 0. 0. 1. 0. 0. 1. 0. 0. 0. 0. 1. 1. 0. 0. 0. 0. 0. 1. 1. 1. 0. 0. 0. 1. 0. 1. 0. 0. 0.],9.0,1000,100,0.01,0.0015,1,11,idID,,random,single_objective
591,0.17970178491605585,0.3773737483237173,0.0034364,[0.       0.       0.       0.       0.105728 0.       0.       0.105728 0.       0.       0.       0.       0.105728 0.105728 0.       0.       0.       0.       0.       0.105728 0.105728 0.105728 0.       0.       0.       0.105728 0.       0.154175 0.       0.       0.      ],[0. 0. 0. 0. 1. 0. 0. 1. 0. 0. 0. 0. 1. 1. 0. 0. 0. 0. 0. 1. 1. 1. 0. 0. 0. 1. 0. 1. 0. 0. 0.],9.0,1000,100,0.01,0.0015,1,11,idID,,random,single_objective
592,0.17970178491605585,0.3773737483237173,0.0034364,[0.       0.       0.       0.       0.105728 0.       0.       0.105728 0.       0.       0.       0.       0.105728 0.105728 0.       0.       0.       0.       0.       0.105728 0.105728 0.105728 0.       0.       0.       0.105728 0.       0.154175 0.       0.       0.      ],[0. 0. 0. 0. 1. 0. 0. 1. 0. 0. 0. 0. 1. 1. 0. 0. 0. 0. 0. 1. 1. 1. 0. 0. 0. 1. 0. 1. 0. 0. 0.],9.0,1000,100,0.01,0.0015,1,11,idID,,random,single_objective
593,0.17970178491605585,0.3773737483237173,0.0034364,[0.       0.       0.       0.       0.105728 0.       0.       0.105728 0.       0.       0.       0.       0.105728 0.105728 0.       0.       0.       0.       0.       0.105728 0.105728 0.105728 0.       0.       0.       0.105728 0.       0.154175 0.       0.       0.      ],[0. 0. 0. 0. 1. 0. 0. 1. 0. 0. 0. 0. 1. 1. 0. 0. 0. 0. 0. 1. 1. 1. 0. 0. 0. 1. 0. 1. 0. 0. 0.],9.0,1000,100,0.01,0.0015,1,11,idID,,random,single_objective
594,0.17970178491605585,0.3773737483237173,0.0034364,[0.       0.       0.       0.       0.105728 0.       0.       0.105728 0.       0.       0.       0.       0.105728 0.105728 0.       0.       0.       0.       0.       0.105728 0.105728 0.105728 0.       0.       0.       0.105728 0.       0.154175 0.       0.       0.      ],[0. 0. 0. 0. 1. 0. 0. 1. 0. 0. 0. 0. 1. 1. 0. 0. 0. 0. 0. 1. 1. 1. 0. 0. 0. 1. 0. 1. 0. 0. 0.],9.0,1000,100,0.01,0.0015,1,11,idID,,random,single_objective
595,0.17970178491605585,0.3773737483237173,0.0034364,[0.       0.       0.       0.       0.105728 0.       0.       0.105728 0.       0.       0.       0.       0.105728 0.105728 0.       0.       0.       0.       0.       0.105728 0.105728 0.105728 0.       0.       0.       0.105728 0.       0.154175 0.       0.       0.      ],[0. 0. 0. 0. 1. 0. 0. 1. 0. 0. 0. 0. 1. 1. 0. 0. 0. 0. 0. 1. 1. 1. 0. 0. 0. 1. 0. 1. 0. 0. 0.],9.0,1000,100,0.01,0.0015,1,11,idID,,random,single_objective
596,0.17970178491605585,0.3773737483237173,0.0034364,[0.       0.       0.       0.       0.105728 0.       0.       0.105728 0.       0.       0.       0.       0.105728 0.105728 0.       0.       0.       0.       0.       0.105728 0.105728 0.105728 0.       0.       0.       0.105728 0.       0.154175 0.       0.       0.      ],[0. 0. 0. 0. 1. 0. 0. 1. 0. 0. 0. 0. 1. 1. 0. 0. 0. 0. 0. 1. 1. 1. 0. 0. 0. 1. 0. 1. 0. 0. 0.],9.0,1000,100,0.01,0.0015,1,11,idID,,random,single_objective
597,0.17970178491605585,0.3773737483237173,0.0034364,[0.       0.       0.       0.       0.105728 0.       0.       0.105728 0.       0.       0.       0.       0.105728 0.105728 0.       0.       0.       0.       0.       0.105728 0.105728 0.105728 0.       0.       0.       0.105728 0.       0.154175 0.       0.       0.      ],[0. 0. 0. 0. 1. 0. 0. 1. 0. 0. 0. 0. 1. 1. 0. 0. 0. 0. 0. 1. 1. 1. 0. 0. 0. 1. 0. 1. 0. 0. 0.],9.0,1000,100,0.01,0.0015,1,11,idID,,random,single_objective
598,0.17970178491605585,0.3773737483237173,0.0034364,[0.       0.       0.       0.       0.105728 0.       0.       0.105728 0.       0.       0.       0.       0.105728 0.105728 0.       0.       0.       0.       0.       0.105728 0.105728 0.105728 0.       0.       0.       0.105728 0.       0.154175 0.       0.       0.      ],[0. 0. 0. 0. 1. 0. 0. 1. 0. 0. 0. 0. 1. 1. 0. 0. 0. 0. 0. 1. 1. 1. 0. 0. 0. 1. 0. 1. 0. 0. 0.],9.0,1000,100,0.01,0.0015,1,11,idID,,random,single_objective
599,0.17970178491605585,0.3773737483237173,0.0034364,[0.       0.       0.       0.       0.105728 0.       0.       0.105728 0.       0.       0.       0.       0.105728 0.105728 0.       0.       0.       0.       0.       0.105728 0.105728 0.105728 0.       0.       0.       0.105728 0.       0.154175 0.       0.       0.      ],[0. 0. 0. 0. 1. 0. 0. 1. 0. 0. 0. 0. 1. 1. 0. 0. 0. 0. 0. 1. 1. 1. 0. 0. 0. 1. 0. 1. 0. 0. 0.],9.0,1000,100,0.01,0.0015,1,11,idID,,random,single_objective
600,0.17970178491605585,0.3773737483237173,0.0034364,[0.       0.       0.       0.       0.105728 0.       0.       0.105728 0.       0.       0.       0.       0.105728 0.105728 0.       0.       0.       0.       0.       0.105728 0.105728 0.105728 0.       0.       0.       0.105728 0.       0.154175 0.       0.       0.      ],[0. 0. 0. 0. 1. 0. 0. 1. 0. 0. 0. 0. 1. 1. 0. 0. 0. 0. 0. 1. 1. 1. 0. 0. 0. 1. 0. 1. 0. 0. 0.],9.0,1000,100,0.01,0.0015,1,11,idID,,random,single_objective
601,0.17970178491605585,0.3773737483237173,0.0034364,[0.       0.       0.       0.       0.105728 0.       0.       0.105728 0.       0.       0.       0.       0.105728 0.105728 0.       0.       0.       0.       0.       0.105728 0.105728 0.105728 0.       0.       0.       0.105728 0.       0.154175 0.       0.       0.      ],[0. 0. 0. 0. 1. 0. 0. 1. 0. 0. 0. 0. 1. 1. 0. 0. 0. 0. 0. 1. 1. 1. 0. 0. 0. 1. 0. 1. 0. 0. 0.],9.0,1000,100,0.01,0.0015,1,11,idID,,random,single_objective
602,0.17970178491605585,0.3773737483237173,0.0034364,[0.       0.       0.       0.       0.105728 0.       0.       0.105728 0.       0.       0.       0.       0.105728 0.105728 0.       0.       0.       0.       0.       0.105728 0.105728 0.105728 0.       0.       0.       0.105728 0.       0.154175 0.       0.       0.      ],[0. 0. 0. 0. 1. 0. 0. 1. 0. 0. 0. 0. 1. 1. 0. 0. 0. 0. 0. 1. 1. 1. 0. 0. 0. 1. 0. 1. 0. 0. 0.],9.0,1000,100,0.01,0.0015,1,11,idID,,random,single_objective
603,0.17970178491605585,0.3773737483237173,0.0034364,[0.       0.       0.       0.       0.105728 0.       0.       0.105728 0.       0.       0.       0.       0.105728 0.105728 0.       0.       0.       0.       0.       0.105728 0.105728 0.105728 0.       0.       0.       0.105728 0.       0.154175 0.       0.       0.      ],[0. 0. 0. 0. 1. 0. 0. 1. 0. 0. 0. 0. 1. 1. 0. 0. 0. 0. 0. 1. 1. 1. 0. 0. 0. 1. 0. 1. 0. 0. 0.],9.0,1000,100,0.01,0.0015,1,11,idID,,random,single_objective
604,0.17970178491605585,0.3773737483237173,0.0034364,[0.       0.       0.       0.       0.105728 0.       0.       0.105728 0.       0.       0.       0.       0.105728 0.105728 0.       0.       0.       0.       0.       0.105728 0.105728 0.105728 0.       0.       0.       0.105728 0.       0.154175 0.       0.       0.      ],[0. 0. 0. 0. 1. 0. 0. 1. 0. 0. 0. 0. 1. 1. 0. 0. 0. 0. 0. 1. 1. 1. 0. 0. 0. 1. 0. 1. 0. 0. 0.],9.0,1000,100,0.01,0.0015,1,11,idID,,random,single_objective
605,0.17970178491605585,0.3773737483237173,0.0034364,[0.       0.       0.       0.       0.105728 0.       0.       0.105728 0.       0.       0.       0.       0.105728 0.105728 0.       0.       0.       0.       0.       0.105728 0.105728 0.105728 0.       0.       0.       0.105728 0.       0.154175 0.       0.       0.      ],[0. 0. 0. 0. 1. 0. 0. 1. 0. 0. 0. 0. 1. 1. 0. 0. 0. 0. 0. 1. 1. 1. 0. 0. 0. 1. 0. 1. 0. 0. 0.],9.0,1000,100,0.01,0.0015,1,11,idID,,random,single_objective
606,0.17970178491605585,0.3773737483237173,0.0034364,[0.       0.       0.       0.       0.105728 0.       0.       0.105728 0.       0.       0.       0.       0.105728 0.105728 0.       0.       0.       0.       0.       0.105728 0.105728 0.105728 0.       0.       0.       0.105728 0.       0.154175 0.       0.       0.      ],[0. 0. 0. 0. 1. 0. 0. 1. 0. 0. 0. 0. 1. 1. 0. 0. 0. 0. 0. 1. 1. 1. 0. 0. 0. 1. 0. 1. 0. 0. 0.],9.0,1000,100,0.01,0.0015,1,11,idID,,random,single_objective
607,0.17970178491605585,0.3773737483237173,0.0034364,[0.       0.       0.       0.       0.105728 0.       0.       0.105728 0.       0.       0.       0.       0.105728 0.105728 0.       0.       0.       0.       0.       0.105728 0.105728 0.105728 0.       0.       0.       0.105728 0.       0.154175 0.       0.       0.      ],[0. 0. 0. 0. 1. 0. 0. 1. 0. 0. 0. 0. 1. 1. 0. 0. 0. 0. 0. 1. 1. 1. 0. 0. 0. 1. 0. 1. 0. 0. 0.],9.0,1000,100,0.01,0.0015,1,11,idID,,random,single_objective
608,0.17970178491605585,0.3773737483237173,0.0034364,[0.       0.       0.       0.       0.105728 0.       0.       0.105728 0.       0.       0.       0.       0.105728 0.105728 0.       0.       0.       0.       0.       0.105728 0.105728 0.105728 0.       0.       0.       0.105728 0.       0.154175 0.       0.       0.      ],[0. 0. 0. 0. 1. 0. 0. 1. 0. 0. 0. 0. 1. 1. 0. 0. 0. 0. 0. 1. 1. 1. 0. 0. 0. 1. 0. 1. 0. 0. 0.],9.0,1000,100,0.01,0.0015,1,11,idID,,random,single_objective
609,0.17970178491605585,0.3773737483237173,0.0034364,[0.       0.       0.       0.       0.105728 0.       0.       0.105728 0.       0.       0.       0.       0.105728 0.105728 0.       0.       0.       0.       0.       0.105728 0.105728 0.105728 0.       0.       0.       0.105728 0.       0.154175 0.       0.       0.      ],[0. 0. 0. 0. 1. 0. 0. 1. 0. 0. 0. 0. 1. 1. 0. 0. 0. 0. 0. 1. 1. 1. 0. 0. 0. 1. 0. 1. 0. 0. 0.],9.0,1000,100,0.01,0.0015,1,11,idID,,random,single_objective
610,0.17970178491605585,0.3773737483237173,0.0034364,[0.       0.       0.       0.       0.105728 0.       0.       0.105728 0.       0.       0.       0.       0.105728 0.105728 0.       0.       0.       0.       0.       0.105728 0.105728 0.105728 0.       0.       0.       0.105728 0.       0.154175 0.       0.       0.      ],[0. 0. 0. 0. 1. 0. 0. 1. 0. 0. 0. 0. 1. 1. 0. 0. 0. 0. 0. 1. 1. 1. 0. 0. 0. 1. 0. 1. 0. 0. 0.],9.0,1000,100,0.01,0.0015,1,11,idID,,random,single_objective
611,0.17970178491605585,0.3773737483237173,0.0034364,[0.       0.       0.       0.       0.105728 0.       0.       0.105728 0.       0.       0.       0.       0.105728 0.105728 0.       0.       0.       0.       0.       0.105728 0.105728 0.105728 0.       0.       0.       0.105728 0.       0.154175 0.       0.       0.      ],[0. 0. 0. 0. 1. 0. 0. 1. 0. 0. 0. 0. 1. 1. 0. 0. 0. 0. 0. 1. 1. 1. 0. 0. 0. 1. 0. 1. 0. 0. 0.],9.0,1000,100,0.01,0.0015,1,11,idID,,random,single_objective
612,0.17970178491605585,0.3773737483237173,0.0034364,[0.       0.       0.       0.       0.105728 0.       0.       0.105728 0.       0.       0.       0.       0.105728 0.105728 0.       0.       0.       0.       0.       0.105728 0.105728 0.105728 0.       0.       0.       0.105728 0.       0.154175 0.       0.       0.      ],[0. 0. 0. 0. 1. 0. 0. 1. 0. 0. 0. 0. 1. 1. 0. 0. 0. 0. 0. 1. 1. 1. 0. 0. 0. 1. 0. 1. 0. 0. 0.],9.0,1000,100,0.01,0.0015,1,11,idID,,random,single_objective
613,0.17970178491605585,0.3773737483237173,0.0034364,[0.       0.       0.       0.       0.105728 0.       0.       0.105728 0.       0.       0.       0.       0.105728 0.105728 0.       0.       0.       0.       0.       0.105728 0.105728 0.105728 0.       0.       0.       0.105728 0.       0.154175 0.       0.       0.      ],[0. 0. 0. 0. 1. 0. 0. 1. 0. 0. 0. 0. 1. 1. 0. 0. 0. 0. 0. 1. 1. 1. 0. 0. 0. 1. 0. 1. 0. 0. 0.],9.0,1000,100,0.01,0.0015,1,11,idID,,random,single_objective
614,0.17970178491605585,0.3773737483237173,0.0034364,[0.       0.       0.       0.       0.105728 0.       0.       0.105728 0.       0.       0.       0.       0.105728 0.105728 0.       0.       0.       0.       0.       0.105728 0.105728 0.105728 0.       0.       0.       0.105728 0.       0.154175 0.       0.       0.      ],[0. 0. 0. 0. 1. 0. 0. 1. 0. 0. 0. 0. 1. 1. 0. 0. 0. 0. 0. 1. 1. 1. 0. 0. 0. 1. 0. 1. 0. 0. 0.],9.0,1000,100,0.01,0.0015,1,11,idID,,random,single_objective
615,0.17970178491605585,0.3773737483237173,0.0034364,[0.       0.       0.       0.       0.105728 0.       0.       0.105728 0.       0.       0.       0.       0.105728 0.105728 0.       0.       0.       0.       0.       0.105728 0.105728 0.105728 0.       0.       0.       0.105728 0.       0.154175 0.       0.       0.      ],[0. 0. 0. 0. 1. 0. 0. 1. 0. 0. 0. 0. 1. 1. 0. 0. 0. 0. 0. 1. 1. 1. 0. 0. 0. 1. 0. 1. 0. 0. 0.],9.0,1000,100,0.01,0.0015,1,11,idID,,random,single_objective
616,0.17970178491605585,0.3773737483237173,0.0034364,[0.       0.       0.       0.       0.105728 0.       0.       0.105728 0.       0.       0.       0.       0.105728 0.105728 0.       0.       0.       0.       0.       0.105728 0.105728 0.105728 0.       0.       0.       0.105728 0.       0.154175 0.       0.       0.      ],[0. 0. 0. 0. 1. 0. 0. 1. 0. 0. 0. 0. 1. 1. 0. 0. 0. 0. 0. 1. 1. 1. 0. 0. 0. 1. 0. 1. 0. 0. 0.],9.0,1000,100,0.01,0.0015,1,11,idID,,random,single_objective
617,0.17970178491605585,0.3773737483237173,0.0034364,[0.       0.       0.       0.       0.105728 0.       0.       0.105728 0.       0.       0.       0.       0.105728 0.105728 0.       0.       0.       0.       0.       0.105728 0.105728 0.105728 0.       0.       0.       0.105728 0.       0.154175 0.       0.       0.      ],[0. 0. 0. 0. 1. 0. 0. 1. 0. 0. 0. 0. 1. 1. 0. 0. 0. 0. 0. 1. 1. 1. 0. 0. 0. 1. 0. 1. 0. 0. 0.],9.0,1000,100,0.01,0.0015,1,11,idID,,random,single_objective
618,0.17970178491605585,0.3773737483237173,0.0034364,[0.       0.       0.       0.       0.105728 0.       0.       0.105728 0.       0.       0.       0.       0.105728 0.105728 0.       0.       0.       0.       0.       0.105728 0.105728 0.105728 0.       0.       0.       0.105728 0.       0.154175 0.       0.       0.      ],[0. 0. 0. 0. 1. 0. 0. 1. 0. 0. 0. 0. 1. 1. 0. 0. 0. 0. 0. 1. 1. 1. 0. 0. 0. 1. 0. 1. 0. 0. 0.],9.0,1000,100,0.01,0.0015,1,11,idID,,random,single_objective
619,0.17970178491605585,0.3773737483237173,0.0034364,[0.       0.       0.       0.       0.105728 0.       0.       0.105728 0.       0.       0.       0.       0.105728 0.105728 0.       0.       0.       0.       0.       0.105728 0.105728 0.105728 0.       0.       0.       0.105728 0.       0.154175 0.       0.       0.      ],[0. 0. 0. 0. 1. 0. 0. 1. 0. 0. 0. 0. 1. 1. 0. 0. 0. 0. 0. 1. 1. 1. 0. 0. 0. 1. 0. 1. 0. 0. 0.],9.0,1000,100,0.01,0.0015,1,11,idID,,random,single_objective
620,0.17970178491605585,0.3773737483237173,0.0034364,[0.       0.       0.       0.       0.105728 0.       0.       0.105728 0.       0.       0.       0.       0.105728 0.105728 0.       0.       0.       0.       0.       0.105728 0.105728 0.105728 0.       0.       0.       0.105728 0.       0.154175 0.       0.       0.      ],[0. 0. 0. 0. 1. 0. 0. 1. 0. 0. 0. 0. 1. 1. 0. 0. 0. 0. 0. 1. 1. 1. 0. 0. 0. 1. 0. 1. 0. 0. 0.],9.0,1000,100,0.01,0.0015,1,11,idID,,random,single_objective
621,0.17970178491605585,0.3773737483237173,0.0034364,[0.       0.       0.       0.       0.105728 0.       0.       0.105728 0.       0.       0.       0.       0.105728 0.105728 0.       0.       0.       0.       0.       0.105728 0.105728 0.105728 0.       0.       0.       0.105728 0.       0.154175 0.       0.       0.      ],[0. 0. 0. 0. 1. 0. 0. 1. 0. 0. 0. 0. 1. 1. 0. 0. 0. 0. 0. 1. 1. 1. 0. 0. 0. 1. 0. 1. 0. 0. 0.],9.0,1000,100,0.01,0.0015,1,11,idID,,random,single_objective
622,0.17970178491605585,0.3773737483237173,0.0034364,[0.       0.       0.       0.       0.105728 0.       0.       0.105728 0.       0.       0.       0.       0.105728 0.105728 0.       0.       0.       0.       0.       0.105728 0.105728 0.105728 0.       0.       0.       0.105728 0.       0.154175 0.       0.       0.      ],[0. 0. 0. 0. 1. 0. 0. 1. 0. 0. 0. 0. 1. 1. 0. 0. 0. 0. 0. 1. 1. 1. 0. 0. 0. 1. 0. 1. 0. 0. 0.],9.0,1000,100,0.01,0.0015,1,11,idID,,random,single_objective
623,0.17970178491605585,0.3773737483237173,0.0034364,[0.       0.       0.       0.       0.105728 0.       0.       0.105728 0.       0.       0.       0.       0.105728 0.105728 0.       0.       0.       0.       0.       0.105728 0.105728 0.105728 0.       0.       0.       0.105728 0.       0.154175 0.       0.       0.      ],[0. 0. 0. 0. 1. 0. 0. 1. 0. 0. 0. 0. 1. 1. 0. 0. 0. 0. 0. 1. 1. 1. 0. 0. 0. 1. 0. 1. 0. 0. 0.],9.0,1000,100,0.01,0.0015,1,11,idID,,random,single_objective
624,0.17970178491605585,0.3773737483237173,0.0034364,[0.       0.       0.       0.       0.105728 0.       0.       0.105728 0.       0.       0.       0.       0.105728 0.105728 0.       0.       0.       0.       0.       0.105728 0.105728 0.105728 0.       0.       0.       0.105728 0.       0.154175 0.       0.       0.      ],[0. 0. 0. 0. 1. 0. 0. 1. 0. 0. 0. 0. 1. 1. 0. 0. 0. 0. 0. 1. 1. 1. 0. 0. 0. 1. 0. 1. 0. 0. 0.],9.0,1000,100,0.01,0.0015,1,11,idID,,random,single_objective
625,0.17970178491605585,0.3773737483237173,0.0034364,[0.       0.       0.       0.       0.105728 0.       0.       0.105728 0.       0.       0.       0.       0.105728 0.105728 0.       0.       0.       0.       0.       0.105728 0.105728 0.105728 0.       0.       0.       0.105728 0.       0.154175 0.       0.       0.      ],[0. 0. 0. 0. 1. 0. 0. 1. 0. 0. 0. 0. 1. 1. 0. 0. 0. 0. 0. 1. 1. 1. 0. 0. 0. 1. 0. 1. 0. 0. 0.],9.0,1000,100,0.01,0.0015,1,11,idID,,random,single_objective
626,0.17970178491605585,0.3773737483237173,0.0034364,[0.       0.       0.       0.       0.105728 0.       0.       0.105728 0.       0.       0.       0.       0.105728 0.105728 0.       0.       0.       0.       0.       0.105728 0.105728 0.105728 0.       0.       0.       0.105728 0.       0.154175 0.       0.       0.      ],[0. 0. 0. 0. 1. 0. 0. 1. 0. 0. 0. 0. 1. 1. 0. 0. 0. 0. 0. 1. 1. 1. 0. 0. 0. 1. 0. 1. 0. 0. 0.],9.0,1000,100,0.01,0.0015,1,11,idID,,random,single_objective
627,0.17970178491605585,0.3773737483237173,0.0034364,[0.       0.       0.       0.       0.105728 0.       0.       0.105728 0.       0.       0.       0.       0.105728 0.105728 0.       0.       0.       0.       0.       0.105728 0.105728 0.105728 0.       0.       0.       0.105728 0.       0.154175 0.       0.       0.      ],[0. 0. 0. 0. 1. 0. 0. 1. 0. 0. 0. 0. 1. 1. 0. 0. 0. 0. 0. 1. 1. 1. 0. 0. 0. 1. 0. 1. 0. 0. 0.],9.0,1000,100,0.01,0.0015,1,11,idID,,random,single_objective
628,0.17970178491605585,0.3773737483237173,0.0034364,[0.       0.       0.       0.       0.105728 0.       0.       0.105728 0.       0.       0.       0.       0.105728 0.105728 0.       0.       0.       0.       0.       0.105728 0.105728 0.105728 0.       0.       0.       0.105728 0.       0.154175 0.       0.       0.      ],[0. 0. 0. 0. 1. 0. 0. 1. 0. 0. 0. 0. 1. 1. 0. 0. 0. 0. 0. 1. 1. 1. 0. 0. 0. 1. 0. 1. 0. 0. 0.],9.0,1000,100,0.01,0.0015,1,11,idID,,random,single_objective
629,0.17970178491605585,0.3773737483237173,0.0034364,[0.       0.       0.       0.       0.105728 0.       0.       0.105728 0.       0.       0.       0.       0.105728 0.105728 0.       0.       0.       0.       0.       0.105728 0.105728 0.105728 0.       0.       0.       0.105728 0.       0.154175 0.       0.       0.      ],[0. 0. 0. 0. 1. 0. 0. 1. 0. 0. 0. 0. 1. 1. 0. 0. 0. 0. 0. 1. 1. 1. 0. 0. 0. 1. 0. 1. 0. 0. 0.],9.0,1000,100,0.01,0.0015,1,11,idID,,random,single_objective
630,0.17970178491605585,0.3773737483237173,0.0034364,[0.       0.       0.       0.       0.105728 0.       0.       0.105728 0.       0.       0.       0.       0.105728 0.105728 0.       0.       0.       0.       0.       0.105728 0.105728 0.105728 0.       0.       0.       0.105728 0.       0.154175 0.       0.       0.      ],[0. 0. 0. 0. 1. 0. 0. 1. 0. 0. 0. 0. 1. 1. 0. 0. 0. 0. 0. 1. 1. 1. 0. 0. 0. 1. 0. 1. 0. 0. 0.],9.0,1000,100,0.01,0.0015,1,11,idID,,random,single_objective
631,0.17970178491605585,0.3773737483237173,0.0034364,[0.       0.       0.       0.       0.105728 0.       0.       0.105728 0.       0.       0.       0.       0.105728 0.105728 0.       0.       0.       0.       0.       0.105728 0.105728 0.105728 0.       0.       0.       0.105728 0.       0.154175 0.       0.       0.      ],[0. 0. 0. 0. 1. 0. 0. 1. 0. 0. 0. 0. 1. 1. 0. 0. 0. 0. 0. 1. 1. 1. 0. 0. 0. 1. 0. 1. 0. 0. 0.],9.0,1000,100,0.01,0.0015,1,11,idID,,random,single_objective
632,0.17970178491605585,0.3773737483237173,0.0034364,[0.       0.       0.       0.       0.105728 0.       0.       0.105728 0.       0.       0.       0.       0.105728 0.105728 0.       0.       0.       0.       0.       0.105728 0.105728 0.105728 0.       0.       0.       0.105728 0.       0.154175 0.       0.       0.      ],[0. 0. 0. 0. 1. 0. 0. 1. 0. 0. 0. 0. 1. 1. 0. 0. 0. 0. 0. 1. 1. 1. 0. 0. 0. 1. 0. 1. 0. 0. 0.],9.0,1000,100,0.01,0.0015,1,11,idID,,random,single_objective
633,0.17970178491605585,0.3773737483237173,0.0034364,[0.       0.       0.       0.       0.105728 0.       0.       0.105728 0.       0.       0.       0.       0.105728 0.105728 0.       0.       0.       0.       0.       0.105728 0.105728 0.105728 0.       0.       0.       0.105728 0.       0.154175 0.       0.       0.      ],[0. 0. 0. 0. 1. 0. 0. 1. 0. 0. 0. 0. 1. 1. 0. 0. 0. 0. 0. 1. 1. 1. 0. 0. 0. 1. 0. 1. 0. 0. 0.],9.0,1000,100,0.01,0.0015,1,11,idID,,random,single_objective
634,0.17970178491605585,0.3773737483237173,0.0034364,[0.       0.       0.       0.       0.105728 0.       0.       0.105728 0.       0.       0.       0.       0.105728 0.105728 0.       0.       0.       0.       0.       0.105728 0.105728 0.105728 0.       0.       0.       0.105728 0.       0.154175 0.       0.       0.      ],[0. 0. 0. 0. 1. 0. 0. 1. 0. 0. 0. 0. 1. 1. 0. 0. 0. 0. 0. 1. 1. 1. 0. 0. 0. 1. 0. 1. 0. 0. 0.],9.0,1000,100,0.01,0.0015,1,11,idID,,random,single_objective
635,0.17970178491605585,0.3773737483237173,0.0034364,[0.       0.       0.       0.       0.105728 0.       0.       0.105728 0.       0.       0.       0.       0.105728 0.105728 0.       0.       0.       0.       0.       0.105728 0.105728 0.105728 0.       0.       0.       0.105728 0.       0.154175 0.       0.       0.      ],[0. 0. 0. 0. 1. 0. 0. 1. 0. 0. 0. 0. 1. 1. 0. 0. 0. 0. 0. 1. 1. 1. 0. 0. 0. 1. 0. 1. 0. 0. 0.],9.0,1000,100,0.01,0.0015,1,11,idID,,random,single_objective
636,0.17970178491605585,0.3773737483237173,0.0034364,[0.       0.       0.       0.       0.105728 0.       0.       0.105728 0.       0.       0.       0.       0.105728 0.105728 0.       0.       0.       0.       0.       0.105728 0.105728 0.105728 0.       0.       0.       0.105728 0.       0.154175 0.       0.       0.      ],[0. 0. 0. 0. 1. 0. 0. 1. 0. 0. 0. 0. 1. 1. 0. 0. 0. 0. 0. 1. 1. 1. 0. 0. 0. 1. 0. 1. 0. 0. 0.],9.0,1000,100,0.01,0.0015,1,11,idID,,random,single_objective
637,0.17970178491605585,0.3773737483237173,0.0034364,[0.       0.       0.       0.       0.105728 0.       0.       0.105728 0.       0.       0.       0.       0.105728 0.105728 0.       0.       0.       0.       0.       0.105728 0.105728 0.105728 0.       0.       0.       0.105728 0.       0.154175 0.       0.       0.      ],[0. 0. 0. 0. 1. 0. 0. 1. 0. 0. 0. 0. 1. 1. 0. 0. 0. 0. 0. 1. 1. 1. 0. 0. 0. 1. 0. 1. 0. 0. 0.],9.0,1000,100,0.01,0.0015,1,11,idID,,random,single_objective
638,0.17970178491605585,0.3773737483237173,0.0034364,[0.       0.       0.       0.       0.105728 0.       0.       0.105728 0.       0.       0.       0.       0.105728 0.105728 0.       0.       0.       0.       0.       0.105728 0.105728 0.105728 0.       0.       0.       0.105728 0.       0.154175 0.       0.       0.      ],[0. 0. 0. 0. 1. 0. 0. 1. 0. 0. 0. 0. 1. 1. 0. 0. 0. 0. 0. 1. 1. 1. 0. 0. 0. 1. 0. 1. 0. 0. 0.],9.0,1000,100,0.01,0.0015,1,11,idID,,random,single_objective
639,0.17970178491605585,0.3773737483237173,0.0034364,[0.       0.       0.       0.       0.105728 0.       0.       0.105728 0.       0.       0.       0.       0.105728 0.105728 0.       0.       0.       0.       0.       0.105728 0.105728 0.105728 0.       0.       0.       0.105728 0.       0.154175 0.       0.       0.      ],[0. 0. 0. 0. 1. 0. 0. 1. 0. 0. 0. 0. 1. 1. 0. 0. 0. 0. 0. 1. 1. 1. 0. 0. 0. 1. 0. 1. 0. 0. 0.],9.0,1000,100,0.01,0.0015,1,11,idID,,random,single_objective
640,0.17970178491605585,0.3773737483237173,0.0034364,[0.       0.       0.       0.       0.105728 0.       0.       0.105728 0.       0.       0.       0.       0.105728 0.105728 0.       0.       0.       0.       0.       0.105728 0.105728 0.105728 0.       0.       0.       0.105728 0.       0.154175 0.       0.       0.      ],[0. 0. 0. 0. 1. 0. 0. 1. 0. 0. 0. 0. 1. 1. 0. 0. 0. 0. 0. 1. 1. 1. 0. 0. 0. 1. 0. 1. 0. 0. 0.],9.0,1000,100,0.01,0.0015,1,11,idID,,random,single_objective
641,0.17970178491605585,0.3773737483237173,0.0034364,[0.       0.       0.       0.       0.105728 0.       0.       0.105728 0.       0.       0.       0.       0.105728 0.105728 0.       0.       0.       0.       0.       0.105728 0.105728 0.105728 0.       0.       0.       0.105728 0.       0.154175 0.       0.       0.      ],[0. 0. 0. 0. 1. 0. 0. 1. 0. 0. 0. 0. 1. 1. 0. 0. 0. 0. 0. 1. 1. 1. 0. 0. 0. 1. 0. 1. 0. 0. 0.],9.0,1000,100,0.01,0.0015,1,11,idID,,random,single_objective
642,0.17970178491605585,0.3773737483237173,0.0034364,[0.       0.       0.       0.       0.105728 0.       0.       0.105728 0.       0.       0.       0.       0.105728 0.105728 0.       0.       0.       0.       0.       0.105728 0.105728 0.105728 0.       0.       0.       0.105728 0.       0.154175 0.       0.       0.      ],[0. 0. 0. 0. 1. 0. 0. 1. 0. 0. 0. 0. 1. 1. 0. 0. 0. 0. 0. 1. 1. 1. 0. 0. 0. 1. 0. 1. 0. 0. 0.],9.0,1000,100,0.01,0.0015,1,11,idID,,random,single_objective
643,0.17970178491605585,0.3773737483237173,0.0034364,[0.       0.       0.       0.       0.105728 0.       0.       0.105728 0.       0.       0.       0.       0.105728 0.105728 0.       0.       0.       0.       0.       0.105728 0.105728 0.105728 0.       0.       0.       0.105728 0.       0.154175 0.       0.       0.      ],[0. 0. 0. 0. 1. 0. 0. 1. 0. 0. 0. 0. 1. 1. 0. 0. 0. 0. 0. 1. 1. 1. 0. 0. 0. 1. 0. 1. 0. 0. 0.],9.0,1000,100,0.01,0.0015,1,11,idID,,random,single_objective
644,0.17970178491605585,0.3773737483237173,0.0034364,[0.       0.       0.       0.       0.105728 0.       0.       0.105728 0.       0.       0.       0.       0.105728 0.105728 0.       0.       0.       0.       0.       0.105728 0.105728 0.105728 0.       0.       0.       0.105728 0.       0.154175 0.       0.       0.      ],[0. 0. 0. 0. 1. 0. 0. 1. 0. 0. 0. 0. 1. 1. 0. 0. 0. 0. 0. 1. 1. 1. 0. 0. 0. 1. 0. 1. 0. 0. 0.],9.0,1000,100,0.01,0.0015,1,11,idID,,random,single_objective
645,0.17970178491605585,0.3773737483237173,0.0034364,[0.       0.       0.       0.       0.105728 0.       0.       0.105728 0.       0.       0.       0.       0.105728 0.105728 0.       0.       0.       0.       0.       0.105728 0.105728 0.105728 0.       0.       0.       0.105728 0.       0.154175 0.       0.       0.      ],[0. 0. 0. 0. 1. 0. 0. 1. 0. 0. 0. 0. 1. 1. 0. 0. 0. 0. 0. 1. 1. 1. 0. 0. 0. 1. 0. 1. 0. 0. 0.],9.0,1000,100,0.01,0.0015,1,11,idID,,random,single_objective
646,0.17970178491605585,0.3773737483237173,0.0034364,[0.       0.       0.       0.       0.105728 0.       0.       0.105728 0.       0.       0.       0.       0.105728 0.105728 0.       0.       0.       0.       0.       0.105728 0.105728 0.105728 0.       0.       0.       0.105728 0.       0.154175 0.       0.       0.      ],[0. 0. 0. 0. 1. 0. 0. 1. 0. 0. 0. 0. 1. 1. 0. 0. 0. 0. 0. 1. 1. 1. 0. 0. 0. 1. 0. 1. 0. 0. 0.],9.0,1000,100,0.01,0.0015,1,11,idID,,random,single_objective
647,0.17970178491605585,0.3773737483237173,0.0034364,[0.       0.       0.       0.       0.105728 0.       0.       0.105728 0.       0.       0.       0.       0.105728 0.105728 0.       0.       0.       0.       0.       0.105728 0.105728 0.105728 0.       0.       0.       0.105728 0.       0.154175 0.       0.       0.      ],[0. 0. 0. 0. 1. 0. 0. 1. 0. 0. 0. 0. 1. 1. 0. 0. 0. 0. 0. 1. 1. 1. 0. 0. 0. 1. 0. 1. 0. 0. 0.],9.0,1000,100,0.01,0.0015,1,11,idID,,random,single_objective
648,0.17970178491605585,0.3773737483237173,0.0034364,[0.       0.       0.       0.       0.105728 0.       0.       0.105728 0.       0.       0.       0.       0.105728 0.105728 0.       0.       0.       0.       0.       0.105728 0.105728 0.105728 0.       0.       0.       0.105728 0.       0.154175 0.       0.       0.      ],[0. 0. 0. 0. 1. 0. 0. 1. 0. 0. 0. 0. 1. 1. 0. 0. 0. 0. 0. 1. 1. 1. 0. 0. 0. 1. 0. 1. 0. 0. 0.],9.0,1000,100,0.01,0.0015,1,11,idID,,random,single_objective
649,0.17970178491605585,0.3773737483237173,0.0034364,[0.       0.       0.       0.       0.105728 0.       0.       0.105728 0.       0.       0.       0.       0.105728 0.105728 0.       0.       0.       0.       0.       0.105728 0.105728 0.105728 0.       0.       0.       0.105728 0.       0.154175 0.       0.       0.      ],[0. 0. 0. 0. 1. 0. 0. 1. 0. 0. 0. 0. 1. 1. 0. 0. 0. 0. 0. 1. 1. 1. 0. 0. 0. 1. 0. 1. 0. 0. 0.],9.0,1000,100,0.01,0.0015,1,11,idID,,random,single_objective
650,0.17970178491605585,0.3773737483237173,0.0034364,[0.       0.       0.       0.       0.105728 0.       0.       0.105728 0.       0.       0.       0.       0.105728 0.105728 0.       0.       0.       0.       0.       0.105728 0.105728 0.105728 0.       0.       0.       0.105728 0.       0.154175 0.       0.       0.      ],[0. 0. 0. 0. 1. 0. 0. 1. 0. 0. 0. 0. 1. 1. 0. 0. 0. 0. 0. 1. 1. 1. 0. 0. 0. 1. 0. 1. 0. 0. 0.],9.0,1000,100,0.01,0.0015,1,11,idID,,random,single_objective
651,0.17970178491605585,0.3773737483237173,0.0034364,[0.       0.       0.       0.       0.105728 0.       0.       0.105728 0.       0.       0.       0.       0.105728 0.105728 0.       0.       0.       0.       0.       0.105728 0.105728 0.105728 0.       0.       0.       0.105728 0.       0.154175 0.       0.       0.      ],[0. 0. 0. 0. 1. 0. 0. 1. 0. 0. 0. 0. 1. 1. 0. 0. 0. 0. 0. 1. 1. 1. 0. 0. 0. 1. 0. 1. 0. 0. 0.],9.0,1000,100,0.01,0.0015,1,11,idID,,random,single_objective
652,0.17970178491605585,0.3773737483237173,0.0034364,[0.       0.       0.       0.       0.105728 0.       0.       0.105728 0.       0.       0.       0.       0.105728 0.105728 0.       0.       0.       0.       0.       0.105728 0.105728 0.105728 0.       0.       0.       0.105728 0.       0.154175 0.       0.       0.      ],[0. 0. 0. 0. 1. 0. 0. 1. 0. 0. 0. 0. 1. 1. 0. 0. 0. 0. 0. 1. 1. 1. 0. 0. 0. 1. 0. 1. 0. 0. 0.],9.0,1000,100,0.01,0.0015,1,11,idID,,random,single_objective
653,0.17970178491605585,0.3773737483237173,0.0034364,[0.       0.       0.       0.       0.105728 0.       0.       0.105728 0.       0.       0.       0.       0.105728 0.105728 0.       0.       0.       0.       0.       0.105728 0.105728 0.105728 0.       0.       0.       0.105728 0.       0.154175 0.       0.       0.      ],[0. 0. 0. 0. 1. 0. 0. 1. 0. 0. 0. 0. 1. 1. 0. 0. 0. 0. 0. 1. 1. 1. 0. 0. 0. 1. 0. 1. 0. 0. 0.],9.0,1000,100,0.01,0.0015,1,11,idID,,random,single_objective
654,0.17970178491605585,0.3773737483237173,0.0034364,[0.       0.       0.       0.       0.105728 0.       0.       0.105728 0.       0.       0.       0.       0.105728 0.105728 0.       0.       0.       0.       0.       0.105728 0.105728 0.105728 0.       0.       0.       0.105728 0.       0.154175 0.       0.       0.      ],[0. 0. 0. 0. 1. 0. 0. 1. 0. 0. 0. 0. 1. 1. 0. 0. 0. 0. 0. 1. 1. 1. 0. 0. 0. 1. 0. 1. 0. 0. 0.],9.0,1000,100,0.01,0.0015,1,11,idID,,random,single_objective
655,0.17970178491605585,0.3773737483237173,0.0034364,[0.       0.       0.       0.       0.105728 0.       0.       0.105728 0.       0.       0.       0.       0.105728 0.105728 0.       0.       0.       0.       0.       0.105728 0.105728 0.105728 0.       0.       0.       0.105728 0.       0.154175 0.       0.       0.      ],[0. 0. 0. 0. 1. 0. 0. 1. 0. 0. 0. 0. 1. 1. 0. 0. 0. 0. 0. 1. 1. 1. 0. 0. 0. 1. 0. 1. 0. 0. 0.],9.0,1000,100,0.01,0.0015,1,11,idID,,random,single_objective
656,0.17970178491605585,0.3773737483237173,0.0034364,[0.       0.       0.       0.       0.105728 0.       0.       0.105728 0.       0.       0.       0.       0.105728 0.105728 0.       0.       0.       0.       0.       0.105728 0.105728 0.105728 0.       0.       0.       0.105728 0.       0.154175 0.       0.       0.      ],[0. 0. 0. 0. 1. 0. 0. 1. 0. 0. 0. 0. 1. 1. 0. 0. 0. 0. 0. 1. 1. 1. 0. 0. 0. 1. 0. 1. 0. 0. 0.],9.0,1000,100,0.01,0.0015,1,11,idID,,random,single_objective
657,0.17970178491605585,0.3773737483237173,0.0034364,[0.       0.       0.       0.       0.105728 0.       0.       0.105728 0.       0.       0.       0.       0.105728 0.105728 0.       0.       0.       0.       0.       0.105728 0.105728 0.105728 0.       0.       0.       0.105728 0.       0.154175 0.       0.       0.      ],[0. 0. 0. 0. 1. 0. 0. 1. 0. 0. 0. 0. 1. 1. 0. 0. 0. 0. 0. 1. 1. 1. 0. 0. 0. 1. 0. 1. 0. 0. 0.],9.0,1000,100,0.01,0.0015,1,11,idID,,random,single_objective
658,0.17970178491605585,0.3773737483237173,0.0034364,[0.       0.       0.       0.       0.105728 0.       0.       0.105728 0.       0.       0.       0.       0.105728 0.105728 0.       0.       0.       0.       0.       0.105728 0.105728 0.105728 0.       0.       0.       0.105728 0.       0.154175 0.       0.       0.      ],[0. 0. 0. 0. 1. 0. 0. 1. 0. 0. 0. 0. 1. 1. 0. 0. 0. 0. 0. 1. 1. 1. 0. 0. 0. 1. 0. 1. 0. 0. 0.],9.0,1000,100,0.01,0.0015,1,11,idID,,random,single_objective
659,0.17970178491605585,0.3773737483237173,0.0034364,[0.       0.       0.       0.       0.105728 0.       0.       0.105728 0.       0.       0.       0.       0.105728 0.105728 0.       0.       0.       0.       0.       0.105728 0.105728 0.105728 0.       0.       0.       0.105728 0.       0.154175 0.       0.       0.      ],[0. 0. 0. 0. 1. 0. 0. 1. 0. 0. 0. 0. 1. 1. 0. 0. 0. 0. 0. 1. 1. 1. 0. 0. 0. 1. 0. 1. 0. 0. 0.],9.0,1000,100,0.01,0.0015,1,11,idID,,random,single_objective
660,0.17970178491605585,0.3773737483237173,0.0034364,[0.       0.       0.       0.       0.105728 0.       0.       0.105728 0.       0.       0.       0.       0.105728 0.105728 0.       0.       0.       0.       0.       0.105728 0.105728 0.105728 0.       0.       0.       0.105728 0.       0.154175 0.       0.       0.      ],[0. 0. 0. 0. 1. 0. 0. 1. 0. 0. 0. 0. 1. 1. 0. 0. 0. 0. 0. 1. 1. 1. 0. 0. 0. 1. 0. 1. 0. 0. 0.],9.0,1000,100,0.01,0.0015,1,11,idID,,random,single_objective
661,0.17970178491605585,0.3773737483237173,0.0034364,[0.       0.       0.       0.       0.105728 0.       0.       0.105728 0.       0.       0.       0.       0.105728 0.105728 0.       0.       0.       0.       0.       0.105728 0.105728 0.105728 0.       0.       0.       0.105728 0.       0.154175 0.       0.       0.      ],[0. 0. 0. 0. 1. 0. 0. 1. 0. 0. 0. 0. 1. 1. 0. 0. 0. 0. 0. 1. 1. 1. 0. 0. 0. 1. 0. 1. 0. 0. 0.],9.0,1000,100,0.01,0.0015,1,11,idID,,random,single_objective
662,0.17970178491605585,0.3773737483237173,0.0034364,[0.       0.       0.       0.       0.105728 0.       0.       0.105728 0.       0.       0.       0.       0.105728 0.105728 0.       0.       0.       0.       0.       0.105728 0.105728 0.105728 0.       0.       0.       0.105728 0.       0.154175 0.       0.       0.      ],[0. 0. 0. 0. 1. 0. 0. 1. 0. 0. 0. 0. 1. 1. 0. 0. 0. 0. 0. 1. 1. 1. 0. 0. 0. 1. 0. 1. 0. 0. 0.],9.0,1000,100,0.01,0.0015,1,11,idID,,random,single_objective
663,0.17970178491605585,0.3773737483237173,0.0034364,[0.       0.       0.       0.       0.105728 0.       0.       0.105728 0.       0.       0.       0.       0.105728 0.105728 0.       0.       0.       0.       0.       0.105728 0.105728 0.105728 0.       0.       0.       0.105728 0.       0.154175 0.       0.       0.      ],[0. 0. 0. 0. 1. 0. 0. 1. 0. 0. 0. 0. 1. 1. 0. 0. 0. 0. 0. 1. 1. 1. 0. 0. 0. 1. 0. 1. 0. 0. 0.],9.0,1000,100,0.01,0.0015,1,11,idID,,random,single_objective
664,0.17970178491605585,0.3773737483237173,0.0034364,[0.       0.       0.       0.       0.105728 0.       0.       0.105728 0.       0.       0.       0.       0.105728 0.105728 0.       0.       0.       0.       0.       0.105728 0.105728 0.105728 0.       0.       0.       0.105728 0.       0.154175 0.       0.       0.      ],[0. 0. 0. 0. 1. 0. 0. 1. 0. 0. 0. 0. 1. 1. 0. 0. 0. 0. 0. 1. 1. 1. 0. 0. 0. 1. 0. 1. 0. 0. 0.],9.0,1000,100,0.01,0.0015,1,11,idID,,random,single_objective
665,0.17970178491605585,0.3773737483237173,0.0034364,[0.       0.       0.       0.       0.105728 0.       0.       0.105728 0.       0.       0.       0.       0.105728 0.105728 0.       0.       0.       0.       0.       0.105728 0.105728 0.105728 0.       0.       0.       0.105728 0.       0.154175 0.       0.       0.      ],[0. 0. 0. 0. 1. 0. 0. 1. 0. 0. 0. 0. 1. 1. 0. 0. 0. 0. 0. 1. 1. 1. 0. 0. 0. 1. 0. 1. 0. 0. 0.],9.0,1000,100,0.01,0.0015,1,11,idID,,random,single_objective
666,0.17970178491605585,0.3773737483237173,0.0034364,[0.       0.       0.       0.       0.105728 0.       0.       0.105728 0.       0.       0.       0.       0.105728 0.105728 0.       0.       0.       0.       0.       0.105728 0.105728 0.105728 0.       0.       0.       0.105728 0.       0.154175 0.       0.       0.      ],[0. 0. 0. 0. 1. 0. 0. 1. 0. 0. 0. 0. 1. 1. 0. 0. 0. 0. 0. 1. 1. 1. 0. 0. 0. 1. 0. 1. 0. 0. 0.],9.0,1000,100,0.01,0.0015,1,11,idID,,random,single_objective
667,0.17970178491605585,0.3773737483237173,0.0034364,[0.       0.       0.       0.       0.105728 0.       0.       0.105728 0.       0.       0.       0.       0.105728 0.105728 0.       0.       0.       0.       0.       0.105728 0.105728 0.105728 0.       0.       0.       0.105728 0.       0.154175 0.       0.       0.      ],[0. 0. 0. 0. 1. 0. 0. 1. 0. 0. 0. 0. 1. 1. 0. 0. 0. 0. 0. 1. 1. 1. 0. 0. 0. 1. 0. 1. 0. 0. 0.],9.0,1000,100,0.01,0.0015,1,11,idID,,random,single_objective
668,0.17970178491605585,0.3773737483237173,0.0034364,[0.       0.       0.       0.       0.105728 0.       0.       0.105728 0.       0.       0.       0.       0.105728 0.105728 0.       0.       0.       0.       0.       0.105728 0.105728 0.105728 0.       0.       0.       0.105728 0.       0.154175 0.       0.       0.      ],[0. 0. 0. 0. 1. 0. 0. 1. 0. 0. 0. 0. 1. 1. 0. 0. 0. 0. 0. 1. 1. 1. 0. 0. 0. 1. 0. 1. 0. 0. 0.],9.0,1000,100,0.01,0.0015,1,11,idID,,random,single_objective
669,0.17970178491605585,0.3773737483237173,0.0034364,[0.       0.       0.       0.       0.105728 0.       0.       0.105728 0.       0.       0.       0.       0.105728 0.105728 0.       0.       0.       0.       0.       0.105728 0.105728 0.105728 0.       0.       0.       0.105728 0.       0.154175 0.       0.       0.      ],[0. 0. 0. 0. 1. 0. 0. 1. 0. 0. 0. 0. 1. 1. 0. 0. 0. 0. 0. 1. 1. 1. 0. 0. 0. 1. 0. 1. 0. 0. 0.],9.0,1000,100,0.01,0.0015,1,11,idID,,random,single_objective
670,0.17970178491605585,0.3773737483237173,0.0034364,[0.       0.       0.       0.       0.105728 0.       0.       0.105728 0.       0.       0.       0.       0.105728 0.105728 0.       0.       0.       0.       0.       0.105728 0.105728 0.105728 0.       0.       0.       0.105728 0.       0.154175 0.       0.       0.      ],[0. 0. 0. 0. 1. 0. 0. 1. 0. 0. 0. 0. 1. 1. 0. 0. 0. 0. 0. 1. 1. 1. 0. 0. 0. 1. 0. 1. 0. 0. 0.],9.0,1000,100,0.01,0.0015,1,11,idID,,random,single_objective
671,0.17970178491605585,0.3773737483237173,0.0034364,[0.       0.       0.       0.       0.105728 0.       0.       0.105728 0.       0.       0.       0.       0.105728 0.105728 0.       0.       0.       0.       0.       0.105728 0.105728 0.105728 0.       0.       0.       0.105728 0.       0.154175 0.       0.       0.      ],[0. 0. 0. 0. 1. 0. 0. 1. 0. 0. 0. 0. 1. 1. 0. 0. 0. 0. 0. 1. 1. 1. 0. 0. 0. 1. 0. 1. 0. 0. 0.],9.0,1000,100,0.01,0.0015,1,11,idID,,random,single_objective
672,0.17970178491605585,0.3773737483237173,0.0034364,[0.       0.       0.       0.       0.105728 0.       0.       0.105728 0.       0.       0.       0.       0.105728 0.105728 0.       0.       0.       0.       0.       0.105728 0.105728 0.105728 0.       0.       0.       0.105728 0.       0.154175 0.       0.       0.      ],[0. 0. 0. 0. 1. 0. 0. 1. 0. 0. 0. 0. 1. 1. 0. 0. 0. 0. 0. 1. 1. 1. 0. 0. 0. 1. 0. 1. 0. 0. 0.],9.0,1000,100,0.01,0.0015,1,11,idID,,random,single_objective
673,0.17970178491605585,0.3773737483237173,0.0034364,[0.       0.       0.       0.       0.105728 0.       0.       0.105728 0.       0.       0.       0.       0.105728 0.105728 0.       0.       0.       0.       0.       0.105728 0.105728 0.105728 0.       0.       0.       0.105728 0.       0.154175 0.       0.       0.      ],[0. 0. 0. 0. 1. 0. 0. 1. 0. 0. 0. 0. 1. 1. 0. 0. 0. 0. 0. 1. 1. 1. 0. 0. 0. 1. 0. 1. 0. 0. 0.],9.0,1000,100,0.01,0.0015,1,11,idID,,random,single_objective
674,0.17970178491605585,0.3773737483237173,0.0034364,[0.       0.       0.       0.       0.105728 0.       0.       0.105728 0.       0.       0.       0.       0.105728 0.105728 0.       0.       0.       0.       0.       0.105728 0.105728 0.105728 0.       0.       0.       0.105728 0.       0.154175 0.       0.       0.      ],[0. 0. 0. 0. 1. 0. 0. 1. 0. 0. 0. 0. 1. 1. 0. 0. 0. 0. 0. 1. 1. 1. 0. 0. 0. 1. 0. 1. 0. 0. 0.],9.0,1000,100,0.01,0.0015,1,11,idID,,random,single_objective
675,0.17970178491605585,0.3773737483237173,0.0034364,[0.       0.       0.       0.       0.105728 0.       0.       0.105728 0.       0.       0.       0.       0.105728 0.105728 0.       0.       0.       0.       0.       0.105728 0.105728 0.105728 0.       0.       0.       0.105728 0.       0.154175 0.       0.       0.      ],[0. 0. 0. 0. 1. 0. 0. 1. 0. 0. 0. 0. 1. 1. 0. 0. 0. 0. 0. 1. 1. 1. 0. 0. 0. 1. 0. 1. 0. 0. 0.],9.0,1000,100,0.01,0.0015,1,11,idID,,random,single_objective
676,0.17970178491605585,0.3773737483237173,0.0034364,[0.       0.       0.       0.       0.105728 0.       0.       0.105728 0.       0.       0.       0.       0.105728 0.105728 0.       0.       0.       0.       0.       0.105728 0.105728 0.105728 0.       0.       0.       0.105728 0.       0.154175 0.       0.       0.      ],[0. 0. 0. 0. 1. 0. 0. 1. 0. 0. 0. 0. 1. 1. 0. 0. 0. 0. 0. 1. 1. 1. 0. 0. 0. 1. 0. 1. 0. 0. 0.],9.0,1000,100,0.01,0.0015,1,11,idID,,random,single_objective
677,0.17970178491605585,0.3773737483237173,0.0034364,[0.       0.       0.       0.       0.105728 0.       0.       0.105728 0.       0.       0.       0.       0.105728 0.105728 0.       0.       0.       0.       0.       0.105728 0.105728 0.105728 0.       0.       0.       0.105728 0.       0.154175 0.       0.       0.      ],[0. 0. 0. 0. 1. 0. 0. 1. 0. 0. 0. 0. 1. 1. 0. 0. 0. 0. 0. 1. 1. 1. 0. 0. 0. 1. 0. 1. 0. 0. 0.],9.0,1000,100,0.01,0.0015,1,11,idID,,random,single_objective
678,0.17970178491605585,0.3773737483237173,0.0034364,[0.       0.       0.       0.       0.105728 0.       0.       0.105728 0.       0.       0.       0.       0.105728 0.105728 0.       0.       0.       0.       0.       0.105728 0.105728 0.105728 0.       0.       0.       0.105728 0.       0.154175 0.       0.       0.      ],[0. 0. 0. 0. 1. 0. 0. 1. 0. 0. 0. 0. 1. 1. 0. 0. 0. 0. 0. 1. 1. 1. 0. 0. 0. 1. 0. 1. 0. 0. 0.],9.0,1000,100,0.01,0.0015,1,11,idID,,random,single_objective
679,0.17970178491605585,0.3773737483237173,0.0034364,[0.       0.       0.       0.       0.105728 0.       0.       0.105728 0.       0.       0.       0.       0.105728 0.105728 0.       0.       0.       0.       0.       0.105728 0.105728 0.105728 0.       0.       0.       0.105728 0.       0.154175 0.       0.       0.      ],[0. 0. 0. 0. 1. 0. 0. 1. 0. 0. 0. 0. 1. 1. 0. 0. 0. 0. 0. 1. 1. 1. 0. 0. 0. 1. 0. 1. 0. 0. 0.],9.0,1000,100,0.01,0.0015,1,11,idID,,random,single_objective
680,0.17970178491605585,0.3773737483237173,0.0034364,[0.       0.       0.       0.       0.105728 0.       0.       0.105728 0.       0.       0.       0.       0.105728 0.105728 0.       0.       0.       0.       0.       0.105728 0.105728 0.105728 0.       0.       0.       0.105728 0.       0.154175 0.       0.       0.      ],[0. 0. 0. 0. 1. 0. 0. 1. 0. 0. 0. 0. 1. 1. 0. 0. 0. 0. 0. 1. 1. 1. 0. 0. 0. 1. 0. 1. 0. 0. 0.],9.0,1000,100,0.01,0.0015,1,11,idID,,random,single_objective
681,0.17970178491605585,0.3773737483237173,0.0034364,[0.       0.       0.       0.       0.105728 0.       0.       0.105728 0.       0.       0.       0.       0.105728 0.105728 0.       0.       0.       0.       0.       0.105728 0.105728 0.105728 0.       0.       0.       0.105728 0.       0.154175 0.       0.       0.      ],[0. 0. 0. 0. 1. 0. 0. 1. 0. 0. 0. 0. 1. 1. 0. 0. 0. 0. 0. 1. 1. 1. 0. 0. 0. 1. 0. 1. 0. 0. 0.],9.0,1000,100,0.01,0.0015,1,11,idID,,random,single_objective
682,0.17970178491605585,0.3773737483237173,0.0034364,[0.       0.       0.       0.       0.105728 0.       0.       0.105728 0.       0.       0.       0.       0.105728 0.105728 0.       0.       0.       0.       0.       0.105728 0.105728 0.105728 0.       0.       0.       0.105728 0.       0.154175 0.       0.       0.      ],[0. 0. 0. 0. 1. 0. 0. 1. 0. 0. 0. 0. 1. 1. 0. 0. 0. 0. 0. 1. 1. 1. 0. 0. 0. 1. 0. 1. 0. 0. 0.],9.0,1000,100,0.01,0.0015,1,11,idID,,random,single_objective
683,0.17970178491605585,0.3773737483237173,0.0034364,[0.       0.       0.       0.       0.105728 0.       0.       0.105728 0.       0.       0.       0.       0.105728 0.105728 0.       0.       0.       0.       0.       0.105728 0.105728 0.105728 0.       0.       0.       0.105728 0.       0.154175 0.       0.       0.      ],[0. 0. 0. 0. 1. 0. 0. 1. 0. 0. 0. 0. 1. 1. 0. 0. 0. 0. 0. 1. 1. 1. 0. 0. 0. 1. 0. 1. 0. 0. 0.],9.0,1000,100,0.01,0.0015,1,11,idID,,random,single_objective
684,0.17970178491605585,0.3773737483237173,0.0034364,[0.       0.       0.       0.       0.105728 0.       0.       0.105728 0.       0.       0.       0.       0.105728 0.105728 0.       0.       0.       0.       0.       0.105728 0.105728 0.105728 0.       0.       0.       0.105728 0.       0.154175 0.       0.       0.      ],[0. 0. 0. 0. 1. 0. 0. 1. 0. 0. 0. 0. 1. 1. 0. 0. 0. 0. 0. 1. 1. 1. 0. 0. 0. 1. 0. 1. 0. 0. 0.],9.0,1000,100,0.01,0.0015,1,11,idID,,random,single_objective
685,0.17970178491605585,0.3773737483237173,0.0034364,[0.       0.       0.       0.       0.105728 0.       0.       0.105728 0.       0.       0.       0.       0.105728 0.105728 0.       0.       0.       0.       0.       0.105728 0.105728 0.105728 0.       0.       0.       0.105728 0.       0.154175 0.       0.       0.      ],[0. 0. 0. 0. 1. 0. 0. 1. 0. 0. 0. 0. 1. 1. 0. 0. 0. 0. 0. 1. 1. 1. 0. 0. 0. 1. 0. 1. 0. 0. 0.],9.0,1000,100,0.01,0.0015,1,11,idID,,random,single_objective
686,0.17970178491605585,0.3773737483237173,0.0034364,[0.       0.       0.       0.       0.105728 0.       0.       0.105728 0.       0.       0.       0.       0.105728 0.105728 0.       0.       0.       0.       0.       0.105728 0.105728 0.105728 0.       0.       0.       0.105728 0.       0.154175 0.       0.       0.      ],[0. 0. 0. 0. 1. 0. 0. 1. 0. 0. 0. 0. 1. 1. 0. 0. 0. 0. 0. 1. 1. 1. 0. 0. 0. 1. 0. 1. 0. 0. 0.],9.0,1000,100,0.01,0.0015,1,11,idID,,random,single_objective
687,0.17970178491605585,0.3773737483237173,0.0034364,[0.       0.       0.       0.       0.105728 0.       0.       0.105728 0.       0.       0.       0.       0.105728 0.105728 0.       0.       0.       0.       0.       0.105728 0.105728 0.105728 0.       0.       0.       0.105728 0.       0.154175 0.       0.       0.      ],[0. 0. 0. 0. 1. 0. 0. 1. 0. 0. 0. 0. 1. 1. 0. 0. 0. 0. 0. 1. 1. 1. 0. 0. 0. 1. 0. 1. 0. 0. 0.],9.0,1000,100,0.01,0.0015,1,11,idID,,random,single_objective
688,0.17970178491605585,0.3773737483237173,0.0034364,[0.       0.       0.       0.       0.105728 0.       0.       0.105728 0.       0.       0.       0.       0.105728 0.105728 0.       0.       0.       0.       0.       0.105728 0.105728 0.105728 0.       0.       0.       0.105728 0.       0.154175 0.       0.       0.      ],[0. 0. 0. 0. 1. 0. 0. 1. 0. 0. 0. 0. 1. 1. 0. 0. 0. 0. 0. 1. 1. 1. 0. 0. 0. 1. 0. 1. 0. 0. 0.],9.0,1000,100,0.01,0.0015,1,11,idID,,random,single_objective
689,0.17970178491605585,0.3773737483237173,0.0034364,[0.       0.       0.       0.       0.105728 0.       0.       0.105728 0.       0.       0.       0.       0.105728 0.105728 0.       0.       0.       0.       0.       0.105728 0.105728 0.105728 0.       0.       0.       0.105728 0.       0.154175 0.       0.       0.      ],[0. 0. 0. 0. 1. 0. 0. 1. 0. 0. 0. 0. 1. 1. 0. 0. 0. 0. 0. 1. 1. 1. 0. 0. 0. 1. 0. 1. 0. 0. 0.],9.0,1000,100,0.01,0.0015,1,11,idID,,random,single_objective
690,0.17970178491605585,0.3773737483237173,0.0034364,[0.       0.       0.       0.       0.105728 0.       0.       0.105728 0.       0.       0.       0.       0.105728 0.105728 0.       0.       0.       0.       0.       0.105728 0.105728 0.105728 0.       0.       0.       0.105728 0.       0.154175 0.       0.       0.      ],[0. 0. 0. 0. 1. 0. 0. 1. 0. 0. 0. 0. 1. 1. 0. 0. 0. 0. 0. 1. 1. 1. 0. 0. 0. 1. 0. 1. 0. 0. 0.],9.0,1000,100,0.01,0.0015,1,11,idID,,random,single_objective
691,0.17970178491605585,0.3773737483237173,0.0034364,[0.       0.       0.       0.       0.105728 0.       0.       0.105728 0.       0.       0.       0.       0.105728 0.105728 0.       0.       0.       0.       0.       0.105728 0.105728 0.105728 0.       0.       0.       0.105728 0.       0.154175 0.       0.       0.      ],[0. 0. 0. 0. 1. 0. 0. 1. 0. 0. 0. 0. 1. 1. 0. 0. 0. 0. 0. 1. 1. 1. 0. 0. 0. 1. 0. 1. 0. 0. 0.],9.0,1000,100,0.01,0.0015,1,11,idID,,random,single_objective
692,0.17970178491605585,0.3773737483237173,0.0034364,[0.       0.       0.       0.       0.105728 0.       0.       0.105728 0.       0.       0.       0.       0.105728 0.105728 0.       0.       0.       0.       0.       0.105728 0.105728 0.105728 0.       0.       0.       0.105728 0.       0.154175 0.       0.       0.      ],[0. 0. 0. 0. 1. 0. 0. 1. 0. 0. 0. 0. 1. 1. 0. 0. 0. 0. 0. 1. 1. 1. 0. 0. 0. 1. 0. 1. 0. 0. 0.],9.0,1000,100,0.01,0.0015,1,11,idID,,random,single_objective
693,0.17970178491605585,0.3773737483237173,0.0034364,[0.       0.       0.       0.       0.105728 0.       0.       0.105728 0.       0.       0.       0.       0.105728 0.105728 0.       0.       0.       0.       0.       0.105728 0.105728 0.105728 0.       0.       0.       0.105728 0.       0.154175 0.       0.       0.      ],[0. 0. 0. 0. 1. 0. 0. 1. 0. 0. 0. 0. 1. 1. 0. 0. 0. 0. 0. 1. 1. 1. 0. 0. 0. 1. 0. 1. 0. 0. 0.],9.0,1000,100,0.01,0.0015,1,11,idID,,random,single_objective
694,0.17970178491605585,0.3773737483237173,0.0034364,[0.       0.       0.       0.       0.105728 0.       0.       0.105728 0.       0.       0.       0.       0.105728 0.105728 0.       0.       0.       0.       0.       0.105728 0.105728 0.105728 0.       0.       0.       0.105728 0.       0.154175 0.       0.       0.      ],[0. 0. 0. 0. 1. 0. 0. 1. 0. 0. 0. 0. 1. 1. 0. 0. 0. 0. 0. 1. 1. 1. 0. 0. 0. 1. 0. 1. 0. 0. 0.],9.0,1000,100,0.01,0.0015,1,11,idID,,random,single_objective
695,0.17970178491605585,0.3773737483237173,0.0034364,[0.       0.       0.       0.       0.105728 0.       0.       0.105728 0.       0.       0.       0.       0.105728 0.105728 0.       0.       0.       0.       0.       0.105728 0.105728 0.105728 0.       0.       0.       0.105728 0.       0.154175 0.       0.       0.      ],[0. 0. 0. 0. 1. 0. 0. 1. 0. 0. 0. 0. 1. 1. 0. 0. 0. 0. 0. 1. 1. 1. 0. 0. 0. 1. 0. 1. 0. 0. 0.],9.0,1000,100,0.01,0.0015,1,11,idID,,random,single_objective
696,0.17970178491605585,0.3773737483237173,0.0034364,[0.       0.       0.       0.       0.105728 0.       0.       0.105728 0.       0.       0.       0.       0.105728 0.105728 0.       0.       0.       0.       0.       0.105728 0.105728 0.105728 0.       0.       0.       0.105728 0.       0.154175 0.       0.       0.      ],[0. 0. 0. 0. 1. 0. 0. 1. 0. 0. 0. 0. 1. 1. 0. 0. 0. 0. 0. 1. 1. 1. 0. 0. 0. 1. 0. 1. 0. 0. 0.],9.0,1000,100,0.01,0.0015,1,11,idID,,random,single_objective
697,0.17970178491605585,0.3773737483237173,0.0034364,[0.       0.       0.       0.       0.105728 0.       0.       0.105728 0.       0.       0.       0.       0.105728 0.105728 0.       0.       0.       0.       0.       0.105728 0.105728 0.105728 0.       0.       0.       0.105728 0.       0.154175 0.       0.       0.      ],[0. 0. 0. 0. 1. 0. 0. 1. 0. 0. 0. 0. 1. 1. 0. 0. 0. 0. 0. 1. 1. 1. 0. 0. 0. 1. 0. 1. 0. 0. 0.],9.0,1000,100,0.01,0.0015,1,11,idID,,random,single_objective
698,0.17970178491605585,0.3773737483237173,0.0034364,[0.       0.       0.       0.       0.105728 0.       0.       0.105728 0.       0.       0.       0.       0.105728 0.105728 0.       0.       0.       0.       0.       0.105728 0.105728 0.105728 0.       0.       0.       0.105728 0.       0.154175 0.       0.       0.      ],[0. 0. 0. 0. 1. 0. 0. 1. 0. 0. 0. 0. 1. 1. 0. 0. 0. 0. 0. 1. 1. 1. 0. 0. 0. 1. 0. 1. 0. 0. 0.],9.0,1000,100,0.01,0.0015,1,11,idID,,random,single_objective
699,0.17970178491605585,0.3773737483237173,0.0034364,[0.       0.       0.       0.       0.105728 0.       0.       0.105728 0.       0.       0.       0.       0.105728 0.105728 0.       0.       0.       0.       0.       0.105728 0.105728 0.105728 0.       0.       0.       0.105728 0.       0.154175 0.       0.       0.      ],[0. 0. 0. 0. 1. 0. 0. 1. 0. 0. 0. 0. 1. 1. 0. 0. 0. 0. 0. 1. 1. 1. 0. 0. 0. 1. 0. 1. 0. 0. 0.],9.0,1000,100,0.01,0.0015,1,11,idID,,random,single_objective
700,0.17970178491605585,0.3773737483237173,0.0034364,[0.       0.       0.       0.       0.105728 0.       0.       0.105728 0.       0.       0.       0.       0.105728 0.105728 0.       0.       0.       0.       0.       0.105728 0.105728 0.105728 0.       0.       0.       0.105728 0.       0.154175 0.       0.       0.      ],[0. 0. 0. 0. 1. 0. 0. 1. 0. 0. 0. 0. 1. 1. 0. 0. 0. 0. 0. 1. 1. 1. 0. 0. 0. 1. 0. 1. 0. 0. 0.],9.0,1000,100,0.01,0.0015,1,11,idID,,random,single_objective
701,0.17970178491605585,0.3773737483237173,0.0034364,[0.       0.       0.       0.       0.105728 0.       0.       0.105728 0.       0.       0.       0.       0.105728 0.105728 0.       0.       0.       0.       0.       0.105728 0.105728 0.105728 0.       0.       0.       0.105728 0.       0.154175 0.       0.       0.      ],[0. 0. 0. 0. 1. 0. 0. 1. 0. 0. 0. 0. 1. 1. 0. 0. 0. 0. 0. 1. 1. 1. 0. 0. 0. 1. 0. 1. 0. 0. 0.],9.0,1000,100,0.01,0.0015,1,11,idID,,random,single_objective
702,0.17970178491605585,0.3773737483237173,0.0034364,[0.       0.       0.       0.       0.105728 0.       0.       0.105728 0.       0.       0.       0.       0.105728 0.105728 0.       0.       0.       0.       0.       0.105728 0.105728 0.105728 0.       0.       0.       0.105728 0.       0.154175 0.       0.       0.      ],[0. 0. 0. 0. 1. 0. 0. 1. 0. 0. 0. 0. 1. 1. 0. 0. 0. 0. 0. 1. 1. 1. 0. 0. 0. 1. 0. 1. 0. 0. 0.],9.0,1000,100,0.01,0.0015,1,11,idID,,random,single_objective
703,0.17970178491605585,0.3773737483237173,0.0034364,[0.       0.       0.       0.       0.105728 0.       0.       0.105728 0.       0.       0.       0.       0.105728 0.105728 0.       0.       0.       0.       0.       0.105728 0.105728 0.105728 0.       0.       0.       0.105728 0.       0.154175 0.       0.       0.      ],[0. 0. 0. 0. 1. 0. 0. 1. 0. 0. 0. 0. 1. 1. 0. 0. 0. 0. 0. 1. 1. 1. 0. 0. 0. 1. 0. 1. 0. 0. 0.],9.0,1000,100,0.01,0.0015,1,11,idID,,random,single_objective
704,0.17970178491605585,0.3773737483237173,0.0034364,[0.       0.       0.       0.       0.105728 0.       0.       0.105728 0.       0.       0.       0.       0.105728 0.105728 0.       0.       0.       0.       0.       0.105728 0.105728 0.105728 0.       0.       0.       0.105728 0.       0.154175 0.       0.       0.      ],[0. 0. 0. 0. 1. 0. 0. 1. 0. 0. 0. 0. 1. 1. 0. 0. 0. 0. 0. 1. 1. 1. 0. 0. 0. 1. 0. 1. 0. 0. 0.],9.0,1000,100,0.01,0.0015,1,11,idID,,random,single_objective
705,0.17970178491605585,0.3773737483237173,0.0034364,[0.       0.       0.       0.       0.105728 0.       0.       0.105728 0.       0.       0.       0.       0.105728 0.105728 0.       0.       0.       0.       0.       0.105728 0.105728 0.105728 0.       0.       0.       0.105728 0.       0.154175 0.       0.       0.      ],[0. 0. 0. 0. 1. 0. 0. 1. 0. 0. 0. 0. 1. 1. 0. 0. 0. 0. 0. 1. 1. 1. 0. 0. 0. 1. 0. 1. 0. 0. 0.],9.0,1000,100,0.01,0.0015,1,11,idID,,random,single_objective
706,0.17970178491605585,0.3773737483237173,0.0034364,[0.       0.       0.       0.       0.105728 0.       0.       0.105728 0.       0.       0.       0.       0.105728 0.105728 0.       0.       0.       0.       0.       0.105728 0.105728 0.105728 0.       0.       0.       0.105728 0.       0.154175 0.       0.       0.      ],[0. 0. 0. 0. 1. 0. 0. 1. 0. 0. 0. 0. 1. 1. 0. 0. 0. 0. 0. 1. 1. 1. 0. 0. 0. 1. 0. 1. 0. 0. 0.],9.0,1000,100,0.01,0.0015,1,11,idID,,random,single_objective
707,0.17970178491605585,0.3773737483237173,0.0034364,[0.       0.       0.       0.       0.105728 0.       0.       0.105728 0.       0.       0.       0.       0.105728 0.105728 0.       0.       0.       0.       0.       0.105728 0.105728 0.105728 0.       0.       0.       0.105728 0.       0.154175 0.       0.       0.      ],[0. 0. 0. 0. 1. 0. 0. 1. 0. 0. 0. 0. 1. 1. 0. 0. 0. 0. 0. 1. 1. 1. 0. 0. 0. 1. 0. 1. 0. 0. 0.],9.0,1000,100,0.01,0.0015,1,11,idID,,random,single_objective
708,0.17970178491605585,0.3773737483237173,0.0034364,[0.       0.       0.       0.       0.105728 0.       0.       0.105728 0.       0.       0.       0.       0.105728 0.105728 0.       0.       0.       0.       0.       0.105728 0.105728 0.105728 0.       0.       0.       0.105728 0.       0.154175 0.       0.       0.      ],[0. 0. 0. 0. 1. 0. 0. 1. 0. 0. 0. 0. 1. 1. 0. 0. 0. 0. 0. 1. 1. 1. 0. 0. 0. 1. 0. 1. 0. 0. 0.],9.0,1000,100,0.01,0.0015,1,11,idID,,random,single_objective
709,0.17970178491605585,0.3773737483237173,0.0034364,[0.       0.       0.       0.       0.105728 0.       0.       0.105728 0.       0.       0.       0.       0.105728 0.105728 0.       0.       0.       0.       0.       0.105728 0.105728 0.105728 0.       0.       0.       0.105728 0.       0.154175 0.       0.       0.      ],[0. 0. 0. 0. 1. 0. 0. 1. 0. 0. 0. 0. 1. 1. 0. 0. 0. 0. 0. 1. 1. 1. 0. 0. 0. 1. 0. 1. 0. 0. 0.],9.0,1000,100,0.01,0.0015,1,11,idID,,random,single_objective
710,0.17970178491605585,0.3773737483237173,0.0034364,[0.       0.       0.       0.       0.105728 0.       0.       0.105728 0.       0.       0.       0.       0.105728 0.105728 0.       0.       0.       0.       0.       0.105728 0.105728 0.105728 0.       0.       0.       0.105728 0.       0.154175 0.       0.       0.      ],[0. 0. 0. 0. 1. 0. 0. 1. 0. 0. 0. 0. 1. 1. 0. 0. 0. 0. 0. 1. 1. 1. 0. 0. 0. 1. 0. 1. 0. 0. 0.],9.0,1000,100,0.01,0.0015,1,11,idID,,random,single_objective
711,0.17970178491605585,0.3773737483237173,0.0034364,[0.       0.       0.       0.       0.105728 0.       0.       0.105728 0.       0.       0.       0.       0.105728 0.105728 0.       0.       0.       0.       0.       0.105728 0.105728 0.105728 0.       0.       0.       0.105728 0.       0.154175 0.       0.       0.      ],[0. 0. 0. 0. 1. 0. 0. 1. 0. 0. 0. 0. 1. 1. 0. 0. 0. 0. 0. 1. 1. 1. 0. 0. 0. 1. 0. 1. 0. 0. 0.],9.0,1000,100,0.01,0.0015,1,11,idID,,random,single_objective
712,0.17970178491605585,0.3773737483237173,0.0034364,[0.       0.       0.       0.       0.105728 0.       0.       0.105728 0.       0.       0.       0.       0.105728 0.105728 0.       0.       0.       0.       0.       0.105728 0.105728 0.105728 0.       0.       0.       0.105728 0.       0.154175 0.       0.       0.      ],[0. 0. 0. 0. 1. 0. 0. 1. 0. 0. 0. 0. 1. 1. 0. 0. 0. 0. 0. 1. 1. 1. 0. 0. 0. 1. 0. 1. 0. 0. 0.],9.0,1000,100,0.01,0.0015,1,11,idID,,random,single_objective
713,0.17970178491605585,0.3773737483237173,0.0034364,[0.       0.       0.       0.       0.105728 0.       0.       0.105728 0.       0.       0.       0.       0.105728 0.105728 0.       0.       0.       0.       0.       0.105728 0.105728 0.105728 0.       0.       0.       0.105728 0.       0.154175 0.       0.       0.      ],[0. 0. 0. 0. 1. 0. 0. 1. 0. 0. 0. 0. 1. 1. 0. 0. 0. 0. 0. 1. 1. 1. 0. 0. 0. 1. 0. 1. 0. 0. 0.],9.0,1000,100,0.01,0.0015,1,11,idID,,random,single_objective
714,0.17970178491605585,0.3773737483237173,0.0034364,[0.       0.       0.       0.       0.105728 0.       0.       0.105728 0.       0.       0.       0.       0.105728 0.105728 0.       0.       0.       0.       0.       0.105728 0.105728 0.105728 0.       0.       0.       0.105728 0.       0.154175 0.       0.       0.      ],[0. 0. 0. 0. 1. 0. 0. 1. 0. 0. 0. 0. 1. 1. 0. 0. 0. 0. 0. 1. 1. 1. 0. 0. 0. 1. 0. 1. 0. 0. 0.],9.0,1000,100,0.01,0.0015,1,11,idID,,random,single_objective
715,0.17970178491605585,0.3773737483237173,0.0034364,[0.       0.       0.       0.       0.105728 0.       0.       0.105728 0.       0.       0.       0.       0.105728 0.105728 0.       0.       0.       0.       0.       0.105728 0.105728 0.105728 0.       0.       0.       0.105728 0.       0.154175 0.       0.       0.      ],[0. 0. 0. 0. 1. 0. 0. 1. 0. 0. 0. 0. 1. 1. 0. 0. 0. 0. 0. 1. 1. 1. 0. 0. 0. 1. 0. 1. 0. 0. 0.],9.0,1000,100,0.01,0.0015,1,11,idID,,random,single_objective
716,0.17970178491605585,0.3773737483237173,0.0034364,[0.       0.       0.       0.       0.105728 0.       0.       0.105728 0.       0.       0.       0.       0.105728 0.105728 0.       0.       0.       0.       0.       0.105728 0.105728 0.105728 0.       0.       0.       0.105728 0.       0.154175 0.       0.       0.      ],[0. 0. 0. 0. 1. 0. 0. 1. 0. 0. 0. 0. 1. 1. 0. 0. 0. 0. 0. 1. 1. 1. 0. 0. 0. 1. 0. 1. 0. 0. 0.],9.0,1000,100,0.01,0.0015,1,11,idID,,random,single_objective
717,0.17970178491605585,0.3773737483237173,0.0034364,[0.       0.       0.       0.       0.105728 0.       0.       0.105728 0.       0.       0.       0.       0.105728 0.105728 0.       0.       0.       0.       0.       0.105728 0.105728 0.105728 0.       0.       0.       0.105728 0.       0.154175 0.       0.       0.      ],[0. 0. 0. 0. 1. 0. 0. 1. 0. 0. 0. 0. 1. 1. 0. 0. 0. 0. 0. 1. 1. 1. 0. 0. 0. 1. 0. 1. 0. 0. 0.],9.0,1000,100,0.01,0.0015,1,11,idID,,random,single_objective
718,0.17970178491605585,0.3773737483237173,0.0034364,[0.       0.       0.       0.       0.105728 0.       0.       0.105728 0.       0.       0.       0.       0.105728 0.105728 0.       0.       0.       0.       0.       0.105728 0.105728 0.105728 0.       0.       0.       0.105728 0.       0.154175 0.       0.       0.      ],[0. 0. 0. 0. 1. 0. 0. 1. 0. 0. 0. 0. 1. 1. 0. 0. 0. 0. 0. 1. 1. 1. 0. 0. 0. 1. 0. 1. 0. 0. 0.],9.0,1000,100,0.01,0.0015,1,11,idID,,random,single_objective
719,0.17970178491605585,0.3773737483237173,0.0034364,[0.       0.       0.       0.       0.105728 0.       0.       0.105728 0.       0.       0.       0.       0.105728 0.105728 0.       0.       0.       0.       0.       0.105728 0.105728 0.105728 0.       0.       0.       0.105728 0.       0.154175 0.       0.       0.      ],[0. 0. 0. 0. 1. 0. 0. 1. 0. 0. 0. 0. 1. 1. 0. 0. 0. 0. 0. 1. 1. 1. 0. 0. 0. 1. 0. 1. 0. 0. 0.],9.0,1000,100,0.01,0.0015,1,11,idID,,random,single_objective
720,0.17970178491605585,0.3773737483237173,0.0034364,[0.       0.       0.       0.       0.105728 0.       0.       0.105728 0.       0.       0.       0.       0.105728 0.105728 0.       0.       0.       0.       0.       0.105728 0.105728 0.105728 0.       0.       0.       0.105728 0.       0.154175 0.       0.       0.      ],[0. 0. 0. 0. 1. 0. 0. 1. 0. 0. 0. 0. 1. 1. 0. 0. 0. 0. 0. 1. 1. 1. 0. 0. 0. 1. 0. 1. 0. 0. 0.],9.0,1000,100,0.01,0.0015,1,11,idID,,random,single_objective
721,0.17970178491605585,0.3773737483237173,0.0034364,[0.       0.       0.       0.       0.105728 0.       0.       0.105728 0.       0.       0.       0.       0.105728 0.105728 0.       0.       0.       0.       0.       0.105728 0.105728 0.105728 0.       0.       0.       0.105728 0.       0.154175 0.       0.       0.      ],[0. 0. 0. 0. 1. 0. 0. 1. 0. 0. 0. 0. 1. 1. 0. 0. 0. 0. 0. 1. 1. 1. 0. 0. 0. 1. 0. 1. 0. 0. 0.],9.0,1000,100,0.01,0.0015,1,11,idID,,random,single_objective
722,0.17970178491605585,0.3773737483237173,0.0034364,[0.       0.       0.       0.       0.105728 0.       0.       0.105728 0.       0.       0.       0.       0.105728 0.105728 0.       0.       0.       0.       0.       0.105728 0.105728 0.105728 0.       0.       0.       0.105728 0.       0.154175 0.       0.       0.      ],[0. 0. 0. 0. 1. 0. 0. 1. 0. 0. 0. 0. 1. 1. 0. 0. 0. 0. 0. 1. 1. 1. 0. 0. 0. 1. 0. 1. 0. 0. 0.],9.0,1000,100,0.01,0.0015,1,11,idID,,random,single_objective
723,0.17970178491605585,0.3773737483237173,0.0034364,[0.       0.       0.       0.       0.105728 0.       0.       0.105728 0.       0.       0.       0.       0.105728 0.105728 0.       0.       0.       0.       0.       0.105728 0.105728 0.105728 0.       0.       0.       0.105728 0.       0.154175 0.       0.       0.      ],[0. 0. 0. 0. 1. 0. 0. 1. 0. 0. 0. 0. 1. 1. 0. 0. 0. 0. 0. 1. 1. 1. 0. 0. 0. 1. 0. 1. 0. 0. 0.],9.0,1000,100,0.01,0.0015,1,11,idID,,random,single_objective
724,0.17970178491605585,0.3773737483237173,0.0034364,[0.       0.       0.       0.       0.105728 0.       0.       0.105728 0.       0.       0.       0.       0.105728 0.105728 0.       0.       0.       0.       0.       0.105728 0.105728 0.105728 0.       0.       0.       0.105728 0.       0.154175 0.       0.       0.      ],[0. 0. 0. 0. 1. 0. 0. 1. 0. 0. 0. 0. 1. 1. 0. 0. 0. 0. 0. 1. 1. 1. 0. 0. 0. 1. 0. 1. 0. 0. 0.],9.0,1000,100,0.01,0.0015,1,11,idID,,random,single_objective
725,0.17970178491605585,0.3773737483237173,0.0034364,[0.       0.       0.       0.       0.105728 0.       0.       0.105728 0.       0.       0.       0.       0.105728 0.105728 0.       0.       0.       0.       0.       0.105728 0.105728 0.105728 0.       0.       0.       0.105728 0.       0.154175 0.       0.       0.      ],[0. 0. 0. 0. 1. 0. 0. 1. 0. 0. 0. 0. 1. 1. 0. 0. 0. 0. 0. 1. 1. 1. 0. 0. 0. 1. 0. 1. 0. 0. 0.],9.0,1000,100,0.01,0.0015,1,11,idID,,random,single_objective
726,0.17970178491605585,0.3773737483237173,0.0034364,[0.       0.       0.       0.       0.105728 0.       0.       0.105728 0.       0.       0.       0.       0.105728 0.105728 0.       0.       0.       0.       0.       0.105728 0.105728 0.105728 0.       0.       0.       0.105728 0.       0.154175 0.       0.       0.      ],[0. 0. 0. 0. 1. 0. 0. 1. 0. 0. 0. 0. 1. 1. 0. 0. 0. 0. 0. 1. 1. 1. 0. 0. 0. 1. 0. 1. 0. 0. 0.],9.0,1000,100,0.01,0.0015,1,11,idID,,random,single_objective
727,0.17970178491605585,0.3773737483237173,0.0034364,[0.       0.       0.       0.       0.105728 0.       0.       0.105728 0.       0.       0.       0.       0.105728 0.105728 0.       0.       0.       0.       0.       0.105728 0.105728 0.105728 0.       0.       0.       0.105728 0.       0.154175 0.       0.       0.      ],[0. 0. 0. 0. 1. 0. 0. 1. 0. 0. 0. 0. 1. 1. 0. 0. 0. 0. 0. 1. 1. 1. 0. 0. 0. 1. 0. 1. 0. 0. 0.],9.0,1000,100,0.01,0.0015,1,11,idID,,random,single_objective
728,0.17970178491605585,0.3773737483237173,0.0034364,[0.       0.       0.       0.       0.105728 0.       0.       0.105728 0.       0.       0.       0.       0.105728 0.105728 0.       0.       0.       0.       0.       0.105728 0.105728 0.105728 0.       0.       0.       0.105728 0.       0.154175 0.       0.       0.      ],[0. 0. 0. 0. 1. 0. 0. 1. 0. 0. 0. 0. 1. 1. 0. 0. 0. 0. 0. 1. 1. 1. 0. 0. 0. 1. 0. 1. 0. 0. 0.],9.0,1000,100,0.01,0.0015,1,11,idID,,random,single_objective
729,0.17970178491605585,0.3773737483237173,0.0034364,[0.       0.       0.       0.       0.105728 0.       0.       0.105728 0.       0.       0.       0.       0.105728 0.105728 0.       0.       0.       0.       0.       0.105728 0.105728 0.105728 0.       0.       0.       0.105728 0.       0.154175 0.       0.       0.      ],[0. 0. 0. 0. 1. 0. 0. 1. 0. 0. 0. 0. 1. 1. 0. 0. 0. 0. 0. 1. 1. 1. 0. 0. 0. 1. 0. 1. 0. 0. 0.],9.0,1000,100,0.01,0.0015,1,11,idID,,random,single_objective
730,0.17970178491605585,0.3773737483237173,0.0034364,[0.       0.       0.       0.       0.105728 0.       0.       0.105728 0.       0.       0.       0.       0.105728 0.105728 0.       0.       0.       0.       0.       0.105728 0.105728 0.105728 0.       0.       0.       0.105728 0.       0.154175 0.       0.       0.      ],[0. 0. 0. 0. 1. 0. 0. 1. 0. 0. 0. 0. 1. 1. 0. 0. 0. 0. 0. 1. 1. 1. 0. 0. 0. 1. 0. 1. 0. 0. 0.],9.0,1000,100,0.01,0.0015,1,11,idID,,random,single_objective
731,0.17970178491605585,0.3773737483237173,0.0034364,[0.       0.       0.       0.       0.105728 0.       0.       0.105728 0.       0.       0.       0.       0.105728 0.105728 0.       0.       0.       0.       0.       0.105728 0.105728 0.105728 0.       0.       0.       0.105728 0.       0.154175 0.       0.       0.      ],[0. 0. 0. 0. 1. 0. 0. 1. 0. 0. 0. 0. 1. 1. 0. 0. 0. 0. 0. 1. 1. 1. 0. 0. 0. 1. 0. 1. 0. 0. 0.],9.0,1000,100,0.01,0.0015,1,11,idID,,random,single_objective
732,0.17970178491605585,0.3773737483237173,0.0034364,[0.       0.       0.       0.       0.105728 0.       0.       0.105728 0.       0.       0.       0.       0.105728 0.105728 0.       0.       0.       0.       0.       0.105728 0.105728 0.105728 0.       0.       0.       0.105728 0.       0.154175 0.       0.       0.      ],[0. 0. 0. 0. 1. 0. 0. 1. 0. 0. 0. 0. 1. 1. 0. 0. 0. 0. 0. 1. 1. 1. 0. 0. 0. 1. 0. 1. 0. 0. 0.],9.0,1000,100,0.01,0.0015,1,11,idID,,random,single_objective
733,0.17970178491605585,0.3773737483237173,0.0034364,[0.       0.       0.       0.       0.105728 0.       0.       0.105728 0.       0.       0.       0.       0.105728 0.105728 0.       0.       0.       0.       0.       0.105728 0.105728 0.105728 0.       0.       0.       0.105728 0.       0.154175 0.       0.       0.      ],[0. 0. 0. 0. 1. 0. 0. 1. 0. 0. 0. 0. 1. 1. 0. 0. 0. 0. 0. 1. 1. 1. 0. 0. 0. 1. 0. 1. 0. 0. 0.],9.0,1000,100,0.01,0.0015,1,11,idID,,random,single_objective
734,0.17970178491605585,0.3773737483237173,0.0034364,[0.       0.       0.       0.       0.105728 0.       0.       0.105728 0.       0.       0.       0.       0.105728 0.105728 0.       0.       0.       0.       0.       0.105728 0.105728 0.105728 0.       0.       0.       0.105728 0.       0.154175 0.       0.       0.      ],[0. 0. 0. 0. 1. 0. 0. 1. 0. 0. 0. 0. 1. 1. 0. 0. 0. 0. 0. 1. 1. 1. 0. 0. 0. 1. 0. 1. 0. 0. 0.],9.0,1000,100,0.01,0.0015,1,11,idID,,random,single_objective
735,0.17970178491605585,0.3773737483237173,0.0034364,[0.       0.       0.       0.       0.105728 0.       0.       0.105728 0.       0.       0.       0.       0.105728 0.105728 0.       0.       0.       0.       0.       0.105728 0.105728 0.105728 0.       0.       0.       0.105728 0.       0.154175 0.       0.       0.      ],[0. 0. 0. 0. 1. 0. 0. 1. 0. 0. 0. 0. 1. 1. 0. 0. 0. 0. 0. 1. 1. 1. 0. 0. 0. 1. 0. 1. 0. 0. 0.],9.0,1000,100,0.01,0.0015,1,11,idID,,random,single_objective
736,0.17970178491605585,0.3773737483237173,0.0034364,[0.       0.       0.       0.       0.105728 0.       0.       0.105728 0.       0.       0.       0.       0.105728 0.105728 0.       0.       0.       0.       0.       0.105728 0.105728 0.105728 0.       0.       0.       0.105728 0.       0.154175 0.       0.       0.      ],[0. 0. 0. 0. 1. 0. 0. 1. 0. 0. 0. 0. 1. 1. 0. 0. 0. 0. 0. 1. 1. 1. 0. 0. 0. 1. 0. 1. 0. 0. 0.],9.0,1000,100,0.01,0.0015,1,11,idID,,random,single_objective
737,0.17970178491605585,0.3773737483237173,0.0034364,[0.       0.       0.       0.       0.105728 0.       0.       0.105728 0.       0.       0.       0.       0.105728 0.105728 0.       0.       0.       0.       0.       0.105728 0.105728 0.105728 0.       0.       0.       0.105728 0.       0.154175 0.       0.       0.      ],[0. 0. 0. 0. 1. 0. 0. 1. 0. 0. 0. 0. 1. 1. 0. 0. 0. 0. 0. 1. 1. 1. 0. 0. 0. 1. 0. 1. 0. 0. 0.],9.0,1000,100,0.01,0.0015,1,11,idID,,random,single_objective
738,0.17970178491605585,0.3773737483237173,0.0034364,[0.       0.       0.       0.       0.105728 0.       0.       0.105728 0.       0.       0.       0.       0.105728 0.105728 0.       0.       0.       0.       0.       0.105728 0.105728 0.105728 0.       0.       0.       0.105728 0.       0.154175 0.       0.       0.      ],[0. 0. 0. 0. 1. 0. 0. 1. 0. 0. 0. 0. 1. 1. 0. 0. 0. 0. 0. 1. 1. 1. 0. 0. 0. 1. 0. 1. 0. 0. 0.],9.0,1000,100,0.01,0.0015,1,11,idID,,random,single_objective
739,0.17970178491605585,0.3773737483237173,0.0034364,[0.       0.       0.       0.       0.105728 0.       0.       0.105728 0.       0.       0.       0.       0.105728 0.105728 0.       0.       0.       0.       0.       0.105728 0.105728 0.105728 0.       0.       0.       0.105728 0.       0.154175 0.       0.       0.      ],[0. 0. 0. 0. 1. 0. 0. 1. 0. 0. 0. 0. 1. 1. 0. 0. 0. 0. 0. 1. 1. 1. 0. 0. 0. 1. 0. 1. 0. 0. 0.],9.0,1000,100,0.01,0.0015,1,11,idID,,random,single_objective
740,0.17970178491605585,0.3773737483237173,0.0034364,[0.       0.       0.       0.       0.105728 0.       0.       0.105728 0.       0.       0.       0.       0.105728 0.105728 0.       0.       0.       0.       0.       0.105728 0.105728 0.105728 0.       0.       0.       0.105728 0.       0.154175 0.       0.       0.      ],[0. 0. 0. 0. 1. 0. 0. 1. 0. 0. 0. 0. 1. 1. 0. 0. 0. 0. 0. 1. 1. 1. 0. 0. 0. 1. 0. 1. 0. 0. 0.],9.0,1000,100,0.01,0.0015,1,11,idID,,random,single_objective
741,0.17970178491605585,0.3773737483237173,0.0034364,[0.       0.       0.       0.       0.105728 0.       0.       0.105728 0.       0.       0.       0.       0.105728 0.105728 0.       0.       0.       0.       0.       0.105728 0.105728 0.105728 0.       0.       0.       0.105728 0.       0.154175 0.       0.       0.      ],[0. 0. 0. 0. 1. 0. 0. 1. 0. 0. 0. 0. 1. 1. 0. 0. 0. 0. 0. 1. 1. 1. 0. 0. 0. 1. 0. 1. 0. 0. 0.],9.0,1000,100,0.01,0.0015,1,11,idID,,random,single_objective
742,0.17970178491605585,0.3773737483237173,0.0034364,[0.       0.       0.       0.       0.105728 0.       0.       0.105728 0.       0.       0.       0.       0.105728 0.105728 0.       0.       0.       0.       0.       0.105728 0.105728 0.105728 0.       0.       0.       0.105728 0.       0.154175 0.       0.       0.      ],[0. 0. 0. 0. 1. 0. 0. 1. 0. 0. 0. 0. 1. 1. 0. 0. 0. 0. 0. 1. 1. 1. 0. 0. 0. 1. 0. 1. 0. 0. 0.],9.0,1000,100,0.01,0.0015,1,11,idID,,random,single_objective
743,0.17970178491605585,0.3773737483237173,0.0034364,[0.       0.       0.       0.       0.105728 0.       0.       0.105728 0.       0.       0.       0.       0.105728 0.105728 0.       0.       0.       0.       0.       0.105728 0.105728 0.105728 0.       0.       0.       0.105728 0.       0.154175 0.       0.       0.      ],[0. 0. 0. 0. 1. 0. 0. 1. 0. 0. 0. 0. 1. 1. 0. 0. 0. 0. 0. 1. 1. 1. 0. 0. 0. 1. 0. 1. 0. 0. 0.],9.0,1000,100,0.01,0.0015,1,11,idID,,random,single_objective
744,0.17970178491605585,0.3773737483237173,0.0034364,[0.       0.       0.       0.       0.105728 0.       0.       0.105728 0.       0.       0.       0.       0.105728 0.105728 0.       0.       0.       0.       0.       0.105728 0.105728 0.105728 0.       0.       0.       0.105728 0.       0.154175 0.       0.       0.      ],[0. 0. 0. 0. 1. 0. 0. 1. 0. 0. 0. 0. 1. 1. 0. 0. 0. 0. 0. 1. 1. 1. 0. 0. 0. 1. 0. 1. 0. 0. 0.],9.0,1000,100,0.01,0.0015,1,11,idID,,random,single_objective
745,0.17970178491605585,0.3773737483237173,0.0034364,[0.       0.       0.       0.       0.105728 0.       0.       0.105728 0.       0.       0.       0.       0.105728 0.105728 0.       0.       0.       0.       0.       0.105728 0.105728 0.105728 0.       0.       0.       0.105728 0.       0.154175 0.       0.       0.      ],[0. 0. 0. 0. 1. 0. 0. 1. 0. 0. 0. 0. 1. 1. 0. 0. 0. 0. 0. 1. 1. 1. 0. 0. 0. 1. 0. 1. 0. 0. 0.],9.0,1000,100,0.01,0.0015,1,11,idID,,random,single_objective
746,0.17970178491605585,0.3773737483237173,0.0034364,[0.       0.       0.       0.       0.105728 0.       0.       0.105728 0.       0.       0.       0.       0.105728 0.105728 0.       0.       0.       0.       0.       0.105728 0.105728 0.105728 0.       0.       0.       0.105728 0.       0.154175 0.       0.       0.      ],[0. 0. 0. 0. 1. 0. 0. 1. 0. 0. 0. 0. 1. 1. 0. 0. 0. 0. 0. 1. 1. 1. 0. 0. 0. 1. 0. 1. 0. 0. 0.],9.0,1000,100,0.01,0.0015,1,11,idID,,random,single_objective
747,0.17970178491605585,0.3773737483237173,0.0034364,[0.       0.       0.       0.       0.105728 0.       0.       0.105728 0.       0.       0.       0.       0.105728 0.105728 0.       0.       0.       0.       0.       0.105728 0.105728 0.105728 0.       0.       0.       0.105728 0.       0.154175 0.       0.       0.      ],[0. 0. 0. 0. 1. 0. 0. 1. 0. 0. 0. 0. 1. 1. 0. 0. 0. 0. 0. 1. 1. 1. 0. 0. 0. 1. 0. 1. 0. 0. 0.],9.0,1000,100,0.01,0.0015,1,11,idID,,random,single_objective
748,0.17970178491605585,0.3773737483237173,0.0034364,[0.       0.       0.       0.       0.105728 0.       0.       0.105728 0.       0.       0.       0.       0.105728 0.105728 0.       0.       0.       0.       0.       0.105728 0.105728 0.105728 0.       0.       0.       0.105728 0.       0.154175 0.       0.       0.      ],[0. 0. 0. 0. 1. 0. 0. 1. 0. 0. 0. 0. 1. 1. 0. 0. 0. 0. 0. 1. 1. 1. 0. 0. 0. 1. 0. 1. 0. 0. 0.],9.0,1000,100,0.01,0.0015,1,11,idID,,random,single_objective
749,0.17970178491605585,0.3773737483237173,0.0034364,[0.       0.       0.       0.       0.105728 0.       0.       0.105728 0.       0.       0.       0.       0.105728 0.105728 0.       0.       0.       0.       0.       0.105728 0.105728 0.105728 0.       0.       0.       0.105728 0.       0.154175 0.       0.       0.      ],[0. 0. 0. 0. 1. 0. 0. 1. 0. 0. 0. 0. 1. 1. 0. 0. 0. 0. 0. 1. 1. 1. 0. 0. 0. 1. 0. 1. 0. 0. 0.],9.0,1000,100,0.01,0.0015,1,11,idID,,random,single_objective
750,0.17970178491605585,0.3773737483237173,0.0034364,[0.       0.       0.       0.       0.105728 0.       0.       0.105728 0.       0.       0.       0.       0.105728 0.105728 0.       0.       0.       0.       0.       0.105728 0.105728 0.105728 0.       0.       0.       0.105728 0.       0.154175 0.       0.       0.      ],[0. 0. 0. 0. 1. 0. 0. 1. 0. 0. 0. 0. 1. 1. 0. 0. 0. 0. 0. 1. 1. 1. 0. 0. 0. 1. 0. 1. 0. 0. 0.],9.0,1000,100,0.01,0.0015,1,11,idID,,random,single_objective
751,0.17970178491605585,0.3773737483237173,0.0034364,[0.       0.       0.       0.       0.105728 0.       0.       0.105728 0.       0.       0.       0.       0.105728 0.105728 0.       0.       0.       0.       0.       0.105728 0.105728 0.105728 0.       0.       0.       0.105728 0.       0.154175 0.       0.       0.      ],[0. 0. 0. 0. 1. 0. 0. 1. 0. 0. 0. 0. 1. 1. 0. 0. 0. 0. 0. 1. 1. 1. 0. 0. 0. 1. 0. 1. 0. 0. 0.],9.0,1000,100,0.01,0.0015,1,11,idID,,random,single_objective
752,0.17970178491605585,0.3773737483237173,0.0034364,[0.       0.       0.       0.       0.105728 0.       0.       0.105728 0.       0.       0.       0.       0.105728 0.105728 0.       0.       0.       0.       0.       0.105728 0.105728 0.105728 0.       0.       0.       0.105728 0.       0.154175 0.       0.       0.      ],[0. 0. 0. 0. 1. 0. 0. 1. 0. 0. 0. 0. 1. 1. 0. 0. 0. 0. 0. 1. 1. 1. 0. 0. 0. 1. 0. 1. 0. 0. 0.],9.0,1000,100,0.01,0.0015,1,11,idID,,random,single_objective
753,0.17970178491605585,0.3773737483237173,0.0034364,[0.       0.       0.       0.       0.105728 0.       0.       0.105728 0.       0.       0.       0.       0.105728 0.105728 0.       0.       0.       0.       0.       0.105728 0.105728 0.105728 0.       0.       0.       0.105728 0.       0.154175 0.       0.       0.      ],[0. 0. 0. 0. 1. 0. 0. 1. 0. 0. 0. 0. 1. 1. 0. 0. 0. 0. 0. 1. 1. 1. 0. 0. 0. 1. 0. 1. 0. 0. 0.],9.0,1000,100,0.01,0.0015,1,11,idID,,random,single_objective
754,0.17970178491605585,0.3773737483237173,0.0034364,[0.       0.       0.       0.       0.105728 0.       0.       0.105728 0.       0.       0.       0.       0.105728 0.105728 0.       0.       0.       0.       0.       0.105728 0.105728 0.105728 0.       0.       0.       0.105728 0.       0.154175 0.       0.       0.      ],[0. 0. 0. 0. 1. 0. 0. 1. 0. 0. 0. 0. 1. 1. 0. 0. 0. 0. 0. 1. 1. 1. 0. 0. 0. 1. 0. 1. 0. 0. 0.],9.0,1000,100,0.01,0.0015,1,11,idID,,random,single_objective
755,0.17970178491605585,0.3773737483237173,0.0034364,[0.       0.       0.       0.       0.105728 0.       0.       0.105728 0.       0.       0.       0.       0.105728 0.105728 0.       0.       0.       0.       0.       0.105728 0.105728 0.105728 0.       0.       0.       0.105728 0.       0.154175 0.       0.       0.      ],[0. 0. 0. 0. 1. 0. 0. 1. 0. 0. 0. 0. 1. 1. 0. 0. 0. 0. 0. 1. 1. 1. 0. 0. 0. 1. 0. 1. 0. 0. 0.],9.0,1000,100,0.01,0.0015,1,11,idID,,random,single_objective
756,0.17970178491605585,0.3773737483237173,0.0034364,[0.       0.       0.       0.       0.105728 0.       0.       0.105728 0.       0.       0.       0.       0.105728 0.105728 0.       0.       0.       0.       0.       0.105728 0.105728 0.105728 0.       0.       0.       0.105728 0.       0.154175 0.       0.       0.      ],[0. 0. 0. 0. 1. 0. 0. 1. 0. 0. 0. 0. 1. 1. 0. 0. 0. 0. 0. 1. 1. 1. 0. 0. 0. 1. 0. 1. 0. 0. 0.],9.0,1000,100,0.01,0.0015,1,11,idID,,random,single_objective
757,0.17970178491605585,0.3773737483237173,0.0034364,[0.       0.       0.       0.       0.105728 0.       0.       0.105728 0.       0.       0.       0.       0.105728 0.105728 0.       0.       0.       0.       0.       0.105728 0.105728 0.105728 0.       0.       0.       0.105728 0.       0.154175 0.       0.       0.      ],[0. 0. 0. 0. 1. 0. 0. 1. 0. 0. 0. 0. 1. 1. 0. 0. 0. 0. 0. 1. 1. 1. 0. 0. 0. 1. 0. 1. 0. 0. 0.],9.0,1000,100,0.01,0.0015,1,11,idID,,random,single_objective
758,0.17970178491605585,0.3773737483237173,0.0034364,[0.       0.       0.       0.       0.105728 0.       0.       0.105728 0.       0.       0.       0.       0.105728 0.105728 0.       0.       0.       0.       0.       0.105728 0.105728 0.105728 0.       0.       0.       0.105728 0.       0.154175 0.       0.       0.      ],[0. 0. 0. 0. 1. 0. 0. 1. 0. 0. 0. 0. 1. 1. 0. 0. 0. 0. 0. 1. 1. 1. 0. 0. 0. 1. 0. 1. 0. 0. 0.],9.0,1000,100,0.01,0.0015,1,11,idID,,random,single_objective
759,0.17970178491605585,0.3773737483237173,0.0034364,[0.       0.       0.       0.       0.105728 0.       0.       0.105728 0.       0.       0.       0.       0.105728 0.105728 0.       0.       0.       0.       0.       0.105728 0.105728 0.105728 0.       0.       0.       0.105728 0.       0.154175 0.       0.       0.      ],[0. 0. 0. 0. 1. 0. 0. 1. 0. 0. 0. 0. 1. 1. 0. 0. 0. 0. 0. 1. 1. 1. 0. 0. 0. 1. 0. 1. 0. 0. 0.],9.0,1000,100,0.01,0.0015,1,11,idID,,random,single_objective
760,0.17970178491605585,0.3773737483237173,0.0034364,[0.       0.       0.       0.       0.105728 0.       0.       0.105728 0.       0.       0.       0.       0.105728 0.105728 0.       0.       0.       0.       0.       0.105728 0.105728 0.105728 0.       0.       0.       0.105728 0.       0.154175 0.       0.       0.      ],[0. 0. 0. 0. 1. 0. 0. 1. 0. 0. 0. 0. 1. 1. 0. 0. 0. 0. 0. 1. 1. 1. 0. 0. 0. 1. 0. 1. 0. 0. 0.],9.0,1000,100,0.01,0.0015,1,11,idID,,random,single_objective
761,0.17970178491605585,0.3773737483237173,0.0034364,[0.       0.       0.       0.       0.105728 0.       0.       0.105728 0.       0.       0.       0.       0.105728 0.105728 0.       0.       0.       0.       0.       0.105728 0.105728 0.105728 0.       0.       0.       0.105728 0.       0.154175 0.       0.       0.      ],[0. 0. 0. 0. 1. 0. 0. 1. 0. 0. 0. 0. 1. 1. 0. 0. 0. 0. 0. 1. 1. 1. 0. 0. 0. 1. 0. 1. 0. 0. 0.],9.0,1000,100,0.01,0.0015,1,11,idID,,random,single_objective
762,0.17970178491605585,0.3773737483237173,0.0034364,[0.       0.       0.       0.       0.105728 0.       0.       0.105728 0.       0.       0.       0.       0.105728 0.105728 0.       0.       0.       0.       0.       0.105728 0.105728 0.105728 0.       0.       0.       0.105728 0.       0.154175 0.       0.       0.      ],[0. 0. 0. 0. 1. 0. 0. 1. 0. 0. 0. 0. 1. 1. 0. 0. 0. 0. 0. 1. 1. 1. 0. 0. 0. 1. 0. 1. 0. 0. 0.],9.0,1000,100,0.01,0.0015,1,11,idID,,random,single_objective
763,0.17970178491605585,0.3773737483237173,0.0034364,[0.       0.       0.       0.       0.105728 0.       0.       0.105728 0.       0.       0.       0.       0.105728 0.105728 0.       0.       0.       0.       0.       0.105728 0.105728 0.105728 0.       0.       0.       0.105728 0.       0.154175 0.       0.       0.      ],[0. 0. 0. 0. 1. 0. 0. 1. 0. 0. 0. 0. 1. 1. 0. 0. 0. 0. 0. 1. 1. 1. 0. 0. 0. 1. 0. 1. 0. 0. 0.],9.0,1000,100,0.01,0.0015,1,11,idID,,random,single_objective
764,0.17970178491605585,0.3773737483237173,0.0034364,[0.       0.       0.       0.       0.105728 0.       0.       0.105728 0.       0.       0.       0.       0.105728 0.105728 0.       0.       0.       0.       0.       0.105728 0.105728 0.105728 0.       0.       0.       0.105728 0.       0.154175 0.       0.       0.      ],[0. 0. 0. 0. 1. 0. 0. 1. 0. 0. 0. 0. 1. 1. 0. 0. 0. 0. 0. 1. 1. 1. 0. 0. 0. 1. 0. 1. 0. 0. 0.],9.0,1000,100,0.01,0.0015,1,11,idID,,random,single_objective
765,0.17970178491605585,0.3773737483237173,0.0034364,[0.       0.       0.       0.       0.105728 0.       0.       0.105728 0.       0.       0.       0.       0.105728 0.105728 0.       0.       0.       0.       0.       0.105728 0.105728 0.105728 0.       0.       0.       0.105728 0.       0.154175 0.       0.       0.      ],[0. 0. 0. 0. 1. 0. 0. 1. 0. 0. 0. 0. 1. 1. 0. 0. 0. 0. 0. 1. 1. 1. 0. 0. 0. 1. 0. 1. 0. 0. 0.],9.0,1000,100,0.01,0.0015,1,11,idID,,random,single_objective
766,0.17970178491605585,0.3773737483237173,0.0034364,[0.       0.       0.       0.       0.105728 0.       0.       0.105728 0.       0.       0.       0.       0.105728 0.105728 0.       0.       0.       0.       0.       0.105728 0.105728 0.105728 0.       0.       0.       0.105728 0.       0.154175 0.       0.       0.      ],[0. 0. 0. 0. 1. 0. 0. 1. 0. 0. 0. 0. 1. 1. 0. 0. 0. 0. 0. 1. 1. 1. 0. 0. 0. 1. 0. 1. 0. 0. 0.],9.0,1000,100,0.01,0.0015,1,11,idID,,random,single_objective
767,0.17970178491605585,0.3773737483237173,0.0034364,[0.       0.       0.       0.       0.105728 0.       0.       0.105728 0.       0.       0.       0.       0.105728 0.105728 0.       0.       0.       0.       0.       0.105728 0.105728 0.105728 0.       0.       0.       0.105728 0.       0.154175 0.       0.       0.      ],[0. 0. 0. 0. 1. 0. 0. 1. 0. 0. 0. 0. 1. 1. 0. 0. 0. 0. 0. 1. 1. 1. 0. 0. 0. 1. 0. 1. 0. 0. 0.],9.0,1000,100,0.01,0.0015,1,11,idID,,random,single_objective
768,0.17970178491605585,0.3773737483237173,0.0034364,[0.       0.       0.       0.       0.105728 0.       0.       0.105728 0.       0.       0.       0.       0.105728 0.105728 0.       0.       0.       0.       0.       0.105728 0.105728 0.105728 0.       0.       0.       0.105728 0.       0.154175 0.       0.       0.      ],[0. 0. 0. 0. 1. 0. 0. 1. 0. 0. 0. 0. 1. 1. 0. 0. 0. 0. 0. 1. 1. 1. 0. 0. 0. 1. 0. 1. 0. 0. 0.],9.0,1000,100,0.01,0.0015,1,11,idID,,random,single_objective
769,0.17970178491605585,0.3773737483237173,0.0034364,[0.       0.       0.       0.       0.105728 0.       0.       0.105728 0.       0.       0.       0.       0.105728 0.105728 0.       0.       0.       0.       0.       0.105728 0.105728 0.105728 0.       0.       0.       0.105728 0.       0.154175 0.       0.       0.      ],[0. 0. 0. 0. 1. 0. 0. 1. 0. 0. 0. 0. 1. 1. 0. 0. 0. 0. 0. 1. 1. 1. 0. 0. 0. 1. 0. 1. 0. 0. 0.],9.0,1000,100,0.01,0.0015,1,11,idID,,random,single_objective
770,0.17970178491605585,0.3773737483237173,0.0034364,[0.       0.       0.       0.       0.105728 0.       0.       0.105728 0.       0.       0.       0.       0.105728 0.105728 0.       0.       0.       0.       0.       0.105728 0.105728 0.105728 0.       0.       0.       0.105728 0.       0.154175 0.       0.       0.      ],[0. 0. 0. 0. 1. 0. 0. 1. 0. 0. 0. 0. 1. 1. 0. 0. 0. 0. 0. 1. 1. 1. 0. 0. 0. 1. 0. 1. 0. 0. 0.],9.0,1000,100,0.01,0.0015,1,11,idID,,random,single_objective
771,0.17970178491605585,0.3773737483237173,0.0034364,[0.       0.       0.       0.       0.105728 0.       0.       0.105728 0.       0.       0.       0.       0.105728 0.105728 0.       0.       0.       0.       0.       0.105728 0.105728 0.105728 0.       0.       0.       0.105728 0.       0.154175 0.       0.       0.      ],[0. 0. 0. 0. 1. 0. 0. 1. 0. 0. 0. 0. 1. 1. 0. 0. 0. 0. 0. 1. 1. 1. 0. 0. 0. 1. 0. 1. 0. 0. 0.],9.0,1000,100,0.01,0.0015,1,11,idID,,random,single_objective
772,0.17970178491605585,0.3773737483237173,0.0034364,[0.       0.       0.       0.       0.105728 0.       0.       0.105728 0.       0.       0.       0.       0.105728 0.105728 0.       0.       0.       0.       0.       0.105728 0.105728 0.105728 0.       0.       0.       0.105728 0.       0.154175 0.       0.       0.      ],[0. 0. 0. 0. 1. 0. 0. 1. 0. 0. 0. 0. 1. 1. 0. 0. 0. 0. 0. 1. 1. 1. 0. 0. 0. 1. 0. 1. 0. 0. 0.],9.0,1000,100,0.01,0.0015,1,11,idID,,random,single_objective
773,0.17970178491605585,0.3773737483237173,0.0034364,[0.       0.       0.       0.       0.105728 0.       0.       0.105728 0.       0.       0.       0.       0.105728 0.105728 0.       0.       0.       0.       0.       0.105728 0.105728 0.105728 0.       0.       0.       0.105728 0.       0.154175 0.       0.       0.      ],[0. 0. 0. 0. 1. 0. 0. 1. 0. 0. 0. 0. 1. 1. 0. 0. 0. 0. 0. 1. 1. 1. 0. 0. 0. 1. 0. 1. 0. 0. 0.],9.0,1000,100,0.01,0.0015,1,11,idID,,random,single_objective
774,0.17970178491605585,0.3773737483237173,0.0034364,[0.       0.       0.       0.       0.105728 0.       0.       0.105728 0.       0.       0.       0.       0.105728 0.105728 0.       0.       0.       0.       0.       0.105728 0.105728 0.105728 0.       0.       0.       0.105728 0.       0.154175 0.       0.       0.      ],[0. 0. 0. 0. 1. 0. 0. 1. 0. 0. 0. 0. 1. 1. 0. 0. 0. 0. 0. 1. 1. 1. 0. 0. 0. 1. 0. 1. 0. 0. 0.],9.0,1000,100,0.01,0.0015,1,11,idID,,random,single_objective
775,0.17970178491605585,0.3773737483237173,0.0034364,[0.       0.       0.       0.       0.105728 0.       0.       0.105728 0.       0.       0.       0.       0.105728 0.105728 0.       0.       0.       0.       0.       0.105728 0.105728 0.105728 0.       0.       0.       0.105728 0.       0.154175 0.       0.       0.      ],[0. 0. 0. 0. 1. 0. 0. 1. 0. 0. 0. 0. 1. 1. 0. 0. 0. 0. 0. 1. 1. 1. 0. 0. 0. 1. 0. 1. 0. 0. 0.],9.0,1000,100,0.01,0.0015,1,11,idID,,random,single_objective
776,0.17970178491605585,0.3773737483237173,0.0034364,[0.       0.       0.       0.       0.105728 0.       0.       0.105728 0.       0.       0.       0.       0.105728 0.105728 0.       0.       0.       0.       0.       0.105728 0.105728 0.105728 0.       0.       0.       0.105728 0.       0.154175 0.       0.       0.      ],[0. 0. 0. 0. 1. 0. 0. 1. 0. 0. 0. 0. 1. 1. 0. 0. 0. 0. 0. 1. 1. 1. 0. 0. 0. 1. 0. 1. 0. 0. 0.],9.0,1000,100,0.01,0.0015,1,11,idID,,random,single_objective
777,0.17970178491605585,0.3773737483237173,0.0034364,[0.       0.       0.       0.       0.105728 0.       0.       0.105728 0.       0.       0.       0.       0.105728 0.105728 0.       0.       0.       0.       0.       0.105728 0.105728 0.105728 0.       0.       0.       0.105728 0.       0.154175 0.       0.       0.      ],[0. 0. 0. 0. 1. 0. 0. 1. 0. 0. 0. 0. 1. 1. 0. 0. 0. 0. 0. 1. 1. 1. 0. 0. 0. 1. 0. 1. 0. 0. 0.],9.0,1000,100,0.01,0.0015,1,11,idID,,random,single_objective
778,0.17970178491605585,0.3773737483237173,0.0034364,[0.       0.       0.       0.       0.105728 0.       0.       0.105728 0.       0.       0.       0.       0.105728 0.105728 0.       0.       0.       0.       0.       0.105728 0.105728 0.105728 0.       0.       0.       0.105728 0.       0.154175 0.       0.       0.      ],[0. 0. 0. 0. 1. 0. 0. 1. 0. 0. 0. 0. 1. 1. 0. 0. 0. 0. 0. 1. 1. 1. 0. 0. 0. 1. 0. 1. 0. 0. 0.],9.0,1000,100,0.01,0.0015,1,11,idID,,random,single_objective
779,0.17970178491605585,0.3773737483237173,0.0034364,[0.       0.       0.       0.       0.105728 0.       0.       0.105728 0.       0.       0.       0.       0.105728 0.105728 0.       0.       0.       0.       0.       0.105728 0.105728 0.105728 0.       0.       0.       0.105728 0.       0.154175 0.       0.       0.      ],[0. 0. 0. 0. 1. 0. 0. 1. 0. 0. 0. 0. 1. 1. 0. 0. 0. 0. 0. 1. 1. 1. 0. 0. 0. 1. 0. 1. 0. 0. 0.],9.0,1000,100,0.01,0.0015,1,11,idID,,random,single_objective
780,0.17970178491605585,0.3773737483237173,0.0034364,[0.       0.       0.       0.       0.105728 0.       0.       0.105728 0.       0.       0.       0.       0.105728 0.105728 0.       0.       0.       0.       0.       0.105728 0.105728 0.105728 0.       0.       0.       0.105728 0.       0.154175 0.       0.       0.      ],[0. 0. 0. 0. 1. 0. 0. 1. 0. 0. 0. 0. 1. 1. 0. 0. 0. 0. 0. 1. 1. 1. 0. 0. 0. 1. 0. 1. 0. 0. 0.],9.0,1000,100,0.01,0.0015,1,11,idID,,random,single_objective
781,0.17970178491605585,0.3773737483237173,0.0034364,[0.       0.       0.       0.       0.105728 0.       0.       0.105728 0.       0.       0.       0.       0.105728 0.105728 0.       0.       0.       0.       0.       0.105728 0.105728 0.105728 0.       0.       0.       0.105728 0.       0.154175 0.       0.       0.      ],[0. 0. 0. 0. 1. 0. 0. 1. 0. 0. 0. 0. 1. 1. 0. 0. 0. 0. 0. 1. 1. 1. 0. 0. 0. 1. 0. 1. 0. 0. 0.],9.0,1000,100,0.01,0.0015,1,11,idID,,random,single_objective
782,0.17970178491605585,0.3773737483237173,0.0034364,[0.       0.       0.       0.       0.105728 0.       0.       0.105728 0.       0.       0.       0.       0.105728 0.105728 0.       0.       0.       0.       0.       0.105728 0.105728 0.105728 0.       0.       0.       0.105728 0.       0.154175 0.       0.       0.      ],[0. 0. 0. 0. 1. 0. 0. 1. 0. 0. 0. 0. 1. 1. 0. 0. 0. 0. 0. 1. 1. 1. 0. 0. 0. 1. 0. 1. 0. 0. 0.],9.0,1000,100,0.01,0.0015,1,11,idID,,random,single_objective
783,0.17970178491605585,0.3773737483237173,0.0034364,[0.       0.       0.       0.       0.105728 0.       0.       0.105728 0.       0.       0.       0.       0.105728 0.105728 0.       0.       0.       0.       0.       0.105728 0.105728 0.105728 0.       0.       0.       0.105728 0.       0.154175 0.       0.       0.      ],[0. 0. 0. 0. 1. 0. 0. 1. 0. 0. 0. 0. 1. 1. 0. 0. 0. 0. 0. 1. 1. 1. 0. 0. 0. 1. 0. 1. 0. 0. 0.],9.0,1000,100,0.01,0.0015,1,11,idID,,random,single_objective
784,0.17970178491605585,0.3773737483237173,0.0034364,[0.       0.       0.       0.       0.105728 0.       0.       0.105728 0.       0.       0.       0.       0.105728 0.105728 0.       0.       0.       0.       0.       0.105728 0.105728 0.105728 0.       0.       0.       0.105728 0.       0.154175 0.       0.       0.      ],[0. 0. 0. 0. 1. 0. 0. 1. 0. 0. 0. 0. 1. 1. 0. 0. 0. 0. 0. 1. 1. 1. 0. 0. 0. 1. 0. 1. 0. 0. 0.],9.0,1000,100,0.01,0.0015,1,11,idID,,random,single_objective
785,0.17970178491605585,0.3773737483237173,0.0034364,[0.       0.       0.       0.       0.105728 0.       0.       0.105728 0.       0.       0.       0.       0.105728 0.105728 0.       0.       0.       0.       0.       0.105728 0.105728 0.105728 0.       0.       0.       0.105728 0.       0.154175 0.       0.       0.      ],[0. 0. 0. 0. 1. 0. 0. 1. 0. 0. 0. 0. 1. 1. 0. 0. 0. 0. 0. 1. 1. 1. 0. 0. 0. 1. 0. 1. 0. 0. 0.],9.0,1000,100,0.01,0.0015,1,11,idID,,random,single_objective
786,0.17970178491605585,0.3773737483237173,0.0034364,[0.       0.       0.       0.       0.105728 0.       0.       0.105728 0.       0.       0.       0.       0.105728 0.105728 0.       0.       0.       0.       0.       0.105728 0.105728 0.105728 0.       0.       0.       0.105728 0.       0.154175 0.       0.       0.      ],[0. 0. 0. 0. 1. 0. 0. 1. 0. 0. 0. 0. 1. 1. 0. 0. 0. 0. 0. 1. 1. 1. 0. 0. 0. 1. 0. 1. 0. 0. 0.],9.0,1000,100,0.01,0.0015,1,11,idID,,random,single_objective
787,0.17970178491605585,0.3773737483237173,0.0034364,[0.       0.       0.       0.       0.105728 0.       0.       0.105728 0.       0.       0.       0.       0.105728 0.105728 0.       0.       0.       0.       0.       0.105728 0.105728 0.105728 0.       0.       0.       0.105728 0.       0.154175 0.       0.       0.      ],[0. 0. 0. 0. 1. 0. 0. 1. 0. 0. 0. 0. 1. 1. 0. 0. 0. 0. 0. 1. 1. 1. 0. 0. 0. 1. 0. 1. 0. 0. 0.],9.0,1000,100,0.01,0.0015,1,11,idID,,random,single_objective
788,0.17970178491605585,0.3773737483237173,0.0034364,[0.       0.       0.       0.       0.105728 0.       0.       0.105728 0.       0.       0.       0.       0.105728 0.105728 0.       0.       0.       0.       0.       0.105728 0.105728 0.105728 0.       0.       0.       0.105728 0.       0.154175 0.       0.       0.      ],[0. 0. 0. 0. 1. 0. 0. 1. 0. 0. 0. 0. 1. 1. 0. 0. 0. 0. 0. 1. 1. 1. 0. 0. 0. 1. 0. 1. 0. 0. 0.],9.0,1000,100,0.01,0.0015,1,11,idID,,random,single_objective
789,0.17970178491605585,0.3773737483237173,0.0034364,[0.       0.       0.       0.       0.105728 0.       0.       0.105728 0.       0.       0.       0.       0.105728 0.105728 0.       0.       0.       0.       0.       0.105728 0.105728 0.105728 0.       0.       0.       0.105728 0.       0.154175 0.       0.       0.      ],[0. 0. 0. 0. 1. 0. 0. 1. 0. 0. 0. 0. 1. 1. 0. 0. 0. 0. 0. 1. 1. 1. 0. 0. 0. 1. 0. 1. 0. 0. 0.],9.0,1000,100,0.01,0.0015,1,11,idID,,random,single_objective
790,0.17970178491605585,0.3773737483237173,0.0034364,[0.       0.       0.       0.       0.105728 0.       0.       0.105728 0.       0.       0.       0.       0.105728 0.105728 0.       0.       0.       0.       0.       0.105728 0.105728 0.105728 0.       0.       0.       0.105728 0.       0.154175 0.       0.       0.      ],[0. 0. 0. 0. 1. 0. 0. 1. 0. 0. 0. 0. 1. 1. 0. 0. 0. 0. 0. 1. 1. 1. 0. 0. 0. 1. 0. 1. 0. 0. 0.],9.0,1000,100,0.01,0.0015,1,11,idID,,random,single_objective
791,0.17970178491605585,0.3773737483237173,0.0034364,[0.       0.       0.       0.       0.105728 0.       0.       0.105728 0.       0.       0.       0.       0.105728 0.105728 0.       0.       0.       0.       0.       0.105728 0.105728 0.105728 0.       0.       0.       0.105728 0.       0.154175 0.       0.       0.      ],[0. 0. 0. 0. 1. 0. 0. 1. 0. 0. 0. 0. 1. 1. 0. 0. 0. 0. 0. 1. 1. 1. 0. 0. 0. 1. 0. 1. 0. 0. 0.],9.0,1000,100,0.01,0.0015,1,11,idID,,random,single_objective
792,0.17970178491605585,0.3773737483237173,0.0034364,[0.       0.       0.       0.       0.105728 0.       0.       0.105728 0.       0.       0.       0.       0.105728 0.105728 0.       0.       0.       0.       0.       0.105728 0.105728 0.105728 0.       0.       0.       0.105728 0.       0.154175 0.       0.       0.      ],[0. 0. 0. 0. 1. 0. 0. 1. 0. 0. 0. 0. 1. 1. 0. 0. 0. 0. 0. 1. 1. 1. 0. 0. 0. 1. 0. 1. 0. 0. 0.],9.0,1000,100,0.01,0.0015,1,11,idID,,random,single_objective
793,0.17970178491605585,0.3773737483237173,0.0034364,[0.       0.       0.       0.       0.105728 0.       0.       0.105728 0.       0.       0.       0.       0.105728 0.105728 0.       0.       0.       0.       0.       0.105728 0.105728 0.105728 0.       0.       0.       0.105728 0.       0.154175 0.       0.       0.      ],[0. 0. 0. 0. 1. 0. 0. 1. 0. 0. 0. 0. 1. 1. 0. 0. 0. 0. 0. 1. 1. 1. 0. 0. 0. 1. 0. 1. 0. 0. 0.],9.0,1000,100,0.01,0.0015,1,11,idID,,random,single_objective
794,0.17970178491605585,0.3773737483237173,0.0034364,[0.       0.       0.       0.       0.105728 0.       0.       0.105728 0.       0.       0.       0.       0.105728 0.105728 0.       0.       0.       0.       0.       0.105728 0.105728 0.105728 0.       0.       0.       0.105728 0.       0.154175 0.       0.       0.      ],[0. 0. 0. 0. 1. 0. 0. 1. 0. 0. 0. 0. 1. 1. 0. 0. 0. 0. 0. 1. 1. 1. 0. 0. 0. 1. 0. 1. 0. 0. 0.],9.0,1000,100,0.01,0.0015,1,11,idID,,random,single_objective
795,0.17970178491605585,0.3773737483237173,0.0034364,[0.       0.       0.       0.       0.105728 0.       0.       0.105728 0.       0.       0.       0.       0.105728 0.105728 0.       0.       0.       0.       0.       0.105728 0.105728 0.105728 0.       0.       0.       0.105728 0.       0.154175 0.       0.       0.      ],[0. 0. 0. 0. 1. 0. 0. 1. 0. 0. 0. 0. 1. 1. 0. 0. 0. 0. 0. 1. 1. 1. 0. 0. 0. 1. 0. 1. 0. 0. 0.],9.0,1000,100,0.01,0.0015,1,11,idID,,random,single_objective
796,0.17970178491605585,0.3773737483237173,0.0034364,[0.       0.       0.       0.       0.105728 0.       0.       0.105728 0.       0.       0.       0.       0.105728 0.105728 0.       0.       0.       0.       0.       0.105728 0.105728 0.105728 0.       0.       0.       0.105728 0.       0.154175 0.       0.       0.      ],[0. 0. 0. 0. 1. 0. 0. 1. 0. 0. 0. 0. 1. 1. 0. 0. 0. 0. 0. 1. 1. 1. 0. 0. 0. 1. 0. 1. 0. 0. 0.],9.0,1000,100,0.01,0.0015,1,11,idID,,random,single_objective
797,0.17970178491605585,0.3773737483237173,0.0034364,[0.       0.       0.       0.       0.105728 0.       0.       0.105728 0.       0.       0.       0.       0.105728 0.105728 0.       0.       0.       0.       0.       0.105728 0.105728 0.105728 0.       0.       0.       0.105728 0.       0.154175 0.       0.       0.      ],[0. 0. 0. 0. 1. 0. 0. 1. 0. 0. 0. 0. 1. 1. 0. 0. 0. 0. 0. 1. 1. 1. 0. 0. 0. 1. 0. 1. 0. 0. 0.],9.0,1000,100,0.01,0.0015,1,11,idID,,random,single_objective
798,0.17970178491605585,0.3773737483237173,0.0034364,[0.       0.       0.       0.       0.105728 0.       0.       0.105728 0.       0.       0.       0.       0.105728 0.105728 0.       0.       0.       0.       0.       0.105728 0.105728 0.105728 0.       0.       0.       0.105728 0.       0.154175 0.       0.       0.      ],[0. 0. 0. 0. 1. 0. 0. 1. 0. 0. 0. 0. 1. 1. 0. 0. 0. 0. 0. 1. 1. 1. 0. 0. 0. 1. 0. 1. 0. 0. 0.],9.0,1000,100,0.01,0.0015,1,11,idID,,random,single_objective
799,0.17970178491605585,0.3773737483237173,0.0034364,[0.       0.       0.       0.       0.105728 0.       0.       0.105728 0.       0.       0.       0.       0.105728 0.105728 0.       0.       0.       0.       0.       0.105728 0.105728 0.105728 0.       0.       0.       0.105728 0.       0.154175 0.       0.       0.      ],[0. 0. 0. 0. 1. 0. 0. 1. 0. 0. 0. 0. 1. 1. 0. 0. 0. 0. 0. 1. 1. 1. 0. 0. 0. 1. 0. 1. 0. 0. 0.],9.0,1000,100,0.01,0.0015,1,11,idID,,random,single_objective
800,0.17970178491605585,0.3773737483237173,0.0034364,[0.       0.       0.       0.       0.105728 0.       0.       0.105728 0.       0.       0.       0.       0.105728 0.105728 0.       0.       0.       0.       0.       0.105728 0.105728 0.105728 0.       0.       0.       0.105728 0.       0.154175 0.       0.       0.      ],[0. 0. 0. 0. 1. 0. 0. 1. 0. 0. 0. 0. 1. 1. 0. 0. 0. 0. 0. 1. 1. 1. 0. 0. 0. 1. 0. 1. 0. 0. 0.],9.0,1000,100,0.01,0.0015,1,11,idID,,random,single_objective
801,0.17970178491605585,0.3773737483237173,0.0034364,[0.       0.       0.       0.       0.105728 0.       0.       0.105728 0.       0.       0.       0.       0.105728 0.105728 0.       0.       0.       0.       0.       0.105728 0.105728 0.105728 0.       0.       0.       0.105728 0.       0.154175 0.       0.       0.      ],[0. 0. 0. 0. 1. 0. 0. 1. 0. 0. 0. 0. 1. 1. 0. 0. 0. 0. 0. 1. 1. 1. 0. 0. 0. 1. 0. 1. 0. 0. 0.],9.0,1000,100,0.01,0.0015,1,11,idID,,random,single_objective
802,0.17970178491605585,0.3773737483237173,0.0034364,[0.       0.       0.       0.       0.105728 0.       0.       0.105728 0.       0.       0.       0.       0.105728 0.105728 0.       0.       0.       0.       0.       0.105728 0.105728 0.105728 0.       0.       0.       0.105728 0.       0.154175 0.       0.       0.      ],[0. 0. 0. 0. 1. 0. 0. 1. 0. 0. 0. 0. 1. 1. 0. 0. 0. 0. 0. 1. 1. 1. 0. 0. 0. 1. 0. 1. 0. 0. 0.],9.0,1000,100,0.01,0.0015,1,11,idID,,random,single_objective
803,0.17970178491605585,0.3773737483237173,0.0034364,[0.       0.       0.       0.       0.105728 0.       0.       0.105728 0.       0.       0.       0.       0.105728 0.105728 0.       0.       0.       0.       0.       0.105728 0.105728 0.105728 0.       0.       0.       0.105728 0.       0.154175 0.       0.       0.      ],[0. 0. 0. 0. 1. 0. 0. 1. 0. 0. 0. 0. 1. 1. 0. 0. 0. 0. 0. 1. 1. 1. 0. 0. 0. 1. 0. 1. 0. 0. 0.],9.0,1000,100,0.01,0.0015,1,11,idID,,random,single_objective
804,0.17970178491605585,0.3773737483237173,0.0034364,[0.       0.       0.       0.       0.105728 0.       0.       0.105728 0.       0.       0.       0.       0.105728 0.105728 0.       0.       0.       0.       0.       0.105728 0.105728 0.105728 0.       0.       0.       0.105728 0.       0.154175 0.       0.       0.      ],[0. 0. 0. 0. 1. 0. 0. 1. 0. 0. 0. 0. 1. 1. 0. 0. 0. 0. 0. 1. 1. 1. 0. 0. 0. 1. 0. 1. 0. 0. 0.],9.0,1000,100,0.01,0.0015,1,11,idID,,random,single_objective
805,0.17970178491605585,0.3773737483237173,0.0034364,[0.       0.       0.       0.       0.105728 0.       0.       0.105728 0.       0.       0.       0.       0.105728 0.105728 0.       0.       0.       0.       0.       0.105728 0.105728 0.105728 0.       0.       0.       0.105728 0.       0.154175 0.       0.       0.      ],[0. 0. 0. 0. 1. 0. 0. 1. 0. 0. 0. 0. 1. 1. 0. 0. 0. 0. 0. 1. 1. 1. 0. 0. 0. 1. 0. 1. 0. 0. 0.],9.0,1000,100,0.01,0.0015,1,11,idID,,random,single_objective
806,0.17970178491605585,0.3773737483237173,0.0034364,[0.       0.       0.       0.       0.105728 0.       0.       0.105728 0.       0.       0.       0.       0.105728 0.105728 0.       0.       0.       0.       0.       0.105728 0.105728 0.105728 0.       0.       0.       0.105728 0.       0.154175 0.       0.       0.      ],[0. 0. 0. 0. 1. 0. 0. 1. 0. 0. 0. 0. 1. 1. 0. 0. 0. 0. 0. 1. 1. 1. 0. 0. 0. 1. 0. 1. 0. 0. 0.],9.0,1000,100,0.01,0.0015,1,11,idID,,random,single_objective
807,0.17970178491605585,0.3773737483237173,0.0034364,[0.       0.       0.       0.       0.105728 0.       0.       0.105728 0.       0.       0.       0.       0.105728 0.105728 0.       0.       0.       0.       0.       0.105728 0.105728 0.105728 0.       0.       0.       0.105728 0.       0.154175 0.       0.       0.      ],[0. 0. 0. 0. 1. 0. 0. 1. 0. 0. 0. 0. 1. 1. 0. 0. 0. 0. 0. 1. 1. 1. 0. 0. 0. 1. 0. 1. 0. 0. 0.],9.0,1000,100,0.01,0.0015,1,11,idID,,random,single_objective
808,0.17970178491605585,0.3773737483237173,0.0034364,[0.       0.       0.       0.       0.105728 0.       0.       0.105728 0.       0.       0.       0.       0.105728 0.105728 0.       0.       0.       0.       0.       0.105728 0.105728 0.105728 0.       0.       0.       0.105728 0.       0.154175 0.       0.       0.      ],[0. 0. 0. 0. 1. 0. 0. 1. 0. 0. 0. 0. 1. 1. 0. 0. 0. 0. 0. 1. 1. 1. 0. 0. 0. 1. 0. 1. 0. 0. 0.],9.0,1000,100,0.01,0.0015,1,11,idID,,random,single_objective
809,0.17970178491605585,0.3773737483237173,0.0034364,[0.       0.       0.       0.       0.105728 0.       0.       0.105728 0.       0.       0.       0.       0.105728 0.105728 0.       0.       0.       0.       0.       0.105728 0.105728 0.105728 0.       0.       0.       0.105728 0.       0.154175 0.       0.       0.      ],[0. 0. 0. 0. 1. 0. 0. 1. 0. 0. 0. 0. 1. 1. 0. 0. 0. 0. 0. 1. 1. 1. 0. 0. 0. 1. 0. 1. 0. 0. 0.],9.0,1000,100,0.01,0.0015,1,11,idID,,random,single_objective
810,0.17970178491605585,0.3773737483237173,0.0034364,[0.       0.       0.       0.       0.105728 0.       0.       0.105728 0.       0.       0.       0.       0.105728 0.105728 0.       0.       0.       0.       0.       0.105728 0.105728 0.105728 0.       0.       0.       0.105728 0.       0.154175 0.       0.       0.      ],[0. 0. 0. 0. 1. 0. 0. 1. 0. 0. 0. 0. 1. 1. 0. 0. 0. 0. 0. 1. 1. 1. 0. 0. 0. 1. 0. 1. 0. 0. 0.],9.0,1000,100,0.01,0.0015,1,11,idID,,random,single_objective
811,0.17970178491605585,0.3773737483237173,0.0034364,[0.       0.       0.       0.       0.105728 0.       0.       0.105728 0.       0.       0.       0.       0.105728 0.105728 0.       0.       0.       0.       0.       0.105728 0.105728 0.105728 0.       0.       0.       0.105728 0.       0.154175 0.       0.       0.      ],[0. 0. 0. 0. 1. 0. 0. 1. 0. 0. 0. 0. 1. 1. 0. 0. 0. 0. 0. 1. 1. 1. 0. 0. 0. 1. 0. 1. 0. 0. 0.],9.0,1000,100,0.01,0.0015,1,11,idID,,random,single_objective
812,0.17970178491605585,0.3773737483237173,0.0034364,[0.       0.       0.       0.       0.105728 0.       0.       0.105728 0.       0.       0.       0.       0.105728 0.105728 0.       0.       0.       0.       0.       0.105728 0.105728 0.105728 0.       0.       0.       0.105728 0.       0.154175 0.       0.       0.      ],[0. 0. 0. 0. 1. 0. 0. 1. 0. 0. 0. 0. 1. 1. 0. 0. 0. 0. 0. 1. 1. 1. 0. 0. 0. 1. 0. 1. 0. 0. 0.],9.0,1000,100,0.01,0.0015,1,11,idID,,random,single_objective
813,0.17970178491605585,0.3773737483237173,0.0034364,[0.       0.       0.       0.       0.105728 0.       0.       0.105728 0.       0.       0.       0.       0.105728 0.105728 0.       0.       0.       0.       0.       0.105728 0.105728 0.105728 0.       0.       0.       0.105728 0.       0.154175 0.       0.       0.      ],[0. 0. 0. 0. 1. 0. 0. 1. 0. 0. 0. 0. 1. 1. 0. 0. 0. 0. 0. 1. 1. 1. 0. 0. 0. 1. 0. 1. 0. 0. 0.],9.0,1000,100,0.01,0.0015,1,11,idID,,random,single_objective
814,0.17970178491605585,0.3773737483237173,0.0034364,[0.       0.       0.       0.       0.105728 0.       0.       0.105728 0.       0.       0.       0.       0.105728 0.105728 0.       0.       0.       0.       0.       0.105728 0.105728 0.105728 0.       0.       0.       0.105728 0.       0.154175 0.       0.       0.      ],[0. 0. 0. 0. 1. 0. 0. 1. 0. 0. 0. 0. 1. 1. 0. 0. 0. 0. 0. 1. 1. 1. 0. 0. 0. 1. 0. 1. 0. 0. 0.],9.0,1000,100,0.01,0.0015,1,11,idID,,random,single_objective
815,0.17970178491605585,0.3773737483237173,0.0034364,[0.       0.       0.       0.       0.105728 0.       0.       0.105728 0.       0.       0.       0.       0.105728 0.105728 0.       0.       0.       0.       0.       0.105728 0.105728 0.105728 0.       0.       0.       0.105728 0.       0.154175 0.       0.       0.      ],[0. 0. 0. 0. 1. 0. 0. 1. 0. 0. 0. 0. 1. 1. 0. 0. 0. 0. 0. 1. 1. 1. 0. 0. 0. 1. 0. 1. 0. 0. 0.],9.0,1000,100,0.01,0.0015,1,11,idID,,random,single_objective
816,0.17970178491605585,0.3773737483237173,0.0034364,[0.       0.       0.       0.       0.105728 0.       0.       0.105728 0.       0.       0.       0.       0.105728 0.105728 0.       0.       0.       0.       0.       0.105728 0.105728 0.105728 0.       0.       0.       0.105728 0.       0.154175 0.       0.       0.      ],[0. 0. 0. 0. 1. 0. 0. 1. 0. 0. 0. 0. 1. 1. 0. 0. 0. 0. 0. 1. 1. 1. 0. 0. 0. 1. 0. 1. 0. 0. 0.],9.0,1000,100,0.01,0.0015,1,11,idID,,random,single_objective
817,0.17970178491605585,0.3773737483237173,0.0034364,[0.       0.       0.       0.       0.105728 0.       0.       0.105728 0.       0.       0.       0.       0.105728 0.105728 0.       0.       0.       0.       0.       0.105728 0.105728 0.105728 0.       0.       0.       0.105728 0.       0.154175 0.       0.       0.      ],[0. 0. 0. 0. 1. 0. 0. 1. 0. 0. 0. 0. 1. 1. 0. 0. 0. 0. 0. 1. 1. 1. 0. 0. 0. 1. 0. 1. 0. 0. 0.],9.0,1000,100,0.01,0.0015,1,11,idID,,random,single_objective
818,0.17970178491605585,0.3773737483237173,0.0034364,[0.       0.       0.       0.       0.105728 0.       0.       0.105728 0.       0.       0.       0.       0.105728 0.105728 0.       0.       0.       0.       0.       0.105728 0.105728 0.105728 0.       0.       0.       0.105728 0.       0.154175 0.       0.       0.      ],[0. 0. 0. 0. 1. 0. 0. 1. 0. 0. 0. 0. 1. 1. 0. 0. 0. 0. 0. 1. 1. 1. 0. 0. 0. 1. 0. 1. 0. 0. 0.],9.0,1000,100,0.01,0.0015,1,11,idID,,random,single_objective
819,0.17970178491605585,0.3773737483237173,0.0034364,[0.       0.       0.       0.       0.105728 0.       0.       0.105728 0.       0.       0.       0.       0.105728 0.105728 0.       0.       0.       0.       0.       0.105728 0.105728 0.105728 0.       0.       0.       0.105728 0.       0.154175 0.       0.       0.      ],[0. 0. 0. 0. 1. 0. 0. 1. 0. 0. 0. 0. 1. 1. 0. 0. 0. 0. 0. 1. 1. 1. 0. 0. 0. 1. 0. 1. 0. 0. 0.],9.0,1000,100,0.01,0.0015,1,11,idID,,random,single_objective
820,0.17970178491605585,0.3773737483237173,0.0034364,[0.       0.       0.       0.       0.105728 0.       0.       0.105728 0.       0.       0.       0.       0.105728 0.105728 0.       0.       0.       0.       0.       0.105728 0.105728 0.105728 0.       0.       0.       0.105728 0.       0.154175 0.       0.       0.      ],[0. 0. 0. 0. 1. 0. 0. 1. 0. 0. 0. 0. 1. 1. 0. 0. 0. 0. 0. 1. 1. 1. 0. 0. 0. 1. 0. 1. 0. 0. 0.],9.0,1000,100,0.01,0.0015,1,11,idID,,random,single_objective
821,0.17970178491605585,0.3773737483237173,0.0034364,[0.       0.       0.       0.       0.105728 0.       0.       0.105728 0.       0.       0.       0.       0.105728 0.105728 0.       0.       0.       0.       0.       0.105728 0.105728 0.105728 0.       0.       0.       0.105728 0.       0.154175 0.       0.       0.      ],[0. 0. 0. 0. 1. 0. 0. 1. 0. 0. 0. 0. 1. 1. 0. 0. 0. 0. 0. 1. 1. 1. 0. 0. 0. 1. 0. 1. 0. 0. 0.],9.0,1000,100,0.01,0.0015,1,11,idID,,random,single_objective
822,0.17970178491605585,0.3773737483237173,0.0034364,[0.       0.       0.       0.       0.105728 0.       0.       0.105728 0.       0.       0.       0.       0.105728 0.105728 0.       0.       0.       0.       0.       0.105728 0.105728 0.105728 0.       0.       0.       0.105728 0.       0.154175 0.       0.       0.      ],[0. 0. 0. 0. 1. 0. 0. 1. 0. 0. 0. 0. 1. 1. 0. 0. 0. 0. 0. 1. 1. 1. 0. 0. 0. 1. 0. 1. 0. 0. 0.],9.0,1000,100,0.01,0.0015,1,11,idID,,random,single_objective
823,0.17970178491605585,0.3773737483237173,0.0034364,[0.       0.       0.       0.       0.105728 0.       0.       0.105728 0.       0.       0.       0.       0.105728 0.105728 0.       0.       0.       0.       0.       0.105728 0.105728 0.105728 0.       0.       0.       0.105728 0.       0.154175 0.       0.       0.      ],[0. 0. 0. 0. 1. 0. 0. 1. 0. 0. 0. 0. 1. 1. 0. 0. 0. 0. 0. 1. 1. 1. 0. 0. 0. 1. 0. 1. 0. 0. 0.],9.0,1000,100,0.01,0.0015,1,11,idID,,random,single_objective
824,0.17970178491605585,0.3773737483237173,0.0034364,[0.       0.       0.       0.       0.105728 0.       0.       0.105728 0.       0.       0.       0.       0.105728 0.105728 0.       0.       0.       0.       0.       0.105728 0.105728 0.105728 0.       0.       0.       0.105728 0.       0.154175 0.       0.       0.      ],[0. 0. 0. 0. 1. 0. 0. 1. 0. 0. 0. 0. 1. 1. 0. 0. 0. 0. 0. 1. 1. 1. 0. 0. 0. 1. 0. 1. 0. 0. 0.],9.0,1000,100,0.01,0.0015,1,11,idID,,random,single_objective
825,0.17970178491605585,0.3773737483237173,0.0034364,[0.       0.       0.       0.       0.105728 0.       0.       0.105728 0.       0.       0.       0.       0.105728 0.105728 0.       0.       0.       0.       0.       0.105728 0.105728 0.105728 0.       0.       0.       0.105728 0.       0.154175 0.       0.       0.      ],[0. 0. 0. 0. 1. 0. 0. 1. 0. 0. 0. 0. 1. 1. 0. 0. 0. 0. 0. 1. 1. 1. 0. 0. 0. 1. 0. 1. 0. 0. 0.],9.0,1000,100,0.01,0.0015,1,11,idID,,random,single_objective
826,0.17970178491605585,0.3773737483237173,0.0034364,[0.       0.       0.       0.       0.105728 0.       0.       0.105728 0.       0.       0.       0.       0.105728 0.105728 0.       0.       0.       0.       0.       0.105728 0.105728 0.105728 0.       0.       0.       0.105728 0.       0.154175 0.       0.       0.      ],[0. 0. 0. 0. 1. 0. 0. 1. 0. 0. 0. 0. 1. 1. 0. 0. 0. 0. 0. 1. 1. 1. 0. 0. 0. 1. 0. 1. 0. 0. 0.],9.0,1000,100,0.01,0.0015,1,11,idID,,random,single_objective
827,0.17970178491605585,0.3773737483237173,0.0034364,[0.       0.       0.       0.       0.105728 0.       0.       0.105728 0.       0.       0.       0.       0.105728 0.105728 0.       0.       0.       0.       0.       0.105728 0.105728 0.105728 0.       0.       0.       0.105728 0.       0.154175 0.       0.       0.      ],[0. 0. 0. 0. 1. 0. 0. 1. 0. 0. 0. 0. 1. 1. 0. 0. 0. 0. 0. 1. 1. 1. 0. 0. 0. 1. 0. 1. 0. 0. 0.],9.0,1000,100,0.01,0.0015,1,11,idID,,random,single_objective
828,0.17970178491605585,0.3773737483237173,0.0034364,[0.       0.       0.       0.       0.105728 0.       0.       0.105728 0.       0.       0.       0.       0.105728 0.105728 0.       0.       0.       0.       0.       0.105728 0.105728 0.105728 0.       0.       0.       0.105728 0.       0.154175 0.       0.       0.      ],[0. 0. 0. 0. 1. 0. 0. 1. 0. 0. 0. 0. 1. 1. 0. 0. 0. 0. 0. 1. 1. 1. 0. 0. 0. 1. 0. 1. 0. 0. 0.],9.0,1000,100,0.01,0.0015,1,11,idID,,random,single_objective
829,0.17970178491605585,0.3773737483237173,0.0034364,[0.       0.       0.       0.       0.105728 0.       0.       0.105728 0.       0.       0.       0.       0.105728 0.105728 0.       0.       0.       0.       0.       0.105728 0.105728 0.105728 0.       0.       0.       0.105728 0.       0.154175 0.       0.       0.      ],[0. 0. 0. 0. 1. 0. 0. 1. 0. 0. 0. 0. 1. 1. 0. 0. 0. 0. 0. 1. 1. 1. 0. 0. 0. 1. 0. 1. 0. 0. 0.],9.0,1000,100,0.01,0.0015,1,11,idID,,random,single_objective
830,0.17970178491605585,0.3773737483237173,0.0034364,[0.       0.       0.       0.       0.105728 0.       0.       0.105728 0.       0.       0.       0.       0.105728 0.105728 0.       0.       0.       0.       0.       0.105728 0.105728 0.105728 0.       0.       0.       0.105728 0.       0.154175 0.       0.       0.      ],[0. 0. 0. 0. 1. 0. 0. 1. 0. 0. 0. 0. 1. 1. 0. 0. 0. 0. 0. 1. 1. 1. 0. 0. 0. 1. 0. 1. 0. 0. 0.],9.0,1000,100,0.01,0.0015,1,11,idID,,random,single_objective
831,0.17970178491605585,0.3773737483237173,0.0034364,[0.       0.       0.       0.       0.105728 0.       0.       0.105728 0.       0.       0.       0.       0.105728 0.105728 0.       0.       0.       0.       0.       0.105728 0.105728 0.105728 0.       0.       0.       0.105728 0.       0.154175 0.       0.       0.      ],[0. 0. 0. 0. 1. 0. 0. 1. 0. 0. 0. 0. 1. 1. 0. 0. 0. 0. 0. 1. 1. 1. 0. 0. 0. 1. 0. 1. 0. 0. 0.],9.0,1000,100,0.01,0.0015,1,11,idID,,random,single_objective
832,0.17970178491605585,0.3773737483237173,0.0034364,[0.       0.       0.       0.       0.105728 0.       0.       0.105728 0.       0.       0.       0.       0.105728 0.105728 0.       0.       0.       0.       0.       0.105728 0.105728 0.105728 0.       0.       0.       0.105728 0.       0.154175 0.       0.       0.      ],[0. 0. 0. 0. 1. 0. 0. 1. 0. 0. 0. 0. 1. 1. 0. 0. 0. 0. 0. 1. 1. 1. 0. 0. 0. 1. 0. 1. 0. 0. 0.],9.0,1000,100,0.01,0.0015,1,11,idID,,random,single_objective
833,0.17970178491605585,0.3773737483237173,0.0034364,[0.       0.       0.       0.       0.105728 0.       0.       0.105728 0.       0.       0.       0.       0.105728 0.105728 0.       0.       0.       0.       0.       0.105728 0.105728 0.105728 0.       0.       0.       0.105728 0.       0.154175 0.       0.       0.      ],[0. 0. 0. 0. 1. 0. 0. 1. 0. 0. 0. 0. 1. 1. 0. 0. 0. 0. 0. 1. 1. 1. 0. 0. 0. 1. 0. 1. 0. 0. 0.],9.0,1000,100,0.01,0.0015,1,11,idID,,random,single_objective
834,0.17970178491605585,0.3773737483237173,0.0034364,[0.       0.       0.       0.       0.105728 0.       0.       0.105728 0.       0.       0.       0.       0.105728 0.105728 0.       0.       0.       0.       0.       0.105728 0.105728 0.105728 0.       0.       0.       0.105728 0.       0.154175 0.       0.       0.      ],[0. 0. 0. 0. 1. 0. 0. 1. 0. 0. 0. 0. 1. 1. 0. 0. 0. 0. 0. 1. 1. 1. 0. 0. 0. 1. 0. 1. 0. 0. 0.],9.0,1000,100,0.01,0.0015,1,11,idID,,random,single_objective
835,0.17970178491605585,0.3773737483237173,0.0034364,[0.       0.       0.       0.       0.105728 0.       0.       0.105728 0.       0.       0.       0.       0.105728 0.105728 0.       0.       0.       0.       0.       0.105728 0.105728 0.105728 0.       0.       0.       0.105728 0.       0.154175 0.       0.       0.      ],[0. 0. 0. 0. 1. 0. 0. 1. 0. 0. 0. 0. 1. 1. 0. 0. 0. 0. 0. 1. 1. 1. 0. 0. 0. 1. 0. 1. 0. 0. 0.],9.0,1000,100,0.01,0.0015,1,11,idID,,random,single_objective
836,0.17970178491605585,0.3773737483237173,0.0034364,[0.       0.       0.       0.       0.105728 0.       0.       0.105728 0.       0.       0.       0.       0.105728 0.105728 0.       0.       0.       0.       0.       0.105728 0.105728 0.105728 0.       0.       0.       0.105728 0.       0.154175 0.       0.       0.      ],[0. 0. 0. 0. 1. 0. 0. 1. 0. 0. 0. 0. 1. 1. 0. 0. 0. 0. 0. 1. 1. 1. 0. 0. 0. 1. 0. 1. 0. 0. 0.],9.0,1000,100,0.01,0.0015,1,11,idID,,random,single_objective
837,0.17970178491605585,0.3773737483237173,0.0034364,[0.       0.       0.       0.       0.105728 0.       0.       0.105728 0.       0.       0.       0.       0.105728 0.105728 0.       0.       0.       0.       0.       0.105728 0.105728 0.105728 0.       0.       0.       0.105728 0.       0.154175 0.       0.       0.      ],[0. 0. 0. 0. 1. 0. 0. 1. 0. 0. 0. 0. 1. 1. 0. 0. 0. 0. 0. 1. 1. 1. 0. 0. 0. 1. 0. 1. 0. 0. 0.],9.0,1000,100,0.01,0.0015,1,11,idID,,random,single_objective
838,0.17970178491605585,0.3773737483237173,0.0034364,[0.       0.       0.       0.       0.105728 0.       0.       0.105728 0.       0.       0.       0.       0.105728 0.105728 0.       0.       0.       0.       0.       0.105728 0.105728 0.105728 0.       0.       0.       0.105728 0.       0.154175 0.       0.       0.      ],[0. 0. 0. 0. 1. 0. 0. 1. 0. 0. 0. 0. 1. 1. 0. 0. 0. 0. 0. 1. 1. 1. 0. 0. 0. 1. 0. 1. 0. 0. 0.],9.0,1000,100,0.01,0.0015,1,11,idID,,random,single_objective
839,0.17970178491605585,0.3773737483237173,0.0034364,[0.       0.       0.       0.       0.105728 0.       0.       0.105728 0.       0.       0.       0.       0.105728 0.105728 0.       0.       0.       0.       0.       0.105728 0.105728 0.105728 0.       0.       0.       0.105728 0.       0.154175 0.       0.       0.      ],[0. 0. 0. 0. 1. 0. 0. 1. 0. 0. 0. 0. 1. 1. 0. 0. 0. 0. 0. 1. 1. 1. 0. 0. 0. 1. 0. 1. 0. 0. 0.],9.0,1000,100,0.01,0.0015,1,11,idID,,random,single_objective
840,0.17970178491605585,0.3773737483237173,0.0034364,[0.       0.       0.       0.       0.105728 0.       0.       0.105728 0.       0.       0.       0.       0.105728 0.105728 0.       0.       0.       0.       0.       0.105728 0.105728 0.105728 0.       0.       0.       0.105728 0.       0.154175 0.       0.       0.      ],[0. 0. 0. 0. 1. 0. 0. 1. 0. 0. 0. 0. 1. 1. 0. 0. 0. 0. 0. 1. 1. 1. 0. 0. 0. 1. 0. 1. 0. 0. 0.],9.0,1000,100,0.01,0.0015,1,11,idID,,random,single_objective
841,0.17970178491605585,0.3773737483237173,0.0034364,[0.       0.       0.       0.       0.105728 0.       0.       0.105728 0.       0.       0.       0.       0.105728 0.105728 0.       0.       0.       0.       0.       0.105728 0.105728 0.105728 0.       0.       0.       0.105728 0.       0.154175 0.       0.       0.      ],[0. 0. 0. 0. 1. 0. 0. 1. 0. 0. 0. 0. 1. 1. 0. 0. 0. 0. 0. 1. 1. 1. 0. 0. 0. 1. 0. 1. 0. 0. 0.],9.0,1000,100,0.01,0.0015,1,11,idID,,random,single_objective
842,0.17970178491605585,0.3773737483237173,0.0034364,[0.       0.       0.       0.       0.105728 0.       0.       0.105728 0.       0.       0.       0.       0.105728 0.105728 0.       0.       0.       0.       0.       0.105728 0.105728 0.105728 0.       0.       0.       0.105728 0.       0.154175 0.       0.       0.      ],[0. 0. 0. 0. 1. 0. 0. 1. 0. 0. 0. 0. 1. 1. 0. 0. 0. 0. 0. 1. 1. 1. 0. 0. 0. 1. 0. 1. 0. 0. 0.],9.0,1000,100,0.01,0.0015,1,11,idID,,random,single_objective
843,0.17970178491605585,0.3773737483237173,0.0034364,[0.       0.       0.       0.       0.105728 0.       0.       0.105728 0.       0.       0.       0.       0.105728 0.105728 0.       0.       0.       0.       0.       0.105728 0.105728 0.105728 0.       0.       0.       0.105728 0.       0.154175 0.       0.       0.      ],[0. 0. 0. 0. 1. 0. 0. 1. 0. 0. 0. 0. 1. 1. 0. 0. 0. 0. 0. 1. 1. 1. 0. 0. 0. 1. 0. 1. 0. 0. 0.],9.0,1000,100,0.01,0.0015,1,11,idID,,random,single_objective
844,0.17970178491605585,0.3773737483237173,0.0034364,[0.       0.       0.       0.       0.105728 0.       0.       0.105728 0.       0.       0.       0.       0.105728 0.105728 0.       0.       0.       0.       0.       0.105728 0.105728 0.105728 0.       0.       0.       0.105728 0.       0.154175 0.       0.       0.      ],[0. 0. 0. 0. 1. 0. 0. 1. 0. 0. 0. 0. 1. 1. 0. 0. 0. 0. 0. 1. 1. 1. 0. 0. 0. 1. 0. 1. 0. 0. 0.],9.0,1000,100,0.01,0.0015,1,11,idID,,random,single_objective
845,0.17970178491605585,0.3773737483237173,0.0034364,[0.       0.       0.       0.       0.105728 0.       0.       0.105728 0.       0.       0.       0.       0.105728 0.105728 0.       0.       0.       0.       0.       0.105728 0.105728 0.105728 0.       0.       0.       0.105728 0.       0.154175 0.       0.       0.      ],[0. 0. 0. 0. 1. 0. 0. 1. 0. 0. 0. 0. 1. 1. 0. 0. 0. 0. 0. 1. 1. 1. 0. 0. 0. 1. 0. 1. 0. 0. 0.],9.0,1000,100,0.01,0.0015,1,11,idID,,random,single_objective
846,0.17970178491605585,0.3773737483237173,0.0034364,[0.       0.       0.       0.       0.105728 0.       0.       0.105728 0.       0.       0.       0.       0.105728 0.105728 0.       0.       0.       0.       0.       0.105728 0.105728 0.105728 0.       0.       0.       0.105728 0.       0.154175 0.       0.       0.      ],[0. 0. 0. 0. 1. 0. 0. 1. 0. 0. 0. 0. 1. 1. 0. 0. 0. 0. 0. 1. 1. 1. 0. 0. 0. 1. 0. 1. 0. 0. 0.],9.0,1000,100,0.01,0.0015,1,11,idID,,random,single_objective
847,0.17970178491605585,0.3773737483237173,0.0034364,[0.       0.       0.       0.       0.105728 0.       0.       0.105728 0.       0.       0.       0.       0.105728 0.105728 0.       0.       0.       0.       0.       0.105728 0.105728 0.105728 0.       0.       0.       0.105728 0.       0.154175 0.       0.       0.      ],[0. 0. 0. 0. 1. 0. 0. 1. 0. 0. 0. 0. 1. 1. 0. 0. 0. 0. 0. 1. 1. 1. 0. 0. 0. 1. 0. 1. 0. 0. 0.],9.0,1000,100,0.01,0.0015,1,11,idID,,random,single_objective
848,0.17970178491605585,0.3773737483237173,0.0034364,[0.       0.       0.       0.       0.105728 0.       0.       0.105728 0.       0.       0.       0.       0.105728 0.105728 0.       0.       0.       0.       0.       0.105728 0.105728 0.105728 0.       0.       0.       0.105728 0.       0.154175 0.       0.       0.      ],[0. 0. 0. 0. 1. 0. 0. 1. 0. 0. 0. 0. 1. 1. 0. 0. 0. 0. 0. 1. 1. 1. 0. 0. 0. 1. 0. 1. 0. 0. 0.],9.0,1000,100,0.01,0.0015,1,11,idID,,random,single_objective
849,0.17970178491605585,0.3773737483237173,0.0034364,[0.       0.       0.       0.       0.105728 0.       0.       0.105728 0.       0.       0.       0.       0.105728 0.105728 0.       0.       0.       0.       0.       0.105728 0.105728 0.105728 0.       0.       0.       0.105728 0.       0.154175 0.       0.       0.      ],[0. 0. 0. 0. 1. 0. 0. 1. 0. 0. 0. 0. 1. 1. 0. 0. 0. 0. 0. 1. 1. 1. 0. 0. 0. 1. 0. 1. 0. 0. 0.],9.0,1000,100,0.01,0.0015,1,11,idID,,random,single_objective
850,0.17970178491605585,0.3773737483237173,0.0034364,[0.       0.       0.       0.       0.105728 0.       0.       0.105728 0.       0.       0.       0.       0.105728 0.105728 0.       0.       0.       0.       0.       0.105728 0.105728 0.105728 0.       0.       0.       0.105728 0.       0.154175 0.       0.       0.      ],[0. 0. 0. 0. 1. 0. 0. 1. 0. 0. 0. 0. 1. 1. 0. 0. 0. 0. 0. 1. 1. 1. 0. 0. 0. 1. 0. 1. 0. 0. 0.],9.0,1000,100,0.01,0.0015,1,11,idID,,random,single_objective
851,0.17970178491605585,0.3773737483237173,0.0034364,[0.       0.       0.       0.       0.105728 0.       0.       0.105728 0.       0.       0.       0.       0.105728 0.105728 0.       0.       0.       0.       0.       0.105728 0.105728 0.105728 0.       0.       0.       0.105728 0.       0.154175 0.       0.       0.      ],[0. 0. 0. 0. 1. 0. 0. 1. 0. 0. 0. 0. 1. 1. 0. 0. 0. 0. 0. 1. 1. 1. 0. 0. 0. 1. 0. 1. 0. 0. 0.],9.0,1000,100,0.01,0.0015,1,11,idID,,random,single_objective
852,0.17970178491605585,0.3773737483237173,0.0034364,[0.       0.       0.       0.       0.105728 0.       0.       0.105728 0.       0.       0.       0.       0.105728 0.105728 0.       0.       0.       0.       0.       0.105728 0.105728 0.105728 0.       0.       0.       0.105728 0.       0.154175 0.       0.       0.      ],[0. 0. 0. 0. 1. 0. 0. 1. 0. 0. 0. 0. 1. 1. 0. 0. 0. 0. 0. 1. 1. 1. 0. 0. 0. 1. 0. 1. 0. 0. 0.],9.0,1000,100,0.01,0.0015,1,11,idID,,random,single_objective
853,0.17970178491605585,0.3773737483237173,0.0034364,[0.       0.       0.       0.       0.105728 0.       0.       0.105728 0.       0.       0.       0.       0.105728 0.105728 0.       0.       0.       0.       0.       0.105728 0.105728 0.105728 0.       0.       0.       0.105728 0.       0.154175 0.       0.       0.      ],[0. 0. 0. 0. 1. 0. 0. 1. 0. 0. 0. 0. 1. 1. 0. 0. 0. 0. 0. 1. 1. 1. 0. 0. 0. 1. 0. 1. 0. 0. 0.],9.0,1000,100,0.01,0.0015,1,11,idID,,random,single_objective
854,0.17970178491605585,0.3773737483237173,0.0034364,[0.       0.       0.       0.       0.105728 0.       0.       0.105728 0.       0.       0.       0.       0.105728 0.105728 0.       0.       0.       0.       0.       0.105728 0.105728 0.105728 0.       0.       0.       0.105728 0.       0.154175 0.       0.       0.      ],[0. 0. 0. 0. 1. 0. 0. 1. 0. 0. 0. 0. 1. 1. 0. 0. 0. 0. 0. 1. 1. 1. 0. 0. 0. 1. 0. 1. 0. 0. 0.],9.0,1000,100,0.01,0.0015,1,11,idID,,random,single_objective
855,0.17970178491605585,0.3773737483237173,0.0034364,[0.       0.       0.       0.       0.105728 0.       0.       0.105728 0.       0.       0.       0.       0.105728 0.105728 0.       0.       0.       0.       0.       0.105728 0.105728 0.105728 0.       0.       0.       0.105728 0.       0.154175 0.       0.       0.      ],[0. 0. 0. 0. 1. 0. 0. 1. 0. 0. 0. 0. 1. 1. 0. 0. 0. 0. 0. 1. 1. 1. 0. 0. 0. 1. 0. 1. 0. 0. 0.],9.0,1000,100,0.01,0.0015,1,11,idID,,random,single_objective
856,0.17970178491605585,0.3773737483237173,0.0034364,[0.       0.       0.       0.       0.105728 0.       0.       0.105728 0.       0.       0.       0.       0.105728 0.105728 0.       0.       0.       0.       0.       0.105728 0.105728 0.105728 0.       0.       0.       0.105728 0.       0.154175 0.       0.       0.      ],[0. 0. 0. 0. 1. 0. 0. 1. 0. 0. 0. 0. 1. 1. 0. 0. 0. 0. 0. 1. 1. 1. 0. 0. 0. 1. 0. 1. 0. 0. 0.],9.0,1000,100,0.01,0.0015,1,11,idID,,random,single_objective
857,0.17970178491605585,0.3773737483237173,0.0034364,[0.       0.       0.       0.       0.105728 0.       0.       0.105728 0.       0.       0.       0.       0.105728 0.105728 0.       0.       0.       0.       0.       0.105728 0.105728 0.105728 0.       0.       0.       0.105728 0.       0.154175 0.       0.       0.      ],[0. 0. 0. 0. 1. 0. 0. 1. 0. 0. 0. 0. 1. 1. 0. 0. 0. 0. 0. 1. 1. 1. 0. 0. 0. 1. 0. 1. 0. 0. 0.],9.0,1000,100,0.01,0.0015,1,11,idID,,random,single_objective
858,0.17970178491605585,0.3773737483237173,0.0034364,[0.       0.       0.       0.       0.105728 0.       0.       0.105728 0.       0.       0.       0.       0.105728 0.105728 0.       0.       0.       0.       0.       0.105728 0.105728 0.105728 0.       0.       0.       0.105728 0.       0.154175 0.       0.       0.      ],[0. 0. 0. 0. 1. 0. 0. 1. 0. 0. 0. 0. 1. 1. 0. 0. 0. 0. 0. 1. 1. 1. 0. 0. 0. 1. 0. 1. 0. 0. 0.],9.0,1000,100,0.01,0.0015,1,11,idID,,random,single_objective
859,0.17970178491605585,0.3773737483237173,0.0034364,[0.       0.       0.       0.       0.105728 0.       0.       0.105728 0.       0.       0.       0.       0.105728 0.105728 0.       0.       0.       0.       0.       0.105728 0.105728 0.105728 0.       0.       0.       0.105728 0.       0.154175 0.       0.       0.      ],[0. 0. 0. 0. 1. 0. 0. 1. 0. 0. 0. 0. 1. 1. 0. 0. 0. 0. 0. 1. 1. 1. 0. 0. 0. 1. 0. 1. 0. 0. 0.],9.0,1000,100,0.01,0.0015,1,11,idID,,random,single_objective
860,0.17970178491605585,0.3773737483237173,0.0034364,[0.       0.       0.       0.       0.105728 0.       0.       0.105728 0.       0.       0.       0.       0.105728 0.105728 0.       0.       0.       0.       0.       0.105728 0.105728 0.105728 0.       0.       0.       0.105728 0.       0.154175 0.       0.       0.      ],[0. 0. 0. 0. 1. 0. 0. 1. 0. 0. 0. 0. 1. 1. 0. 0. 0. 0. 0. 1. 1. 1. 0. 0. 0. 1. 0. 1. 0. 0. 0.],9.0,1000,100,0.01,0.0015,1,11,idID,,random,single_objective
861,0.17970178491605585,0.3773737483237173,0.0034364,[0.       0.       0.       0.       0.105728 0.       0.       0.105728 0.       0.       0.       0.       0.105728 0.105728 0.       0.       0.       0.       0.       0.105728 0.105728 0.105728 0.       0.       0.       0.105728 0.       0.154175 0.       0.       0.      ],[0. 0. 0. 0. 1. 0. 0. 1. 0. 0. 0. 0. 1. 1. 0. 0. 0. 0. 0. 1. 1. 1. 0. 0. 0. 1. 0. 1. 0. 0. 0.],9.0,1000,100,0.01,0.0015,1,11,idID,,random,single_objective
862,0.17970178491605585,0.3773737483237173,0.0034364,[0.       0.       0.       0.       0.105728 0.       0.       0.105728 0.       0.       0.       0.       0.105728 0.105728 0.       0.       0.       0.       0.       0.105728 0.105728 0.105728 0.       0.       0.       0.105728 0.       0.154175 0.       0.       0.      ],[0. 0. 0. 0. 1. 0. 0. 1. 0. 0. 0. 0. 1. 1. 0. 0. 0. 0. 0. 1. 1. 1. 0. 0. 0. 1. 0. 1. 0. 0. 0.],9.0,1000,100,0.01,0.0015,1,11,idID,,random,single_objective
863,0.17970178491605585,0.3773737483237173,0.0034364,[0.       0.       0.       0.       0.105728 0.       0.       0.105728 0.       0.       0.       0.       0.105728 0.105728 0.       0.       0.       0.       0.       0.105728 0.105728 0.105728 0.       0.       0.       0.105728 0.       0.154175 0.       0.       0.      ],[0. 0. 0. 0. 1. 0. 0. 1. 0. 0. 0. 0. 1. 1. 0. 0. 0. 0. 0. 1. 1. 1. 0. 0. 0. 1. 0. 1. 0. 0. 0.],9.0,1000,100,0.01,0.0015,1,11,idID,,random,single_objective
864,0.17970178491605585,0.3773737483237173,0.0034364,[0.       0.       0.       0.       0.105728 0.       0.       0.105728 0.       0.       0.       0.       0.105728 0.105728 0.       0.       0.       0.       0.       0.105728 0.105728 0.105728 0.       0.       0.       0.105728 0.       0.154175 0.       0.       0.      ],[0. 0. 0. 0. 1. 0. 0. 1. 0. 0. 0. 0. 1. 1. 0. 0. 0. 0. 0. 1. 1. 1. 0. 0. 0. 1. 0. 1. 0. 0. 0.],9.0,1000,100,0.01,0.0015,1,11,idID,,random,single_objective
865,0.17970178491605585,0.3773737483237173,0.0034364,[0.       0.       0.       0.       0.105728 0.       0.       0.105728 0.       0.       0.       0.       0.105728 0.105728 0.       0.       0.       0.       0.       0.105728 0.105728 0.105728 0.       0.       0.       0.105728 0.       0.154175 0.       0.       0.      ],[0. 0. 0. 0. 1. 0. 0. 1. 0. 0. 0. 0. 1. 1. 0. 0. 0. 0. 0. 1. 1. 1. 0. 0. 0. 1. 0. 1. 0. 0. 0.],9.0,1000,100,0.01,0.0015,1,11,idID,,random,single_objective
866,0.17970178491605585,0.3773737483237173,0.0034364,[0.       0.       0.       0.       0.105728 0.       0.       0.105728 0.       0.       0.       0.       0.105728 0.105728 0.       0.       0.       0.       0.       0.105728 0.105728 0.105728 0.       0.       0.       0.105728 0.       0.154175 0.       0.       0.      ],[0. 0. 0. 0. 1. 0. 0. 1. 0. 0. 0. 0. 1. 1. 0. 0. 0. 0. 0. 1. 1. 1. 0. 0. 0. 1. 0. 1. 0. 0. 0.],9.0,1000,100,0.01,0.0015,1,11,idID,,random,single_objective
867,0.17970178491605585,0.3773737483237173,0.0034364,[0.       0.       0.       0.       0.105728 0.       0.       0.105728 0.       0.       0.       0.       0.105728 0.105728 0.       0.       0.       0.       0.       0.105728 0.105728 0.105728 0.       0.       0.       0.105728 0.       0.154175 0.       0.       0.      ],[0. 0. 0. 0. 1. 0. 0. 1. 0. 0. 0. 0. 1. 1. 0. 0. 0. 0. 0. 1. 1. 1. 0. 0. 0. 1. 0. 1. 0. 0. 0.],9.0,1000,100,0.01,0.0015,1,11,idID,,random,single_objective
868,0.17970178491605585,0.3773737483237173,0.0034364,[0.       0.       0.       0.       0.105728 0.       0.       0.105728 0.       0.       0.       0.       0.105728 0.105728 0.       0.       0.       0.       0.       0.105728 0.105728 0.105728 0.       0.       0.       0.105728 0.       0.154175 0.       0.       0.      ],[0. 0. 0. 0. 1. 0. 0. 1. 0. 0. 0. 0. 1. 1. 0. 0. 0. 0. 0. 1. 1. 1. 0. 0. 0. 1. 0. 1. 0. 0. 0.],9.0,1000,100,0.01,0.0015,1,11,idID,,random,single_objective
869,0.17970178491605585,0.3773737483237173,0.0034364,[0.       0.       0.       0.       0.105728 0.       0.       0.105728 0.       0.       0.       0.       0.105728 0.105728 0.       0.       0.       0.       0.       0.105728 0.105728 0.105728 0.       0.       0.       0.105728 0.       0.154175 0.       0.       0.      ],[0. 0. 0. 0. 1. 0. 0. 1. 0. 0. 0. 0. 1. 1. 0. 0. 0. 0. 0. 1. 1. 1. 0. 0. 0. 1. 0. 1. 0. 0. 0.],9.0,1000,100,0.01,0.0015,1,11,idID,,random,single_objective
870,0.17970178491605585,0.3773737483237173,0.0034364,[0.       0.       0.       0.       0.105728 0.       0.       0.105728 0.       0.       0.       0.       0.105728 0.105728 0.       0.       0.       0.       0.       0.105728 0.105728 0.105728 0.       0.       0.       0.105728 0.       0.154175 0.       0.       0.      ],[0. 0. 0. 0. 1. 0. 0. 1. 0. 0. 0. 0. 1. 1. 0. 0. 0. 0. 0. 1. 1. 1. 0. 0. 0. 1. 0. 1. 0. 0. 0.],9.0,1000,100,0.01,0.0015,1,11,idID,,random,single_objective
871,0.17970178491605585,0.3773737483237173,0.0034364,[0.       0.       0.       0.       0.105728 0.       0.       0.105728 0.       0.       0.       0.       0.105728 0.105728 0.       0.       0.       0.       0.       0.105728 0.105728 0.105728 0.       0.       0.       0.105728 0.       0.154175 0.       0.       0.      ],[0. 0. 0. 0. 1. 0. 0. 1. 0. 0. 0. 0. 1. 1. 0. 0. 0. 0. 0. 1. 1. 1. 0. 0. 0. 1. 0. 1. 0. 0. 0.],9.0,1000,100,0.01,0.0015,1,11,idID,,random,single_objective
872,0.17970178491605585,0.3773737483237173,0.0034364,[0.       0.       0.       0.       0.105728 0.       0.       0.105728 0.       0.       0.       0.       0.105728 0.105728 0.       0.       0.       0.       0.       0.105728 0.105728 0.105728 0.       0.       0.       0.105728 0.       0.154175 0.       0.       0.      ],[0. 0. 0. 0. 1. 0. 0. 1. 0. 0. 0. 0. 1. 1. 0. 0. 0. 0. 0. 1. 1. 1. 0. 0. 0. 1. 0. 1. 0. 0. 0.],9.0,1000,100,0.01,0.0015,1,11,idID,,random,single_objective
873,0.17970178491605585,0.3773737483237173,0.0034364,[0.       0.       0.       0.       0.105728 0.       0.       0.105728 0.       0.       0.       0.       0.105728 0.105728 0.       0.       0.       0.       0.       0.105728 0.105728 0.105728 0.       0.       0.       0.105728 0.       0.154175 0.       0.       0.      ],[0. 0. 0. 0. 1. 0. 0. 1. 0. 0. 0. 0. 1. 1. 0. 0. 0. 0. 0. 1. 1. 1. 0. 0. 0. 1. 0. 1. 0. 0. 0.],9.0,1000,100,0.01,0.0015,1,11,idID,,random,single_objective
874,0.17970178491605585,0.3773737483237173,0.0034364,[0.       0.       0.       0.       0.105728 0.       0.       0.105728 0.       0.       0.       0.       0.105728 0.105728 0.       0.       0.       0.       0.       0.105728 0.105728 0.105728 0.       0.       0.       0.105728 0.       0.154175 0.       0.       0.      ],[0. 0. 0. 0. 1. 0. 0. 1. 0. 0. 0. 0. 1. 1. 0. 0. 0. 0. 0. 1. 1. 1. 0. 0. 0. 1. 0. 1. 0. 0. 0.],9.0,1000,100,0.01,0.0015,1,11,idID,,random,single_objective
875,0.17970178491605585,0.3773737483237173,0.0034364,[0.       0.       0.       0.       0.105728 0.       0.       0.105728 0.       0.       0.       0.       0.105728 0.105728 0.       0.       0.       0.       0.       0.105728 0.105728 0.105728 0.       0.       0.       0.105728 0.       0.154175 0.       0.       0.      ],[0. 0. 0. 0. 1. 0. 0. 1. 0. 0. 0. 0. 1. 1. 0. 0. 0. 0. 0. 1. 1. 1. 0. 0. 0. 1. 0. 1. 0. 0. 0.],9.0,1000,100,0.01,0.0015,1,11,idID,,random,single_objective
876,0.17970178491605585,0.3773737483237173,0.0034364,[0.       0.       0.       0.       0.105728 0.       0.       0.105728 0.       0.       0.       0.       0.105728 0.105728 0.       0.       0.       0.       0.       0.105728 0.105728 0.105728 0.       0.       0.       0.105728 0.       0.154175 0.       0.       0.      ],[0. 0. 0. 0. 1. 0. 0. 1. 0. 0. 0. 0. 1. 1. 0. 0. 0. 0. 0. 1. 1. 1. 0. 0. 0. 1. 0. 1. 0. 0. 0.],9.0,1000,100,0.01,0.0015,1,11,idID,,random,single_objective
877,0.17970178491605585,0.3773737483237173,0.0034364,[0.       0.       0.       0.       0.105728 0.       0.       0.105728 0.       0.       0.       0.       0.105728 0.105728 0.       0.       0.       0.       0.       0.105728 0.105728 0.105728 0.       0.       0.       0.105728 0.       0.154175 0.       0.       0.      ],[0. 0. 0. 0. 1. 0. 0. 1. 0. 0. 0. 0. 1. 1. 0. 0. 0. 0. 0. 1. 1. 1. 0. 0. 0. 1. 0. 1. 0. 0. 0.],9.0,1000,100,0.01,0.0015,1,11,idID,,random,single_objective
878,0.17970178491605585,0.3773737483237173,0.0034364,[0.       0.       0.       0.       0.105728 0.       0.       0.105728 0.       0.       0.       0.       0.105728 0.105728 0.       0.       0.       0.       0.       0.105728 0.105728 0.105728 0.       0.       0.       0.105728 0.       0.154175 0.       0.       0.      ],[0. 0. 0. 0. 1. 0. 0. 1. 0. 0. 0. 0. 1. 1. 0. 0. 0. 0. 0. 1. 1. 1. 0. 0. 0. 1. 0. 1. 0. 0. 0.],9.0,1000,100,0.01,0.0015,1,11,idID,,random,single_objective
879,0.17970178491605585,0.3773737483237173,0.0034364,[0.       0.       0.       0.       0.105728 0.       0.       0.105728 0.       0.       0.       0.       0.105728 0.105728 0.       0.       0.       0.       0.       0.105728 0.105728 0.105728 0.       0.       0.       0.105728 0.       0.154175 0.       0.       0.      ],[0. 0. 0. 0. 1. 0. 0. 1. 0. 0. 0. 0. 1. 1. 0. 0. 0. 0. 0. 1. 1. 1. 0. 0. 0. 1. 0. 1. 0. 0. 0.],9.0,1000,100,0.01,0.0015,1,11,idID,,random,single_objective
880,0.17970178491605585,0.3773737483237173,0.0034364,[0.       0.       0.       0.       0.105728 0.       0.       0.105728 0.       0.       0.       0.       0.105728 0.105728 0.       0.       0.       0.       0.       0.105728 0.105728 0.105728 0.       0.       0.       0.105728 0.       0.154175 0.       0.       0.      ],[0. 0. 0. 0. 1. 0. 0. 1. 0. 0. 0. 0. 1. 1. 0. 0. 0. 0. 0. 1. 1. 1. 0. 0. 0. 1. 0. 1. 0. 0. 0.],9.0,1000,100,0.01,0.0015,1,11,idID,,random,single_objective
881,0.17970178491605585,0.3773737483237173,0.0034364,[0.       0.       0.       0.       0.105728 0.       0.       0.105728 0.       0.       0.       0.       0.105728 0.105728 0.       0.       0.       0.       0.       0.105728 0.105728 0.105728 0.       0.       0.       0.105728 0.       0.154175 0.       0.       0.      ],[0. 0. 0. 0. 1. 0. 0. 1. 0. 0. 0. 0. 1. 1. 0. 0. 0. 0. 0. 1. 1. 1. 0. 0. 0. 1. 0. 1. 0. 0. 0.],9.0,1000,100,0.01,0.0015,1,11,idID,,random,single_objective
882,0.17970178491605585,0.3773737483237173,0.0034364,[0.       0.       0.       0.       0.105728 0.       0.       0.105728 0.       0.       0.       0.       0.105728 0.105728 0.       0.       0.       0.       0.       0.105728 0.105728 0.105728 0.       0.       0.       0.105728 0.       0.154175 0.       0.       0.      ],[0. 0. 0. 0. 1. 0. 0. 1. 0. 0. 0. 0. 1. 1. 0. 0. 0. 0. 0. 1. 1. 1. 0. 0. 0. 1. 0. 1. 0. 0. 0.],9.0,1000,100,0.01,0.0015,1,11,idID,,random,single_objective
883,0.17970178491605585,0.3773737483237173,0.0034364,[0.       0.       0.       0.       0.105728 0.       0.       0.105728 0.       0.       0.       0.       0.105728 0.105728 0.       0.       0.       0.       0.       0.105728 0.105728 0.105728 0.       0.       0.       0.105728 0.       0.154175 0.       0.       0.      ],[0. 0. 0. 0. 1. 0. 0. 1. 0. 0. 0. 0. 1. 1. 0. 0. 0. 0. 0. 1. 1. 1. 0. 0. 0. 1. 0. 1. 0. 0. 0.],9.0,1000,100,0.01,0.0015,1,11,idID,,random,single_objective
884,0.17970178491605585,0.3773737483237173,0.0034364,[0.       0.       0.       0.       0.105728 0.       0.       0.105728 0.       0.       0.       0.       0.105728 0.105728 0.       0.       0.       0.       0.       0.105728 0.105728 0.105728 0.       0.       0.       0.105728 0.       0.154175 0.       0.       0.      ],[0. 0. 0. 0. 1. 0. 0. 1. 0. 0. 0. 0. 1. 1. 0. 0. 0. 0. 0. 1. 1. 1. 0. 0. 0. 1. 0. 1. 0. 0. 0.],9.0,1000,100,0.01,0.0015,1,11,idID,,random,single_objective
885,0.17970178491605585,0.3773737483237173,0.0034364,[0.       0.       0.       0.       0.105728 0.       0.       0.105728 0.       0.       0.       0.       0.105728 0.105728 0.       0.       0.       0.       0.       0.105728 0.105728 0.105728 0.       0.       0.       0.105728 0.       0.154175 0.       0.       0.      ],[0. 0. 0. 0. 1. 0. 0. 1. 0. 0. 0. 0. 1. 1. 0. 0. 0. 0. 0. 1. 1. 1. 0. 0. 0. 1. 0. 1. 0. 0. 0.],9.0,1000,100,0.01,0.0015,1,11,idID,,random,single_objective
886,0.17970178491605585,0.3773737483237173,0.0034364,[0.       0.       0.       0.       0.105728 0.       0.       0.105728 0.       0.       0.       0.       0.105728 0.105728 0.       0.       0.       0.       0.       0.105728 0.105728 0.105728 0.       0.       0.       0.105728 0.       0.154175 0.       0.       0.      ],[0. 0. 0. 0. 1. 0. 0. 1. 0. 0. 0. 0. 1. 1. 0. 0. 0. 0. 0. 1. 1. 1. 0. 0. 0. 1. 0. 1. 0. 0. 0.],9.0,1000,100,0.01,0.0015,1,11,idID,,random,single_objective
887,0.17970178491605585,0.3773737483237173,0.0034364,[0.       0.       0.       0.       0.105728 0.       0.       0.105728 0.       0.       0.       0.       0.105728 0.105728 0.       0.       0.       0.       0.       0.105728 0.105728 0.105728 0.       0.       0.       0.105728 0.       0.154175 0.       0.       0.      ],[0. 0. 0. 0. 1. 0. 0. 1. 0. 0. 0. 0. 1. 1. 0. 0. 0. 0. 0. 1. 1. 1. 0. 0. 0. 1. 0. 1. 0. 0. 0.],9.0,1000,100,0.01,0.0015,1,11,idID,,random,single_objective
888,0.17970178491605585,0.3773737483237173,0.0034364,[0.       0.       0.       0.       0.105728 0.       0.       0.105728 0.       0.       0.       0.       0.105728 0.105728 0.       0.       0.       0.       0.       0.105728 0.105728 0.105728 0.       0.       0.       0.105728 0.       0.154175 0.       0.       0.      ],[0. 0. 0. 0. 1. 0. 0. 1. 0. 0. 0. 0. 1. 1. 0. 0. 0. 0. 0. 1. 1. 1. 0. 0. 0. 1. 0. 1. 0. 0. 0.],9.0,1000,100,0.01,0.0015,1,11,idID,,random,single_objective
889,0.17970178491605585,0.3773737483237173,0.0034364,[0.       0.       0.       0.       0.105728 0.       0.       0.105728 0.       0.       0.       0.       0.105728 0.105728 0.       0.       0.       0.       0.       0.105728 0.105728 0.105728 0.       0.       0.       0.105728 0.       0.154175 0.       0.       0.      ],[0. 0. 0. 0. 1. 0. 0. 1. 0. 0. 0. 0. 1. 1. 0. 0. 0. 0. 0. 1. 1. 1. 0. 0. 0. 1. 0. 1. 0. 0. 0.],9.0,1000,100,0.01,0.0015,1,11,idID,,random,single_objective
890,0.17970178491605585,0.3773737483237173,0.0034364,[0.       0.       0.       0.       0.105728 0.       0.       0.105728 0.       0.       0.       0.       0.105728 0.105728 0.       0.       0.       0.       0.       0.105728 0.105728 0.105728 0.       0.       0.       0.105728 0.       0.154175 0.       0.       0.      ],[0. 0. 0. 0. 1. 0. 0. 1. 0. 0. 0. 0. 1. 1. 0. 0. 0. 0. 0. 1. 1. 1. 0. 0. 0. 1. 0. 1. 0. 0. 0.],9.0,1000,100,0.01,0.0015,1,11,idID,,random,single_objective
891,0.17970178491605585,0.3773737483237173,0.0034364,[0.       0.       0.       0.       0.105728 0.       0.       0.105728 0.       0.       0.       0.       0.105728 0.105728 0.       0.       0.       0.       0.       0.105728 0.105728 0.105728 0.       0.       0.       0.105728 0.       0.154175 0.       0.       0.      ],[0. 0. 0. 0. 1. 0. 0. 1. 0. 0. 0. 0. 1. 1. 0. 0. 0. 0. 0. 1. 1. 1. 0. 0. 0. 1. 0. 1. 0. 0. 0.],9.0,1000,100,0.01,0.0015,1,11,idID,,random,single_objective
892,0.17970178491605585,0.3773737483237173,0.0034364,[0.       0.       0.       0.       0.105728 0.       0.       0.105728 0.       0.       0.       0.       0.105728 0.105728 0.       0.       0.       0.       0.       0.105728 0.105728 0.105728 0.       0.       0.       0.105728 0.       0.154175 0.       0.       0.      ],[0. 0. 0. 0. 1. 0. 0. 1. 0. 0. 0. 0. 1. 1. 0. 0. 0. 0. 0. 1. 1. 1. 0. 0. 0. 1. 0. 1. 0. 0. 0.],9.0,1000,100,0.01,0.0015,1,11,idID,,random,single_objective
893,0.17970178491605585,0.3773737483237173,0.0034364,[0.       0.       0.       0.       0.105728 0.       0.       0.105728 0.       0.       0.       0.       0.105728 0.105728 0.       0.       0.       0.       0.       0.105728 0.105728 0.105728 0.       0.       0.       0.105728 0.       0.154175 0.       0.       0.      ],[0. 0. 0. 0. 1. 0. 0. 1. 0. 0. 0. 0. 1. 1. 0. 0. 0. 0. 0. 1. 1. 1. 0. 0. 0. 1. 0. 1. 0. 0. 0.],9.0,1000,100,0.01,0.0015,1,11,idID,,random,single_objective
894,0.17970178491605585,0.3773737483237173,0.0034364,[0.       0.       0.       0.       0.105728 0.       0.       0.105728 0.       0.       0.       0.       0.105728 0.105728 0.       0.       0.       0.       0.       0.105728 0.105728 0.105728 0.       0.       0.       0.105728 0.       0.154175 0.       0.       0.      ],[0. 0. 0. 0. 1. 0. 0. 1. 0. 0. 0. 0. 1. 1. 0. 0. 0. 0. 0. 1. 1. 1. 0. 0. 0. 1. 0. 1. 0. 0. 0.],9.0,1000,100,0.01,0.0015,1,11,idID,,random,single_objective
895,0.17970178491605585,0.3773737483237173,0.0034364,[0.       0.       0.       0.       0.105728 0.       0.       0.105728 0.       0.       0.       0.       0.105728 0.105728 0.       0.       0.       0.       0.       0.105728 0.105728 0.105728 0.       0.       0.       0.105728 0.       0.154175 0.       0.       0.      ],[0. 0. 0. 0. 1. 0. 0. 1. 0. 0. 0. 0. 1. 1. 0. 0. 0. 0. 0. 1. 1. 1. 0. 0. 0. 1. 0. 1. 0. 0. 0.],9.0,1000,100,0.01,0.0015,1,11,idID,,random,single_objective
896,0.17970178491605585,0.3773737483237173,0.0034364,[0.       0.       0.       0.       0.105728 0.       0.       0.105728 0.       0.       0.       0.       0.105728 0.105728 0.       0.       0.       0.       0.       0.105728 0.105728 0.105728 0.       0.       0.       0.105728 0.       0.154175 0.       0.       0.      ],[0. 0. 0. 0. 1. 0. 0. 1. 0. 0. 0. 0. 1. 1. 0. 0. 0. 0. 0. 1. 1. 1. 0. 0. 0. 1. 0. 1. 0. 0. 0.],9.0,1000,100,0.01,0.0015,1,11,idID,,random,single_objective
897,0.17970178491605585,0.3773737483237173,0.0034364,[0.       0.       0.       0.       0.105728 0.       0.       0.105728 0.       0.       0.       0.       0.105728 0.105728 0.       0.       0.       0.       0.       0.105728 0.105728 0.105728 0.       0.       0.       0.105728 0.       0.154175 0.       0.       0.      ],[0. 0. 0. 0. 1. 0. 0. 1. 0. 0. 0. 0. 1. 1. 0. 0. 0. 0. 0. 1. 1. 1. 0. 0. 0. 1. 0. 1. 0. 0. 0.],9.0,1000,100,0.01,0.0015,1,11,idID,,random,single_objective
898,0.17970178491605585,0.3773737483237173,0.0034364,[0.       0.       0.       0.       0.105728 0.       0.       0.105728 0.       0.       0.       0.       0.105728 0.105728 0.       0.       0.       0.       0.       0.105728 0.105728 0.105728 0.       0.       0.       0.105728 0.       0.154175 0.       0.       0.      ],[0. 0. 0. 0. 1. 0. 0. 1. 0. 0. 0. 0. 1. 1. 0. 0. 0. 0. 0. 1. 1. 1. 0. 0. 0. 1. 0. 1. 0. 0. 0.],9.0,1000,100,0.01,0.0015,1,11,idID,,random,single_objective
899,0.17970178491605585,0.3773737483237173,0.0034364,[0.       0.       0.       0.       0.105728 0.       0.       0.105728 0.       0.       0.       0.       0.105728 0.105728 0.       0.       0.       0.       0.       0.105728 0.105728 0.105728 0.       0.       0.       0.105728 0.       0.154175 0.       0.       0.      ],[0. 0. 0. 0. 1. 0. 0. 1. 0. 0. 0. 0. 1. 1. 0. 0. 0. 0. 0. 1. 1. 1. 0. 0. 0. 1. 0. 1. 0. 0. 0.],9.0,1000,100,0.01,0.0015,1,11,idID,,random,single_objective
900,0.17970178491605585,0.3773737483237173,0.0034364,[0.       0.       0.       0.       0.105728 0.       0.       0.105728 0.       0.       0.       0.       0.105728 0.105728 0.       0.       0.       0.       0.       0.105728 0.105728 0.105728 0.       0.       0.       0.105728 0.       0.154175 0.       0.       0.      ],[0. 0. 0. 0. 1. 0. 0. 1. 0. 0. 0. 0. 1. 1. 0. 0. 0. 0. 0. 1. 1. 1. 0. 0. 0. 1. 0. 1. 0. 0. 0.],9.0,1000,100,0.01,0.0015,1,11,idID,,random,single_objective
901,0.17970178491605585,0.3773737483237173,0.0034364,[0.       0.       0.       0.       0.105728 0.       0.       0.105728 0.       0.       0.       0.       0.105728 0.105728 0.       0.       0.       0.       0.       0.105728 0.105728 0.105728 0.       0.       0.       0.105728 0.       0.154175 0.       0.       0.      ],[0. 0. 0. 0. 1. 0. 0. 1. 0. 0. 0. 0. 1. 1. 0. 0. 0. 0. 0. 1. 1. 1. 0. 0. 0. 1. 0. 1. 0. 0. 0.],9.0,1000,100,0.01,0.0015,1,11,idID,,random,single_objective
902,0.17970178491605585,0.3773737483237173,0.0034364,[0.       0.       0.       0.       0.105728 0.       0.       0.105728 0.       0.       0.       0.       0.105728 0.105728 0.       0.       0.       0.       0.       0.105728 0.105728 0.105728 0.       0.       0.       0.105728 0.       0.154175 0.       0.       0.      ],[0. 0. 0. 0. 1. 0. 0. 1. 0. 0. 0. 0. 1. 1. 0. 0. 0. 0. 0. 1. 1. 1. 0. 0. 0. 1. 0. 1. 0. 0. 0.],9.0,1000,100,0.01,0.0015,1,11,idID,,random,single_objective
903,0.17970178491605585,0.3773737483237173,0.0034364,[0.       0.       0.       0.       0.105728 0.       0.       0.105728 0.       0.       0.       0.       0.105728 0.105728 0.       0.       0.       0.       0.       0.105728 0.105728 0.105728 0.       0.       0.       0.105728 0.       0.154175 0.       0.       0.      ],[0. 0. 0. 0. 1. 0. 0. 1. 0. 0. 0. 0. 1. 1. 0. 0. 0. 0. 0. 1. 1. 1. 0. 0. 0. 1. 0. 1. 0. 0. 0.],9.0,1000,100,0.01,0.0015,1,11,idID,,random,single_objective
904,0.17970178491605585,0.3773737483237173,0.0034364,[0.       0.       0.       0.       0.105728 0.       0.       0.105728 0.       0.       0.       0.       0.105728 0.105728 0.       0.       0.       0.       0.       0.105728 0.105728 0.105728 0.       0.       0.       0.105728 0.       0.154175 0.       0.       0.      ],[0. 0. 0. 0. 1. 0. 0. 1. 0. 0. 0. 0. 1. 1. 0. 0. 0. 0. 0. 1. 1. 1. 0. 0. 0. 1. 0. 1. 0. 0. 0.],9.0,1000,100,0.01,0.0015,1,11,idID,,random,single_objective
905,0.17970178491605585,0.3773737483237173,0.0034364,[0.       0.       0.       0.       0.105728 0.       0.       0.105728 0.       0.       0.       0.       0.105728 0.105728 0.       0.       0.       0.       0.       0.105728 0.105728 0.105728 0.       0.       0.       0.105728 0.       0.154175 0.       0.       0.      ],[0. 0. 0. 0. 1. 0. 0. 1. 0. 0. 0. 0. 1. 1. 0. 0. 0. 0. 0. 1. 1. 1. 0. 0. 0. 1. 0. 1. 0. 0. 0.],9.0,1000,100,0.01,0.0015,1,11,idID,,random,single_objective
906,0.17970178491605585,0.3773737483237173,0.0034364,[0.       0.       0.       0.       0.105728 0.       0.       0.105728 0.       0.       0.       0.       0.105728 0.105728 0.       0.       0.       0.       0.       0.105728 0.105728 0.105728 0.       0.       0.       0.105728 0.       0.154175 0.       0.       0.      ],[0. 0. 0. 0. 1. 0. 0. 1. 0. 0. 0. 0. 1. 1. 0. 0. 0. 0. 0. 1. 1. 1. 0. 0. 0. 1. 0. 1. 0. 0. 0.],9.0,1000,100,0.01,0.0015,1,11,idID,,random,single_objective
907,0.17970178491605585,0.3773737483237173,0.0034364,[0.       0.       0.       0.       0.105728 0.       0.       0.105728 0.       0.       0.       0.       0.105728 0.105728 0.       0.       0.       0.       0.       0.105728 0.105728 0.105728 0.       0.       0.       0.105728 0.       0.154175 0.       0.       0.      ],[0. 0. 0. 0. 1. 0. 0. 1. 0. 0. 0. 0. 1. 1. 0. 0. 0. 0. 0. 1. 1. 1. 0. 0. 0. 1. 0. 1. 0. 0. 0.],9.0,1000,100,0.01,0.0015,1,11,idID,,random,single_objective
908,0.17970178491605585,0.3773737483237173,0.0034364,[0.       0.       0.       0.       0.105728 0.       0.       0.105728 0.       0.       0.       0.       0.105728 0.105728 0.       0.       0.       0.       0.       0.105728 0.105728 0.105728 0.       0.       0.       0.105728 0.       0.154175 0.       0.       0.      ],[0. 0. 0. 0. 1. 0. 0. 1. 0. 0. 0. 0. 1. 1. 0. 0. 0. 0. 0. 1. 1. 1. 0. 0. 0. 1. 0. 1. 0. 0. 0.],9.0,1000,100,0.01,0.0015,1,11,idID,,random,single_objective
909,0.17970178491605585,0.3773737483237173,0.0034364,[0.       0.       0.       0.       0.105728 0.       0.       0.105728 0.       0.       0.       0.       0.105728 0.105728 0.       0.       0.       0.       0.       0.105728 0.105728 0.105728 0.       0.       0.       0.105728 0.       0.154175 0.       0.       0.      ],[0. 0. 0. 0. 1. 0. 0. 1. 0. 0. 0. 0. 1. 1. 0. 0. 0. 0. 0. 1. 1. 1. 0. 0. 0. 1. 0. 1. 0. 0. 0.],9.0,1000,100,0.01,0.0015,1,11,idID,,random,single_objective
910,0.17970178491605585,0.3773737483237173,0.0034364,[0.       0.       0.       0.       0.105728 0.       0.       0.105728 0.       0.       0.       0.       0.105728 0.105728 0.       0.       0.       0.       0.       0.105728 0.105728 0.105728 0.       0.       0.       0.105728 0.       0.154175 0.       0.       0.      ],[0. 0. 0. 0. 1. 0. 0. 1. 0. 0. 0. 0. 1. 1. 0. 0. 0. 0. 0. 1. 1. 1. 0. 0. 0. 1. 0. 1. 0. 0. 0.],9.0,1000,100,0.01,0.0015,1,11,idID,,random,single_objective
911,0.17970178491605585,0.3773737483237173,0.0034364,[0.       0.       0.       0.       0.105728 0.       0.       0.105728 0.       0.       0.       0.       0.105728 0.105728 0.       0.       0.       0.       0.       0.105728 0.105728 0.105728 0.       0.       0.       0.105728 0.       0.154175 0.       0.       0.      ],[0. 0. 0. 0. 1. 0. 0. 1. 0. 0. 0. 0. 1. 1. 0. 0. 0. 0. 0. 1. 1. 1. 0. 0. 0. 1. 0. 1. 0. 0. 0.],9.0,1000,100,0.01,0.0015,1,11,idID,,random,single_objective
912,0.17970178491605585,0.3773737483237173,0.0034364,[0.       0.       0.       0.       0.105728 0.       0.       0.105728 0.       0.       0.       0.       0.105728 0.105728 0.       0.       0.       0.       0.       0.105728 0.105728 0.105728 0.       0.       0.       0.105728 0.       0.154175 0.       0.       0.      ],[0. 0. 0. 0. 1. 0. 0. 1. 0. 0. 0. 0. 1. 1. 0. 0. 0. 0. 0. 1. 1. 1. 0. 0. 0. 1. 0. 1. 0. 0. 0.],9.0,1000,100,0.01,0.0015,1,11,idID,,random,single_objective
913,0.17970178491605585,0.3773737483237173,0.0034364,[0.       0.       0.       0.       0.105728 0.       0.       0.105728 0.       0.       0.       0.       0.105728 0.105728 0.       0.       0.       0.       0.       0.105728 0.105728 0.105728 0.       0.       0.       0.105728 0.       0.154175 0.       0.       0.      ],[0. 0. 0. 0. 1. 0. 0. 1. 0. 0. 0. 0. 1. 1. 0. 0. 0. 0. 0. 1. 1. 1. 0. 0. 0. 1. 0. 1. 0. 0. 0.],9.0,1000,100,0.01,0.0015,1,11,idID,,random,single_objective
914,0.17970178491605585,0.3773737483237173,0.0034364,[0.       0.       0.       0.       0.105728 0.       0.       0.105728 0.       0.       0.       0.       0.105728 0.105728 0.       0.       0.       0.       0.       0.105728 0.105728 0.105728 0.       0.       0.       0.105728 0.       0.154175 0.       0.       0.      ],[0. 0. 0. 0. 1. 0. 0. 1. 0. 0. 0. 0. 1. 1. 0. 0. 0. 0. 0. 1. 1. 1. 0. 0. 0. 1. 0. 1. 0. 0. 0.],9.0,1000,100,0.01,0.0015,1,11,idID,,random,single_objective
915,0.17970178491605585,0.3773737483237173,0.0034364,[0.       0.       0.       0.       0.105728 0.       0.       0.105728 0.       0.       0.       0.       0.105728 0.105728 0.       0.       0.       0.       0.       0.105728 0.105728 0.105728 0.       0.       0.       0.105728 0.       0.154175 0.       0.       0.      ],[0. 0. 0. 0. 1. 0. 0. 1. 0. 0. 0. 0. 1. 1. 0. 0. 0. 0. 0. 1. 1. 1. 0. 0. 0. 1. 0. 1. 0. 0. 0.],9.0,1000,100,0.01,0.0015,1,11,idID,,random,single_objective
916,0.17970178491605585,0.3773737483237173,0.0034364,[0.       0.       0.       0.       0.105728 0.       0.       0.105728 0.       0.       0.       0.       0.105728 0.105728 0.       0.       0.       0.       0.       0.105728 0.105728 0.105728 0.       0.       0.       0.105728 0.       0.154175 0.       0.       0.      ],[0. 0. 0. 0. 1. 0. 0. 1. 0. 0. 0. 0. 1. 1. 0. 0. 0. 0. 0. 1. 1. 1. 0. 0. 0. 1. 0. 1. 0. 0. 0.],9.0,1000,100,0.01,0.0015,1,11,idID,,random,single_objective
917,0.17970178491605585,0.3773737483237173,0.0034364,[0.       0.       0.       0.       0.105728 0.       0.       0.105728 0.       0.       0.       0.       0.105728 0.105728 0.       0.       0.       0.       0.       0.105728 0.105728 0.105728 0.       0.       0.       0.105728 0.       0.154175 0.       0.       0.      ],[0. 0. 0. 0. 1. 0. 0. 1. 0. 0. 0. 0. 1. 1. 0. 0. 0. 0. 0. 1. 1. 1. 0. 0. 0. 1. 0. 1. 0. 0. 0.],9.0,1000,100,0.01,0.0015,1,11,idID,,random,single_objective
918,0.17970178491605585,0.3773737483237173,0.0034364,[0.       0.       0.       0.       0.105728 0.       0.       0.105728 0.       0.       0.       0.       0.105728 0.105728 0.       0.       0.       0.       0.       0.105728 0.105728 0.105728 0.       0.       0.       0.105728 0.       0.154175 0.       0.       0.      ],[0. 0. 0. 0. 1. 0. 0. 1. 0. 0. 0. 0. 1. 1. 0. 0. 0. 0. 0. 1. 1. 1. 0. 0. 0. 1. 0. 1. 0. 0. 0.],9.0,1000,100,0.01,0.0015,1,11,idID,,random,single_objective
919,0.17970178491605585,0.3773737483237173,0.0034364,[0.       0.       0.       0.       0.105728 0.       0.       0.105728 0.       0.       0.       0.       0.105728 0.105728 0.       0.       0.       0.       0.       0.105728 0.105728 0.105728 0.       0.       0.       0.105728 0.       0.154175 0.       0.       0.      ],[0. 0. 0. 0. 1. 0. 0. 1. 0. 0. 0. 0. 1. 1. 0. 0. 0. 0. 0. 1. 1. 1. 0. 0. 0. 1. 0. 1. 0. 0. 0.],9.0,1000,100,0.01,0.0015,1,11,idID,,random,single_objective
920,0.17970178491605585,0.3773737483237173,0.0034364,[0.       0.       0.       0.       0.105728 0.       0.       0.105728 0.       0.       0.       0.       0.105728 0.105728 0.       0.       0.       0.       0.       0.105728 0.105728 0.105728 0.       0.       0.       0.105728 0.       0.154175 0.       0.       0.      ],[0. 0. 0. 0. 1. 0. 0. 1. 0. 0. 0. 0. 1. 1. 0. 0. 0. 0. 0. 1. 1. 1. 0. 0. 0. 1. 0. 1. 0. 0. 0.],9.0,1000,100,0.01,0.0015,1,11,idID,,random,single_objective
921,0.17970178491605585,0.3773737483237173,0.0034364,[0.       0.       0.       0.       0.105728 0.       0.       0.105728 0.       0.       0.       0.       0.105728 0.105728 0.       0.       0.       0.       0.       0.105728 0.105728 0.105728 0.       0.       0.       0.105728 0.       0.154175 0.       0.       0.      ],[0. 0. 0. 0. 1. 0. 0. 1. 0. 0. 0. 0. 1. 1. 0. 0. 0. 0. 0. 1. 1. 1. 0. 0. 0. 1. 0. 1. 0. 0. 0.],9.0,1000,100,0.01,0.0015,1,11,idID,,random,single_objective
922,0.17970178491605585,0.3773737483237173,0.0034364,[0.       0.       0.       0.       0.105728 0.       0.       0.105728 0.       0.       0.       0.       0.105728 0.105728 0.       0.       0.       0.       0.       0.105728 0.105728 0.105728 0.       0.       0.       0.105728 0.       0.154175 0.       0.       0.      ],[0. 0. 0. 0. 1. 0. 0. 1. 0. 0. 0. 0. 1. 1. 0. 0. 0. 0. 0. 1. 1. 1. 0. 0. 0. 1. 0. 1. 0. 0. 0.],9.0,1000,100,0.01,0.0015,1,11,idID,,random,single_objective
923,0.17970178491605585,0.3773737483237173,0.0034364,[0.       0.       0.       0.       0.105728 0.       0.       0.105728 0.       0.       0.       0.       0.105728 0.105728 0.       0.       0.       0.       0.       0.105728 0.105728 0.105728 0.       0.       0.       0.105728 0.       0.154175 0.       0.       0.      ],[0. 0. 0. 0. 1. 0. 0. 1. 0. 0. 0. 0. 1. 1. 0. 0. 0. 0. 0. 1. 1. 1. 0. 0. 0. 1. 0. 1. 0. 0. 0.],9.0,1000,100,0.01,0.0015,1,11,idID,,random,single_objective
924,0.17970178491605585,0.3773737483237173,0.0034364,[0.       0.       0.       0.       0.105728 0.       0.       0.105728 0.       0.       0.       0.       0.105728 0.105728 0.       0.       0.       0.       0.       0.105728 0.105728 0.105728 0.       0.       0.       0.105728 0.       0.154175 0.       0.       0.      ],[0. 0. 0. 0. 1. 0. 0. 1. 0. 0. 0. 0. 1. 1. 0. 0. 0. 0. 0. 1. 1. 1. 0. 0. 0. 1. 0. 1. 0. 0. 0.],9.0,1000,100,0.01,0.0015,1,11,idID,,random,single_objective
925,0.17970178491605585,0.3773737483237173,0.0034364,[0.       0.       0.       0.       0.105728 0.       0.       0.105728 0.       0.       0.       0.       0.105728 0.105728 0.       0.       0.       0.       0.       0.105728 0.105728 0.105728 0.       0.       0.       0.105728 0.       0.154175 0.       0.       0.      ],[0. 0. 0. 0. 1. 0. 0. 1. 0. 0. 0. 0. 1. 1. 0. 0. 0. 0. 0. 1. 1. 1. 0. 0. 0. 1. 0. 1. 0. 0. 0.],9.0,1000,100,0.01,0.0015,1,11,idID,,random,single_objective
926,0.17970178491605585,0.3773737483237173,0.0034364,[0.       0.       0.       0.       0.105728 0.       0.       0.105728 0.       0.       0.       0.       0.105728 0.105728 0.       0.       0.       0.       0.       0.105728 0.105728 0.105728 0.       0.       0.       0.105728 0.       0.154175 0.       0.       0.      ],[0. 0. 0. 0. 1. 0. 0. 1. 0. 0. 0. 0. 1. 1. 0. 0. 0. 0. 0. 1. 1. 1. 0. 0. 0. 1. 0. 1. 0. 0. 0.],9.0,1000,100,0.01,0.0015,1,11,idID,,random,single_objective
927,0.17970178491605585,0.3773737483237173,0.0034364,[0.       0.       0.       0.       0.105728 0.       0.       0.105728 0.       0.       0.       0.       0.105728 0.105728 0.       0.       0.       0.       0.       0.105728 0.105728 0.105728 0.       0.       0.       0.105728 0.       0.154175 0.       0.       0.      ],[0. 0. 0. 0. 1. 0. 0. 1. 0. 0. 0. 0. 1. 1. 0. 0. 0. 0. 0. 1. 1. 1. 0. 0. 0. 1. 0. 1. 0. 0. 0.],9.0,1000,100,0.01,0.0015,1,11,idID,,random,single_objective
928,0.17970178491605585,0.3773737483237173,0.0034364,[0.       0.       0.       0.       0.105728 0.       0.       0.105728 0.       0.       0.       0.       0.105728 0.105728 0.       0.       0.       0.       0.       0.105728 0.105728 0.105728 0.       0.       0.       0.105728 0.       0.154175 0.       0.       0.      ],[0. 0. 0. 0. 1. 0. 0. 1. 0. 0. 0. 0. 1. 1. 0. 0. 0. 0. 0. 1. 1. 1. 0. 0. 0. 1. 0. 1. 0. 0. 0.],9.0,1000,100,0.01,0.0015,1,11,idID,,random,single_objective
929,0.17970178491605585,0.3773737483237173,0.0034364,[0.       0.       0.       0.       0.105728 0.       0.       0.105728 0.       0.       0.       0.       0.105728 0.105728 0.       0.       0.       0.       0.       0.105728 0.105728 0.105728 0.       0.       0.       0.105728 0.       0.154175 0.       0.       0.      ],[0. 0. 0. 0. 1. 0. 0. 1. 0. 0. 0. 0. 1. 1. 0. 0. 0. 0. 0. 1. 1. 1. 0. 0. 0. 1. 0. 1. 0. 0. 0.],9.0,1000,100,0.01,0.0015,1,11,idID,,random,single_objective
930,0.17970178491605585,0.3773737483237173,0.0034364,[0.       0.       0.       0.       0.105728 0.       0.       0.105728 0.       0.       0.       0.       0.105728 0.105728 0.       0.       0.       0.       0.       0.105728 0.105728 0.105728 0.       0.       0.       0.105728 0.       0.154175 0.       0.       0.      ],[0. 0. 0. 0. 1. 0. 0. 1. 0. 0. 0. 0. 1. 1. 0. 0. 0. 0. 0. 1. 1. 1. 0. 0. 0. 1. 0. 1. 0. 0. 0.],9.0,1000,100,0.01,0.0015,1,11,idID,,random,single_objective
931,0.17970178491605585,0.3773737483237173,0.0034364,[0.       0.       0.       0.       0.105728 0.       0.       0.105728 0.       0.       0.       0.       0.105728 0.105728 0.       0.       0.       0.       0.       0.105728 0.105728 0.105728 0.       0.       0.       0.105728 0.       0.154175 0.       0.       0.      ],[0. 0. 0. 0. 1. 0. 0. 1. 0. 0. 0. 0. 1. 1. 0. 0. 0. 0. 0. 1. 1. 1. 0. 0. 0. 1. 0. 1. 0. 0. 0.],9.0,1000,100,0.01,0.0015,1,11,idID,,random,single_objective
932,0.17970178491605585,0.3773737483237173,0.0034364,[0.       0.       0.       0.       0.105728 0.       0.       0.105728 0.       0.       0.       0.       0.105728 0.105728 0.       0.       0.       0.       0.       0.105728 0.105728 0.105728 0.       0.       0.       0.105728 0.       0.154175 0.       0.       0.      ],[0. 0. 0. 0. 1. 0. 0. 1. 0. 0. 0. 0. 1. 1. 0. 0. 0. 0. 0. 1. 1. 1. 0. 0. 0. 1. 0. 1. 0. 0. 0.],9.0,1000,100,0.01,0.0015,1,11,idID,,random,single_objective
933,0.17970178491605585,0.3773737483237173,0.0034364,[0.       0.       0.       0.       0.105728 0.       0.       0.105728 0.       0.       0.       0.       0.105728 0.105728 0.       0.       0.       0.       0.       0.105728 0.105728 0.105728 0.       0.       0.       0.105728 0.       0.154175 0.       0.       0.      ],[0. 0. 0. 0. 1. 0. 0. 1. 0. 0. 0. 0. 1. 1. 0. 0. 0. 0. 0. 1. 1. 1. 0. 0. 0. 1. 0. 1. 0. 0. 0.],9.0,1000,100,0.01,0.0015,1,11,idID,,random,single_objective
934,0.17970178491605585,0.3773737483237173,0.0034364,[0.       0.       0.       0.       0.105728 0.       0.       0.105728 0.       0.       0.       0.       0.105728 0.105728 0.       0.       0.       0.       0.       0.105728 0.105728 0.105728 0.       0.       0.       0.105728 0.       0.154175 0.       0.       0.      ],[0. 0. 0. 0. 1. 0. 0. 1. 0. 0. 0. 0. 1. 1. 0. 0. 0. 0. 0. 1. 1. 1. 0. 0. 0. 1. 0. 1. 0. 0. 0.],9.0,1000,100,0.01,0.0015,1,11,idID,,random,single_objective
935,0.17970178491605585,0.3773737483237173,0.0034364,[0.       0.       0.       0.       0.105728 0.       0.       0.105728 0.       0.       0.       0.       0.105728 0.105728 0.       0.       0.       0.       0.       0.105728 0.105728 0.105728 0.       0.       0.       0.105728 0.       0.154175 0.       0.       0.      ],[0. 0. 0. 0. 1. 0. 0. 1. 0. 0. 0. 0. 1. 1. 0. 0. 0. 0. 0. 1. 1. 1. 0. 0. 0. 1. 0. 1. 0. 0. 0.],9.0,1000,100,0.01,0.0015,1,11,idID,,random,single_objective
936,0.17970178491605585,0.3773737483237173,0.0034364,[0.       0.       0.       0.       0.105728 0.       0.       0.105728 0.       0.       0.       0.       0.105728 0.105728 0.       0.       0.       0.       0.       0.105728 0.105728 0.105728 0.       0.       0.       0.105728 0.       0.154175 0.       0.       0.      ],[0. 0. 0. 0. 1. 0. 0. 1. 0. 0. 0. 0. 1. 1. 0. 0. 0. 0. 0. 1. 1. 1. 0. 0. 0. 1. 0. 1. 0. 0. 0.],9.0,1000,100,0.01,0.0015,1,11,idID,,random,single_objective
937,0.17970178491605585,0.3773737483237173,0.0034364,[0.       0.       0.       0.       0.105728 0.       0.       0.105728 0.       0.       0.       0.       0.105728 0.105728 0.       0.       0.       0.       0.       0.105728 0.105728 0.105728 0.       0.       0.       0.105728 0.       0.154175 0.       0.       0.      ],[0. 0. 0. 0. 1. 0. 0. 1. 0. 0. 0. 0. 1. 1. 0. 0. 0. 0. 0. 1. 1. 1. 0. 0. 0. 1. 0. 1. 0. 0. 0.],9.0,1000,100,0.01,0.0015,1,11,idID,,random,single_objective
938,0.17970178491605585,0.3773737483237173,0.0034364,[0.       0.       0.       0.       0.105728 0.       0.       0.105728 0.       0.       0.       0.       0.105728 0.105728 0.       0.       0.       0.       0.       0.105728 0.105728 0.105728 0.       0.       0.       0.105728 0.       0.154175 0.       0.       0.      ],[0. 0. 0. 0. 1. 0. 0. 1. 0. 0. 0. 0. 1. 1. 0. 0. 0. 0. 0. 1. 1. 1. 0. 0. 0. 1. 0. 1. 0. 0. 0.],9.0,1000,100,0.01,0.0015,1,11,idID,,random,single_objective
939,0.17970178491605585,0.3773737483237173,0.0034364,[0.       0.       0.       0.       0.105728 0.       0.       0.105728 0.       0.       0.       0.       0.105728 0.105728 0.       0.       0.       0.       0.       0.105728 0.105728 0.105728 0.       0.       0.       0.105728 0.       0.154175 0.       0.       0.      ],[0. 0. 0. 0. 1. 0. 0. 1. 0. 0. 0. 0. 1. 1. 0. 0. 0. 0. 0. 1. 1. 1. 0. 0. 0. 1. 0. 1. 0. 0. 0.],9.0,1000,100,0.01,0.0015,1,11,idID,,random,single_objective
940,0.17970178491605585,0.3773737483237173,0.0034364,[0.       0.       0.       0.       0.105728 0.       0.       0.105728 0.       0.       0.       0.       0.105728 0.105728 0.       0.       0.       0.       0.       0.105728 0.105728 0.105728 0.       0.       0.       0.105728 0.       0.154175 0.       0.       0.      ],[0. 0. 0. 0. 1. 0. 0. 1. 0. 0. 0. 0. 1. 1. 0. 0. 0. 0. 0. 1. 1. 1. 0. 0. 0. 1. 0. 1. 0. 0. 0.],9.0,1000,100,0.01,0.0015,1,11,idID,,random,single_objective
941,0.17970178491605585,0.3773737483237173,0.0034364,[0.       0.       0.       0.       0.105728 0.       0.       0.105728 0.       0.       0.       0.       0.105728 0.105728 0.       0.       0.       0.       0.       0.105728 0.105728 0.105728 0.       0.       0.       0.105728 0.       0.154175 0.       0.       0.      ],[0. 0. 0. 0. 1. 0. 0. 1. 0. 0. 0. 0. 1. 1. 0. 0. 0. 0. 0. 1. 1. 1. 0. 0. 0. 1. 0. 1. 0. 0. 0.],9.0,1000,100,0.01,0.0015,1,11,idID,,random,single_objective
942,0.17970178491605585,0.3773737483237173,0.0034364,[0.       0.       0.       0.       0.105728 0.       0.       0.105728 0.       0.       0.       0.       0.105728 0.105728 0.       0.       0.       0.       0.       0.105728 0.105728 0.105728 0.       0.       0.       0.105728 0.       0.154175 0.       0.       0.      ],[0. 0. 0. 0. 1. 0. 0. 1. 0. 0. 0. 0. 1. 1. 0. 0. 0. 0. 0. 1. 1. 1. 0. 0. 0. 1. 0. 1. 0. 0. 0.],9.0,1000,100,0.01,0.0015,1,11,idID,,random,single_objective
943,0.17970178491605585,0.3773737483237173,0.0034364,[0.       0.       0.       0.       0.105728 0.       0.       0.105728 0.       0.       0.       0.       0.105728 0.105728 0.       0.       0.       0.       0.       0.105728 0.105728 0.105728 0.       0.       0.       0.105728 0.       0.154175 0.       0.       0.      ],[0. 0. 0. 0. 1. 0. 0. 1. 0. 0. 0. 0. 1. 1. 0. 0. 0. 0. 0. 1. 1. 1. 0. 0. 0. 1. 0. 1. 0. 0. 0.],9.0,1000,100,0.01,0.0015,1,11,idID,,random,single_objective
944,0.17970178491605585,0.3773737483237173,0.0034364,[0.       0.       0.       0.       0.105728 0.       0.       0.105728 0.       0.       0.       0.       0.105728 0.105728 0.       0.       0.       0.       0.       0.105728 0.105728 0.105728 0.       0.       0.       0.105728 0.       0.154175 0.       0.       0.      ],[0. 0. 0. 0. 1. 0. 0. 1. 0. 0. 0. 0. 1. 1. 0. 0. 0. 0. 0. 1. 1. 1. 0. 0. 0. 1. 0. 1. 0. 0. 0.],9.0,1000,100,0.01,0.0015,1,11,idID,,random,single_objective
945,0.17970178491605585,0.3773737483237173,0.0034364,[0.       0.       0.       0.       0.105728 0.       0.       0.105728 0.       0.       0.       0.       0.105728 0.105728 0.       0.       0.       0.       0.       0.105728 0.105728 0.105728 0.       0.       0.       0.105728 0.       0.154175 0.       0.       0.      ],[0. 0. 0. 0. 1. 0. 0. 1. 0. 0. 0. 0. 1. 1. 0. 0. 0. 0. 0. 1. 1. 1. 0. 0. 0. 1. 0. 1. 0. 0. 0.],9.0,1000,100,0.01,0.0015,1,11,idID,,random,single_objective
946,0.17970178491605585,0.3773737483237173,0.0034364,[0.       0.       0.       0.       0.105728 0.       0.       0.105728 0.       0.       0.       0.       0.105728 0.105728 0.       0.       0.       0.       0.       0.105728 0.105728 0.105728 0.       0.       0.       0.105728 0.       0.154175 0.       0.       0.      ],[0. 0. 0. 0. 1. 0. 0. 1. 0. 0. 0. 0. 1. 1. 0. 0. 0. 0. 0. 1. 1. 1. 0. 0. 0. 1. 0. 1. 0. 0. 0.],9.0,1000,100,0.01,0.0015,1,11,idID,,random,single_objective
947,0.17970178491605585,0.3773737483237173,0.0034364,[0.       0.       0.       0.       0.105728 0.       0.       0.105728 0.       0.       0.       0.       0.105728 0.105728 0.       0.       0.       0.       0.       0.105728 0.105728 0.105728 0.       0.       0.       0.105728 0.       0.154175 0.       0.       0.      ],[0. 0. 0. 0. 1. 0. 0. 1. 0. 0. 0. 0. 1. 1. 0. 0. 0. 0. 0. 1. 1. 1. 0. 0. 0. 1. 0. 1. 0. 0. 0.],9.0,1000,100,0.01,0.0015,1,11,idID,,random,single_objective
948,0.17970178491605585,0.3773737483237173,0.0034364,[0.       0.       0.       0.       0.105728 0.       0.       0.105728 0.       0.       0.       0.       0.105728 0.105728 0.       0.       0.       0.       0.       0.105728 0.105728 0.105728 0.       0.       0.       0.105728 0.       0.154175 0.       0.       0.      ],[0. 0. 0. 0. 1. 0. 0. 1. 0. 0. 0. 0. 1. 1. 0. 0. 0. 0. 0. 1. 1. 1. 0. 0. 0. 1. 0. 1. 0. 0. 0.],9.0,1000,100,0.01,0.0015,1,11,idID,,random,single_objective
949,0.17970178491605585,0.3773737483237173,0.0034364,[0.       0.       0.       0.       0.105728 0.       0.       0.105728 0.       0.       0.       0.       0.105728 0.105728 0.       0.       0.       0.       0.       0.105728 0.105728 0.105728 0.       0.       0.       0.105728 0.       0.154175 0.       0.       0.      ],[0. 0. 0. 0. 1. 0. 0. 1. 0. 0. 0. 0. 1. 1. 0. 0. 0. 0. 0. 1. 1. 1. 0. 0. 0. 1. 0. 1. 0. 0. 0.],9.0,1000,100,0.01,0.0015,1,11,idID,,random,single_objective
950,0.17970178491605585,0.3773737483237173,0.0034364,[0.       0.       0.       0.       0.105728 0.       0.       0.105728 0.       0.       0.       0.       0.105728 0.105728 0.       0.       0.       0.       0.       0.105728 0.105728 0.105728 0.       0.       0.       0.105728 0.       0.154175 0.       0.       0.      ],[0. 0. 0. 0. 1. 0. 0. 1. 0. 0. 0. 0. 1. 1. 0. 0. 0. 0. 0. 1. 1. 1. 0. 0. 0. 1. 0. 1. 0. 0. 0.],9.0,1000,100,0.01,0.0015,1,11,idID,,random,single_objective
951,0.17970178491605585,0.3773737483237173,0.0034364,[0.       0.       0.       0.       0.105728 0.       0.       0.105728 0.       0.       0.       0.       0.105728 0.105728 0.       0.       0.       0.       0.       0.105728 0.105728 0.105728 0.       0.       0.       0.105728 0.       0.154175 0.       0.       0.      ],[0. 0. 0. 0. 1. 0. 0. 1. 0. 0. 0. 0. 1. 1. 0. 0. 0. 0. 0. 1. 1. 1. 0. 0. 0. 1. 0. 1. 0. 0. 0.],9.0,1000,100,0.01,0.0015,1,11,idID,,random,single_objective
952,0.17970178491605585,0.3773737483237173,0.0034364,[0.       0.       0.       0.       0.105728 0.       0.       0.105728 0.       0.       0.       0.       0.105728 0.105728 0.       0.       0.       0.       0.       0.105728 0.105728 0.105728 0.       0.       0.       0.105728 0.       0.154175 0.       0.       0.      ],[0. 0. 0. 0. 1. 0. 0. 1. 0. 0. 0. 0. 1. 1. 0. 0. 0. 0. 0. 1. 1. 1. 0. 0. 0. 1. 0. 1. 0. 0. 0.],9.0,1000,100,0.01,0.0015,1,11,idID,,random,single_objective
953,0.17970178491605585,0.3773737483237173,0.0034364,[0.       0.       0.       0.       0.105728 0.       0.       0.105728 0.       0.       0.       0.       0.105728 0.105728 0.       0.       0.       0.       0.       0.105728 0.105728 0.105728 0.       0.       0.       0.105728 0.       0.154175 0.       0.       0.      ],[0. 0. 0. 0. 1. 0. 0. 1. 0. 0. 0. 0. 1. 1. 0. 0. 0. 0. 0. 1. 1. 1. 0. 0. 0. 1. 0. 1. 0. 0. 0.],9.0,1000,100,0.01,0.0015,1,11,idID,,random,single_objective
954,0.17970178491605585,0.3773737483237173,0.0034364,[0.       0.       0.       0.       0.105728 0.       0.       0.105728 0.       0.       0.       0.       0.105728 0.105728 0.       0.       0.       0.       0.       0.105728 0.105728 0.105728 0.       0.       0.       0.105728 0.       0.154175 0.       0.       0.      ],[0. 0. 0. 0. 1. 0. 0. 1. 0. 0. 0. 0. 1. 1. 0. 0. 0. 0. 0. 1. 1. 1. 0. 0. 0. 1. 0. 1. 0. 0. 0.],9.0,1000,100,0.01,0.0015,1,11,idID,,random,single_objective
955,0.17970178491605585,0.3773737483237173,0.0034364,[0.       0.       0.       0.       0.105728 0.       0.       0.105728 0.       0.       0.       0.       0.105728 0.105728 0.       0.       0.       0.       0.       0.105728 0.105728 0.105728 0.       0.       0.       0.105728 0.       0.154175 0.       0.       0.      ],[0. 0. 0. 0. 1. 0. 0. 1. 0. 0. 0. 0. 1. 1. 0. 0. 0. 0. 0. 1. 1. 1. 0. 0. 0. 1. 0. 1. 0. 0. 0.],9.0,1000,100,0.01,0.0015,1,11,idID,,random,single_objective
956,0.17970178491605585,0.3773737483237173,0.0034364,[0.       0.       0.       0.       0.105728 0.       0.       0.105728 0.       0.       0.       0.       0.105728 0.105728 0.       0.       0.       0.       0.       0.105728 0.105728 0.105728 0.       0.       0.       0.105728 0.       0.154175 0.       0.       0.      ],[0. 0. 0. 0. 1. 0. 0. 1. 0. 0. 0. 0. 1. 1. 0. 0. 0. 0. 0. 1. 1. 1. 0. 0. 0. 1. 0. 1. 0. 0. 0.],9.0,1000,100,0.01,0.0015,1,11,idID,,random,single_objective
957,0.17970178491605585,0.3773737483237173,0.0034364,[0.       0.       0.       0.       0.105728 0.       0.       0.105728 0.       0.       0.       0.       0.105728 0.105728 0.       0.       0.       0.       0.       0.105728 0.105728 0.105728 0.       0.       0.       0.105728 0.       0.154175 0.       0.       0.      ],[0. 0. 0. 0. 1. 0. 0. 1. 0. 0. 0. 0. 1. 1. 0. 0. 0. 0. 0. 1. 1. 1. 0. 0. 0. 1. 0. 1. 0. 0. 0.],9.0,1000,100,0.01,0.0015,1,11,idID,,random,single_objective
958,0.17970178491605585,0.3773737483237173,0.0034364,[0.       0.       0.       0.       0.105728 0.       0.       0.105728 0.       0.       0.       0.       0.105728 0.105728 0.       0.       0.       0.       0.       0.105728 0.105728 0.105728 0.       0.       0.       0.105728 0.       0.154175 0.       0.       0.      ],[0. 0. 0. 0. 1. 0. 0. 1. 0. 0. 0. 0. 1. 1. 0. 0. 0. 0. 0. 1. 1. 1. 0. 0. 0. 1. 0. 1. 0. 0. 0.],9.0,1000,100,0.01,0.0015,1,11,idID,,random,single_objective
959,0.17970178491605585,0.3773737483237173,0.0034364,[0.       0.       0.       0.       0.105728 0.       0.       0.105728 0.       0.       0.       0.       0.105728 0.105728 0.       0.       0.       0.       0.       0.105728 0.105728 0.105728 0.       0.       0.       0.105728 0.       0.154175 0.       0.       0.      ],[0. 0. 0. 0. 1. 0. 0. 1. 0. 0. 0. 0. 1. 1. 0. 0. 0. 0. 0. 1. 1. 1. 0. 0. 0. 1. 0. 1. 0. 0. 0.],9.0,1000,100,0.01,0.0015,1,11,idID,,random,single_objective
960,0.17970178491605585,0.3773737483237173,0.0034364,[0.       0.       0.       0.       0.105728 0.       0.       0.105728 0.       0.       0.       0.       0.105728 0.105728 0.       0.       0.       0.       0.       0.105728 0.105728 0.105728 0.       0.       0.       0.105728 0.       0.154175 0.       0.       0.      ],[0. 0. 0. 0. 1. 0. 0. 1. 0. 0. 0. 0. 1. 1. 0. 0. 0. 0. 0. 1. 1. 1. 0. 0. 0. 1. 0. 1. 0. 0. 0.],9.0,1000,100,0.01,0.0015,1,11,idID,,random,single_objective
961,0.17970178491605585,0.3773737483237173,0.0034364,[0.       0.       0.       0.       0.105728 0.       0.       0.105728 0.       0.       0.       0.       0.105728 0.105728 0.       0.       0.       0.       0.       0.105728 0.105728 0.105728 0.       0.       0.       0.105728 0.       0.154175 0.       0.       0.      ],[0. 0. 0. 0. 1. 0. 0. 1. 0. 0. 0. 0. 1. 1. 0. 0. 0. 0. 0. 1. 1. 1. 0. 0. 0. 1. 0. 1. 0. 0. 0.],9.0,1000,100,0.01,0.0015,1,11,idID,,random,single_objective
962,0.17970178491605585,0.3773737483237173,0.0034364,[0.       0.       0.       0.       0.105728 0.       0.       0.105728 0.       0.       0.       0.       0.105728 0.105728 0.       0.       0.       0.       0.       0.105728 0.105728 0.105728 0.       0.       0.       0.105728 0.       0.154175 0.       0.       0.      ],[0. 0. 0. 0. 1. 0. 0. 1. 0. 0. 0. 0. 1. 1. 0. 0. 0. 0. 0. 1. 1. 1. 0. 0. 0. 1. 0. 1. 0. 0. 0.],9.0,1000,100,0.01,0.0015,1,11,idID,,random,single_objective
963,0.17970178491605585,0.3773737483237173,0.0034364,[0.       0.       0.       0.       0.105728 0.       0.       0.105728 0.       0.       0.       0.       0.105728 0.105728 0.       0.       0.       0.       0.       0.105728 0.105728 0.105728 0.       0.       0.       0.105728 0.       0.154175 0.       0.       0.      ],[0. 0. 0. 0. 1. 0. 0. 1. 0. 0. 0. 0. 1. 1. 0. 0. 0. 0. 0. 1. 1. 1. 0. 0. 0. 1. 0. 1. 0. 0. 0.],9.0,1000,100,0.01,0.0015,1,11,idID,,random,single_objective
964,0.17970178491605585,0.3773737483237173,0.0034364,[0.       0.       0.       0.       0.105728 0.       0.       0.105728 0.       0.       0.       0.       0.105728 0.105728 0.       0.       0.       0.       0.       0.105728 0.105728 0.105728 0.       0.       0.       0.105728 0.       0.154175 0.       0.       0.      ],[0. 0. 0. 0. 1. 0. 0. 1. 0. 0. 0. 0. 1. 1. 0. 0. 0. 0. 0. 1. 1. 1. 0. 0. 0. 1. 0. 1. 0. 0. 0.],9.0,1000,100,0.01,0.0015,1,11,idID,,random,single_objective
965,0.17970178491605585,0.3773737483237173,0.0034364,[0.       0.       0.       0.       0.105728 0.       0.       0.105728 0.       0.       0.       0.       0.105728 0.105728 0.       0.       0.       0.       0.       0.105728 0.105728 0.105728 0.       0.       0.       0.105728 0.       0.154175 0.       0.       0.      ],[0. 0. 0. 0. 1. 0. 0. 1. 0. 0. 0. 0. 1. 1. 0. 0. 0. 0. 0. 1. 1. 1. 0. 0. 0. 1. 0. 1. 0. 0. 0.],9.0,1000,100,0.01,0.0015,1,11,idID,,random,single_objective
966,0.17970178491605585,0.3773737483237173,0.0034364,[0.       0.       0.       0.       0.105728 0.       0.       0.105728 0.       0.       0.       0.       0.105728 0.105728 0.       0.       0.       0.       0.       0.105728 0.105728 0.105728 0.       0.       0.       0.105728 0.       0.154175 0.       0.       0.      ],[0. 0. 0. 0. 1. 0. 0. 1. 0. 0. 0. 0. 1. 1. 0. 0. 0. 0. 0. 1. 1. 1. 0. 0. 0. 1. 0. 1. 0. 0. 0.],9.0,1000,100,0.01,0.0015,1,11,idID,,random,single_objective
967,0.17970178491605585,0.3773737483237173,0.0034364,[0.       0.       0.       0.       0.105728 0.       0.       0.105728 0.       0.       0.       0.       0.105728 0.105728 0.       0.       0.       0.       0.       0.105728 0.105728 0.105728 0.       0.       0.       0.105728 0.       0.154175 0.       0.       0.      ],[0. 0. 0. 0. 1. 0. 0. 1. 0. 0. 0. 0. 1. 1. 0. 0. 0. 0. 0. 1. 1. 1. 0. 0. 0. 1. 0. 1. 0. 0. 0.],9.0,1000,100,0.01,0.0015,1,11,idID,,random,single_objective
968,0.17970178491605585,0.3773737483237173,0.0034364,[0.       0.       0.       0.       0.105728 0.       0.       0.105728 0.       0.       0.       0.       0.105728 0.105728 0.       0.       0.       0.       0.       0.105728 0.105728 0.105728 0.       0.       0.       0.105728 0.       0.154175 0.       0.       0.      ],[0. 0. 0. 0. 1. 0. 0. 1. 0. 0. 0. 0. 1. 1. 0. 0. 0. 0. 0. 1. 1. 1. 0. 0. 0. 1. 0. 1. 0. 0. 0.],9.0,1000,100,0.01,0.0015,1,11,idID,,random,single_objective
969,0.17970178491605585,0.3773737483237173,0.0034364,[0.       0.       0.       0.       0.105728 0.       0.       0.105728 0.       0.       0.       0.       0.105728 0.105728 0.       0.       0.       0.       0.       0.105728 0.105728 0.105728 0.       0.       0.       0.105728 0.       0.154175 0.       0.       0.      ],[0. 0. 0. 0. 1. 0. 0. 1. 0. 0. 0. 0. 1. 1. 0. 0. 0. 0. 0. 1. 1. 1. 0. 0. 0. 1. 0. 1. 0. 0. 0.],9.0,1000,100,0.01,0.0015,1,11,idID,,random,single_objective
970,0.17970178491605585,0.3773737483237173,0.0034364,[0.       0.       0.       0.       0.105728 0.       0.       0.105728 0.       0.       0.       0.       0.105728 0.105728 0.       0.       0.       0.       0.       0.105728 0.105728 0.105728 0.       0.       0.       0.105728 0.       0.154175 0.       0.       0.      ],[0. 0. 0. 0. 1. 0. 0. 1. 0. 0. 0. 0. 1. 1. 0. 0. 0. 0. 0. 1. 1. 1. 0. 0. 0. 1. 0. 1. 0. 0. 0.],9.0,1000,100,0.01,0.0015,1,11,idID,,random,single_objective
971,0.17970178491605585,0.3773737483237173,0.0034364,[0.       0.       0.       0.       0.105728 0.       0.       0.105728 0.       0.       0.       0.       0.105728 0.105728 0.       0.       0.       0.       0.       0.105728 0.105728 0.105728 0.       0.       0.       0.105728 0.       0.154175 0.       0.       0.      ],[0. 0. 0. 0. 1. 0. 0. 1. 0. 0. 0. 0. 1. 1. 0. 0. 0. 0. 0. 1. 1. 1. 0. 0. 0. 1. 0. 1. 0. 0. 0.],9.0,1000,100,0.01,0.0015,1,11,idID,,random,single_objective
972,0.17970178491605585,0.3773737483237173,0.0034364,[0.       0.       0.       0.       0.105728 0.       0.       0.105728 0.       0.       0.       0.       0.105728 0.105728 0.       0.       0.       0.       0.       0.105728 0.105728 0.105728 0.       0.       0.       0.105728 0.       0.154175 0.       0.       0.      ],[0. 0. 0. 0. 1. 0. 0. 1. 0. 0. 0. 0. 1. 1. 0. 0. 0. 0. 0. 1. 1. 1. 0. 0. 0. 1. 0. 1. 0. 0. 0.],9.0,1000,100,0.01,0.0015,1,11,idID,,random,single_objective
973,0.17970178491605585,0.3773737483237173,0.0034364,[0.       0.       0.       0.       0.105728 0.       0.       0.105728 0.       0.       0.       0.       0.105728 0.105728 0.       0.       0.       0.       0.       0.105728 0.105728 0.105728 0.       0.       0.       0.105728 0.       0.154175 0.       0.       0.      ],[0. 0. 0. 0. 1. 0. 0. 1. 0. 0. 0. 0. 1. 1. 0. 0. 0. 0. 0. 1. 1. 1. 0. 0. 0. 1. 0. 1. 0. 0. 0.],9.0,1000,100,0.01,0.0015,1,11,idID,,random,single_objective
974,0.17970178491605585,0.3773737483237173,0.0034364,[0.       0.       0.       0.       0.105728 0.       0.       0.105728 0.       0.       0.       0.       0.105728 0.105728 0.       0.       0.       0.       0.       0.105728 0.105728 0.105728 0.       0.       0.       0.105728 0.       0.154175 0.       0.       0.      ],[0. 0. 0. 0. 1. 0. 0. 1. 0. 0. 0. 0. 1. 1. 0. 0. 0. 0. 0. 1. 1. 1. 0. 0. 0. 1. 0. 1. 0. 0. 0.],9.0,1000,100,0.01,0.0015,1,11,idID,,random,single_objective
975,0.17970178491605585,0.3773737483237173,0.0034364,[0.       0.       0.       0.       0.105728 0.       0.       0.105728 0.       0.       0.       0.       0.105728 0.105728 0.       0.       0.       0.       0.       0.105728 0.105728 0.105728 0.       0.       0.       0.105728 0.       0.154175 0.       0.       0.      ],[0. 0. 0. 0. 1. 0. 0. 1. 0. 0. 0. 0. 1. 1. 0. 0. 0. 0. 0. 1. 1. 1. 0. 0. 0. 1. 0. 1. 0. 0. 0.],9.0,1000,100,0.01,0.0015,1,11,idID,,random,single_objective
976,0.17970178491605585,0.3773737483237173,0.0034364,[0.       0.       0.       0.       0.105728 0.       0.       0.105728 0.       0.       0.       0.       0.105728 0.105728 0.       0.       0.       0.       0.       0.105728 0.105728 0.105728 0.       0.       0.       0.105728 0.       0.154175 0.       0.       0.      ],[0. 0. 0. 0. 1. 0. 0. 1. 0. 0. 0. 0. 1. 1. 0. 0. 0. 0. 0. 1. 1. 1. 0. 0. 0. 1. 0. 1. 0. 0. 0.],9.0,1000,100,0.01,0.0015,1,11,idID,,random,single_objective
977,0.17970178491605585,0.3773737483237173,0.0034364,[0.       0.       0.       0.       0.105728 0.       0.       0.105728 0.       0.       0.       0.       0.105728 0.105728 0.       0.       0.       0.       0.       0.105728 0.105728 0.105728 0.       0.       0.       0.105728 0.       0.154175 0.       0.       0.      ],[0. 0. 0. 0. 1. 0. 0. 1. 0. 0. 0. 0. 1. 1. 0. 0. 0. 0. 0. 1. 1. 1. 0. 0. 0. 1. 0. 1. 0. 0. 0.],9.0,1000,100,0.01,0.0015,1,11,idID,,random,single_objective
978,0.17970178491605585,0.3773737483237173,0.0034364,[0.       0.       0.       0.       0.105728 0.       0.       0.105728 0.       0.       0.       0.       0.105728 0.105728 0.       0.       0.       0.       0.       0.105728 0.105728 0.105728 0.       0.       0.       0.105728 0.       0.154175 0.       0.       0.      ],[0. 0. 0. 0. 1. 0. 0. 1. 0. 0. 0. 0. 1. 1. 0. 0. 0. 0. 0. 1. 1. 1. 0. 0. 0. 1. 0. 1. 0. 0. 0.],9.0,1000,100,0.01,0.0015,1,11,idID,,random,single_objective
979,0.17970178491605585,0.3773737483237173,0.0034364,[0.       0.       0.       0.       0.105728 0.       0.       0.105728 0.       0.       0.       0.       0.105728 0.105728 0.       0.       0.       0.       0.       0.105728 0.105728 0.105728 0.       0.       0.       0.105728 0.       0.154175 0.       0.       0.      ],[0. 0. 0. 0. 1. 0. 0. 1. 0. 0. 0. 0. 1. 1. 0. 0. 0. 0. 0. 1. 1. 1. 0. 0. 0. 1. 0. 1. 0. 0. 0.],9.0,1000,100,0.01,0.0015,1,11,idID,,random,single_objective
980,0.17970178491605585,0.3773737483237173,0.0034364,[0.       0.       0.       0.       0.105728 0.       0.       0.105728 0.       0.       0.       0.       0.105728 0.105728 0.       0.       0.       0.       0.       0.105728 0.105728 0.105728 0.       0.       0.       0.105728 0.       0.154175 0.       0.       0.      ],[0. 0. 0. 0. 1. 0. 0. 1. 0. 0. 0. 0. 1. 1. 0. 0. 0. 0. 0. 1. 1. 1. 0. 0. 0. 1. 0. 1. 0. 0. 0.],9.0,1000,100,0.01,0.0015,1,11,idID,,random,single_objective
981,0.17970178491605585,0.3773737483237173,0.0034364,[0.       0.       0.       0.       0.105728 0.       0.       0.105728 0.       0.       0.       0.       0.105728 0.105728 0.       0.       0.       0.       0.       0.105728 0.105728 0.105728 0.       0.       0.       0.105728 0.       0.154175 0.       0.       0.      ],[0. 0. 0. 0. 1. 0. 0. 1. 0. 0. 0. 0. 1. 1. 0. 0. 0. 0. 0. 1. 1. 1. 0. 0. 0. 1. 0. 1. 0. 0. 0.],9.0,1000,100,0.01,0.0015,1,11,idID,,random,single_objective
982,0.17970178491605585,0.3773737483237173,0.0034364,[0.       0.       0.       0.       0.105728 0.       0.       0.105728 0.       0.       0.       0.       0.105728 0.105728 0.       0.       0.       0.       0.       0.105728 0.105728 0.105728 0.       0.       0.       0.105728 0.       0.154175 0.       0.       0.      ],[0. 0. 0. 0. 1. 0. 0. 1. 0. 0. 0. 0. 1. 1. 0. 0. 0. 0. 0. 1. 1. 1. 0. 0. 0. 1. 0. 1. 0. 0. 0.],9.0,1000,100,0.01,0.0015,1,11,idID,,random,single_objective
983,0.17970178491605585,0.3773737483237173,0.0034364,[0.       0.       0.       0.       0.105728 0.       0.       0.105728 0.       0.       0.       0.       0.105728 0.105728 0.       0.       0.       0.       0.       0.105728 0.105728 0.105728 0.       0.       0.       0.105728 0.       0.154175 0.       0.       0.      ],[0. 0. 0. 0. 1. 0. 0. 1. 0. 0. 0. 0. 1. 1. 0. 0. 0. 0. 0. 1. 1. 1. 0. 0. 0. 1. 0. 1. 0. 0. 0.],9.0,1000,100,0.01,0.0015,1,11,idID,,random,single_objective
984,0.17970178491605585,0.3773737483237173,0.0034364,[0.       0.       0.       0.       0.105728 0.       0.       0.105728 0.       0.       0.       0.       0.105728 0.105728 0.       0.       0.       0.       0.       0.105728 0.105728 0.105728 0.       0.       0.       0.105728 0.       0.154175 0.       0.       0.      ],[0. 0. 0. 0. 1. 0. 0. 1. 0. 0. 0. 0. 1. 1. 0. 0. 0. 0. 0. 1. 1. 1. 0. 0. 0. 1. 0. 1. 0. 0. 0.],9.0,1000,100,0.01,0.0015,1,11,idID,,random,single_objective
985,0.17970178491605585,0.3773737483237173,0.0034364,[0.       0.       0.       0.       0.105728 0.       0.       0.105728 0.       0.       0.       0.       0.105728 0.105728 0.       0.       0.       0.       0.       0.105728 0.105728 0.105728 0.       0.       0.       0.105728 0.       0.154175 0.       0.       0.      ],[0. 0. 0. 0. 1. 0. 0. 1. 0. 0. 0. 0. 1. 1. 0. 0. 0. 0. 0. 1. 1. 1. 0. 0. 0. 1. 0. 1. 0. 0. 0.],9.0,1000,100,0.01,0.0015,1,11,idID,,random,single_objective
986,0.17970178491605585,0.3773737483237173,0.0034364,[0.       0.       0.       0.       0.105728 0.       0.       0.105728 0.       0.       0.       0.       0.105728 0.105728 0.       0.       0.       0.       0.       0.105728 0.105728 0.105728 0.       0.       0.       0.105728 0.       0.154175 0.       0.       0.      ],[0. 0. 0. 0. 1. 0. 0. 1. 0. 0. 0. 0. 1. 1. 0. 0. 0. 0. 0. 1. 1. 1. 0. 0. 0. 1. 0. 1. 0. 0. 0.],9.0,1000,100,0.01,0.0015,1,11,idID,,random,single_objective
987,0.17970178491605585,0.3773737483237173,0.0034364,[0.       0.       0.       0.       0.105728 0.       0.       0.105728 0.       0.       0.       0.       0.105728 0.105728 0.       0.       0.       0.       0.       0.105728 0.105728 0.105728 0.       0.       0.       0.105728 0.       0.154175 0.       0.       0.      ],[0. 0. 0. 0. 1. 0. 0. 1. 0. 0. 0. 0. 1. 1. 0. 0. 0. 0. 0. 1. 1. 1. 0. 0. 0. 1. 0. 1. 0. 0. 0.],9.0,1000,100,0.01,0.0015,1,11,idID,,random,single_objective
988,0.17970178491605585,0.3773737483237173,0.0034364,[0.       0.       0.       0.       0.105728 0.       0.       0.105728 0.       0.       0.       0.       0.105728 0.105728 0.       0.       0.       0.       0.       0.105728 0.105728 0.105728 0.       0.       0.       0.105728 0.       0.154175 0.       0.       0.      ],[0. 0. 0. 0. 1. 0. 0. 1. 0. 0. 0. 0. 1. 1. 0. 0. 0. 0. 0. 1. 1. 1. 0. 0. 0. 1. 0. 1. 0. 0. 0.],9.0,1000,100,0.01,0.0015,1,11,idID,,random,single_objective
989,0.17970178491605585,0.3773737483237173,0.0034364,[0.       0.       0.       0.       0.105728 0.       0.       0.105728 0.       0.       0.       0.       0.105728 0.105728 0.       0.       0.       0.       0.       0.105728 0.105728 0.105728 0.       0.       0.       0.105728 0.       0.154175 0.       0.       0.      ],[0. 0. 0. 0. 1. 0. 0. 1. 0. 0. 0. 0. 1. 1. 0. 0. 0. 0. 0. 1. 1. 1. 0. 0. 0. 1. 0. 1. 0. 0. 0.],9.0,1000,100,0.01,0.0015,1,11,idID,,random,single_objective
990,0.17970178491605585,0.3773737483237173,0.0034364,[0.       0.       0.       0.       0.105728 0.       0.       0.105728 0.       0.       0.       0.       0.105728 0.105728 0.       0.       0.       0.       0.       0.105728 0.105728 0.105728 0.       0.       0.       0.105728 0.       0.154175 0.       0.       0.      ],[0. 0. 0. 0. 1. 0. 0. 1. 0. 0. 0. 0. 1. 1. 0. 0. 0. 0. 0. 1. 1. 1. 0. 0. 0. 1. 0. 1. 0. 0. 0.],9.0,1000,100,0.01,0.0015,1,11,idID,,random,single_objective
991,0.17970178491605585,0.3773737483237173,0.0034364,[0.       0.       0.       0.       0.105728 0.       0.       0.105728 0.       0.       0.       0.       0.105728 0.105728 0.       0.       0.       0.       0.       0.105728 0.105728 0.105728 0.       0.       0.       0.105728 0.       0.154175 0.       0.       0.      ],[0. 0. 0. 0. 1. 0. 0. 1. 0. 0. 0. 0. 1. 1. 0. 0. 0. 0. 0. 1. 1. 1. 0. 0. 0. 1. 0. 1. 0. 0. 0.],9.0,1000,100,0.01,0.0015,1,11,idID,,random,single_objective
992,0.17970178491605585,0.3773737483237173,0.0034364,[0.       0.       0.       0.       0.105728 0.       0.       0.105728 0.       0.       0.       0.       0.105728 0.105728 0.       0.       0.       0.       0.       0.105728 0.105728 0.105728 0.       0.       0.       0.105728 0.       0.154175 0.       0.       0.      ],[0. 0. 0. 0. 1. 0. 0. 1. 0. 0. 0. 0. 1. 1. 0. 0. 0. 0. 0. 1. 1. 1. 0. 0. 0. 1. 0. 1. 0. 0. 0.],9.0,1000,100,0.01,0.0015,1,11,idID,,random,single_objective
993,0.17970178491605585,0.3773737483237173,0.0034364,[0.       0.       0.       0.       0.105728 0.       0.       0.105728 0.       0.       0.       0.       0.105728 0.105728 0.       0.       0.       0.       0.       0.105728 0.105728 0.105728 0.       0.       0.       0.105728 0.       0.154175 0.       0.       0.      ],[0. 0. 0. 0. 1. 0. 0. 1. 0. 0. 0. 0. 1. 1. 0. 0. 0. 0. 0. 1. 1. 1. 0. 0. 0. 1. 0. 1. 0. 0. 0.],9.0,1000,100,0.01,0.0015,1,11,idID,,random,single_objective
994,0.17970178491605585,0.3773737483237173,0.0034364,[0.       0.       0.       0.       0.105728 0.       0.       0.105728 0.       0.       0.       0.       0.105728 0.105728 0.       0.       0.       0.       0.       0.105728 0.105728 0.105728 0.       0.       0.       0.105728 0.       0.154175 0.       0.       0.      ],[0. 0. 0. 0. 1. 0. 0. 1. 0. 0. 0. 0. 1. 1. 0. 0. 0. 0. 0. 1. 1. 1. 0. 0. 0. 1. 0. 1. 0. 0. 0.],9.0,1000,100,0.01,0.0015,1,11,idID,,random,single_objective
995,0.17970178491605585,0.3773737483237173,0.0034364,[0.       0.       0.       0.       0.105728 0.       0.       0.105728 0.       0.       0.       0.       0.105728 0.105728 0.       0.       0.       0.       0.       0.105728 0.105728 0.105728 0.       0.       0.       0.105728 0.       0.154175 0.       0.       0.      ],[0. 0. 0. 0. 1. 0. 0. 1. 0. 0. 0. 0. 1. 1. 0. 0. 0. 0. 0. 1. 1. 1. 0. 0. 0. 1. 0. 1. 0. 0. 0.],9.0,1000,100,0.01,0.0015,1,11,idID,,random,single_objective
996,0.17970178491605585,0.3773737483237173,0.0034364,[0.       0.       0.       0.       0.105728 0.       0.       0.105728 0.       0.       0.       0.       0.105728 0.105728 0.       0.       0.       0.       0.       0.105728 0.105728 0.105728 0.       0.       0.       0.105728 0.       0.154175 0.       0.       0.      ],[0. 0. 0. 0. 1. 0. 0. 1. 0. 0. 0. 0. 1. 1. 0. 0. 0. 0. 0. 1. 1. 1. 0. 0. 0. 1. 0. 1. 0. 0. 0.],9.0,1000,100,0.01,0.0015,1,11,idID,,random,single_objective
997,0.17970178491605585,0.3773737483237173,0.0034364,[0.       0.       0.       0.       0.105728 0.       0.       0.105728 0.       0.       0.       0.       0.105728 0.105728 0.       0.       0.       0.       0.       0.105728 0.105728 0.105728 0.       0.       0.       0.105728 0.       0.154175 0.       0.       0.      ],[0. 0. 0. 0. 1. 0. 0. 1. 0. 0. 0. 0. 1. 1. 0. 0. 0. 0. 0. 1. 1. 1. 0. 0. 0. 1. 0. 1. 0. 0. 0.],9.0,1000,100,0.01,0.0015,1,11,idID,,random,single_objective
998,0.17970178491605585,0.3773737483237173,0.0034364,[0.       0.       0.       0.       0.105728 0.       0.       0.105728 0.       0.       0.       0.       0.105728 0.105728 0.       0.       0.       0.       0.       0.105728 0.105728 0.105728 0.       0.       0.       0.105728 0.       0.154175 0.       0.       0.      ],[0. 0. 0. 0. 1. 0. 0. 1. 0. 0. 0. 0. 1. 1. 0. 0. 0. 0. 0. 1. 1. 1. 0. 0. 0. 1. 0. 1. 0. 0. 0.],9.0,1000,100,0.01,0.0015,1,11,idID,,random,single_objective
999,0.17970178491605585,0.3773737483237173,0.0034364,[0.       0.       0.       0.       0.105728 0.       0.       0.105728 0.       0.       0.       0.       0.105728 0.105728 0.       0.       0.       0.       0.       0.105728 0.105728 0.105728 0.       0.       0.       0.105728 0.       0.154175 0.       0.       0.      ],[0. 0. 0. 0. 1. 0. 0. 1. 0. 0. 0. 0. 1. 1. 0. 0. 0. 0. 0. 1. 1. 1. 0. 0. 0. 1. 0. 1. 0. 0. 0.],9.0,1000,100,0.01,0.0015,1,11,idID,,random,single_objective
