iter,obj,aug_obj,return,X,Z,Q,max_iter,neighbours,alpha,exp_return,n_port,k,move_strategy,seed,selection_strategy,tag
0,0.2170384177743652,0.2170384177743652,0.0034395000000000007,[0.       0.       0.111111 0.       0.       0.       0.       0.111111 0.       0.       0.       0.       0.       0.       0.111111 0.       0.       0.       0.       0.       0.111111 0.111111 0.       0.       0.       0.111111 0.111111 0.111111 0.111111 0.       0.      ],[0. 0. 1. 0. 0. 0. 0. 1. 0. 0. 0. 0. 0. 0. 1. 0. 0. 0. 0. 0. 1. 1. 0. 0. 0. 1. 1. 1. 1. 0. 0.],9.0,1000,100,0.01,0.003,1,9,random,,random,single_objective
1,0.21675649492956975,0.21675649492956975,0.0034395000000000007,[0.         0.         0.111111   0.         0.         0.         0.         0.111111   0.         0.         0.         0.         0.         0.         0.111111   0.         0.         0.         0.         0.         0.111111   0.111111   0.         0.         0.         0.11222211 0.10999989 0.111111   0.111111   0.         0.        ],[0. 0. 1. 0. 0. 0. 0. 1. 0. 0. 0. 0. 0. 0. 1. 0. 0. 0. 0. 0. 1. 1. 0. 0. 0. 1. 1. 1. 1. 0. 0.],9.0,1000,100,0.01,0.003,1,9,random,,random,single_objective
2,0.21675649492956975,0.21675649492956975,0.0034395000000000007,[0.         0.         0.111111   0.         0.         0.         0.         0.111111   0.         0.         0.         0.         0.         0.         0.111111   0.         0.         0.         0.         0.         0.111111   0.111111   0.         0.         0.         0.11222211 0.10999989 0.111111   0.111111   0.         0.        ],[0. 0. 1. 0. 0. 0. 0. 1. 0. 0. 0. 0. 0. 0. 1. 0. 0. 0. 0. 0. 1. 1. 0. 0. 0. 1. 1. 1. 1. 0. 0.],9.0,1000,100,0.01,0.003,1,9,random,,random,single_objective
3,0.21675649492956975,0.2191649004287872,0.0034395000000000007,[0.         0.         0.111111   0.         0.         0.         0.         0.111111   0.         0.         0.         0.         0.         0.         0.111111   0.         0.         0.         0.         0.         0.111111   0.111111   0.         0.         0.         0.11222211 0.10999989 0.111111   0.111111   0.         0.        ],[0. 0. 1. 0. 0. 0. 0. 1. 0. 0. 0. 0. 0. 0. 1. 0. 0. 0. 0. 0. 1. 1. 0. 0. 0. 1. 1. 1. 1. 0. 0.],9.0,1000,100,0.01,0.003,1,9,random,,random,single_objective
4,0.21675649492956975,0.22157330592800464,0.0034395000000000007,[0.         0.         0.111111   0.         0.         0.         0.         0.111111   0.         0.         0.         0.         0.         0.         0.111111   0.         0.         0.         0.         0.         0.111111   0.111111   0.         0.         0.         0.11222211 0.10999989 0.111111   0.111111   0.         0.        ],[0. 0. 1. 0. 0. 0. 0. 1. 0. 0. 0. 0. 0. 0. 1. 0. 0. 0. 0. 0. 1. 1. 0. 0. 0. 1. 1. 1. 1. 0. 0.],9.0,1000,100,0.01,0.003,1,9,random,,random,single_objective
5,0.21649069245870634,0.22371590895635865,0.0034395000000000007,[0.         0.         0.111111   0.         0.         0.         0.         0.10999989 0.         0.         0.         0.         0.         0.         0.111111   0.         0.         0.         0.         0.         0.111111   0.111111   0.         0.         0.         0.11222211 0.10999989 0.11222211 0.111111   0.         0.        ],[0. 0. 1. 0. 0. 0. 0. 1. 0. 0. 0. 0. 0. 0. 1. 0. 0. 0. 0. 0. 1. 1. 0. 0. 0. 1. 1. 1. 1. 0. 0.],9.0,1000,100,0.01,0.003,1,9,random,,random,single_objective
6,0.21621700194312526,0.21621700194312526,0.0034395000000000007,[0.         0.         0.111111   0.         0.         0.         0.         0.10999989 0.         0.         0.         0.         0.         0.         0.111111   0.         0.         0.         0.         0.         0.10999989 0.111111   0.         0.         0.         0.11333322 0.10999989 0.11222211 0.111111   0.         0.        ],[0. 0. 1. 0. 0. 0. 0. 1. 0. 0. 0. 0. 0. 0. 1. 0. 0. 0. 0. 0. 1. 1. 0. 0. 0. 1. 1. 1. 1. 0. 0.],9.0,1000,100,0.01,0.003,1,9,random,,random,single_objective
7,0.20202317000000006,0.20202317000000006,0.0034395000000000007,[0.  0.  0.1 0.  0.1 0.  0.  0.1 0.  0.  0.  0.  0.  0.  0.1 0.  0.  0.  0.  0.  0.1 0.1 0.  0.  0.  0.1 0.1 0.1 0.1 0.  0. ],[0. 0. 1. 0. 1. 0. 0. 1. 0. 0. 0. 0. 0. 0. 1. 0. 0. 0. 0. 0. 1. 1. 0. 0. 0. 1. 1. 1. 1. 0. 0.],10.0,1000,100,0.01,0.003,1,9,random,,random,single_objective
8,0.18835336403344757,0.18835336403344757,0.0034395000000000007,[0.       0.       0.111111 0.       0.111111 0.       0.       0.111111 0.       0.       0.       0.       0.       0.       0.111111 0.       0.       0.       0.       0.       0.111111 0.111111 0.       0.       0.       0.111111 0.       0.111111 0.111111 0.       0.      ],[0. 0. 1. 0. 1. 0. 0. 1. 0. 0. 0. 0. 0. 0. 1. 0. 0. 0. 0. 0. 1. 1. 0. 0. 0. 1. 0. 1. 1. 0. 0.],9.0,1000,100,0.01,0.003,1,9,random,,random,single_objective
9,0.18833843522433438,0.18833843522433438,0.0034395000000000007,[0.       0.       0.111099 0.       0.111099 0.       0.       0.111099 0.       0.       0.       0.       0.       0.       0.111099 0.       0.       0.       0.       0.       0.111099 0.111099 0.       0.       0.       0.11121  0.       0.111099 0.111099 0.       0.      ],[0. 0. 1. 0. 1. 0. 0. 1. 0. 0. 0. 0. 0. 0. 1. 0. 0. 0. 0. 0. 1. 1. 0. 0. 0. 1. 0. 1. 1. 0. 0.],9.0,1000,100,0.01,0.003,1,9,random,,random,single_objective
10,0.1883375971219286,0.1883375971219286,0.0034395000000000007,[0.       0.       0.111098 0.       0.111098 0.       0.       0.111098 0.       0.       0.       0.       0.       0.       0.111098 0.       0.       0.       0.       0.       0.111098 0.111098 0.       0.       0.       0.11122  0.       0.111098 0.111098 0.       0.      ],[0. 0. 1. 0. 1. 0. 0. 1. 0. 0. 0. 0. 0. 0. 1. 0. 0. 0. 0. 0. 1. 1. 0. 0. 0. 1. 0. 1. 1. 0. 0.],9.0,1000,100,0.01,0.003,1,9,random,,random,single_objective
11,0.18833467093131154,0.18833467093131154,0.0034395000000000007,[0.       0.       0.111097 0.       0.111097 0.       0.       0.111097 0.       0.       0.       0.       0.       0.       0.111097 0.       0.       0.       0.       0.       0.111097 0.111097 0.       0.       0.       0.111221 0.       0.111097 0.111097 0.       0.      ],[0. 0. 1. 0. 1. 0. 0. 1. 0. 0. 0. 0. 0. 0. 1. 0. 0. 0. 0. 0. 1. 1. 0. 0. 0. 1. 0. 1. 1. 0. 0.],9.0,1000,100,0.01,0.003,1,9,random,,random,single_objective
12,0.1814485323826956,0.1814485323826956,0.0034395000000000007,[0.       0.       0.105882 0.       0.105882 0.       0.       0.105882 0.       0.       0.       0.       0.       0.       0.105882 0.       0.       0.       0.       0.       0.105882 0.105882 0.       0.       0.       0.152944 0.       0.105882 0.105882 0.       0.      ],[0. 0. 1. 0. 1. 0. 0. 1. 0. 0. 0. 0. 0. 0. 1. 0. 0. 0. 0. 0. 1. 1. 0. 0. 0. 1. 0. 1. 1. 0. 0.],9.0,1000,100,0.01,0.003,1,9,random,,random,single_objective
13,0.18124671436355883,0.18124671436355883,0.0034395000000000007,[0.       0.       0.105732 0.       0.105732 0.       0.       0.105732 0.       0.       0.       0.       0.       0.       0.105732 0.       0.       0.       0.       0.       0.105732 0.105732 0.       0.       0.       0.15414  0.       0.105732 0.105732 0.       0.      ],[0. 0. 1. 0. 1. 0. 0. 1. 0. 0. 0. 0. 0. 0. 1. 0. 0. 0. 0. 0. 1. 1. 0. 0. 0. 1. 0. 1. 1. 0. 0.],9.0,1000,100,0.01,0.003,1,9,random,,random,single_objective
14,0.18124201634332415,0.18124201634332415,0.0034395000000000007,[0.       0.       0.105728 0.       0.105728 0.       0.       0.105728 0.       0.       0.       0.       0.       0.       0.105728 0.       0.       0.       0.       0.       0.105728 0.105728 0.       0.       0.       0.154175 0.       0.105728 0.105728 0.       0.      ],[0. 0. 1. 0. 1. 0. 0. 1. 0. 0. 0. 0. 0. 0. 1. 0. 0. 0. 0. 0. 1. 1. 0. 0. 0. 1. 0. 1. 1. 0. 0.],9.0,1000,100,0.01,0.003,1,9,random,,random,single_objective
15,0.18124201634332415,0.18124201634332415,0.0034395000000000007,[0.       0.       0.105728 0.       0.105728 0.       0.       0.105728 0.       0.       0.       0.       0.       0.       0.105728 0.       0.       0.       0.       0.       0.105728 0.105728 0.       0.       0.       0.154175 0.       0.105728 0.105728 0.       0.      ],[0. 0. 1. 0. 1. 0. 0. 1. 0. 0. 0. 0. 0. 0. 1. 0. 0. 0. 0. 0. 1. 1. 0. 0. 0. 1. 0. 1. 1. 0. 0.],9.0,1000,100,0.01,0.003,1,9,random,,random,single_objective
16,0.18124201634332415,0.18325581652491665,0.0034395000000000007,[0.       0.       0.105728 0.       0.105728 0.       0.       0.105728 0.       0.       0.       0.       0.       0.       0.105728 0.       0.       0.       0.       0.       0.105728 0.105728 0.       0.       0.       0.154175 0.       0.105728 0.105728 0.       0.      ],[0. 0. 1. 0. 1. 0. 0. 1. 0. 0. 0. 0. 0. 0. 1. 0. 0. 0. 0. 0. 1. 1. 0. 0. 0. 1. 0. 1. 1. 0. 0.],9.0,1000,100,0.01,0.003,1,9,random,,random,single_objective
17,0.180999281249442,0.18502688161262698,0.0034395000000000007,[0.         0.         0.10467072 0.         0.105728   0.         0.         0.105728   0.         0.         0.         0.         0.         0.         0.105728   0.         0.         0.         0.         0.         0.105728   0.105728   0.         0.         0.         0.15523228 0.         0.105728   0.105728   0.         0.        ],[0. 0. 1. 0. 1. 0. 0. 1. 0. 0. 0. 0. 0. 0. 1. 0. 0. 0. 0. 0. 1. 1. 0. 0. 0. 1. 0. 1. 1. 0. 0.],9.0,1000,100,0.01,0.003,1,9,random,,random,single_objective
18,0.180999281249442,0.180999281249442,0.0034395000000000007,[0.         0.         0.10467072 0.         0.105728   0.         0.         0.105728   0.         0.         0.         0.         0.         0.         0.105728   0.         0.         0.         0.         0.         0.105728   0.105728   0.         0.         0.         0.15523228 0.         0.105728   0.105728   0.         0.        ],[0. 0. 1. 0. 1. 0. 0. 1. 0. 0. 0. 0. 0. 0. 1. 0. 0. 0. 0. 0. 1. 1. 0. 0. 0. 1. 0. 1. 1. 0. 0.],9.0,1000,100,0.01,0.003,1,9,random,,random,single_objective
19,0.180999281249442,0.1830103843744358,0.0034395000000000007,[0.         0.         0.10467072 0.         0.105728   0.         0.         0.105728   0.         0.         0.         0.         0.         0.         0.105728   0.         0.         0.         0.         0.         0.105728   0.105728   0.         0.         0.         0.15523228 0.         0.105728   0.105728   0.         0.        ],[0. 0. 1. 0. 1. 0. 0. 1. 0. 0. 0. 0. 0. 0. 1. 0. 0. 0. 0. 0. 1. 1. 0. 0. 0. 1. 0. 1. 1. 0. 0.],9.0,1000,100,0.01,0.003,1,9,random,,random,single_objective
20,0.180999281249442,0.1850214874994296,0.0034395000000000007,[0.         0.         0.10467072 0.         0.105728   0.         0.         0.105728   0.         0.         0.         0.         0.         0.         0.105728   0.         0.         0.         0.         0.         0.105728   0.105728   0.         0.         0.         0.15523228 0.         0.105728   0.105728   0.         0.        ],[0. 0. 1. 0. 1. 0. 0. 1. 0. 0. 0. 0. 0. 0. 1. 0. 0. 0. 0. 0. 1. 1. 0. 0. 0. 1. 0. 1. 1. 0. 0.],9.0,1000,100,0.01,0.003,1,9,random,,random,single_objective
21,0.180999281249442,0.1870325906244234,0.0034395000000000007,[0.         0.         0.10467072 0.         0.105728   0.         0.         0.105728   0.         0.         0.         0.         0.         0.         0.105728   0.         0.         0.         0.         0.         0.105728   0.105728   0.         0.         0.         0.15523228 0.         0.105728   0.105728   0.         0.        ],[0. 0. 1. 0. 1. 0. 0. 1. 0. 0. 0. 0. 0. 0. 1. 0. 0. 0. 0. 0. 1. 1. 0. 0. 0. 1. 0. 1. 1. 0. 0.],9.0,1000,100,0.01,0.003,1,9,random,,random,single_objective
22,0.18080477483022403,0.18884918733019923,0.0034395000000000007,[0.         0.         0.10467072 0.         0.10678528 0.         0.         0.105728   0.         0.         0.         0.         0.         0.         0.105728   0.         0.         0.         0.         0.         0.105728   0.105728   0.         0.         0.         0.15523228 0.         0.105728   0.10467072 0.         0.        ],[0. 0. 1. 0. 1. 0. 0. 1. 0. 0. 0. 0. 0. 0. 1. 0. 0. 0. 0. 0. 1. 1. 0. 0. 0. 1. 0. 1. 1. 0. 0.],9.0,1000,100,0.01,0.003,1,9,random,,random,single_objective
23,0.18080477483022403,0.18080477483022403,0.0034395000000000007,[0.         0.         0.10467072 0.         0.10678528 0.         0.         0.105728   0.         0.         0.         0.         0.         0.         0.105728   0.         0.         0.         0.         0.         0.105728   0.105728   0.         0.         0.         0.15523228 0.         0.105728   0.10467072 0.         0.        ],[0. 0. 1. 0. 1. 0. 0. 1. 0. 0. 0. 0. 0. 0. 1. 0. 0. 0. 0. 0. 1. 1. 0. 0. 0. 1. 0. 1. 1. 0. 0.],9.0,1000,100,0.01,0.003,1,9,random,,random,single_objective
24,0.18080477483022403,0.18281371677278208,0.0034395000000000007,[0.         0.         0.10467072 0.         0.10678528 0.         0.         0.105728   0.         0.         0.         0.         0.         0.         0.105728   0.         0.         0.         0.         0.         0.105728   0.105728   0.         0.         0.         0.15523228 0.         0.105728   0.10467072 0.         0.        ],[0. 0. 1. 0. 1. 0. 0. 1. 0. 0. 0. 0. 0. 0. 1. 0. 0. 0. 0. 0. 1. 1. 0. 0. 0. 1. 0. 1. 1. 0. 0.],9.0,1000,100,0.01,0.003,1,9,random,,random,single_objective
25,0.18056297714040878,0.18458086102552487,0.0034395000000000007,[0.         0.         0.10467072 0.         0.10678528 0.         0.         0.105728   0.         0.         0.         0.         0.         0.         0.105728   0.         0.         0.         0.         0.         0.10467072 0.105728   0.         0.         0.         0.15628956 0.         0.105728   0.10467072 0.         0.        ],[0. 0. 1. 0. 1. 0. 0. 1. 0. 0. 0. 0. 0. 0. 1. 0. 0. 0. 0. 0. 1. 1. 0. 0. 0. 1. 0. 1. 1. 0. 0.],9.0,1000,100,0.01,0.003,1,9,random,,random,single_objective
26,0.18056297714040878,0.18056297714040878,0.0034395000000000007,[0.         0.         0.10467072 0.         0.10678528 0.         0.         0.105728   0.         0.         0.         0.         0.         0.         0.105728   0.         0.         0.         0.         0.         0.10467072 0.105728   0.         0.         0.         0.15628956 0.         0.105728   0.10467072 0.         0.        ],[0. 0. 1. 0. 1. 0. 0. 1. 0. 0. 0. 0. 0. 0. 1. 0. 0. 0. 0. 0. 1. 1. 0. 0. 0. 1. 0. 1. 1. 0. 0.],9.0,1000,100,0.01,0.003,1,9,random,,random,single_objective
27,0.18056297714040878,0.18256923244196888,0.0034395000000000007,[0.         0.         0.10467072 0.         0.10678528 0.         0.         0.105728   0.         0.         0.         0.         0.         0.         0.105728   0.         0.         0.         0.         0.         0.10467072 0.105728   0.         0.         0.         0.15628956 0.         0.105728   0.10467072 0.         0.        ],[0. 0. 1. 0. 1. 0. 0. 1. 0. 0. 0. 0. 0. 0. 1. 0. 0. 0. 0. 0. 1. 1. 0. 0. 0. 1. 0. 1. 1. 0. 0.],9.0,1000,100,0.01,0.003,1,9,random,,random,single_objective
28,0.180337889847359,0.18435040045047918,0.0034395000000000007,[0.         0.         0.10362401 0.         0.10678528 0.         0.         0.105728   0.         0.         0.         0.         0.         0.         0.105728   0.         0.         0.         0.         0.         0.10467072 0.105728   0.         0.         0.         0.15628956 0.         0.10677471 0.10467072 0.         0.        ],[0. 0. 1. 0. 1. 0. 0. 1. 0. 0. 0. 0. 0. 0. 1. 0. 0. 0. 0. 0. 1. 1. 0. 0. 0. 1. 0. 1. 1. 0. 0.],9.0,1000,100,0.01,0.003,1,9,random,,random,single_objective
29,0.180337889847359,0.180337889847359,0.0034395000000000007,[0.         0.         0.10362401 0.         0.10678528 0.         0.         0.105728   0.         0.         0.         0.         0.         0.         0.105728   0.         0.         0.         0.         0.         0.10467072 0.105728   0.         0.         0.         0.15628956 0.         0.10677471 0.10467072 0.         0.        ],[0. 0. 1. 0. 1. 0. 0. 1. 0. 0. 0. 0. 0. 0. 1. 0. 0. 0. 0. 0. 1. 1. 0. 0. 0. 1. 0. 1. 1. 0. 0.],9.0,1000,100,0.01,0.003,1,9,random,,random,single_objective
30,0.180337889847359,0.18234164417899631,0.0034395000000000007,[0.         0.         0.10362401 0.         0.10678528 0.         0.         0.105728   0.         0.         0.         0.         0.         0.         0.105728   0.         0.         0.         0.         0.         0.10467072 0.105728   0.         0.         0.         0.15628956 0.         0.10677471 0.10467072 0.         0.        ],[0. 0. 1. 0. 1. 0. 0. 1. 0. 0. 0. 0. 0. 0. 1. 0. 0. 0. 0. 0. 1. 1. 0. 0. 0. 1. 0. 1. 1. 0. 0.],9.0,1000,100,0.01,0.003,1,9,random,,random,single_objective
31,0.180337889847359,0.18434539851063364,0.0034395000000000007,[0.         0.         0.10362401 0.         0.10678528 0.         0.         0.105728   0.         0.         0.         0.         0.         0.         0.105728   0.         0.         0.         0.         0.         0.10467072 0.105728   0.         0.         0.         0.15628956 0.         0.10677471 0.10467072 0.         0.        ],[0. 0. 1. 0. 1. 0. 0. 1. 0. 0. 0. 0. 0. 0. 1. 0. 0. 0. 0. 0. 1. 1. 0. 0. 0. 1. 0. 1. 1. 0. 0.],9.0,1000,100,0.01,0.003,1,9,random,,random,single_objective
32,0.180337889847359,0.18634915284227097,0.0034395000000000007,[0.         0.         0.10362401 0.         0.10678528 0.         0.         0.105728   0.         0.         0.         0.         0.         0.         0.105728   0.         0.         0.         0.         0.         0.10467072 0.105728   0.         0.         0.         0.15628956 0.         0.10677471 0.10467072 0.         0.        ],[0. 0. 1. 0. 1. 0. 0. 1. 0. 0. 0. 0. 0. 0. 1. 0. 0. 0. 0. 0. 1. 1. 0. 0. 0. 1. 0. 1. 1. 0. 0.],9.0,1000,100,0.01,0.003,1,9,random,,random,single_objective
33,0.180337889847359,0.1883529071739083,0.0034395000000000007,[0.         0.         0.10362401 0.         0.10678528 0.         0.         0.105728   0.         0.         0.         0.         0.         0.         0.105728   0.         0.         0.         0.         0.         0.10467072 0.105728   0.         0.         0.         0.15628956 0.         0.10677471 0.10467072 0.         0.        ],[0. 0. 1. 0. 1. 0. 0. 1. 0. 0. 0. 0. 0. 0. 1. 0. 0. 0. 0. 0. 1. 1. 0. 0. 0. 1. 0. 1. 1. 0. 0.],9.0,1000,100,0.01,0.003,1,9,random,,random,single_objective
34,0.180337889847359,0.1903566615055456,0.0034395000000000007,[0.         0.         0.10362401 0.         0.10678528 0.         0.         0.105728   0.         0.         0.         0.         0.         0.         0.105728   0.         0.         0.         0.         0.         0.10467072 0.105728   0.         0.         0.         0.15628956 0.         0.10677471 0.10467072 0.         0.        ],[0. 0. 1. 0. 1. 0. 0. 1. 0. 0. 0. 0. 0. 0. 1. 0. 0. 0. 0. 0. 1. 1. 0. 0. 0. 1. 0. 1. 1. 0. 0.],9.0,1000,100,0.01,0.003,1,9,random,,random,single_objective
35,0.18008865600503976,0.19211118199486368,0.0034395000000000007,[0.         0.         0.10362401 0.         0.10678528 0.         0.         0.10467072 0.         0.         0.         0.         0.         0.         0.105728   0.         0.         0.         0.         0.         0.10467072 0.105728   0.         0.         0.         0.15734684 0.         0.10677471 0.10467072 0.         0.        ],[0. 0. 1. 0. 1. 0. 0. 1. 0. 0. 0. 0. 0. 0. 1. 0. 0. 0. 0. 0. 1. 1. 0. 0. 0. 1. 0. 1. 1. 0. 0.],9.0,1000,100,0.01,0.003,1,9,random,,random,single_objective
36,0.18008865600503976,0.18008865600503976,0.0034395000000000007,[0.         0.         0.10362401 0.         0.10678528 0.         0.         0.10467072 0.         0.         0.         0.         0.         0.         0.105728   0.         0.         0.         0.         0.         0.10467072 0.105728   0.         0.         0.         0.15734684 0.         0.10677471 0.10467072 0.         0.        ],[0. 0. 1. 0. 1. 0. 0. 1. 0. 0. 0. 0. 0. 0. 1. 0. 0. 0. 0. 0. 1. 1. 0. 0. 0. 1. 0. 1. 1. 0. 0.],9.0,1000,100,0.01,0.003,1,9,random,,random,single_objective
37,0.18008865600503976,0.18208964107176243,0.0034395000000000007,[0.         0.         0.10362401 0.         0.10678528 0.         0.         0.10467072 0.         0.         0.         0.         0.         0.         0.105728   0.         0.         0.         0.         0.         0.10467072 0.105728   0.         0.         0.         0.15734684 0.         0.10677471 0.10467072 0.         0.        ],[0. 0. 1. 0. 1. 0. 0. 1. 0. 0. 0. 0. 0. 0. 1. 0. 0. 0. 0. 0. 1. 1. 0. 0. 0. 1. 0. 1. 1. 0. 0.],9.0,1000,100,0.01,0.003,1,9,random,,random,single_objective
38,0.17987097056652912,0.18387294069997445,0.0034395000000000007,[0.         0.         0.10362401 0.         0.10678528 0.         0.         0.10467072 0.         0.         0.         0.         0.         0.         0.105728   0.         0.         0.         0.         0.         0.10467072 0.105728   0.         0.         0.         0.15839355 0.         0.10677471 0.10362401 0.         0.        ],[0. 0. 1. 0. 1. 0. 0. 1. 0. 0. 0. 0. 0. 0. 1. 0. 0. 0. 0. 0. 1. 1. 0. 0. 0. 1. 0. 1. 1. 0. 0.],9.0,1000,100,0.01,0.003,1,9,random,,random,single_objective
39,0.17964709233193754,0.17964709233193754,0.0034395000000000007,[0.         0.         0.10362401 0.         0.10678528 0.         0.         0.10467072 0.         0.         0.         0.         0.         0.         0.105728   0.         0.         0.         0.         0.         0.10362401 0.105728   0.         0.         0.         0.15839355 0.         0.10782141 0.10362401 0.         0.        ],[0. 0. 1. 0. 1. 0. 0. 1. 0. 0. 0. 0. 0. 0. 1. 0. 0. 0. 0. 0. 1. 1. 0. 0. 0. 1. 0. 1. 1. 0. 0.],9.0,1000,100,0.01,0.003,1,9,random,,random,single_objective
40,0.17964709233193754,0.17964709233193754,0.0034395000000000007,[0.         0.         0.10362401 0.         0.10678528 0.         0.         0.10467072 0.         0.         0.         0.         0.         0.         0.105728   0.         0.         0.         0.         0.         0.10362401 0.105728   0.         0.         0.         0.15839355 0.         0.10782141 0.10362401 0.         0.        ],[0. 0. 1. 0. 1. 0. 0. 1. 0. 0. 0. 0. 0. 0. 1. 0. 0. 0. 0. 0. 1. 1. 0. 0. 0. 1. 0. 1. 1. 0. 0.],9.0,1000,100,0.01,0.003,1,9,random,,random,single_objective
41,0.17964709233193754,0.18164317113562573,0.0034395000000000007,[0.         0.         0.10362401 0.         0.10678528 0.         0.         0.10467072 0.         0.         0.         0.         0.         0.         0.105728   0.         0.         0.         0.         0.         0.10362401 0.105728   0.         0.         0.         0.15839355 0.         0.10782141 0.10362401 0.         0.        ],[0. 0. 1. 0. 1. 0. 0. 1. 0. 0. 0. 0. 0. 0. 1. 0. 0. 0. 0. 0. 1. 1. 0. 0. 0. 1. 0. 1. 1. 0. 0.],9.0,1000,100,0.01,0.003,1,9,random,,random,single_objective
42,0.17964709233193754,0.18363924993931394,0.0034395000000000007,[0.         0.         0.10362401 0.         0.10678528 0.         0.         0.10467072 0.         0.         0.         0.         0.         0.         0.105728   0.         0.         0.         0.         0.         0.10362401 0.105728   0.         0.         0.         0.15839355 0.         0.10782141 0.10362401 0.         0.        ],[0. 0. 1. 0. 1. 0. 0. 1. 0. 0. 0. 0. 0. 0. 1. 0. 0. 0. 0. 0. 1. 1. 0. 0. 0. 1. 0. 1. 1. 0. 0.],9.0,1000,100,0.01,0.003,1,9,random,,random,single_objective
43,0.17964709233193754,0.18563532874300212,0.0034395000000000007,[0.         0.         0.10362401 0.         0.10678528 0.         0.         0.10467072 0.         0.         0.         0.         0.         0.         0.105728   0.         0.         0.         0.         0.         0.10362401 0.105728   0.         0.         0.         0.15839355 0.         0.10782141 0.10362401 0.         0.        ],[0. 0. 1. 0. 1. 0. 0. 1. 0. 0. 0. 0. 0. 0. 1. 0. 0. 0. 0. 0. 1. 1. 0. 0. 0. 1. 0. 1. 1. 0. 0.],9.0,1000,100,0.01,0.003,1,9,random,,random,single_objective
44,0.17941547177755865,0.18739978699231144,0.0034395000000000007,[0.         0.         0.10362401 0.         0.10678528 0.         0.         0.10362401 0.         0.         0.         0.         0.         0.         0.105728   0.         0.         0.         0.         0.         0.10362401 0.105728   0.         0.         0.         0.15839355 0.         0.10886812 0.10362401 0.         0.        ],[0. 0. 1. 0. 1. 0. 0. 1. 0. 0. 0. 0. 0. 0. 1. 0. 0. 0. 0. 0. 1. 1. 0. 0. 0. 1. 0. 1. 1. 0. 0.],9.0,1000,100,0.01,0.003,1,9,random,,random,single_objective
45,0.17917030092701186,0.17917030092701186,0.0034395000000000007,[0.         0.         0.10362401 0.         0.10678528 0.         0.         0.10258777 0.         0.         0.         0.         0.         0.         0.105728   0.         0.         0.         0.         0.         0.10362401 0.105728   0.         0.         0.         0.15942979 0.         0.10886812 0.10362401 0.         0.        ],[0. 0. 1. 0. 1. 0. 0. 1. 0. 0. 0. 0. 0. 0. 1. 0. 0. 0. 0. 0. 1. 1. 0. 0. 0. 1. 0. 1. 1. 0. 0.],9.0,1000,100,0.01,0.003,1,9,random,,random,single_objective
46,0.17917030092701186,0.17917030092701186,0.0034395000000000007,[0.         0.         0.10362401 0.         0.10678528 0.         0.         0.10258777 0.         0.         0.         0.         0.         0.         0.105728   0.         0.         0.         0.         0.         0.10362401 0.105728   0.         0.         0.         0.15942979 0.         0.10886812 0.10362401 0.         0.        ],[0. 0. 1. 0. 1. 0. 0. 1. 0. 0. 0. 0. 0. 0. 1. 0. 0. 0. 0. 0. 1. 1. 0. 0. 0. 1. 0. 1. 1. 0. 0.],9.0,1000,100,0.01,0.003,1,9,random,,random,single_objective
47,0.17895155436259993,0.18094233548401117,0.0034395000000000007,[0.         0.         0.10362401 0.         0.10781116 0.         0.         0.10156189 0.         0.         0.         0.         0.         0.         0.105728   0.         0.         0.         0.         0.         0.10362401 0.105728   0.         0.         0.         0.15942979 0.         0.10886812 0.10362401 0.         0.        ],[0. 0. 1. 0. 1. 0. 0. 1. 0. 0. 0. 0. 0. 0. 1. 0. 0. 0. 0. 0. 1. 1. 0. 0. 0. 1. 0. 1. 1. 0. 0.],9.0,1000,100,0.01,0.003,1,9,random,,random,single_objective
48,0.17895155436259993,0.17895155436259993,0.0034395000000000007,[0.         0.         0.10362401 0.         0.10781116 0.         0.         0.10156189 0.         0.         0.         0.         0.         0.         0.105728   0.         0.         0.         0.         0.         0.10362401 0.105728   0.         0.         0.         0.15942979 0.         0.10886812 0.10362401 0.         0.        ],[0. 0. 1. 0. 1. 0. 0. 1. 0. 0. 0. 0. 0. 0. 1. 0. 0. 0. 0. 0. 1. 1. 0. 0. 0. 1. 0. 1. 1. 0. 0.],9.0,1000,100,0.01,0.003,1,9,random,,random,single_objective
49,0.17895155436259993,0.18093990496662882,0.0034395000000000007,[0.         0.         0.10362401 0.         0.10781116 0.         0.         0.10156189 0.         0.         0.         0.         0.         0.         0.105728   0.         0.         0.         0.         0.         0.10362401 0.105728   0.         0.         0.         0.15942979 0.         0.10886812 0.10362401 0.         0.        ],[0. 0. 1. 0. 1. 0. 0. 1. 0. 0. 0. 0. 0. 0. 1. 0. 0. 0. 0. 0. 1. 1. 0. 0. 0. 1. 0. 1. 1. 0. 0.],9.0,1000,100,0.01,0.003,1,9,random,,random,single_objective
50,0.17871468893685108,0.18269139014490884,0.0034395000000000007,[0.         0.         0.10362401 0.         0.10781116 0.         0.         0.10156189 0.         0.         0.         0.         0.         0.         0.105728   0.         0.         0.         0.         0.         0.10258777 0.105728   0.         0.         0.         0.16046603 0.         0.10886812 0.10362401 0.         0.        ],[0. 0. 1. 0. 1. 0. 0. 1. 0. 0. 0. 0. 0. 0. 1. 0. 0. 0. 0. 0. 1. 1. 0. 0. 0. 1. 0. 1. 1. 0. 0.],9.0,1000,100,0.01,0.003,1,9,random,,random,single_objective
51,0.17849242533724233,0.17849242533724233,0.0034395000000000007,[0.         0.         0.10258777 0.         0.10781116 0.         0.         0.10156189 0.         0.         0.         0.         0.         0.         0.105728   0.         0.         0.         0.         0.         0.10258777 0.105728   0.         0.         0.         0.16046603 0.         0.10990436 0.10362401 0.         0.        ],[0. 0. 1. 0. 1. 0. 0. 1. 0. 0. 0. 0. 0. 0. 1. 0. 0. 0. 0. 0. 1. 1. 0. 0. 0. 1. 0. 1. 1. 0. 0.],9.0,1000,100,0.01,0.003,1,9,random,,random,single_objective
52,0.17849242533724233,0.17849242533724233,0.0034395000000000007,[0.         0.         0.10258777 0.         0.10781116 0.         0.         0.10156189 0.         0.         0.         0.         0.         0.         0.105728   0.         0.         0.         0.         0.         0.10258777 0.105728   0.         0.         0.         0.16046603 0.         0.10990436 0.10362401 0.         0.        ],[0. 0. 1. 0. 1. 0. 0. 1. 0. 0. 0. 0. 0. 0. 1. 0. 0. 0. 0. 0. 1. 1. 0. 0. 0. 1. 0. 1. 1. 0. 0.],9.0,1000,100,0.01,0.003,1,9,random,,random,single_objective
53,0.17849242533724233,0.18047567450765614,0.0034395000000000007,[0.         0.         0.10258777 0.         0.10781116 0.         0.         0.10156189 0.         0.         0.         0.         0.         0.         0.105728   0.         0.         0.         0.         0.         0.10258777 0.105728   0.         0.         0.         0.16046603 0.         0.10990436 0.10362401 0.         0.        ],[0. 0. 1. 0. 1. 0. 0. 1. 0. 0. 0. 0. 0. 0. 1. 0. 0. 0. 0. 0. 1. 1. 0. 0. 0. 1. 0. 1. 1. 0. 0.],9.0,1000,100,0.01,0.003,1,9,random,,random,single_objective
54,0.17826632519689378,0.18223282353772138,0.0034395000000000007,[0.         0.         0.10258777 0.         0.10781116 0.         0.         0.10054628 0.         0.         0.         0.         0.         0.         0.105728   0.         0.         0.         0.         0.         0.10258777 0.105728   0.         0.         0.         0.16046603 0.         0.11091998 0.10362401 0.         0.        ],[0. 0. 1. 0. 1. 0. 0. 1. 0. 0. 0. 0. 0. 0. 1. 0. 0. 0. 0. 0. 1. 1. 0. 0. 0. 1. 0. 1. 1. 0. 0.],9.0,1000,100,0.01,0.003,1,9,random,,random,single_objective
55,0.13040288362069669,0.13040288362069669,0.0034395000000000007,[0.         0.         0.10258777 0.         0.10781116 0.         0.         0.         0.         0.         0.         0.         0.         0.         0.105728   0.         0.         0.         0.         0.         0.10258777 0.105728   0.         0.         0.         0.16046603 0.         0.10054628 0.10362401 0.         0.        ],[0. 0. 1. 0. 1. 0. 0. 0. 0. 0. 0. 0. 0. 0. 1. 0. 0. 0. 0. 0. 1. 1. 0. 0. 0. 1. 0. 1. 1. 0. 0.],8.0,1000,100,0.01,0.003,1,9,random,,random,single_objective
56,0.13040288362069669,0.13040288362069669,0.0034395000000000007,[0.         0.         0.10258777 0.         0.10781116 0.         0.         0.         0.         0.         0.         0.         0.         0.         0.105728   0.         0.         0.         0.         0.         0.10258777 0.105728   0.         0.         0.         0.16046603 0.         0.10054628 0.10362401 0.         0.        ],[0. 0. 1. 0. 1. 0. 0. 0. 0. 0. 0. 0. 0. 0. 1. 0. 0. 0. 0. 0. 1. 1. 0. 0. 0. 1. 0. 1. 1. 0. 0.],8.0,1000,100,0.01,0.003,1,9,random,,random,single_objective
57,0.10891122526861219,0.1105412613138709,0.0034395000000000007,[0.         0.         0.10258777 0.         0.10054628 0.         0.         0.         0.         0.         0.         0.         0.         0.         0.105728   0.         0.         0.         0.         0.         0.10258777 0.105728   0.         0.         0.         0.16046603 0.         0.         0.10362401 0.         0.        ],[0. 0. 1. 0. 1. 0. 0. 0. 0. 0. 0. 0. 0. 0. 1. 0. 0. 0. 0. 0. 1. 1. 0. 0. 0. 1. 0. 0. 1. 0. 0.],7.0,1000,100,0.01,0.003,1,9,random,,random,single_objective
58,0.10873923983945573,0.10873923983945573,0.0034395000000000007,[0.         0.         0.10258777 0.         0.10054628 0.         0.         0.         0.         0.         0.         0.         0.         0.         0.105728   0.         0.         0.         0.         0.         0.10258777 0.10467072 0.         0.         0.         0.16152331 0.         0.         0.10362401 0.         0.        ],[0. 0. 1. 0. 1. 0. 0. 0. 0. 0. 0. 0. 0. 0. 1. 0. 0. 0. 0. 0. 1. 1. 0. 0. 0. 1. 0. 0. 1. 0. 0.],7.0,1000,100,0.01,0.003,1,9,random,,random,single_objective
59,0.10873923983945573,0.10873923983945573,0.0034395000000000007,[0.         0.         0.10258777 0.         0.10054628 0.         0.         0.         0.         0.         0.         0.         0.         0.         0.105728   0.         0.         0.         0.         0.         0.10258777 0.10467072 0.         0.         0.         0.16152331 0.         0.         0.10362401 0.         0.        ],[0. 0. 1. 0. 1. 0. 0. 0. 0. 0. 0. 0. 0. 0. 1. 0. 0. 0. 0. 0. 1. 1. 0. 0. 0. 1. 0. 0. 1. 0. 0.],7.0,1000,100,0.01,0.003,1,9,random,,random,single_objective
60,0.10871448258766407,0.1102679002996563,0.0034395000000000007,[0.         0.         0.10156189 0.         0.10054628 0.         0.         0.         0.         0.         0.         0.         0.         0.         0.105728   0.         0.         0.         0.         0.         0.10258777 0.10467072 0.         0.         0.         0.16152331 0.         0.         0.10464989 0.         0.        ],[0. 0. 1. 0. 1. 0. 0. 0. 0. 0. 0. 0. 0. 0. 1. 0. 0. 0. 0. 0. 1. 1. 0. 0. 0. 1. 0. 0. 1. 0. 0.],7.0,1000,100,0.01,0.003,1,9,random,,random,single_objective
61,0.10871448258766407,0.10871448258766407,0.0034395000000000007,[0.         0.         0.10156189 0.         0.10054628 0.         0.         0.         0.         0.         0.         0.         0.         0.         0.105728   0.         0.         0.         0.         0.         0.10258777 0.10467072 0.         0.         0.         0.16152331 0.         0.         0.10464989 0.         0.        ],[0. 0. 1. 0. 1. 0. 0. 0. 0. 0. 0. 0. 0. 0. 1. 0. 0. 0. 0. 0. 1. 1. 0. 0. 0. 1. 0. 0. 1. 0. 0.],7.0,1000,100,0.01,0.003,1,9,random,,random,single_objective
62,0.1085427936665753,0.11009585770354192,0.0034395000000000007,[0.         0.         0.10156189 0.         0.10054628 0.         0.         0.         0.         0.         0.         0.         0.         0.         0.105728   0.         0.         0.         0.         0.         0.10156189 0.10467072 0.         0.         0.         0.16254919 0.         0.         0.10464989 0.         0.        ],[0. 0. 1. 0. 1. 0. 0. 0. 0. 0. 0. 0. 0. 0. 1. 0. 0. 0. 0. 0. 1. 1. 0. 0. 0. 1. 0. 0. 1. 0. 0.],7.0,1000,100,0.01,0.003,1,9,random,,random,single_objective
63,0.10837187047478196,0.10837187047478196,0.0034395000000000007,[0.         0.         0.10156189 0.         0.10054628 0.         0.         0.         0.         0.         0.         0.         0.         0.         0.105728   0.         0.         0.         0.         0.         0.10156189 0.10362401 0.         0.         0.         0.16359589 0.         0.         0.10464989 0.         0.        ],[0. 0. 1. 0. 1. 0. 0. 0. 0. 0. 0. 0. 0. 0. 1. 0. 0. 0. 0. 0. 1. 1. 0. 0. 0. 1. 0. 0. 1. 0. 0.],7.0,1000,100,0.01,0.003,1,9,random,,random,single_objective
64,0.10837187047478196,0.10837187047478196,0.0034395000000000007,[0.         0.         0.10156189 0.         0.10054628 0.         0.         0.         0.         0.         0.         0.         0.         0.         0.105728   0.         0.         0.         0.         0.         0.10156189 0.10362401 0.         0.         0.         0.16359589 0.         0.         0.10464989 0.         0.        ],[0. 0. 1. 0. 1. 0. 0. 0. 0. 0. 0. 0. 0. 0. 1. 0. 0. 0. 0. 0. 1. 1. 0. 0. 0. 1. 0. 0. 1. 0. 0.],7.0,1000,100,0.01,0.003,1,9,random,,random,single_objective
65,0.10837187047478196,0.10992004005299313,0.0034395000000000007,[0.         0.         0.10156189 0.         0.10054628 0.         0.         0.         0.         0.         0.         0.         0.         0.         0.105728   0.         0.         0.         0.         0.         0.10156189 0.10362401 0.         0.         0.         0.16359589 0.         0.         0.10464989 0.         0.        ],[0. 0. 1. 0. 1. 0. 0. 0. 0. 0. 0. 0. 0. 0. 1. 0. 0. 0. 0. 0. 1. 1. 0. 0. 0. 1. 0. 0. 1. 0. 0.],7.0,1000,100,0.01,0.003,1,9,random,,random,single_objective
66,0.10837187047478196,0.1114682096312043,0.0034395000000000007,[0.         0.         0.10156189 0.         0.10054628 0.         0.         0.         0.         0.         0.         0.         0.         0.         0.105728   0.         0.         0.         0.         0.         0.10156189 0.10362401 0.         0.         0.         0.16359589 0.         0.         0.10464989 0.         0.        ],[0. 0. 1. 0. 1. 0. 0. 0. 0. 0. 0. 0. 0. 0. 1. 0. 0. 0. 0. 0. 1. 1. 0. 0. 0. 1. 0. 0. 1. 0. 0.],7.0,1000,100,0.01,0.003,1,9,random,,random,single_objective
67,0.1081945043819668,0.11283901311660031,0.0034395000000000007,[0.         0.         0.10054628 0.         0.10054628 0.         0.         0.         0.         0.         0.         0.         0.         0.         0.105728   0.         0.         0.         0.         0.         0.10156189 0.10362401 0.         0.         0.         0.16461151 0.         0.         0.10464989 0.         0.        ],[0. 0. 1. 0. 1. 0. 0. 0. 0. 0. 0. 0. 0. 0. 1. 0. 0. 0. 0. 0. 1. 1. 0. 0. 0. 1. 0. 0. 1. 0. 0.],7.0,1000,100,0.01,0.003,1,9,random,,random,single_objective
68,0.1081945043819668,0.1081945043819668,0.0034395000000000007,[0.         0.         0.10054628 0.         0.10054628 0.         0.         0.         0.         0.         0.         0.         0.         0.         0.105728   0.         0.         0.         0.         0.         0.10156189 0.10362401 0.         0.         0.         0.16461151 0.         0.         0.10464989 0.         0.        ],[0. 0. 1. 0. 1. 0. 0. 0. 0. 0. 0. 0. 0. 0. 1. 0. 0. 0. 0. 0. 1. 1. 0. 0. 0. 1. 0. 0. 1. 0. 0.],7.0,1000,100,0.01,0.003,1,9,random,,random,single_objective
69,0.07254328866891291,0.07254328866891291,0.0034395000000000007,[0.         0.         0.         0.         0.10054628 0.         0.         0.         0.         0.         0.         0.         0.         0.         0.105728   0.         0.         0.         0.         0.         0.10156189 0.10362401 0.         0.         0.         0.16461151 0.         0.         0.10054628 0.         0.        ],[0. 0. 0. 0. 1. 0. 0. 0. 0. 0. 0. 0. 0. 0. 1. 0. 0. 0. 0. 0. 1. 1. 0. 0. 0. 1. 0. 0. 1. 0. 0.],6.0,1000,100,0.01,0.003,1,9,random,,random,single_objective
70,0.0598957892408878,0.0598957892408878,0.0034395000000000007,[0.         0.         0.         0.         0.10054628 0.         0.         0.         0.         0.         0.         0.         0.         0.         0.105728   0.         0.         0.         0.         0.         0.10156189 0.10362401 0.         0.         0.         0.16461151 0.         0.1        0.         0.         0.        ],[0. 0. 0. 0. 1. 0. 0. 0. 0. 0. 0. 0. 0. 0. 1. 0. 0. 0. 0. 0. 1. 1. 0. 0. 0. 1. 0. 1. 0. 0. 0.],6.0,1000,100,0.01,0.003,1,9,random,,random,single_objective
71,0.0598957892408878,0.0598957892408878,0.0034395000000000007,[0.         0.         0.         0.         0.10054628 0.         0.         0.         0.         0.         0.         0.         0.         0.         0.105728   0.         0.         0.         0.         0.         0.10156189 0.10362401 0.         0.         0.         0.16461151 0.         0.1        0.         0.         0.        ],[0. 0. 0. 0. 1. 0. 0. 0. 0. 0. 0. 0. 0. 0. 1. 0. 0. 0. 0. 0. 1. 1. 0. 0. 0. 1. 0. 1. 0. 0. 0.],6.0,1000,100,0.01,0.003,1,9,random,,random,single_objective
72,0.0598957892408878,0.0608940523949026,0.0034395000000000007,[0.         0.         0.         0.         0.10054628 0.         0.         0.         0.         0.         0.         0.         0.         0.         0.105728   0.         0.         0.         0.         0.         0.10156189 0.10362401 0.         0.         0.         0.16461151 0.         0.1        0.         0.         0.        ],[0. 0. 0. 0. 1. 0. 0. 0. 0. 0. 0. 0. 0. 0. 1. 0. 0. 0. 0. 0. 1. 1. 0. 0. 0. 1. 0. 1. 0. 0. 0.],6.0,1000,100,0.01,0.003,1,9,random,,random,single_objective
73,0.059773446797403026,0.06176997310543262,0.0034395000000000007,[0.         0.         0.         0.         0.10054628 0.         0.         0.         0.         0.         0.         0.         0.         0.         0.10467072 0.         0.         0.         0.         0.         0.10156189 0.10362401 0.         0.         0.         0.16566879 0.         0.1        0.         0.         0.        ],[0. 0. 0. 0. 1. 0. 0. 0. 0. 0. 0. 0. 0. 0. 1. 0. 0. 0. 0. 0. 1. 1. 0. 0. 0. 1. 0. 1. 0. 0. 0.],6.0,1000,100,0.01,0.003,1,9,random,,random,single_objective
74,0.059773446797403026,0.059773446797403026,0.0034395000000000007,[0.         0.         0.         0.         0.10054628 0.         0.         0.         0.         0.         0.         0.         0.         0.         0.10467072 0.         0.         0.         0.         0.         0.10156189 0.10362401 0.         0.         0.         0.16566879 0.         0.1        0.         0.         0.        ],[0. 0. 0. 0. 1. 0. 0. 0. 0. 0. 0. 0. 0. 0. 1. 0. 0. 0. 0. 0. 1. 1. 0. 0. 0. 1. 0. 1. 0. 0. 0.],6.0,1000,100,0.01,0.003,1,9,random,,random,single_objective
75,0.059773446797403026,0.060769670910693074,0.0034395000000000007,[0.         0.         0.         0.         0.10054628 0.         0.         0.         0.         0.         0.         0.         0.         0.         0.10467072 0.         0.         0.         0.         0.         0.10156189 0.10362401 0.         0.         0.         0.16566879 0.         0.1        0.         0.         0.        ],[0. 0. 0. 0. 1. 0. 0. 0. 0. 0. 0. 0. 0. 0. 1. 0. 0. 0. 0. 0. 1. 1. 0. 0. 0. 1. 0. 1. 0. 0. 0.],6.0,1000,100,0.01,0.003,1,9,random,,random,single_objective
76,0.05965177853286823,0.061644226759448334,0.0034395000000000007,[0.         0.         0.         0.         0.10054628 0.         0.         0.         0.         0.         0.         0.         0.         0.         0.10362401 0.         0.         0.         0.         0.         0.10156189 0.10362401 0.         0.         0.         0.1667155  0.         0.1        0.         0.         0.        ],[0. 0. 0. 0. 1. 0. 0. 0. 0. 0. 0. 0. 0. 0. 1. 0. 0. 0. 0. 0. 1. 1. 0. 0. 0. 1. 0. 1. 0. 0. 0.],6.0,1000,100,0.01,0.003,1,9,random,,random,single_objective
77,0.05965177853286823,0.05965177853286823,0.0034395000000000007,[0.         0.         0.         0.         0.10054628 0.         0.         0.         0.         0.         0.         0.         0.         0.         0.10362401 0.         0.         0.         0.         0.         0.10156189 0.10362401 0.         0.         0.         0.1667155  0.         0.1        0.         0.         0.        ],[0. 0. 0. 0. 1. 0. 0. 0. 0. 0. 0. 0. 0. 0. 1. 0. 0. 0. 0. 0. 1. 1. 0. 0. 0. 1. 0. 1. 0. 0. 0.],6.0,1000,100,0.01,0.003,1,9,random,,random,single_objective
78,0.05965177853286823,0.06064597484174937,0.0034395000000000007,[0.         0.         0.         0.         0.10054628 0.         0.         0.         0.         0.         0.         0.         0.         0.         0.10362401 0.         0.         0.         0.         0.         0.10156189 0.10362401 0.         0.         0.         0.1667155  0.         0.1        0.         0.         0.        ],[0. 0. 0. 0. 1. 0. 0. 0. 0. 0. 0. 0. 0. 0. 1. 0. 0. 0. 0. 0. 1. 1. 0. 0. 0. 1. 0. 1. 0. 0. 0.],6.0,1000,100,0.01,0.003,1,9,random,,random,single_objective
79,0.05965177853286823,0.06164017115063051,0.0034395000000000007,[0.         0.         0.         0.         0.10054628 0.         0.         0.         0.         0.         0.         0.         0.         0.         0.10362401 0.         0.         0.         0.         0.         0.10156189 0.10362401 0.         0.         0.         0.1667155  0.         0.1        0.         0.         0.        ],[0. 0. 0. 0. 1. 0. 0. 0. 0. 0. 0. 0. 0. 0. 1. 0. 0. 0. 0. 0. 1. 1. 0. 0. 0. 1. 0. 1. 0. 0. 0.],6.0,1000,100,0.01,0.003,1,9,random,,random,single_objective
80,0.059536865500268564,0.06251945442691198,0.0034395000000000007,[0.         0.         0.         0.         0.10054628 0.         0.         0.         0.         0.         0.         0.         0.         0.         0.10362401 0.         0.         0.         0.         0.         0.10054628 0.10362401 0.         0.         0.         0.16773112 0.         0.1        0.         0.         0.        ],[0. 0. 0. 0. 1. 0. 0. 0. 0. 0. 0. 0. 0. 0. 1. 0. 0. 0. 0. 0. 1. 1. 0. 0. 0. 1. 0. 1. 0. 0. 0.],6.0,1000,100,0.01,0.003,1,9,random,,random,single_objective
81,0.059536865500268564,0.059536865500268564,0.0034395000000000007,[0.         0.         0.         0.         0.10054628 0.         0.         0.         0.         0.         0.         0.         0.         0.         0.10362401 0.         0.         0.         0.         0.         0.10054628 0.10362401 0.         0.         0.         0.16773112 0.         0.1        0.         0.         0.        ],[0. 0. 0. 0. 1. 0. 0. 0. 0. 0. 0. 0. 0. 0. 1. 0. 0. 0. 0. 0. 1. 1. 0. 0. 0. 1. 0. 1. 0. 0. 0.],6.0,1000,100,0.01,0.003,1,9,random,,random,single_objective
82,0.053357336237463776,0.05434961732913492,0.0034395000000000007,[0.         0.         0.         0.         0.10054628 0.         0.         0.         0.1        0.         0.         0.         0.         0.         0.10362401 0.         0.         0.         0.         0.         0.         0.10362401 0.         0.         0.         0.16773112 0.         0.1        0.         0.         0.        ],[0. 0. 0. 0. 1. 0. 0. 0. 1. 0. 0. 0. 0. 0. 1. 0. 0. 0. 0. 0. 0. 1. 0. 0. 0. 1. 0. 1. 0. 0. 0.],6.0,1000,100,0.01,0.003,1,9,random,,random,single_objective
83,0.053357336237463776,0.053357336237463776,0.0034395000000000007,[0.         0.         0.         0.         0.10054628 0.         0.         0.         0.1        0.         0.         0.         0.         0.         0.10362401 0.         0.         0.         0.         0.         0.         0.10362401 0.         0.         0.         0.16773112 0.         0.1        0.         0.         0.        ],[0. 0. 0. 0. 1. 0. 0. 0. 1. 0. 0. 0. 0. 0. 1. 0. 0. 0. 0. 0. 0. 1. 0. 0. 0. 1. 0. 1. 0. 0. 0.],6.0,1000,100,0.01,0.003,1,9,random,,random,single_objective
84,0.04010499119715112,0.04099428013444219,0.0034395000000000007,[0.         0.         0.         0.         0.10054628 0.         0.         0.         0.1        0.         0.         0.         0.         0.         0.1        0.         0.         0.         0.         0.         0.         0.10362401 0.         0.         0.         0.16773112 0.         0.         0.         0.         0.        ],[0. 0. 0. 0. 1. 0. 0. 0. 1. 0. 0. 0. 0. 0. 1. 0. 0. 0. 0. 0. 0. 1. 0. 0. 0. 1. 0. 0. 0. 0. 0.],5.0,1000,100,0.01,0.003,1,9,random,,random,single_objective
85,0.04010499119715112,0.04010499119715112,0.0034395000000000007,[0.         0.         0.         0.         0.10054628 0.         0.         0.         0.1        0.         0.         0.         0.         0.         0.1        0.         0.         0.         0.         0.         0.         0.10362401 0.         0.         0.         0.16773112 0.         0.         0.         0.         0.        ],[0. 0. 0. 0. 1. 0. 0. 0. 1. 0. 0. 0. 0. 0. 1. 0. 0. 0. 0. 0. 0. 1. 0. 0. 0. 1. 0. 0. 0. 0. 0.],5.0,1000,100,0.01,0.003,1,9,random,,random,single_objective
86,0.030269582009277877,0.0310716818332209,0.0034395000000000007,[0.         0.         0.         0.         0.10054628 0.         0.         0.         0.1        0.         0.         0.         0.         0.         0.         0.         0.         0.         0.         0.         0.         0.10362401 0.         0.         0.         0.16773112 0.         0.1        0.         0.         0.        ],[0. 0. 0. 0. 1. 0. 0. 0. 1. 0. 0. 0. 0. 0. 0. 0. 0. 0. 0. 0. 0. 1. 0. 0. 0. 1. 0. 1. 0. 0. 0.],5.0,1000,100,0.01,0.003,1,9,random,,random,single_objective
87,0.030269582009277877,0.030269582009277877,0.0034395000000000007,[0.         0.         0.         0.         0.10054628 0.         0.         0.         0.1        0.         0.         0.         0.         0.         0.         0.         0.         0.         0.         0.         0.         0.10362401 0.         0.         0.         0.16773112 0.         0.1        0.         0.         0.        ],[0. 0. 0. 0. 1. 0. 0. 0. 1. 0. 0. 0. 0. 0. 0. 0. 0. 0. 0. 0. 0. 1. 0. 0. 0. 1. 0. 1. 0. 0. 0.],5.0,1000,100,0.01,0.003,1,9,random,,random,single_objective
88,0.030269582009277877,0.030874973649463434,0.0034395000000000007,[0.         0.         0.         0.         0.10054628 0.         0.         0.         0.1        0.         0.         0.         0.         0.         0.         0.         0.         0.         0.         0.         0.         0.10362401 0.         0.         0.         0.16773112 0.         0.1        0.         0.         0.        ],[0. 0. 0. 0. 1. 0. 0. 0. 1. 0. 0. 0. 0. 0. 0. 0. 0. 0. 0. 0. 0. 1. 0. 0. 0. 1. 0. 1. 0. 0. 0.],5.0,1000,100,0.01,0.003,1,9,random,,random,single_objective
89,0.030269582009277877,0.031480365289648995,0.0034395000000000007,[0.         0.         0.         0.         0.10054628 0.         0.         0.         0.1        0.         0.         0.         0.         0.         0.         0.         0.         0.         0.         0.         0.         0.10362401 0.         0.         0.         0.16773112 0.         0.1        0.         0.         0.        ],[0. 0. 0. 0. 1. 0. 0. 0. 1. 0. 0. 0. 0. 0. 0. 0. 0. 0. 0. 0. 0. 1. 0. 0. 0. 1. 0. 1. 0. 0. 0.],5.0,1000,100,0.01,0.003,1,9,random,,random,single_objective
90,0.030269582009277877,0.03208575692983455,0.0034395000000000007,[0.         0.         0.         0.         0.10054628 0.         0.         0.         0.1        0.         0.         0.         0.         0.         0.         0.         0.         0.         0.         0.         0.         0.10362401 0.         0.         0.         0.16773112 0.         0.1        0.         0.         0.        ],[0. 0. 0. 0. 1. 0. 0. 0. 1. 0. 0. 0. 0. 0. 0. 0. 0. 0. 0. 0. 0. 1. 0. 0. 0. 1. 0. 1. 0. 0. 0.],5.0,1000,100,0.01,0.003,1,9,random,,random,single_objective
91,0.030269582009277877,0.032691148570020104,0.0034395000000000007,[0.         0.         0.         0.         0.10054628 0.         0.         0.         0.1        0.         0.         0.         0.         0.         0.         0.         0.         0.         0.         0.         0.         0.10362401 0.         0.         0.         0.16773112 0.         0.1        0.         0.         0.        ],[0. 0. 0. 0. 1. 0. 0. 0. 1. 0. 0. 0. 0. 0. 0. 0. 0. 0. 0. 0. 0. 1. 0. 0. 0. 1. 0. 1. 0. 0. 0.],5.0,1000,100,0.01,0.003,1,9,random,,random,single_objective
92,0.030269582009277877,0.033296540210205665,0.0034395000000000007,[0.         0.         0.         0.         0.10054628 0.         0.         0.         0.1        0.         0.         0.         0.         0.         0.         0.         0.         0.         0.         0.         0.         0.10362401 0.         0.         0.         0.16773112 0.         0.1        0.         0.         0.        ],[0. 0. 0. 0. 1. 0. 0. 0. 1. 0. 0. 0. 0. 0. 0. 0. 0. 0. 0. 0. 0. 1. 0. 0. 0. 1. 0. 1. 0. 0. 0.],5.0,1000,100,0.01,0.003,1,9,random,,random,single_objective
93,0.030269582009277877,0.033901931850391226,0.0034395000000000007,[0.         0.         0.         0.         0.10054628 0.         0.         0.         0.1        0.         0.         0.         0.         0.         0.         0.         0.         0.         0.         0.         0.         0.10362401 0.         0.         0.         0.16773112 0.         0.1        0.         0.         0.        ],[0. 0. 0. 0. 1. 0. 0. 0. 1. 0. 0. 0. 0. 0. 0. 0. 0. 0. 0. 0. 0. 1. 0. 0. 0. 1. 0. 1. 0. 0. 0.],5.0,1000,100,0.01,0.003,1,9,random,,random,single_objective
94,0.030269582009277877,0.03450732349057678,0.0034395000000000007,[0.         0.         0.         0.         0.10054628 0.         0.         0.         0.1        0.         0.         0.         0.         0.         0.         0.         0.         0.         0.         0.         0.         0.10362401 0.         0.         0.         0.16773112 0.         0.1        0.         0.         0.        ],[0. 0. 0. 0. 1. 0. 0. 0. 1. 0. 0. 0. 0. 0. 0. 0. 0. 0. 0. 0. 0. 1. 0. 0. 0. 1. 0. 1. 0. 0. 0.],5.0,1000,100,0.01,0.003,1,9,random,,random,single_objective
95,0.030269582009277877,0.035112715130762334,0.0034395000000000007,[0.         0.         0.         0.         0.10054628 0.         0.         0.         0.1        0.         0.         0.         0.         0.         0.         0.         0.         0.         0.         0.         0.         0.10362401 0.         0.         0.         0.16773112 0.         0.1        0.         0.         0.        ],[0. 0. 0. 0. 1. 0. 0. 0. 1. 0. 0. 0. 0. 0. 0. 0. 0. 0. 0. 0. 0. 1. 0. 0. 0. 1. 0. 1. 0. 0. 0.],5.0,1000,100,0.01,0.003,1,9,random,,random,single_objective
96,0.030269582009277877,0.035718106770947895,0.0034395000000000007,[0.         0.         0.         0.         0.10054628 0.         0.         0.         0.1        0.         0.         0.         0.         0.         0.         0.         0.         0.         0.         0.         0.         0.10362401 0.         0.         0.         0.16773112 0.         0.1        0.         0.         0.        ],[0. 0. 0. 0. 1. 0. 0. 0. 1. 0. 0. 0. 0. 0. 0. 0. 0. 0. 0. 0. 0. 1. 0. 0. 0. 1. 0. 1. 0. 0. 0.],5.0,1000,100,0.01,0.003,1,9,random,,random,single_objective
97,0.030217647504857063,0.03627156390671264,0.0034395000000000007,[0.         0.         0.         0.         0.10054628 0.         0.         0.         0.1        0.         0.         0.         0.         0.         0.         0.         0.         0.         0.         0.         0.         0.10258777 0.         0.         0.         0.16773112 0.         0.10103624 0.         0.         0.        ],[0. 0. 0. 0. 1. 0. 0. 0. 1. 0. 0. 0. 0. 0. 0. 0. 0. 0. 0. 0. 0. 1. 0. 0. 0. 1. 0. 1. 0. 0. 0.],5.0,1000,100,0.01,0.003,1,9,random,,random,single_objective
98,0.030158507062862817,0.030158507062862817,0.0034395000000000007,[0.         0.         0.         0.         0.10054628 0.         0.         0.         0.1        0.         0.         0.         0.         0.         0.         0.         0.         0.         0.         0.         0.         0.10156189 0.         0.         0.         0.168757   0.         0.10103624 0.         0.         0.        ],[0. 0. 0. 0. 1. 0. 0. 0. 1. 0. 0. 0. 0. 0. 0. 0. 0. 0. 0. 0. 0. 1. 0. 0. 0. 1. 0. 1. 0. 0. 0.],5.0,1000,100,0.01,0.003,1,9,random,,random,single_objective
99,0.030158507062862817,0.030158507062862817,0.0034395000000000007,[0.         0.         0.         0.         0.10054628 0.         0.         0.         0.1        0.         0.         0.         0.         0.         0.         0.         0.         0.         0.         0.         0.         0.10156189 0.         0.         0.         0.168757   0.         0.10103624 0.         0.         0.        ],[0. 0. 0. 0. 1. 0. 0. 0. 1. 0. 0. 0. 0. 0. 0. 0. 0. 0. 0. 0. 0. 1. 0. 0. 0. 1. 0. 1. 0. 0. 0.],5.0,1000,100,0.01,0.003,1,9,random,,random,single_objective
100,0.030158507062862817,0.030761677204120073,0.0034395000000000007,[0.         0.         0.         0.         0.10054628 0.         0.         0.         0.1        0.         0.         0.         0.         0.         0.         0.         0.         0.         0.         0.         0.         0.10156189 0.         0.         0.         0.168757   0.         0.10103624 0.         0.         0.        ],[0. 0. 0. 0. 1. 0. 0. 0. 1. 0. 0. 0. 0. 0. 0. 0. 0. 0. 0. 0. 0. 1. 0. 0. 0. 1. 0. 1. 0. 0. 0.],5.0,1000,100,0.01,0.003,1,9,random,,random,single_objective
101,0.030158507062862817,0.03136484734537733,0.0034395000000000007,[0.         0.         0.         0.         0.10054628 0.         0.         0.         0.1        0.         0.         0.         0.         0.         0.         0.         0.         0.         0.         0.         0.         0.10156189 0.         0.         0.         0.168757   0.         0.10103624 0.         0.         0.        ],[0. 0. 0. 0. 1. 0. 0. 0. 1. 0. 0. 0. 0. 0. 0. 0. 0. 0. 0. 0. 0. 1. 0. 0. 0. 1. 0. 1. 0. 0. 0.],5.0,1000,100,0.01,0.003,1,9,random,,random,single_objective
102,0.030158507062862817,0.03196801748663459,0.0034395000000000007,[0.         0.         0.         0.         0.10054628 0.         0.         0.         0.1        0.         0.         0.         0.         0.         0.         0.         0.         0.         0.         0.         0.         0.10156189 0.         0.         0.         0.168757   0.         0.10103624 0.         0.         0.        ],[0. 0. 0. 0. 1. 0. 0. 0. 1. 0. 0. 0. 0. 0. 0. 0. 0. 0. 0. 0. 0. 1. 0. 0. 0. 1. 0. 1. 0. 0. 0.],5.0,1000,100,0.01,0.003,1,9,random,,random,single_objective
103,0.03015112278994745,0.032563803354976474,0.0034395000000000007,[0.         0.         0.         0.         0.10054628 0.         0.         0.         0.1        0.         0.         0.         0.         0.         0.         0.         0.         0.         0.         0.         0.         0.10156189 0.         0.         0.         0.16976736 0.         0.10002588 0.         0.         0.        ],[0. 0. 0. 0. 1. 0. 0. 0. 1. 0. 0. 0. 0. 0. 0. 0. 0. 0. 0. 0. 0. 1. 0. 0. 0. 1. 0. 1. 0. 0. 0.],5.0,1000,100,0.01,0.003,1,9,random,,random,single_objective
104,0.03009932948334774,0.03009932948334774,0.0034395000000000007,[0.         0.         0.         0.         0.10054628 0.         0.         0.         0.1        0.         0.         0.         0.         0.         0.         0.         0.         0.         0.         0.         0.         0.10054628 0.         0.         0.         0.16976736 0.         0.1010415  0.         0.         0.        ],[0. 0. 0. 0. 1. 0. 0. 0. 1. 0. 0. 0. 0. 0. 0. 0. 0. 0. 0. 0. 0. 1. 0. 0. 0. 1. 0. 1. 0. 0. 0.],5.0,1000,100,0.01,0.003,1,9,random,,random,single_objective
105,0.03009932948334774,0.03009932948334774,0.0034395000000000007,[0.         0.         0.         0.         0.10054628 0.         0.         0.         0.1        0.         0.         0.         0.         0.         0.         0.         0.         0.         0.         0.         0.         0.10054628 0.         0.         0.         0.16976736 0.         0.1010415  0.         0.         0.        ],[0. 0. 0. 0. 1. 0. 0. 0. 1. 0. 0. 0. 0. 0. 0. 0. 0. 0. 0. 0. 0. 1. 0. 0. 0. 1. 0. 1. 0. 0. 0.],5.0,1000,100,0.01,0.003,1,9,random,,random,single_objective
106,0.029040167400048732,0.029040167400048732,0.0034395000000000007,[0.         0.         0.         0.         0.10054628 0.         0.         0.         0.1        0.         0.         0.         0.         0.         0.         0.         0.         0.         0.         0.         0.         0.         0.         0.         0.         0.16976736 0.         0.1010415  0.         0.         0.1       ],[0. 0. 0. 0. 1. 0. 0. 0. 1. 0. 0. 0. 0. 0. 0. 0. 0. 0. 0. 0. 0. 0. 0. 0. 0. 1. 0. 1. 0. 0. 1.],5.0,1000,100,0.01,0.003,1,9,random,,random,single_objective
107,0.029040167400048732,0.029040167400048732,0.0034395000000000007,[0.         0.         0.         0.         0.10054628 0.         0.         0.         0.1        0.         0.         0.         0.         0.         0.         0.         0.         0.         0.         0.         0.         0.         0.         0.         0.         0.16976736 0.         0.1010415  0.         0.         0.1       ],[0. 0. 0. 0. 1. 0. 0. 0. 1. 0. 0. 0. 0. 0. 0. 0. 0. 0. 0. 0. 0. 0. 0. 0. 0. 1. 0. 1. 0. 0. 1.],5.0,1000,100,0.01,0.003,1,9,random,,random,single_objective
108,0.029040167400048732,0.029620970748049705,0.0034395000000000007,[0.         0.         0.         0.         0.10054628 0.         0.         0.         0.1        0.         0.         0.         0.         0.         0.         0.         0.         0.         0.         0.         0.         0.         0.         0.         0.         0.16976736 0.         0.1010415  0.         0.         0.1       ],[0. 0. 0. 0. 1. 0. 0. 0. 1. 0. 0. 0. 0. 0. 0. 0. 0. 0. 0. 0. 0. 0. 0. 0. 0. 1. 0. 1. 0. 0. 1.],5.0,1000,100,0.01,0.003,1,9,random,,random,single_objective
109,0.029040167400048732,0.030201774096050682,0.0034395000000000007,[0.         0.         0.         0.         0.10054628 0.         0.         0.         0.1        0.         0.         0.         0.         0.         0.         0.         0.         0.         0.         0.         0.         0.         0.         0.         0.         0.16976736 0.         0.1010415  0.         0.         0.1       ],[0. 0. 0. 0. 1. 0. 0. 0. 1. 0. 0. 0. 0. 0. 0. 0. 0. 0. 0. 0. 0. 0. 0. 0. 0. 1. 0. 1. 0. 0. 1.],5.0,1000,100,0.01,0.003,1,9,random,,random,single_objective
110,0.029040167400048732,0.030782577444051655,0.0034395000000000007,[0.         0.         0.         0.         0.10054628 0.         0.         0.         0.1        0.         0.         0.         0.         0.         0.         0.         0.         0.         0.         0.         0.         0.         0.         0.         0.         0.16976736 0.         0.1010415  0.         0.         0.1       ],[0. 0. 0. 0. 1. 0. 0. 0. 1. 0. 0. 0. 0. 0. 0. 0. 0. 0. 0. 0. 0. 0. 0. 0. 0. 1. 0. 1. 0. 0. 1.],5.0,1000,100,0.01,0.003,1,9,random,,random,single_objective
111,0.029040167400048732,0.03136338079205263,0.0034395000000000007,[0.         0.         0.         0.         0.10054628 0.         0.         0.         0.1        0.         0.         0.         0.         0.         0.         0.         0.         0.         0.         0.         0.         0.         0.         0.         0.         0.16976736 0.         0.1010415  0.         0.         0.1       ],[0. 0. 0. 0. 1. 0. 0. 0. 1. 0. 0. 0. 0. 0. 0. 0. 0. 0. 0. 0. 0. 0. 0. 0. 0. 1. 0. 1. 0. 0. 1.],5.0,1000,100,0.01,0.003,1,9,random,,random,single_objective
112,0.029040167400048732,0.03194418414005361,0.0034395000000000007,[0.         0.         0.         0.         0.10054628 0.         0.         0.         0.1        0.         0.         0.         0.         0.         0.         0.         0.         0.         0.         0.         0.         0.         0.         0.         0.         0.16976736 0.         0.1010415  0.         0.         0.1       ],[0. 0. 0. 0. 1. 0. 0. 0. 1. 0. 0. 0. 0. 0. 0. 0. 0. 0. 0. 0. 0. 0. 0. 0. 0. 1. 0. 1. 0. 0. 1.],5.0,1000,100,0.01,0.003,1,9,random,,random,single_objective
113,0.029040167400048732,0.03234541643287088,0.0034395000000000007,[0.         0.         0.         0.         0.10054628 0.         0.         0.         0.1        0.         0.         0.         0.         0.         0.         0.         0.         0.         0.         0.         0.         0.         0.         0.         0.         0.16976736 0.         0.1010415  0.         0.         0.1       ],[0. 0. 0. 0. 1. 0. 0. 0. 1. 0. 0. 0. 0. 0. 0. 0. 0. 0. 0. 0. 0. 0. 0. 0. 0. 1. 0. 1. 0. 0. 1.],5.0,1000,100,0.01,0.003,1,9,random,,random,single_objective
114,0.029040167400048732,0.033105790836055554,0.0034395000000000007,[0.         0.         0.         0.         0.10054628 0.         0.         0.         0.1        0.         0.         0.         0.         0.         0.         0.         0.         0.         0.         0.         0.         0.         0.         0.         0.         0.16976736 0.         0.1010415  0.         0.         0.1       ],[0. 0. 0. 0. 1. 0. 0. 0. 1. 0. 0. 0. 0. 0. 0. 0. 0. 0. 0. 0. 0. 0. 0. 0. 0. 1. 0. 1. 0. 0. 1.],5.0,1000,100,0.01,0.003,1,9,random,,random,single_objective
115,0.029040167400048732,0.03368659418405653,0.0034395000000000007,[0.         0.         0.         0.         0.10054628 0.         0.         0.         0.1        0.         0.         0.         0.         0.         0.         0.         0.         0.         0.         0.         0.         0.         0.         0.         0.         0.16976736 0.         0.1010415  0.         0.         0.1       ],[0. 0. 0. 0. 1. 0. 0. 0. 1. 0. 0. 0. 0. 0. 0. 0. 0. 0. 0. 0. 0. 0. 0. 0. 0. 1. 0. 1. 0. 0. 1.],5.0,1000,100,0.01,0.003,1,9,random,,random,single_objective
116,0.029040167400048732,0.0342673975320575,0.0034395000000000007,[0.         0.         0.         0.         0.10054628 0.         0.         0.         0.1        0.         0.         0.         0.         0.         0.         0.         0.         0.         0.         0.         0.         0.         0.         0.         0.         0.16976736 0.         0.1010415  0.         0.         0.1       ],[0. 0. 0. 0. 1. 0. 0. 0. 1. 0. 0. 0. 0. 0. 0. 0. 0. 0. 0. 0. 0. 0. 0. 0. 0. 1. 0. 1. 0. 0. 1.],5.0,1000,100,0.01,0.003,1,9,random,,random,single_objective
117,0.029040167400048732,0.03470986902054521,0.0034395000000000007,[0.         0.         0.         0.         0.10054628 0.         0.         0.         0.1        0.         0.         0.         0.         0.         0.         0.         0.         0.         0.         0.         0.         0.         0.         0.         0.         0.16976736 0.         0.1010415  0.         0.         0.1       ],[0. 0. 0. 0. 1. 0. 0. 0. 1. 0. 0. 0. 0. 0. 0. 0. 0. 0. 0. 0. 0. 0. 0. 0. 0. 1. 0. 1. 0. 0. 1.],5.0,1000,100,0.01,0.003,1,9,random,,random,single_objective
118,0.029040167400048732,0.03470986902054521,0.0034395000000000007,[0.         0.         0.         0.         0.10054628 0.         0.         0.         0.1        0.         0.         0.         0.         0.         0.         0.         0.         0.         0.         0.         0.         0.         0.         0.         0.         0.16976736 0.         0.1010415  0.         0.         0.1       ],[0. 0. 0. 0. 1. 0. 0. 0. 1. 0. 0. 0. 0. 0. 0. 0. 0. 0. 0. 0. 0. 0. 0. 0. 0. 1. 0. 1. 0. 0. 1.],5.0,1000,100,0.01,0.003,1,9,random,,random,single_objective
119,0.029040167400048732,0.036009807576060426,0.0034395000000000007,[0.         0.         0.         0.         0.10054628 0.         0.         0.         0.1        0.         0.         0.         0.         0.         0.         0.         0.         0.         0.         0.         0.         0.         0.         0.         0.         0.16976736 0.         0.1010415  0.         0.         0.1       ],[0. 0. 0. 0. 1. 0. 0. 0. 1. 0. 0. 0. 0. 0. 0. 0. 0. 0. 0. 0. 0. 0. 0. 0. 0. 1. 0. 1. 0. 0. 1.],5.0,1000,100,0.01,0.003,1,9,random,,random,single_objective
120,0.029040167400048732,0.035426127323227065,0.0034395000000000007,[0.         0.         0.         0.         0.10054628 0.         0.         0.         0.1        0.         0.         0.         0.         0.         0.         0.         0.         0.         0.         0.         0.         0.         0.         0.         0.         0.16976736 0.         0.1010415  0.         0.         0.1       ],[0. 0. 0. 0. 1. 0. 0. 0. 1. 0. 0. 0. 0. 0. 0. 0. 0. 0. 0. 0. 0. 0. 0. 0. 0. 1. 0. 1. 0. 0. 1.],5.0,1000,100,0.01,0.003,1,9,random,,random,single_objective
121,0.029040167400048732,0.03717141427206238,0.0034395000000000007,[0.         0.         0.         0.         0.10054628 0.         0.         0.         0.1        0.         0.         0.         0.         0.         0.         0.         0.         0.         0.         0.         0.         0.         0.         0.         0.         0.16976736 0.         0.1010415  0.         0.         0.1       ],[0. 0. 0. 0. 1. 0. 0. 0. 1. 0. 0. 0. 0. 0. 0. 0. 0. 0. 0. 0. 0. 0. 0. 0. 0. 1. 0. 1. 0. 0. 1.],5.0,1000,100,0.01,0.003,1,9,random,,random,single_objective
122,0.029040167400048732,0.03775221762006335,0.0034395000000000007,[0.         0.         0.         0.         0.10054628 0.         0.         0.         0.1        0.         0.         0.         0.         0.         0.         0.         0.         0.         0.         0.         0.         0.         0.         0.         0.         0.16976736 0.         0.1010415  0.         0.         0.1       ],[0. 0. 0. 0. 1. 0. 0. 0. 1. 0. 0. 0. 0. 0. 0. 0. 0. 0. 0. 0. 0. 0. 0. 0. 0. 1. 0. 1. 0. 0. 1.],5.0,1000,100,0.01,0.003,1,9,random,,random,single_objective
123,0.029040167400048732,0.038333020968064326,0.0034395000000000007,[0.         0.         0.         0.         0.10054628 0.         0.         0.         0.1        0.         0.         0.         0.         0.         0.         0.         0.         0.         0.         0.         0.         0.         0.         0.         0.         0.16976736 0.         0.1010415  0.         0.         0.1       ],[0. 0. 0. 0. 1. 0. 0. 0. 1. 0. 0. 0. 0. 0. 0. 0. 0. 0. 0. 0. 0. 0. 0. 0. 0. 1. 0. 1. 0. 0. 1.],5.0,1000,100,0.01,0.003,1,9,random,,random,single_objective
124,0.029040167400048732,0.0389138243160653,0.0034395000000000007,[0.         0.         0.         0.         0.10054628 0.         0.         0.         0.1        0.         0.         0.         0.         0.         0.         0.         0.         0.         0.         0.         0.         0.         0.         0.         0.         0.16976736 0.         0.1010415  0.         0.         0.1       ],[0. 0. 0. 0. 1. 0. 0. 0. 1. 0. 0. 0. 0. 0. 0. 0. 0. 0. 0. 0. 0. 0. 0. 0. 0. 1. 0. 1. 0. 0. 1.],5.0,1000,100,0.01,0.003,1,9,random,,random,single_objective
125,0.029040167400048732,0.03699184321687868,0.0034395000000000007,[0.         0.         0.         0.         0.10054628 0.         0.         0.         0.1        0.         0.         0.         0.         0.         0.         0.         0.         0.         0.         0.         0.         0.         0.         0.         0.         0.16976736 0.         0.1010415  0.         0.         0.1       ],[0. 0. 0. 0. 1. 0. 0. 0. 1. 0. 0. 0. 0. 0. 0. 0. 0. 0. 0. 0. 0. 0. 0. 0. 0. 1. 0. 1. 0. 0. 1.],5.0,1000,100,0.01,0.003,1,9,random,,random,single_objective
126,0.029040167400048732,0.04007543101206725,0.0034395000000000007,[0.         0.         0.         0.         0.10054628 0.         0.         0.         0.1        0.         0.         0.         0.         0.         0.         0.         0.         0.         0.         0.         0.         0.         0.         0.         0.         0.16976736 0.         0.1010415  0.         0.         0.1       ],[0. 0. 0. 0. 1. 0. 0. 0. 1. 0. 0. 0. 0. 0. 0. 0. 0. 0. 0. 0. 0. 0. 0. 0. 0. 1. 0. 1. 0. 0. 1.],5.0,1000,100,0.01,0.003,1,9,random,,random,single_objective
127,0.029040167400048732,0.040656234360068225,0.0034395000000000007,[0.         0.         0.         0.         0.10054628 0.         0.         0.         0.1        0.         0.         0.         0.         0.         0.         0.         0.         0.         0.         0.         0.         0.         0.         0.         0.         0.16976736 0.         0.1010415  0.         0.         0.1       ],[0. 0. 0. 0. 1. 0. 0. 0. 1. 0. 0. 0. 0. 0. 0. 0. 0. 0. 0. 0. 0. 0. 0. 0. 0. 1. 0. 1. 0. 0. 1.],5.0,1000,100,0.01,0.003,1,9,random,,random,single_objective
128,0.029040167400048732,0.0412370377080692,0.0034395000000000007,[0.         0.         0.         0.         0.10054628 0.         0.         0.         0.1        0.         0.         0.         0.         0.         0.         0.         0.         0.         0.         0.         0.         0.         0.         0.         0.         0.16976736 0.         0.1010415  0.         0.         0.1       ],[0. 0. 0. 0. 1. 0. 0. 0. 1. 0. 0. 0. 0. 0. 0. 0. 0. 0. 0. 0. 0. 0. 0. 0. 0. 1. 0. 1. 0. 0. 1.],5.0,1000,100,0.01,0.003,1,9,random,,random,single_objective
129,0.029040167400048732,0.04181784105607017,0.0034395000000000007,[0.         0.         0.         0.         0.10054628 0.         0.         0.         0.1        0.         0.         0.         0.         0.         0.         0.         0.         0.         0.         0.         0.         0.         0.         0.         0.         0.16976736 0.         0.1010415  0.         0.         0.1       ],[0. 0. 0. 0. 1. 0. 0. 0. 1. 0. 0. 0. 0. 0. 0. 0. 0. 0. 0. 0. 0. 0. 0. 0. 0. 1. 0. 1. 0. 0. 1.],5.0,1000,100,0.01,0.003,1,9,random,,random,single_objective
130,0.029040167400048732,0.04239864440407115,0.0034395000000000007,[0.         0.         0.         0.         0.10054628 0.         0.         0.         0.1        0.         0.         0.         0.         0.         0.         0.         0.         0.         0.         0.         0.         0.         0.         0.         0.         0.16976736 0.         0.1010415  0.         0.         0.1       ],[0. 0. 0. 0. 1. 0. 0. 0. 1. 0. 0. 0. 0. 0. 0. 0. 0. 0. 0. 0. 0. 0. 0. 0. 0. 1. 0. 1. 0. 0. 1.],5.0,1000,100,0.01,0.003,1,9,random,,random,single_objective
131,0.029040167400048732,0.042979447752072124,0.0034395000000000007,[0.         0.         0.         0.         0.10054628 0.         0.         0.         0.1        0.         0.         0.         0.         0.         0.         0.         0.         0.         0.         0.         0.         0.         0.         0.         0.         0.16976736 0.         0.1010415  0.         0.         0.1       ],[0. 0. 0. 0. 1. 0. 0. 0. 1. 0. 0. 0. 0. 0. 0. 0. 0. 0. 0. 0. 0. 0. 0. 0. 0. 1. 0. 1. 0. 0. 1.],5.0,1000,100,0.01,0.003,1,9,random,,random,single_objective
132,0.029040167400048732,0.0435602511000731,0.0034395000000000007,[0.         0.         0.         0.         0.10054628 0.         0.         0.         0.1        0.         0.         0.         0.         0.         0.         0.         0.         0.         0.         0.         0.         0.         0.         0.         0.         0.16976736 0.         0.1010415  0.         0.         0.1       ],[0. 0. 0. 0. 1. 0. 0. 0. 1. 0. 0. 0. 0. 0. 0. 0. 0. 0. 0. 0. 0. 0. 0. 0. 0. 1. 0. 1. 0. 0. 1.],5.0,1000,100,0.01,0.003,1,9,random,,random,single_objective
133,0.029040167400048732,0.040653357455235836,0.0034395000000000007,[0.         0.         0.         0.         0.10054628 0.         0.         0.         0.1        0.         0.         0.         0.         0.         0.         0.         0.         0.         0.         0.         0.         0.         0.         0.         0.         0.16976736 0.         0.1010415  0.         0.         0.1       ],[0. 0. 0. 0. 1. 0. 0. 0. 1. 0. 0. 0. 0. 0. 0. 0. 0. 0. 0. 0. 0. 0. 0. 0. 0. 1. 0. 1. 0. 0. 1.],5.0,1000,100,0.01,0.003,1,9,random,,random,single_objective
134,0.029040167400048732,0.04472185779607505,0.0034395000000000007,[0.         0.         0.         0.         0.10054628 0.         0.         0.         0.1        0.         0.         0.         0.         0.         0.         0.         0.         0.         0.         0.         0.         0.         0.         0.         0.         0.16976736 0.         0.1010415  0.         0.         0.1       ],[0. 0. 0. 0. 1. 0. 0. 0. 1. 0. 0. 0. 0. 0. 0. 0. 0. 0. 0. 0. 0. 0. 0. 0. 0. 1. 0. 1. 0. 0. 1.],5.0,1000,100,0.01,0.003,1,9,random,,random,single_objective
135,0.029040167400048732,0.04181496415123778,0.0034395000000000007,[0.         0.         0.         0.         0.10054628 0.         0.         0.         0.1        0.         0.         0.         0.         0.         0.         0.         0.         0.         0.         0.         0.         0.         0.         0.         0.         0.16976736 0.         0.1010415  0.         0.         0.1       ],[0. 0. 0. 0. 1. 0. 0. 0. 1. 0. 0. 0. 0. 0. 0. 0. 0. 0. 0. 0. 0. 0. 0. 0. 0. 1. 0. 1. 0. 0. 1.],5.0,1000,100,0.01,0.003,1,9,random,,random,single_objective
136,0.029040167400048732,0.045883464492076996,0.0034395000000000007,[0.         0.         0.         0.         0.10054628 0.         0.         0.         0.1        0.         0.         0.         0.         0.         0.         0.         0.         0.         0.         0.         0.         0.         0.         0.         0.         0.16976736 0.         0.1010415  0.         0.         0.1       ],[0. 0. 0. 0. 1. 0. 0. 0. 1. 0. 0. 0. 0. 0. 0. 0. 0. 0. 0. 0. 0. 0. 0. 0. 0. 1. 0. 1. 0. 0. 1.],5.0,1000,100,0.01,0.003,1,9,random,,random,single_objective
137,0.029040167400048732,0.04646426784007797,0.0034395000000000007,[0.         0.         0.         0.         0.10054628 0.         0.         0.         0.1        0.         0.         0.         0.         0.         0.         0.         0.         0.         0.         0.         0.         0.         0.         0.         0.         0.16976736 0.         0.1010415  0.         0.         0.1       ],[0. 0. 0. 0. 1. 0. 0. 0. 1. 0. 0. 0. 0. 0. 0. 0. 0. 0. 0. 0. 0. 0. 0. 0. 0. 1. 0. 1. 0. 0. 1.],5.0,1000,100,0.01,0.003,1,9,random,,random,single_objective
138,0.029040167400048732,0.04351197986117219,0.0034395000000000007,[0.         0.         0.         0.         0.10054628 0.         0.         0.         0.1        0.         0.         0.         0.         0.         0.         0.         0.         0.         0.         0.         0.         0.         0.         0.         0.         0.16976736 0.         0.1010415  0.         0.         0.1       ],[0. 0. 0. 0. 1. 0. 0. 0. 1. 0. 0. 0. 0. 0. 0. 0. 0. 0. 0. 0. 0. 0. 0. 0. 0. 1. 0. 1. 0. 0. 1.],5.0,1000,100,0.01,0.003,1,9,random,,random,single_objective
139,0.029040167400048732,0.04762587453607992,0.0034395000000000007,[0.         0.         0.         0.         0.10054628 0.         0.         0.         0.1        0.         0.         0.         0.         0.         0.         0.         0.         0.         0.         0.         0.         0.         0.         0.         0.         0.16976736 0.         0.1010415  0.         0.         0.1       ],[0. 0. 0. 0. 1. 0. 0. 0. 1. 0. 0. 0. 0. 0. 0. 0. 0. 0. 0. 0. 0. 0. 0. 0. 0. 1. 0. 1. 0. 0. 1.],5.0,1000,100,0.01,0.003,1,9,random,,random,single_objective
140,0.029040167400048732,0.048206677884080895,0.0034395000000000007,[0.         0.         0.         0.         0.10054628 0.         0.         0.         0.1        0.         0.         0.         0.         0.         0.         0.         0.         0.         0.         0.         0.         0.         0.         0.         0.         0.16976736 0.         0.1010415  0.         0.         0.1       ],[0. 0. 0. 0. 1. 0. 0. 0. 1. 0. 0. 0. 0. 0. 0. 0. 0. 0. 0. 0. 0. 0. 0. 0. 0. 1. 0. 1. 0. 0. 1.],5.0,1000,100,0.01,0.003,1,9,random,,random,single_objective
141,0.029040167400048732,0.048787481232081875,0.0034395000000000007,[0.         0.         0.         0.         0.10054628 0.         0.         0.         0.1        0.         0.         0.         0.         0.         0.         0.         0.         0.         0.         0.         0.         0.         0.         0.         0.         0.16976736 0.         0.1010415  0.         0.         0.1       ],[0. 0. 0. 0. 1. 0. 0. 0. 1. 0. 0. 0. 0. 0. 0. 0. 0. 0. 0. 0. 0. 0. 0. 0. 0. 1. 0. 1. 0. 0. 1.],5.0,1000,100,0.01,0.003,1,9,random,,random,single_objective
142,0.029040167400048732,0.04936828458008284,0.0034395000000000007,[0.         0.         0.         0.         0.10054628 0.         0.         0.         0.1        0.         0.         0.         0.         0.         0.         0.         0.         0.         0.         0.         0.         0.         0.         0.         0.         0.16976736 0.         0.1010415  0.         0.         0.1       ],[0. 0. 0. 0. 1. 0. 0. 0. 1. 0. 0. 0. 0. 0. 0. 0. 0. 0. 0. 0. 0. 0. 0. 0. 0. 1. 0. 1. 0. 0. 1.],5.0,1000,100,0.01,0.003,1,9,random,,random,single_objective
143,0.029040167400048732,0.04994908792808382,0.0034395000000000007,[0.         0.         0.         0.         0.10054628 0.         0.         0.         0.1        0.         0.         0.         0.         0.         0.         0.         0.         0.         0.         0.         0.         0.         0.         0.         0.         0.16976736 0.         0.1010415  0.         0.         0.1       ],[0. 0. 0. 0. 1. 0. 0. 0. 1. 0. 0. 0. 0. 0. 0. 0. 0. 0. 0. 0. 0. 0. 0. 0. 0. 1. 0. 1. 0. 0. 1.],5.0,1000,100,0.01,0.003,1,9,random,,random,single_objective
144,0.029040167400048732,0.045745132632563724,0.0034395000000000007,[0.         0.         0.         0.         0.10054628 0.         0.         0.         0.1        0.         0.         0.         0.         0.         0.         0.         0.         0.         0.         0.         0.         0.         0.         0.         0.         0.16976736 0.         0.1010415  0.         0.         0.1       ],[0. 0. 0. 0. 1. 0. 0. 0. 1. 0. 0. 0. 0. 0. 0. 0. 0. 0. 0. 0. 0. 0. 0. 0. 0. 1. 0. 1. 0. 0. 1.],5.0,1000,100,0.01,0.003,1,9,random,,random,single_objective
145,0.029040167400048732,0.04512309008889233,0.0034395000000000007,[0.         0.         0.         0.         0.10054628 0.         0.         0.         0.1        0.         0.         0.         0.         0.         0.         0.         0.         0.         0.         0.         0.         0.         0.         0.         0.         0.16976736 0.         0.1010415  0.         0.         0.1       ],[0. 0. 0. 0. 1. 0. 0. 0. 1. 0. 0. 0. 0. 0. 0. 0. 0. 0. 0. 0. 0. 0. 0. 0. 0. 1. 0. 1. 0. 0. 1.],5.0,1000,100,0.01,0.003,1,9,random,,random,single_objective
146,0.029040167400048732,0.05169149797208675,0.0034395000000000007,[0.         0.         0.         0.         0.10054628 0.         0.         0.         0.1        0.         0.         0.         0.         0.         0.         0.         0.         0.         0.         0.         0.         0.         0.         0.         0.         0.16976736 0.         0.1010415  0.         0.         0.1       ],[0. 0. 0. 0. 1. 0. 0. 0. 1. 0. 0. 0. 0. 0. 0. 0. 0. 0. 0. 0. 0. 0. 0. 0. 0. 1. 0. 1. 0. 0. 1.],5.0,1000,100,0.01,0.003,1,9,random,,random,single_objective
147,0.029040167400048732,0.05227230132008772,0.0034395000000000007,[0.         0.         0.         0.         0.10054628 0.         0.         0.         0.1        0.         0.         0.         0.         0.         0.         0.         0.         0.         0.         0.         0.         0.         0.         0.         0.         0.16976736 0.         0.1010415  0.         0.         0.1       ],[0. 0. 0. 0. 1. 0. 0. 0. 1. 0. 0. 0. 0. 0. 0. 0. 0. 0. 0. 0. 0. 0. 0. 0. 0. 1. 0. 1. 0. 0. 1.],5.0,1000,100,0.01,0.003,1,9,random,,random,single_objective
148,0.029040167400048732,0.05285310466808869,0.0034395000000000007,[0.         0.         0.         0.         0.10054628 0.         0.         0.         0.1        0.         0.         0.         0.         0.         0.         0.         0.         0.         0.         0.         0.         0.         0.         0.         0.         0.16976736 0.         0.1010415  0.         0.         0.1       ],[0. 0. 0. 0. 1. 0. 0. 0. 1. 0. 0. 0. 0. 0. 0. 0. 0. 0. 0. 0. 0. 0. 0. 0. 0. 1. 0. 1. 0. 0. 1.],5.0,1000,100,0.01,0.003,1,9,random,,random,single_objective
149,0.029040167400048732,0.05343390801608967,0.0034395000000000007,[0.         0.         0.         0.         0.10054628 0.         0.         0.         0.1        0.         0.         0.         0.         0.         0.         0.         0.         0.         0.         0.         0.         0.         0.         0.         0.         0.16976736 0.         0.1010415  0.         0.         0.1       ],[0. 0. 0. 0. 1. 0. 0. 0. 1. 0. 0. 0. 0. 0. 0. 0. 0. 0. 0. 0. 0. 0. 0. 0. 0. 1. 0. 1. 0. 0. 1.],5.0,1000,100,0.01,0.003,1,9,random,,random,single_objective
150,0.029040167400048732,0.05401471136409064,0.0034395000000000007,[0.         0.         0.         0.         0.10054628 0.         0.         0.         0.1        0.         0.         0.         0.         0.         0.         0.         0.         0.         0.         0.         0.         0.         0.         0.         0.         0.16976736 0.         0.1010415  0.         0.         0.1       ],[0. 0. 0. 0. 1. 0. 0. 0. 1. 0. 0. 0. 0. 0. 0. 0. 0. 0. 0. 0. 0. 0. 0. 0. 0. 1. 0. 1. 0. 0. 1.],5.0,1000,100,0.01,0.003,1,9,random,,random,single_objective
151,0.029040167400048732,0.04935595582438449,0.0034395000000000007,[0.         0.         0.         0.         0.10054628 0.         0.         0.         0.1        0.         0.         0.         0.         0.         0.         0.         0.         0.         0.         0.         0.         0.         0.         0.         0.         0.16976736 0.         0.1010415  0.         0.         0.1       ],[0. 0. 0. 0. 1. 0. 0. 0. 1. 0. 0. 0. 0. 0. 0. 0. 0. 0. 0. 0. 0. 0. 0. 0. 0. 1. 0. 1. 0. 0. 1.],5.0,1000,100,0.01,0.003,1,9,random,,random,single_objective
152,0.029040167400048732,0.04820380097924851,0.0034395000000000007,[0.         0.         0.         0.         0.10054628 0.         0.         0.         0.1        0.         0.         0.         0.         0.         0.         0.         0.         0.         0.         0.         0.         0.         0.         0.         0.         0.16976736 0.         0.1010415  0.         0.         0.1       ],[0. 0. 0. 0. 1. 0. 0. 0. 1. 0. 0. 0. 0. 0. 0. 0. 0. 0. 0. 0. 0. 0. 0. 0. 0. 1. 0. 1. 0. 0. 1.],5.0,1000,100,0.01,0.003,1,9,random,,random,single_objective
153,0.029040167400048732,0.055757121408093566,0.0034395000000000007,[0.         0.         0.         0.         0.10054628 0.         0.         0.         0.1        0.         0.         0.         0.         0.         0.         0.         0.         0.         0.         0.         0.         0.         0.         0.         0.         0.16976736 0.         0.1010415  0.         0.         0.1       ],[0. 0. 0. 0. 1. 0. 0. 0. 1. 0. 0. 0. 0. 0. 0. 0. 0. 0. 0. 0. 0. 0. 0. 0. 0. 1. 0. 1. 0. 0. 1.],5.0,1000,100,0.01,0.003,1,9,random,,random,single_objective
154,0.029040167400048732,0.056337924756094546,0.0034395000000000007,[0.         0.         0.         0.         0.10054628 0.         0.         0.         0.1        0.         0.         0.         0.         0.         0.         0.         0.         0.         0.         0.         0.         0.         0.         0.         0.         0.16976736 0.         0.1010415  0.         0.         0.1       ],[0. 0. 0. 0. 1. 0. 0. 0. 1. 0. 0. 0. 0. 0. 0. 0. 0. 0. 0. 0. 0. 0. 0. 0. 0. 1. 0. 1. 0. 0. 1.],5.0,1000,100,0.01,0.003,1,9,random,,random,single_objective
155,0.029040167400048732,0.05691872810409552,0.0034395000000000007,[0.         0.         0.         0.         0.10054628 0.         0.         0.         0.1        0.         0.         0.         0.         0.         0.         0.         0.         0.         0.         0.         0.         0.         0.         0.         0.         0.16976736 0.         0.1010415  0.         0.         0.1       ],[0. 0. 0. 0. 1. 0. 0. 0. 1. 0. 0. 0. 0. 0. 0. 0. 0. 0. 0. 0. 0. 0. 0. 0. 0. 1. 0. 1. 0. 0. 1.],5.0,1000,100,0.01,0.003,1,9,random,,random,single_objective
156,0.029040167400048732,0.05039155941657152,0.0034395000000000007,[0.         0.         0.         0.         0.10054628 0.         0.         0.         0.1        0.         0.         0.         0.         0.         0.         0.         0.         0.         0.         0.         0.         0.         0.         0.         0.         0.16976736 0.         0.1010415  0.         0.         0.1       ],[0. 0. 0. 0. 1. 0. 0. 0. 1. 0. 0. 0. 0. 0. 0. 0. 0. 0. 0. 0. 0. 0. 0. 0. 0. 1. 0. 1. 0. 0. 1.],5.0,1000,100,0.01,0.003,1,9,random,,random,single_objective
157,0.029040167400048732,0.058080334800097465,0.0034395000000000007,[0.         0.         0.         0.         0.10054628 0.         0.         0.         0.1        0.         0.         0.         0.         0.         0.         0.         0.         0.         0.         0.         0.         0.         0.         0.         0.         0.16976736 0.         0.1010415  0.         0.         0.1       ],[0. 0. 0. 0. 1. 0. 0. 0. 1. 0. 0. 0. 0. 0. 0. 0. 0. 0. 0. 0. 0. 0. 0. 0. 0. 1. 0. 1. 0. 0. 1.],5.0,1000,100,0.01,0.003,1,9,random,,random,single_objective
158,0.029040167400048732,0.05866113814809844,0.0034395000000000007,[0.         0.         0.         0.         0.10054628 0.         0.         0.         0.1        0.         0.         0.         0.         0.         0.         0.         0.         0.         0.         0.         0.         0.         0.         0.         0.         0.16976736 0.         0.1010415  0.         0.         0.1       ],[0. 0. 0. 0. 1. 0. 0. 0. 1. 0. 0. 0. 0. 0. 0. 0. 0. 0. 0. 0. 0. 0. 0. 0. 0. 1. 0. 1. 0. 0. 1.],5.0,1000,100,0.01,0.003,1,9,random,,random,single_objective
159,0.029040167400048732,0.05924194149609942,0.0034395000000000007,[0.         0.         0.         0.         0.10054628 0.         0.         0.         0.1        0.         0.         0.         0.         0.         0.         0.         0.         0.         0.         0.         0.         0.         0.         0.         0.         0.16976736 0.         0.1010415  0.         0.         0.1       ],[0. 0. 0. 0. 1. 0. 0. 0. 1. 0. 0. 0. 0. 0. 0. 0. 0. 0. 0. 0. 0. 0. 0. 0. 0. 1. 0. 1. 0. 0. 1.],5.0,1000,100,0.01,0.003,1,9,random,,random,single_objective
160,0.029040167400048732,0.059822744844100384,0.0034395000000000007,[0.         0.         0.         0.         0.10054628 0.         0.         0.         0.1        0.         0.         0.         0.         0.         0.         0.         0.         0.         0.         0.         0.         0.         0.         0.         0.         0.16976736 0.         0.1010415  0.         0.         0.1       ],[0. 0. 0. 0. 1. 0. 0. 0. 1. 0. 0. 0. 0. 0. 0. 0. 0. 0. 0. 0. 0. 0. 0. 0. 0. 1. 0. 1. 0. 0. 1.],5.0,1000,100,0.01,0.003,1,9,random,,random,single_objective
161,0.029040167400048732,0.060403548192101364,0.0034395000000000007,[0.         0.         0.         0.         0.10054628 0.         0.         0.         0.1        0.         0.         0.         0.         0.         0.         0.         0.         0.         0.         0.         0.         0.         0.         0.         0.         0.16976736 0.         0.1010415  0.         0.         0.1       ],[0. 0. 0. 0. 1. 0. 0. 0. 1. 0. 0. 0. 0. 0. 0. 0. 0. 0. 0. 0. 0. 0. 0. 0. 0. 1. 0. 1. 0. 0. 1.],5.0,1000,100,0.01,0.003,1,9,random,,random,single_objective
162,0.029040167400048732,0.060984351540102344,0.0034395000000000007,[0.         0.         0.         0.         0.10054628 0.         0.         0.         0.1        0.         0.         0.         0.         0.         0.         0.         0.         0.         0.         0.         0.         0.         0.         0.         0.         0.16976736 0.         0.1010415  0.         0.         0.1       ],[0. 0. 0. 0. 1. 0. 0. 0. 1. 0. 0. 0. 0. 0. 0. 0. 0. 0. 0. 0. 0. 0. 0. 0. 0. 1. 0. 1. 0. 0. 1.],5.0,1000,100,0.01,0.003,1,9,random,,random,single_objective
163,0.029040167400048732,0.053295576156576395,0.0034395000000000007,[0.         0.         0.         0.         0.10054628 0.         0.         0.         0.1        0.         0.         0.         0.         0.         0.         0.         0.         0.         0.         0.         0.         0.         0.         0.         0.         0.16976736 0.         0.1010415  0.         0.         0.1       ],[0. 0. 0. 0. 1. 0. 0. 0. 1. 0. 0. 0. 0. 0. 0. 0. 0. 0. 0. 0. 0. 0. 0. 0. 0. 1. 0. 1. 0. 0. 1.],5.0,1000,100,0.01,0.003,1,9,random,,random,single_objective
164,0.029040167400048732,0.06214595823610429,0.0034395000000000007,[0.         0.         0.         0.         0.10054628 0.         0.         0.         0.1        0.         0.         0.         0.         0.         0.         0.         0.         0.         0.         0.         0.         0.         0.         0.         0.         0.16976736 0.         0.1010415  0.         0.         0.1       ],[0. 0. 0. 0. 1. 0. 0. 0. 1. 0. 0. 0. 0. 0. 0. 0. 0. 0. 0. 0. 0. 0. 0. 0. 0. 1. 0. 1. 0. 0. 1.],5.0,1000,100,0.01,0.003,1,9,random,,random,single_objective
165,0.029040167400048732,0.06272676158410526,0.0034395000000000007,[0.         0.         0.         0.         0.10054628 0.         0.         0.         0.1        0.         0.         0.         0.         0.         0.         0.         0.         0.         0.         0.         0.         0.         0.         0.         0.         0.16976736 0.         0.1010415  0.         0.         0.1       ],[0. 0. 0. 0. 1. 0. 0. 0. 1. 0. 0. 0. 0. 0. 0. 0. 0. 0. 0. 0. 0. 0. 0. 0. 0. 1. 0. 1. 0. 0. 1.],5.0,1000,100,0.01,0.003,1,9,random,,random,single_objective
166,0.029040167400048732,0.06330756493210624,0.0034395000000000007,[0.         0.         0.         0.         0.10054628 0.         0.         0.         0.1        0.         0.         0.         0.         0.         0.         0.         0.         0.         0.         0.         0.         0.         0.         0.         0.         0.16976736 0.         0.1010415  0.         0.         0.1       ],[0. 0. 0. 0. 1. 0. 0. 0. 1. 0. 0. 0. 0. 0. 0. 0. 0. 0. 0. 0. 0. 0. 0. 0. 0. 1. 0. 1. 0. 0. 1.],5.0,1000,100,0.01,0.003,1,9,random,,random,single_objective
167,0.029040167400048732,0.054415943656907925,0.0034395000000000007,[0.         0.         0.         0.         0.10054628 0.         0.         0.         0.1        0.         0.         0.         0.         0.         0.         0.         0.         0.         0.         0.         0.         0.         0.         0.         0.         0.16976736 0.         0.1010415  0.         0.         0.1       ],[0. 0. 0. 0. 1. 0. 0. 0. 1. 0. 0. 0. 0. 0. 0. 0. 0. 0. 0. 0. 0. 0. 0. 0. 0. 1. 0. 1. 0. 0. 1.],5.0,1000,100,0.01,0.003,1,9,random,,random,single_objective
168,0.029040167400048732,0.0644691716281082,0.0034395000000000007,[0.         0.         0.         0.         0.10054628 0.         0.         0.         0.1        0.         0.         0.         0.         0.         0.         0.         0.         0.         0.         0.         0.         0.         0.         0.         0.         0.16976736 0.         0.1010415  0.         0.         0.1       ],[0. 0. 0. 0. 1. 0. 0. 0. 1. 0. 0. 0. 0. 0. 0. 0. 0. 0. 0. 0. 0. 0. 0. 0. 0. 1. 0. 1. 0. 0. 1.],5.0,1000,100,0.01,0.003,1,9,random,,random,single_objective
169,0.029040167400048732,0.06504997497610916,0.0034395000000000007,[0.         0.         0.         0.         0.10054628 0.         0.         0.         0.1        0.         0.         0.         0.         0.         0.         0.         0.         0.         0.         0.         0.         0.         0.         0.         0.         0.16976736 0.         0.1010415  0.         0.         0.1       ],[0. 0. 0. 0. 1. 0. 0. 0. 1. 0. 0. 0. 0. 0. 0. 0. 0. 0. 0. 0. 0. 0. 0. 0. 0. 1. 0. 1. 0. 0. 1.],5.0,1000,100,0.01,0.003,1,9,random,,random,single_objective
170,0.029040167400048732,0.05701946392276821,0.0034395000000000007,[0.         0.         0.         0.         0.10054628 0.         0.         0.         0.1        0.         0.         0.         0.         0.         0.         0.         0.         0.         0.         0.         0.         0.         0.         0.         0.         0.16976736 0.         0.1010415  0.         0.         0.1       ],[0. 0. 0. 0. 1. 0. 0. 0. 1. 0. 0. 0. 0. 0. 0. 0. 0. 0. 0. 0. 0. 0. 0. 0. 0. 1. 0. 1. 0. 0. 1.],5.0,1000,100,0.01,0.003,1,9,random,,random,single_objective
171,0.029040167400048732,0.05615835370091085,0.0034395000000000007,[0.         0.         0.         0.         0.10054628 0.         0.         0.         0.1        0.         0.         0.         0.         0.         0.         0.         0.         0.         0.         0.         0.         0.         0.         0.         0.         0.16976736 0.         0.1010415  0.         0.         0.1       ],[0. 0. 0. 0. 1. 0. 0. 0. 1. 0. 0. 0. 0. 0. 0. 0. 0. 0. 0. 0. 0. 0. 0. 0. 0. 1. 0. 1. 0. 0. 1.],5.0,1000,100,0.01,0.003,1,9,random,,random,single_objective
172,0.029040167400048732,0.05615835370091085,0.0034395000000000007,[0.         0.         0.         0.         0.10054628 0.         0.         0.         0.1        0.         0.         0.         0.         0.         0.         0.         0.         0.         0.         0.         0.         0.         0.         0.         0.         0.16976736 0.         0.1010415  0.         0.         0.1       ],[0. 0. 0. 0. 1. 0. 0. 0. 1. 0. 0. 0. 0. 0. 0. 0. 0. 0. 0. 0. 0. 0. 0. 0. 0. 1. 0. 1. 0. 0. 1.],5.0,1000,100,0.01,0.003,1,9,random,,random,single_objective
173,0.029040167400048732,0.06737318836811307,0.0034395000000000007,[0.         0.         0.         0.         0.10054628 0.         0.         0.         0.1        0.         0.         0.         0.         0.         0.         0.         0.         0.         0.         0.         0.         0.         0.         0.         0.         0.16976736 0.         0.1010415  0.         0.         0.1       ],[0. 0. 0. 0. 1. 0. 0. 0. 1. 0. 0. 0. 0. 0. 0. 0. 0. 0. 0. 0. 0. 0. 0. 0. 0. 1. 0. 1. 0. 0. 1.],5.0,1000,100,0.01,0.003,1,9,random,,random,single_objective
174,0.029040167400048732,0.06795399171611403,0.0034395000000000007,[0.         0.         0.         0.         0.10054628 0.         0.         0.         0.1        0.         0.         0.         0.         0.         0.         0.         0.         0.         0.         0.         0.         0.         0.         0.         0.         0.16976736 0.         0.1010415  0.         0.         0.1       ],[0. 0. 0. 0. 1. 0. 0. 0. 1. 0. 0. 0. 0. 0. 0. 0. 0. 0. 0. 0. 0. 0. 0. 0. 0. 1. 0. 1. 0. 0. 1.],5.0,1000,100,0.01,0.003,1,9,random,,random,single_objective
175,0.029040167400048732,0.06853479506411501,0.0034395000000000007,[0.         0.         0.         0.         0.10054628 0.         0.         0.         0.1        0.         0.         0.         0.         0.         0.         0.         0.         0.         0.         0.         0.         0.         0.         0.         0.         0.16976736 0.         0.1010415  0.         0.         0.1       ],[0. 0. 0. 0. 1. 0. 0. 0. 1. 0. 0. 0. 0. 0. 0. 0. 0. 0. 0. 0. 0. 0. 0. 0. 0. 1. 0. 1. 0. 0. 1.],5.0,1000,100,0.01,0.003,1,9,random,,random,single_objective
176,0.029040167400048732,0.069115598412116,0.0034395000000000007,[0.         0.         0.         0.         0.10054628 0.         0.         0.         0.1        0.         0.         0.         0.         0.         0.         0.         0.         0.         0.         0.         0.         0.         0.         0.         0.         0.16976736 0.         0.1010415  0.         0.         0.1       ],[0. 0. 0. 0. 1. 0. 0. 0. 1. 0. 0. 0. 0. 0. 0. 0. 0. 0. 0. 0. 0. 0. 0. 0. 0. 1. 0. 1. 0. 0. 1.],5.0,1000,100,0.01,0.003,1,9,random,,random,single_objective
177,0.029040167400048732,0.06969640176011696,0.0034395000000000007,[0.         0.         0.         0.         0.10054628 0.         0.         0.         0.1        0.         0.         0.         0.         0.         0.         0.         0.         0.         0.         0.         0.         0.         0.         0.         0.         0.16976736 0.         0.1010415  0.         0.         0.1       ],[0. 0. 0. 0. 1. 0. 0. 0. 1. 0. 0. 0. 0. 0. 0. 0. 0. 0. 0. 0. 0. 0. 0. 0. 0. 1. 0. 1. 0. 0. 1.],5.0,1000,100,0.01,0.003,1,9,random,,random,single_objective
178,0.029040167400048732,0.058481567092914744,0.0034395000000000007,[0.         0.         0.         0.         0.10054628 0.         0.         0.         0.1        0.         0.         0.         0.         0.         0.         0.         0.         0.         0.         0.         0.         0.         0.         0.         0.         0.16976736 0.         0.1010415  0.         0.         0.1       ],[0. 0. 0. 0. 1. 0. 0. 0. 1. 0. 0. 0. 0. 0. 0. 0. 0. 0. 0. 0. 0. 0. 0. 0. 0. 1. 0. 1. 0. 0. 1.],5.0,1000,100,0.01,0.003,1,9,random,,random,single_objective
179,0.029040167400048732,0.0708580084561189,0.0034395000000000007,[0.         0.         0.         0.         0.10054628 0.         0.         0.         0.1        0.         0.         0.         0.         0.         0.         0.         0.         0.         0.         0.         0.         0.         0.         0.         0.         0.16976736 0.         0.1010415  0.         0.         0.1       ],[0. 0. 0. 0. 1. 0. 0. 0. 1. 0. 0. 0. 0. 0. 0. 0. 0. 0. 0. 0. 0. 0. 0. 0. 0. 1. 0. 1. 0. 0. 1.],5.0,1000,100,0.01,0.003,1,9,random,,random,single_objective
180,0.029040167400048732,0.07143881180411989,0.0034395000000000007,[0.         0.         0.         0.         0.10054628 0.         0.         0.         0.1        0.         0.         0.         0.         0.         0.         0.         0.         0.         0.         0.         0.         0.         0.         0.         0.         0.16976736 0.         0.1010415  0.         0.         0.1       ],[0. 0. 0. 0. 1. 0. 0. 0. 1. 0. 0. 0. 0. 0. 0. 0. 0. 0. 0. 0. 0. 0. 0. 0. 0. 1. 0. 1. 0. 0. 1.],5.0,1000,100,0.01,0.003,1,9,random,,random,single_objective
181,0.029040167400048732,0.07201961515212085,0.0034395000000000007,[0.         0.         0.         0.         0.10054628 0.         0.         0.         0.1        0.         0.         0.         0.         0.         0.         0.         0.         0.         0.         0.         0.         0.         0.         0.         0.         0.16976736 0.         0.1010415  0.         0.         0.1       ],[0. 0. 0. 0. 1. 0. 0. 0. 1. 0. 0. 0. 0. 0. 0. 0. 0. 0. 0. 0. 0. 0. 0. 0. 0. 1. 0. 1. 0. 0. 1.],5.0,1000,100,0.01,0.003,1,9,random,,random,single_objective
182,0.029040167400048732,0.07260041850012183,0.0034395000000000007,[0.         0.         0.         0.         0.10054628 0.         0.         0.         0.1        0.         0.         0.         0.         0.         0.         0.         0.         0.         0.         0.         0.         0.         0.         0.         0.         0.16976736 0.         0.1010415  0.         0.         0.1       ],[0. 0. 0. 0. 1. 0. 0. 0. 1. 0. 0. 0. 0. 0. 0. 0. 0. 0. 0. 0. 0. 0. 0. 0. 0. 1. 0. 1. 0. 0. 1.],5.0,1000,100,0.01,0.003,1,9,random,,random,single_objective
183,0.029040167400048732,0.07318122184812281,0.0034395000000000007,[0.         0.         0.         0.         0.10054628 0.         0.         0.         0.1        0.         0.         0.         0.         0.         0.         0.         0.         0.         0.         0.         0.         0.         0.         0.         0.         0.16976736 0.         0.1010415  0.         0.         0.1       ],[0. 0. 0. 0. 1. 0. 0. 0. 1. 0. 0. 0. 0. 0. 0. 0. 0. 0. 0. 0. 0. 0. 0. 0. 0. 1. 0. 1. 0. 0. 1.],5.0,1000,100,0.01,0.003,1,9,random,,random,single_objective
184,0.029040167400048732,0.07376202519612379,0.0034395000000000007,[0.         0.         0.         0.         0.10054628 0.         0.         0.         0.1        0.         0.         0.         0.         0.         0.         0.         0.         0.         0.         0.         0.         0.         0.         0.         0.         0.16976736 0.         0.1010415  0.         0.         0.1       ],[0. 0. 0. 0. 1. 0. 0. 0. 1. 0. 0. 0. 0. 0. 0. 0. 0. 0. 0. 0. 0. 0. 0. 0. 0. 1. 0. 1. 0. 0. 1.],5.0,1000,100,0.01,0.003,1,9,random,,random,single_objective
185,0.029040167400048732,0.07434282854412476,0.0034395000000000007,[0.         0.         0.         0.         0.10054628 0.         0.         0.         0.1        0.         0.         0.         0.         0.         0.         0.         0.         0.         0.         0.         0.         0.         0.         0.         0.         0.16976736 0.         0.1010415  0.         0.         0.1       ],[0. 0. 0. 0. 1. 0. 0. 0. 1. 0. 0. 0. 0. 0. 0. 0. 0. 0. 0. 0. 0. 0. 0. 0. 0. 1. 0. 1. 0. 0. 1.],5.0,1000,100,0.01,0.003,1,9,random,,random,single_objective
186,0.029040167400048732,0.07492363189212574,0.0034395000000000007,[0.         0.         0.         0.         0.10054628 0.         0.         0.         0.1        0.         0.         0.         0.         0.         0.         0.         0.         0.         0.         0.         0.         0.         0.         0.         0.         0.16976736 0.         0.1010415  0.         0.         0.1       ],[0. 0. 0. 0. 1. 0. 0. 0. 1. 0. 0. 0. 0. 0. 0. 0. 0. 0. 0. 0. 0. 0. 0. 0. 0. 1. 0. 1. 0. 0. 1.],5.0,1000,100,0.01,0.003,1,9,random,,random,single_objective
187,0.029040167400048732,0.0755044352401267,0.0034395000000000007,[0.         0.         0.         0.         0.10054628 0.         0.         0.         0.1        0.         0.         0.         0.         0.         0.         0.         0.         0.         0.         0.         0.         0.         0.         0.         0.         0.16976736 0.         0.1010415  0.         0.         0.1       ],[0. 0. 0. 0. 1. 0. 0. 0. 1. 0. 0. 0. 0. 0. 0. 0. 0. 0. 0. 0. 0. 0. 0. 0. 0. 1. 0. 1. 0. 0. 1.],5.0,1000,100,0.01,0.003,1,9,random,,random,single_objective
188,0.029040167400048732,0.06330468802727385,0.0034395000000000007,[0.         0.         0.         0.         0.10054628 0.         0.         0.         0.1        0.         0.         0.         0.         0.         0.         0.         0.         0.         0.         0.         0.         0.         0.         0.         0.         0.16976736 0.         0.1010415  0.         0.         0.1       ],[0. 0. 0. 0. 1. 0. 0. 0. 1. 0. 0. 0. 0. 0. 0. 0. 0. 0. 0. 0. 0. 0. 0. 0. 0. 1. 0. 1. 0. 0. 1.],5.0,1000,100,0.01,0.003,1,9,random,,random,single_objective
189,0.029040167400048732,0.07666604193612865,0.0034395000000000007,[0.         0.         0.         0.         0.10054628 0.         0.         0.         0.1        0.         0.         0.         0.         0.         0.         0.         0.         0.         0.         0.         0.         0.         0.         0.         0.         0.16976736 0.         0.1010415  0.         0.         0.1       ],[0. 0. 0. 0. 1. 0. 0. 0. 1. 0. 0. 0. 0. 0. 0. 0. 0. 0. 0. 0. 0. 0. 0. 0. 0. 1. 0. 1. 0. 0. 1.],5.0,1000,100,0.01,0.003,1,9,random,,random,single_objective
190,0.029040167400048732,0.07724684528412963,0.0034395000000000007,[0.         0.         0.         0.         0.10054628 0.         0.         0.         0.1        0.         0.         0.         0.         0.         0.         0.         0.         0.         0.         0.         0.         0.         0.         0.         0.         0.16976736 0.         0.1010415  0.         0.         0.1       ],[0. 0. 0. 0. 1. 0. 0. 0. 1. 0. 0. 0. 0. 0. 0. 0. 0. 0. 0. 0. 0. 0. 0. 0. 0. 1. 0. 1. 0. 0. 1.],5.0,1000,100,0.01,0.003,1,9,random,,random,single_objective
191,0.029040167400048732,0.07782764863213061,0.0034395000000000007,[0.         0.         0.         0.         0.10054628 0.         0.         0.         0.1        0.         0.         0.         0.         0.         0.         0.         0.         0.         0.         0.         0.         0.         0.         0.         0.         0.16976736 0.         0.1010415  0.         0.         0.1       ],[0. 0. 0. 0. 1. 0. 0. 0. 1. 0. 0. 0. 0. 0. 0. 0. 0. 0. 0. 0. 0. 0. 0. 0. 0. 1. 0. 1. 0. 0. 1.],5.0,1000,100,0.01,0.003,1,9,random,,random,single_objective
192,0.029040167400048732,0.07840845198013158,0.0034395000000000007,[0.         0.         0.         0.         0.10054628 0.         0.         0.         0.1        0.         0.         0.         0.         0.         0.         0.         0.         0.         0.         0.         0.         0.         0.         0.         0.         0.16976736 0.         0.1010415  0.         0.         0.1       ],[0. 0. 0. 0. 1. 0. 0. 0. 1. 0. 0. 0. 0. 0. 0. 0. 0. 0. 0. 0. 0. 0. 0. 0. 0. 1. 0. 1. 0. 0. 1.],5.0,1000,100,0.01,0.003,1,9,random,,random,single_objective
193,0.029040167400048732,0.07898925532813256,0.0034395000000000007,[0.         0.         0.         0.         0.10054628 0.         0.         0.         0.1        0.         0.         0.         0.         0.         0.         0.         0.         0.         0.         0.         0.         0.         0.         0.         0.         0.16976736 0.         0.1010415  0.         0.         0.1       ],[0. 0. 0. 0. 1. 0. 0. 0. 1. 0. 0. 0. 0. 0. 0. 0. 0. 0. 0. 0. 0. 0. 0. 0. 0. 1. 0. 1. 0. 0. 1.],5.0,1000,100,0.01,0.003,1,9,random,,random,single_objective
194,0.029040167400048732,0.06545120726892643,0.0034395000000000007,[0.         0.         0.         0.         0.10054628 0.         0.         0.         0.1        0.         0.         0.         0.         0.         0.         0.         0.         0.         0.         0.         0.         0.         0.         0.         0.         0.16976736 0.         0.1010415  0.         0.         0.1       ],[0. 0. 0. 0. 1. 0. 0. 0. 1. 0. 0. 0. 0. 0. 0. 0. 0. 0. 0. 0. 0. 0. 0. 0. 0. 1. 0. 1. 0. 0. 1.],5.0,1000,100,0.01,0.003,1,9,random,,random,single_objective
195,0.029040167400048732,0.0801508620241345,0.0034395000000000007,[0.         0.         0.         0.         0.10054628 0.         0.         0.         0.1        0.         0.         0.         0.         0.         0.         0.         0.         0.         0.         0.         0.         0.         0.         0.         0.         0.16976736 0.         0.1010415  0.         0.         0.1       ],[0. 0. 0. 0. 1. 0. 0. 0. 1. 0. 0. 0. 0. 0. 0. 0. 0. 0. 0. 0. 0. 0. 0. 0. 0. 1. 0. 1. 0. 0. 1.],5.0,1000,100,0.01,0.003,1,9,random,,random,single_objective
196,0.029040167400048732,0.08073166537213548,0.0034395000000000007,[0.         0.         0.         0.         0.10054628 0.         0.         0.         0.1        0.         0.         0.         0.         0.         0.         0.         0.         0.         0.         0.         0.         0.         0.         0.         0.         0.16976736 0.         0.1010415  0.         0.         0.1       ],[0. 0. 0. 0. 1. 0. 0. 0. 1. 0. 0. 0. 0. 0. 0. 0. 0. 0. 0. 0. 0. 0. 0. 0. 0. 1. 0. 1. 0. 0. 1.],5.0,1000,100,0.01,0.003,1,9,random,,random,single_objective
197,0.029040167400048732,0.08131246872013645,0.0034395000000000007,[0.         0.         0.         0.         0.10054628 0.         0.         0.         0.1        0.         0.         0.         0.         0.         0.         0.         0.         0.         0.         0.         0.         0.         0.         0.         0.         0.16976736 0.         0.1010415  0.         0.         0.1       ],[0. 0. 0. 0. 1. 0. 0. 0. 1. 0. 0. 0. 0. 0. 0. 0. 0. 0. 0. 0. 0. 0. 0. 0. 0. 1. 0. 1. 0. 0. 1.],5.0,1000,100,0.01,0.003,1,9,random,,random,single_objective
198,0.029040167400048732,0.08189327206813743,0.0034395000000000007,[0.         0.         0.         0.         0.10054628 0.         0.         0.         0.1        0.         0.         0.         0.         0.         0.         0.         0.         0.         0.         0.         0.         0.         0.         0.         0.         0.16976736 0.         0.1010415  0.         0.         0.1       ],[0. 0. 0. 0. 1. 0. 0. 0. 1. 0. 0. 0. 0. 0. 0. 0. 0. 0. 0. 0. 0. 0. 0. 0. 0. 1. 0. 1. 0. 0. 1.],5.0,1000,100,0.01,0.003,1,9,random,,random,single_objective
199,0.029040167400048732,0.08247407541613841,0.0034395000000000007,[0.         0.         0.         0.         0.10054628 0.         0.         0.         0.1        0.         0.         0.         0.         0.         0.         0.         0.         0.         0.         0.         0.         0.         0.         0.         0.         0.16976736 0.         0.1010415  0.         0.         0.1       ],[0. 0. 0. 0. 1. 0. 0. 0. 1. 0. 0. 0. 0. 0. 0. 0. 0. 0. 0. 0. 0. 0. 0. 0. 0. 1. 0. 1. 0. 0. 1.],5.0,1000,100,0.01,0.003,1,9,random,,random,single_objective
200,0.029040167400048732,0.06777442066093034,0.0034395000000000007,[0.         0.         0.         0.         0.10054628 0.         0.         0.         0.1        0.         0.         0.         0.         0.         0.         0.         0.         0.         0.         0.         0.         0.         0.         0.         0.         0.16976736 0.         0.1010415  0.         0.         0.1       ],[0. 0. 0. 0. 1. 0. 0. 0. 1. 0. 0. 0. 0. 0. 0. 0. 0. 0. 0. 0. 0. 0. 0. 0. 0. 1. 0. 1. 0. 0. 1.],5.0,1000,100,0.01,0.003,1,9,random,,random,single_objective
201,0.029040167400048732,0.06853191815928261,0.0034395000000000007,[0.         0.         0.         0.         0.10054628 0.         0.         0.         0.1        0.         0.         0.         0.         0.         0.         0.         0.         0.         0.         0.         0.         0.         0.         0.         0.         0.16976736 0.         0.1010415  0.         0.         0.1       ],[0. 0. 0. 0. 1. 0. 0. 0. 1. 0. 0. 0. 0. 0. 0. 0. 0. 0. 0. 0. 0. 0. 0. 0. 0. 1. 0. 1. 0. 0. 1.],5.0,1000,100,0.01,0.003,1,9,random,,random,single_objective
202,0.029040167400048732,0.08421648546014132,0.0034395000000000007,[0.         0.         0.         0.         0.10054628 0.         0.         0.         0.1        0.         0.         0.         0.         0.         0.         0.         0.         0.         0.         0.         0.         0.         0.         0.         0.         0.16976736 0.         0.1010415  0.         0.         0.1       ],[0. 0. 0. 0. 1. 0. 0. 0. 1. 0. 0. 0. 0. 0. 0. 0. 0. 0. 0. 0. 0. 0. 0. 0. 0. 1. 0. 1. 0. 0. 1.],5.0,1000,100,0.01,0.003,1,9,random,,random,single_objective
203,0.029040167400048732,0.06893602735693229,0.0034395000000000007,[0.         0.         0.         0.         0.10054628 0.         0.         0.         0.1        0.         0.         0.         0.         0.         0.         0.         0.         0.         0.         0.         0.         0.         0.         0.         0.         0.16976736 0.         0.1010415  0.         0.         0.1       ],[0. 0. 0. 0. 1. 0. 0. 0. 1. 0. 0. 0. 0. 0. 0. 0. 0. 0. 0. 0. 0. 0. 0. 0. 0. 1. 0. 1. 0. 0. 1.],5.0,1000,100,0.01,0.003,1,9,random,,random,single_objective
204,0.029040167400048732,0.08537809215614327,0.0034395000000000007,[0.         0.         0.         0.         0.10054628 0.         0.         0.         0.1        0.         0.         0.         0.         0.         0.         0.         0.         0.         0.         0.         0.         0.         0.         0.         0.         0.16976736 0.         0.1010415  0.         0.         0.1       ],[0. 0. 0. 0. 1. 0. 0. 0. 1. 0. 0. 0. 0. 0. 0. 0. 0. 0. 0. 0. 0. 0. 0. 0. 0. 1. 0. 1. 0. 0. 1.],5.0,1000,100,0.01,0.003,1,9,random,,random,single_objective
205,0.029040167400048732,0.070809737217218,0.0034395000000000007,[0.         0.         0.         0.         0.10054628 0.         0.         0.         0.1        0.         0.         0.         0.         0.         0.         0.         0.         0.         0.         0.         0.         0.         0.         0.         0.         0.16976736 0.         0.1010415  0.         0.         0.1       ],[0. 0. 0. 0. 1. 0. 0. 0. 1. 0. 0. 0. 0. 0. 0. 0. 0. 0. 0. 0. 0. 0. 0. 0. 0. 1. 0. 1. 0. 0. 1.],5.0,1000,100,0.01,0.003,1,9,random,,random,single_objective
206,0.029040167400048732,0.08653969885214523,0.0034395000000000007,[0.         0.         0.         0.         0.10054628 0.         0.         0.         0.1        0.         0.         0.         0.         0.         0.         0.         0.         0.         0.         0.         0.         0.         0.         0.         0.         0.16976736 0.         0.1010415  0.         0.         0.1       ],[0. 0. 0. 0. 1. 0. 0. 0. 1. 0. 0. 0. 0. 0. 0. 0. 0. 0. 0. 0. 0. 0. 0. 0. 0. 1. 0. 1. 0. 0. 1.],5.0,1000,100,0.01,0.003,1,9,random,,random,single_objective
207,0.029040167400048732,0.08653969885214523,0.0034395000000000007,[0.         0.         0.         0.         0.10054628 0.         0.         0.         0.1        0.         0.         0.         0.         0.         0.         0.         0.         0.         0.         0.         0.         0.         0.         0.         0.         0.16976736 0.         0.1010415  0.         0.         0.1       ],[0. 0. 0. 0. 1. 0. 0. 0. 1. 0. 0. 0. 0. 0. 0. 0. 0. 0. 0. 0. 0. 0. 0. 0. 0. 1. 0. 1. 0. 0. 1.],5.0,1000,100,0.01,0.003,1,9,random,,random,single_objective
208,0.029040167400048732,0.08653969885214523,0.0034395000000000007,[0.         0.         0.         0.         0.10054628 0.         0.         0.         0.1        0.         0.         0.         0.         0.         0.         0.         0.         0.         0.         0.         0.         0.         0.         0.         0.         0.16976736 0.         0.1010415  0.         0.         0.1       ],[0. 0. 0. 0. 1. 0. 0. 0. 1. 0. 0. 0. 0. 0. 0. 0. 0. 0. 0. 0. 0. 0. 0. 0. 0. 1. 0. 1. 0. 0. 1.],5.0,1000,100,0.01,0.003,1,9,random,,random,single_objective
209,0.029040167400048732,0.08653969885214523,0.0034395000000000007,[0.         0.         0.         0.         0.10054628 0.         0.         0.         0.1        0.         0.         0.         0.         0.         0.         0.         0.         0.         0.         0.         0.         0.         0.         0.         0.         0.16976736 0.         0.1010415  0.         0.         0.1       ],[0. 0. 0. 0. 1. 0. 0. 0. 1. 0. 0. 0. 0. 0. 0. 0. 0. 0. 0. 0. 0. 0. 0. 0. 0. 1. 0. 1. 0. 0. 1.],5.0,1000,100,0.01,0.003,1,9,random,,random,single_objective
210,0.029040167400048732,0.08653969885214523,0.0034395000000000007,[0.         0.         0.         0.         0.10054628 0.         0.         0.         0.1        0.         0.         0.         0.         0.         0.         0.         0.         0.         0.         0.         0.         0.         0.         0.         0.         0.16976736 0.         0.1010415  0.         0.         0.1       ],[0. 0. 0. 0. 1. 0. 0. 0. 1. 0. 0. 0. 0. 0. 0. 0. 0. 0. 0. 0. 0. 0. 0. 0. 0. 1. 0. 1. 0. 0. 1.],5.0,1000,100,0.01,0.003,1,9,random,,random,single_objective
211,0.029040167400048732,0.08653969885214523,0.0034395000000000007,[0.         0.         0.         0.         0.10054628 0.         0.         0.         0.1        0.         0.         0.         0.         0.         0.         0.         0.         0.         0.         0.         0.         0.         0.         0.         0.         0.16976736 0.         0.1010415  0.         0.         0.1       ],[0. 0. 0. 0. 1. 0. 0. 0. 1. 0. 0. 0. 0. 0. 0. 0. 0. 0. 0. 0. 0. 0. 0. 0. 0. 1. 0. 1. 0. 0. 1.],5.0,1000,100,0.01,0.003,1,9,random,,random,single_objective
212,0.029040167400048732,0.08653969885214523,0.0034395000000000007,[0.         0.         0.         0.         0.10054628 0.         0.         0.         0.1        0.         0.         0.         0.         0.         0.         0.         0.         0.         0.         0.         0.         0.         0.         0.         0.         0.16976736 0.         0.1010415  0.         0.         0.1       ],[0. 0. 0. 0. 1. 0. 0. 0. 1. 0. 0. 0. 0. 0. 0. 0. 0. 0. 0. 0. 0. 0. 0. 0. 0. 1. 0. 1. 0. 0. 1.],5.0,1000,100,0.01,0.003,1,9,random,,random,single_objective
213,0.029040167400048732,0.08653969885214523,0.0034395000000000007,[0.         0.         0.         0.         0.10054628 0.         0.         0.         0.1        0.         0.         0.         0.         0.         0.         0.         0.         0.         0.         0.         0.         0.         0.         0.         0.         0.16976736 0.         0.1010415  0.         0.         0.1       ],[0. 0. 0. 0. 1. 0. 0. 0. 1. 0. 0. 0. 0. 0. 0. 0. 0. 0. 0. 0. 0. 0. 0. 0. 0. 1. 0. 1. 0. 0. 1.],5.0,1000,100,0.01,0.003,1,9,random,,random,single_objective
214,0.029040167400048732,0.08653969885214523,0.0034395000000000007,[0.         0.         0.         0.         0.10054628 0.         0.         0.         0.1        0.         0.         0.         0.         0.         0.         0.         0.         0.         0.         0.         0.         0.         0.         0.         0.         0.16976736 0.         0.1010415  0.         0.         0.1       ],[0. 0. 0. 0. 1. 0. 0. 0. 1. 0. 0. 0. 0. 0. 0. 0. 0. 0. 0. 0. 0. 0. 0. 0. 0. 1. 0. 1. 0. 0. 1.],5.0,1000,100,0.01,0.003,1,9,random,,random,single_objective
215,0.029040167400048732,0.08653969885214523,0.0034395000000000007,[0.         0.         0.         0.         0.10054628 0.         0.         0.         0.1        0.         0.         0.         0.         0.         0.         0.         0.         0.         0.         0.         0.         0.         0.         0.         0.         0.16976736 0.         0.1010415  0.         0.         0.1       ],[0. 0. 0. 0. 1. 0. 0. 0. 1. 0. 0. 0. 0. 0. 0. 0. 0. 0. 0. 0. 0. 0. 0. 0. 0. 1. 0. 1. 0. 0. 1.],5.0,1000,100,0.01,0.003,1,9,random,,random,single_objective
216,0.029040167400048732,0.08653969885214523,0.0034395000000000007,[0.         0.         0.         0.         0.10054628 0.         0.         0.         0.1        0.         0.         0.         0.         0.         0.         0.         0.         0.         0.         0.         0.         0.         0.         0.         0.         0.16976736 0.         0.1010415  0.         0.         0.1       ],[0. 0. 0. 0. 1. 0. 0. 0. 1. 0. 0. 0. 0. 0. 0. 0. 0. 0. 0. 0. 0. 0. 0. 0. 0. 1. 0. 1. 0. 0. 1.],5.0,1000,100,0.01,0.003,1,9,random,,random,single_objective
217,0.029040167400048732,0.08653969885214523,0.0034395000000000007,[0.         0.         0.         0.         0.10054628 0.         0.         0.         0.1        0.         0.         0.         0.         0.         0.         0.         0.         0.         0.         0.         0.         0.         0.         0.         0.         0.16976736 0.         0.1010415  0.         0.         0.1       ],[0. 0. 0. 0. 1. 0. 0. 0. 1. 0. 0. 0. 0. 0. 0. 0. 0. 0. 0. 0. 0. 0. 0. 0. 0. 1. 0. 1. 0. 0. 1.],5.0,1000,100,0.01,0.003,1,9,random,,random,single_objective
218,0.029040167400048732,0.08653969885214523,0.0034395000000000007,[0.         0.         0.         0.         0.10054628 0.         0.         0.         0.1        0.         0.         0.         0.         0.         0.         0.         0.         0.         0.         0.         0.         0.         0.         0.         0.         0.16976736 0.         0.1010415  0.         0.         0.1       ],[0. 0. 0. 0. 1. 0. 0. 0. 1. 0. 0. 0. 0. 0. 0. 0. 0. 0. 0. 0. 0. 0. 0. 0. 0. 1. 0. 1. 0. 0. 1.],5.0,1000,100,0.01,0.003,1,9,random,,random,single_objective
219,0.029040167400048732,0.08653969885214523,0.0034395000000000007,[0.         0.         0.         0.         0.10054628 0.         0.         0.         0.1        0.         0.         0.         0.         0.         0.         0.         0.         0.         0.         0.         0.         0.         0.         0.         0.         0.16976736 0.         0.1010415  0.         0.         0.1       ],[0. 0. 0. 0. 1. 0. 0. 0. 1. 0. 0. 0. 0. 0. 0. 0. 0. 0. 0. 0. 0. 0. 0. 0. 0. 1. 0. 1. 0. 0. 1.],5.0,1000,100,0.01,0.003,1,9,random,,random,single_objective
220,0.029040167400048732,0.08653969885214523,0.0034395000000000007,[0.         0.         0.         0.         0.10054628 0.         0.         0.         0.1        0.         0.         0.         0.         0.         0.         0.         0.         0.         0.         0.         0.         0.         0.         0.         0.         0.16976736 0.         0.1010415  0.         0.         0.1       ],[0. 0. 0. 0. 1. 0. 0. 0. 1. 0. 0. 0. 0. 0. 0. 0. 0. 0. 0. 0. 0. 0. 0. 0. 0. 1. 0. 1. 0. 0. 1.],5.0,1000,100,0.01,0.003,1,9,random,,random,single_objective
221,0.029040167400048732,0.08653969885214523,0.0034395000000000007,[0.         0.         0.         0.         0.10054628 0.         0.         0.         0.1        0.         0.         0.         0.         0.         0.         0.         0.         0.         0.         0.         0.         0.         0.         0.         0.         0.16976736 0.         0.1010415  0.         0.         0.1       ],[0. 0. 0. 0. 1. 0. 0. 0. 1. 0. 0. 0. 0. 0. 0. 0. 0. 0. 0. 0. 0. 0. 0. 0. 0. 1. 0. 1. 0. 0. 1.],5.0,1000,100,0.01,0.003,1,9,random,,random,single_objective
222,0.029040167400048732,0.08653969885214523,0.0034395000000000007,[0.         0.         0.         0.         0.10054628 0.         0.         0.         0.1        0.         0.         0.         0.         0.         0.         0.         0.         0.         0.         0.         0.         0.         0.         0.         0.         0.16976736 0.         0.1010415  0.         0.         0.1       ],[0. 0. 0. 0. 1. 0. 0. 0. 1. 0. 0. 0. 0. 0. 0. 0. 0. 0. 0. 0. 0. 0. 0. 0. 0. 1. 0. 1. 0. 0. 1.],5.0,1000,100,0.01,0.003,1,9,random,,random,single_objective
223,0.029040167400048732,0.08653969885214523,0.0034395000000000007,[0.         0.         0.         0.         0.10054628 0.         0.         0.         0.1        0.         0.         0.         0.         0.         0.         0.         0.         0.         0.         0.         0.         0.         0.         0.         0.         0.16976736 0.         0.1010415  0.         0.         0.1       ],[0. 0. 0. 0. 1. 0. 0. 0. 1. 0. 0. 0. 0. 0. 0. 0. 0. 0. 0. 0. 0. 0. 0. 0. 0. 1. 0. 1. 0. 0. 1.],5.0,1000,100,0.01,0.003,1,9,random,,random,single_objective
224,0.029040167400048732,0.08653969885214523,0.0034395000000000007,[0.         0.         0.         0.         0.10054628 0.         0.         0.         0.1        0.         0.         0.         0.         0.         0.         0.         0.         0.         0.         0.         0.         0.         0.         0.         0.         0.16976736 0.         0.1010415  0.         0.         0.1       ],[0. 0. 0. 0. 1. 0. 0. 0. 1. 0. 0. 0. 0. 0. 0. 0. 0. 0. 0. 0. 0. 0. 0. 0. 0. 1. 0. 1. 0. 0. 1.],5.0,1000,100,0.01,0.003,1,9,random,,random,single_objective
225,0.029040167400048732,0.08653969885214523,0.0034395000000000007,[0.         0.         0.         0.         0.10054628 0.         0.         0.         0.1        0.         0.         0.         0.         0.         0.         0.         0.         0.         0.         0.         0.         0.         0.         0.         0.         0.16976736 0.         0.1010415  0.         0.         0.1       ],[0. 0. 0. 0. 1. 0. 0. 0. 1. 0. 0. 0. 0. 0. 0. 0. 0. 0. 0. 0. 0. 0. 0. 0. 0. 1. 0. 1. 0. 0. 1.],5.0,1000,100,0.01,0.003,1,9,random,,random,single_objective
226,0.029040167400048732,0.08653969885214523,0.0034395000000000007,[0.         0.         0.         0.         0.10054628 0.         0.         0.         0.1        0.         0.         0.         0.         0.         0.         0.         0.         0.         0.         0.         0.         0.         0.         0.         0.         0.16976736 0.         0.1010415  0.         0.         0.1       ],[0. 0. 0. 0. 1. 0. 0. 0. 1. 0. 0. 0. 0. 0. 0. 0. 0. 0. 0. 0. 0. 0. 0. 0. 0. 1. 0. 1. 0. 0. 1.],5.0,1000,100,0.01,0.003,1,9,random,,random,single_objective
227,0.029040167400048732,0.08653969885214523,0.0034395000000000007,[0.         0.         0.         0.         0.10054628 0.         0.         0.         0.1        0.         0.         0.         0.         0.         0.         0.         0.         0.         0.         0.         0.         0.         0.         0.         0.         0.16976736 0.         0.1010415  0.         0.         0.1       ],[0. 0. 0. 0. 1. 0. 0. 0. 1. 0. 0. 0. 0. 0. 0. 0. 0. 0. 0. 0. 0. 0. 0. 0. 0. 1. 0. 1. 0. 0. 1.],5.0,1000,100,0.01,0.003,1,9,random,,random,single_objective
228,0.029040167400048732,0.08653969885214523,0.0034395000000000007,[0.         0.         0.         0.         0.10054628 0.         0.         0.         0.1        0.         0.         0.         0.         0.         0.         0.         0.         0.         0.         0.         0.         0.         0.         0.         0.         0.16976736 0.         0.1010415  0.         0.         0.1       ],[0. 0. 0. 0. 1. 0. 0. 0. 1. 0. 0. 0. 0. 0. 0. 0. 0. 0. 0. 0. 0. 0. 0. 0. 0. 1. 0. 1. 0. 0. 1.],5.0,1000,100,0.01,0.003,1,9,random,,random,single_objective
229,0.029040167400048732,0.08653969885214523,0.0034395000000000007,[0.         0.         0.         0.         0.10054628 0.         0.         0.         0.1        0.         0.         0.         0.         0.         0.         0.         0.         0.         0.         0.         0.         0.         0.         0.         0.         0.16976736 0.         0.1010415  0.         0.         0.1       ],[0. 0. 0. 0. 1. 0. 0. 0. 1. 0. 0. 0. 0. 0. 0. 0. 0. 0. 0. 0. 0. 0. 0. 0. 0. 1. 0. 1. 0. 0. 1.],5.0,1000,100,0.01,0.003,1,9,random,,random,single_objective
230,0.029040167400048732,0.08653969885214523,0.0034395000000000007,[0.         0.         0.         0.         0.10054628 0.         0.         0.         0.1        0.         0.         0.         0.         0.         0.         0.         0.         0.         0.         0.         0.         0.         0.         0.         0.         0.16976736 0.         0.1010415  0.         0.         0.1       ],[0. 0. 0. 0. 1. 0. 0. 0. 1. 0. 0. 0. 0. 0. 0. 0. 0. 0. 0. 0. 0. 0. 0. 0. 0. 1. 0. 1. 0. 0. 1.],5.0,1000,100,0.01,0.003,1,9,random,,random,single_objective
231,0.029040167400048732,0.08653969885214523,0.0034395000000000007,[0.         0.         0.         0.         0.10054628 0.         0.         0.         0.1        0.         0.         0.         0.         0.         0.         0.         0.         0.         0.         0.         0.         0.         0.         0.         0.         0.16976736 0.         0.1010415  0.         0.         0.1       ],[0. 0. 0. 0. 1. 0. 0. 0. 1. 0. 0. 0. 0. 0. 0. 0. 0. 0. 0. 0. 0. 0. 0. 0. 0. 1. 0. 1. 0. 0. 1.],5.0,1000,100,0.01,0.003,1,9,random,,random,single_objective
232,0.029040167400048732,0.08653969885214523,0.0034395000000000007,[0.         0.         0.         0.         0.10054628 0.         0.         0.         0.1        0.         0.         0.         0.         0.         0.         0.         0.         0.         0.         0.         0.         0.         0.         0.         0.         0.16976736 0.         0.1010415  0.         0.         0.1       ],[0. 0. 0. 0. 1. 0. 0. 0. 1. 0. 0. 0. 0. 0. 0. 0. 0. 0. 0. 0. 0. 0. 0. 0. 0. 1. 0. 1. 0. 0. 1.],5.0,1000,100,0.01,0.003,1,9,random,,random,single_objective
233,0.029040167400048732,0.08653969885214523,0.0034395000000000007,[0.         0.         0.         0.         0.10054628 0.         0.         0.         0.1        0.         0.         0.         0.         0.         0.         0.         0.         0.         0.         0.         0.         0.         0.         0.         0.         0.16976736 0.         0.1010415  0.         0.         0.1       ],[0. 0. 0. 0. 1. 0. 0. 0. 1. 0. 0. 0. 0. 0. 0. 0. 0. 0. 0. 0. 0. 0. 0. 0. 0. 1. 0. 1. 0. 0. 1.],5.0,1000,100,0.01,0.003,1,9,random,,random,single_objective
234,0.029040167400048732,0.08653969885214523,0.0034395000000000007,[0.         0.         0.         0.         0.10054628 0.         0.         0.         0.1        0.         0.         0.         0.         0.         0.         0.         0.         0.         0.         0.         0.         0.         0.         0.         0.         0.16976736 0.         0.1010415  0.         0.         0.1       ],[0. 0. 0. 0. 1. 0. 0. 0. 1. 0. 0. 0. 0. 0. 0. 0. 0. 0. 0. 0. 0. 0. 0. 0. 0. 1. 0. 1. 0. 0. 1.],5.0,1000,100,0.01,0.003,1,9,random,,random,single_objective
235,0.029040167400048732,0.08653969885214523,0.0034395000000000007,[0.         0.         0.         0.         0.10054628 0.         0.         0.         0.1        0.         0.         0.         0.         0.         0.         0.         0.         0.         0.         0.         0.         0.         0.         0.         0.         0.16976736 0.         0.1010415  0.         0.         0.1       ],[0. 0. 0. 0. 1. 0. 0. 0. 1. 0. 0. 0. 0. 0. 0. 0. 0. 0. 0. 0. 0. 0. 0. 0. 0. 1. 0. 1. 0. 0. 1.],5.0,1000,100,0.01,0.003,1,9,random,,random,single_objective
236,0.029040167400048732,0.08653969885214523,0.0034395000000000007,[0.         0.         0.         0.         0.10054628 0.         0.         0.         0.1        0.         0.         0.         0.         0.         0.         0.         0.         0.         0.         0.         0.         0.         0.         0.         0.         0.16976736 0.         0.1010415  0.         0.         0.1       ],[0. 0. 0. 0. 1. 0. 0. 0. 1. 0. 0. 0. 0. 0. 0. 0. 0. 0. 0. 0. 0. 0. 0. 0. 0. 1. 0. 1. 0. 0. 1.],5.0,1000,100,0.01,0.003,1,9,random,,random,single_objective
237,0.029040167400048732,0.08653969885214523,0.0034395000000000007,[0.         0.         0.         0.         0.10054628 0.         0.         0.         0.1        0.         0.         0.         0.         0.         0.         0.         0.         0.         0.         0.         0.         0.         0.         0.         0.         0.16976736 0.         0.1010415  0.         0.         0.1       ],[0. 0. 0. 0. 1. 0. 0. 0. 1. 0. 0. 0. 0. 0. 0. 0. 0. 0. 0. 0. 0. 0. 0. 0. 0. 1. 0. 1. 0. 0. 1.],5.0,1000,100,0.01,0.003,1,9,random,,random,single_objective
238,0.029040167400048732,0.08653969885214523,0.0034395000000000007,[0.         0.         0.         0.         0.10054628 0.         0.         0.         0.1        0.         0.         0.         0.         0.         0.         0.         0.         0.         0.         0.         0.         0.         0.         0.         0.         0.16976736 0.         0.1010415  0.         0.         0.1       ],[0. 0. 0. 0. 1. 0. 0. 0. 1. 0. 0. 0. 0. 0. 0. 0. 0. 0. 0. 0. 0. 0. 0. 0. 0. 1. 0. 1. 0. 0. 1.],5.0,1000,100,0.01,0.003,1,9,random,,random,single_objective
239,0.029040167400048732,0.08653969885214523,0.0034395000000000007,[0.         0.         0.         0.         0.10054628 0.         0.         0.         0.1        0.         0.         0.         0.         0.         0.         0.         0.         0.         0.         0.         0.         0.         0.         0.         0.         0.16976736 0.         0.1010415  0.         0.         0.1       ],[0. 0. 0. 0. 1. 0. 0. 0. 1. 0. 0. 0. 0. 0. 0. 0. 0. 0. 0. 0. 0. 0. 0. 0. 0. 1. 0. 1. 0. 0. 1.],5.0,1000,100,0.01,0.003,1,9,random,,random,single_objective
240,0.029040167400048732,0.08653969885214523,0.0034395000000000007,[0.         0.         0.         0.         0.10054628 0.         0.         0.         0.1        0.         0.         0.         0.         0.         0.         0.         0.         0.         0.         0.         0.         0.         0.         0.         0.         0.16976736 0.         0.1010415  0.         0.         0.1       ],[0. 0. 0. 0. 1. 0. 0. 0. 1. 0. 0. 0. 0. 0. 0. 0. 0. 0. 0. 0. 0. 0. 0. 0. 0. 1. 0. 1. 0. 0. 1.],5.0,1000,100,0.01,0.003,1,9,random,,random,single_objective
241,0.029040167400048732,0.08653969885214523,0.0034395000000000007,[0.         0.         0.         0.         0.10054628 0.         0.         0.         0.1        0.         0.         0.         0.         0.         0.         0.         0.         0.         0.         0.         0.         0.         0.         0.         0.         0.16976736 0.         0.1010415  0.         0.         0.1       ],[0. 0. 0. 0. 1. 0. 0. 0. 1. 0. 0. 0. 0. 0. 0. 0. 0. 0. 0. 0. 0. 0. 0. 0. 0. 1. 0. 1. 0. 0. 1.],5.0,1000,100,0.01,0.003,1,9,random,,random,single_objective
242,0.029040167400048732,0.08653969885214523,0.0034395000000000007,[0.         0.         0.         0.         0.10054628 0.         0.         0.         0.1        0.         0.         0.         0.         0.         0.         0.         0.         0.         0.         0.         0.         0.         0.         0.         0.         0.16976736 0.         0.1010415  0.         0.         0.1       ],[0. 0. 0. 0. 1. 0. 0. 0. 1. 0. 0. 0. 0. 0. 0. 0. 0. 0. 0. 0. 0. 0. 0. 0. 0. 1. 0. 1. 0. 0. 1.],5.0,1000,100,0.01,0.003,1,9,random,,random,single_objective
243,0.029040167400048732,0.08653969885214523,0.0034395000000000007,[0.         0.         0.         0.         0.10054628 0.         0.         0.         0.1        0.         0.         0.         0.         0.         0.         0.         0.         0.         0.         0.         0.         0.         0.         0.         0.         0.16976736 0.         0.1010415  0.         0.         0.1       ],[0. 0. 0. 0. 1. 0. 0. 0. 1. 0. 0. 0. 0. 0. 0. 0. 0. 0. 0. 0. 0. 0. 0. 0. 0. 1. 0. 1. 0. 0. 1.],5.0,1000,100,0.01,0.003,1,9,random,,random,single_objective
244,0.029040167400048732,0.08653969885214523,0.0034395000000000007,[0.         0.         0.         0.         0.10054628 0.         0.         0.         0.1        0.         0.         0.         0.         0.         0.         0.         0.         0.         0.         0.         0.         0.         0.         0.         0.         0.16976736 0.         0.1010415  0.         0.         0.1       ],[0. 0. 0. 0. 1. 0. 0. 0. 1. 0. 0. 0. 0. 0. 0. 0. 0. 0. 0. 0. 0. 0. 0. 0. 0. 1. 0. 1. 0. 0. 1.],5.0,1000,100,0.01,0.003,1,9,random,,random,single_objective
245,0.029040167400048732,0.08653969885214523,0.0034395000000000007,[0.         0.         0.         0.         0.10054628 0.         0.         0.         0.1        0.         0.         0.         0.         0.         0.         0.         0.         0.         0.         0.         0.         0.         0.         0.         0.         0.16976736 0.         0.1010415  0.         0.         0.1       ],[0. 0. 0. 0. 1. 0. 0. 0. 1. 0. 0. 0. 0. 0. 0. 0. 0. 0. 0. 0. 0. 0. 0. 0. 0. 1. 0. 1. 0. 0. 1.],5.0,1000,100,0.01,0.003,1,9,random,,random,single_objective
246,0.029040167400048732,0.08653969885214523,0.0034395000000000007,[0.         0.         0.         0.         0.10054628 0.         0.         0.         0.1        0.         0.         0.         0.         0.         0.         0.         0.         0.         0.         0.         0.         0.         0.         0.         0.         0.16976736 0.         0.1010415  0.         0.         0.1       ],[0. 0. 0. 0. 1. 0. 0. 0. 1. 0. 0. 0. 0. 0. 0. 0. 0. 0. 0. 0. 0. 0. 0. 0. 0. 1. 0. 1. 0. 0. 1.],5.0,1000,100,0.01,0.003,1,9,random,,random,single_objective
247,0.029040167400048732,0.08653969885214523,0.0034395000000000007,[0.         0.         0.         0.         0.10054628 0.         0.         0.         0.1        0.         0.         0.         0.         0.         0.         0.         0.         0.         0.         0.         0.         0.         0.         0.         0.         0.16976736 0.         0.1010415  0.         0.         0.1       ],[0. 0. 0. 0. 1. 0. 0. 0. 1. 0. 0. 0. 0. 0. 0. 0. 0. 0. 0. 0. 0. 0. 0. 0. 0. 1. 0. 1. 0. 0. 1.],5.0,1000,100,0.01,0.003,1,9,random,,random,single_objective
248,0.029040167400048732,0.08653969885214523,0.0034395000000000007,[0.         0.         0.         0.         0.10054628 0.         0.         0.         0.1        0.         0.         0.         0.         0.         0.         0.         0.         0.         0.         0.         0.         0.         0.         0.         0.         0.16976736 0.         0.1010415  0.         0.         0.1       ],[0. 0. 0. 0. 1. 0. 0. 0. 1. 0. 0. 0. 0. 0. 0. 0. 0. 0. 0. 0. 0. 0. 0. 0. 0. 1. 0. 1. 0. 0. 1.],5.0,1000,100,0.01,0.003,1,9,random,,random,single_objective
249,0.029040167400048732,0.08653969885214523,0.0034395000000000007,[0.         0.         0.         0.         0.10054628 0.         0.         0.         0.1        0.         0.         0.         0.         0.         0.         0.         0.         0.         0.         0.         0.         0.         0.         0.         0.         0.16976736 0.         0.1010415  0.         0.         0.1       ],[0. 0. 0. 0. 1. 0. 0. 0. 1. 0. 0. 0. 0. 0. 0. 0. 0. 0. 0. 0. 0. 0. 0. 0. 0. 1. 0. 1. 0. 0. 1.],5.0,1000,100,0.01,0.003,1,9,random,,random,single_objective
250,0.029040167400048732,0.08653969885214523,0.0034395000000000007,[0.         0.         0.         0.         0.10054628 0.         0.         0.         0.1        0.         0.         0.         0.         0.         0.         0.         0.         0.         0.         0.         0.         0.         0.         0.         0.         0.16976736 0.         0.1010415  0.         0.         0.1       ],[0. 0. 0. 0. 1. 0. 0. 0. 1. 0. 0. 0. 0. 0. 0. 0. 0. 0. 0. 0. 0. 0. 0. 0. 0. 1. 0. 1. 0. 0. 1.],5.0,1000,100,0.01,0.003,1,9,random,,random,single_objective
251,0.029040167400048732,0.08653969885214523,0.0034395000000000007,[0.         0.         0.         0.         0.10054628 0.         0.         0.         0.1        0.         0.         0.         0.         0.         0.         0.         0.         0.         0.         0.         0.         0.         0.         0.         0.         0.16976736 0.         0.1010415  0.         0.         0.1       ],[0. 0. 0. 0. 1. 0. 0. 0. 1. 0. 0. 0. 0. 0. 0. 0. 0. 0. 0. 0. 0. 0. 0. 0. 0. 1. 0. 1. 0. 0. 1.],5.0,1000,100,0.01,0.003,1,9,random,,random,single_objective
252,0.029040167400048732,0.08653969885214523,0.0034395000000000007,[0.         0.         0.         0.         0.10054628 0.         0.         0.         0.1        0.         0.         0.         0.         0.         0.         0.         0.         0.         0.         0.         0.         0.         0.         0.         0.         0.16976736 0.         0.1010415  0.         0.         0.1       ],[0. 0. 0. 0. 1. 0. 0. 0. 1. 0. 0. 0. 0. 0. 0. 0. 0. 0. 0. 0. 0. 0. 0. 0. 0. 1. 0. 1. 0. 0. 1.],5.0,1000,100,0.01,0.003,1,9,random,,random,single_objective
253,0.029040167400048732,0.08653969885214523,0.0034395000000000007,[0.         0.         0.         0.         0.10054628 0.         0.         0.         0.1        0.         0.         0.         0.         0.         0.         0.         0.         0.         0.         0.         0.         0.         0.         0.         0.         0.16976736 0.         0.1010415  0.         0.         0.1       ],[0. 0. 0. 0. 1. 0. 0. 0. 1. 0. 0. 0. 0. 0. 0. 0. 0. 0. 0. 0. 0. 0. 0. 0. 0. 1. 0. 1. 0. 0. 1.],5.0,1000,100,0.01,0.003,1,9,random,,random,single_objective
254,0.029040167400048732,0.08653969885214523,0.0034395000000000007,[0.         0.         0.         0.         0.10054628 0.         0.         0.         0.1        0.         0.         0.         0.         0.         0.         0.         0.         0.         0.         0.         0.         0.         0.         0.         0.         0.16976736 0.         0.1010415  0.         0.         0.1       ],[0. 0. 0. 0. 1. 0. 0. 0. 1. 0. 0. 0. 0. 0. 0. 0. 0. 0. 0. 0. 0. 0. 0. 0. 0. 1. 0. 1. 0. 0. 1.],5.0,1000,100,0.01,0.003,1,9,random,,random,single_objective
255,0.029040167400048732,0.08653969885214523,0.0034395000000000007,[0.         0.         0.         0.         0.10054628 0.         0.         0.         0.1        0.         0.         0.         0.         0.         0.         0.         0.         0.         0.         0.         0.         0.         0.         0.         0.         0.16976736 0.         0.1010415  0.         0.         0.1       ],[0. 0. 0. 0. 1. 0. 0. 0. 1. 0. 0. 0. 0. 0. 0. 0. 0. 0. 0. 0. 0. 0. 0. 0. 0. 1. 0. 1. 0. 0. 1.],5.0,1000,100,0.01,0.003,1,9,random,,random,single_objective
256,0.029040167400048732,0.08653969885214523,0.0034395000000000007,[0.         0.         0.         0.         0.10054628 0.         0.         0.         0.1        0.         0.         0.         0.         0.         0.         0.         0.         0.         0.         0.         0.         0.         0.         0.         0.         0.16976736 0.         0.1010415  0.         0.         0.1       ],[0. 0. 0. 0. 1. 0. 0. 0. 1. 0. 0. 0. 0. 0. 0. 0. 0. 0. 0. 0. 0. 0. 0. 0. 0. 1. 0. 1. 0. 0. 1.],5.0,1000,100,0.01,0.003,1,9,random,,random,single_objective
257,0.029040167400048732,0.08653969885214523,0.0034395000000000007,[0.         0.         0.         0.         0.10054628 0.         0.         0.         0.1        0.         0.         0.         0.         0.         0.         0.         0.         0.         0.         0.         0.         0.         0.         0.         0.         0.16976736 0.         0.1010415  0.         0.         0.1       ],[0. 0. 0. 0. 1. 0. 0. 0. 1. 0. 0. 0. 0. 0. 0. 0. 0. 0. 0. 0. 0. 0. 0. 0. 0. 1. 0. 1. 0. 0. 1.],5.0,1000,100,0.01,0.003,1,9,random,,random,single_objective
258,0.029040167400048732,0.08653969885214523,0.0034395000000000007,[0.         0.         0.         0.         0.10054628 0.         0.         0.         0.1        0.         0.         0.         0.         0.         0.         0.         0.         0.         0.         0.         0.         0.         0.         0.         0.         0.16976736 0.         0.1010415  0.         0.         0.1       ],[0. 0. 0. 0. 1. 0. 0. 0. 1. 0. 0. 0. 0. 0. 0. 0. 0. 0. 0. 0. 0. 0. 0. 0. 0. 1. 0. 1. 0. 0. 1.],5.0,1000,100,0.01,0.003,1,9,random,,random,single_objective
259,0.029040167400048732,0.08653969885214523,0.0034395000000000007,[0.         0.         0.         0.         0.10054628 0.         0.         0.         0.1        0.         0.         0.         0.         0.         0.         0.         0.         0.         0.         0.         0.         0.         0.         0.         0.         0.16976736 0.         0.1010415  0.         0.         0.1       ],[0. 0. 0. 0. 1. 0. 0. 0. 1. 0. 0. 0. 0. 0. 0. 0. 0. 0. 0. 0. 0. 0. 0. 0. 0. 1. 0. 1. 0. 0. 1.],5.0,1000,100,0.01,0.003,1,9,random,,random,single_objective
260,0.029040167400048732,0.08653969885214523,0.0034395000000000007,[0.         0.         0.         0.         0.10054628 0.         0.         0.         0.1        0.         0.         0.         0.         0.         0.         0.         0.         0.         0.         0.         0.         0.         0.         0.         0.         0.16976736 0.         0.1010415  0.         0.         0.1       ],[0. 0. 0. 0. 1. 0. 0. 0. 1. 0. 0. 0. 0. 0. 0. 0. 0. 0. 0. 0. 0. 0. 0. 0. 0. 1. 0. 1. 0. 0. 1.],5.0,1000,100,0.01,0.003,1,9,random,,random,single_objective
261,0.029040167400048732,0.08653969885214523,0.0034395000000000007,[0.         0.         0.         0.         0.10054628 0.         0.         0.         0.1        0.         0.         0.         0.         0.         0.         0.         0.         0.         0.         0.         0.         0.         0.         0.         0.         0.16976736 0.         0.1010415  0.         0.         0.1       ],[0. 0. 0. 0. 1. 0. 0. 0. 1. 0. 0. 0. 0. 0. 0. 0. 0. 0. 0. 0. 0. 0. 0. 0. 0. 1. 0. 1. 0. 0. 1.],5.0,1000,100,0.01,0.003,1,9,random,,random,single_objective
262,0.029040167400048732,0.08653969885214523,0.0034395000000000007,[0.         0.         0.         0.         0.10054628 0.         0.         0.         0.1        0.         0.         0.         0.         0.         0.         0.         0.         0.         0.         0.         0.         0.         0.         0.         0.         0.16976736 0.         0.1010415  0.         0.         0.1       ],[0. 0. 0. 0. 1. 0. 0. 0. 1. 0. 0. 0. 0. 0. 0. 0. 0. 0. 0. 0. 0. 0. 0. 0. 0. 1. 0. 1. 0. 0. 1.],5.0,1000,100,0.01,0.003,1,9,random,,random,single_objective
263,0.029040167400048732,0.08653969885214523,0.0034395000000000007,[0.         0.         0.         0.         0.10054628 0.         0.         0.         0.1        0.         0.         0.         0.         0.         0.         0.         0.         0.         0.         0.         0.         0.         0.         0.         0.         0.16976736 0.         0.1010415  0.         0.         0.1       ],[0. 0. 0. 0. 1. 0. 0. 0. 1. 0. 0. 0. 0. 0. 0. 0. 0. 0. 0. 0. 0. 0. 0. 0. 0. 1. 0. 1. 0. 0. 1.],5.0,1000,100,0.01,0.003,1,9,random,,random,single_objective
264,0.029040167400048732,0.08653969885214523,0.0034395000000000007,[0.         0.         0.         0.         0.10054628 0.         0.         0.         0.1        0.         0.         0.         0.         0.         0.         0.         0.         0.         0.         0.         0.         0.         0.         0.         0.         0.16976736 0.         0.1010415  0.         0.         0.1       ],[0. 0. 0. 0. 1. 0. 0. 0. 1. 0. 0. 0. 0. 0. 0. 0. 0. 0. 0. 0. 0. 0. 0. 0. 0. 1. 0. 1. 0. 0. 1.],5.0,1000,100,0.01,0.003,1,9,random,,random,single_objective
265,0.029040167400048732,0.08653969885214523,0.0034395000000000007,[0.         0.         0.         0.         0.10054628 0.         0.         0.         0.1        0.         0.         0.         0.         0.         0.         0.         0.         0.         0.         0.         0.         0.         0.         0.         0.         0.16976736 0.         0.1010415  0.         0.         0.1       ],[0. 0. 0. 0. 1. 0. 0. 0. 1. 0. 0. 0. 0. 0. 0. 0. 0. 0. 0. 0. 0. 0. 0. 0. 0. 1. 0. 1. 0. 0. 1.],5.0,1000,100,0.01,0.003,1,9,random,,random,single_objective
266,0.029040167400048732,0.08653969885214523,0.0034395000000000007,[0.         0.         0.         0.         0.10054628 0.         0.         0.         0.1        0.         0.         0.         0.         0.         0.         0.         0.         0.         0.         0.         0.         0.         0.         0.         0.         0.16976736 0.         0.1010415  0.         0.         0.1       ],[0. 0. 0. 0. 1. 0. 0. 0. 1. 0. 0. 0. 0. 0. 0. 0. 0. 0. 0. 0. 0. 0. 0. 0. 0. 1. 0. 1. 0. 0. 1.],5.0,1000,100,0.01,0.003,1,9,random,,random,single_objective
267,0.029040167400048732,0.08653969885214523,0.0034395000000000007,[0.         0.         0.         0.         0.10054628 0.         0.         0.         0.1        0.         0.         0.         0.         0.         0.         0.         0.         0.         0.         0.         0.         0.         0.         0.         0.         0.16976736 0.         0.1010415  0.         0.         0.1       ],[0. 0. 0. 0. 1. 0. 0. 0. 1. 0. 0. 0. 0. 0. 0. 0. 0. 0. 0. 0. 0. 0. 0. 0. 0. 1. 0. 1. 0. 0. 1.],5.0,1000,100,0.01,0.003,1,9,random,,random,single_objective
268,0.029040167400048732,0.08653969885214523,0.0034395000000000007,[0.         0.         0.         0.         0.10054628 0.         0.         0.         0.1        0.         0.         0.         0.         0.         0.         0.         0.         0.         0.         0.         0.         0.         0.         0.         0.         0.16976736 0.         0.1010415  0.         0.         0.1       ],[0. 0. 0. 0. 1. 0. 0. 0. 1. 0. 0. 0. 0. 0. 0. 0. 0. 0. 0. 0. 0. 0. 0. 0. 0. 1. 0. 1. 0. 0. 1.],5.0,1000,100,0.01,0.003,1,9,random,,random,single_objective
269,0.029040167400048732,0.08653969885214523,0.0034395000000000007,[0.         0.         0.         0.         0.10054628 0.         0.         0.         0.1        0.         0.         0.         0.         0.         0.         0.         0.         0.         0.         0.         0.         0.         0.         0.         0.         0.16976736 0.         0.1010415  0.         0.         0.1       ],[0. 0. 0. 0. 1. 0. 0. 0. 1. 0. 0. 0. 0. 0. 0. 0. 0. 0. 0. 0. 0. 0. 0. 0. 0. 1. 0. 1. 0. 0. 1.],5.0,1000,100,0.01,0.003,1,9,random,,random,single_objective
270,0.029040167400048732,0.08653969885214523,0.0034395000000000007,[0.         0.         0.         0.         0.10054628 0.         0.         0.         0.1        0.         0.         0.         0.         0.         0.         0.         0.         0.         0.         0.         0.         0.         0.         0.         0.         0.16976736 0.         0.1010415  0.         0.         0.1       ],[0. 0. 0. 0. 1. 0. 0. 0. 1. 0. 0. 0. 0. 0. 0. 0. 0. 0. 0. 0. 0. 0. 0. 0. 0. 1. 0. 1. 0. 0. 1.],5.0,1000,100,0.01,0.003,1,9,random,,random,single_objective
271,0.029040167400048732,0.08653969885214523,0.0034395000000000007,[0.         0.         0.         0.         0.10054628 0.         0.         0.         0.1        0.         0.         0.         0.         0.         0.         0.         0.         0.         0.         0.         0.         0.         0.         0.         0.         0.16976736 0.         0.1010415  0.         0.         0.1       ],[0. 0. 0. 0. 1. 0. 0. 0. 1. 0. 0. 0. 0. 0. 0. 0. 0. 0. 0. 0. 0. 0. 0. 0. 0. 1. 0. 1. 0. 0. 1.],5.0,1000,100,0.01,0.003,1,9,random,,random,single_objective
272,0.029040167400048732,0.08653969885214523,0.0034395000000000007,[0.         0.         0.         0.         0.10054628 0.         0.         0.         0.1        0.         0.         0.         0.         0.         0.         0.         0.         0.         0.         0.         0.         0.         0.         0.         0.         0.16976736 0.         0.1010415  0.         0.         0.1       ],[0. 0. 0. 0. 1. 0. 0. 0. 1. 0. 0. 0. 0. 0. 0. 0. 0. 0. 0. 0. 0. 0. 0. 0. 0. 1. 0. 1. 0. 0. 1.],5.0,1000,100,0.01,0.003,1,9,random,,random,single_objective
273,0.029040167400048732,0.08653969885214523,0.0034395000000000007,[0.         0.         0.         0.         0.10054628 0.         0.         0.         0.1        0.         0.         0.         0.         0.         0.         0.         0.         0.         0.         0.         0.         0.         0.         0.         0.         0.16976736 0.         0.1010415  0.         0.         0.1       ],[0. 0. 0. 0. 1. 0. 0. 0. 1. 0. 0. 0. 0. 0. 0. 0. 0. 0. 0. 0. 0. 0. 0. 0. 0. 1. 0. 1. 0. 0. 1.],5.0,1000,100,0.01,0.003,1,9,random,,random,single_objective
274,0.029040167400048732,0.08653969885214523,0.0034395000000000007,[0.         0.         0.         0.         0.10054628 0.         0.         0.         0.1        0.         0.         0.         0.         0.         0.         0.         0.         0.         0.         0.         0.         0.         0.         0.         0.         0.16976736 0.         0.1010415  0.         0.         0.1       ],[0. 0. 0. 0. 1. 0. 0. 0. 1. 0. 0. 0. 0. 0. 0. 0. 0. 0. 0. 0. 0. 0. 0. 0. 0. 1. 0. 1. 0. 0. 1.],5.0,1000,100,0.01,0.003,1,9,random,,random,single_objective
275,0.029040167400048732,0.08653969885214523,0.0034395000000000007,[0.         0.         0.         0.         0.10054628 0.         0.         0.         0.1        0.         0.         0.         0.         0.         0.         0.         0.         0.         0.         0.         0.         0.         0.         0.         0.         0.16976736 0.         0.1010415  0.         0.         0.1       ],[0. 0. 0. 0. 1. 0. 0. 0. 1. 0. 0. 0. 0. 0. 0. 0. 0. 0. 0. 0. 0. 0. 0. 0. 0. 1. 0. 1. 0. 0. 1.],5.0,1000,100,0.01,0.003,1,9,random,,random,single_objective
276,0.029040167400048732,0.08653969885214523,0.0034395000000000007,[0.         0.         0.         0.         0.10054628 0.         0.         0.         0.1        0.         0.         0.         0.         0.         0.         0.         0.         0.         0.         0.         0.         0.         0.         0.         0.         0.16976736 0.         0.1010415  0.         0.         0.1       ],[0. 0. 0. 0. 1. 0. 0. 0. 1. 0. 0. 0. 0. 0. 0. 0. 0. 0. 0. 0. 0. 0. 0. 0. 0. 1. 0. 1. 0. 0. 1.],5.0,1000,100,0.01,0.003,1,9,random,,random,single_objective
277,0.029040167400048732,0.08653969885214523,0.0034395000000000007,[0.         0.         0.         0.         0.10054628 0.         0.         0.         0.1        0.         0.         0.         0.         0.         0.         0.         0.         0.         0.         0.         0.         0.         0.         0.         0.         0.16976736 0.         0.1010415  0.         0.         0.1       ],[0. 0. 0. 0. 1. 0. 0. 0. 1. 0. 0. 0. 0. 0. 0. 0. 0. 0. 0. 0. 0. 0. 0. 0. 0. 1. 0. 1. 0. 0. 1.],5.0,1000,100,0.01,0.003,1,9,random,,random,single_objective
278,0.029040167400048732,0.08653969885214523,0.0034395000000000007,[0.         0.         0.         0.         0.10054628 0.         0.         0.         0.1        0.         0.         0.         0.         0.         0.         0.         0.         0.         0.         0.         0.         0.         0.         0.         0.         0.16976736 0.         0.1010415  0.         0.         0.1       ],[0. 0. 0. 0. 1. 0. 0. 0. 1. 0. 0. 0. 0. 0. 0. 0. 0. 0. 0. 0. 0. 0. 0. 0. 0. 1. 0. 1. 0. 0. 1.],5.0,1000,100,0.01,0.003,1,9,random,,random,single_objective
279,0.029040167400048732,0.08653969885214523,0.0034395000000000007,[0.         0.         0.         0.         0.10054628 0.         0.         0.         0.1        0.         0.         0.         0.         0.         0.         0.         0.         0.         0.         0.         0.         0.         0.         0.         0.         0.16976736 0.         0.1010415  0.         0.         0.1       ],[0. 0. 0. 0. 1. 0. 0. 0. 1. 0. 0. 0. 0. 0. 0. 0. 0. 0. 0. 0. 0. 0. 0. 0. 0. 1. 0. 1. 0. 0. 1.],5.0,1000,100,0.01,0.003,1,9,random,,random,single_objective
280,0.029040167400048732,0.08653969885214523,0.0034395000000000007,[0.         0.         0.         0.         0.10054628 0.         0.         0.         0.1        0.         0.         0.         0.         0.         0.         0.         0.         0.         0.         0.         0.         0.         0.         0.         0.         0.16976736 0.         0.1010415  0.         0.         0.1       ],[0. 0. 0. 0. 1. 0. 0. 0. 1. 0. 0. 0. 0. 0. 0. 0. 0. 0. 0. 0. 0. 0. 0. 0. 0. 1. 0. 1. 0. 0. 1.],5.0,1000,100,0.01,0.003,1,9,random,,random,single_objective
281,0.029040167400048732,0.08653969885214523,0.0034395000000000007,[0.         0.         0.         0.         0.10054628 0.         0.         0.         0.1        0.         0.         0.         0.         0.         0.         0.         0.         0.         0.         0.         0.         0.         0.         0.         0.         0.16976736 0.         0.1010415  0.         0.         0.1       ],[0. 0. 0. 0. 1. 0. 0. 0. 1. 0. 0. 0. 0. 0. 0. 0. 0. 0. 0. 0. 0. 0. 0. 0. 0. 1. 0. 1. 0. 0. 1.],5.0,1000,100,0.01,0.003,1,9,random,,random,single_objective
282,0.029040167400048732,0.08653969885214523,0.0034395000000000007,[0.         0.         0.         0.         0.10054628 0.         0.         0.         0.1        0.         0.         0.         0.         0.         0.         0.         0.         0.         0.         0.         0.         0.         0.         0.         0.         0.16976736 0.         0.1010415  0.         0.         0.1       ],[0. 0. 0. 0. 1. 0. 0. 0. 1. 0. 0. 0. 0. 0. 0. 0. 0. 0. 0. 0. 0. 0. 0. 0. 0. 1. 0. 1. 0. 0. 1.],5.0,1000,100,0.01,0.003,1,9,random,,random,single_objective
283,0.029040167400048732,0.08653969885214523,0.0034395000000000007,[0.         0.         0.         0.         0.10054628 0.         0.         0.         0.1        0.         0.         0.         0.         0.         0.         0.         0.         0.         0.         0.         0.         0.         0.         0.         0.         0.16976736 0.         0.1010415  0.         0.         0.1       ],[0. 0. 0. 0. 1. 0. 0. 0. 1. 0. 0. 0. 0. 0. 0. 0. 0. 0. 0. 0. 0. 0. 0. 0. 0. 1. 0. 1. 0. 0. 1.],5.0,1000,100,0.01,0.003,1,9,random,,random,single_objective
284,0.029040167400048732,0.08653969885214523,0.0034395000000000007,[0.         0.         0.         0.         0.10054628 0.         0.         0.         0.1        0.         0.         0.         0.         0.         0.         0.         0.         0.         0.         0.         0.         0.         0.         0.         0.         0.16976736 0.         0.1010415  0.         0.         0.1       ],[0. 0. 0. 0. 1. 0. 0. 0. 1. 0. 0. 0. 0. 0. 0. 0. 0. 0. 0. 0. 0. 0. 0. 0. 0. 1. 0. 1. 0. 0. 1.],5.0,1000,100,0.01,0.003,1,9,random,,random,single_objective
285,0.029040167400048732,0.08653969885214523,0.0034395000000000007,[0.         0.         0.         0.         0.10054628 0.         0.         0.         0.1        0.         0.         0.         0.         0.         0.         0.         0.         0.         0.         0.         0.         0.         0.         0.         0.         0.16976736 0.         0.1010415  0.         0.         0.1       ],[0. 0. 0. 0. 1. 0. 0. 0. 1. 0. 0. 0. 0. 0. 0. 0. 0. 0. 0. 0. 0. 0. 0. 0. 0. 1. 0. 1. 0. 0. 1.],5.0,1000,100,0.01,0.003,1,9,random,,random,single_objective
286,0.029040167400048732,0.08653969885214523,0.0034395000000000007,[0.         0.         0.         0.         0.10054628 0.         0.         0.         0.1        0.         0.         0.         0.         0.         0.         0.         0.         0.         0.         0.         0.         0.         0.         0.         0.         0.16976736 0.         0.1010415  0.         0.         0.1       ],[0. 0. 0. 0. 1. 0. 0. 0. 1. 0. 0. 0. 0. 0. 0. 0. 0. 0. 0. 0. 0. 0. 0. 0. 0. 1. 0. 1. 0. 0. 1.],5.0,1000,100,0.01,0.003,1,9,random,,random,single_objective
287,0.029040167400048732,0.08653969885214523,0.0034395000000000007,[0.         0.         0.         0.         0.10054628 0.         0.         0.         0.1        0.         0.         0.         0.         0.         0.         0.         0.         0.         0.         0.         0.         0.         0.         0.         0.         0.16976736 0.         0.1010415  0.         0.         0.1       ],[0. 0. 0. 0. 1. 0. 0. 0. 1. 0. 0. 0. 0. 0. 0. 0. 0. 0. 0. 0. 0. 0. 0. 0. 0. 1. 0. 1. 0. 0. 1.],5.0,1000,100,0.01,0.003,1,9,random,,random,single_objective
288,0.029040167400048732,0.08653969885214523,0.0034395000000000007,[0.         0.         0.         0.         0.10054628 0.         0.         0.         0.1        0.         0.         0.         0.         0.         0.         0.         0.         0.         0.         0.         0.         0.         0.         0.         0.         0.16976736 0.         0.1010415  0.         0.         0.1       ],[0. 0. 0. 0. 1. 0. 0. 0. 1. 0. 0. 0. 0. 0. 0. 0. 0. 0. 0. 0. 0. 0. 0. 0. 0. 1. 0. 1. 0. 0. 1.],5.0,1000,100,0.01,0.003,1,9,random,,random,single_objective
289,0.029040167400048732,0.08653969885214523,0.0034395000000000007,[0.         0.         0.         0.         0.10054628 0.         0.         0.         0.1        0.         0.         0.         0.         0.         0.         0.         0.         0.         0.         0.         0.         0.         0.         0.         0.         0.16976736 0.         0.1010415  0.         0.         0.1       ],[0. 0. 0. 0. 1. 0. 0. 0. 1. 0. 0. 0. 0. 0. 0. 0. 0. 0. 0. 0. 0. 0. 0. 0. 0. 1. 0. 1. 0. 0. 1.],5.0,1000,100,0.01,0.003,1,9,random,,random,single_objective
290,0.029040167400048732,0.08653969885214523,0.0034395000000000007,[0.         0.         0.         0.         0.10054628 0.         0.         0.         0.1        0.         0.         0.         0.         0.         0.         0.         0.         0.         0.         0.         0.         0.         0.         0.         0.         0.16976736 0.         0.1010415  0.         0.         0.1       ],[0. 0. 0. 0. 1. 0. 0. 0. 1. 0. 0. 0. 0. 0. 0. 0. 0. 0. 0. 0. 0. 0. 0. 0. 0. 1. 0. 1. 0. 0. 1.],5.0,1000,100,0.01,0.003,1,9,random,,random,single_objective
291,0.029040167400048732,0.08653969885214523,0.0034395000000000007,[0.         0.         0.         0.         0.10054628 0.         0.         0.         0.1        0.         0.         0.         0.         0.         0.         0.         0.         0.         0.         0.         0.         0.         0.         0.         0.         0.16976736 0.         0.1010415  0.         0.         0.1       ],[0. 0. 0. 0. 1. 0. 0. 0. 1. 0. 0. 0. 0. 0. 0. 0. 0. 0. 0. 0. 0. 0. 0. 0. 0. 1. 0. 1. 0. 0. 1.],5.0,1000,100,0.01,0.003,1,9,random,,random,single_objective
292,0.029040167400048732,0.08653969885214523,0.0034395000000000007,[0.         0.         0.         0.         0.10054628 0.         0.         0.         0.1        0.         0.         0.         0.         0.         0.         0.         0.         0.         0.         0.         0.         0.         0.         0.         0.         0.16976736 0.         0.1010415  0.         0.         0.1       ],[0. 0. 0. 0. 1. 0. 0. 0. 1. 0. 0. 0. 0. 0. 0. 0. 0. 0. 0. 0. 0. 0. 0. 0. 0. 1. 0. 1. 0. 0. 1.],5.0,1000,100,0.01,0.003,1,9,random,,random,single_objective
293,0.029040167400048732,0.08653969885214523,0.0034395000000000007,[0.         0.         0.         0.         0.10054628 0.         0.         0.         0.1        0.         0.         0.         0.         0.         0.         0.         0.         0.         0.         0.         0.         0.         0.         0.         0.         0.16976736 0.         0.1010415  0.         0.         0.1       ],[0. 0. 0. 0. 1. 0. 0. 0. 1. 0. 0. 0. 0. 0. 0. 0. 0. 0. 0. 0. 0. 0. 0. 0. 0. 1. 0. 1. 0. 0. 1.],5.0,1000,100,0.01,0.003,1,9,random,,random,single_objective
294,0.029040167400048732,0.08653969885214523,0.0034395000000000007,[0.         0.         0.         0.         0.10054628 0.         0.         0.         0.1        0.         0.         0.         0.         0.         0.         0.         0.         0.         0.         0.         0.         0.         0.         0.         0.         0.16976736 0.         0.1010415  0.         0.         0.1       ],[0. 0. 0. 0. 1. 0. 0. 0. 1. 0. 0. 0. 0. 0. 0. 0. 0. 0. 0. 0. 0. 0. 0. 0. 0. 1. 0. 1. 0. 0. 1.],5.0,1000,100,0.01,0.003,1,9,random,,random,single_objective
295,0.029040167400048732,0.08653969885214523,0.0034395000000000007,[0.         0.         0.         0.         0.10054628 0.         0.         0.         0.1        0.         0.         0.         0.         0.         0.         0.         0.         0.         0.         0.         0.         0.         0.         0.         0.         0.16976736 0.         0.1010415  0.         0.         0.1       ],[0. 0. 0. 0. 1. 0. 0. 0. 1. 0. 0. 0. 0. 0. 0. 0. 0. 0. 0. 0. 0. 0. 0. 0. 0. 1. 0. 1. 0. 0. 1.],5.0,1000,100,0.01,0.003,1,9,random,,random,single_objective
296,0.029040167400048732,0.08653969885214523,0.0034395000000000007,[0.         0.         0.         0.         0.10054628 0.         0.         0.         0.1        0.         0.         0.         0.         0.         0.         0.         0.         0.         0.         0.         0.         0.         0.         0.         0.         0.16976736 0.         0.1010415  0.         0.         0.1       ],[0. 0. 0. 0. 1. 0. 0. 0. 1. 0. 0. 0. 0. 0. 0. 0. 0. 0. 0. 0. 0. 0. 0. 0. 0. 1. 0. 1. 0. 0. 1.],5.0,1000,100,0.01,0.003,1,9,random,,random,single_objective
297,0.029040167400048732,0.08653969885214523,0.0034395000000000007,[0.         0.         0.         0.         0.10054628 0.         0.         0.         0.1        0.         0.         0.         0.         0.         0.         0.         0.         0.         0.         0.         0.         0.         0.         0.         0.         0.16976736 0.         0.1010415  0.         0.         0.1       ],[0. 0. 0. 0. 1. 0. 0. 0. 1. 0. 0. 0. 0. 0. 0. 0. 0. 0. 0. 0. 0. 0. 0. 0. 0. 1. 0. 1. 0. 0. 1.],5.0,1000,100,0.01,0.003,1,9,random,,random,single_objective
298,0.029040167400048732,0.08653969885214523,0.0034395000000000007,[0.         0.         0.         0.         0.10054628 0.         0.         0.         0.1        0.         0.         0.         0.         0.         0.         0.         0.         0.         0.         0.         0.         0.         0.         0.         0.         0.16976736 0.         0.1010415  0.         0.         0.1       ],[0. 0. 0. 0. 1. 0. 0. 0. 1. 0. 0. 0. 0. 0. 0. 0. 0. 0. 0. 0. 0. 0. 0. 0. 0. 1. 0. 1. 0. 0. 1.],5.0,1000,100,0.01,0.003,1,9,random,,random,single_objective
299,0.029040167400048732,0.08653969885214523,0.0034395000000000007,[0.         0.         0.         0.         0.10054628 0.         0.         0.         0.1        0.         0.         0.         0.         0.         0.         0.         0.         0.         0.         0.         0.         0.         0.         0.         0.         0.16976736 0.         0.1010415  0.         0.         0.1       ],[0. 0. 0. 0. 1. 0. 0. 0. 1. 0. 0. 0. 0. 0. 0. 0. 0. 0. 0. 0. 0. 0. 0. 0. 0. 1. 0. 1. 0. 0. 1.],5.0,1000,100,0.01,0.003,1,9,random,,random,single_objective
300,0.029040167400048732,0.08653969885214523,0.0034395000000000007,[0.         0.         0.         0.         0.10054628 0.         0.         0.         0.1        0.         0.         0.         0.         0.         0.         0.         0.         0.         0.         0.         0.         0.         0.         0.         0.         0.16976736 0.         0.1010415  0.         0.         0.1       ],[0. 0. 0. 0. 1. 0. 0. 0. 1. 0. 0. 0. 0. 0. 0. 0. 0. 0. 0. 0. 0. 0. 0. 0. 0. 1. 0. 1. 0. 0. 1.],5.0,1000,100,0.01,0.003,1,9,random,,random,single_objective
301,0.029040167400048732,0.08653969885214523,0.0034395000000000007,[0.         0.         0.         0.         0.10054628 0.         0.         0.         0.1        0.         0.         0.         0.         0.         0.         0.         0.         0.         0.         0.         0.         0.         0.         0.         0.         0.16976736 0.         0.1010415  0.         0.         0.1       ],[0. 0. 0. 0. 1. 0. 0. 0. 1. 0. 0. 0. 0. 0. 0. 0. 0. 0. 0. 0. 0. 0. 0. 0. 0. 1. 0. 1. 0. 0. 1.],5.0,1000,100,0.01,0.003,1,9,random,,random,single_objective
302,0.029040167400048732,0.08653969885214523,0.0034395000000000007,[0.         0.         0.         0.         0.10054628 0.         0.         0.         0.1        0.         0.         0.         0.         0.         0.         0.         0.         0.         0.         0.         0.         0.         0.         0.         0.         0.16976736 0.         0.1010415  0.         0.         0.1       ],[0. 0. 0. 0. 1. 0. 0. 0. 1. 0. 0. 0. 0. 0. 0. 0. 0. 0. 0. 0. 0. 0. 0. 0. 0. 1. 0. 1. 0. 0. 1.],5.0,1000,100,0.01,0.003,1,9,random,,random,single_objective
303,0.029040167400048732,0.08653969885214523,0.0034395000000000007,[0.         0.         0.         0.         0.10054628 0.         0.         0.         0.1        0.         0.         0.         0.         0.         0.         0.         0.         0.         0.         0.         0.         0.         0.         0.         0.         0.16976736 0.         0.1010415  0.         0.         0.1       ],[0. 0. 0. 0. 1. 0. 0. 0. 1. 0. 0. 0. 0. 0. 0. 0. 0. 0. 0. 0. 0. 0. 0. 0. 0. 1. 0. 1. 0. 0. 1.],5.0,1000,100,0.01,0.003,1,9,random,,random,single_objective
304,0.029040167400048732,0.08653969885214523,0.0034395000000000007,[0.         0.         0.         0.         0.10054628 0.         0.         0.         0.1        0.         0.         0.         0.         0.         0.         0.         0.         0.         0.         0.         0.         0.         0.         0.         0.         0.16976736 0.         0.1010415  0.         0.         0.1       ],[0. 0. 0. 0. 1. 0. 0. 0. 1. 0. 0. 0. 0. 0. 0. 0. 0. 0. 0. 0. 0. 0. 0. 0. 0. 1. 0. 1. 0. 0. 1.],5.0,1000,100,0.01,0.003,1,9,random,,random,single_objective
305,0.029040167400048732,0.08653969885214523,0.0034395000000000007,[0.         0.         0.         0.         0.10054628 0.         0.         0.         0.1        0.         0.         0.         0.         0.         0.         0.         0.         0.         0.         0.         0.         0.         0.         0.         0.         0.16976736 0.         0.1010415  0.         0.         0.1       ],[0. 0. 0. 0. 1. 0. 0. 0. 1. 0. 0. 0. 0. 0. 0. 0. 0. 0. 0. 0. 0. 0. 0. 0. 0. 1. 0. 1. 0. 0. 1.],5.0,1000,100,0.01,0.003,1,9,random,,random,single_objective
306,0.029040167400048732,0.08653969885214523,0.0034395000000000007,[0.         0.         0.         0.         0.10054628 0.         0.         0.         0.1        0.         0.         0.         0.         0.         0.         0.         0.         0.         0.         0.         0.         0.         0.         0.         0.         0.16976736 0.         0.1010415  0.         0.         0.1       ],[0. 0. 0. 0. 1. 0. 0. 0. 1. 0. 0. 0. 0. 0. 0. 0. 0. 0. 0. 0. 0. 0. 0. 0. 0. 1. 0. 1. 0. 0. 1.],5.0,1000,100,0.01,0.003,1,9,random,,random,single_objective
307,0.029040167400048732,0.08653969885214523,0.0034395000000000007,[0.         0.         0.         0.         0.10054628 0.         0.         0.         0.1        0.         0.         0.         0.         0.         0.         0.         0.         0.         0.         0.         0.         0.         0.         0.         0.         0.16976736 0.         0.1010415  0.         0.         0.1       ],[0. 0. 0. 0. 1. 0. 0. 0. 1. 0. 0. 0. 0. 0. 0. 0. 0. 0. 0. 0. 0. 0. 0. 0. 0. 1. 0. 1. 0. 0. 1.],5.0,1000,100,0.01,0.003,1,9,random,,random,single_objective
308,0.029040167400048732,0.08653969885214523,0.0034395000000000007,[0.         0.         0.         0.         0.10054628 0.         0.         0.         0.1        0.         0.         0.         0.         0.         0.         0.         0.         0.         0.         0.         0.         0.         0.         0.         0.         0.16976736 0.         0.1010415  0.         0.         0.1       ],[0. 0. 0. 0. 1. 0. 0. 0. 1. 0. 0. 0. 0. 0. 0. 0. 0. 0. 0. 0. 0. 0. 0. 0. 0. 1. 0. 1. 0. 0. 1.],5.0,1000,100,0.01,0.003,1,9,random,,random,single_objective
309,0.029040167400048732,0.08653969885214523,0.0034395000000000007,[0.         0.         0.         0.         0.10054628 0.         0.         0.         0.1        0.         0.         0.         0.         0.         0.         0.         0.         0.         0.         0.         0.         0.         0.         0.         0.         0.16976736 0.         0.1010415  0.         0.         0.1       ],[0. 0. 0. 0. 1. 0. 0. 0. 1. 0. 0. 0. 0. 0. 0. 0. 0. 0. 0. 0. 0. 0. 0. 0. 0. 1. 0. 1. 0. 0. 1.],5.0,1000,100,0.01,0.003,1,9,random,,random,single_objective
310,0.029040167400048732,0.08653969885214523,0.0034395000000000007,[0.         0.         0.         0.         0.10054628 0.         0.         0.         0.1        0.         0.         0.         0.         0.         0.         0.         0.         0.         0.         0.         0.         0.         0.         0.         0.         0.16976736 0.         0.1010415  0.         0.         0.1       ],[0. 0. 0. 0. 1. 0. 0. 0. 1. 0. 0. 0. 0. 0. 0. 0. 0. 0. 0. 0. 0. 0. 0. 0. 0. 1. 0. 1. 0. 0. 1.],5.0,1000,100,0.01,0.003,1,9,random,,random,single_objective
311,0.029040167400048732,0.08653969885214523,0.0034395000000000007,[0.         0.         0.         0.         0.10054628 0.         0.         0.         0.1        0.         0.         0.         0.         0.         0.         0.         0.         0.         0.         0.         0.         0.         0.         0.         0.         0.16976736 0.         0.1010415  0.         0.         0.1       ],[0. 0. 0. 0. 1. 0. 0. 0. 1. 0. 0. 0. 0. 0. 0. 0. 0. 0. 0. 0. 0. 0. 0. 0. 0. 1. 0. 1. 0. 0. 1.],5.0,1000,100,0.01,0.003,1,9,random,,random,single_objective
312,0.029040167400048732,0.08653969885214523,0.0034395000000000007,[0.         0.         0.         0.         0.10054628 0.         0.         0.         0.1        0.         0.         0.         0.         0.         0.         0.         0.         0.         0.         0.         0.         0.         0.         0.         0.         0.16976736 0.         0.1010415  0.         0.         0.1       ],[0. 0. 0. 0. 1. 0. 0. 0. 1. 0. 0. 0. 0. 0. 0. 0. 0. 0. 0. 0. 0. 0. 0. 0. 0. 1. 0. 1. 0. 0. 1.],5.0,1000,100,0.01,0.003,1,9,random,,random,single_objective
313,0.029040167400048732,0.08653969885214523,0.0034395000000000007,[0.         0.         0.         0.         0.10054628 0.         0.         0.         0.1        0.         0.         0.         0.         0.         0.         0.         0.         0.         0.         0.         0.         0.         0.         0.         0.         0.16976736 0.         0.1010415  0.         0.         0.1       ],[0. 0. 0. 0. 1. 0. 0. 0. 1. 0. 0. 0. 0. 0. 0. 0. 0. 0. 0. 0. 0. 0. 0. 0. 0. 1. 0. 1. 0. 0. 1.],5.0,1000,100,0.01,0.003,1,9,random,,random,single_objective
314,0.029040167400048732,0.08653969885214523,0.0034395000000000007,[0.         0.         0.         0.         0.10054628 0.         0.         0.         0.1        0.         0.         0.         0.         0.         0.         0.         0.         0.         0.         0.         0.         0.         0.         0.         0.         0.16976736 0.         0.1010415  0.         0.         0.1       ],[0. 0. 0. 0. 1. 0. 0. 0. 1. 0. 0. 0. 0. 0. 0. 0. 0. 0. 0. 0. 0. 0. 0. 0. 0. 1. 0. 1. 0. 0. 1.],5.0,1000,100,0.01,0.003,1,9,random,,random,single_objective
315,0.029040167400048732,0.08653969885214523,0.0034395000000000007,[0.         0.         0.         0.         0.10054628 0.         0.         0.         0.1        0.         0.         0.         0.         0.         0.         0.         0.         0.         0.         0.         0.         0.         0.         0.         0.         0.16976736 0.         0.1010415  0.         0.         0.1       ],[0. 0. 0. 0. 1. 0. 0. 0. 1. 0. 0. 0. 0. 0. 0. 0. 0. 0. 0. 0. 0. 0. 0. 0. 0. 1. 0. 1. 0. 0. 1.],5.0,1000,100,0.01,0.003,1,9,random,,random,single_objective
316,0.029040167400048732,0.08653969885214523,0.0034395000000000007,[0.         0.         0.         0.         0.10054628 0.         0.         0.         0.1        0.         0.         0.         0.         0.         0.         0.         0.         0.         0.         0.         0.         0.         0.         0.         0.         0.16976736 0.         0.1010415  0.         0.         0.1       ],[0. 0. 0. 0. 1. 0. 0. 0. 1. 0. 0. 0. 0. 0. 0. 0. 0. 0. 0. 0. 0. 0. 0. 0. 0. 1. 0. 1. 0. 0. 1.],5.0,1000,100,0.01,0.003,1,9,random,,random,single_objective
317,0.029040167400048732,0.08653969885214523,0.0034395000000000007,[0.         0.         0.         0.         0.10054628 0.         0.         0.         0.1        0.         0.         0.         0.         0.         0.         0.         0.         0.         0.         0.         0.         0.         0.         0.         0.         0.16976736 0.         0.1010415  0.         0.         0.1       ],[0. 0. 0. 0. 1. 0. 0. 0. 1. 0. 0. 0. 0. 0. 0. 0. 0. 0. 0. 0. 0. 0. 0. 0. 0. 1. 0. 1. 0. 0. 1.],5.0,1000,100,0.01,0.003,1,9,random,,random,single_objective
318,0.029040167400048732,0.08653969885214523,0.0034395000000000007,[0.         0.         0.         0.         0.10054628 0.         0.         0.         0.1        0.         0.         0.         0.         0.         0.         0.         0.         0.         0.         0.         0.         0.         0.         0.         0.         0.16976736 0.         0.1010415  0.         0.         0.1       ],[0. 0. 0. 0. 1. 0. 0. 0. 1. 0. 0. 0. 0. 0. 0. 0. 0. 0. 0. 0. 0. 0. 0. 0. 0. 1. 0. 1. 0. 0. 1.],5.0,1000,100,0.01,0.003,1,9,random,,random,single_objective
319,0.029040167400048732,0.08653969885214523,0.0034395000000000007,[0.         0.         0.         0.         0.10054628 0.         0.         0.         0.1        0.         0.         0.         0.         0.         0.         0.         0.         0.         0.         0.         0.         0.         0.         0.         0.         0.16976736 0.         0.1010415  0.         0.         0.1       ],[0. 0. 0. 0. 1. 0. 0. 0. 1. 0. 0. 0. 0. 0. 0. 0. 0. 0. 0. 0. 0. 0. 0. 0. 0. 1. 0. 1. 0. 0. 1.],5.0,1000,100,0.01,0.003,1,9,random,,random,single_objective
320,0.029040167400048732,0.08653969885214523,0.0034395000000000007,[0.         0.         0.         0.         0.10054628 0.         0.         0.         0.1        0.         0.         0.         0.         0.         0.         0.         0.         0.         0.         0.         0.         0.         0.         0.         0.         0.16976736 0.         0.1010415  0.         0.         0.1       ],[0. 0. 0. 0. 1. 0. 0. 0. 1. 0. 0. 0. 0. 0. 0. 0. 0. 0. 0. 0. 0. 0. 0. 0. 0. 1. 0. 1. 0. 0. 1.],5.0,1000,100,0.01,0.003,1,9,random,,random,single_objective
321,0.029040167400048732,0.08653969885214523,0.0034395000000000007,[0.         0.         0.         0.         0.10054628 0.         0.         0.         0.1        0.         0.         0.         0.         0.         0.         0.         0.         0.         0.         0.         0.         0.         0.         0.         0.         0.16976736 0.         0.1010415  0.         0.         0.1       ],[0. 0. 0. 0. 1. 0. 0. 0. 1. 0. 0. 0. 0. 0. 0. 0. 0. 0. 0. 0. 0. 0. 0. 0. 0. 1. 0. 1. 0. 0. 1.],5.0,1000,100,0.01,0.003,1,9,random,,random,single_objective
322,0.029040167400048732,0.08653969885214523,0.0034395000000000007,[0.         0.         0.         0.         0.10054628 0.         0.         0.         0.1        0.         0.         0.         0.         0.         0.         0.         0.         0.         0.         0.         0.         0.         0.         0.         0.         0.16976736 0.         0.1010415  0.         0.         0.1       ],[0. 0. 0. 0. 1. 0. 0. 0. 1. 0. 0. 0. 0. 0. 0. 0. 0. 0. 0. 0. 0. 0. 0. 0. 0. 1. 0. 1. 0. 0. 1.],5.0,1000,100,0.01,0.003,1,9,random,,random,single_objective
323,0.029040167400048732,0.08653969885214523,0.0034395000000000007,[0.         0.         0.         0.         0.10054628 0.         0.         0.         0.1        0.         0.         0.         0.         0.         0.         0.         0.         0.         0.         0.         0.         0.         0.         0.         0.         0.16976736 0.         0.1010415  0.         0.         0.1       ],[0. 0. 0. 0. 1. 0. 0. 0. 1. 0. 0. 0. 0. 0. 0. 0. 0. 0. 0. 0. 0. 0. 0. 0. 0. 1. 0. 1. 0. 0. 1.],5.0,1000,100,0.01,0.003,1,9,random,,random,single_objective
324,0.029040167400048732,0.08653969885214523,0.0034395000000000007,[0.         0.         0.         0.         0.10054628 0.         0.         0.         0.1        0.         0.         0.         0.         0.         0.         0.         0.         0.         0.         0.         0.         0.         0.         0.         0.         0.16976736 0.         0.1010415  0.         0.         0.1       ],[0. 0. 0. 0. 1. 0. 0. 0. 1. 0. 0. 0. 0. 0. 0. 0. 0. 0. 0. 0. 0. 0. 0. 0. 0. 1. 0. 1. 0. 0. 1.],5.0,1000,100,0.01,0.003,1,9,random,,random,single_objective
325,0.029040167400048732,0.08653969885214523,0.0034395000000000007,[0.         0.         0.         0.         0.10054628 0.         0.         0.         0.1        0.         0.         0.         0.         0.         0.         0.         0.         0.         0.         0.         0.         0.         0.         0.         0.         0.16976736 0.         0.1010415  0.         0.         0.1       ],[0. 0. 0. 0. 1. 0. 0. 0. 1. 0. 0. 0. 0. 0. 0. 0. 0. 0. 0. 0. 0. 0. 0. 0. 0. 1. 0. 1. 0. 0. 1.],5.0,1000,100,0.01,0.003,1,9,random,,random,single_objective
326,0.029040167400048732,0.08653969885214523,0.0034395000000000007,[0.         0.         0.         0.         0.10054628 0.         0.         0.         0.1        0.         0.         0.         0.         0.         0.         0.         0.         0.         0.         0.         0.         0.         0.         0.         0.         0.16976736 0.         0.1010415  0.         0.         0.1       ],[0. 0. 0. 0. 1. 0. 0. 0. 1. 0. 0. 0. 0. 0. 0. 0. 0. 0. 0. 0. 0. 0. 0. 0. 0. 1. 0. 1. 0. 0. 1.],5.0,1000,100,0.01,0.003,1,9,random,,random,single_objective
327,0.029040167400048732,0.08653969885214523,0.0034395000000000007,[0.         0.         0.         0.         0.10054628 0.         0.         0.         0.1        0.         0.         0.         0.         0.         0.         0.         0.         0.         0.         0.         0.         0.         0.         0.         0.         0.16976736 0.         0.1010415  0.         0.         0.1       ],[0. 0. 0. 0. 1. 0. 0. 0. 1. 0. 0. 0. 0. 0. 0. 0. 0. 0. 0. 0. 0. 0. 0. 0. 0. 1. 0. 1. 0. 0. 1.],5.0,1000,100,0.01,0.003,1,9,random,,random,single_objective
328,0.029040167400048732,0.08653969885214523,0.0034395000000000007,[0.         0.         0.         0.         0.10054628 0.         0.         0.         0.1        0.         0.         0.         0.         0.         0.         0.         0.         0.         0.         0.         0.         0.         0.         0.         0.         0.16976736 0.         0.1010415  0.         0.         0.1       ],[0. 0. 0. 0. 1. 0. 0. 0. 1. 0. 0. 0. 0. 0. 0. 0. 0. 0. 0. 0. 0. 0. 0. 0. 0. 1. 0. 1. 0. 0. 1.],5.0,1000,100,0.01,0.003,1,9,random,,random,single_objective
329,0.029040167400048732,0.08653969885214523,0.0034395000000000007,[0.         0.         0.         0.         0.10054628 0.         0.         0.         0.1        0.         0.         0.         0.         0.         0.         0.         0.         0.         0.         0.         0.         0.         0.         0.         0.         0.16976736 0.         0.1010415  0.         0.         0.1       ],[0. 0. 0. 0. 1. 0. 0. 0. 1. 0. 0. 0. 0. 0. 0. 0. 0. 0. 0. 0. 0. 0. 0. 0. 0. 1. 0. 1. 0. 0. 1.],5.0,1000,100,0.01,0.003,1,9,random,,random,single_objective
330,0.029040167400048732,0.08653969885214523,0.0034395000000000007,[0.         0.         0.         0.         0.10054628 0.         0.         0.         0.1        0.         0.         0.         0.         0.         0.         0.         0.         0.         0.         0.         0.         0.         0.         0.         0.         0.16976736 0.         0.1010415  0.         0.         0.1       ],[0. 0. 0. 0. 1. 0. 0. 0. 1. 0. 0. 0. 0. 0. 0. 0. 0. 0. 0. 0. 0. 0. 0. 0. 0. 1. 0. 1. 0. 0. 1.],5.0,1000,100,0.01,0.003,1,9,random,,random,single_objective
331,0.029040167400048732,0.08653969885214523,0.0034395000000000007,[0.         0.         0.         0.         0.10054628 0.         0.         0.         0.1        0.         0.         0.         0.         0.         0.         0.         0.         0.         0.         0.         0.         0.         0.         0.         0.         0.16976736 0.         0.1010415  0.         0.         0.1       ],[0. 0. 0. 0. 1. 0. 0. 0. 1. 0. 0. 0. 0. 0. 0. 0. 0. 0. 0. 0. 0. 0. 0. 0. 0. 1. 0. 1. 0. 0. 1.],5.0,1000,100,0.01,0.003,1,9,random,,random,single_objective
332,0.029040167400048732,0.08653969885214523,0.0034395000000000007,[0.         0.         0.         0.         0.10054628 0.         0.         0.         0.1        0.         0.         0.         0.         0.         0.         0.         0.         0.         0.         0.         0.         0.         0.         0.         0.         0.16976736 0.         0.1010415  0.         0.         0.1       ],[0. 0. 0. 0. 1. 0. 0. 0. 1. 0. 0. 0. 0. 0. 0. 0. 0. 0. 0. 0. 0. 0. 0. 0. 0. 1. 0. 1. 0. 0. 1.],5.0,1000,100,0.01,0.003,1,9,random,,random,single_objective
333,0.029040167400048732,0.08653969885214523,0.0034395000000000007,[0.         0.         0.         0.         0.10054628 0.         0.         0.         0.1        0.         0.         0.         0.         0.         0.         0.         0.         0.         0.         0.         0.         0.         0.         0.         0.         0.16976736 0.         0.1010415  0.         0.         0.1       ],[0. 0. 0. 0. 1. 0. 0. 0. 1. 0. 0. 0. 0. 0. 0. 0. 0. 0. 0. 0. 0. 0. 0. 0. 0. 1. 0. 1. 0. 0. 1.],5.0,1000,100,0.01,0.003,1,9,random,,random,single_objective
334,0.029040167400048732,0.08653969885214523,0.0034395000000000007,[0.         0.         0.         0.         0.10054628 0.         0.         0.         0.1        0.         0.         0.         0.         0.         0.         0.         0.         0.         0.         0.         0.         0.         0.         0.         0.         0.16976736 0.         0.1010415  0.         0.         0.1       ],[0. 0. 0. 0. 1. 0. 0. 0. 1. 0. 0. 0. 0. 0. 0. 0. 0. 0. 0. 0. 0. 0. 0. 0. 0. 1. 0. 1. 0. 0. 1.],5.0,1000,100,0.01,0.003,1,9,random,,random,single_objective
335,0.029040167400048732,0.08653969885214523,0.0034395000000000007,[0.         0.         0.         0.         0.10054628 0.         0.         0.         0.1        0.         0.         0.         0.         0.         0.         0.         0.         0.         0.         0.         0.         0.         0.         0.         0.         0.16976736 0.         0.1010415  0.         0.         0.1       ],[0. 0. 0. 0. 1. 0. 0. 0. 1. 0. 0. 0. 0. 0. 0. 0. 0. 0. 0. 0. 0. 0. 0. 0. 0. 1. 0. 1. 0. 0. 1.],5.0,1000,100,0.01,0.003,1,9,random,,random,single_objective
336,0.029040167400048732,0.08653969885214523,0.0034395000000000007,[0.         0.         0.         0.         0.10054628 0.         0.         0.         0.1        0.         0.         0.         0.         0.         0.         0.         0.         0.         0.         0.         0.         0.         0.         0.         0.         0.16976736 0.         0.1010415  0.         0.         0.1       ],[0. 0. 0. 0. 1. 0. 0. 0. 1. 0. 0. 0. 0. 0. 0. 0. 0. 0. 0. 0. 0. 0. 0. 0. 0. 1. 0. 1. 0. 0. 1.],5.0,1000,100,0.01,0.003,1,9,random,,random,single_objective
337,0.029040167400048732,0.08653969885214523,0.0034395000000000007,[0.         0.         0.         0.         0.10054628 0.         0.         0.         0.1        0.         0.         0.         0.         0.         0.         0.         0.         0.         0.         0.         0.         0.         0.         0.         0.         0.16976736 0.         0.1010415  0.         0.         0.1       ],[0. 0. 0. 0. 1. 0. 0. 0. 1. 0. 0. 0. 0. 0. 0. 0. 0. 0. 0. 0. 0. 0. 0. 0. 0. 1. 0. 1. 0. 0. 1.],5.0,1000,100,0.01,0.003,1,9,random,,random,single_objective
338,0.029040167400048732,0.08653969885214523,0.0034395000000000007,[0.         0.         0.         0.         0.10054628 0.         0.         0.         0.1        0.         0.         0.         0.         0.         0.         0.         0.         0.         0.         0.         0.         0.         0.         0.         0.         0.16976736 0.         0.1010415  0.         0.         0.1       ],[0. 0. 0. 0. 1. 0. 0. 0. 1. 0. 0. 0. 0. 0. 0. 0. 0. 0. 0. 0. 0. 0. 0. 0. 0. 1. 0. 1. 0. 0. 1.],5.0,1000,100,0.01,0.003,1,9,random,,random,single_objective
339,0.029040167400048732,0.08653969885214523,0.0034395000000000007,[0.         0.         0.         0.         0.10054628 0.         0.         0.         0.1        0.         0.         0.         0.         0.         0.         0.         0.         0.         0.         0.         0.         0.         0.         0.         0.         0.16976736 0.         0.1010415  0.         0.         0.1       ],[0. 0. 0. 0. 1. 0. 0. 0. 1. 0. 0. 0. 0. 0. 0. 0. 0. 0. 0. 0. 0. 0. 0. 0. 0. 1. 0. 1. 0. 0. 1.],5.0,1000,100,0.01,0.003,1,9,random,,random,single_objective
340,0.029040167400048732,0.08653969885214523,0.0034395000000000007,[0.         0.         0.         0.         0.10054628 0.         0.         0.         0.1        0.         0.         0.         0.         0.         0.         0.         0.         0.         0.         0.         0.         0.         0.         0.         0.         0.16976736 0.         0.1010415  0.         0.         0.1       ],[0. 0. 0. 0. 1. 0. 0. 0. 1. 0. 0. 0. 0. 0. 0. 0. 0. 0. 0. 0. 0. 0. 0. 0. 0. 1. 0. 1. 0. 0. 1.],5.0,1000,100,0.01,0.003,1,9,random,,random,single_objective
341,0.029040167400048732,0.08653969885214523,0.0034395000000000007,[0.         0.         0.         0.         0.10054628 0.         0.         0.         0.1        0.         0.         0.         0.         0.         0.         0.         0.         0.         0.         0.         0.         0.         0.         0.         0.         0.16976736 0.         0.1010415  0.         0.         0.1       ],[0. 0. 0. 0. 1. 0. 0. 0. 1. 0. 0. 0. 0. 0. 0. 0. 0. 0. 0. 0. 0. 0. 0. 0. 0. 1. 0. 1. 0. 0. 1.],5.0,1000,100,0.01,0.003,1,9,random,,random,single_objective
342,0.029040167400048732,0.08653969885214523,0.0034395000000000007,[0.         0.         0.         0.         0.10054628 0.         0.         0.         0.1        0.         0.         0.         0.         0.         0.         0.         0.         0.         0.         0.         0.         0.         0.         0.         0.         0.16976736 0.         0.1010415  0.         0.         0.1       ],[0. 0. 0. 0. 1. 0. 0. 0. 1. 0. 0. 0. 0. 0. 0. 0. 0. 0. 0. 0. 0. 0. 0. 0. 0. 1. 0. 1. 0. 0. 1.],5.0,1000,100,0.01,0.003,1,9,random,,random,single_objective
343,0.029040167400048732,0.08653969885214523,0.0034395000000000007,[0.         0.         0.         0.         0.10054628 0.         0.         0.         0.1        0.         0.         0.         0.         0.         0.         0.         0.         0.         0.         0.         0.         0.         0.         0.         0.         0.16976736 0.         0.1010415  0.         0.         0.1       ],[0. 0. 0. 0. 1. 0. 0. 0. 1. 0. 0. 0. 0. 0. 0. 0. 0. 0. 0. 0. 0. 0. 0. 0. 0. 1. 0. 1. 0. 0. 1.],5.0,1000,100,0.01,0.003,1,9,random,,random,single_objective
344,0.029040167400048732,0.08653969885214523,0.0034395000000000007,[0.         0.         0.         0.         0.10054628 0.         0.         0.         0.1        0.         0.         0.         0.         0.         0.         0.         0.         0.         0.         0.         0.         0.         0.         0.         0.         0.16976736 0.         0.1010415  0.         0.         0.1       ],[0. 0. 0. 0. 1. 0. 0. 0. 1. 0. 0. 0. 0. 0. 0. 0. 0. 0. 0. 0. 0. 0. 0. 0. 0. 1. 0. 1. 0. 0. 1.],5.0,1000,100,0.01,0.003,1,9,random,,random,single_objective
345,0.029040167400048732,0.08653969885214523,0.0034395000000000007,[0.         0.         0.         0.         0.10054628 0.         0.         0.         0.1        0.         0.         0.         0.         0.         0.         0.         0.         0.         0.         0.         0.         0.         0.         0.         0.         0.16976736 0.         0.1010415  0.         0.         0.1       ],[0. 0. 0. 0. 1. 0. 0. 0. 1. 0. 0. 0. 0. 0. 0. 0. 0. 0. 0. 0. 0. 0. 0. 0. 0. 1. 0. 1. 0. 0. 1.],5.0,1000,100,0.01,0.003,1,9,random,,random,single_objective
346,0.029040167400048732,0.08653969885214523,0.0034395000000000007,[0.         0.         0.         0.         0.10054628 0.         0.         0.         0.1        0.         0.         0.         0.         0.         0.         0.         0.         0.         0.         0.         0.         0.         0.         0.         0.         0.16976736 0.         0.1010415  0.         0.         0.1       ],[0. 0. 0. 0. 1. 0. 0. 0. 1. 0. 0. 0. 0. 0. 0. 0. 0. 0. 0. 0. 0. 0. 0. 0. 0. 1. 0. 1. 0. 0. 1.],5.0,1000,100,0.01,0.003,1,9,random,,random,single_objective
347,0.029040167400048732,0.08653969885214523,0.0034395000000000007,[0.         0.         0.         0.         0.10054628 0.         0.         0.         0.1        0.         0.         0.         0.         0.         0.         0.         0.         0.         0.         0.         0.         0.         0.         0.         0.         0.16976736 0.         0.1010415  0.         0.         0.1       ],[0. 0. 0. 0. 1. 0. 0. 0. 1. 0. 0. 0. 0. 0. 0. 0. 0. 0. 0. 0. 0. 0. 0. 0. 0. 1. 0. 1. 0. 0. 1.],5.0,1000,100,0.01,0.003,1,9,random,,random,single_objective
348,0.029040167400048732,0.08653969885214523,0.0034395000000000007,[0.         0.         0.         0.         0.10054628 0.         0.         0.         0.1        0.         0.         0.         0.         0.         0.         0.         0.         0.         0.         0.         0.         0.         0.         0.         0.         0.16976736 0.         0.1010415  0.         0.         0.1       ],[0. 0. 0. 0. 1. 0. 0. 0. 1. 0. 0. 0. 0. 0. 0. 0. 0. 0. 0. 0. 0. 0. 0. 0. 0. 1. 0. 1. 0. 0. 1.],5.0,1000,100,0.01,0.003,1,9,random,,random,single_objective
349,0.029040167400048732,0.08653969885214523,0.0034395000000000007,[0.         0.         0.         0.         0.10054628 0.         0.         0.         0.1        0.         0.         0.         0.         0.         0.         0.         0.         0.         0.         0.         0.         0.         0.         0.         0.         0.16976736 0.         0.1010415  0.         0.         0.1       ],[0. 0. 0. 0. 1. 0. 0. 0. 1. 0. 0. 0. 0. 0. 0. 0. 0. 0. 0. 0. 0. 0. 0. 0. 0. 1. 0. 1. 0. 0. 1.],5.0,1000,100,0.01,0.003,1,9,random,,random,single_objective
350,0.029040167400048732,0.08653969885214523,0.0034395000000000007,[0.         0.         0.         0.         0.10054628 0.         0.         0.         0.1        0.         0.         0.         0.         0.         0.         0.         0.         0.         0.         0.         0.         0.         0.         0.         0.         0.16976736 0.         0.1010415  0.         0.         0.1       ],[0. 0. 0. 0. 1. 0. 0. 0. 1. 0. 0. 0. 0. 0. 0. 0. 0. 0. 0. 0. 0. 0. 0. 0. 0. 1. 0. 1. 0. 0. 1.],5.0,1000,100,0.01,0.003,1,9,random,,random,single_objective
351,0.029040167400048732,0.08653969885214523,0.0034395000000000007,[0.         0.         0.         0.         0.10054628 0.         0.         0.         0.1        0.         0.         0.         0.         0.         0.         0.         0.         0.         0.         0.         0.         0.         0.         0.         0.         0.16976736 0.         0.1010415  0.         0.         0.1       ],[0. 0. 0. 0. 1. 0. 0. 0. 1. 0. 0. 0. 0. 0. 0. 0. 0. 0. 0. 0. 0. 0. 0. 0. 0. 1. 0. 1. 0. 0. 1.],5.0,1000,100,0.01,0.003,1,9,random,,random,single_objective
352,0.029040167400048732,0.08653969885214523,0.0034395000000000007,[0.         0.         0.         0.         0.10054628 0.         0.         0.         0.1        0.         0.         0.         0.         0.         0.         0.         0.         0.         0.         0.         0.         0.         0.         0.         0.         0.16976736 0.         0.1010415  0.         0.         0.1       ],[0. 0. 0. 0. 1. 0. 0. 0. 1. 0. 0. 0. 0. 0. 0. 0. 0. 0. 0. 0. 0. 0. 0. 0. 0. 1. 0. 1. 0. 0. 1.],5.0,1000,100,0.01,0.003,1,9,random,,random,single_objective
353,0.029040167400048732,0.08653969885214523,0.0034395000000000007,[0.         0.         0.         0.         0.10054628 0.         0.         0.         0.1        0.         0.         0.         0.         0.         0.         0.         0.         0.         0.         0.         0.         0.         0.         0.         0.         0.16976736 0.         0.1010415  0.         0.         0.1       ],[0. 0. 0. 0. 1. 0. 0. 0. 1. 0. 0. 0. 0. 0. 0. 0. 0. 0. 0. 0. 0. 0. 0. 0. 0. 1. 0. 1. 0. 0. 1.],5.0,1000,100,0.01,0.003,1,9,random,,random,single_objective
354,0.029040167400048732,0.08653969885214523,0.0034395000000000007,[0.         0.         0.         0.         0.10054628 0.         0.         0.         0.1        0.         0.         0.         0.         0.         0.         0.         0.         0.         0.         0.         0.         0.         0.         0.         0.         0.16976736 0.         0.1010415  0.         0.         0.1       ],[0. 0. 0. 0. 1. 0. 0. 0. 1. 0. 0. 0. 0. 0. 0. 0. 0. 0. 0. 0. 0. 0. 0. 0. 0. 1. 0. 1. 0. 0. 1.],5.0,1000,100,0.01,0.003,1,9,random,,random,single_objective
355,0.029040167400048732,0.08653969885214523,0.0034395000000000007,[0.         0.         0.         0.         0.10054628 0.         0.         0.         0.1        0.         0.         0.         0.         0.         0.         0.         0.         0.         0.         0.         0.         0.         0.         0.         0.         0.16976736 0.         0.1010415  0.         0.         0.1       ],[0. 0. 0. 0. 1. 0. 0. 0. 1. 0. 0. 0. 0. 0. 0. 0. 0. 0. 0. 0. 0. 0. 0. 0. 0. 1. 0. 1. 0. 0. 1.],5.0,1000,100,0.01,0.003,1,9,random,,random,single_objective
356,0.029040167400048732,0.08653969885214523,0.0034395000000000007,[0.         0.         0.         0.         0.10054628 0.         0.         0.         0.1        0.         0.         0.         0.         0.         0.         0.         0.         0.         0.         0.         0.         0.         0.         0.         0.         0.16976736 0.         0.1010415  0.         0.         0.1       ],[0. 0. 0. 0. 1. 0. 0. 0. 1. 0. 0. 0. 0. 0. 0. 0. 0. 0. 0. 0. 0. 0. 0. 0. 0. 1. 0. 1. 0. 0. 1.],5.0,1000,100,0.01,0.003,1,9,random,,random,single_objective
357,0.029040167400048732,0.08653969885214523,0.0034395000000000007,[0.         0.         0.         0.         0.10054628 0.         0.         0.         0.1        0.         0.         0.         0.         0.         0.         0.         0.         0.         0.         0.         0.         0.         0.         0.         0.         0.16976736 0.         0.1010415  0.         0.         0.1       ],[0. 0. 0. 0. 1. 0. 0. 0. 1. 0. 0. 0. 0. 0. 0. 0. 0. 0. 0. 0. 0. 0. 0. 0. 0. 1. 0. 1. 0. 0. 1.],5.0,1000,100,0.01,0.003,1,9,random,,random,single_objective
358,0.029040167400048732,0.08653969885214523,0.0034395000000000007,[0.         0.         0.         0.         0.10054628 0.         0.         0.         0.1        0.         0.         0.         0.         0.         0.         0.         0.         0.         0.         0.         0.         0.         0.         0.         0.         0.16976736 0.         0.1010415  0.         0.         0.1       ],[0. 0. 0. 0. 1. 0. 0. 0. 1. 0. 0. 0. 0. 0. 0. 0. 0. 0. 0. 0. 0. 0. 0. 0. 0. 1. 0. 1. 0. 0. 1.],5.0,1000,100,0.01,0.003,1,9,random,,random,single_objective
359,0.029040167400048732,0.08653969885214523,0.0034395000000000007,[0.         0.         0.         0.         0.10054628 0.         0.         0.         0.1        0.         0.         0.         0.         0.         0.         0.         0.         0.         0.         0.         0.         0.         0.         0.         0.         0.16976736 0.         0.1010415  0.         0.         0.1       ],[0. 0. 0. 0. 1. 0. 0. 0. 1. 0. 0. 0. 0. 0. 0. 0. 0. 0. 0. 0. 0. 0. 0. 0. 0. 1. 0. 1. 0. 0. 1.],5.0,1000,100,0.01,0.003,1,9,random,,random,single_objective
360,0.029040167400048732,0.08653969885214523,0.0034395000000000007,[0.         0.         0.         0.         0.10054628 0.         0.         0.         0.1        0.         0.         0.         0.         0.         0.         0.         0.         0.         0.         0.         0.         0.         0.         0.         0.         0.16976736 0.         0.1010415  0.         0.         0.1       ],[0. 0. 0. 0. 1. 0. 0. 0. 1. 0. 0. 0. 0. 0. 0. 0. 0. 0. 0. 0. 0. 0. 0. 0. 0. 1. 0. 1. 0. 0. 1.],5.0,1000,100,0.01,0.003,1,9,random,,random,single_objective
361,0.029040167400048732,0.08653969885214523,0.0034395000000000007,[0.         0.         0.         0.         0.10054628 0.         0.         0.         0.1        0.         0.         0.         0.         0.         0.         0.         0.         0.         0.         0.         0.         0.         0.         0.         0.         0.16976736 0.         0.1010415  0.         0.         0.1       ],[0. 0. 0. 0. 1. 0. 0. 0. 1. 0. 0. 0. 0. 0. 0. 0. 0. 0. 0. 0. 0. 0. 0. 0. 0. 1. 0. 1. 0. 0. 1.],5.0,1000,100,0.01,0.003,1,9,random,,random,single_objective
362,0.029040167400048732,0.08653969885214523,0.0034395000000000007,[0.         0.         0.         0.         0.10054628 0.         0.         0.         0.1        0.         0.         0.         0.         0.         0.         0.         0.         0.         0.         0.         0.         0.         0.         0.         0.         0.16976736 0.         0.1010415  0.         0.         0.1       ],[0. 0. 0. 0. 1. 0. 0. 0. 1. 0. 0. 0. 0. 0. 0. 0. 0. 0. 0. 0. 0. 0. 0. 0. 0. 1. 0. 1. 0. 0. 1.],5.0,1000,100,0.01,0.003,1,9,random,,random,single_objective
363,0.029040167400048732,0.08653969885214523,0.0034395000000000007,[0.         0.         0.         0.         0.10054628 0.         0.         0.         0.1        0.         0.         0.         0.         0.         0.         0.         0.         0.         0.         0.         0.         0.         0.         0.         0.         0.16976736 0.         0.1010415  0.         0.         0.1       ],[0. 0. 0. 0. 1. 0. 0. 0. 1. 0. 0. 0. 0. 0. 0. 0. 0. 0. 0. 0. 0. 0. 0. 0. 0. 1. 0. 1. 0. 0. 1.],5.0,1000,100,0.01,0.003,1,9,random,,random,single_objective
364,0.029040167400048732,0.08653969885214523,0.0034395000000000007,[0.         0.         0.         0.         0.10054628 0.         0.         0.         0.1        0.         0.         0.         0.         0.         0.         0.         0.         0.         0.         0.         0.         0.         0.         0.         0.         0.16976736 0.         0.1010415  0.         0.         0.1       ],[0. 0. 0. 0. 1. 0. 0. 0. 1. 0. 0. 0. 0. 0. 0. 0. 0. 0. 0. 0. 0. 0. 0. 0. 0. 1. 0. 1. 0. 0. 1.],5.0,1000,100,0.01,0.003,1,9,random,,random,single_objective
365,0.029040167400048732,0.08653969885214523,0.0034395000000000007,[0.         0.         0.         0.         0.10054628 0.         0.         0.         0.1        0.         0.         0.         0.         0.         0.         0.         0.         0.         0.         0.         0.         0.         0.         0.         0.         0.16976736 0.         0.1010415  0.         0.         0.1       ],[0. 0. 0. 0. 1. 0. 0. 0. 1. 0. 0. 0. 0. 0. 0. 0. 0. 0. 0. 0. 0. 0. 0. 0. 0. 1. 0. 1. 0. 0. 1.],5.0,1000,100,0.01,0.003,1,9,random,,random,single_objective
366,0.029040167400048732,0.08653969885214523,0.0034395000000000007,[0.         0.         0.         0.         0.10054628 0.         0.         0.         0.1        0.         0.         0.         0.         0.         0.         0.         0.         0.         0.         0.         0.         0.         0.         0.         0.         0.16976736 0.         0.1010415  0.         0.         0.1       ],[0. 0. 0. 0. 1. 0. 0. 0. 1. 0. 0. 0. 0. 0. 0. 0. 0. 0. 0. 0. 0. 0. 0. 0. 0. 1. 0. 1. 0. 0. 1.],5.0,1000,100,0.01,0.003,1,9,random,,random,single_objective
367,0.029040167400048732,0.08653969885214523,0.0034395000000000007,[0.         0.         0.         0.         0.10054628 0.         0.         0.         0.1        0.         0.         0.         0.         0.         0.         0.         0.         0.         0.         0.         0.         0.         0.         0.         0.         0.16976736 0.         0.1010415  0.         0.         0.1       ],[0. 0. 0. 0. 1. 0. 0. 0. 1. 0. 0. 0. 0. 0. 0. 0. 0. 0. 0. 0. 0. 0. 0. 0. 0. 1. 0. 1. 0. 0. 1.],5.0,1000,100,0.01,0.003,1,9,random,,random,single_objective
368,0.029040167400048732,0.08653969885214523,0.0034395000000000007,[0.         0.         0.         0.         0.10054628 0.         0.         0.         0.1        0.         0.         0.         0.         0.         0.         0.         0.         0.         0.         0.         0.         0.         0.         0.         0.         0.16976736 0.         0.1010415  0.         0.         0.1       ],[0. 0. 0. 0. 1. 0. 0. 0. 1. 0. 0. 0. 0. 0. 0. 0. 0. 0. 0. 0. 0. 0. 0. 0. 0. 1. 0. 1. 0. 0. 1.],5.0,1000,100,0.01,0.003,1,9,random,,random,single_objective
369,0.029040167400048732,0.08653969885214523,0.0034395000000000007,[0.         0.         0.         0.         0.10054628 0.         0.         0.         0.1        0.         0.         0.         0.         0.         0.         0.         0.         0.         0.         0.         0.         0.         0.         0.         0.         0.16976736 0.         0.1010415  0.         0.         0.1       ],[0. 0. 0. 0. 1. 0. 0. 0. 1. 0. 0. 0. 0. 0. 0. 0. 0. 0. 0. 0. 0. 0. 0. 0. 0. 1. 0. 1. 0. 0. 1.],5.0,1000,100,0.01,0.003,1,9,random,,random,single_objective
370,0.029040167400048732,0.08653969885214523,0.0034395000000000007,[0.         0.         0.         0.         0.10054628 0.         0.         0.         0.1        0.         0.         0.         0.         0.         0.         0.         0.         0.         0.         0.         0.         0.         0.         0.         0.         0.16976736 0.         0.1010415  0.         0.         0.1       ],[0. 0. 0. 0. 1. 0. 0. 0. 1. 0. 0. 0. 0. 0. 0. 0. 0. 0. 0. 0. 0. 0. 0. 0. 0. 1. 0. 1. 0. 0. 1.],5.0,1000,100,0.01,0.003,1,9,random,,random,single_objective
371,0.029040167400048732,0.08653969885214523,0.0034395000000000007,[0.         0.         0.         0.         0.10054628 0.         0.         0.         0.1        0.         0.         0.         0.         0.         0.         0.         0.         0.         0.         0.         0.         0.         0.         0.         0.         0.16976736 0.         0.1010415  0.         0.         0.1       ],[0. 0. 0. 0. 1. 0. 0. 0. 1. 0. 0. 0. 0. 0. 0. 0. 0. 0. 0. 0. 0. 0. 0. 0. 0. 1. 0. 1. 0. 0. 1.],5.0,1000,100,0.01,0.003,1,9,random,,random,single_objective
372,0.029040167400048732,0.08653969885214523,0.0034395000000000007,[0.         0.         0.         0.         0.10054628 0.         0.         0.         0.1        0.         0.         0.         0.         0.         0.         0.         0.         0.         0.         0.         0.         0.         0.         0.         0.         0.16976736 0.         0.1010415  0.         0.         0.1       ],[0. 0. 0. 0. 1. 0. 0. 0. 1. 0. 0. 0. 0. 0. 0. 0. 0. 0. 0. 0. 0. 0. 0. 0. 0. 1. 0. 1. 0. 0. 1.],5.0,1000,100,0.01,0.003,1,9,random,,random,single_objective
373,0.029040167400048732,0.08653969885214523,0.0034395000000000007,[0.         0.         0.         0.         0.10054628 0.         0.         0.         0.1        0.         0.         0.         0.         0.         0.         0.         0.         0.         0.         0.         0.         0.         0.         0.         0.         0.16976736 0.         0.1010415  0.         0.         0.1       ],[0. 0. 0. 0. 1. 0. 0. 0. 1. 0. 0. 0. 0. 0. 0. 0. 0. 0. 0. 0. 0. 0. 0. 0. 0. 1. 0. 1. 0. 0. 1.],5.0,1000,100,0.01,0.003,1,9,random,,random,single_objective
374,0.029040167400048732,0.08653969885214523,0.0034395000000000007,[0.         0.         0.         0.         0.10054628 0.         0.         0.         0.1        0.         0.         0.         0.         0.         0.         0.         0.         0.         0.         0.         0.         0.         0.         0.         0.         0.16976736 0.         0.1010415  0.         0.         0.1       ],[0. 0. 0. 0. 1. 0. 0. 0. 1. 0. 0. 0. 0. 0. 0. 0. 0. 0. 0. 0. 0. 0. 0. 0. 0. 1. 0. 1. 0. 0. 1.],5.0,1000,100,0.01,0.003,1,9,random,,random,single_objective
375,0.029040167400048732,0.08653969885214523,0.0034395000000000007,[0.         0.         0.         0.         0.10054628 0.         0.         0.         0.1        0.         0.         0.         0.         0.         0.         0.         0.         0.         0.         0.         0.         0.         0.         0.         0.         0.16976736 0.         0.1010415  0.         0.         0.1       ],[0. 0. 0. 0. 1. 0. 0. 0. 1. 0. 0. 0. 0. 0. 0. 0. 0. 0. 0. 0. 0. 0. 0. 0. 0. 1. 0. 1. 0. 0. 1.],5.0,1000,100,0.01,0.003,1,9,random,,random,single_objective
376,0.029040167400048732,0.08653969885214523,0.0034395000000000007,[0.         0.         0.         0.         0.10054628 0.         0.         0.         0.1        0.         0.         0.         0.         0.         0.         0.         0.         0.         0.         0.         0.         0.         0.         0.         0.         0.16976736 0.         0.1010415  0.         0.         0.1       ],[0. 0. 0. 0. 1. 0. 0. 0. 1. 0. 0. 0. 0. 0. 0. 0. 0. 0. 0. 0. 0. 0. 0. 0. 0. 1. 0. 1. 0. 0. 1.],5.0,1000,100,0.01,0.003,1,9,random,,random,single_objective
377,0.029040167400048732,0.08653969885214523,0.0034395000000000007,[0.         0.         0.         0.         0.10054628 0.         0.         0.         0.1        0.         0.         0.         0.         0.         0.         0.         0.         0.         0.         0.         0.         0.         0.         0.         0.         0.16976736 0.         0.1010415  0.         0.         0.1       ],[0. 0. 0. 0. 1. 0. 0. 0. 1. 0. 0. 0. 0. 0. 0. 0. 0. 0. 0. 0. 0. 0. 0. 0. 0. 1. 0. 1. 0. 0. 1.],5.0,1000,100,0.01,0.003,1,9,random,,random,single_objective
378,0.029040167400048732,0.08653969885214523,0.0034395000000000007,[0.         0.         0.         0.         0.10054628 0.         0.         0.         0.1        0.         0.         0.         0.         0.         0.         0.         0.         0.         0.         0.         0.         0.         0.         0.         0.         0.16976736 0.         0.1010415  0.         0.         0.1       ],[0. 0. 0. 0. 1. 0. 0. 0. 1. 0. 0. 0. 0. 0. 0. 0. 0. 0. 0. 0. 0. 0. 0. 0. 0. 1. 0. 1. 0. 0. 1.],5.0,1000,100,0.01,0.003,1,9,random,,random,single_objective
379,0.029040167400048732,0.08653969885214523,0.0034395000000000007,[0.         0.         0.         0.         0.10054628 0.         0.         0.         0.1        0.         0.         0.         0.         0.         0.         0.         0.         0.         0.         0.         0.         0.         0.         0.         0.         0.16976736 0.         0.1010415  0.         0.         0.1       ],[0. 0. 0. 0. 1. 0. 0. 0. 1. 0. 0. 0. 0. 0. 0. 0. 0. 0. 0. 0. 0. 0. 0. 0. 0. 1. 0. 1. 0. 0. 1.],5.0,1000,100,0.01,0.003,1,9,random,,random,single_objective
380,0.029040167400048732,0.08653969885214523,0.0034395000000000007,[0.         0.         0.         0.         0.10054628 0.         0.         0.         0.1        0.         0.         0.         0.         0.         0.         0.         0.         0.         0.         0.         0.         0.         0.         0.         0.         0.16976736 0.         0.1010415  0.         0.         0.1       ],[0. 0. 0. 0. 1. 0. 0. 0. 1. 0. 0. 0. 0. 0. 0. 0. 0. 0. 0. 0. 0. 0. 0. 0. 0. 1. 0. 1. 0. 0. 1.],5.0,1000,100,0.01,0.003,1,9,random,,random,single_objective
381,0.029040167400048732,0.08653969885214523,0.0034395000000000007,[0.         0.         0.         0.         0.10054628 0.         0.         0.         0.1        0.         0.         0.         0.         0.         0.         0.         0.         0.         0.         0.         0.         0.         0.         0.         0.         0.16976736 0.         0.1010415  0.         0.         0.1       ],[0. 0. 0. 0. 1. 0. 0. 0. 1. 0. 0. 0. 0. 0. 0. 0. 0. 0. 0. 0. 0. 0. 0. 0. 0. 1. 0. 1. 0. 0. 1.],5.0,1000,100,0.01,0.003,1,9,random,,random,single_objective
382,0.029040167400048732,0.08653969885214523,0.0034395000000000007,[0.         0.         0.         0.         0.10054628 0.         0.         0.         0.1        0.         0.         0.         0.         0.         0.         0.         0.         0.         0.         0.         0.         0.         0.         0.         0.         0.16976736 0.         0.1010415  0.         0.         0.1       ],[0. 0. 0. 0. 1. 0. 0. 0. 1. 0. 0. 0. 0. 0. 0. 0. 0. 0. 0. 0. 0. 0. 0. 0. 0. 1. 0. 1. 0. 0. 1.],5.0,1000,100,0.01,0.003,1,9,random,,random,single_objective
383,0.029040167400048732,0.08653969885214523,0.0034395000000000007,[0.         0.         0.         0.         0.10054628 0.         0.         0.         0.1        0.         0.         0.         0.         0.         0.         0.         0.         0.         0.         0.         0.         0.         0.         0.         0.         0.16976736 0.         0.1010415  0.         0.         0.1       ],[0. 0. 0. 0. 1. 0. 0. 0. 1. 0. 0. 0. 0. 0. 0. 0. 0. 0. 0. 0. 0. 0. 0. 0. 0. 1. 0. 1. 0. 0. 1.],5.0,1000,100,0.01,0.003,1,9,random,,random,single_objective
384,0.029040167400048732,0.08653969885214523,0.0034395000000000007,[0.         0.         0.         0.         0.10054628 0.         0.         0.         0.1        0.         0.         0.         0.         0.         0.         0.         0.         0.         0.         0.         0.         0.         0.         0.         0.         0.16976736 0.         0.1010415  0.         0.         0.1       ],[0. 0. 0. 0. 1. 0. 0. 0. 1. 0. 0. 0. 0. 0. 0. 0. 0. 0. 0. 0. 0. 0. 0. 0. 0. 1. 0. 1. 0. 0. 1.],5.0,1000,100,0.01,0.003,1,9,random,,random,single_objective
385,0.029040167400048732,0.08653969885214523,0.0034395000000000007,[0.         0.         0.         0.         0.10054628 0.         0.         0.         0.1        0.         0.         0.         0.         0.         0.         0.         0.         0.         0.         0.         0.         0.         0.         0.         0.         0.16976736 0.         0.1010415  0.         0.         0.1       ],[0. 0. 0. 0. 1. 0. 0. 0. 1. 0. 0. 0. 0. 0. 0. 0. 0. 0. 0. 0. 0. 0. 0. 0. 0. 1. 0. 1. 0. 0. 1.],5.0,1000,100,0.01,0.003,1,9,random,,random,single_objective
386,0.029040167400048732,0.08653969885214523,0.0034395000000000007,[0.         0.         0.         0.         0.10054628 0.         0.         0.         0.1        0.         0.         0.         0.         0.         0.         0.         0.         0.         0.         0.         0.         0.         0.         0.         0.         0.16976736 0.         0.1010415  0.         0.         0.1       ],[0. 0. 0. 0. 1. 0. 0. 0. 1. 0. 0. 0. 0. 0. 0. 0. 0. 0. 0. 0. 0. 0. 0. 0. 0. 1. 0. 1. 0. 0. 1.],5.0,1000,100,0.01,0.003,1,9,random,,random,single_objective
387,0.029040167400048732,0.08653969885214523,0.0034395000000000007,[0.         0.         0.         0.         0.10054628 0.         0.         0.         0.1        0.         0.         0.         0.         0.         0.         0.         0.         0.         0.         0.         0.         0.         0.         0.         0.         0.16976736 0.         0.1010415  0.         0.         0.1       ],[0. 0. 0. 0. 1. 0. 0. 0. 1. 0. 0. 0. 0. 0. 0. 0. 0. 0. 0. 0. 0. 0. 0. 0. 0. 1. 0. 1. 0. 0. 1.],5.0,1000,100,0.01,0.003,1,9,random,,random,single_objective
388,0.029040167400048732,0.08653969885214523,0.0034395000000000007,[0.         0.         0.         0.         0.10054628 0.         0.         0.         0.1        0.         0.         0.         0.         0.         0.         0.         0.         0.         0.         0.         0.         0.         0.         0.         0.         0.16976736 0.         0.1010415  0.         0.         0.1       ],[0. 0. 0. 0. 1. 0. 0. 0. 1. 0. 0. 0. 0. 0. 0. 0. 0. 0. 0. 0. 0. 0. 0. 0. 0. 1. 0. 1. 0. 0. 1.],5.0,1000,100,0.01,0.003,1,9,random,,random,single_objective
389,0.029040167400048732,0.08653969885214523,0.0034395000000000007,[0.         0.         0.         0.         0.10054628 0.         0.         0.         0.1        0.         0.         0.         0.         0.         0.         0.         0.         0.         0.         0.         0.         0.         0.         0.         0.         0.16976736 0.         0.1010415  0.         0.         0.1       ],[0. 0. 0. 0. 1. 0. 0. 0. 1. 0. 0. 0. 0. 0. 0. 0. 0. 0. 0. 0. 0. 0. 0. 0. 0. 1. 0. 1. 0. 0. 1.],5.0,1000,100,0.01,0.003,1,9,random,,random,single_objective
390,0.029040167400048732,0.08653969885214523,0.0034395000000000007,[0.         0.         0.         0.         0.10054628 0.         0.         0.         0.1        0.         0.         0.         0.         0.         0.         0.         0.         0.         0.         0.         0.         0.         0.         0.         0.         0.16976736 0.         0.1010415  0.         0.         0.1       ],[0. 0. 0. 0. 1. 0. 0. 0. 1. 0. 0. 0. 0. 0. 0. 0. 0. 0. 0. 0. 0. 0. 0. 0. 0. 1. 0. 1. 0. 0. 1.],5.0,1000,100,0.01,0.003,1,9,random,,random,single_objective
391,0.029040167400048732,0.08653969885214523,0.0034395000000000007,[0.         0.         0.         0.         0.10054628 0.         0.         0.         0.1        0.         0.         0.         0.         0.         0.         0.         0.         0.         0.         0.         0.         0.         0.         0.         0.         0.16976736 0.         0.1010415  0.         0.         0.1       ],[0. 0. 0. 0. 1. 0. 0. 0. 1. 0. 0. 0. 0. 0. 0. 0. 0. 0. 0. 0. 0. 0. 0. 0. 0. 1. 0. 1. 0. 0. 1.],5.0,1000,100,0.01,0.003,1,9,random,,random,single_objective
392,0.029040167400048732,0.08653969885214523,0.0034395000000000007,[0.         0.         0.         0.         0.10054628 0.         0.         0.         0.1        0.         0.         0.         0.         0.         0.         0.         0.         0.         0.         0.         0.         0.         0.         0.         0.         0.16976736 0.         0.1010415  0.         0.         0.1       ],[0. 0. 0. 0. 1. 0. 0. 0. 1. 0. 0. 0. 0. 0. 0. 0. 0. 0. 0. 0. 0. 0. 0. 0. 0. 1. 0. 1. 0. 0. 1.],5.0,1000,100,0.01,0.003,1,9,random,,random,single_objective
393,0.029040167400048732,0.08653969885214523,0.0034395000000000007,[0.         0.         0.         0.         0.10054628 0.         0.         0.         0.1        0.         0.         0.         0.         0.         0.         0.         0.         0.         0.         0.         0.         0.         0.         0.         0.         0.16976736 0.         0.1010415  0.         0.         0.1       ],[0. 0. 0. 0. 1. 0. 0. 0. 1. 0. 0. 0. 0. 0. 0. 0. 0. 0. 0. 0. 0. 0. 0. 0. 0. 1. 0. 1. 0. 0. 1.],5.0,1000,100,0.01,0.003,1,9,random,,random,single_objective
394,0.029040167400048732,0.08653969885214523,0.0034395000000000007,[0.         0.         0.         0.         0.10054628 0.         0.         0.         0.1        0.         0.         0.         0.         0.         0.         0.         0.         0.         0.         0.         0.         0.         0.         0.         0.         0.16976736 0.         0.1010415  0.         0.         0.1       ],[0. 0. 0. 0. 1. 0. 0. 0. 1. 0. 0. 0. 0. 0. 0. 0. 0. 0. 0. 0. 0. 0. 0. 0. 0. 1. 0. 1. 0. 0. 1.],5.0,1000,100,0.01,0.003,1,9,random,,random,single_objective
395,0.029040167400048732,0.08653969885214523,0.0034395000000000007,[0.         0.         0.         0.         0.10054628 0.         0.         0.         0.1        0.         0.         0.         0.         0.         0.         0.         0.         0.         0.         0.         0.         0.         0.         0.         0.         0.16976736 0.         0.1010415  0.         0.         0.1       ],[0. 0. 0. 0. 1. 0. 0. 0. 1. 0. 0. 0. 0. 0. 0. 0. 0. 0. 0. 0. 0. 0. 0. 0. 0. 1. 0. 1. 0. 0. 1.],5.0,1000,100,0.01,0.003,1,9,random,,random,single_objective
396,0.029040167400048732,0.08653969885214523,0.0034395000000000007,[0.         0.         0.         0.         0.10054628 0.         0.         0.         0.1        0.         0.         0.         0.         0.         0.         0.         0.         0.         0.         0.         0.         0.         0.         0.         0.         0.16976736 0.         0.1010415  0.         0.         0.1       ],[0. 0. 0. 0. 1. 0. 0. 0. 1. 0. 0. 0. 0. 0. 0. 0. 0. 0. 0. 0. 0. 0. 0. 0. 0. 1. 0. 1. 0. 0. 1.],5.0,1000,100,0.01,0.003,1,9,random,,random,single_objective
397,0.029040167400048732,0.08653969885214523,0.0034395000000000007,[0.         0.         0.         0.         0.10054628 0.         0.         0.         0.1        0.         0.         0.         0.         0.         0.         0.         0.         0.         0.         0.         0.         0.         0.         0.         0.         0.16976736 0.         0.1010415  0.         0.         0.1       ],[0. 0. 0. 0. 1. 0. 0. 0. 1. 0. 0. 0. 0. 0. 0. 0. 0. 0. 0. 0. 0. 0. 0. 0. 0. 1. 0. 1. 0. 0. 1.],5.0,1000,100,0.01,0.003,1,9,random,,random,single_objective
398,0.029040167400048732,0.08653969885214523,0.0034395000000000007,[0.         0.         0.         0.         0.10054628 0.         0.         0.         0.1        0.         0.         0.         0.         0.         0.         0.         0.         0.         0.         0.         0.         0.         0.         0.         0.         0.16976736 0.         0.1010415  0.         0.         0.1       ],[0. 0. 0. 0. 1. 0. 0. 0. 1. 0. 0. 0. 0. 0. 0. 0. 0. 0. 0. 0. 0. 0. 0. 0. 0. 1. 0. 1. 0. 0. 1.],5.0,1000,100,0.01,0.003,1,9,random,,random,single_objective
399,0.029040167400048732,0.08653969885214523,0.0034395000000000007,[0.         0.         0.         0.         0.10054628 0.         0.         0.         0.1        0.         0.         0.         0.         0.         0.         0.         0.         0.         0.         0.         0.         0.         0.         0.         0.         0.16976736 0.         0.1010415  0.         0.         0.1       ],[0. 0. 0. 0. 1. 0. 0. 0. 1. 0. 0. 0. 0. 0. 0. 0. 0. 0. 0. 0. 0. 0. 0. 0. 0. 1. 0. 1. 0. 0. 1.],5.0,1000,100,0.01,0.003,1,9,random,,random,single_objective
400,0.029040167400048732,0.08653969885214523,0.0034395000000000007,[0.         0.         0.         0.         0.10054628 0.         0.         0.         0.1        0.         0.         0.         0.         0.         0.         0.         0.         0.         0.         0.         0.         0.         0.         0.         0.         0.16976736 0.         0.1010415  0.         0.         0.1       ],[0. 0. 0. 0. 1. 0. 0. 0. 1. 0. 0. 0. 0. 0. 0. 0. 0. 0. 0. 0. 0. 0. 0. 0. 0. 1. 0. 1. 0. 0. 1.],5.0,1000,100,0.01,0.003,1,9,random,,random,single_objective
401,0.029040167400048732,0.08653969885214523,0.0034395000000000007,[0.         0.         0.         0.         0.10054628 0.         0.         0.         0.1        0.         0.         0.         0.         0.         0.         0.         0.         0.         0.         0.         0.         0.         0.         0.         0.         0.16976736 0.         0.1010415  0.         0.         0.1       ],[0. 0. 0. 0. 1. 0. 0. 0. 1. 0. 0. 0. 0. 0. 0. 0. 0. 0. 0. 0. 0. 0. 0. 0. 0. 1. 0. 1. 0. 0. 1.],5.0,1000,100,0.01,0.003,1,9,random,,random,single_objective
402,0.029040167400048732,0.08653969885214523,0.0034395000000000007,[0.         0.         0.         0.         0.10054628 0.         0.         0.         0.1        0.         0.         0.         0.         0.         0.         0.         0.         0.         0.         0.         0.         0.         0.         0.         0.         0.16976736 0.         0.1010415  0.         0.         0.1       ],[0. 0. 0. 0. 1. 0. 0. 0. 1. 0. 0. 0. 0. 0. 0. 0. 0. 0. 0. 0. 0. 0. 0. 0. 0. 1. 0. 1. 0. 0. 1.],5.0,1000,100,0.01,0.003,1,9,random,,random,single_objective
403,0.029040167400048732,0.08653969885214523,0.0034395000000000007,[0.         0.         0.         0.         0.10054628 0.         0.         0.         0.1        0.         0.         0.         0.         0.         0.         0.         0.         0.         0.         0.         0.         0.         0.         0.         0.         0.16976736 0.         0.1010415  0.         0.         0.1       ],[0. 0. 0. 0. 1. 0. 0. 0. 1. 0. 0. 0. 0. 0. 0. 0. 0. 0. 0. 0. 0. 0. 0. 0. 0. 1. 0. 1. 0. 0. 1.],5.0,1000,100,0.01,0.003,1,9,random,,random,single_objective
404,0.029040167400048732,0.08653969885214523,0.0034395000000000007,[0.         0.         0.         0.         0.10054628 0.         0.         0.         0.1        0.         0.         0.         0.         0.         0.         0.         0.         0.         0.         0.         0.         0.         0.         0.         0.         0.16976736 0.         0.1010415  0.         0.         0.1       ],[0. 0. 0. 0. 1. 0. 0. 0. 1. 0. 0. 0. 0. 0. 0. 0. 0. 0. 0. 0. 0. 0. 0. 0. 0. 1. 0. 1. 0. 0. 1.],5.0,1000,100,0.01,0.003,1,9,random,,random,single_objective
405,0.029040167400048732,0.08653969885214523,0.0034395000000000007,[0.         0.         0.         0.         0.10054628 0.         0.         0.         0.1        0.         0.         0.         0.         0.         0.         0.         0.         0.         0.         0.         0.         0.         0.         0.         0.         0.16976736 0.         0.1010415  0.         0.         0.1       ],[0. 0. 0. 0. 1. 0. 0. 0. 1. 0. 0. 0. 0. 0. 0. 0. 0. 0. 0. 0. 0. 0. 0. 0. 0. 1. 0. 1. 0. 0. 1.],5.0,1000,100,0.01,0.003,1,9,random,,random,single_objective
406,0.029040167400048732,0.08653969885214523,0.0034395000000000007,[0.         0.         0.         0.         0.10054628 0.         0.         0.         0.1        0.         0.         0.         0.         0.         0.         0.         0.         0.         0.         0.         0.         0.         0.         0.         0.         0.16976736 0.         0.1010415  0.         0.         0.1       ],[0. 0. 0. 0. 1. 0. 0. 0. 1. 0. 0. 0. 0. 0. 0. 0. 0. 0. 0. 0. 0. 0. 0. 0. 0. 1. 0. 1. 0. 0. 1.],5.0,1000,100,0.01,0.003,1,9,random,,random,single_objective
407,0.029040167400048732,0.08653969885214523,0.0034395000000000007,[0.         0.         0.         0.         0.10054628 0.         0.         0.         0.1        0.         0.         0.         0.         0.         0.         0.         0.         0.         0.         0.         0.         0.         0.         0.         0.         0.16976736 0.         0.1010415  0.         0.         0.1       ],[0. 0. 0. 0. 1. 0. 0. 0. 1. 0. 0. 0. 0. 0. 0. 0. 0. 0. 0. 0. 0. 0. 0. 0. 0. 1. 0. 1. 0. 0. 1.],5.0,1000,100,0.01,0.003,1,9,random,,random,single_objective
408,0.029040167400048732,0.08653969885214523,0.0034395000000000007,[0.         0.         0.         0.         0.10054628 0.         0.         0.         0.1        0.         0.         0.         0.         0.         0.         0.         0.         0.         0.         0.         0.         0.         0.         0.         0.         0.16976736 0.         0.1010415  0.         0.         0.1       ],[0. 0. 0. 0. 1. 0. 0. 0. 1. 0. 0. 0. 0. 0. 0. 0. 0. 0. 0. 0. 0. 0. 0. 0. 0. 1. 0. 1. 0. 0. 1.],5.0,1000,100,0.01,0.003,1,9,random,,random,single_objective
409,0.029040167400048732,0.08653969885214523,0.0034395000000000007,[0.         0.         0.         0.         0.10054628 0.         0.         0.         0.1        0.         0.         0.         0.         0.         0.         0.         0.         0.         0.         0.         0.         0.         0.         0.         0.         0.16976736 0.         0.1010415  0.         0.         0.1       ],[0. 0. 0. 0. 1. 0. 0. 0. 1. 0. 0. 0. 0. 0. 0. 0. 0. 0. 0. 0. 0. 0. 0. 0. 0. 1. 0. 1. 0. 0. 1.],5.0,1000,100,0.01,0.003,1,9,random,,random,single_objective
410,0.029040167400048732,0.08653969885214523,0.0034395000000000007,[0.         0.         0.         0.         0.10054628 0.         0.         0.         0.1        0.         0.         0.         0.         0.         0.         0.         0.         0.         0.         0.         0.         0.         0.         0.         0.         0.16976736 0.         0.1010415  0.         0.         0.1       ],[0. 0. 0. 0. 1. 0. 0. 0. 1. 0. 0. 0. 0. 0. 0. 0. 0. 0. 0. 0. 0. 0. 0. 0. 0. 1. 0. 1. 0. 0. 1.],5.0,1000,100,0.01,0.003,1,9,random,,random,single_objective
411,0.029040167400048732,0.08653969885214523,0.0034395000000000007,[0.         0.         0.         0.         0.10054628 0.         0.         0.         0.1        0.         0.         0.         0.         0.         0.         0.         0.         0.         0.         0.         0.         0.         0.         0.         0.         0.16976736 0.         0.1010415  0.         0.         0.1       ],[0. 0. 0. 0. 1. 0. 0. 0. 1. 0. 0. 0. 0. 0. 0. 0. 0. 0. 0. 0. 0. 0. 0. 0. 0. 1. 0. 1. 0. 0. 1.],5.0,1000,100,0.01,0.003,1,9,random,,random,single_objective
412,0.029040167400048732,0.08653969885214523,0.0034395000000000007,[0.         0.         0.         0.         0.10054628 0.         0.         0.         0.1        0.         0.         0.         0.         0.         0.         0.         0.         0.         0.         0.         0.         0.         0.         0.         0.         0.16976736 0.         0.1010415  0.         0.         0.1       ],[0. 0. 0. 0. 1. 0. 0. 0. 1. 0. 0. 0. 0. 0. 0. 0. 0. 0. 0. 0. 0. 0. 0. 0. 0. 1. 0. 1. 0. 0. 1.],5.0,1000,100,0.01,0.003,1,9,random,,random,single_objective
413,0.029040167400048732,0.08653969885214523,0.0034395000000000007,[0.         0.         0.         0.         0.10054628 0.         0.         0.         0.1        0.         0.         0.         0.         0.         0.         0.         0.         0.         0.         0.         0.         0.         0.         0.         0.         0.16976736 0.         0.1010415  0.         0.         0.1       ],[0. 0. 0. 0. 1. 0. 0. 0. 1. 0. 0. 0. 0. 0. 0. 0. 0. 0. 0. 0. 0. 0. 0. 0. 0. 1. 0. 1. 0. 0. 1.],5.0,1000,100,0.01,0.003,1,9,random,,random,single_objective
414,0.029040167400048732,0.08653969885214523,0.0034395000000000007,[0.         0.         0.         0.         0.10054628 0.         0.         0.         0.1        0.         0.         0.         0.         0.         0.         0.         0.         0.         0.         0.         0.         0.         0.         0.         0.         0.16976736 0.         0.1010415  0.         0.         0.1       ],[0. 0. 0. 0. 1. 0. 0. 0. 1. 0. 0. 0. 0. 0. 0. 0. 0. 0. 0. 0. 0. 0. 0. 0. 0. 1. 0. 1. 0. 0. 1.],5.0,1000,100,0.01,0.003,1,9,random,,random,single_objective
415,0.029040167400048732,0.08653969885214523,0.0034395000000000007,[0.         0.         0.         0.         0.10054628 0.         0.         0.         0.1        0.         0.         0.         0.         0.         0.         0.         0.         0.         0.         0.         0.         0.         0.         0.         0.         0.16976736 0.         0.1010415  0.         0.         0.1       ],[0. 0. 0. 0. 1. 0. 0. 0. 1. 0. 0. 0. 0. 0. 0. 0. 0. 0. 0. 0. 0. 0. 0. 0. 0. 1. 0. 1. 0. 0. 1.],5.0,1000,100,0.01,0.003,1,9,random,,random,single_objective
416,0.029040167400048732,0.08653969885214523,0.0034395000000000007,[0.         0.         0.         0.         0.10054628 0.         0.         0.         0.1        0.         0.         0.         0.         0.         0.         0.         0.         0.         0.         0.         0.         0.         0.         0.         0.         0.16976736 0.         0.1010415  0.         0.         0.1       ],[0. 0. 0. 0. 1. 0. 0. 0. 1. 0. 0. 0. 0. 0. 0. 0. 0. 0. 0. 0. 0. 0. 0. 0. 0. 1. 0. 1. 0. 0. 1.],5.0,1000,100,0.01,0.003,1,9,random,,random,single_objective
417,0.029040167400048732,0.08653969885214523,0.0034395000000000007,[0.         0.         0.         0.         0.10054628 0.         0.         0.         0.1        0.         0.         0.         0.         0.         0.         0.         0.         0.         0.         0.         0.         0.         0.         0.         0.         0.16976736 0.         0.1010415  0.         0.         0.1       ],[0. 0. 0. 0. 1. 0. 0. 0. 1. 0. 0. 0. 0. 0. 0. 0. 0. 0. 0. 0. 0. 0. 0. 0. 0. 1. 0. 1. 0. 0. 1.],5.0,1000,100,0.01,0.003,1,9,random,,random,single_objective
418,0.029040167400048732,0.08653969885214523,0.0034395000000000007,[0.         0.         0.         0.         0.10054628 0.         0.         0.         0.1        0.         0.         0.         0.         0.         0.         0.         0.         0.         0.         0.         0.         0.         0.         0.         0.         0.16976736 0.         0.1010415  0.         0.         0.1       ],[0. 0. 0. 0. 1. 0. 0. 0. 1. 0. 0. 0. 0. 0. 0. 0. 0. 0. 0. 0. 0. 0. 0. 0. 0. 1. 0. 1. 0. 0. 1.],5.0,1000,100,0.01,0.003,1,9,random,,random,single_objective
419,0.029040167400048732,0.08653969885214523,0.0034395000000000007,[0.         0.         0.         0.         0.10054628 0.         0.         0.         0.1        0.         0.         0.         0.         0.         0.         0.         0.         0.         0.         0.         0.         0.         0.         0.         0.         0.16976736 0.         0.1010415  0.         0.         0.1       ],[0. 0. 0. 0. 1. 0. 0. 0. 1. 0. 0. 0. 0. 0. 0. 0. 0. 0. 0. 0. 0. 0. 0. 0. 0. 1. 0. 1. 0. 0. 1.],5.0,1000,100,0.01,0.003,1,9,random,,random,single_objective
420,0.029040167400048732,0.08653969885214523,0.0034395000000000007,[0.         0.         0.         0.         0.10054628 0.         0.         0.         0.1        0.         0.         0.         0.         0.         0.         0.         0.         0.         0.         0.         0.         0.         0.         0.         0.         0.16976736 0.         0.1010415  0.         0.         0.1       ],[0. 0. 0. 0. 1. 0. 0. 0. 1. 0. 0. 0. 0. 0. 0. 0. 0. 0. 0. 0. 0. 0. 0. 0. 0. 1. 0. 1. 0. 0. 1.],5.0,1000,100,0.01,0.003,1,9,random,,random,single_objective
421,0.029040167400048732,0.08653969885214523,0.0034395000000000007,[0.         0.         0.         0.         0.10054628 0.         0.         0.         0.1        0.         0.         0.         0.         0.         0.         0.         0.         0.         0.         0.         0.         0.         0.         0.         0.         0.16976736 0.         0.1010415  0.         0.         0.1       ],[0. 0. 0. 0. 1. 0. 0. 0. 1. 0. 0. 0. 0. 0. 0. 0. 0. 0. 0. 0. 0. 0. 0. 0. 0. 1. 0. 1. 0. 0. 1.],5.0,1000,100,0.01,0.003,1,9,random,,random,single_objective
422,0.029040167400048732,0.08653969885214523,0.0034395000000000007,[0.         0.         0.         0.         0.10054628 0.         0.         0.         0.1        0.         0.         0.         0.         0.         0.         0.         0.         0.         0.         0.         0.         0.         0.         0.         0.         0.16976736 0.         0.1010415  0.         0.         0.1       ],[0. 0. 0. 0. 1. 0. 0. 0. 1. 0. 0. 0. 0. 0. 0. 0. 0. 0. 0. 0. 0. 0. 0. 0. 0. 1. 0. 1. 0. 0. 1.],5.0,1000,100,0.01,0.003,1,9,random,,random,single_objective
423,0.029040167400048732,0.08653969885214523,0.0034395000000000007,[0.         0.         0.         0.         0.10054628 0.         0.         0.         0.1        0.         0.         0.         0.         0.         0.         0.         0.         0.         0.         0.         0.         0.         0.         0.         0.         0.16976736 0.         0.1010415  0.         0.         0.1       ],[0. 0. 0. 0. 1. 0. 0. 0. 1. 0. 0. 0. 0. 0. 0. 0. 0. 0. 0. 0. 0. 0. 0. 0. 0. 1. 0. 1. 0. 0. 1.],5.0,1000,100,0.01,0.003,1,9,random,,random,single_objective
424,0.029040167400048732,0.08653969885214523,0.0034395000000000007,[0.         0.         0.         0.         0.10054628 0.         0.         0.         0.1        0.         0.         0.         0.         0.         0.         0.         0.         0.         0.         0.         0.         0.         0.         0.         0.         0.16976736 0.         0.1010415  0.         0.         0.1       ],[0. 0. 0. 0. 1. 0. 0. 0. 1. 0. 0. 0. 0. 0. 0. 0. 0. 0. 0. 0. 0. 0. 0. 0. 0. 1. 0. 1. 0. 0. 1.],5.0,1000,100,0.01,0.003,1,9,random,,random,single_objective
425,0.029040167400048732,0.08653969885214523,0.0034395000000000007,[0.         0.         0.         0.         0.10054628 0.         0.         0.         0.1        0.         0.         0.         0.         0.         0.         0.         0.         0.         0.         0.         0.         0.         0.         0.         0.         0.16976736 0.         0.1010415  0.         0.         0.1       ],[0. 0. 0. 0. 1. 0. 0. 0. 1. 0. 0. 0. 0. 0. 0. 0. 0. 0. 0. 0. 0. 0. 0. 0. 0. 1. 0. 1. 0. 0. 1.],5.0,1000,100,0.01,0.003,1,9,random,,random,single_objective
426,0.029040167400048732,0.08653969885214523,0.0034395000000000007,[0.         0.         0.         0.         0.10054628 0.         0.         0.         0.1        0.         0.         0.         0.         0.         0.         0.         0.         0.         0.         0.         0.         0.         0.         0.         0.         0.16976736 0.         0.1010415  0.         0.         0.1       ],[0. 0. 0. 0. 1. 0. 0. 0. 1. 0. 0. 0. 0. 0. 0. 0. 0. 0. 0. 0. 0. 0. 0. 0. 0. 1. 0. 1. 0. 0. 1.],5.0,1000,100,0.01,0.003,1,9,random,,random,single_objective
427,0.029040167400048732,0.08653969885214523,0.0034395000000000007,[0.         0.         0.         0.         0.10054628 0.         0.         0.         0.1        0.         0.         0.         0.         0.         0.         0.         0.         0.         0.         0.         0.         0.         0.         0.         0.         0.16976736 0.         0.1010415  0.         0.         0.1       ],[0. 0. 0. 0. 1. 0. 0. 0. 1. 0. 0. 0. 0. 0. 0. 0. 0. 0. 0. 0. 0. 0. 0. 0. 0. 1. 0. 1. 0. 0. 1.],5.0,1000,100,0.01,0.003,1,9,random,,random,single_objective
428,0.029040167400048732,0.08653969885214523,0.0034395000000000007,[0.         0.         0.         0.         0.10054628 0.         0.         0.         0.1        0.         0.         0.         0.         0.         0.         0.         0.         0.         0.         0.         0.         0.         0.         0.         0.         0.16976736 0.         0.1010415  0.         0.         0.1       ],[0. 0. 0. 0. 1. 0. 0. 0. 1. 0. 0. 0. 0. 0. 0. 0. 0. 0. 0. 0. 0. 0. 0. 0. 0. 1. 0. 1. 0. 0. 1.],5.0,1000,100,0.01,0.003,1,9,random,,random,single_objective
429,0.029040167400048732,0.08653969885214523,0.0034395000000000007,[0.         0.         0.         0.         0.10054628 0.         0.         0.         0.1        0.         0.         0.         0.         0.         0.         0.         0.         0.         0.         0.         0.         0.         0.         0.         0.         0.16976736 0.         0.1010415  0.         0.         0.1       ],[0. 0. 0. 0. 1. 0. 0. 0. 1. 0. 0. 0. 0. 0. 0. 0. 0. 0. 0. 0. 0. 0. 0. 0. 0. 1. 0. 1. 0. 0. 1.],5.0,1000,100,0.01,0.003,1,9,random,,random,single_objective
430,0.029040167400048732,0.08653969885214523,0.0034395000000000007,[0.         0.         0.         0.         0.10054628 0.         0.         0.         0.1        0.         0.         0.         0.         0.         0.         0.         0.         0.         0.         0.         0.         0.         0.         0.         0.         0.16976736 0.         0.1010415  0.         0.         0.1       ],[0. 0. 0. 0. 1. 0. 0. 0. 1. 0. 0. 0. 0. 0. 0. 0. 0. 0. 0. 0. 0. 0. 0. 0. 0. 1. 0. 1. 0. 0. 1.],5.0,1000,100,0.01,0.003,1,9,random,,random,single_objective
431,0.029040167400048732,0.08653969885214523,0.0034395000000000007,[0.         0.         0.         0.         0.10054628 0.         0.         0.         0.1        0.         0.         0.         0.         0.         0.         0.         0.         0.         0.         0.         0.         0.         0.         0.         0.         0.16976736 0.         0.1010415  0.         0.         0.1       ],[0. 0. 0. 0. 1. 0. 0. 0. 1. 0. 0. 0. 0. 0. 0. 0. 0. 0. 0. 0. 0. 0. 0. 0. 0. 1. 0. 1. 0. 0. 1.],5.0,1000,100,0.01,0.003,1,9,random,,random,single_objective
432,0.029040167400048732,0.08653969885214523,0.0034395000000000007,[0.         0.         0.         0.         0.10054628 0.         0.         0.         0.1        0.         0.         0.         0.         0.         0.         0.         0.         0.         0.         0.         0.         0.         0.         0.         0.         0.16976736 0.         0.1010415  0.         0.         0.1       ],[0. 0. 0. 0. 1. 0. 0. 0. 1. 0. 0. 0. 0. 0. 0. 0. 0. 0. 0. 0. 0. 0. 0. 0. 0. 1. 0. 1. 0. 0. 1.],5.0,1000,100,0.01,0.003,1,9,random,,random,single_objective
433,0.029040167400048732,0.08653969885214523,0.0034395000000000007,[0.         0.         0.         0.         0.10054628 0.         0.         0.         0.1        0.         0.         0.         0.         0.         0.         0.         0.         0.         0.         0.         0.         0.         0.         0.         0.         0.16976736 0.         0.1010415  0.         0.         0.1       ],[0. 0. 0. 0. 1. 0. 0. 0. 1. 0. 0. 0. 0. 0. 0. 0. 0. 0. 0. 0. 0. 0. 0. 0. 0. 1. 0. 1. 0. 0. 1.],5.0,1000,100,0.01,0.003,1,9,random,,random,single_objective
434,0.029040167400048732,0.08653969885214523,0.0034395000000000007,[0.         0.         0.         0.         0.10054628 0.         0.         0.         0.1        0.         0.         0.         0.         0.         0.         0.         0.         0.         0.         0.         0.         0.         0.         0.         0.         0.16976736 0.         0.1010415  0.         0.         0.1       ],[0. 0. 0. 0. 1. 0. 0. 0. 1. 0. 0. 0. 0. 0. 0. 0. 0. 0. 0. 0. 0. 0. 0. 0. 0. 1. 0. 1. 0. 0. 1.],5.0,1000,100,0.01,0.003,1,9,random,,random,single_objective
435,0.029040167400048732,0.08653969885214523,0.0034395000000000007,[0.         0.         0.         0.         0.10054628 0.         0.         0.         0.1        0.         0.         0.         0.         0.         0.         0.         0.         0.         0.         0.         0.         0.         0.         0.         0.         0.16976736 0.         0.1010415  0.         0.         0.1       ],[0. 0. 0. 0. 1. 0. 0. 0. 1. 0. 0. 0. 0. 0. 0. 0. 0. 0. 0. 0. 0. 0. 0. 0. 0. 1. 0. 1. 0. 0. 1.],5.0,1000,100,0.01,0.003,1,9,random,,random,single_objective
436,0.029040167400048732,0.08653969885214523,0.0034395000000000007,[0.         0.         0.         0.         0.10054628 0.         0.         0.         0.1        0.         0.         0.         0.         0.         0.         0.         0.         0.         0.         0.         0.         0.         0.         0.         0.         0.16976736 0.         0.1010415  0.         0.         0.1       ],[0. 0. 0. 0. 1. 0. 0. 0. 1. 0. 0. 0. 0. 0. 0. 0. 0. 0. 0. 0. 0. 0. 0. 0. 0. 1. 0. 1. 0. 0. 1.],5.0,1000,100,0.01,0.003,1,9,random,,random,single_objective
437,0.029040167400048732,0.08653969885214523,0.0034395000000000007,[0.         0.         0.         0.         0.10054628 0.         0.         0.         0.1        0.         0.         0.         0.         0.         0.         0.         0.         0.         0.         0.         0.         0.         0.         0.         0.         0.16976736 0.         0.1010415  0.         0.         0.1       ],[0. 0. 0. 0. 1. 0. 0. 0. 1. 0. 0. 0. 0. 0. 0. 0. 0. 0. 0. 0. 0. 0. 0. 0. 0. 1. 0. 1. 0. 0. 1.],5.0,1000,100,0.01,0.003,1,9,random,,random,single_objective
438,0.029040167400048732,0.08653969885214523,0.0034395000000000007,[0.         0.         0.         0.         0.10054628 0.         0.         0.         0.1        0.         0.         0.         0.         0.         0.         0.         0.         0.         0.         0.         0.         0.         0.         0.         0.         0.16976736 0.         0.1010415  0.         0.         0.1       ],[0. 0. 0. 0. 1. 0. 0. 0. 1. 0. 0. 0. 0. 0. 0. 0. 0. 0. 0. 0. 0. 0. 0. 0. 0. 1. 0. 1. 0. 0. 1.],5.0,1000,100,0.01,0.003,1,9,random,,random,single_objective
439,0.029040167400048732,0.08653969885214523,0.0034395000000000007,[0.         0.         0.         0.         0.10054628 0.         0.         0.         0.1        0.         0.         0.         0.         0.         0.         0.         0.         0.         0.         0.         0.         0.         0.         0.         0.         0.16976736 0.         0.1010415  0.         0.         0.1       ],[0. 0. 0. 0. 1. 0. 0. 0. 1. 0. 0. 0. 0. 0. 0. 0. 0. 0. 0. 0. 0. 0. 0. 0. 0. 1. 0. 1. 0. 0. 1.],5.0,1000,100,0.01,0.003,1,9,random,,random,single_objective
440,0.029040167400048732,0.08653969885214523,0.0034395000000000007,[0.         0.         0.         0.         0.10054628 0.         0.         0.         0.1        0.         0.         0.         0.         0.         0.         0.         0.         0.         0.         0.         0.         0.         0.         0.         0.         0.16976736 0.         0.1010415  0.         0.         0.1       ],[0. 0. 0. 0. 1. 0. 0. 0. 1. 0. 0. 0. 0. 0. 0. 0. 0. 0. 0. 0. 0. 0. 0. 0. 0. 1. 0. 1. 0. 0. 1.],5.0,1000,100,0.01,0.003,1,9,random,,random,single_objective
441,0.029040167400048732,0.08653969885214523,0.0034395000000000007,[0.         0.         0.         0.         0.10054628 0.         0.         0.         0.1        0.         0.         0.         0.         0.         0.         0.         0.         0.         0.         0.         0.         0.         0.         0.         0.         0.16976736 0.         0.1010415  0.         0.         0.1       ],[0. 0. 0. 0. 1. 0. 0. 0. 1. 0. 0. 0. 0. 0. 0. 0. 0. 0. 0. 0. 0. 0. 0. 0. 0. 1. 0. 1. 0. 0. 1.],5.0,1000,100,0.01,0.003,1,9,random,,random,single_objective
442,0.029040167400048732,0.08653969885214523,0.0034395000000000007,[0.         0.         0.         0.         0.10054628 0.         0.         0.         0.1        0.         0.         0.         0.         0.         0.         0.         0.         0.         0.         0.         0.         0.         0.         0.         0.         0.16976736 0.         0.1010415  0.         0.         0.1       ],[0. 0. 0. 0. 1. 0. 0. 0. 1. 0. 0. 0. 0. 0. 0. 0. 0. 0. 0. 0. 0. 0. 0. 0. 0. 1. 0. 1. 0. 0. 1.],5.0,1000,100,0.01,0.003,1,9,random,,random,single_objective
443,0.029040167400048732,0.08653969885214523,0.0034395000000000007,[0.         0.         0.         0.         0.10054628 0.         0.         0.         0.1        0.         0.         0.         0.         0.         0.         0.         0.         0.         0.         0.         0.         0.         0.         0.         0.         0.16976736 0.         0.1010415  0.         0.         0.1       ],[0. 0. 0. 0. 1. 0. 0. 0. 1. 0. 0. 0. 0. 0. 0. 0. 0. 0. 0. 0. 0. 0. 0. 0. 0. 1. 0. 1. 0. 0. 1.],5.0,1000,100,0.01,0.003,1,9,random,,random,single_objective
444,0.029040167400048732,0.08653969885214523,0.0034395000000000007,[0.         0.         0.         0.         0.10054628 0.         0.         0.         0.1        0.         0.         0.         0.         0.         0.         0.         0.         0.         0.         0.         0.         0.         0.         0.         0.         0.16976736 0.         0.1010415  0.         0.         0.1       ],[0. 0. 0. 0. 1. 0. 0. 0. 1. 0. 0. 0. 0. 0. 0. 0. 0. 0. 0. 0. 0. 0. 0. 0. 0. 1. 0. 1. 0. 0. 1.],5.0,1000,100,0.01,0.003,1,9,random,,random,single_objective
445,0.029040167400048732,0.08653969885214523,0.0034395000000000007,[0.         0.         0.         0.         0.10054628 0.         0.         0.         0.1        0.         0.         0.         0.         0.         0.         0.         0.         0.         0.         0.         0.         0.         0.         0.         0.         0.16976736 0.         0.1010415  0.         0.         0.1       ],[0. 0. 0. 0. 1. 0. 0. 0. 1. 0. 0. 0. 0. 0. 0. 0. 0. 0. 0. 0. 0. 0. 0. 0. 0. 1. 0. 1. 0. 0. 1.],5.0,1000,100,0.01,0.003,1,9,random,,random,single_objective
446,0.029040167400048732,0.08653969885214523,0.0034395000000000007,[0.         0.         0.         0.         0.10054628 0.         0.         0.         0.1        0.         0.         0.         0.         0.         0.         0.         0.         0.         0.         0.         0.         0.         0.         0.         0.         0.16976736 0.         0.1010415  0.         0.         0.1       ],[0. 0. 0. 0. 1. 0. 0. 0. 1. 0. 0. 0. 0. 0. 0. 0. 0. 0. 0. 0. 0. 0. 0. 0. 0. 1. 0. 1. 0. 0. 1.],5.0,1000,100,0.01,0.003,1,9,random,,random,single_objective
447,0.029040167400048732,0.08653969885214523,0.0034395000000000007,[0.         0.         0.         0.         0.10054628 0.         0.         0.         0.1        0.         0.         0.         0.         0.         0.         0.         0.         0.         0.         0.         0.         0.         0.         0.         0.         0.16976736 0.         0.1010415  0.         0.         0.1       ],[0. 0. 0. 0. 1. 0. 0. 0. 1. 0. 0. 0. 0. 0. 0. 0. 0. 0. 0. 0. 0. 0. 0. 0. 0. 1. 0. 1. 0. 0. 1.],5.0,1000,100,0.01,0.003,1,9,random,,random,single_objective
448,0.029040167400048732,0.08653969885214523,0.0034395000000000007,[0.         0.         0.         0.         0.10054628 0.         0.         0.         0.1        0.         0.         0.         0.         0.         0.         0.         0.         0.         0.         0.         0.         0.         0.         0.         0.         0.16976736 0.         0.1010415  0.         0.         0.1       ],[0. 0. 0. 0. 1. 0. 0. 0. 1. 0. 0. 0. 0. 0. 0. 0. 0. 0. 0. 0. 0. 0. 0. 0. 0. 1. 0. 1. 0. 0. 1.],5.0,1000,100,0.01,0.003,1,9,random,,random,single_objective
449,0.029040167400048732,0.08653969885214523,0.0034395000000000007,[0.         0.         0.         0.         0.10054628 0.         0.         0.         0.1        0.         0.         0.         0.         0.         0.         0.         0.         0.         0.         0.         0.         0.         0.         0.         0.         0.16976736 0.         0.1010415  0.         0.         0.1       ],[0. 0. 0. 0. 1. 0. 0. 0. 1. 0. 0. 0. 0. 0. 0. 0. 0. 0. 0. 0. 0. 0. 0. 0. 0. 1. 0. 1. 0. 0. 1.],5.0,1000,100,0.01,0.003,1,9,random,,random,single_objective
450,0.029040167400048732,0.08653969885214523,0.0034395000000000007,[0.         0.         0.         0.         0.10054628 0.         0.         0.         0.1        0.         0.         0.         0.         0.         0.         0.         0.         0.         0.         0.         0.         0.         0.         0.         0.         0.16976736 0.         0.1010415  0.         0.         0.1       ],[0. 0. 0. 0. 1. 0. 0. 0. 1. 0. 0. 0. 0. 0. 0. 0. 0. 0. 0. 0. 0. 0. 0. 0. 0. 1. 0. 1. 0. 0. 1.],5.0,1000,100,0.01,0.003,1,9,random,,random,single_objective
451,0.029040167400048732,0.08653969885214523,0.0034395000000000007,[0.         0.         0.         0.         0.10054628 0.         0.         0.         0.1        0.         0.         0.         0.         0.         0.         0.         0.         0.         0.         0.         0.         0.         0.         0.         0.         0.16976736 0.         0.1010415  0.         0.         0.1       ],[0. 0. 0. 0. 1. 0. 0. 0. 1. 0. 0. 0. 0. 0. 0. 0. 0. 0. 0. 0. 0. 0. 0. 0. 0. 1. 0. 1. 0. 0. 1.],5.0,1000,100,0.01,0.003,1,9,random,,random,single_objective
452,0.029040167400048732,0.08653969885214523,0.0034395000000000007,[0.         0.         0.         0.         0.10054628 0.         0.         0.         0.1        0.         0.         0.         0.         0.         0.         0.         0.         0.         0.         0.         0.         0.         0.         0.         0.         0.16976736 0.         0.1010415  0.         0.         0.1       ],[0. 0. 0. 0. 1. 0. 0. 0. 1. 0. 0. 0. 0. 0. 0. 0. 0. 0. 0. 0. 0. 0. 0. 0. 0. 1. 0. 1. 0. 0. 1.],5.0,1000,100,0.01,0.003,1,9,random,,random,single_objective
453,0.029040167400048732,0.08653969885214523,0.0034395000000000007,[0.         0.         0.         0.         0.10054628 0.         0.         0.         0.1        0.         0.         0.         0.         0.         0.         0.         0.         0.         0.         0.         0.         0.         0.         0.         0.         0.16976736 0.         0.1010415  0.         0.         0.1       ],[0. 0. 0. 0. 1. 0. 0. 0. 1. 0. 0. 0. 0. 0. 0. 0. 0. 0. 0. 0. 0. 0. 0. 0. 0. 1. 0. 1. 0. 0. 1.],5.0,1000,100,0.01,0.003,1,9,random,,random,single_objective
454,0.029040167400048732,0.08653969885214523,0.0034395000000000007,[0.         0.         0.         0.         0.10054628 0.         0.         0.         0.1        0.         0.         0.         0.         0.         0.         0.         0.         0.         0.         0.         0.         0.         0.         0.         0.         0.16976736 0.         0.1010415  0.         0.         0.1       ],[0. 0. 0. 0. 1. 0. 0. 0. 1. 0. 0. 0. 0. 0. 0. 0. 0. 0. 0. 0. 0. 0. 0. 0. 0. 1. 0. 1. 0. 0. 1.],5.0,1000,100,0.01,0.003,1,9,random,,random,single_objective
455,0.029040167400048732,0.08653969885214523,0.0034395000000000007,[0.         0.         0.         0.         0.10054628 0.         0.         0.         0.1        0.         0.         0.         0.         0.         0.         0.         0.         0.         0.         0.         0.         0.         0.         0.         0.         0.16976736 0.         0.1010415  0.         0.         0.1       ],[0. 0. 0. 0. 1. 0. 0. 0. 1. 0. 0. 0. 0. 0. 0. 0. 0. 0. 0. 0. 0. 0. 0. 0. 0. 1. 0. 1. 0. 0. 1.],5.0,1000,100,0.01,0.003,1,9,random,,random,single_objective
456,0.029040167400048732,0.08653969885214523,0.0034395000000000007,[0.         0.         0.         0.         0.10054628 0.         0.         0.         0.1        0.         0.         0.         0.         0.         0.         0.         0.         0.         0.         0.         0.         0.         0.         0.         0.         0.16976736 0.         0.1010415  0.         0.         0.1       ],[0. 0. 0. 0. 1. 0. 0. 0. 1. 0. 0. 0. 0. 0. 0. 0. 0. 0. 0. 0. 0. 0. 0. 0. 0. 1. 0. 1. 0. 0. 1.],5.0,1000,100,0.01,0.003,1,9,random,,random,single_objective
457,0.029040167400048732,0.08653969885214523,0.0034395000000000007,[0.         0.         0.         0.         0.10054628 0.         0.         0.         0.1        0.         0.         0.         0.         0.         0.         0.         0.         0.         0.         0.         0.         0.         0.         0.         0.         0.16976736 0.         0.1010415  0.         0.         0.1       ],[0. 0. 0. 0. 1. 0. 0. 0. 1. 0. 0. 0. 0. 0. 0. 0. 0. 0. 0. 0. 0. 0. 0. 0. 0. 1. 0. 1. 0. 0. 1.],5.0,1000,100,0.01,0.003,1,9,random,,random,single_objective
458,0.029040167400048732,0.08653969885214523,0.0034395000000000007,[0.         0.         0.         0.         0.10054628 0.         0.         0.         0.1        0.         0.         0.         0.         0.         0.         0.         0.         0.         0.         0.         0.         0.         0.         0.         0.         0.16976736 0.         0.1010415  0.         0.         0.1       ],[0. 0. 0. 0. 1. 0. 0. 0. 1. 0. 0. 0. 0. 0. 0. 0. 0. 0. 0. 0. 0. 0. 0. 0. 0. 1. 0. 1. 0. 0. 1.],5.0,1000,100,0.01,0.003,1,9,random,,random,single_objective
459,0.029040167400048732,0.08653969885214523,0.0034395000000000007,[0.         0.         0.         0.         0.10054628 0.         0.         0.         0.1        0.         0.         0.         0.         0.         0.         0.         0.         0.         0.         0.         0.         0.         0.         0.         0.         0.16976736 0.         0.1010415  0.         0.         0.1       ],[0. 0. 0. 0. 1. 0. 0. 0. 1. 0. 0. 0. 0. 0. 0. 0. 0. 0. 0. 0. 0. 0. 0. 0. 0. 1. 0. 1. 0. 0. 1.],5.0,1000,100,0.01,0.003,1,9,random,,random,single_objective
460,0.029040167400048732,0.08653969885214523,0.0034395000000000007,[0.         0.         0.         0.         0.10054628 0.         0.         0.         0.1        0.         0.         0.         0.         0.         0.         0.         0.         0.         0.         0.         0.         0.         0.         0.         0.         0.16976736 0.         0.1010415  0.         0.         0.1       ],[0. 0. 0. 0. 1. 0. 0. 0. 1. 0. 0. 0. 0. 0. 0. 0. 0. 0. 0. 0. 0. 0. 0. 0. 0. 1. 0. 1. 0. 0. 1.],5.0,1000,100,0.01,0.003,1,9,random,,random,single_objective
461,0.029040167400048732,0.08653969885214523,0.0034395000000000007,[0.         0.         0.         0.         0.10054628 0.         0.         0.         0.1        0.         0.         0.         0.         0.         0.         0.         0.         0.         0.         0.         0.         0.         0.         0.         0.         0.16976736 0.         0.1010415  0.         0.         0.1       ],[0. 0. 0. 0. 1. 0. 0. 0. 1. 0. 0. 0. 0. 0. 0. 0. 0. 0. 0. 0. 0. 0. 0. 0. 0. 1. 0. 1. 0. 0. 1.],5.0,1000,100,0.01,0.003,1,9,random,,random,single_objective
462,0.029040167400048732,0.08653969885214523,0.0034395000000000007,[0.         0.         0.         0.         0.10054628 0.         0.         0.         0.1        0.         0.         0.         0.         0.         0.         0.         0.         0.         0.         0.         0.         0.         0.         0.         0.         0.16976736 0.         0.1010415  0.         0.         0.1       ],[0. 0. 0. 0. 1. 0. 0. 0. 1. 0. 0. 0. 0. 0. 0. 0. 0. 0. 0. 0. 0. 0. 0. 0. 0. 1. 0. 1. 0. 0. 1.],5.0,1000,100,0.01,0.003,1,9,random,,random,single_objective
463,0.029040167400048732,0.08653969885214523,0.0034395000000000007,[0.         0.         0.         0.         0.10054628 0.         0.         0.         0.1        0.         0.         0.         0.         0.         0.         0.         0.         0.         0.         0.         0.         0.         0.         0.         0.         0.16976736 0.         0.1010415  0.         0.         0.1       ],[0. 0. 0. 0. 1. 0. 0. 0. 1. 0. 0. 0. 0. 0. 0. 0. 0. 0. 0. 0. 0. 0. 0. 0. 0. 1. 0. 1. 0. 0. 1.],5.0,1000,100,0.01,0.003,1,9,random,,random,single_objective
464,0.029040167400048732,0.08653969885214523,0.0034395000000000007,[0.         0.         0.         0.         0.10054628 0.         0.         0.         0.1        0.         0.         0.         0.         0.         0.         0.         0.         0.         0.         0.         0.         0.         0.         0.         0.         0.16976736 0.         0.1010415  0.         0.         0.1       ],[0. 0. 0. 0. 1. 0. 0. 0. 1. 0. 0. 0. 0. 0. 0. 0. 0. 0. 0. 0. 0. 0. 0. 0. 0. 1. 0. 1. 0. 0. 1.],5.0,1000,100,0.01,0.003,1,9,random,,random,single_objective
465,0.029040167400048732,0.08653969885214523,0.0034395000000000007,[0.         0.         0.         0.         0.10054628 0.         0.         0.         0.1        0.         0.         0.         0.         0.         0.         0.         0.         0.         0.         0.         0.         0.         0.         0.         0.         0.16976736 0.         0.1010415  0.         0.         0.1       ],[0. 0. 0. 0. 1. 0. 0. 0. 1. 0. 0. 0. 0. 0. 0. 0. 0. 0. 0. 0. 0. 0. 0. 0. 0. 1. 0. 1. 0. 0. 1.],5.0,1000,100,0.01,0.003,1,9,random,,random,single_objective
466,0.029040167400048732,0.08653969885214523,0.0034395000000000007,[0.         0.         0.         0.         0.10054628 0.         0.         0.         0.1        0.         0.         0.         0.         0.         0.         0.         0.         0.         0.         0.         0.         0.         0.         0.         0.         0.16976736 0.         0.1010415  0.         0.         0.1       ],[0. 0. 0. 0. 1. 0. 0. 0. 1. 0. 0. 0. 0. 0. 0. 0. 0. 0. 0. 0. 0. 0. 0. 0. 0. 1. 0. 1. 0. 0. 1.],5.0,1000,100,0.01,0.003,1,9,random,,random,single_objective
467,0.029040167400048732,0.08653969885214523,0.0034395000000000007,[0.         0.         0.         0.         0.10054628 0.         0.         0.         0.1        0.         0.         0.         0.         0.         0.         0.         0.         0.         0.         0.         0.         0.         0.         0.         0.         0.16976736 0.         0.1010415  0.         0.         0.1       ],[0. 0. 0. 0. 1. 0. 0. 0. 1. 0. 0. 0. 0. 0. 0. 0. 0. 0. 0. 0. 0. 0. 0. 0. 0. 1. 0. 1. 0. 0. 1.],5.0,1000,100,0.01,0.003,1,9,random,,random,single_objective
468,0.029040167400048732,0.08653969885214523,0.0034395000000000007,[0.         0.         0.         0.         0.10054628 0.         0.         0.         0.1        0.         0.         0.         0.         0.         0.         0.         0.         0.         0.         0.         0.         0.         0.         0.         0.         0.16976736 0.         0.1010415  0.         0.         0.1       ],[0. 0. 0. 0. 1. 0. 0. 0. 1. 0. 0. 0. 0. 0. 0. 0. 0. 0. 0. 0. 0. 0. 0. 0. 0. 1. 0. 1. 0. 0. 1.],5.0,1000,100,0.01,0.003,1,9,random,,random,single_objective
469,0.029040167400048732,0.08653969885214523,0.0034395000000000007,[0.         0.         0.         0.         0.10054628 0.         0.         0.         0.1        0.         0.         0.         0.         0.         0.         0.         0.         0.         0.         0.         0.         0.         0.         0.         0.         0.16976736 0.         0.1010415  0.         0.         0.1       ],[0. 0. 0. 0. 1. 0. 0. 0. 1. 0. 0. 0. 0. 0. 0. 0. 0. 0. 0. 0. 0. 0. 0. 0. 0. 1. 0. 1. 0. 0. 1.],5.0,1000,100,0.01,0.003,1,9,random,,random,single_objective
470,0.029040167400048732,0.08653969885214523,0.0034395000000000007,[0.         0.         0.         0.         0.10054628 0.         0.         0.         0.1        0.         0.         0.         0.         0.         0.         0.         0.         0.         0.         0.         0.         0.         0.         0.         0.         0.16976736 0.         0.1010415  0.         0.         0.1       ],[0. 0. 0. 0. 1. 0. 0. 0. 1. 0. 0. 0. 0. 0. 0. 0. 0. 0. 0. 0. 0. 0. 0. 0. 0. 1. 0. 1. 0. 0. 1.],5.0,1000,100,0.01,0.003,1,9,random,,random,single_objective
471,0.029040167400048732,0.08653969885214523,0.0034395000000000007,[0.         0.         0.         0.         0.10054628 0.         0.         0.         0.1        0.         0.         0.         0.         0.         0.         0.         0.         0.         0.         0.         0.         0.         0.         0.         0.         0.16976736 0.         0.1010415  0.         0.         0.1       ],[0. 0. 0. 0. 1. 0. 0. 0. 1. 0. 0. 0. 0. 0. 0. 0. 0. 0. 0. 0. 0. 0. 0. 0. 0. 1. 0. 1. 0. 0. 1.],5.0,1000,100,0.01,0.003,1,9,random,,random,single_objective
472,0.029040167400048732,0.08653969885214523,0.0034395000000000007,[0.         0.         0.         0.         0.10054628 0.         0.         0.         0.1        0.         0.         0.         0.         0.         0.         0.         0.         0.         0.         0.         0.         0.         0.         0.         0.         0.16976736 0.         0.1010415  0.         0.         0.1       ],[0. 0. 0. 0. 1. 0. 0. 0. 1. 0. 0. 0. 0. 0. 0. 0. 0. 0. 0. 0. 0. 0. 0. 0. 0. 1. 0. 1. 0. 0. 1.],5.0,1000,100,0.01,0.003,1,9,random,,random,single_objective
473,0.029040167400048732,0.08653969885214523,0.0034395000000000007,[0.         0.         0.         0.         0.10054628 0.         0.         0.         0.1        0.         0.         0.         0.         0.         0.         0.         0.         0.         0.         0.         0.         0.         0.         0.         0.         0.16976736 0.         0.1010415  0.         0.         0.1       ],[0. 0. 0. 0. 1. 0. 0. 0. 1. 0. 0. 0. 0. 0. 0. 0. 0. 0. 0. 0. 0. 0. 0. 0. 0. 1. 0. 1. 0. 0. 1.],5.0,1000,100,0.01,0.003,1,9,random,,random,single_objective
474,0.029040167400048732,0.08653969885214523,0.0034395000000000007,[0.         0.         0.         0.         0.10054628 0.         0.         0.         0.1        0.         0.         0.         0.         0.         0.         0.         0.         0.         0.         0.         0.         0.         0.         0.         0.         0.16976736 0.         0.1010415  0.         0.         0.1       ],[0. 0. 0. 0. 1. 0. 0. 0. 1. 0. 0. 0. 0. 0. 0. 0. 0. 0. 0. 0. 0. 0. 0. 0. 0. 1. 0. 1. 0. 0. 1.],5.0,1000,100,0.01,0.003,1,9,random,,random,single_objective
475,0.029040167400048732,0.08653969885214523,0.0034395000000000007,[0.         0.         0.         0.         0.10054628 0.         0.         0.         0.1        0.         0.         0.         0.         0.         0.         0.         0.         0.         0.         0.         0.         0.         0.         0.         0.         0.16976736 0.         0.1010415  0.         0.         0.1       ],[0. 0. 0. 0. 1. 0. 0. 0. 1. 0. 0. 0. 0. 0. 0. 0. 0. 0. 0. 0. 0. 0. 0. 0. 0. 1. 0. 1. 0. 0. 1.],5.0,1000,100,0.01,0.003,1,9,random,,random,single_objective
476,0.029040167400048732,0.08653969885214523,0.0034395000000000007,[0.         0.         0.         0.         0.10054628 0.         0.         0.         0.1        0.         0.         0.         0.         0.         0.         0.         0.         0.         0.         0.         0.         0.         0.         0.         0.         0.16976736 0.         0.1010415  0.         0.         0.1       ],[0. 0. 0. 0. 1. 0. 0. 0. 1. 0. 0. 0. 0. 0. 0. 0. 0. 0. 0. 0. 0. 0. 0. 0. 0. 1. 0. 1. 0. 0. 1.],5.0,1000,100,0.01,0.003,1,9,random,,random,single_objective
477,0.029040167400048732,0.08653969885214523,0.0034395000000000007,[0.         0.         0.         0.         0.10054628 0.         0.         0.         0.1        0.         0.         0.         0.         0.         0.         0.         0.         0.         0.         0.         0.         0.         0.         0.         0.         0.16976736 0.         0.1010415  0.         0.         0.1       ],[0. 0. 0. 0. 1. 0. 0. 0. 1. 0. 0. 0. 0. 0. 0. 0. 0. 0. 0. 0. 0. 0. 0. 0. 0. 1. 0. 1. 0. 0. 1.],5.0,1000,100,0.01,0.003,1,9,random,,random,single_objective
478,0.029040167400048732,0.08653969885214523,0.0034395000000000007,[0.         0.         0.         0.         0.10054628 0.         0.         0.         0.1        0.         0.         0.         0.         0.         0.         0.         0.         0.         0.         0.         0.         0.         0.         0.         0.         0.16976736 0.         0.1010415  0.         0.         0.1       ],[0. 0. 0. 0. 1. 0. 0. 0. 1. 0. 0. 0. 0. 0. 0. 0. 0. 0. 0. 0. 0. 0. 0. 0. 0. 1. 0. 1. 0. 0. 1.],5.0,1000,100,0.01,0.003,1,9,random,,random,single_objective
479,0.029040167400048732,0.08653969885214523,0.0034395000000000007,[0.         0.         0.         0.         0.10054628 0.         0.         0.         0.1        0.         0.         0.         0.         0.         0.         0.         0.         0.         0.         0.         0.         0.         0.         0.         0.         0.16976736 0.         0.1010415  0.         0.         0.1       ],[0. 0. 0. 0. 1. 0. 0. 0. 1. 0. 0. 0. 0. 0. 0. 0. 0. 0. 0. 0. 0. 0. 0. 0. 0. 1. 0. 1. 0. 0. 1.],5.0,1000,100,0.01,0.003,1,9,random,,random,single_objective
480,0.029040167400048732,0.08653969885214523,0.0034395000000000007,[0.         0.         0.         0.         0.10054628 0.         0.         0.         0.1        0.         0.         0.         0.         0.         0.         0.         0.         0.         0.         0.         0.         0.         0.         0.         0.         0.16976736 0.         0.1010415  0.         0.         0.1       ],[0. 0. 0. 0. 1. 0. 0. 0. 1. 0. 0. 0. 0. 0. 0. 0. 0. 0. 0. 0. 0. 0. 0. 0. 0. 1. 0. 1. 0. 0. 1.],5.0,1000,100,0.01,0.003,1,9,random,,random,single_objective
481,0.029040167400048732,0.08653969885214523,0.0034395000000000007,[0.         0.         0.         0.         0.10054628 0.         0.         0.         0.1        0.         0.         0.         0.         0.         0.         0.         0.         0.         0.         0.         0.         0.         0.         0.         0.         0.16976736 0.         0.1010415  0.         0.         0.1       ],[0. 0. 0. 0. 1. 0. 0. 0. 1. 0. 0. 0. 0. 0. 0. 0. 0. 0. 0. 0. 0. 0. 0. 0. 0. 1. 0. 1. 0. 0. 1.],5.0,1000,100,0.01,0.003,1,9,random,,random,single_objective
482,0.029040167400048732,0.08653969885214523,0.0034395000000000007,[0.         0.         0.         0.         0.10054628 0.         0.         0.         0.1        0.         0.         0.         0.         0.         0.         0.         0.         0.         0.         0.         0.         0.         0.         0.         0.         0.16976736 0.         0.1010415  0.         0.         0.1       ],[0. 0. 0. 0. 1. 0. 0. 0. 1. 0. 0. 0. 0. 0. 0. 0. 0. 0. 0. 0. 0. 0. 0. 0. 0. 1. 0. 1. 0. 0. 1.],5.0,1000,100,0.01,0.003,1,9,random,,random,single_objective
483,0.029040167400048732,0.08653969885214523,0.0034395000000000007,[0.         0.         0.         0.         0.10054628 0.         0.         0.         0.1        0.         0.         0.         0.         0.         0.         0.         0.         0.         0.         0.         0.         0.         0.         0.         0.         0.16976736 0.         0.1010415  0.         0.         0.1       ],[0. 0. 0. 0. 1. 0. 0. 0. 1. 0. 0. 0. 0. 0. 0. 0. 0. 0. 0. 0. 0. 0. 0. 0. 0. 1. 0. 1. 0. 0. 1.],5.0,1000,100,0.01,0.003,1,9,random,,random,single_objective
484,0.029040167400048732,0.08653969885214523,0.0034395000000000007,[0.         0.         0.         0.         0.10054628 0.         0.         0.         0.1        0.         0.         0.         0.         0.         0.         0.         0.         0.         0.         0.         0.         0.         0.         0.         0.         0.16976736 0.         0.1010415  0.         0.         0.1       ],[0. 0. 0. 0. 1. 0. 0. 0. 1. 0. 0. 0. 0. 0. 0. 0. 0. 0. 0. 0. 0. 0. 0. 0. 0. 1. 0. 1. 0. 0. 1.],5.0,1000,100,0.01,0.003,1,9,random,,random,single_objective
485,0.029040167400048732,0.08653969885214523,0.0034395000000000007,[0.         0.         0.         0.         0.10054628 0.         0.         0.         0.1        0.         0.         0.         0.         0.         0.         0.         0.         0.         0.         0.         0.         0.         0.         0.         0.         0.16976736 0.         0.1010415  0.         0.         0.1       ],[0. 0. 0. 0. 1. 0. 0. 0. 1. 0. 0. 0. 0. 0. 0. 0. 0. 0. 0. 0. 0. 0. 0. 0. 0. 1. 0. 1. 0. 0. 1.],5.0,1000,100,0.01,0.003,1,9,random,,random,single_objective
486,0.029040167400048732,0.08653969885214523,0.0034395000000000007,[0.         0.         0.         0.         0.10054628 0.         0.         0.         0.1        0.         0.         0.         0.         0.         0.         0.         0.         0.         0.         0.         0.         0.         0.         0.         0.         0.16976736 0.         0.1010415  0.         0.         0.1       ],[0. 0. 0. 0. 1. 0. 0. 0. 1. 0. 0. 0. 0. 0. 0. 0. 0. 0. 0. 0. 0. 0. 0. 0. 0. 1. 0. 1. 0. 0. 1.],5.0,1000,100,0.01,0.003,1,9,random,,random,single_objective
487,0.029040167400048732,0.08653969885214523,0.0034395000000000007,[0.         0.         0.         0.         0.10054628 0.         0.         0.         0.1        0.         0.         0.         0.         0.         0.         0.         0.         0.         0.         0.         0.         0.         0.         0.         0.         0.16976736 0.         0.1010415  0.         0.         0.1       ],[0. 0. 0. 0. 1. 0. 0. 0. 1. 0. 0. 0. 0. 0. 0. 0. 0. 0. 0. 0. 0. 0. 0. 0. 0. 1. 0. 1. 0. 0. 1.],5.0,1000,100,0.01,0.003,1,9,random,,random,single_objective
488,0.029040167400048732,0.08653969885214523,0.0034395000000000007,[0.         0.         0.         0.         0.10054628 0.         0.         0.         0.1        0.         0.         0.         0.         0.         0.         0.         0.         0.         0.         0.         0.         0.         0.         0.         0.         0.16976736 0.         0.1010415  0.         0.         0.1       ],[0. 0. 0. 0. 1. 0. 0. 0. 1. 0. 0. 0. 0. 0. 0. 0. 0. 0. 0. 0. 0. 0. 0. 0. 0. 1. 0. 1. 0. 0. 1.],5.0,1000,100,0.01,0.003,1,9,random,,random,single_objective
489,0.029040167400048732,0.08653969885214523,0.0034395000000000007,[0.         0.         0.         0.         0.10054628 0.         0.         0.         0.1        0.         0.         0.         0.         0.         0.         0.         0.         0.         0.         0.         0.         0.         0.         0.         0.         0.16976736 0.         0.1010415  0.         0.         0.1       ],[0. 0. 0. 0. 1. 0. 0. 0. 1. 0. 0. 0. 0. 0. 0. 0. 0. 0. 0. 0. 0. 0. 0. 0. 0. 1. 0. 1. 0. 0. 1.],5.0,1000,100,0.01,0.003,1,9,random,,random,single_objective
490,0.029040167400048732,0.08653969885214523,0.0034395000000000007,[0.         0.         0.         0.         0.10054628 0.         0.         0.         0.1        0.         0.         0.         0.         0.         0.         0.         0.         0.         0.         0.         0.         0.         0.         0.         0.         0.16976736 0.         0.1010415  0.         0.         0.1       ],[0. 0. 0. 0. 1. 0. 0. 0. 1. 0. 0. 0. 0. 0. 0. 0. 0. 0. 0. 0. 0. 0. 0. 0. 0. 1. 0. 1. 0. 0. 1.],5.0,1000,100,0.01,0.003,1,9,random,,random,single_objective
491,0.029040167400048732,0.08653969885214523,0.0034395000000000007,[0.         0.         0.         0.         0.10054628 0.         0.         0.         0.1        0.         0.         0.         0.         0.         0.         0.         0.         0.         0.         0.         0.         0.         0.         0.         0.         0.16976736 0.         0.1010415  0.         0.         0.1       ],[0. 0. 0. 0. 1. 0. 0. 0. 1. 0. 0. 0. 0. 0. 0. 0. 0. 0. 0. 0. 0. 0. 0. 0. 0. 1. 0. 1. 0. 0. 1.],5.0,1000,100,0.01,0.003,1,9,random,,random,single_objective
492,0.029040167400048732,0.08653969885214523,0.0034395000000000007,[0.         0.         0.         0.         0.10054628 0.         0.         0.         0.1        0.         0.         0.         0.         0.         0.         0.         0.         0.         0.         0.         0.         0.         0.         0.         0.         0.16976736 0.         0.1010415  0.         0.         0.1       ],[0. 0. 0. 0. 1. 0. 0. 0. 1. 0. 0. 0. 0. 0. 0. 0. 0. 0. 0. 0. 0. 0. 0. 0. 0. 1. 0. 1. 0. 0. 1.],5.0,1000,100,0.01,0.003,1,9,random,,random,single_objective
493,0.029040167400048732,0.08653969885214523,0.0034395000000000007,[0.         0.         0.         0.         0.10054628 0.         0.         0.         0.1        0.         0.         0.         0.         0.         0.         0.         0.         0.         0.         0.         0.         0.         0.         0.         0.         0.16976736 0.         0.1010415  0.         0.         0.1       ],[0. 0. 0. 0. 1. 0. 0. 0. 1. 0. 0. 0. 0. 0. 0. 0. 0. 0. 0. 0. 0. 0. 0. 0. 0. 1. 0. 1. 0. 0. 1.],5.0,1000,100,0.01,0.003,1,9,random,,random,single_objective
494,0.029040167400048732,0.08653969885214523,0.0034395000000000007,[0.         0.         0.         0.         0.10054628 0.         0.         0.         0.1        0.         0.         0.         0.         0.         0.         0.         0.         0.         0.         0.         0.         0.         0.         0.         0.         0.16976736 0.         0.1010415  0.         0.         0.1       ],[0. 0. 0. 0. 1. 0. 0. 0. 1. 0. 0. 0. 0. 0. 0. 0. 0. 0. 0. 0. 0. 0. 0. 0. 0. 1. 0. 1. 0. 0. 1.],5.0,1000,100,0.01,0.003,1,9,random,,random,single_objective
495,0.029040167400048732,0.08653969885214523,0.0034395000000000007,[0.         0.         0.         0.         0.10054628 0.         0.         0.         0.1        0.         0.         0.         0.         0.         0.         0.         0.         0.         0.         0.         0.         0.         0.         0.         0.         0.16976736 0.         0.1010415  0.         0.         0.1       ],[0. 0. 0. 0. 1. 0. 0. 0. 1. 0. 0. 0. 0. 0. 0. 0. 0. 0. 0. 0. 0. 0. 0. 0. 0. 1. 0. 1. 0. 0. 1.],5.0,1000,100,0.01,0.003,1,9,random,,random,single_objective
496,0.029040167400048732,0.08653969885214523,0.0034395000000000007,[0.         0.         0.         0.         0.10054628 0.         0.         0.         0.1        0.         0.         0.         0.         0.         0.         0.         0.         0.         0.         0.         0.         0.         0.         0.         0.         0.16976736 0.         0.1010415  0.         0.         0.1       ],[0. 0. 0. 0. 1. 0. 0. 0. 1. 0. 0. 0. 0. 0. 0. 0. 0. 0. 0. 0. 0. 0. 0. 0. 0. 1. 0. 1. 0. 0. 1.],5.0,1000,100,0.01,0.003,1,9,random,,random,single_objective
497,0.029040167400048732,0.08653969885214523,0.0034395000000000007,[0.         0.         0.         0.         0.10054628 0.         0.         0.         0.1        0.         0.         0.         0.         0.         0.         0.         0.         0.         0.         0.         0.         0.         0.         0.         0.         0.16976736 0.         0.1010415  0.         0.         0.1       ],[0. 0. 0. 0. 1. 0. 0. 0. 1. 0. 0. 0. 0. 0. 0. 0. 0. 0. 0. 0. 0. 0. 0. 0. 0. 1. 0. 1. 0. 0. 1.],5.0,1000,100,0.01,0.003,1,9,random,,random,single_objective
498,0.029040167400048732,0.08653969885214523,0.0034395000000000007,[0.         0.         0.         0.         0.10054628 0.         0.         0.         0.1        0.         0.         0.         0.         0.         0.         0.         0.         0.         0.         0.         0.         0.         0.         0.         0.         0.16976736 0.         0.1010415  0.         0.         0.1       ],[0. 0. 0. 0. 1. 0. 0. 0. 1. 0. 0. 0. 0. 0. 0. 0. 0. 0. 0. 0. 0. 0. 0. 0. 0. 1. 0. 1. 0. 0. 1.],5.0,1000,100,0.01,0.003,1,9,random,,random,single_objective
499,0.029040167400048732,0.08653969885214523,0.0034395000000000007,[0.         0.         0.         0.         0.10054628 0.         0.         0.         0.1        0.         0.         0.         0.         0.         0.         0.         0.         0.         0.         0.         0.         0.         0.         0.         0.         0.16976736 0.         0.1010415  0.         0.         0.1       ],[0. 0. 0. 0. 1. 0. 0. 0. 1. 0. 0. 0. 0. 0. 0. 0. 0. 0. 0. 0. 0. 0. 0. 0. 0. 1. 0. 1. 0. 0. 1.],5.0,1000,100,0.01,0.003,1,9,random,,random,single_objective
500,0.029040167400048732,0.08653969885214523,0.0034395000000000007,[0.         0.         0.         0.         0.10054628 0.         0.         0.         0.1        0.         0.         0.         0.         0.         0.         0.         0.         0.         0.         0.         0.         0.         0.         0.         0.         0.16976736 0.         0.1010415  0.         0.         0.1       ],[0. 0. 0. 0. 1. 0. 0. 0. 1. 0. 0. 0. 0. 0. 0. 0. 0. 0. 0. 0. 0. 0. 0. 0. 0. 1. 0. 1. 0. 0. 1.],5.0,1000,100,0.01,0.003,1,9,random,,random,single_objective
501,0.029040167400048732,0.08653969885214523,0.0034395000000000007,[0.         0.         0.         0.         0.10054628 0.         0.         0.         0.1        0.         0.         0.         0.         0.         0.         0.         0.         0.         0.         0.         0.         0.         0.         0.         0.         0.16976736 0.         0.1010415  0.         0.         0.1       ],[0. 0. 0. 0. 1. 0. 0. 0. 1. 0. 0. 0. 0. 0. 0. 0. 0. 0. 0. 0. 0. 0. 0. 0. 0. 1. 0. 1. 0. 0. 1.],5.0,1000,100,0.01,0.003,1,9,random,,random,single_objective
502,0.029040167400048732,0.08653969885214523,0.0034395000000000007,[0.         0.         0.         0.         0.10054628 0.         0.         0.         0.1        0.         0.         0.         0.         0.         0.         0.         0.         0.         0.         0.         0.         0.         0.         0.         0.         0.16976736 0.         0.1010415  0.         0.         0.1       ],[0. 0. 0. 0. 1. 0. 0. 0. 1. 0. 0. 0. 0. 0. 0. 0. 0. 0. 0. 0. 0. 0. 0. 0. 0. 1. 0. 1. 0. 0. 1.],5.0,1000,100,0.01,0.003,1,9,random,,random,single_objective
503,0.029040167400048732,0.08653969885214523,0.0034395000000000007,[0.         0.         0.         0.         0.10054628 0.         0.         0.         0.1        0.         0.         0.         0.         0.         0.         0.         0.         0.         0.         0.         0.         0.         0.         0.         0.         0.16976736 0.         0.1010415  0.         0.         0.1       ],[0. 0. 0. 0. 1. 0. 0. 0. 1. 0. 0. 0. 0. 0. 0. 0. 0. 0. 0. 0. 0. 0. 0. 0. 0. 1. 0. 1. 0. 0. 1.],5.0,1000,100,0.01,0.003,1,9,random,,random,single_objective
504,0.029040167400048732,0.08653969885214523,0.0034395000000000007,[0.         0.         0.         0.         0.10054628 0.         0.         0.         0.1        0.         0.         0.         0.         0.         0.         0.         0.         0.         0.         0.         0.         0.         0.         0.         0.         0.16976736 0.         0.1010415  0.         0.         0.1       ],[0. 0. 0. 0. 1. 0. 0. 0. 1. 0. 0. 0. 0. 0. 0. 0. 0. 0. 0. 0. 0. 0. 0. 0. 0. 1. 0. 1. 0. 0. 1.],5.0,1000,100,0.01,0.003,1,9,random,,random,single_objective
505,0.029040167400048732,0.08653969885214523,0.0034395000000000007,[0.         0.         0.         0.         0.10054628 0.         0.         0.         0.1        0.         0.         0.         0.         0.         0.         0.         0.         0.         0.         0.         0.         0.         0.         0.         0.         0.16976736 0.         0.1010415  0.         0.         0.1       ],[0. 0. 0. 0. 1. 0. 0. 0. 1. 0. 0. 0. 0. 0. 0. 0. 0. 0. 0. 0. 0. 0. 0. 0. 0. 1. 0. 1. 0. 0. 1.],5.0,1000,100,0.01,0.003,1,9,random,,random,single_objective
506,0.029040167400048732,0.08653969885214523,0.0034395000000000007,[0.         0.         0.         0.         0.10054628 0.         0.         0.         0.1        0.         0.         0.         0.         0.         0.         0.         0.         0.         0.         0.         0.         0.         0.         0.         0.         0.16976736 0.         0.1010415  0.         0.         0.1       ],[0. 0. 0. 0. 1. 0. 0. 0. 1. 0. 0. 0. 0. 0. 0. 0. 0. 0. 0. 0. 0. 0. 0. 0. 0. 1. 0. 1. 0. 0. 1.],5.0,1000,100,0.01,0.003,1,9,random,,random,single_objective
507,0.029040167400048732,0.08653969885214523,0.0034395000000000007,[0.         0.         0.         0.         0.10054628 0.         0.         0.         0.1        0.         0.         0.         0.         0.         0.         0.         0.         0.         0.         0.         0.         0.         0.         0.         0.         0.16976736 0.         0.1010415  0.         0.         0.1       ],[0. 0. 0. 0. 1. 0. 0. 0. 1. 0. 0. 0. 0. 0. 0. 0. 0. 0. 0. 0. 0. 0. 0. 0. 0. 1. 0. 1. 0. 0. 1.],5.0,1000,100,0.01,0.003,1,9,random,,random,single_objective
508,0.029040167400048732,0.08653969885214523,0.0034395000000000007,[0.         0.         0.         0.         0.10054628 0.         0.         0.         0.1        0.         0.         0.         0.         0.         0.         0.         0.         0.         0.         0.         0.         0.         0.         0.         0.         0.16976736 0.         0.1010415  0.         0.         0.1       ],[0. 0. 0. 0. 1. 0. 0. 0. 1. 0. 0. 0. 0. 0. 0. 0. 0. 0. 0. 0. 0. 0. 0. 0. 0. 1. 0. 1. 0. 0. 1.],5.0,1000,100,0.01,0.003,1,9,random,,random,single_objective
509,0.029040167400048732,0.08653969885214523,0.0034395000000000007,[0.         0.         0.         0.         0.10054628 0.         0.         0.         0.1        0.         0.         0.         0.         0.         0.         0.         0.         0.         0.         0.         0.         0.         0.         0.         0.         0.16976736 0.         0.1010415  0.         0.         0.1       ],[0. 0. 0. 0. 1. 0. 0. 0. 1. 0. 0. 0. 0. 0. 0. 0. 0. 0. 0. 0. 0. 0. 0. 0. 0. 1. 0. 1. 0. 0. 1.],5.0,1000,100,0.01,0.003,1,9,random,,random,single_objective
510,0.029040167400048732,0.08653969885214523,0.0034395000000000007,[0.         0.         0.         0.         0.10054628 0.         0.         0.         0.1        0.         0.         0.         0.         0.         0.         0.         0.         0.         0.         0.         0.         0.         0.         0.         0.         0.16976736 0.         0.1010415  0.         0.         0.1       ],[0. 0. 0. 0. 1. 0. 0. 0. 1. 0. 0. 0. 0. 0. 0. 0. 0. 0. 0. 0. 0. 0. 0. 0. 0. 1. 0. 1. 0. 0. 1.],5.0,1000,100,0.01,0.003,1,9,random,,random,single_objective
511,0.029040167400048732,0.08653969885214523,0.0034395000000000007,[0.         0.         0.         0.         0.10054628 0.         0.         0.         0.1        0.         0.         0.         0.         0.         0.         0.         0.         0.         0.         0.         0.         0.         0.         0.         0.         0.16976736 0.         0.1010415  0.         0.         0.1       ],[0. 0. 0. 0. 1. 0. 0. 0. 1. 0. 0. 0. 0. 0. 0. 0. 0. 0. 0. 0. 0. 0. 0. 0. 0. 1. 0. 1. 0. 0. 1.],5.0,1000,100,0.01,0.003,1,9,random,,random,single_objective
512,0.029040167400048732,0.08653969885214523,0.0034395000000000007,[0.         0.         0.         0.         0.10054628 0.         0.         0.         0.1        0.         0.         0.         0.         0.         0.         0.         0.         0.         0.         0.         0.         0.         0.         0.         0.         0.16976736 0.         0.1010415  0.         0.         0.1       ],[0. 0. 0. 0. 1. 0. 0. 0. 1. 0. 0. 0. 0. 0. 0. 0. 0. 0. 0. 0. 0. 0. 0. 0. 0. 1. 0. 1. 0. 0. 1.],5.0,1000,100,0.01,0.003,1,9,random,,random,single_objective
513,0.029040167400048732,0.08653969885214523,0.0034395000000000007,[0.         0.         0.         0.         0.10054628 0.         0.         0.         0.1        0.         0.         0.         0.         0.         0.         0.         0.         0.         0.         0.         0.         0.         0.         0.         0.         0.16976736 0.         0.1010415  0.         0.         0.1       ],[0. 0. 0. 0. 1. 0. 0. 0. 1. 0. 0. 0. 0. 0. 0. 0. 0. 0. 0. 0. 0. 0. 0. 0. 0. 1. 0. 1. 0. 0. 1.],5.0,1000,100,0.01,0.003,1,9,random,,random,single_objective
514,0.029040167400048732,0.08653969885214523,0.0034395000000000007,[0.         0.         0.         0.         0.10054628 0.         0.         0.         0.1        0.         0.         0.         0.         0.         0.         0.         0.         0.         0.         0.         0.         0.         0.         0.         0.         0.16976736 0.         0.1010415  0.         0.         0.1       ],[0. 0. 0. 0. 1. 0. 0. 0. 1. 0. 0. 0. 0. 0. 0. 0. 0. 0. 0. 0. 0. 0. 0. 0. 0. 1. 0. 1. 0. 0. 1.],5.0,1000,100,0.01,0.003,1,9,random,,random,single_objective
515,0.029040167400048732,0.08653969885214523,0.0034395000000000007,[0.         0.         0.         0.         0.10054628 0.         0.         0.         0.1        0.         0.         0.         0.         0.         0.         0.         0.         0.         0.         0.         0.         0.         0.         0.         0.         0.16976736 0.         0.1010415  0.         0.         0.1       ],[0. 0. 0. 0. 1. 0. 0. 0. 1. 0. 0. 0. 0. 0. 0. 0. 0. 0. 0. 0. 0. 0. 0. 0. 0. 1. 0. 1. 0. 0. 1.],5.0,1000,100,0.01,0.003,1,9,random,,random,single_objective
516,0.029040167400048732,0.08653969885214523,0.0034395000000000007,[0.         0.         0.         0.         0.10054628 0.         0.         0.         0.1        0.         0.         0.         0.         0.         0.         0.         0.         0.         0.         0.         0.         0.         0.         0.         0.         0.16976736 0.         0.1010415  0.         0.         0.1       ],[0. 0. 0. 0. 1. 0. 0. 0. 1. 0. 0. 0. 0. 0. 0. 0. 0. 0. 0. 0. 0. 0. 0. 0. 0. 1. 0. 1. 0. 0. 1.],5.0,1000,100,0.01,0.003,1,9,random,,random,single_objective
517,0.029040167400048732,0.08653969885214523,0.0034395000000000007,[0.         0.         0.         0.         0.10054628 0.         0.         0.         0.1        0.         0.         0.         0.         0.         0.         0.         0.         0.         0.         0.         0.         0.         0.         0.         0.         0.16976736 0.         0.1010415  0.         0.         0.1       ],[0. 0. 0. 0. 1. 0. 0. 0. 1. 0. 0. 0. 0. 0. 0. 0. 0. 0. 0. 0. 0. 0. 0. 0. 0. 1. 0. 1. 0. 0. 1.],5.0,1000,100,0.01,0.003,1,9,random,,random,single_objective
518,0.029040167400048732,0.08653969885214523,0.0034395000000000007,[0.         0.         0.         0.         0.10054628 0.         0.         0.         0.1        0.         0.         0.         0.         0.         0.         0.         0.         0.         0.         0.         0.         0.         0.         0.         0.         0.16976736 0.         0.1010415  0.         0.         0.1       ],[0. 0. 0. 0. 1. 0. 0. 0. 1. 0. 0. 0. 0. 0. 0. 0. 0. 0. 0. 0. 0. 0. 0. 0. 0. 1. 0. 1. 0. 0. 1.],5.0,1000,100,0.01,0.003,1,9,random,,random,single_objective
519,0.029040167400048732,0.08653969885214523,0.0034395000000000007,[0.         0.         0.         0.         0.10054628 0.         0.         0.         0.1        0.         0.         0.         0.         0.         0.         0.         0.         0.         0.         0.         0.         0.         0.         0.         0.         0.16976736 0.         0.1010415  0.         0.         0.1       ],[0. 0. 0. 0. 1. 0. 0. 0. 1. 0. 0. 0. 0. 0. 0. 0. 0. 0. 0. 0. 0. 0. 0. 0. 0. 1. 0. 1. 0. 0. 1.],5.0,1000,100,0.01,0.003,1,9,random,,random,single_objective
520,0.029040167400048732,0.08653969885214523,0.0034395000000000007,[0.         0.         0.         0.         0.10054628 0.         0.         0.         0.1        0.         0.         0.         0.         0.         0.         0.         0.         0.         0.         0.         0.         0.         0.         0.         0.         0.16976736 0.         0.1010415  0.         0.         0.1       ],[0. 0. 0. 0. 1. 0. 0. 0. 1. 0. 0. 0. 0. 0. 0. 0. 0. 0. 0. 0. 0. 0. 0. 0. 0. 1. 0. 1. 0. 0. 1.],5.0,1000,100,0.01,0.003,1,9,random,,random,single_objective
521,0.029040167400048732,0.08653969885214523,0.0034395000000000007,[0.         0.         0.         0.         0.10054628 0.         0.         0.         0.1        0.         0.         0.         0.         0.         0.         0.         0.         0.         0.         0.         0.         0.         0.         0.         0.         0.16976736 0.         0.1010415  0.         0.         0.1       ],[0. 0. 0. 0. 1. 0. 0. 0. 1. 0. 0. 0. 0. 0. 0. 0. 0. 0. 0. 0. 0. 0. 0. 0. 0. 1. 0. 1. 0. 0. 1.],5.0,1000,100,0.01,0.003,1,9,random,,random,single_objective
522,0.029040167400048732,0.08653969885214523,0.0034395000000000007,[0.         0.         0.         0.         0.10054628 0.         0.         0.         0.1        0.         0.         0.         0.         0.         0.         0.         0.         0.         0.         0.         0.         0.         0.         0.         0.         0.16976736 0.         0.1010415  0.         0.         0.1       ],[0. 0. 0. 0. 1. 0. 0. 0. 1. 0. 0. 0. 0. 0. 0. 0. 0. 0. 0. 0. 0. 0. 0. 0. 0. 1. 0. 1. 0. 0. 1.],5.0,1000,100,0.01,0.003,1,9,random,,random,single_objective
523,0.029040167400048732,0.08653969885214523,0.0034395000000000007,[0.         0.         0.         0.         0.10054628 0.         0.         0.         0.1        0.         0.         0.         0.         0.         0.         0.         0.         0.         0.         0.         0.         0.         0.         0.         0.         0.16976736 0.         0.1010415  0.         0.         0.1       ],[0. 0. 0. 0. 1. 0. 0. 0. 1. 0. 0. 0. 0. 0. 0. 0. 0. 0. 0. 0. 0. 0. 0. 0. 0. 1. 0. 1. 0. 0. 1.],5.0,1000,100,0.01,0.003,1,9,random,,random,single_objective
524,0.029040167400048732,0.08653969885214523,0.0034395000000000007,[0.         0.         0.         0.         0.10054628 0.         0.         0.         0.1        0.         0.         0.         0.         0.         0.         0.         0.         0.         0.         0.         0.         0.         0.         0.         0.         0.16976736 0.         0.1010415  0.         0.         0.1       ],[0. 0. 0. 0. 1. 0. 0. 0. 1. 0. 0. 0. 0. 0. 0. 0. 0. 0. 0. 0. 0. 0. 0. 0. 0. 1. 0. 1. 0. 0. 1.],5.0,1000,100,0.01,0.003,1,9,random,,random,single_objective
525,0.029040167400048732,0.08653969885214523,0.0034395000000000007,[0.         0.         0.         0.         0.10054628 0.         0.         0.         0.1        0.         0.         0.         0.         0.         0.         0.         0.         0.         0.         0.         0.         0.         0.         0.         0.         0.16976736 0.         0.1010415  0.         0.         0.1       ],[0. 0. 0. 0. 1. 0. 0. 0. 1. 0. 0. 0. 0. 0. 0. 0. 0. 0. 0. 0. 0. 0. 0. 0. 0. 1. 0. 1. 0. 0. 1.],5.0,1000,100,0.01,0.003,1,9,random,,random,single_objective
526,0.029040167400048732,0.08653969885214523,0.0034395000000000007,[0.         0.         0.         0.         0.10054628 0.         0.         0.         0.1        0.         0.         0.         0.         0.         0.         0.         0.         0.         0.         0.         0.         0.         0.         0.         0.         0.16976736 0.         0.1010415  0.         0.         0.1       ],[0. 0. 0. 0. 1. 0. 0. 0. 1. 0. 0. 0. 0. 0. 0. 0. 0. 0. 0. 0. 0. 0. 0. 0. 0. 1. 0. 1. 0. 0. 1.],5.0,1000,100,0.01,0.003,1,9,random,,random,single_objective
527,0.029040167400048732,0.08653969885214523,0.0034395000000000007,[0.         0.         0.         0.         0.10054628 0.         0.         0.         0.1        0.         0.         0.         0.         0.         0.         0.         0.         0.         0.         0.         0.         0.         0.         0.         0.         0.16976736 0.         0.1010415  0.         0.         0.1       ],[0. 0. 0. 0. 1. 0. 0. 0. 1. 0. 0. 0. 0. 0. 0. 0. 0. 0. 0. 0. 0. 0. 0. 0. 0. 1. 0. 1. 0. 0. 1.],5.0,1000,100,0.01,0.003,1,9,random,,random,single_objective
528,0.029040167400048732,0.08653969885214523,0.0034395000000000007,[0.         0.         0.         0.         0.10054628 0.         0.         0.         0.1        0.         0.         0.         0.         0.         0.         0.         0.         0.         0.         0.         0.         0.         0.         0.         0.         0.16976736 0.         0.1010415  0.         0.         0.1       ],[0. 0. 0. 0. 1. 0. 0. 0. 1. 0. 0. 0. 0. 0. 0. 0. 0. 0. 0. 0. 0. 0. 0. 0. 0. 1. 0. 1. 0. 0. 1.],5.0,1000,100,0.01,0.003,1,9,random,,random,single_objective
529,0.029040167400048732,0.08653969885214523,0.0034395000000000007,[0.         0.         0.         0.         0.10054628 0.         0.         0.         0.1        0.         0.         0.         0.         0.         0.         0.         0.         0.         0.         0.         0.         0.         0.         0.         0.         0.16976736 0.         0.1010415  0.         0.         0.1       ],[0. 0. 0. 0. 1. 0. 0. 0. 1. 0. 0. 0. 0. 0. 0. 0. 0. 0. 0. 0. 0. 0. 0. 0. 0. 1. 0. 1. 0. 0. 1.],5.0,1000,100,0.01,0.003,1,9,random,,random,single_objective
530,0.029040167400048732,0.08653969885214523,0.0034395000000000007,[0.         0.         0.         0.         0.10054628 0.         0.         0.         0.1        0.         0.         0.         0.         0.         0.         0.         0.         0.         0.         0.         0.         0.         0.         0.         0.         0.16976736 0.         0.1010415  0.         0.         0.1       ],[0. 0. 0. 0. 1. 0. 0. 0. 1. 0. 0. 0. 0. 0. 0. 0. 0. 0. 0. 0. 0. 0. 0. 0. 0. 1. 0. 1. 0. 0. 1.],5.0,1000,100,0.01,0.003,1,9,random,,random,single_objective
531,0.029040167400048732,0.08653969885214523,0.0034395000000000007,[0.         0.         0.         0.         0.10054628 0.         0.         0.         0.1        0.         0.         0.         0.         0.         0.         0.         0.         0.         0.         0.         0.         0.         0.         0.         0.         0.16976736 0.         0.1010415  0.         0.         0.1       ],[0. 0. 0. 0. 1. 0. 0. 0. 1. 0. 0. 0. 0. 0. 0. 0. 0. 0. 0. 0. 0. 0. 0. 0. 0. 1. 0. 1. 0. 0. 1.],5.0,1000,100,0.01,0.003,1,9,random,,random,single_objective
532,0.029040167400048732,0.08653969885214523,0.0034395000000000007,[0.         0.         0.         0.         0.10054628 0.         0.         0.         0.1        0.         0.         0.         0.         0.         0.         0.         0.         0.         0.         0.         0.         0.         0.         0.         0.         0.16976736 0.         0.1010415  0.         0.         0.1       ],[0. 0. 0. 0. 1. 0. 0. 0. 1. 0. 0. 0. 0. 0. 0. 0. 0. 0. 0. 0. 0. 0. 0. 0. 0. 1. 0. 1. 0. 0. 1.],5.0,1000,100,0.01,0.003,1,9,random,,random,single_objective
533,0.029040167400048732,0.08653969885214523,0.0034395000000000007,[0.         0.         0.         0.         0.10054628 0.         0.         0.         0.1        0.         0.         0.         0.         0.         0.         0.         0.         0.         0.         0.         0.         0.         0.         0.         0.         0.16976736 0.         0.1010415  0.         0.         0.1       ],[0. 0. 0. 0. 1. 0. 0. 0. 1. 0. 0. 0. 0. 0. 0. 0. 0. 0. 0. 0. 0. 0. 0. 0. 0. 1. 0. 1. 0. 0. 1.],5.0,1000,100,0.01,0.003,1,9,random,,random,single_objective
534,0.029040167400048732,0.08653969885214523,0.0034395000000000007,[0.         0.         0.         0.         0.10054628 0.         0.         0.         0.1        0.         0.         0.         0.         0.         0.         0.         0.         0.         0.         0.         0.         0.         0.         0.         0.         0.16976736 0.         0.1010415  0.         0.         0.1       ],[0. 0. 0. 0. 1. 0. 0. 0. 1. 0. 0. 0. 0. 0. 0. 0. 0. 0. 0. 0. 0. 0. 0. 0. 0. 1. 0. 1. 0. 0. 1.],5.0,1000,100,0.01,0.003,1,9,random,,random,single_objective
535,0.029040167400048732,0.08653969885214523,0.0034395000000000007,[0.         0.         0.         0.         0.10054628 0.         0.         0.         0.1        0.         0.         0.         0.         0.         0.         0.         0.         0.         0.         0.         0.         0.         0.         0.         0.         0.16976736 0.         0.1010415  0.         0.         0.1       ],[0. 0. 0. 0. 1. 0. 0. 0. 1. 0. 0. 0. 0. 0. 0. 0. 0. 0. 0. 0. 0. 0. 0. 0. 0. 1. 0. 1. 0. 0. 1.],5.0,1000,100,0.01,0.003,1,9,random,,random,single_objective
536,0.029040167400048732,0.08653969885214523,0.0034395000000000007,[0.         0.         0.         0.         0.10054628 0.         0.         0.         0.1        0.         0.         0.         0.         0.         0.         0.         0.         0.         0.         0.         0.         0.         0.         0.         0.         0.16976736 0.         0.1010415  0.         0.         0.1       ],[0. 0. 0. 0. 1. 0. 0. 0. 1. 0. 0. 0. 0. 0. 0. 0. 0. 0. 0. 0. 0. 0. 0. 0. 0. 1. 0. 1. 0. 0. 1.],5.0,1000,100,0.01,0.003,1,9,random,,random,single_objective
537,0.029040167400048732,0.08653969885214523,0.0034395000000000007,[0.         0.         0.         0.         0.10054628 0.         0.         0.         0.1        0.         0.         0.         0.         0.         0.         0.         0.         0.         0.         0.         0.         0.         0.         0.         0.         0.16976736 0.         0.1010415  0.         0.         0.1       ],[0. 0. 0. 0. 1. 0. 0. 0. 1. 0. 0. 0. 0. 0. 0. 0. 0. 0. 0. 0. 0. 0. 0. 0. 0. 1. 0. 1. 0. 0. 1.],5.0,1000,100,0.01,0.003,1,9,random,,random,single_objective
538,0.029040167400048732,0.08653969885214523,0.0034395000000000007,[0.         0.         0.         0.         0.10054628 0.         0.         0.         0.1        0.         0.         0.         0.         0.         0.         0.         0.         0.         0.         0.         0.         0.         0.         0.         0.         0.16976736 0.         0.1010415  0.         0.         0.1       ],[0. 0. 0. 0. 1. 0. 0. 0. 1. 0. 0. 0. 0. 0. 0. 0. 0. 0. 0. 0. 0. 0. 0. 0. 0. 1. 0. 1. 0. 0. 1.],5.0,1000,100,0.01,0.003,1,9,random,,random,single_objective
539,0.029040167400048732,0.08653969885214523,0.0034395000000000007,[0.         0.         0.         0.         0.10054628 0.         0.         0.         0.1        0.         0.         0.         0.         0.         0.         0.         0.         0.         0.         0.         0.         0.         0.         0.         0.         0.16976736 0.         0.1010415  0.         0.         0.1       ],[0. 0. 0. 0. 1. 0. 0. 0. 1. 0. 0. 0. 0. 0. 0. 0. 0. 0. 0. 0. 0. 0. 0. 0. 0. 1. 0. 1. 0. 0. 1.],5.0,1000,100,0.01,0.003,1,9,random,,random,single_objective
540,0.029040167400048732,0.08653969885214523,0.0034395000000000007,[0.         0.         0.         0.         0.10054628 0.         0.         0.         0.1        0.         0.         0.         0.         0.         0.         0.         0.         0.         0.         0.         0.         0.         0.         0.         0.         0.16976736 0.         0.1010415  0.         0.         0.1       ],[0. 0. 0. 0. 1. 0. 0. 0. 1. 0. 0. 0. 0. 0. 0. 0. 0. 0. 0. 0. 0. 0. 0. 0. 0. 1. 0. 1. 0. 0. 1.],5.0,1000,100,0.01,0.003,1,9,random,,random,single_objective
541,0.029040167400048732,0.08653969885214523,0.0034395000000000007,[0.         0.         0.         0.         0.10054628 0.         0.         0.         0.1        0.         0.         0.         0.         0.         0.         0.         0.         0.         0.         0.         0.         0.         0.         0.         0.         0.16976736 0.         0.1010415  0.         0.         0.1       ],[0. 0. 0. 0. 1. 0. 0. 0. 1. 0. 0. 0. 0. 0. 0. 0. 0. 0. 0. 0. 0. 0. 0. 0. 0. 1. 0. 1. 0. 0. 1.],5.0,1000,100,0.01,0.003,1,9,random,,random,single_objective
542,0.029040167400048732,0.08653969885214523,0.0034395000000000007,[0.         0.         0.         0.         0.10054628 0.         0.         0.         0.1        0.         0.         0.         0.         0.         0.         0.         0.         0.         0.         0.         0.         0.         0.         0.         0.         0.16976736 0.         0.1010415  0.         0.         0.1       ],[0. 0. 0. 0. 1. 0. 0. 0. 1. 0. 0. 0. 0. 0. 0. 0. 0. 0. 0. 0. 0. 0. 0. 0. 0. 1. 0. 1. 0. 0. 1.],5.0,1000,100,0.01,0.003,1,9,random,,random,single_objective
543,0.029040167400048732,0.08653969885214523,0.0034395000000000007,[0.         0.         0.         0.         0.10054628 0.         0.         0.         0.1        0.         0.         0.         0.         0.         0.         0.         0.         0.         0.         0.         0.         0.         0.         0.         0.         0.16976736 0.         0.1010415  0.         0.         0.1       ],[0. 0. 0. 0. 1. 0. 0. 0. 1. 0. 0. 0. 0. 0. 0. 0. 0. 0. 0. 0. 0. 0. 0. 0. 0. 1. 0. 1. 0. 0. 1.],5.0,1000,100,0.01,0.003,1,9,random,,random,single_objective
544,0.029040167400048732,0.08653969885214523,0.0034395000000000007,[0.         0.         0.         0.         0.10054628 0.         0.         0.         0.1        0.         0.         0.         0.         0.         0.         0.         0.         0.         0.         0.         0.         0.         0.         0.         0.         0.16976736 0.         0.1010415  0.         0.         0.1       ],[0. 0. 0. 0. 1. 0. 0. 0. 1. 0. 0. 0. 0. 0. 0. 0. 0. 0. 0. 0. 0. 0. 0. 0. 0. 1. 0. 1. 0. 0. 1.],5.0,1000,100,0.01,0.003,1,9,random,,random,single_objective
545,0.029040167400048732,0.08653969885214523,0.0034395000000000007,[0.         0.         0.         0.         0.10054628 0.         0.         0.         0.1        0.         0.         0.         0.         0.         0.         0.         0.         0.         0.         0.         0.         0.         0.         0.         0.         0.16976736 0.         0.1010415  0.         0.         0.1       ],[0. 0. 0. 0. 1. 0. 0. 0. 1. 0. 0. 0. 0. 0. 0. 0. 0. 0. 0. 0. 0. 0. 0. 0. 0. 1. 0. 1. 0. 0. 1.],5.0,1000,100,0.01,0.003,1,9,random,,random,single_objective
546,0.029040167400048732,0.08653969885214523,0.0034395000000000007,[0.         0.         0.         0.         0.10054628 0.         0.         0.         0.1        0.         0.         0.         0.         0.         0.         0.         0.         0.         0.         0.         0.         0.         0.         0.         0.         0.16976736 0.         0.1010415  0.         0.         0.1       ],[0. 0. 0. 0. 1. 0. 0. 0. 1. 0. 0. 0. 0. 0. 0. 0. 0. 0. 0. 0. 0. 0. 0. 0. 0. 1. 0. 1. 0. 0. 1.],5.0,1000,100,0.01,0.003,1,9,random,,random,single_objective
547,0.029040167400048732,0.08653969885214523,0.0034395000000000007,[0.         0.         0.         0.         0.10054628 0.         0.         0.         0.1        0.         0.         0.         0.         0.         0.         0.         0.         0.         0.         0.         0.         0.         0.         0.         0.         0.16976736 0.         0.1010415  0.         0.         0.1       ],[0. 0. 0. 0. 1. 0. 0. 0. 1. 0. 0. 0. 0. 0. 0. 0. 0. 0. 0. 0. 0. 0. 0. 0. 0. 1. 0. 1. 0. 0. 1.],5.0,1000,100,0.01,0.003,1,9,random,,random,single_objective
548,0.029040167400048732,0.08653969885214523,0.0034395000000000007,[0.         0.         0.         0.         0.10054628 0.         0.         0.         0.1        0.         0.         0.         0.         0.         0.         0.         0.         0.         0.         0.         0.         0.         0.         0.         0.         0.16976736 0.         0.1010415  0.         0.         0.1       ],[0. 0. 0. 0. 1. 0. 0. 0. 1. 0. 0. 0. 0. 0. 0. 0. 0. 0. 0. 0. 0. 0. 0. 0. 0. 1. 0. 1. 0. 0. 1.],5.0,1000,100,0.01,0.003,1,9,random,,random,single_objective
549,0.029040167400048732,0.08653969885214523,0.0034395000000000007,[0.         0.         0.         0.         0.10054628 0.         0.         0.         0.1        0.         0.         0.         0.         0.         0.         0.         0.         0.         0.         0.         0.         0.         0.         0.         0.         0.16976736 0.         0.1010415  0.         0.         0.1       ],[0. 0. 0. 0. 1. 0. 0. 0. 1. 0. 0. 0. 0. 0. 0. 0. 0. 0. 0. 0. 0. 0. 0. 0. 0. 1. 0. 1. 0. 0. 1.],5.0,1000,100,0.01,0.003,1,9,random,,random,single_objective
550,0.029040167400048732,0.08653969885214523,0.0034395000000000007,[0.         0.         0.         0.         0.10054628 0.         0.         0.         0.1        0.         0.         0.         0.         0.         0.         0.         0.         0.         0.         0.         0.         0.         0.         0.         0.         0.16976736 0.         0.1010415  0.         0.         0.1       ],[0. 0. 0. 0. 1. 0. 0. 0. 1. 0. 0. 0. 0. 0. 0. 0. 0. 0. 0. 0. 0. 0. 0. 0. 0. 1. 0. 1. 0. 0. 1.],5.0,1000,100,0.01,0.003,1,9,random,,random,single_objective
551,0.029040167400048732,0.08653969885214523,0.0034395000000000007,[0.         0.         0.         0.         0.10054628 0.         0.         0.         0.1        0.         0.         0.         0.         0.         0.         0.         0.         0.         0.         0.         0.         0.         0.         0.         0.         0.16976736 0.         0.1010415  0.         0.         0.1       ],[0. 0. 0. 0. 1. 0. 0. 0. 1. 0. 0. 0. 0. 0. 0. 0. 0. 0. 0. 0. 0. 0. 0. 0. 0. 1. 0. 1. 0. 0. 1.],5.0,1000,100,0.01,0.003,1,9,random,,random,single_objective
552,0.029040167400048732,0.08653969885214523,0.0034395000000000007,[0.         0.         0.         0.         0.10054628 0.         0.         0.         0.1        0.         0.         0.         0.         0.         0.         0.         0.         0.         0.         0.         0.         0.         0.         0.         0.         0.16976736 0.         0.1010415  0.         0.         0.1       ],[0. 0. 0. 0. 1. 0. 0. 0. 1. 0. 0. 0. 0. 0. 0. 0. 0. 0. 0. 0. 0. 0. 0. 0. 0. 1. 0. 1. 0. 0. 1.],5.0,1000,100,0.01,0.003,1,9,random,,random,single_objective
553,0.029040167400048732,0.08653969885214523,0.0034395000000000007,[0.         0.         0.         0.         0.10054628 0.         0.         0.         0.1        0.         0.         0.         0.         0.         0.         0.         0.         0.         0.         0.         0.         0.         0.         0.         0.         0.16976736 0.         0.1010415  0.         0.         0.1       ],[0. 0. 0. 0. 1. 0. 0. 0. 1. 0. 0. 0. 0. 0. 0. 0. 0. 0. 0. 0. 0. 0. 0. 0. 0. 1. 0. 1. 0. 0. 1.],5.0,1000,100,0.01,0.003,1,9,random,,random,single_objective
554,0.029040167400048732,0.08653969885214523,0.0034395000000000007,[0.         0.         0.         0.         0.10054628 0.         0.         0.         0.1        0.         0.         0.         0.         0.         0.         0.         0.         0.         0.         0.         0.         0.         0.         0.         0.         0.16976736 0.         0.1010415  0.         0.         0.1       ],[0. 0. 0. 0. 1. 0. 0. 0. 1. 0. 0. 0. 0. 0. 0. 0. 0. 0. 0. 0. 0. 0. 0. 0. 0. 1. 0. 1. 0. 0. 1.],5.0,1000,100,0.01,0.003,1,9,random,,random,single_objective
555,0.029040167400048732,0.08653969885214523,0.0034395000000000007,[0.         0.         0.         0.         0.10054628 0.         0.         0.         0.1        0.         0.         0.         0.         0.         0.         0.         0.         0.         0.         0.         0.         0.         0.         0.         0.         0.16976736 0.         0.1010415  0.         0.         0.1       ],[0. 0. 0. 0. 1. 0. 0. 0. 1. 0. 0. 0. 0. 0. 0. 0. 0. 0. 0. 0. 0. 0. 0. 0. 0. 1. 0. 1. 0. 0. 1.],5.0,1000,100,0.01,0.003,1,9,random,,random,single_objective
556,0.029040167400048732,0.08653969885214523,0.0034395000000000007,[0.         0.         0.         0.         0.10054628 0.         0.         0.         0.1        0.         0.         0.         0.         0.         0.         0.         0.         0.         0.         0.         0.         0.         0.         0.         0.         0.16976736 0.         0.1010415  0.         0.         0.1       ],[0. 0. 0. 0. 1. 0. 0. 0. 1. 0. 0. 0. 0. 0. 0. 0. 0. 0. 0. 0. 0. 0. 0. 0. 0. 1. 0. 1. 0. 0. 1.],5.0,1000,100,0.01,0.003,1,9,random,,random,single_objective
557,0.029040167400048732,0.08653969885214523,0.0034395000000000007,[0.         0.         0.         0.         0.10054628 0.         0.         0.         0.1        0.         0.         0.         0.         0.         0.         0.         0.         0.         0.         0.         0.         0.         0.         0.         0.         0.16976736 0.         0.1010415  0.         0.         0.1       ],[0. 0. 0. 0. 1. 0. 0. 0. 1. 0. 0. 0. 0. 0. 0. 0. 0. 0. 0. 0. 0. 0. 0. 0. 0. 1. 0. 1. 0. 0. 1.],5.0,1000,100,0.01,0.003,1,9,random,,random,single_objective
558,0.029040167400048732,0.08653969885214523,0.0034395000000000007,[0.         0.         0.         0.         0.10054628 0.         0.         0.         0.1        0.         0.         0.         0.         0.         0.         0.         0.         0.         0.         0.         0.         0.         0.         0.         0.         0.16976736 0.         0.1010415  0.         0.         0.1       ],[0. 0. 0. 0. 1. 0. 0. 0. 1. 0. 0. 0. 0. 0. 0. 0. 0. 0. 0. 0. 0. 0. 0. 0. 0. 1. 0. 1. 0. 0. 1.],5.0,1000,100,0.01,0.003,1,9,random,,random,single_objective
559,0.029040167400048732,0.08653969885214523,0.0034395000000000007,[0.         0.         0.         0.         0.10054628 0.         0.         0.         0.1        0.         0.         0.         0.         0.         0.         0.         0.         0.         0.         0.         0.         0.         0.         0.         0.         0.16976736 0.         0.1010415  0.         0.         0.1       ],[0. 0. 0. 0. 1. 0. 0. 0. 1. 0. 0. 0. 0. 0. 0. 0. 0. 0. 0. 0. 0. 0. 0. 0. 0. 1. 0. 1. 0. 0. 1.],5.0,1000,100,0.01,0.003,1,9,random,,random,single_objective
560,0.029040167400048732,0.08653969885214523,0.0034395000000000007,[0.         0.         0.         0.         0.10054628 0.         0.         0.         0.1        0.         0.         0.         0.         0.         0.         0.         0.         0.         0.         0.         0.         0.         0.         0.         0.         0.16976736 0.         0.1010415  0.         0.         0.1       ],[0. 0. 0. 0. 1. 0. 0. 0. 1. 0. 0. 0. 0. 0. 0. 0. 0. 0. 0. 0. 0. 0. 0. 0. 0. 1. 0. 1. 0. 0. 1.],5.0,1000,100,0.01,0.003,1,9,random,,random,single_objective
561,0.029040167400048732,0.08653969885214523,0.0034395000000000007,[0.         0.         0.         0.         0.10054628 0.         0.         0.         0.1        0.         0.         0.         0.         0.         0.         0.         0.         0.         0.         0.         0.         0.         0.         0.         0.         0.16976736 0.         0.1010415  0.         0.         0.1       ],[0. 0. 0. 0. 1. 0. 0. 0. 1. 0. 0. 0. 0. 0. 0. 0. 0. 0. 0. 0. 0. 0. 0. 0. 0. 1. 0. 1. 0. 0. 1.],5.0,1000,100,0.01,0.003,1,9,random,,random,single_objective
562,0.029040167400048732,0.08653969885214523,0.0034395000000000007,[0.         0.         0.         0.         0.10054628 0.         0.         0.         0.1        0.         0.         0.         0.         0.         0.         0.         0.         0.         0.         0.         0.         0.         0.         0.         0.         0.16976736 0.         0.1010415  0.         0.         0.1       ],[0. 0. 0. 0. 1. 0. 0. 0. 1. 0. 0. 0. 0. 0. 0. 0. 0. 0. 0. 0. 0. 0. 0. 0. 0. 1. 0. 1. 0. 0. 1.],5.0,1000,100,0.01,0.003,1,9,random,,random,single_objective
563,0.029040167400048732,0.08653969885214523,0.0034395000000000007,[0.         0.         0.         0.         0.10054628 0.         0.         0.         0.1        0.         0.         0.         0.         0.         0.         0.         0.         0.         0.         0.         0.         0.         0.         0.         0.         0.16976736 0.         0.1010415  0.         0.         0.1       ],[0. 0. 0. 0. 1. 0. 0. 0. 1. 0. 0. 0. 0. 0. 0. 0. 0. 0. 0. 0. 0. 0. 0. 0. 0. 1. 0. 1. 0. 0. 1.],5.0,1000,100,0.01,0.003,1,9,random,,random,single_objective
564,0.029040167400048732,0.08653969885214523,0.0034395000000000007,[0.         0.         0.         0.         0.10054628 0.         0.         0.         0.1        0.         0.         0.         0.         0.         0.         0.         0.         0.         0.         0.         0.         0.         0.         0.         0.         0.16976736 0.         0.1010415  0.         0.         0.1       ],[0. 0. 0. 0. 1. 0. 0. 0. 1. 0. 0. 0. 0. 0. 0. 0. 0. 0. 0. 0. 0. 0. 0. 0. 0. 1. 0. 1. 0. 0. 1.],5.0,1000,100,0.01,0.003,1,9,random,,random,single_objective
565,0.029040167400048732,0.08653969885214523,0.0034395000000000007,[0.         0.         0.         0.         0.10054628 0.         0.         0.         0.1        0.         0.         0.         0.         0.         0.         0.         0.         0.         0.         0.         0.         0.         0.         0.         0.         0.16976736 0.         0.1010415  0.         0.         0.1       ],[0. 0. 0. 0. 1. 0. 0. 0. 1. 0. 0. 0. 0. 0. 0. 0. 0. 0. 0. 0. 0. 0. 0. 0. 0. 1. 0. 1. 0. 0. 1.],5.0,1000,100,0.01,0.003,1,9,random,,random,single_objective
566,0.029040167400048732,0.08653969885214523,0.0034395000000000007,[0.         0.         0.         0.         0.10054628 0.         0.         0.         0.1        0.         0.         0.         0.         0.         0.         0.         0.         0.         0.         0.         0.         0.         0.         0.         0.         0.16976736 0.         0.1010415  0.         0.         0.1       ],[0. 0. 0. 0. 1. 0. 0. 0. 1. 0. 0. 0. 0. 0. 0. 0. 0. 0. 0. 0. 0. 0. 0. 0. 0. 1. 0. 1. 0. 0. 1.],5.0,1000,100,0.01,0.003,1,9,random,,random,single_objective
567,0.029040167400048732,0.08653969885214523,0.0034395000000000007,[0.         0.         0.         0.         0.10054628 0.         0.         0.         0.1        0.         0.         0.         0.         0.         0.         0.         0.         0.         0.         0.         0.         0.         0.         0.         0.         0.16976736 0.         0.1010415  0.         0.         0.1       ],[0. 0. 0. 0. 1. 0. 0. 0. 1. 0. 0. 0. 0. 0. 0. 0. 0. 0. 0. 0. 0. 0. 0. 0. 0. 1. 0. 1. 0. 0. 1.],5.0,1000,100,0.01,0.003,1,9,random,,random,single_objective
568,0.029040167400048732,0.08653969885214523,0.0034395000000000007,[0.         0.         0.         0.         0.10054628 0.         0.         0.         0.1        0.         0.         0.         0.         0.         0.         0.         0.         0.         0.         0.         0.         0.         0.         0.         0.         0.16976736 0.         0.1010415  0.         0.         0.1       ],[0. 0. 0. 0. 1. 0. 0. 0. 1. 0. 0. 0. 0. 0. 0. 0. 0. 0. 0. 0. 0. 0. 0. 0. 0. 1. 0. 1. 0. 0. 1.],5.0,1000,100,0.01,0.003,1,9,random,,random,single_objective
569,0.029040167400048732,0.08653969885214523,0.0034395000000000007,[0.         0.         0.         0.         0.10054628 0.         0.         0.         0.1        0.         0.         0.         0.         0.         0.         0.         0.         0.         0.         0.         0.         0.         0.         0.         0.         0.16976736 0.         0.1010415  0.         0.         0.1       ],[0. 0. 0. 0. 1. 0. 0. 0. 1. 0. 0. 0. 0. 0. 0. 0. 0. 0. 0. 0. 0. 0. 0. 0. 0. 1. 0. 1. 0. 0. 1.],5.0,1000,100,0.01,0.003,1,9,random,,random,single_objective
570,0.029040167400048732,0.08653969885214523,0.0034395000000000007,[0.         0.         0.         0.         0.10054628 0.         0.         0.         0.1        0.         0.         0.         0.         0.         0.         0.         0.         0.         0.         0.         0.         0.         0.         0.         0.         0.16976736 0.         0.1010415  0.         0.         0.1       ],[0. 0. 0. 0. 1. 0. 0. 0. 1. 0. 0. 0. 0. 0. 0. 0. 0. 0. 0. 0. 0. 0. 0. 0. 0. 1. 0. 1. 0. 0. 1.],5.0,1000,100,0.01,0.003,1,9,random,,random,single_objective
571,0.029040167400048732,0.08653969885214523,0.0034395000000000007,[0.         0.         0.         0.         0.10054628 0.         0.         0.         0.1        0.         0.         0.         0.         0.         0.         0.         0.         0.         0.         0.         0.         0.         0.         0.         0.         0.16976736 0.         0.1010415  0.         0.         0.1       ],[0. 0. 0. 0. 1. 0. 0. 0. 1. 0. 0. 0. 0. 0. 0. 0. 0. 0. 0. 0. 0. 0. 0. 0. 0. 1. 0. 1. 0. 0. 1.],5.0,1000,100,0.01,0.003,1,9,random,,random,single_objective
572,0.029040167400048732,0.08653969885214523,0.0034395000000000007,[0.         0.         0.         0.         0.10054628 0.         0.         0.         0.1        0.         0.         0.         0.         0.         0.         0.         0.         0.         0.         0.         0.         0.         0.         0.         0.         0.16976736 0.         0.1010415  0.         0.         0.1       ],[0. 0. 0. 0. 1. 0. 0. 0. 1. 0. 0. 0. 0. 0. 0. 0. 0. 0. 0. 0. 0. 0. 0. 0. 0. 1. 0. 1. 0. 0. 1.],5.0,1000,100,0.01,0.003,1,9,random,,random,single_objective
573,0.029040167400048732,0.08653969885214523,0.0034395000000000007,[0.         0.         0.         0.         0.10054628 0.         0.         0.         0.1        0.         0.         0.         0.         0.         0.         0.         0.         0.         0.         0.         0.         0.         0.         0.         0.         0.16976736 0.         0.1010415  0.         0.         0.1       ],[0. 0. 0. 0. 1. 0. 0. 0. 1. 0. 0. 0. 0. 0. 0. 0. 0. 0. 0. 0. 0. 0. 0. 0. 0. 1. 0. 1. 0. 0. 1.],5.0,1000,100,0.01,0.003,1,9,random,,random,single_objective
574,0.029040167400048732,0.08653969885214523,0.0034395000000000007,[0.         0.         0.         0.         0.10054628 0.         0.         0.         0.1        0.         0.         0.         0.         0.         0.         0.         0.         0.         0.         0.         0.         0.         0.         0.         0.         0.16976736 0.         0.1010415  0.         0.         0.1       ],[0. 0. 0. 0. 1. 0. 0. 0. 1. 0. 0. 0. 0. 0. 0. 0. 0. 0. 0. 0. 0. 0. 0. 0. 0. 1. 0. 1. 0. 0. 1.],5.0,1000,100,0.01,0.003,1,9,random,,random,single_objective
575,0.029040167400048732,0.08653969885214523,0.0034395000000000007,[0.         0.         0.         0.         0.10054628 0.         0.         0.         0.1        0.         0.         0.         0.         0.         0.         0.         0.         0.         0.         0.         0.         0.         0.         0.         0.         0.16976736 0.         0.1010415  0.         0.         0.1       ],[0. 0. 0. 0. 1. 0. 0. 0. 1. 0. 0. 0. 0. 0. 0. 0. 0. 0. 0. 0. 0. 0. 0. 0. 0. 1. 0. 1. 0. 0. 1.],5.0,1000,100,0.01,0.003,1,9,random,,random,single_objective
576,0.029040167400048732,0.08653969885214523,0.0034395000000000007,[0.         0.         0.         0.         0.10054628 0.         0.         0.         0.1        0.         0.         0.         0.         0.         0.         0.         0.         0.         0.         0.         0.         0.         0.         0.         0.         0.16976736 0.         0.1010415  0.         0.         0.1       ],[0. 0. 0. 0. 1. 0. 0. 0. 1. 0. 0. 0. 0. 0. 0. 0. 0. 0. 0. 0. 0. 0. 0. 0. 0. 1. 0. 1. 0. 0. 1.],5.0,1000,100,0.01,0.003,1,9,random,,random,single_objective
577,0.029040167400048732,0.08653969885214523,0.0034395000000000007,[0.         0.         0.         0.         0.10054628 0.         0.         0.         0.1        0.         0.         0.         0.         0.         0.         0.         0.         0.         0.         0.         0.         0.         0.         0.         0.         0.16976736 0.         0.1010415  0.         0.         0.1       ],[0. 0. 0. 0. 1. 0. 0. 0. 1. 0. 0. 0. 0. 0. 0. 0. 0. 0. 0. 0. 0. 0. 0. 0. 0. 1. 0. 1. 0. 0. 1.],5.0,1000,100,0.01,0.003,1,9,random,,random,single_objective
578,0.029040167400048732,0.08653969885214523,0.0034395000000000007,[0.         0.         0.         0.         0.10054628 0.         0.         0.         0.1        0.         0.         0.         0.         0.         0.         0.         0.         0.         0.         0.         0.         0.         0.         0.         0.         0.16976736 0.         0.1010415  0.         0.         0.1       ],[0. 0. 0. 0. 1. 0. 0. 0. 1. 0. 0. 0. 0. 0. 0. 0. 0. 0. 0. 0. 0. 0. 0. 0. 0. 1. 0. 1. 0. 0. 1.],5.0,1000,100,0.01,0.003,1,9,random,,random,single_objective
579,0.029040167400048732,0.08653969885214523,0.0034395000000000007,[0.         0.         0.         0.         0.10054628 0.         0.         0.         0.1        0.         0.         0.         0.         0.         0.         0.         0.         0.         0.         0.         0.         0.         0.         0.         0.         0.16976736 0.         0.1010415  0.         0.         0.1       ],[0. 0. 0. 0. 1. 0. 0. 0. 1. 0. 0. 0. 0. 0. 0. 0. 0. 0. 0. 0. 0. 0. 0. 0. 0. 1. 0. 1. 0. 0. 1.],5.0,1000,100,0.01,0.003,1,9,random,,random,single_objective
580,0.029040167400048732,0.08653969885214523,0.0034395000000000007,[0.         0.         0.         0.         0.10054628 0.         0.         0.         0.1        0.         0.         0.         0.         0.         0.         0.         0.         0.         0.         0.         0.         0.         0.         0.         0.         0.16976736 0.         0.1010415  0.         0.         0.1       ],[0. 0. 0. 0. 1. 0. 0. 0. 1. 0. 0. 0. 0. 0. 0. 0. 0. 0. 0. 0. 0. 0. 0. 0. 0. 1. 0. 1. 0. 0. 1.],5.0,1000,100,0.01,0.003,1,9,random,,random,single_objective
581,0.029040167400048732,0.08653969885214523,0.0034395000000000007,[0.         0.         0.         0.         0.10054628 0.         0.         0.         0.1        0.         0.         0.         0.         0.         0.         0.         0.         0.         0.         0.         0.         0.         0.         0.         0.         0.16976736 0.         0.1010415  0.         0.         0.1       ],[0. 0. 0. 0. 1. 0. 0. 0. 1. 0. 0. 0. 0. 0. 0. 0. 0. 0. 0. 0. 0. 0. 0. 0. 0. 1. 0. 1. 0. 0. 1.],5.0,1000,100,0.01,0.003,1,9,random,,random,single_objective
582,0.029040167400048732,0.08653969885214523,0.0034395000000000007,[0.         0.         0.         0.         0.10054628 0.         0.         0.         0.1        0.         0.         0.         0.         0.         0.         0.         0.         0.         0.         0.         0.         0.         0.         0.         0.         0.16976736 0.         0.1010415  0.         0.         0.1       ],[0. 0. 0. 0. 1. 0. 0. 0. 1. 0. 0. 0. 0. 0. 0. 0. 0. 0. 0. 0. 0. 0. 0. 0. 0. 1. 0. 1. 0. 0. 1.],5.0,1000,100,0.01,0.003,1,9,random,,random,single_objective
583,0.029040167400048732,0.08653969885214523,0.0034395000000000007,[0.         0.         0.         0.         0.10054628 0.         0.         0.         0.1        0.         0.         0.         0.         0.         0.         0.         0.         0.         0.         0.         0.         0.         0.         0.         0.         0.16976736 0.         0.1010415  0.         0.         0.1       ],[0. 0. 0. 0. 1. 0. 0. 0. 1. 0. 0. 0. 0. 0. 0. 0. 0. 0. 0. 0. 0. 0. 0. 0. 0. 1. 0. 1. 0. 0. 1.],5.0,1000,100,0.01,0.003,1,9,random,,random,single_objective
584,0.029040167400048732,0.08653969885214523,0.0034395000000000007,[0.         0.         0.         0.         0.10054628 0.         0.         0.         0.1        0.         0.         0.         0.         0.         0.         0.         0.         0.         0.         0.         0.         0.         0.         0.         0.         0.16976736 0.         0.1010415  0.         0.         0.1       ],[0. 0. 0. 0. 1. 0. 0. 0. 1. 0. 0. 0. 0. 0. 0. 0. 0. 0. 0. 0. 0. 0. 0. 0. 0. 1. 0. 1. 0. 0. 1.],5.0,1000,100,0.01,0.003,1,9,random,,random,single_objective
585,0.029040167400048732,0.08653969885214523,0.0034395000000000007,[0.         0.         0.         0.         0.10054628 0.         0.         0.         0.1        0.         0.         0.         0.         0.         0.         0.         0.         0.         0.         0.         0.         0.         0.         0.         0.         0.16976736 0.         0.1010415  0.         0.         0.1       ],[0. 0. 0. 0. 1. 0. 0. 0. 1. 0. 0. 0. 0. 0. 0. 0. 0. 0. 0. 0. 0. 0. 0. 0. 0. 1. 0. 1. 0. 0. 1.],5.0,1000,100,0.01,0.003,1,9,random,,random,single_objective
586,0.029040167400048732,0.08653969885214523,0.0034395000000000007,[0.         0.         0.         0.         0.10054628 0.         0.         0.         0.1        0.         0.         0.         0.         0.         0.         0.         0.         0.         0.         0.         0.         0.         0.         0.         0.         0.16976736 0.         0.1010415  0.         0.         0.1       ],[0. 0. 0. 0. 1. 0. 0. 0. 1. 0. 0. 0. 0. 0. 0. 0. 0. 0. 0. 0. 0. 0. 0. 0. 0. 1. 0. 1. 0. 0. 1.],5.0,1000,100,0.01,0.003,1,9,random,,random,single_objective
587,0.029040167400048732,0.08653969885214523,0.0034395000000000007,[0.         0.         0.         0.         0.10054628 0.         0.         0.         0.1        0.         0.         0.         0.         0.         0.         0.         0.         0.         0.         0.         0.         0.         0.         0.         0.         0.16976736 0.         0.1010415  0.         0.         0.1       ],[0. 0. 0. 0. 1. 0. 0. 0. 1. 0. 0. 0. 0. 0. 0. 0. 0. 0. 0. 0. 0. 0. 0. 0. 0. 1. 0. 1. 0. 0. 1.],5.0,1000,100,0.01,0.003,1,9,random,,random,single_objective
588,0.029040167400048732,0.08653969885214523,0.0034395000000000007,[0.         0.         0.         0.         0.10054628 0.         0.         0.         0.1        0.         0.         0.         0.         0.         0.         0.         0.         0.         0.         0.         0.         0.         0.         0.         0.         0.16976736 0.         0.1010415  0.         0.         0.1       ],[0. 0. 0. 0. 1. 0. 0. 0. 1. 0. 0. 0. 0. 0. 0. 0. 0. 0. 0. 0. 0. 0. 0. 0. 0. 1. 0. 1. 0. 0. 1.],5.0,1000,100,0.01,0.003,1,9,random,,random,single_objective
589,0.029040167400048732,0.08653969885214523,0.0034395000000000007,[0.         0.         0.         0.         0.10054628 0.         0.         0.         0.1        0.         0.         0.         0.         0.         0.         0.         0.         0.         0.         0.         0.         0.         0.         0.         0.         0.16976736 0.         0.1010415  0.         0.         0.1       ],[0. 0. 0. 0. 1. 0. 0. 0. 1. 0. 0. 0. 0. 0. 0. 0. 0. 0. 0. 0. 0. 0. 0. 0. 0. 1. 0. 1. 0. 0. 1.],5.0,1000,100,0.01,0.003,1,9,random,,random,single_objective
590,0.029040167400048732,0.08653969885214523,0.0034395000000000007,[0.         0.         0.         0.         0.10054628 0.         0.         0.         0.1        0.         0.         0.         0.         0.         0.         0.         0.         0.         0.         0.         0.         0.         0.         0.         0.         0.16976736 0.         0.1010415  0.         0.         0.1       ],[0. 0. 0. 0. 1. 0. 0. 0. 1. 0. 0. 0. 0. 0. 0. 0. 0. 0. 0. 0. 0. 0. 0. 0. 0. 1. 0. 1. 0. 0. 1.],5.0,1000,100,0.01,0.003,1,9,random,,random,single_objective
591,0.029040167400048732,0.08653969885214523,0.0034395000000000007,[0.         0.         0.         0.         0.10054628 0.         0.         0.         0.1        0.         0.         0.         0.         0.         0.         0.         0.         0.         0.         0.         0.         0.         0.         0.         0.         0.16976736 0.         0.1010415  0.         0.         0.1       ],[0. 0. 0. 0. 1. 0. 0. 0. 1. 0. 0. 0. 0. 0. 0. 0. 0. 0. 0. 0. 0. 0. 0. 0. 0. 1. 0. 1. 0. 0. 1.],5.0,1000,100,0.01,0.003,1,9,random,,random,single_objective
592,0.029040167400048732,0.08653969885214523,0.0034395000000000007,[0.         0.         0.         0.         0.10054628 0.         0.         0.         0.1        0.         0.         0.         0.         0.         0.         0.         0.         0.         0.         0.         0.         0.         0.         0.         0.         0.16976736 0.         0.1010415  0.         0.         0.1       ],[0. 0. 0. 0. 1. 0. 0. 0. 1. 0. 0. 0. 0. 0. 0. 0. 0. 0. 0. 0. 0. 0. 0. 0. 0. 1. 0. 1. 0. 0. 1.],5.0,1000,100,0.01,0.003,1,9,random,,random,single_objective
593,0.029040167400048732,0.08653969885214523,0.0034395000000000007,[0.         0.         0.         0.         0.10054628 0.         0.         0.         0.1        0.         0.         0.         0.         0.         0.         0.         0.         0.         0.         0.         0.         0.         0.         0.         0.         0.16976736 0.         0.1010415  0.         0.         0.1       ],[0. 0. 0. 0. 1. 0. 0. 0. 1. 0. 0. 0. 0. 0. 0. 0. 0. 0. 0. 0. 0. 0. 0. 0. 0. 1. 0. 1. 0. 0. 1.],5.0,1000,100,0.01,0.003,1,9,random,,random,single_objective
594,0.029040167400048732,0.08653969885214523,0.0034395000000000007,[0.         0.         0.         0.         0.10054628 0.         0.         0.         0.1        0.         0.         0.         0.         0.         0.         0.         0.         0.         0.         0.         0.         0.         0.         0.         0.         0.16976736 0.         0.1010415  0.         0.         0.1       ],[0. 0. 0. 0. 1. 0. 0. 0. 1. 0. 0. 0. 0. 0. 0. 0. 0. 0. 0. 0. 0. 0. 0. 0. 0. 1. 0. 1. 0. 0. 1.],5.0,1000,100,0.01,0.003,1,9,random,,random,single_objective
595,0.029040167400048732,0.08653969885214523,0.0034395000000000007,[0.         0.         0.         0.         0.10054628 0.         0.         0.         0.1        0.         0.         0.         0.         0.         0.         0.         0.         0.         0.         0.         0.         0.         0.         0.         0.         0.16976736 0.         0.1010415  0.         0.         0.1       ],[0. 0. 0. 0. 1. 0. 0. 0. 1. 0. 0. 0. 0. 0. 0. 0. 0. 0. 0. 0. 0. 0. 0. 0. 0. 1. 0. 1. 0. 0. 1.],5.0,1000,100,0.01,0.003,1,9,random,,random,single_objective
596,0.029040167400048732,0.08653969885214523,0.0034395000000000007,[0.         0.         0.         0.         0.10054628 0.         0.         0.         0.1        0.         0.         0.         0.         0.         0.         0.         0.         0.         0.         0.         0.         0.         0.         0.         0.         0.16976736 0.         0.1010415  0.         0.         0.1       ],[0. 0. 0. 0. 1. 0. 0. 0. 1. 0. 0. 0. 0. 0. 0. 0. 0. 0. 0. 0. 0. 0. 0. 0. 0. 1. 0. 1. 0. 0. 1.],5.0,1000,100,0.01,0.003,1,9,random,,random,single_objective
597,0.029040167400048732,0.08653969885214523,0.0034395000000000007,[0.         0.         0.         0.         0.10054628 0.         0.         0.         0.1        0.         0.         0.         0.         0.         0.         0.         0.         0.         0.         0.         0.         0.         0.         0.         0.         0.16976736 0.         0.1010415  0.         0.         0.1       ],[0. 0. 0. 0. 1. 0. 0. 0. 1. 0. 0. 0. 0. 0. 0. 0. 0. 0. 0. 0. 0. 0. 0. 0. 0. 1. 0. 1. 0. 0. 1.],5.0,1000,100,0.01,0.003,1,9,random,,random,single_objective
598,0.029040167400048732,0.08653969885214523,0.0034395000000000007,[0.         0.         0.         0.         0.10054628 0.         0.         0.         0.1        0.         0.         0.         0.         0.         0.         0.         0.         0.         0.         0.         0.         0.         0.         0.         0.         0.16976736 0.         0.1010415  0.         0.         0.1       ],[0. 0. 0. 0. 1. 0. 0. 0. 1. 0. 0. 0. 0. 0. 0. 0. 0. 0. 0. 0. 0. 0. 0. 0. 0. 1. 0. 1. 0. 0. 1.],5.0,1000,100,0.01,0.003,1,9,random,,random,single_objective
599,0.029040167400048732,0.08653969885214523,0.0034395000000000007,[0.         0.         0.         0.         0.10054628 0.         0.         0.         0.1        0.         0.         0.         0.         0.         0.         0.         0.         0.         0.         0.         0.         0.         0.         0.         0.         0.16976736 0.         0.1010415  0.         0.         0.1       ],[0. 0. 0. 0. 1. 0. 0. 0. 1. 0. 0. 0. 0. 0. 0. 0. 0. 0. 0. 0. 0. 0. 0. 0. 0. 1. 0. 1. 0. 0. 1.],5.0,1000,100,0.01,0.003,1,9,random,,random,single_objective
600,0.029040167400048732,0.08653969885214523,0.0034395000000000007,[0.         0.         0.         0.         0.10054628 0.         0.         0.         0.1        0.         0.         0.         0.         0.         0.         0.         0.         0.         0.         0.         0.         0.         0.         0.         0.         0.16976736 0.         0.1010415  0.         0.         0.1       ],[0. 0. 0. 0. 1. 0. 0. 0. 1. 0. 0. 0. 0. 0. 0. 0. 0. 0. 0. 0. 0. 0. 0. 0. 0. 1. 0. 1. 0. 0. 1.],5.0,1000,100,0.01,0.003,1,9,random,,random,single_objective
601,0.029040167400048732,0.08653969885214523,0.0034395000000000007,[0.         0.         0.         0.         0.10054628 0.         0.         0.         0.1        0.         0.         0.         0.         0.         0.         0.         0.         0.         0.         0.         0.         0.         0.         0.         0.         0.16976736 0.         0.1010415  0.         0.         0.1       ],[0. 0. 0. 0. 1. 0. 0. 0. 1. 0. 0. 0. 0. 0. 0. 0. 0. 0. 0. 0. 0. 0. 0. 0. 0. 1. 0. 1. 0. 0. 1.],5.0,1000,100,0.01,0.003,1,9,random,,random,single_objective
602,0.029040167400048732,0.08653969885214523,0.0034395000000000007,[0.         0.         0.         0.         0.10054628 0.         0.         0.         0.1        0.         0.         0.         0.         0.         0.         0.         0.         0.         0.         0.         0.         0.         0.         0.         0.         0.16976736 0.         0.1010415  0.         0.         0.1       ],[0. 0. 0. 0. 1. 0. 0. 0. 1. 0. 0. 0. 0. 0. 0. 0. 0. 0. 0. 0. 0. 0. 0. 0. 0. 1. 0. 1. 0. 0. 1.],5.0,1000,100,0.01,0.003,1,9,random,,random,single_objective
603,0.029040167400048732,0.08653969885214523,0.0034395000000000007,[0.         0.         0.         0.         0.10054628 0.         0.         0.         0.1        0.         0.         0.         0.         0.         0.         0.         0.         0.         0.         0.         0.         0.         0.         0.         0.         0.16976736 0.         0.1010415  0.         0.         0.1       ],[0. 0. 0. 0. 1. 0. 0. 0. 1. 0. 0. 0. 0. 0. 0. 0. 0. 0. 0. 0. 0. 0. 0. 0. 0. 1. 0. 1. 0. 0. 1.],5.0,1000,100,0.01,0.003,1,9,random,,random,single_objective
604,0.029040167400048732,0.08653969885214523,0.0034395000000000007,[0.         0.         0.         0.         0.10054628 0.         0.         0.         0.1        0.         0.         0.         0.         0.         0.         0.         0.         0.         0.         0.         0.         0.         0.         0.         0.         0.16976736 0.         0.1010415  0.         0.         0.1       ],[0. 0. 0. 0. 1. 0. 0. 0. 1. 0. 0. 0. 0. 0. 0. 0. 0. 0. 0. 0. 0. 0. 0. 0. 0. 1. 0. 1. 0. 0. 1.],5.0,1000,100,0.01,0.003,1,9,random,,random,single_objective
605,0.029040167400048732,0.08653969885214523,0.0034395000000000007,[0.         0.         0.         0.         0.10054628 0.         0.         0.         0.1        0.         0.         0.         0.         0.         0.         0.         0.         0.         0.         0.         0.         0.         0.         0.         0.         0.16976736 0.         0.1010415  0.         0.         0.1       ],[0. 0. 0. 0. 1. 0. 0. 0. 1. 0. 0. 0. 0. 0. 0. 0. 0. 0. 0. 0. 0. 0. 0. 0. 0. 1. 0. 1. 0. 0. 1.],5.0,1000,100,0.01,0.003,1,9,random,,random,single_objective
606,0.029040167400048732,0.08653969885214523,0.0034395000000000007,[0.         0.         0.         0.         0.10054628 0.         0.         0.         0.1        0.         0.         0.         0.         0.         0.         0.         0.         0.         0.         0.         0.         0.         0.         0.         0.         0.16976736 0.         0.1010415  0.         0.         0.1       ],[0. 0. 0. 0. 1. 0. 0. 0. 1. 0. 0. 0. 0. 0. 0. 0. 0. 0. 0. 0. 0. 0. 0. 0. 0. 1. 0. 1. 0. 0. 1.],5.0,1000,100,0.01,0.003,1,9,random,,random,single_objective
607,0.029040167400048732,0.08653969885214523,0.0034395000000000007,[0.         0.         0.         0.         0.10054628 0.         0.         0.         0.1        0.         0.         0.         0.         0.         0.         0.         0.         0.         0.         0.         0.         0.         0.         0.         0.         0.16976736 0.         0.1010415  0.         0.         0.1       ],[0. 0. 0. 0. 1. 0. 0. 0. 1. 0. 0. 0. 0. 0. 0. 0. 0. 0. 0. 0. 0. 0. 0. 0. 0. 1. 0. 1. 0. 0. 1.],5.0,1000,100,0.01,0.003,1,9,random,,random,single_objective
608,0.029040167400048732,0.08653969885214523,0.0034395000000000007,[0.         0.         0.         0.         0.10054628 0.         0.         0.         0.1        0.         0.         0.         0.         0.         0.         0.         0.         0.         0.         0.         0.         0.         0.         0.         0.         0.16976736 0.         0.1010415  0.         0.         0.1       ],[0. 0. 0. 0. 1. 0. 0. 0. 1. 0. 0. 0. 0. 0. 0. 0. 0. 0. 0. 0. 0. 0. 0. 0. 0. 1. 0. 1. 0. 0. 1.],5.0,1000,100,0.01,0.003,1,9,random,,random,single_objective
609,0.029040167400048732,0.08653969885214523,0.0034395000000000007,[0.         0.         0.         0.         0.10054628 0.         0.         0.         0.1        0.         0.         0.         0.         0.         0.         0.         0.         0.         0.         0.         0.         0.         0.         0.         0.         0.16976736 0.         0.1010415  0.         0.         0.1       ],[0. 0. 0. 0. 1. 0. 0. 0. 1. 0. 0. 0. 0. 0. 0. 0. 0. 0. 0. 0. 0. 0. 0. 0. 0. 1. 0. 1. 0. 0. 1.],5.0,1000,100,0.01,0.003,1,9,random,,random,single_objective
610,0.029040167400048732,0.08653969885214523,0.0034395000000000007,[0.         0.         0.         0.         0.10054628 0.         0.         0.         0.1        0.         0.         0.         0.         0.         0.         0.         0.         0.         0.         0.         0.         0.         0.         0.         0.         0.16976736 0.         0.1010415  0.         0.         0.1       ],[0. 0. 0. 0. 1. 0. 0. 0. 1. 0. 0. 0. 0. 0. 0. 0. 0. 0. 0. 0. 0. 0. 0. 0. 0. 1. 0. 1. 0. 0. 1.],5.0,1000,100,0.01,0.003,1,9,random,,random,single_objective
611,0.029040167400048732,0.08653969885214523,0.0034395000000000007,[0.         0.         0.         0.         0.10054628 0.         0.         0.         0.1        0.         0.         0.         0.         0.         0.         0.         0.         0.         0.         0.         0.         0.         0.         0.         0.         0.16976736 0.         0.1010415  0.         0.         0.1       ],[0. 0. 0. 0. 1. 0. 0. 0. 1. 0. 0. 0. 0. 0. 0. 0. 0. 0. 0. 0. 0. 0. 0. 0. 0. 1. 0. 1. 0. 0. 1.],5.0,1000,100,0.01,0.003,1,9,random,,random,single_objective
612,0.029040167400048732,0.08653969885214523,0.0034395000000000007,[0.         0.         0.         0.         0.10054628 0.         0.         0.         0.1        0.         0.         0.         0.         0.         0.         0.         0.         0.         0.         0.         0.         0.         0.         0.         0.         0.16976736 0.         0.1010415  0.         0.         0.1       ],[0. 0. 0. 0. 1. 0. 0. 0. 1. 0. 0. 0. 0. 0. 0. 0. 0. 0. 0. 0. 0. 0. 0. 0. 0. 1. 0. 1. 0. 0. 1.],5.0,1000,100,0.01,0.003,1,9,random,,random,single_objective
613,0.029040167400048732,0.08653969885214523,0.0034395000000000007,[0.         0.         0.         0.         0.10054628 0.         0.         0.         0.1        0.         0.         0.         0.         0.         0.         0.         0.         0.         0.         0.         0.         0.         0.         0.         0.         0.16976736 0.         0.1010415  0.         0.         0.1       ],[0. 0. 0. 0. 1. 0. 0. 0. 1. 0. 0. 0. 0. 0. 0. 0. 0. 0. 0. 0. 0. 0. 0. 0. 0. 1. 0. 1. 0. 0. 1.],5.0,1000,100,0.01,0.003,1,9,random,,random,single_objective
614,0.029040167400048732,0.08653969885214523,0.0034395000000000007,[0.         0.         0.         0.         0.10054628 0.         0.         0.         0.1        0.         0.         0.         0.         0.         0.         0.         0.         0.         0.         0.         0.         0.         0.         0.         0.         0.16976736 0.         0.1010415  0.         0.         0.1       ],[0. 0. 0. 0. 1. 0. 0. 0. 1. 0. 0. 0. 0. 0. 0. 0. 0. 0. 0. 0. 0. 0. 0. 0. 0. 1. 0. 1. 0. 0. 1.],5.0,1000,100,0.01,0.003,1,9,random,,random,single_objective
615,0.029040167400048732,0.08653969885214523,0.0034395000000000007,[0.         0.         0.         0.         0.10054628 0.         0.         0.         0.1        0.         0.         0.         0.         0.         0.         0.         0.         0.         0.         0.         0.         0.         0.         0.         0.         0.16976736 0.         0.1010415  0.         0.         0.1       ],[0. 0. 0. 0. 1. 0. 0. 0. 1. 0. 0. 0. 0. 0. 0. 0. 0. 0. 0. 0. 0. 0. 0. 0. 0. 1. 0. 1. 0. 0. 1.],5.0,1000,100,0.01,0.003,1,9,random,,random,single_objective
616,0.029040167400048732,0.08653969885214523,0.0034395000000000007,[0.         0.         0.         0.         0.10054628 0.         0.         0.         0.1        0.         0.         0.         0.         0.         0.         0.         0.         0.         0.         0.         0.         0.         0.         0.         0.         0.16976736 0.         0.1010415  0.         0.         0.1       ],[0. 0. 0. 0. 1. 0. 0. 0. 1. 0. 0. 0. 0. 0. 0. 0. 0. 0. 0. 0. 0. 0. 0. 0. 0. 1. 0. 1. 0. 0. 1.],5.0,1000,100,0.01,0.003,1,9,random,,random,single_objective
617,0.029040167400048732,0.08653969885214523,0.0034395000000000007,[0.         0.         0.         0.         0.10054628 0.         0.         0.         0.1        0.         0.         0.         0.         0.         0.         0.         0.         0.         0.         0.         0.         0.         0.         0.         0.         0.16976736 0.         0.1010415  0.         0.         0.1       ],[0. 0. 0. 0. 1. 0. 0. 0. 1. 0. 0. 0. 0. 0. 0. 0. 0. 0. 0. 0. 0. 0. 0. 0. 0. 1. 0. 1. 0. 0. 1.],5.0,1000,100,0.01,0.003,1,9,random,,random,single_objective
618,0.029040167400048732,0.08653969885214523,0.0034395000000000007,[0.         0.         0.         0.         0.10054628 0.         0.         0.         0.1        0.         0.         0.         0.         0.         0.         0.         0.         0.         0.         0.         0.         0.         0.         0.         0.         0.16976736 0.         0.1010415  0.         0.         0.1       ],[0. 0. 0. 0. 1. 0. 0. 0. 1. 0. 0. 0. 0. 0. 0. 0. 0. 0. 0. 0. 0. 0. 0. 0. 0. 1. 0. 1. 0. 0. 1.],5.0,1000,100,0.01,0.003,1,9,random,,random,single_objective
619,0.029040167400048732,0.08653969885214523,0.0034395000000000007,[0.         0.         0.         0.         0.10054628 0.         0.         0.         0.1        0.         0.         0.         0.         0.         0.         0.         0.         0.         0.         0.         0.         0.         0.         0.         0.         0.16976736 0.         0.1010415  0.         0.         0.1       ],[0. 0. 0. 0. 1. 0. 0. 0. 1. 0. 0. 0. 0. 0. 0. 0. 0. 0. 0. 0. 0. 0. 0. 0. 0. 1. 0. 1. 0. 0. 1.],5.0,1000,100,0.01,0.003,1,9,random,,random,single_objective
620,0.029040167400048732,0.08653969885214523,0.0034395000000000007,[0.         0.         0.         0.         0.10054628 0.         0.         0.         0.1        0.         0.         0.         0.         0.         0.         0.         0.         0.         0.         0.         0.         0.         0.         0.         0.         0.16976736 0.         0.1010415  0.         0.         0.1       ],[0. 0. 0. 0. 1. 0. 0. 0. 1. 0. 0. 0. 0. 0. 0. 0. 0. 0. 0. 0. 0. 0. 0. 0. 0. 1. 0. 1. 0. 0. 1.],5.0,1000,100,0.01,0.003,1,9,random,,random,single_objective
621,0.029040167400048732,0.08653969885214523,0.0034395000000000007,[0.         0.         0.         0.         0.10054628 0.         0.         0.         0.1        0.         0.         0.         0.         0.         0.         0.         0.         0.         0.         0.         0.         0.         0.         0.         0.         0.16976736 0.         0.1010415  0.         0.         0.1       ],[0. 0. 0. 0. 1. 0. 0. 0. 1. 0. 0. 0. 0. 0. 0. 0. 0. 0. 0. 0. 0. 0. 0. 0. 0. 1. 0. 1. 0. 0. 1.],5.0,1000,100,0.01,0.003,1,9,random,,random,single_objective
622,0.029040167400048732,0.08653969885214523,0.0034395000000000007,[0.         0.         0.         0.         0.10054628 0.         0.         0.         0.1        0.         0.         0.         0.         0.         0.         0.         0.         0.         0.         0.         0.         0.         0.         0.         0.         0.16976736 0.         0.1010415  0.         0.         0.1       ],[0. 0. 0. 0. 1. 0. 0. 0. 1. 0. 0. 0. 0. 0. 0. 0. 0. 0. 0. 0. 0. 0. 0. 0. 0. 1. 0. 1. 0. 0. 1.],5.0,1000,100,0.01,0.003,1,9,random,,random,single_objective
623,0.029040167400048732,0.08653969885214523,0.0034395000000000007,[0.         0.         0.         0.         0.10054628 0.         0.         0.         0.1        0.         0.         0.         0.         0.         0.         0.         0.         0.         0.         0.         0.         0.         0.         0.         0.         0.16976736 0.         0.1010415  0.         0.         0.1       ],[0. 0. 0. 0. 1. 0. 0. 0. 1. 0. 0. 0. 0. 0. 0. 0. 0. 0. 0. 0. 0. 0. 0. 0. 0. 1. 0. 1. 0. 0. 1.],5.0,1000,100,0.01,0.003,1,9,random,,random,single_objective
624,0.029040167400048732,0.08653969885214523,0.0034395000000000007,[0.         0.         0.         0.         0.10054628 0.         0.         0.         0.1        0.         0.         0.         0.         0.         0.         0.         0.         0.         0.         0.         0.         0.         0.         0.         0.         0.16976736 0.         0.1010415  0.         0.         0.1       ],[0. 0. 0. 0. 1. 0. 0. 0. 1. 0. 0. 0. 0. 0. 0. 0. 0. 0. 0. 0. 0. 0. 0. 0. 0. 1. 0. 1. 0. 0. 1.],5.0,1000,100,0.01,0.003,1,9,random,,random,single_objective
625,0.029040167400048732,0.08653969885214523,0.0034395000000000007,[0.         0.         0.         0.         0.10054628 0.         0.         0.         0.1        0.         0.         0.         0.         0.         0.         0.         0.         0.         0.         0.         0.         0.         0.         0.         0.         0.16976736 0.         0.1010415  0.         0.         0.1       ],[0. 0. 0. 0. 1. 0. 0. 0. 1. 0. 0. 0. 0. 0. 0. 0. 0. 0. 0. 0. 0. 0. 0. 0. 0. 1. 0. 1. 0. 0. 1.],5.0,1000,100,0.01,0.003,1,9,random,,random,single_objective
626,0.029040167400048732,0.08653969885214523,0.0034395000000000007,[0.         0.         0.         0.         0.10054628 0.         0.         0.         0.1        0.         0.         0.         0.         0.         0.         0.         0.         0.         0.         0.         0.         0.         0.         0.         0.         0.16976736 0.         0.1010415  0.         0.         0.1       ],[0. 0. 0. 0. 1. 0. 0. 0. 1. 0. 0. 0. 0. 0. 0. 0. 0. 0. 0. 0. 0. 0. 0. 0. 0. 1. 0. 1. 0. 0. 1.],5.0,1000,100,0.01,0.003,1,9,random,,random,single_objective
627,0.029040167400048732,0.08653969885214523,0.0034395000000000007,[0.         0.         0.         0.         0.10054628 0.         0.         0.         0.1        0.         0.         0.         0.         0.         0.         0.         0.         0.         0.         0.         0.         0.         0.         0.         0.         0.16976736 0.         0.1010415  0.         0.         0.1       ],[0. 0. 0. 0. 1. 0. 0. 0. 1. 0. 0. 0. 0. 0. 0. 0. 0. 0. 0. 0. 0. 0. 0. 0. 0. 1. 0. 1. 0. 0. 1.],5.0,1000,100,0.01,0.003,1,9,random,,random,single_objective
628,0.029040167400048732,0.08653969885214523,0.0034395000000000007,[0.         0.         0.         0.         0.10054628 0.         0.         0.         0.1        0.         0.         0.         0.         0.         0.         0.         0.         0.         0.         0.         0.         0.         0.         0.         0.         0.16976736 0.         0.1010415  0.         0.         0.1       ],[0. 0. 0. 0. 1. 0. 0. 0. 1. 0. 0. 0. 0. 0. 0. 0. 0. 0. 0. 0. 0. 0. 0. 0. 0. 1. 0. 1. 0. 0. 1.],5.0,1000,100,0.01,0.003,1,9,random,,random,single_objective
629,0.029040167400048732,0.08653969885214523,0.0034395000000000007,[0.         0.         0.         0.         0.10054628 0.         0.         0.         0.1        0.         0.         0.         0.         0.         0.         0.         0.         0.         0.         0.         0.         0.         0.         0.         0.         0.16976736 0.         0.1010415  0.         0.         0.1       ],[0. 0. 0. 0. 1. 0. 0. 0. 1. 0. 0. 0. 0. 0. 0. 0. 0. 0. 0. 0. 0. 0. 0. 0. 0. 1. 0. 1. 0. 0. 1.],5.0,1000,100,0.01,0.003,1,9,random,,random,single_objective
630,0.029040167400048732,0.08653969885214523,0.0034395000000000007,[0.         0.         0.         0.         0.10054628 0.         0.         0.         0.1        0.         0.         0.         0.         0.         0.         0.         0.         0.         0.         0.         0.         0.         0.         0.         0.         0.16976736 0.         0.1010415  0.         0.         0.1       ],[0. 0. 0. 0. 1. 0. 0. 0. 1. 0. 0. 0. 0. 0. 0. 0. 0. 0. 0. 0. 0. 0. 0. 0. 0. 1. 0. 1. 0. 0. 1.],5.0,1000,100,0.01,0.003,1,9,random,,random,single_objective
631,0.029040167400048732,0.08653969885214523,0.0034395000000000007,[0.         0.         0.         0.         0.10054628 0.         0.         0.         0.1        0.         0.         0.         0.         0.         0.         0.         0.         0.         0.         0.         0.         0.         0.         0.         0.         0.16976736 0.         0.1010415  0.         0.         0.1       ],[0. 0. 0. 0. 1. 0. 0. 0. 1. 0. 0. 0. 0. 0. 0. 0. 0. 0. 0. 0. 0. 0. 0. 0. 0. 1. 0. 1. 0. 0. 1.],5.0,1000,100,0.01,0.003,1,9,random,,random,single_objective
632,0.029040167400048732,0.08653969885214523,0.0034395000000000007,[0.         0.         0.         0.         0.10054628 0.         0.         0.         0.1        0.         0.         0.         0.         0.         0.         0.         0.         0.         0.         0.         0.         0.         0.         0.         0.         0.16976736 0.         0.1010415  0.         0.         0.1       ],[0. 0. 0. 0. 1. 0. 0. 0. 1. 0. 0. 0. 0. 0. 0. 0. 0. 0. 0. 0. 0. 0. 0. 0. 0. 1. 0. 1. 0. 0. 1.],5.0,1000,100,0.01,0.003,1,9,random,,random,single_objective
633,0.029040167400048732,0.08653969885214523,0.0034395000000000007,[0.         0.         0.         0.         0.10054628 0.         0.         0.         0.1        0.         0.         0.         0.         0.         0.         0.         0.         0.         0.         0.         0.         0.         0.         0.         0.         0.16976736 0.         0.1010415  0.         0.         0.1       ],[0. 0. 0. 0. 1. 0. 0. 0. 1. 0. 0. 0. 0. 0. 0. 0. 0. 0. 0. 0. 0. 0. 0. 0. 0. 1. 0. 1. 0. 0. 1.],5.0,1000,100,0.01,0.003,1,9,random,,random,single_objective
634,0.029040167400048732,0.08653969885214523,0.0034395000000000007,[0.         0.         0.         0.         0.10054628 0.         0.         0.         0.1        0.         0.         0.         0.         0.         0.         0.         0.         0.         0.         0.         0.         0.         0.         0.         0.         0.16976736 0.         0.1010415  0.         0.         0.1       ],[0. 0. 0. 0. 1. 0. 0. 0. 1. 0. 0. 0. 0. 0. 0. 0. 0. 0. 0. 0. 0. 0. 0. 0. 0. 1. 0. 1. 0. 0. 1.],5.0,1000,100,0.01,0.003,1,9,random,,random,single_objective
635,0.029040167400048732,0.08653969885214523,0.0034395000000000007,[0.         0.         0.         0.         0.10054628 0.         0.         0.         0.1        0.         0.         0.         0.         0.         0.         0.         0.         0.         0.         0.         0.         0.         0.         0.         0.         0.16976736 0.         0.1010415  0.         0.         0.1       ],[0. 0. 0. 0. 1. 0. 0. 0. 1. 0. 0. 0. 0. 0. 0. 0. 0. 0. 0. 0. 0. 0. 0. 0. 0. 1. 0. 1. 0. 0. 1.],5.0,1000,100,0.01,0.003,1,9,random,,random,single_objective
636,0.029040167400048732,0.08653969885214523,0.0034395000000000007,[0.         0.         0.         0.         0.10054628 0.         0.         0.         0.1        0.         0.         0.         0.         0.         0.         0.         0.         0.         0.         0.         0.         0.         0.         0.         0.         0.16976736 0.         0.1010415  0.         0.         0.1       ],[0. 0. 0. 0. 1. 0. 0. 0. 1. 0. 0. 0. 0. 0. 0. 0. 0. 0. 0. 0. 0. 0. 0. 0. 0. 1. 0. 1. 0. 0. 1.],5.0,1000,100,0.01,0.003,1,9,random,,random,single_objective
637,0.029040167400048732,0.08653969885214523,0.0034395000000000007,[0.         0.         0.         0.         0.10054628 0.         0.         0.         0.1        0.         0.         0.         0.         0.         0.         0.         0.         0.         0.         0.         0.         0.         0.         0.         0.         0.16976736 0.         0.1010415  0.         0.         0.1       ],[0. 0. 0. 0. 1. 0. 0. 0. 1. 0. 0. 0. 0. 0. 0. 0. 0. 0. 0. 0. 0. 0. 0. 0. 0. 1. 0. 1. 0. 0. 1.],5.0,1000,100,0.01,0.003,1,9,random,,random,single_objective
638,0.029040167400048732,0.08653969885214523,0.0034395000000000007,[0.         0.         0.         0.         0.10054628 0.         0.         0.         0.1        0.         0.         0.         0.         0.         0.         0.         0.         0.         0.         0.         0.         0.         0.         0.         0.         0.16976736 0.         0.1010415  0.         0.         0.1       ],[0. 0. 0. 0. 1. 0. 0. 0. 1. 0. 0. 0. 0. 0. 0. 0. 0. 0. 0. 0. 0. 0. 0. 0. 0. 1. 0. 1. 0. 0. 1.],5.0,1000,100,0.01,0.003,1,9,random,,random,single_objective
639,0.029040167400048732,0.08653969885214523,0.0034395000000000007,[0.         0.         0.         0.         0.10054628 0.         0.         0.         0.1        0.         0.         0.         0.         0.         0.         0.         0.         0.         0.         0.         0.         0.         0.         0.         0.         0.16976736 0.         0.1010415  0.         0.         0.1       ],[0. 0. 0. 0. 1. 0. 0. 0. 1. 0. 0. 0. 0. 0. 0. 0. 0. 0. 0. 0. 0. 0. 0. 0. 0. 1. 0. 1. 0. 0. 1.],5.0,1000,100,0.01,0.003,1,9,random,,random,single_objective
640,0.029040167400048732,0.08653969885214523,0.0034395000000000007,[0.         0.         0.         0.         0.10054628 0.         0.         0.         0.1        0.         0.         0.         0.         0.         0.         0.         0.         0.         0.         0.         0.         0.         0.         0.         0.         0.16976736 0.         0.1010415  0.         0.         0.1       ],[0. 0. 0. 0. 1. 0. 0. 0. 1. 0. 0. 0. 0. 0. 0. 0. 0. 0. 0. 0. 0. 0. 0. 0. 0. 1. 0. 1. 0. 0. 1.],5.0,1000,100,0.01,0.003,1,9,random,,random,single_objective
641,0.029040167400048732,0.08653969885214523,0.0034395000000000007,[0.         0.         0.         0.         0.10054628 0.         0.         0.         0.1        0.         0.         0.         0.         0.         0.         0.         0.         0.         0.         0.         0.         0.         0.         0.         0.         0.16976736 0.         0.1010415  0.         0.         0.1       ],[0. 0. 0. 0. 1. 0. 0. 0. 1. 0. 0. 0. 0. 0. 0. 0. 0. 0. 0. 0. 0. 0. 0. 0. 0. 1. 0. 1. 0. 0. 1.],5.0,1000,100,0.01,0.003,1,9,random,,random,single_objective
642,0.029040167400048732,0.08653969885214523,0.0034395000000000007,[0.         0.         0.         0.         0.10054628 0.         0.         0.         0.1        0.         0.         0.         0.         0.         0.         0.         0.         0.         0.         0.         0.         0.         0.         0.         0.         0.16976736 0.         0.1010415  0.         0.         0.1       ],[0. 0. 0. 0. 1. 0. 0. 0. 1. 0. 0. 0. 0. 0. 0. 0. 0. 0. 0. 0. 0. 0. 0. 0. 0. 1. 0. 1. 0. 0. 1.],5.0,1000,100,0.01,0.003,1,9,random,,random,single_objective
643,0.029040167400048732,0.08653969885214523,0.0034395000000000007,[0.         0.         0.         0.         0.10054628 0.         0.         0.         0.1        0.         0.         0.         0.         0.         0.         0.         0.         0.         0.         0.         0.         0.         0.         0.         0.         0.16976736 0.         0.1010415  0.         0.         0.1       ],[0. 0. 0. 0. 1. 0. 0. 0. 1. 0. 0. 0. 0. 0. 0. 0. 0. 0. 0. 0. 0. 0. 0. 0. 0. 1. 0. 1. 0. 0. 1.],5.0,1000,100,0.01,0.003,1,9,random,,random,single_objective
644,0.029040167400048732,0.08653969885214523,0.0034395000000000007,[0.         0.         0.         0.         0.10054628 0.         0.         0.         0.1        0.         0.         0.         0.         0.         0.         0.         0.         0.         0.         0.         0.         0.         0.         0.         0.         0.16976736 0.         0.1010415  0.         0.         0.1       ],[0. 0. 0. 0. 1. 0. 0. 0. 1. 0. 0. 0. 0. 0. 0. 0. 0. 0. 0. 0. 0. 0. 0. 0. 0. 1. 0. 1. 0. 0. 1.],5.0,1000,100,0.01,0.003,1,9,random,,random,single_objective
645,0.029040167400048732,0.08653969885214523,0.0034395000000000007,[0.         0.         0.         0.         0.10054628 0.         0.         0.         0.1        0.         0.         0.         0.         0.         0.         0.         0.         0.         0.         0.         0.         0.         0.         0.         0.         0.16976736 0.         0.1010415  0.         0.         0.1       ],[0. 0. 0. 0. 1. 0. 0. 0. 1. 0. 0. 0. 0. 0. 0. 0. 0. 0. 0. 0. 0. 0. 0. 0. 0. 1. 0. 1. 0. 0. 1.],5.0,1000,100,0.01,0.003,1,9,random,,random,single_objective
646,0.029040167400048732,0.08653969885214523,0.0034395000000000007,[0.         0.         0.         0.         0.10054628 0.         0.         0.         0.1        0.         0.         0.         0.         0.         0.         0.         0.         0.         0.         0.         0.         0.         0.         0.         0.         0.16976736 0.         0.1010415  0.         0.         0.1       ],[0. 0. 0. 0. 1. 0. 0. 0. 1. 0. 0. 0. 0. 0. 0. 0. 0. 0. 0. 0. 0. 0. 0. 0. 0. 1. 0. 1. 0. 0. 1.],5.0,1000,100,0.01,0.003,1,9,random,,random,single_objective
647,0.029040167400048732,0.08653969885214523,0.0034395000000000007,[0.         0.         0.         0.         0.10054628 0.         0.         0.         0.1        0.         0.         0.         0.         0.         0.         0.         0.         0.         0.         0.         0.         0.         0.         0.         0.         0.16976736 0.         0.1010415  0.         0.         0.1       ],[0. 0. 0. 0. 1. 0. 0. 0. 1. 0. 0. 0. 0. 0. 0. 0. 0. 0. 0. 0. 0. 0. 0. 0. 0. 1. 0. 1. 0. 0. 1.],5.0,1000,100,0.01,0.003,1,9,random,,random,single_objective
648,0.029040167400048732,0.08653969885214523,0.0034395000000000007,[0.         0.         0.         0.         0.10054628 0.         0.         0.         0.1        0.         0.         0.         0.         0.         0.         0.         0.         0.         0.         0.         0.         0.         0.         0.         0.         0.16976736 0.         0.1010415  0.         0.         0.1       ],[0. 0. 0. 0. 1. 0. 0. 0. 1. 0. 0. 0. 0. 0. 0. 0. 0. 0. 0. 0. 0. 0. 0. 0. 0. 1. 0. 1. 0. 0. 1.],5.0,1000,100,0.01,0.003,1,9,random,,random,single_objective
649,0.029040167400048732,0.08653969885214523,0.0034395000000000007,[0.         0.         0.         0.         0.10054628 0.         0.         0.         0.1        0.         0.         0.         0.         0.         0.         0.         0.         0.         0.         0.         0.         0.         0.         0.         0.         0.16976736 0.         0.1010415  0.         0.         0.1       ],[0. 0. 0. 0. 1. 0. 0. 0. 1. 0. 0. 0. 0. 0. 0. 0. 0. 0. 0. 0. 0. 0. 0. 0. 0. 1. 0. 1. 0. 0. 1.],5.0,1000,100,0.01,0.003,1,9,random,,random,single_objective
650,0.029040167400048732,0.08653969885214523,0.0034395000000000007,[0.         0.         0.         0.         0.10054628 0.         0.         0.         0.1        0.         0.         0.         0.         0.         0.         0.         0.         0.         0.         0.         0.         0.         0.         0.         0.         0.16976736 0.         0.1010415  0.         0.         0.1       ],[0. 0. 0. 0. 1. 0. 0. 0. 1. 0. 0. 0. 0. 0. 0. 0. 0. 0. 0. 0. 0. 0. 0. 0. 0. 1. 0. 1. 0. 0. 1.],5.0,1000,100,0.01,0.003,1,9,random,,random,single_objective
651,0.029040167400048732,0.08653969885214523,0.0034395000000000007,[0.         0.         0.         0.         0.10054628 0.         0.         0.         0.1        0.         0.         0.         0.         0.         0.         0.         0.         0.         0.         0.         0.         0.         0.         0.         0.         0.16976736 0.         0.1010415  0.         0.         0.1       ],[0. 0. 0. 0. 1. 0. 0. 0. 1. 0. 0. 0. 0. 0. 0. 0. 0. 0. 0. 0. 0. 0. 0. 0. 0. 1. 0. 1. 0. 0. 1.],5.0,1000,100,0.01,0.003,1,9,random,,random,single_objective
652,0.029040167400048732,0.08653969885214523,0.0034395000000000007,[0.         0.         0.         0.         0.10054628 0.         0.         0.         0.1        0.         0.         0.         0.         0.         0.         0.         0.         0.         0.         0.         0.         0.         0.         0.         0.         0.16976736 0.         0.1010415  0.         0.         0.1       ],[0. 0. 0. 0. 1. 0. 0. 0. 1. 0. 0. 0. 0. 0. 0. 0. 0. 0. 0. 0. 0. 0. 0. 0. 0. 1. 0. 1. 0. 0. 1.],5.0,1000,100,0.01,0.003,1,9,random,,random,single_objective
653,0.029040167400048732,0.08653969885214523,0.0034395000000000007,[0.         0.         0.         0.         0.10054628 0.         0.         0.         0.1        0.         0.         0.         0.         0.         0.         0.         0.         0.         0.         0.         0.         0.         0.         0.         0.         0.16976736 0.         0.1010415  0.         0.         0.1       ],[0. 0. 0. 0. 1. 0. 0. 0. 1. 0. 0. 0. 0. 0. 0. 0. 0. 0. 0. 0. 0. 0. 0. 0. 0. 1. 0. 1. 0. 0. 1.],5.0,1000,100,0.01,0.003,1,9,random,,random,single_objective
654,0.029040167400048732,0.08653969885214523,0.0034395000000000007,[0.         0.         0.         0.         0.10054628 0.         0.         0.         0.1        0.         0.         0.         0.         0.         0.         0.         0.         0.         0.         0.         0.         0.         0.         0.         0.         0.16976736 0.         0.1010415  0.         0.         0.1       ],[0. 0. 0. 0. 1. 0. 0. 0. 1. 0. 0. 0. 0. 0. 0. 0. 0. 0. 0. 0. 0. 0. 0. 0. 0. 1. 0. 1. 0. 0. 1.],5.0,1000,100,0.01,0.003,1,9,random,,random,single_objective
655,0.029040167400048732,0.08653969885214523,0.0034395000000000007,[0.         0.         0.         0.         0.10054628 0.         0.         0.         0.1        0.         0.         0.         0.         0.         0.         0.         0.         0.         0.         0.         0.         0.         0.         0.         0.         0.16976736 0.         0.1010415  0.         0.         0.1       ],[0. 0. 0. 0. 1. 0. 0. 0. 1. 0. 0. 0. 0. 0. 0. 0. 0. 0. 0. 0. 0. 0. 0. 0. 0. 1. 0. 1. 0. 0. 1.],5.0,1000,100,0.01,0.003,1,9,random,,random,single_objective
656,0.029040167400048732,0.08653969885214523,0.0034395000000000007,[0.         0.         0.         0.         0.10054628 0.         0.         0.         0.1        0.         0.         0.         0.         0.         0.         0.         0.         0.         0.         0.         0.         0.         0.         0.         0.         0.16976736 0.         0.1010415  0.         0.         0.1       ],[0. 0. 0. 0. 1. 0. 0. 0. 1. 0. 0. 0. 0. 0. 0. 0. 0. 0. 0. 0. 0. 0. 0. 0. 0. 1. 0. 1. 0. 0. 1.],5.0,1000,100,0.01,0.003,1,9,random,,random,single_objective
657,0.029040167400048732,0.08653969885214523,0.0034395000000000007,[0.         0.         0.         0.         0.10054628 0.         0.         0.         0.1        0.         0.         0.         0.         0.         0.         0.         0.         0.         0.         0.         0.         0.         0.         0.         0.         0.16976736 0.         0.1010415  0.         0.         0.1       ],[0. 0. 0. 0. 1. 0. 0. 0. 1. 0. 0. 0. 0. 0. 0. 0. 0. 0. 0. 0. 0. 0. 0. 0. 0. 1. 0. 1. 0. 0. 1.],5.0,1000,100,0.01,0.003,1,9,random,,random,single_objective
658,0.029040167400048732,0.08653969885214523,0.0034395000000000007,[0.         0.         0.         0.         0.10054628 0.         0.         0.         0.1        0.         0.         0.         0.         0.         0.         0.         0.         0.         0.         0.         0.         0.         0.         0.         0.         0.16976736 0.         0.1010415  0.         0.         0.1       ],[0. 0. 0. 0. 1. 0. 0. 0. 1. 0. 0. 0. 0. 0. 0. 0. 0. 0. 0. 0. 0. 0. 0. 0. 0. 1. 0. 1. 0. 0. 1.],5.0,1000,100,0.01,0.003,1,9,random,,random,single_objective
659,0.029040167400048732,0.08653969885214523,0.0034395000000000007,[0.         0.         0.         0.         0.10054628 0.         0.         0.         0.1        0.         0.         0.         0.         0.         0.         0.         0.         0.         0.         0.         0.         0.         0.         0.         0.         0.16976736 0.         0.1010415  0.         0.         0.1       ],[0. 0. 0. 0. 1. 0. 0. 0. 1. 0. 0. 0. 0. 0. 0. 0. 0. 0. 0. 0. 0. 0. 0. 0. 0. 1. 0. 1. 0. 0. 1.],5.0,1000,100,0.01,0.003,1,9,random,,random,single_objective
660,0.029040167400048732,0.08653969885214523,0.0034395000000000007,[0.         0.         0.         0.         0.10054628 0.         0.         0.         0.1        0.         0.         0.         0.         0.         0.         0.         0.         0.         0.         0.         0.         0.         0.         0.         0.         0.16976736 0.         0.1010415  0.         0.         0.1       ],[0. 0. 0. 0. 1. 0. 0. 0. 1. 0. 0. 0. 0. 0. 0. 0. 0. 0. 0. 0. 0. 0. 0. 0. 0. 1. 0. 1. 0. 0. 1.],5.0,1000,100,0.01,0.003,1,9,random,,random,single_objective
661,0.029040167400048732,0.08653969885214523,0.0034395000000000007,[0.         0.         0.         0.         0.10054628 0.         0.         0.         0.1        0.         0.         0.         0.         0.         0.         0.         0.         0.         0.         0.         0.         0.         0.         0.         0.         0.16976736 0.         0.1010415  0.         0.         0.1       ],[0. 0. 0. 0. 1. 0. 0. 0. 1. 0. 0. 0. 0. 0. 0. 0. 0. 0. 0. 0. 0. 0. 0. 0. 0. 1. 0. 1. 0. 0. 1.],5.0,1000,100,0.01,0.003,1,9,random,,random,single_objective
662,0.029040167400048732,0.08653969885214523,0.0034395000000000007,[0.         0.         0.         0.         0.10054628 0.         0.         0.         0.1        0.         0.         0.         0.         0.         0.         0.         0.         0.         0.         0.         0.         0.         0.         0.         0.         0.16976736 0.         0.1010415  0.         0.         0.1       ],[0. 0. 0. 0. 1. 0. 0. 0. 1. 0. 0. 0. 0. 0. 0. 0. 0. 0. 0. 0. 0. 0. 0. 0. 0. 1. 0. 1. 0. 0. 1.],5.0,1000,100,0.01,0.003,1,9,random,,random,single_objective
663,0.029040167400048732,0.08653969885214523,0.0034395000000000007,[0.         0.         0.         0.         0.10054628 0.         0.         0.         0.1        0.         0.         0.         0.         0.         0.         0.         0.         0.         0.         0.         0.         0.         0.         0.         0.         0.16976736 0.         0.1010415  0.         0.         0.1       ],[0. 0. 0. 0. 1. 0. 0. 0. 1. 0. 0. 0. 0. 0. 0. 0. 0. 0. 0. 0. 0. 0. 0. 0. 0. 1. 0. 1. 0. 0. 1.],5.0,1000,100,0.01,0.003,1,9,random,,random,single_objective
664,0.029040167400048732,0.08653969885214523,0.0034395000000000007,[0.         0.         0.         0.         0.10054628 0.         0.         0.         0.1        0.         0.         0.         0.         0.         0.         0.         0.         0.         0.         0.         0.         0.         0.         0.         0.         0.16976736 0.         0.1010415  0.         0.         0.1       ],[0. 0. 0. 0. 1. 0. 0. 0. 1. 0. 0. 0. 0. 0. 0. 0. 0. 0. 0. 0. 0. 0. 0. 0. 0. 1. 0. 1. 0. 0. 1.],5.0,1000,100,0.01,0.003,1,9,random,,random,single_objective
665,0.029040167400048732,0.08653969885214523,0.0034395000000000007,[0.         0.         0.         0.         0.10054628 0.         0.         0.         0.1        0.         0.         0.         0.         0.         0.         0.         0.         0.         0.         0.         0.         0.         0.         0.         0.         0.16976736 0.         0.1010415  0.         0.         0.1       ],[0. 0. 0. 0. 1. 0. 0. 0. 1. 0. 0. 0. 0. 0. 0. 0. 0. 0. 0. 0. 0. 0. 0. 0. 0. 1. 0. 1. 0. 0. 1.],5.0,1000,100,0.01,0.003,1,9,random,,random,single_objective
666,0.029040167400048732,0.08653969885214523,0.0034395000000000007,[0.         0.         0.         0.         0.10054628 0.         0.         0.         0.1        0.         0.         0.         0.         0.         0.         0.         0.         0.         0.         0.         0.         0.         0.         0.         0.         0.16976736 0.         0.1010415  0.         0.         0.1       ],[0. 0. 0. 0. 1. 0. 0. 0. 1. 0. 0. 0. 0. 0. 0. 0. 0. 0. 0. 0. 0. 0. 0. 0. 0. 1. 0. 1. 0. 0. 1.],5.0,1000,100,0.01,0.003,1,9,random,,random,single_objective
667,0.029040167400048732,0.08653969885214523,0.0034395000000000007,[0.         0.         0.         0.         0.10054628 0.         0.         0.         0.1        0.         0.         0.         0.         0.         0.         0.         0.         0.         0.         0.         0.         0.         0.         0.         0.         0.16976736 0.         0.1010415  0.         0.         0.1       ],[0. 0. 0. 0. 1. 0. 0. 0. 1. 0. 0. 0. 0. 0. 0. 0. 0. 0. 0. 0. 0. 0. 0. 0. 0. 1. 0. 1. 0. 0. 1.],5.0,1000,100,0.01,0.003,1,9,random,,random,single_objective
668,0.029040167400048732,0.08653969885214523,0.0034395000000000007,[0.         0.         0.         0.         0.10054628 0.         0.         0.         0.1        0.         0.         0.         0.         0.         0.         0.         0.         0.         0.         0.         0.         0.         0.         0.         0.         0.16976736 0.         0.1010415  0.         0.         0.1       ],[0. 0. 0. 0. 1. 0. 0. 0. 1. 0. 0. 0. 0. 0. 0. 0. 0. 0. 0. 0. 0. 0. 0. 0. 0. 1. 0. 1. 0. 0. 1.],5.0,1000,100,0.01,0.003,1,9,random,,random,single_objective
669,0.029040167400048732,0.08653969885214523,0.0034395000000000007,[0.         0.         0.         0.         0.10054628 0.         0.         0.         0.1        0.         0.         0.         0.         0.         0.         0.         0.         0.         0.         0.         0.         0.         0.         0.         0.         0.16976736 0.         0.1010415  0.         0.         0.1       ],[0. 0. 0. 0. 1. 0. 0. 0. 1. 0. 0. 0. 0. 0. 0. 0. 0. 0. 0. 0. 0. 0. 0. 0. 0. 1. 0. 1. 0. 0. 1.],5.0,1000,100,0.01,0.003,1,9,random,,random,single_objective
670,0.029040167400048732,0.08653969885214523,0.0034395000000000007,[0.         0.         0.         0.         0.10054628 0.         0.         0.         0.1        0.         0.         0.         0.         0.         0.         0.         0.         0.         0.         0.         0.         0.         0.         0.         0.         0.16976736 0.         0.1010415  0.         0.         0.1       ],[0. 0. 0. 0. 1. 0. 0. 0. 1. 0. 0. 0. 0. 0. 0. 0. 0. 0. 0. 0. 0. 0. 0. 0. 0. 1. 0. 1. 0. 0. 1.],5.0,1000,100,0.01,0.003,1,9,random,,random,single_objective
671,0.029040167400048732,0.08653969885214523,0.0034395000000000007,[0.         0.         0.         0.         0.10054628 0.         0.         0.         0.1        0.         0.         0.         0.         0.         0.         0.         0.         0.         0.         0.         0.         0.         0.         0.         0.         0.16976736 0.         0.1010415  0.         0.         0.1       ],[0. 0. 0. 0. 1. 0. 0. 0. 1. 0. 0. 0. 0. 0. 0. 0. 0. 0. 0. 0. 0. 0. 0. 0. 0. 1. 0. 1. 0. 0. 1.],5.0,1000,100,0.01,0.003,1,9,random,,random,single_objective
672,0.029040167400048732,0.08653969885214523,0.0034395000000000007,[0.         0.         0.         0.         0.10054628 0.         0.         0.         0.1        0.         0.         0.         0.         0.         0.         0.         0.         0.         0.         0.         0.         0.         0.         0.         0.         0.16976736 0.         0.1010415  0.         0.         0.1       ],[0. 0. 0. 0. 1. 0. 0. 0. 1. 0. 0. 0. 0. 0. 0. 0. 0. 0. 0. 0. 0. 0. 0. 0. 0. 1. 0. 1. 0. 0. 1.],5.0,1000,100,0.01,0.003,1,9,random,,random,single_objective
673,0.029040167400048732,0.08653969885214523,0.0034395000000000007,[0.         0.         0.         0.         0.10054628 0.         0.         0.         0.1        0.         0.         0.         0.         0.         0.         0.         0.         0.         0.         0.         0.         0.         0.         0.         0.         0.16976736 0.         0.1010415  0.         0.         0.1       ],[0. 0. 0. 0. 1. 0. 0. 0. 1. 0. 0. 0. 0. 0. 0. 0. 0. 0. 0. 0. 0. 0. 0. 0. 0. 1. 0. 1. 0. 0. 1.],5.0,1000,100,0.01,0.003,1,9,random,,random,single_objective
674,0.029040167400048732,0.08653969885214523,0.0034395000000000007,[0.         0.         0.         0.         0.10054628 0.         0.         0.         0.1        0.         0.         0.         0.         0.         0.         0.         0.         0.         0.         0.         0.         0.         0.         0.         0.         0.16976736 0.         0.1010415  0.         0.         0.1       ],[0. 0. 0. 0. 1. 0. 0. 0. 1. 0. 0. 0. 0. 0. 0. 0. 0. 0. 0. 0. 0. 0. 0. 0. 0. 1. 0. 1. 0. 0. 1.],5.0,1000,100,0.01,0.003,1,9,random,,random,single_objective
675,0.029040167400048732,0.08653969885214523,0.0034395000000000007,[0.         0.         0.         0.         0.10054628 0.         0.         0.         0.1        0.         0.         0.         0.         0.         0.         0.         0.         0.         0.         0.         0.         0.         0.         0.         0.         0.16976736 0.         0.1010415  0.         0.         0.1       ],[0. 0. 0. 0. 1. 0. 0. 0. 1. 0. 0. 0. 0. 0. 0. 0. 0. 0. 0. 0. 0. 0. 0. 0. 0. 1. 0. 1. 0. 0. 1.],5.0,1000,100,0.01,0.003,1,9,random,,random,single_objective
676,0.029040167400048732,0.08653969885214523,0.0034395000000000007,[0.         0.         0.         0.         0.10054628 0.         0.         0.         0.1        0.         0.         0.         0.         0.         0.         0.         0.         0.         0.         0.         0.         0.         0.         0.         0.         0.16976736 0.         0.1010415  0.         0.         0.1       ],[0. 0. 0. 0. 1. 0. 0. 0. 1. 0. 0. 0. 0. 0. 0. 0. 0. 0. 0. 0. 0. 0. 0. 0. 0. 1. 0. 1. 0. 0. 1.],5.0,1000,100,0.01,0.003,1,9,random,,random,single_objective
677,0.029040167400048732,0.08653969885214523,0.0034395000000000007,[0.         0.         0.         0.         0.10054628 0.         0.         0.         0.1        0.         0.         0.         0.         0.         0.         0.         0.         0.         0.         0.         0.         0.         0.         0.         0.         0.16976736 0.         0.1010415  0.         0.         0.1       ],[0. 0. 0. 0. 1. 0. 0. 0. 1. 0. 0. 0. 0. 0. 0. 0. 0. 0. 0. 0. 0. 0. 0. 0. 0. 1. 0. 1. 0. 0. 1.],5.0,1000,100,0.01,0.003,1,9,random,,random,single_objective
678,0.029040167400048732,0.08653969885214523,0.0034395000000000007,[0.         0.         0.         0.         0.10054628 0.         0.         0.         0.1        0.         0.         0.         0.         0.         0.         0.         0.         0.         0.         0.         0.         0.         0.         0.         0.         0.16976736 0.         0.1010415  0.         0.         0.1       ],[0. 0. 0. 0. 1. 0. 0. 0. 1. 0. 0. 0. 0. 0. 0. 0. 0. 0. 0. 0. 0. 0. 0. 0. 0. 1. 0. 1. 0. 0. 1.],5.0,1000,100,0.01,0.003,1,9,random,,random,single_objective
679,0.029040167400048732,0.08653969885214523,0.0034395000000000007,[0.         0.         0.         0.         0.10054628 0.         0.         0.         0.1        0.         0.         0.         0.         0.         0.         0.         0.         0.         0.         0.         0.         0.         0.         0.         0.         0.16976736 0.         0.1010415  0.         0.         0.1       ],[0. 0. 0. 0. 1. 0. 0. 0. 1. 0. 0. 0. 0. 0. 0. 0. 0. 0. 0. 0. 0. 0. 0. 0. 0. 1. 0. 1. 0. 0. 1.],5.0,1000,100,0.01,0.003,1,9,random,,random,single_objective
680,0.029040167400048732,0.08653969885214523,0.0034395000000000007,[0.         0.         0.         0.         0.10054628 0.         0.         0.         0.1        0.         0.         0.         0.         0.         0.         0.         0.         0.         0.         0.         0.         0.         0.         0.         0.         0.16976736 0.         0.1010415  0.         0.         0.1       ],[0. 0. 0. 0. 1. 0. 0. 0. 1. 0. 0. 0. 0. 0. 0. 0. 0. 0. 0. 0. 0. 0. 0. 0. 0. 1. 0. 1. 0. 0. 1.],5.0,1000,100,0.01,0.003,1,9,random,,random,single_objective
681,0.029040167400048732,0.08653969885214523,0.0034395000000000007,[0.         0.         0.         0.         0.10054628 0.         0.         0.         0.1        0.         0.         0.         0.         0.         0.         0.         0.         0.         0.         0.         0.         0.         0.         0.         0.         0.16976736 0.         0.1010415  0.         0.         0.1       ],[0. 0. 0. 0. 1. 0. 0. 0. 1. 0. 0. 0. 0. 0. 0. 0. 0. 0. 0. 0. 0. 0. 0. 0. 0. 1. 0. 1. 0. 0. 1.],5.0,1000,100,0.01,0.003,1,9,random,,random,single_objective
682,0.029040167400048732,0.08653969885214523,0.0034395000000000007,[0.         0.         0.         0.         0.10054628 0.         0.         0.         0.1        0.         0.         0.         0.         0.         0.         0.         0.         0.         0.         0.         0.         0.         0.         0.         0.         0.16976736 0.         0.1010415  0.         0.         0.1       ],[0. 0. 0. 0. 1. 0. 0. 0. 1. 0. 0. 0. 0. 0. 0. 0. 0. 0. 0. 0. 0. 0. 0. 0. 0. 1. 0. 1. 0. 0. 1.],5.0,1000,100,0.01,0.003,1,9,random,,random,single_objective
683,0.029040167400048732,0.08653969885214523,0.0034395000000000007,[0.         0.         0.         0.         0.10054628 0.         0.         0.         0.1        0.         0.         0.         0.         0.         0.         0.         0.         0.         0.         0.         0.         0.         0.         0.         0.         0.16976736 0.         0.1010415  0.         0.         0.1       ],[0. 0. 0. 0. 1. 0. 0. 0. 1. 0. 0. 0. 0. 0. 0. 0. 0. 0. 0. 0. 0. 0. 0. 0. 0. 1. 0. 1. 0. 0. 1.],5.0,1000,100,0.01,0.003,1,9,random,,random,single_objective
684,0.029040167400048732,0.08653969885214523,0.0034395000000000007,[0.         0.         0.         0.         0.10054628 0.         0.         0.         0.1        0.         0.         0.         0.         0.         0.         0.         0.         0.         0.         0.         0.         0.         0.         0.         0.         0.16976736 0.         0.1010415  0.         0.         0.1       ],[0. 0. 0. 0. 1. 0. 0. 0. 1. 0. 0. 0. 0. 0. 0. 0. 0. 0. 0. 0. 0. 0. 0. 0. 0. 1. 0. 1. 0. 0. 1.],5.0,1000,100,0.01,0.003,1,9,random,,random,single_objective
685,0.029040167400048732,0.08653969885214523,0.0034395000000000007,[0.         0.         0.         0.         0.10054628 0.         0.         0.         0.1        0.         0.         0.         0.         0.         0.         0.         0.         0.         0.         0.         0.         0.         0.         0.         0.         0.16976736 0.         0.1010415  0.         0.         0.1       ],[0. 0. 0. 0. 1. 0. 0. 0. 1. 0. 0. 0. 0. 0. 0. 0. 0. 0. 0. 0. 0. 0. 0. 0. 0. 1. 0. 1. 0. 0. 1.],5.0,1000,100,0.01,0.003,1,9,random,,random,single_objective
686,0.029040167400048732,0.08653969885214523,0.0034395000000000007,[0.         0.         0.         0.         0.10054628 0.         0.         0.         0.1        0.         0.         0.         0.         0.         0.         0.         0.         0.         0.         0.         0.         0.         0.         0.         0.         0.16976736 0.         0.1010415  0.         0.         0.1       ],[0. 0. 0. 0. 1. 0. 0. 0. 1. 0. 0. 0. 0. 0. 0. 0. 0. 0. 0. 0. 0. 0. 0. 0. 0. 1. 0. 1. 0. 0. 1.],5.0,1000,100,0.01,0.003,1,9,random,,random,single_objective
687,0.029040167400048732,0.08653969885214523,0.0034395000000000007,[0.         0.         0.         0.         0.10054628 0.         0.         0.         0.1        0.         0.         0.         0.         0.         0.         0.         0.         0.         0.         0.         0.         0.         0.         0.         0.         0.16976736 0.         0.1010415  0.         0.         0.1       ],[0. 0. 0. 0. 1. 0. 0. 0. 1. 0. 0. 0. 0. 0. 0. 0. 0. 0. 0. 0. 0. 0. 0. 0. 0. 1. 0. 1. 0. 0. 1.],5.0,1000,100,0.01,0.003,1,9,random,,random,single_objective
688,0.029040167400048732,0.08653969885214523,0.0034395000000000007,[0.         0.         0.         0.         0.10054628 0.         0.         0.         0.1        0.         0.         0.         0.         0.         0.         0.         0.         0.         0.         0.         0.         0.         0.         0.         0.         0.16976736 0.         0.1010415  0.         0.         0.1       ],[0. 0. 0. 0. 1. 0. 0. 0. 1. 0. 0. 0. 0. 0. 0. 0. 0. 0. 0. 0. 0. 0. 0. 0. 0. 1. 0. 1. 0. 0. 1.],5.0,1000,100,0.01,0.003,1,9,random,,random,single_objective
689,0.029040167400048732,0.08653969885214523,0.0034395000000000007,[0.         0.         0.         0.         0.10054628 0.         0.         0.         0.1        0.         0.         0.         0.         0.         0.         0.         0.         0.         0.         0.         0.         0.         0.         0.         0.         0.16976736 0.         0.1010415  0.         0.         0.1       ],[0. 0. 0. 0. 1. 0. 0. 0. 1. 0. 0. 0. 0. 0. 0. 0. 0. 0. 0. 0. 0. 0. 0. 0. 0. 1. 0. 1. 0. 0. 1.],5.0,1000,100,0.01,0.003,1,9,random,,random,single_objective
690,0.029040167400048732,0.08653969885214523,0.0034395000000000007,[0.         0.         0.         0.         0.10054628 0.         0.         0.         0.1        0.         0.         0.         0.         0.         0.         0.         0.         0.         0.         0.         0.         0.         0.         0.         0.         0.16976736 0.         0.1010415  0.         0.         0.1       ],[0. 0. 0. 0. 1. 0. 0. 0. 1. 0. 0. 0. 0. 0. 0. 0. 0. 0. 0. 0. 0. 0. 0. 0. 0. 1. 0. 1. 0. 0. 1.],5.0,1000,100,0.01,0.003,1,9,random,,random,single_objective
691,0.029040167400048732,0.08653969885214523,0.0034395000000000007,[0.         0.         0.         0.         0.10054628 0.         0.         0.         0.1        0.         0.         0.         0.         0.         0.         0.         0.         0.         0.         0.         0.         0.         0.         0.         0.         0.16976736 0.         0.1010415  0.         0.         0.1       ],[0. 0. 0. 0. 1. 0. 0. 0. 1. 0. 0. 0. 0. 0. 0. 0. 0. 0. 0. 0. 0. 0. 0. 0. 0. 1. 0. 1. 0. 0. 1.],5.0,1000,100,0.01,0.003,1,9,random,,random,single_objective
692,0.029040167400048732,0.08653969885214523,0.0034395000000000007,[0.         0.         0.         0.         0.10054628 0.         0.         0.         0.1        0.         0.         0.         0.         0.         0.         0.         0.         0.         0.         0.         0.         0.         0.         0.         0.         0.16976736 0.         0.1010415  0.         0.         0.1       ],[0. 0. 0. 0. 1. 0. 0. 0. 1. 0. 0. 0. 0. 0. 0. 0. 0. 0. 0. 0. 0. 0. 0. 0. 0. 1. 0. 1. 0. 0. 1.],5.0,1000,100,0.01,0.003,1,9,random,,random,single_objective
693,0.029040167400048732,0.08653969885214523,0.0034395000000000007,[0.         0.         0.         0.         0.10054628 0.         0.         0.         0.1        0.         0.         0.         0.         0.         0.         0.         0.         0.         0.         0.         0.         0.         0.         0.         0.         0.16976736 0.         0.1010415  0.         0.         0.1       ],[0. 0. 0. 0. 1. 0. 0. 0. 1. 0. 0. 0. 0. 0. 0. 0. 0. 0. 0. 0. 0. 0. 0. 0. 0. 1. 0. 1. 0. 0. 1.],5.0,1000,100,0.01,0.003,1,9,random,,random,single_objective
694,0.029040167400048732,0.08653969885214523,0.0034395000000000007,[0.         0.         0.         0.         0.10054628 0.         0.         0.         0.1        0.         0.         0.         0.         0.         0.         0.         0.         0.         0.         0.         0.         0.         0.         0.         0.         0.16976736 0.         0.1010415  0.         0.         0.1       ],[0. 0. 0. 0. 1. 0. 0. 0. 1. 0. 0. 0. 0. 0. 0. 0. 0. 0. 0. 0. 0. 0. 0. 0. 0. 1. 0. 1. 0. 0. 1.],5.0,1000,100,0.01,0.003,1,9,random,,random,single_objective
695,0.029040167400048732,0.08653969885214523,0.0034395000000000007,[0.         0.         0.         0.         0.10054628 0.         0.         0.         0.1        0.         0.         0.         0.         0.         0.         0.         0.         0.         0.         0.         0.         0.         0.         0.         0.         0.16976736 0.         0.1010415  0.         0.         0.1       ],[0. 0. 0. 0. 1. 0. 0. 0. 1. 0. 0. 0. 0. 0. 0. 0. 0. 0. 0. 0. 0. 0. 0. 0. 0. 1. 0. 1. 0. 0. 1.],5.0,1000,100,0.01,0.003,1,9,random,,random,single_objective
696,0.029040167400048732,0.08653969885214523,0.0034395000000000007,[0.         0.         0.         0.         0.10054628 0.         0.         0.         0.1        0.         0.         0.         0.         0.         0.         0.         0.         0.         0.         0.         0.         0.         0.         0.         0.         0.16976736 0.         0.1010415  0.         0.         0.1       ],[0. 0. 0. 0. 1. 0. 0. 0. 1. 0. 0. 0. 0. 0. 0. 0. 0. 0. 0. 0. 0. 0. 0. 0. 0. 1. 0. 1. 0. 0. 1.],5.0,1000,100,0.01,0.003,1,9,random,,random,single_objective
697,0.029040167400048732,0.08653969885214523,0.0034395000000000007,[0.         0.         0.         0.         0.10054628 0.         0.         0.         0.1        0.         0.         0.         0.         0.         0.         0.         0.         0.         0.         0.         0.         0.         0.         0.         0.         0.16976736 0.         0.1010415  0.         0.         0.1       ],[0. 0. 0. 0. 1. 0. 0. 0. 1. 0. 0. 0. 0. 0. 0. 0. 0. 0. 0. 0. 0. 0. 0. 0. 0. 1. 0. 1. 0. 0. 1.],5.0,1000,100,0.01,0.003,1,9,random,,random,single_objective
698,0.029040167400048732,0.08653969885214523,0.0034395000000000007,[0.         0.         0.         0.         0.10054628 0.         0.         0.         0.1        0.         0.         0.         0.         0.         0.         0.         0.         0.         0.         0.         0.         0.         0.         0.         0.         0.16976736 0.         0.1010415  0.         0.         0.1       ],[0. 0. 0. 0. 1. 0. 0. 0. 1. 0. 0. 0. 0. 0. 0. 0. 0. 0. 0. 0. 0. 0. 0. 0. 0. 1. 0. 1. 0. 0. 1.],5.0,1000,100,0.01,0.003,1,9,random,,random,single_objective
699,0.029040167400048732,0.08653969885214523,0.0034395000000000007,[0.         0.         0.         0.         0.10054628 0.         0.         0.         0.1        0.         0.         0.         0.         0.         0.         0.         0.         0.         0.         0.         0.         0.         0.         0.         0.         0.16976736 0.         0.1010415  0.         0.         0.1       ],[0. 0. 0. 0. 1. 0. 0. 0. 1. 0. 0. 0. 0. 0. 0. 0. 0. 0. 0. 0. 0. 0. 0. 0. 0. 1. 0. 1. 0. 0. 1.],5.0,1000,100,0.01,0.003,1,9,random,,random,single_objective
700,0.029040167400048732,0.08653969885214523,0.0034395000000000007,[0.         0.         0.         0.         0.10054628 0.         0.         0.         0.1        0.         0.         0.         0.         0.         0.         0.         0.         0.         0.         0.         0.         0.         0.         0.         0.         0.16976736 0.         0.1010415  0.         0.         0.1       ],[0. 0. 0. 0. 1. 0. 0. 0. 1. 0. 0. 0. 0. 0. 0. 0. 0. 0. 0. 0. 0. 0. 0. 0. 0. 1. 0. 1. 0. 0. 1.],5.0,1000,100,0.01,0.003,1,9,random,,random,single_objective
701,0.029040167400048732,0.08653969885214523,0.0034395000000000007,[0.         0.         0.         0.         0.10054628 0.         0.         0.         0.1        0.         0.         0.         0.         0.         0.         0.         0.         0.         0.         0.         0.         0.         0.         0.         0.         0.16976736 0.         0.1010415  0.         0.         0.1       ],[0. 0. 0. 0. 1. 0. 0. 0. 1. 0. 0. 0. 0. 0. 0. 0. 0. 0. 0. 0. 0. 0. 0. 0. 0. 1. 0. 1. 0. 0. 1.],5.0,1000,100,0.01,0.003,1,9,random,,random,single_objective
702,0.029040167400048732,0.08653969885214523,0.0034395000000000007,[0.         0.         0.         0.         0.10054628 0.         0.         0.         0.1        0.         0.         0.         0.         0.         0.         0.         0.         0.         0.         0.         0.         0.         0.         0.         0.         0.16976736 0.         0.1010415  0.         0.         0.1       ],[0. 0. 0. 0. 1. 0. 0. 0. 1. 0. 0. 0. 0. 0. 0. 0. 0. 0. 0. 0. 0. 0. 0. 0. 0. 1. 0. 1. 0. 0. 1.],5.0,1000,100,0.01,0.003,1,9,random,,random,single_objective
703,0.029040167400048732,0.08653969885214523,0.0034395000000000007,[0.         0.         0.         0.         0.10054628 0.         0.         0.         0.1        0.         0.         0.         0.         0.         0.         0.         0.         0.         0.         0.         0.         0.         0.         0.         0.         0.16976736 0.         0.1010415  0.         0.         0.1       ],[0. 0. 0. 0. 1. 0. 0. 0. 1. 0. 0. 0. 0. 0. 0. 0. 0. 0. 0. 0. 0. 0. 0. 0. 0. 1. 0. 1. 0. 0. 1.],5.0,1000,100,0.01,0.003,1,9,random,,random,single_objective
704,0.029040167400048732,0.08653969885214523,0.0034395000000000007,[0.         0.         0.         0.         0.10054628 0.         0.         0.         0.1        0.         0.         0.         0.         0.         0.         0.         0.         0.         0.         0.         0.         0.         0.         0.         0.         0.16976736 0.         0.1010415  0.         0.         0.1       ],[0. 0. 0. 0. 1. 0. 0. 0. 1. 0. 0. 0. 0. 0. 0. 0. 0. 0. 0. 0. 0. 0. 0. 0. 0. 1. 0. 1. 0. 0. 1.],5.0,1000,100,0.01,0.003,1,9,random,,random,single_objective
705,0.029040167400048732,0.08653969885214523,0.0034395000000000007,[0.         0.         0.         0.         0.10054628 0.         0.         0.         0.1        0.         0.         0.         0.         0.         0.         0.         0.         0.         0.         0.         0.         0.         0.         0.         0.         0.16976736 0.         0.1010415  0.         0.         0.1       ],[0. 0. 0. 0. 1. 0. 0. 0. 1. 0. 0. 0. 0. 0. 0. 0. 0. 0. 0. 0. 0. 0. 0. 0. 0. 1. 0. 1. 0. 0. 1.],5.0,1000,100,0.01,0.003,1,9,random,,random,single_objective
706,0.029040167400048732,0.08653969885214523,0.0034395000000000007,[0.         0.         0.         0.         0.10054628 0.         0.         0.         0.1        0.         0.         0.         0.         0.         0.         0.         0.         0.         0.         0.         0.         0.         0.         0.         0.         0.16976736 0.         0.1010415  0.         0.         0.1       ],[0. 0. 0. 0. 1. 0. 0. 0. 1. 0. 0. 0. 0. 0. 0. 0. 0. 0. 0. 0. 0. 0. 0. 0. 0. 1. 0. 1. 0. 0. 1.],5.0,1000,100,0.01,0.003,1,9,random,,random,single_objective
707,0.029040167400048732,0.08653969885214523,0.0034395000000000007,[0.         0.         0.         0.         0.10054628 0.         0.         0.         0.1        0.         0.         0.         0.         0.         0.         0.         0.         0.         0.         0.         0.         0.         0.         0.         0.         0.16976736 0.         0.1010415  0.         0.         0.1       ],[0. 0. 0. 0. 1. 0. 0. 0. 1. 0. 0. 0. 0. 0. 0. 0. 0. 0. 0. 0. 0. 0. 0. 0. 0. 1. 0. 1. 0. 0. 1.],5.0,1000,100,0.01,0.003,1,9,random,,random,single_objective
708,0.029040167400048732,0.08653969885214523,0.0034395000000000007,[0.         0.         0.         0.         0.10054628 0.         0.         0.         0.1        0.         0.         0.         0.         0.         0.         0.         0.         0.         0.         0.         0.         0.         0.         0.         0.         0.16976736 0.         0.1010415  0.         0.         0.1       ],[0. 0. 0. 0. 1. 0. 0. 0. 1. 0. 0. 0. 0. 0. 0. 0. 0. 0. 0. 0. 0. 0. 0. 0. 0. 1. 0. 1. 0. 0. 1.],5.0,1000,100,0.01,0.003,1,9,random,,random,single_objective
709,0.029040167400048732,0.08653969885214523,0.0034395000000000007,[0.         0.         0.         0.         0.10054628 0.         0.         0.         0.1        0.         0.         0.         0.         0.         0.         0.         0.         0.         0.         0.         0.         0.         0.         0.         0.         0.16976736 0.         0.1010415  0.         0.         0.1       ],[0. 0. 0. 0. 1. 0. 0. 0. 1. 0. 0. 0. 0. 0. 0. 0. 0. 0. 0. 0. 0. 0. 0. 0. 0. 1. 0. 1. 0. 0. 1.],5.0,1000,100,0.01,0.003,1,9,random,,random,single_objective
710,0.029040167400048732,0.08653969885214523,0.0034395000000000007,[0.         0.         0.         0.         0.10054628 0.         0.         0.         0.1        0.         0.         0.         0.         0.         0.         0.         0.         0.         0.         0.         0.         0.         0.         0.         0.         0.16976736 0.         0.1010415  0.         0.         0.1       ],[0. 0. 0. 0. 1. 0. 0. 0. 1. 0. 0. 0. 0. 0. 0. 0. 0. 0. 0. 0. 0. 0. 0. 0. 0. 1. 0. 1. 0. 0. 1.],5.0,1000,100,0.01,0.003,1,9,random,,random,single_objective
711,0.029040167400048732,0.08653969885214523,0.0034395000000000007,[0.         0.         0.         0.         0.10054628 0.         0.         0.         0.1        0.         0.         0.         0.         0.         0.         0.         0.         0.         0.         0.         0.         0.         0.         0.         0.         0.16976736 0.         0.1010415  0.         0.         0.1       ],[0. 0. 0. 0. 1. 0. 0. 0. 1. 0. 0. 0. 0. 0. 0. 0. 0. 0. 0. 0. 0. 0. 0. 0. 0. 1. 0. 1. 0. 0. 1.],5.0,1000,100,0.01,0.003,1,9,random,,random,single_objective
712,0.029040167400048732,0.08653969885214523,0.0034395000000000007,[0.         0.         0.         0.         0.10054628 0.         0.         0.         0.1        0.         0.         0.         0.         0.         0.         0.         0.         0.         0.         0.         0.         0.         0.         0.         0.         0.16976736 0.         0.1010415  0.         0.         0.1       ],[0. 0. 0. 0. 1. 0. 0. 0. 1. 0. 0. 0. 0. 0. 0. 0. 0. 0. 0. 0. 0. 0. 0. 0. 0. 1. 0. 1. 0. 0. 1.],5.0,1000,100,0.01,0.003,1,9,random,,random,single_objective
713,0.029040167400048732,0.08653969885214523,0.0034395000000000007,[0.         0.         0.         0.         0.10054628 0.         0.         0.         0.1        0.         0.         0.         0.         0.         0.         0.         0.         0.         0.         0.         0.         0.         0.         0.         0.         0.16976736 0.         0.1010415  0.         0.         0.1       ],[0. 0. 0. 0. 1. 0. 0. 0. 1. 0. 0. 0. 0. 0. 0. 0. 0. 0. 0. 0. 0. 0. 0. 0. 0. 1. 0. 1. 0. 0. 1.],5.0,1000,100,0.01,0.003,1,9,random,,random,single_objective
714,0.029040167400048732,0.08653969885214523,0.0034395000000000007,[0.         0.         0.         0.         0.10054628 0.         0.         0.         0.1        0.         0.         0.         0.         0.         0.         0.         0.         0.         0.         0.         0.         0.         0.         0.         0.         0.16976736 0.         0.1010415  0.         0.         0.1       ],[0. 0. 0. 0. 1. 0. 0. 0. 1. 0. 0. 0. 0. 0. 0. 0. 0. 0. 0. 0. 0. 0. 0. 0. 0. 1. 0. 1. 0. 0. 1.],5.0,1000,100,0.01,0.003,1,9,random,,random,single_objective
715,0.029040167400048732,0.08653969885214523,0.0034395000000000007,[0.         0.         0.         0.         0.10054628 0.         0.         0.         0.1        0.         0.         0.         0.         0.         0.         0.         0.         0.         0.         0.         0.         0.         0.         0.         0.         0.16976736 0.         0.1010415  0.         0.         0.1       ],[0. 0. 0. 0. 1. 0. 0. 0. 1. 0. 0. 0. 0. 0. 0. 0. 0. 0. 0. 0. 0. 0. 0. 0. 0. 1. 0. 1. 0. 0. 1.],5.0,1000,100,0.01,0.003,1,9,random,,random,single_objective
716,0.029040167400048732,0.08653969885214523,0.0034395000000000007,[0.         0.         0.         0.         0.10054628 0.         0.         0.         0.1        0.         0.         0.         0.         0.         0.         0.         0.         0.         0.         0.         0.         0.         0.         0.         0.         0.16976736 0.         0.1010415  0.         0.         0.1       ],[0. 0. 0. 0. 1. 0. 0. 0. 1. 0. 0. 0. 0. 0. 0. 0. 0. 0. 0. 0. 0. 0. 0. 0. 0. 1. 0. 1. 0. 0. 1.],5.0,1000,100,0.01,0.003,1,9,random,,random,single_objective
717,0.029040167400048732,0.08653969885214523,0.0034395000000000007,[0.         0.         0.         0.         0.10054628 0.         0.         0.         0.1        0.         0.         0.         0.         0.         0.         0.         0.         0.         0.         0.         0.         0.         0.         0.         0.         0.16976736 0.         0.1010415  0.         0.         0.1       ],[0. 0. 0. 0. 1. 0. 0. 0. 1. 0. 0. 0. 0. 0. 0. 0. 0. 0. 0. 0. 0. 0. 0. 0. 0. 1. 0. 1. 0. 0. 1.],5.0,1000,100,0.01,0.003,1,9,random,,random,single_objective
718,0.029040167400048732,0.08653969885214523,0.0034395000000000007,[0.         0.         0.         0.         0.10054628 0.         0.         0.         0.1        0.         0.         0.         0.         0.         0.         0.         0.         0.         0.         0.         0.         0.         0.         0.         0.         0.16976736 0.         0.1010415  0.         0.         0.1       ],[0. 0. 0. 0. 1. 0. 0. 0. 1. 0. 0. 0. 0. 0. 0. 0. 0. 0. 0. 0. 0. 0. 0. 0. 0. 1. 0. 1. 0. 0. 1.],5.0,1000,100,0.01,0.003,1,9,random,,random,single_objective
719,0.029040167400048732,0.08653969885214523,0.0034395000000000007,[0.         0.         0.         0.         0.10054628 0.         0.         0.         0.1        0.         0.         0.         0.         0.         0.         0.         0.         0.         0.         0.         0.         0.         0.         0.         0.         0.16976736 0.         0.1010415  0.         0.         0.1       ],[0. 0. 0. 0. 1. 0. 0. 0. 1. 0. 0. 0. 0. 0. 0. 0. 0. 0. 0. 0. 0. 0. 0. 0. 0. 1. 0. 1. 0. 0. 1.],5.0,1000,100,0.01,0.003,1,9,random,,random,single_objective
720,0.029040167400048732,0.08653969885214523,0.0034395000000000007,[0.         0.         0.         0.         0.10054628 0.         0.         0.         0.1        0.         0.         0.         0.         0.         0.         0.         0.         0.         0.         0.         0.         0.         0.         0.         0.         0.16976736 0.         0.1010415  0.         0.         0.1       ],[0. 0. 0. 0. 1. 0. 0. 0. 1. 0. 0. 0. 0. 0. 0. 0. 0. 0. 0. 0. 0. 0. 0. 0. 0. 1. 0. 1. 0. 0. 1.],5.0,1000,100,0.01,0.003,1,9,random,,random,single_objective
721,0.029040167400048732,0.08653969885214523,0.0034395000000000007,[0.         0.         0.         0.         0.10054628 0.         0.         0.         0.1        0.         0.         0.         0.         0.         0.         0.         0.         0.         0.         0.         0.         0.         0.         0.         0.         0.16976736 0.         0.1010415  0.         0.         0.1       ],[0. 0. 0. 0. 1. 0. 0. 0. 1. 0. 0. 0. 0. 0. 0. 0. 0. 0. 0. 0. 0. 0. 0. 0. 0. 1. 0. 1. 0. 0. 1.],5.0,1000,100,0.01,0.003,1,9,random,,random,single_objective
722,0.029040167400048732,0.08653969885214523,0.0034395000000000007,[0.         0.         0.         0.         0.10054628 0.         0.         0.         0.1        0.         0.         0.         0.         0.         0.         0.         0.         0.         0.         0.         0.         0.         0.         0.         0.         0.16976736 0.         0.1010415  0.         0.         0.1       ],[0. 0. 0. 0. 1. 0. 0. 0. 1. 0. 0. 0. 0. 0. 0. 0. 0. 0. 0. 0. 0. 0. 0. 0. 0. 1. 0. 1. 0. 0. 1.],5.0,1000,100,0.01,0.003,1,9,random,,random,single_objective
723,0.029040167400048732,0.08653969885214523,0.0034395000000000007,[0.         0.         0.         0.         0.10054628 0.         0.         0.         0.1        0.         0.         0.         0.         0.         0.         0.         0.         0.         0.         0.         0.         0.         0.         0.         0.         0.16976736 0.         0.1010415  0.         0.         0.1       ],[0. 0. 0. 0. 1. 0. 0. 0. 1. 0. 0. 0. 0. 0. 0. 0. 0. 0. 0. 0. 0. 0. 0. 0. 0. 1. 0. 1. 0. 0. 1.],5.0,1000,100,0.01,0.003,1,9,random,,random,single_objective
724,0.029040167400048732,0.08653969885214523,0.0034395000000000007,[0.         0.         0.         0.         0.10054628 0.         0.         0.         0.1        0.         0.         0.         0.         0.         0.         0.         0.         0.         0.         0.         0.         0.         0.         0.         0.         0.16976736 0.         0.1010415  0.         0.         0.1       ],[0. 0. 0. 0. 1. 0. 0. 0. 1. 0. 0. 0. 0. 0. 0. 0. 0. 0. 0. 0. 0. 0. 0. 0. 0. 1. 0. 1. 0. 0. 1.],5.0,1000,100,0.01,0.003,1,9,random,,random,single_objective
725,0.029040167400048732,0.08653969885214523,0.0034395000000000007,[0.         0.         0.         0.         0.10054628 0.         0.         0.         0.1        0.         0.         0.         0.         0.         0.         0.         0.         0.         0.         0.         0.         0.         0.         0.         0.         0.16976736 0.         0.1010415  0.         0.         0.1       ],[0. 0. 0. 0. 1. 0. 0. 0. 1. 0. 0. 0. 0. 0. 0. 0. 0. 0. 0. 0. 0. 0. 0. 0. 0. 1. 0. 1. 0. 0. 1.],5.0,1000,100,0.01,0.003,1,9,random,,random,single_objective
726,0.029040167400048732,0.08653969885214523,0.0034395000000000007,[0.         0.         0.         0.         0.10054628 0.         0.         0.         0.1        0.         0.         0.         0.         0.         0.         0.         0.         0.         0.         0.         0.         0.         0.         0.         0.         0.16976736 0.         0.1010415  0.         0.         0.1       ],[0. 0. 0. 0. 1. 0. 0. 0. 1. 0. 0. 0. 0. 0. 0. 0. 0. 0. 0. 0. 0. 0. 0. 0. 0. 1. 0. 1. 0. 0. 1.],5.0,1000,100,0.01,0.003,1,9,random,,random,single_objective
727,0.029040167400048732,0.08653969885214523,0.0034395000000000007,[0.         0.         0.         0.         0.10054628 0.         0.         0.         0.1        0.         0.         0.         0.         0.         0.         0.         0.         0.         0.         0.         0.         0.         0.         0.         0.         0.16976736 0.         0.1010415  0.         0.         0.1       ],[0. 0. 0. 0. 1. 0. 0. 0. 1. 0. 0. 0. 0. 0. 0. 0. 0. 0. 0. 0. 0. 0. 0. 0. 0. 1. 0. 1. 0. 0. 1.],5.0,1000,100,0.01,0.003,1,9,random,,random,single_objective
728,0.029040167400048732,0.08653969885214523,0.0034395000000000007,[0.         0.         0.         0.         0.10054628 0.         0.         0.         0.1        0.         0.         0.         0.         0.         0.         0.         0.         0.         0.         0.         0.         0.         0.         0.         0.         0.16976736 0.         0.1010415  0.         0.         0.1       ],[0. 0. 0. 0. 1. 0. 0. 0. 1. 0. 0. 0. 0. 0. 0. 0. 0. 0. 0. 0. 0. 0. 0. 0. 0. 1. 0. 1. 0. 0. 1.],5.0,1000,100,0.01,0.003,1,9,random,,random,single_objective
729,0.029040167400048732,0.08653969885214523,0.0034395000000000007,[0.         0.         0.         0.         0.10054628 0.         0.         0.         0.1        0.         0.         0.         0.         0.         0.         0.         0.         0.         0.         0.         0.         0.         0.         0.         0.         0.16976736 0.         0.1010415  0.         0.         0.1       ],[0. 0. 0. 0. 1. 0. 0. 0. 1. 0. 0. 0. 0. 0. 0. 0. 0. 0. 0. 0. 0. 0. 0. 0. 0. 1. 0. 1. 0. 0. 1.],5.0,1000,100,0.01,0.003,1,9,random,,random,single_objective
730,0.029040167400048732,0.08653969885214523,0.0034395000000000007,[0.         0.         0.         0.         0.10054628 0.         0.         0.         0.1        0.         0.         0.         0.         0.         0.         0.         0.         0.         0.         0.         0.         0.         0.         0.         0.         0.16976736 0.         0.1010415  0.         0.         0.1       ],[0. 0. 0. 0. 1. 0. 0. 0. 1. 0. 0. 0. 0. 0. 0. 0. 0. 0. 0. 0. 0. 0. 0. 0. 0. 1. 0. 1. 0. 0. 1.],5.0,1000,100,0.01,0.003,1,9,random,,random,single_objective
731,0.029040167400048732,0.08653969885214523,0.0034395000000000007,[0.         0.         0.         0.         0.10054628 0.         0.         0.         0.1        0.         0.         0.         0.         0.         0.         0.         0.         0.         0.         0.         0.         0.         0.         0.         0.         0.16976736 0.         0.1010415  0.         0.         0.1       ],[0. 0. 0. 0. 1. 0. 0. 0. 1. 0. 0. 0. 0. 0. 0. 0. 0. 0. 0. 0. 0. 0. 0. 0. 0. 1. 0. 1. 0. 0. 1.],5.0,1000,100,0.01,0.003,1,9,random,,random,single_objective
732,0.029040167400048732,0.08653969885214523,0.0034395000000000007,[0.         0.         0.         0.         0.10054628 0.         0.         0.         0.1        0.         0.         0.         0.         0.         0.         0.         0.         0.         0.         0.         0.         0.         0.         0.         0.         0.16976736 0.         0.1010415  0.         0.         0.1       ],[0. 0. 0. 0. 1. 0. 0. 0. 1. 0. 0. 0. 0. 0. 0. 0. 0. 0. 0. 0. 0. 0. 0. 0. 0. 1. 0. 1. 0. 0. 1.],5.0,1000,100,0.01,0.003,1,9,random,,random,single_objective
733,0.029040167400048732,0.08653969885214523,0.0034395000000000007,[0.         0.         0.         0.         0.10054628 0.         0.         0.         0.1        0.         0.         0.         0.         0.         0.         0.         0.         0.         0.         0.         0.         0.         0.         0.         0.         0.16976736 0.         0.1010415  0.         0.         0.1       ],[0. 0. 0. 0. 1. 0. 0. 0. 1. 0. 0. 0. 0. 0. 0. 0. 0. 0. 0. 0. 0. 0. 0. 0. 0. 1. 0. 1. 0. 0. 1.],5.0,1000,100,0.01,0.003,1,9,random,,random,single_objective
734,0.029040167400048732,0.08653969885214523,0.0034395000000000007,[0.         0.         0.         0.         0.10054628 0.         0.         0.         0.1        0.         0.         0.         0.         0.         0.         0.         0.         0.         0.         0.         0.         0.         0.         0.         0.         0.16976736 0.         0.1010415  0.         0.         0.1       ],[0. 0. 0. 0. 1. 0. 0. 0. 1. 0. 0. 0. 0. 0. 0. 0. 0. 0. 0. 0. 0. 0. 0. 0. 0. 1. 0. 1. 0. 0. 1.],5.0,1000,100,0.01,0.003,1,9,random,,random,single_objective
735,0.029040167400048732,0.08653969885214523,0.0034395000000000007,[0.         0.         0.         0.         0.10054628 0.         0.         0.         0.1        0.         0.         0.         0.         0.         0.         0.         0.         0.         0.         0.         0.         0.         0.         0.         0.         0.16976736 0.         0.1010415  0.         0.         0.1       ],[0. 0. 0. 0. 1. 0. 0. 0. 1. 0. 0. 0. 0. 0. 0. 0. 0. 0. 0. 0. 0. 0. 0. 0. 0. 1. 0. 1. 0. 0. 1.],5.0,1000,100,0.01,0.003,1,9,random,,random,single_objective
736,0.029040167400048732,0.08653969885214523,0.0034395000000000007,[0.         0.         0.         0.         0.10054628 0.         0.         0.         0.1        0.         0.         0.         0.         0.         0.         0.         0.         0.         0.         0.         0.         0.         0.         0.         0.         0.16976736 0.         0.1010415  0.         0.         0.1       ],[0. 0. 0. 0. 1. 0. 0. 0. 1. 0. 0. 0. 0. 0. 0. 0. 0. 0. 0. 0. 0. 0. 0. 0. 0. 1. 0. 1. 0. 0. 1.],5.0,1000,100,0.01,0.003,1,9,random,,random,single_objective
737,0.029040167400048732,0.08653969885214523,0.0034395000000000007,[0.         0.         0.         0.         0.10054628 0.         0.         0.         0.1        0.         0.         0.         0.         0.         0.         0.         0.         0.         0.         0.         0.         0.         0.         0.         0.         0.16976736 0.         0.1010415  0.         0.         0.1       ],[0. 0. 0. 0. 1. 0. 0. 0. 1. 0. 0. 0. 0. 0. 0. 0. 0. 0. 0. 0. 0. 0. 0. 0. 0. 1. 0. 1. 0. 0. 1.],5.0,1000,100,0.01,0.003,1,9,random,,random,single_objective
738,0.029040167400048732,0.08653969885214523,0.0034395000000000007,[0.         0.         0.         0.         0.10054628 0.         0.         0.         0.1        0.         0.         0.         0.         0.         0.         0.         0.         0.         0.         0.         0.         0.         0.         0.         0.         0.16976736 0.         0.1010415  0.         0.         0.1       ],[0. 0. 0. 0. 1. 0. 0. 0. 1. 0. 0. 0. 0. 0. 0. 0. 0. 0. 0. 0. 0. 0. 0. 0. 0. 1. 0. 1. 0. 0. 1.],5.0,1000,100,0.01,0.003,1,9,random,,random,single_objective
739,0.029040167400048732,0.08653969885214523,0.0034395000000000007,[0.         0.         0.         0.         0.10054628 0.         0.         0.         0.1        0.         0.         0.         0.         0.         0.         0.         0.         0.         0.         0.         0.         0.         0.         0.         0.         0.16976736 0.         0.1010415  0.         0.         0.1       ],[0. 0. 0. 0. 1. 0. 0. 0. 1. 0. 0. 0. 0. 0. 0. 0. 0. 0. 0. 0. 0. 0. 0. 0. 0. 1. 0. 1. 0. 0. 1.],5.0,1000,100,0.01,0.003,1,9,random,,random,single_objective
740,0.029040167400048732,0.08653969885214523,0.0034395000000000007,[0.         0.         0.         0.         0.10054628 0.         0.         0.         0.1        0.         0.         0.         0.         0.         0.         0.         0.         0.         0.         0.         0.         0.         0.         0.         0.         0.16976736 0.         0.1010415  0.         0.         0.1       ],[0. 0. 0. 0. 1. 0. 0. 0. 1. 0. 0. 0. 0. 0. 0. 0. 0. 0. 0. 0. 0. 0. 0. 0. 0. 1. 0. 1. 0. 0. 1.],5.0,1000,100,0.01,0.003,1,9,random,,random,single_objective
741,0.029040167400048732,0.08653969885214523,0.0034395000000000007,[0.         0.         0.         0.         0.10054628 0.         0.         0.         0.1        0.         0.         0.         0.         0.         0.         0.         0.         0.         0.         0.         0.         0.         0.         0.         0.         0.16976736 0.         0.1010415  0.         0.         0.1       ],[0. 0. 0. 0. 1. 0. 0. 0. 1. 0. 0. 0. 0. 0. 0. 0. 0. 0. 0. 0. 0. 0. 0. 0. 0. 1. 0. 1. 0. 0. 1.],5.0,1000,100,0.01,0.003,1,9,random,,random,single_objective
742,0.029040167400048732,0.08653969885214523,0.0034395000000000007,[0.         0.         0.         0.         0.10054628 0.         0.         0.         0.1        0.         0.         0.         0.         0.         0.         0.         0.         0.         0.         0.         0.         0.         0.         0.         0.         0.16976736 0.         0.1010415  0.         0.         0.1       ],[0. 0. 0. 0. 1. 0. 0. 0. 1. 0. 0. 0. 0. 0. 0. 0. 0. 0. 0. 0. 0. 0. 0. 0. 0. 1. 0. 1. 0. 0. 1.],5.0,1000,100,0.01,0.003,1,9,random,,random,single_objective
743,0.029040167400048732,0.08653969885214523,0.0034395000000000007,[0.         0.         0.         0.         0.10054628 0.         0.         0.         0.1        0.         0.         0.         0.         0.         0.         0.         0.         0.         0.         0.         0.         0.         0.         0.         0.         0.16976736 0.         0.1010415  0.         0.         0.1       ],[0. 0. 0. 0. 1. 0. 0. 0. 1. 0. 0. 0. 0. 0. 0. 0. 0. 0. 0. 0. 0. 0. 0. 0. 0. 1. 0. 1. 0. 0. 1.],5.0,1000,100,0.01,0.003,1,9,random,,random,single_objective
744,0.029040167400048732,0.08653969885214523,0.0034395000000000007,[0.         0.         0.         0.         0.10054628 0.         0.         0.         0.1        0.         0.         0.         0.         0.         0.         0.         0.         0.         0.         0.         0.         0.         0.         0.         0.         0.16976736 0.         0.1010415  0.         0.         0.1       ],[0. 0. 0. 0. 1. 0. 0. 0. 1. 0. 0. 0. 0. 0. 0. 0. 0. 0. 0. 0. 0. 0. 0. 0. 0. 1. 0. 1. 0. 0. 1.],5.0,1000,100,0.01,0.003,1,9,random,,random,single_objective
745,0.029040167400048732,0.08653969885214523,0.0034395000000000007,[0.         0.         0.         0.         0.10054628 0.         0.         0.         0.1        0.         0.         0.         0.         0.         0.         0.         0.         0.         0.         0.         0.         0.         0.         0.         0.         0.16976736 0.         0.1010415  0.         0.         0.1       ],[0. 0. 0. 0. 1. 0. 0. 0. 1. 0. 0. 0. 0. 0. 0. 0. 0. 0. 0. 0. 0. 0. 0. 0. 0. 1. 0. 1. 0. 0. 1.],5.0,1000,100,0.01,0.003,1,9,random,,random,single_objective
746,0.029040167400048732,0.08653969885214523,0.0034395000000000007,[0.         0.         0.         0.         0.10054628 0.         0.         0.         0.1        0.         0.         0.         0.         0.         0.         0.         0.         0.         0.         0.         0.         0.         0.         0.         0.         0.16976736 0.         0.1010415  0.         0.         0.1       ],[0. 0. 0. 0. 1. 0. 0. 0. 1. 0. 0. 0. 0. 0. 0. 0. 0. 0. 0. 0. 0. 0. 0. 0. 0. 1. 0. 1. 0. 0. 1.],5.0,1000,100,0.01,0.003,1,9,random,,random,single_objective
747,0.029040167400048732,0.08653969885214523,0.0034395000000000007,[0.         0.         0.         0.         0.10054628 0.         0.         0.         0.1        0.         0.         0.         0.         0.         0.         0.         0.         0.         0.         0.         0.         0.         0.         0.         0.         0.16976736 0.         0.1010415  0.         0.         0.1       ],[0. 0. 0. 0. 1. 0. 0. 0. 1. 0. 0. 0. 0. 0. 0. 0. 0. 0. 0. 0. 0. 0. 0. 0. 0. 1. 0. 1. 0. 0. 1.],5.0,1000,100,0.01,0.003,1,9,random,,random,single_objective
748,0.029040167400048732,0.08653969885214523,0.0034395000000000007,[0.         0.         0.         0.         0.10054628 0.         0.         0.         0.1        0.         0.         0.         0.         0.         0.         0.         0.         0.         0.         0.         0.         0.         0.         0.         0.         0.16976736 0.         0.1010415  0.         0.         0.1       ],[0. 0. 0. 0. 1. 0. 0. 0. 1. 0. 0. 0. 0. 0. 0. 0. 0. 0. 0. 0. 0. 0. 0. 0. 0. 1. 0. 1. 0. 0. 1.],5.0,1000,100,0.01,0.003,1,9,random,,random,single_objective
749,0.029040167400048732,0.08653969885214523,0.0034395000000000007,[0.         0.         0.         0.         0.10054628 0.         0.         0.         0.1        0.         0.         0.         0.         0.         0.         0.         0.         0.         0.         0.         0.         0.         0.         0.         0.         0.16976736 0.         0.1010415  0.         0.         0.1       ],[0. 0. 0. 0. 1. 0. 0. 0. 1. 0. 0. 0. 0. 0. 0. 0. 0. 0. 0. 0. 0. 0. 0. 0. 0. 1. 0. 1. 0. 0. 1.],5.0,1000,100,0.01,0.003,1,9,random,,random,single_objective
750,0.029040167400048732,0.08653969885214523,0.0034395000000000007,[0.         0.         0.         0.         0.10054628 0.         0.         0.         0.1        0.         0.         0.         0.         0.         0.         0.         0.         0.         0.         0.         0.         0.         0.         0.         0.         0.16976736 0.         0.1010415  0.         0.         0.1       ],[0. 0. 0. 0. 1. 0. 0. 0. 1. 0. 0. 0. 0. 0. 0. 0. 0. 0. 0. 0. 0. 0. 0. 0. 0. 1. 0. 1. 0. 0. 1.],5.0,1000,100,0.01,0.003,1,9,random,,random,single_objective
751,0.029040167400048732,0.08653969885214523,0.0034395000000000007,[0.         0.         0.         0.         0.10054628 0.         0.         0.         0.1        0.         0.         0.         0.         0.         0.         0.         0.         0.         0.         0.         0.         0.         0.         0.         0.         0.16976736 0.         0.1010415  0.         0.         0.1       ],[0. 0. 0. 0. 1. 0. 0. 0. 1. 0. 0. 0. 0. 0. 0. 0. 0. 0. 0. 0. 0. 0. 0. 0. 0. 1. 0. 1. 0. 0. 1.],5.0,1000,100,0.01,0.003,1,9,random,,random,single_objective
752,0.029040167400048732,0.08653969885214523,0.0034395000000000007,[0.         0.         0.         0.         0.10054628 0.         0.         0.         0.1        0.         0.         0.         0.         0.         0.         0.         0.         0.         0.         0.         0.         0.         0.         0.         0.         0.16976736 0.         0.1010415  0.         0.         0.1       ],[0. 0. 0. 0. 1. 0. 0. 0. 1. 0. 0. 0. 0. 0. 0. 0. 0. 0. 0. 0. 0. 0. 0. 0. 0. 1. 0. 1. 0. 0. 1.],5.0,1000,100,0.01,0.003,1,9,random,,random,single_objective
753,0.029040167400048732,0.08653969885214523,0.0034395000000000007,[0.         0.         0.         0.         0.10054628 0.         0.         0.         0.1        0.         0.         0.         0.         0.         0.         0.         0.         0.         0.         0.         0.         0.         0.         0.         0.         0.16976736 0.         0.1010415  0.         0.         0.1       ],[0. 0. 0. 0. 1. 0. 0. 0. 1. 0. 0. 0. 0. 0. 0. 0. 0. 0. 0. 0. 0. 0. 0. 0. 0. 1. 0. 1. 0. 0. 1.],5.0,1000,100,0.01,0.003,1,9,random,,random,single_objective
754,0.029040167400048732,0.08653969885214523,0.0034395000000000007,[0.         0.         0.         0.         0.10054628 0.         0.         0.         0.1        0.         0.         0.         0.         0.         0.         0.         0.         0.         0.         0.         0.         0.         0.         0.         0.         0.16976736 0.         0.1010415  0.         0.         0.1       ],[0. 0. 0. 0. 1. 0. 0. 0. 1. 0. 0. 0. 0. 0. 0. 0. 0. 0. 0. 0. 0. 0. 0. 0. 0. 1. 0. 1. 0. 0. 1.],5.0,1000,100,0.01,0.003,1,9,random,,random,single_objective
755,0.029040167400048732,0.08653969885214523,0.0034395000000000007,[0.         0.         0.         0.         0.10054628 0.         0.         0.         0.1        0.         0.         0.         0.         0.         0.         0.         0.         0.         0.         0.         0.         0.         0.         0.         0.         0.16976736 0.         0.1010415  0.         0.         0.1       ],[0. 0. 0. 0. 1. 0. 0. 0. 1. 0. 0. 0. 0. 0. 0. 0. 0. 0. 0. 0. 0. 0. 0. 0. 0. 1. 0. 1. 0. 0. 1.],5.0,1000,100,0.01,0.003,1,9,random,,random,single_objective
756,0.029040167400048732,0.08653969885214523,0.0034395000000000007,[0.         0.         0.         0.         0.10054628 0.         0.         0.         0.1        0.         0.         0.         0.         0.         0.         0.         0.         0.         0.         0.         0.         0.         0.         0.         0.         0.16976736 0.         0.1010415  0.         0.         0.1       ],[0. 0. 0. 0. 1. 0. 0. 0. 1. 0. 0. 0. 0. 0. 0. 0. 0. 0. 0. 0. 0. 0. 0. 0. 0. 1. 0. 1. 0. 0. 1.],5.0,1000,100,0.01,0.003,1,9,random,,random,single_objective
757,0.029040167400048732,0.08653969885214523,0.0034395000000000007,[0.         0.         0.         0.         0.10054628 0.         0.         0.         0.1        0.         0.         0.         0.         0.         0.         0.         0.         0.         0.         0.         0.         0.         0.         0.         0.         0.16976736 0.         0.1010415  0.         0.         0.1       ],[0. 0. 0. 0. 1. 0. 0. 0. 1. 0. 0. 0. 0. 0. 0. 0. 0. 0. 0. 0. 0. 0. 0. 0. 0. 1. 0. 1. 0. 0. 1.],5.0,1000,100,0.01,0.003,1,9,random,,random,single_objective
758,0.029040167400048732,0.08653969885214523,0.0034395000000000007,[0.         0.         0.         0.         0.10054628 0.         0.         0.         0.1        0.         0.         0.         0.         0.         0.         0.         0.         0.         0.         0.         0.         0.         0.         0.         0.         0.16976736 0.         0.1010415  0.         0.         0.1       ],[0. 0. 0. 0. 1. 0. 0. 0. 1. 0. 0. 0. 0. 0. 0. 0. 0. 0. 0. 0. 0. 0. 0. 0. 0. 1. 0. 1. 0. 0. 1.],5.0,1000,100,0.01,0.003,1,9,random,,random,single_objective
759,0.029040167400048732,0.08653969885214523,0.0034395000000000007,[0.         0.         0.         0.         0.10054628 0.         0.         0.         0.1        0.         0.         0.         0.         0.         0.         0.         0.         0.         0.         0.         0.         0.         0.         0.         0.         0.16976736 0.         0.1010415  0.         0.         0.1       ],[0. 0. 0. 0. 1. 0. 0. 0. 1. 0. 0. 0. 0. 0. 0. 0. 0. 0. 0. 0. 0. 0. 0. 0. 0. 1. 0. 1. 0. 0. 1.],5.0,1000,100,0.01,0.003,1,9,random,,random,single_objective
760,0.029040167400048732,0.08653969885214523,0.0034395000000000007,[0.         0.         0.         0.         0.10054628 0.         0.         0.         0.1        0.         0.         0.         0.         0.         0.         0.         0.         0.         0.         0.         0.         0.         0.         0.         0.         0.16976736 0.         0.1010415  0.         0.         0.1       ],[0. 0. 0. 0. 1. 0. 0. 0. 1. 0. 0. 0. 0. 0. 0. 0. 0. 0. 0. 0. 0. 0. 0. 0. 0. 1. 0. 1. 0. 0. 1.],5.0,1000,100,0.01,0.003,1,9,random,,random,single_objective
761,0.029040167400048732,0.08653969885214523,0.0034395000000000007,[0.         0.         0.         0.         0.10054628 0.         0.         0.         0.1        0.         0.         0.         0.         0.         0.         0.         0.         0.         0.         0.         0.         0.         0.         0.         0.         0.16976736 0.         0.1010415  0.         0.         0.1       ],[0. 0. 0. 0. 1. 0. 0. 0. 1. 0. 0. 0. 0. 0. 0. 0. 0. 0. 0. 0. 0. 0. 0. 0. 0. 1. 0. 1. 0. 0. 1.],5.0,1000,100,0.01,0.003,1,9,random,,random,single_objective
762,0.029040167400048732,0.08653969885214523,0.0034395000000000007,[0.         0.         0.         0.         0.10054628 0.         0.         0.         0.1        0.         0.         0.         0.         0.         0.         0.         0.         0.         0.         0.         0.         0.         0.         0.         0.         0.16976736 0.         0.1010415  0.         0.         0.1       ],[0. 0. 0. 0. 1. 0. 0. 0. 1. 0. 0. 0. 0. 0. 0. 0. 0. 0. 0. 0. 0. 0. 0. 0. 0. 1. 0. 1. 0. 0. 1.],5.0,1000,100,0.01,0.003,1,9,random,,random,single_objective
763,0.029040167400048732,0.08653969885214523,0.0034395000000000007,[0.         0.         0.         0.         0.10054628 0.         0.         0.         0.1        0.         0.         0.         0.         0.         0.         0.         0.         0.         0.         0.         0.         0.         0.         0.         0.         0.16976736 0.         0.1010415  0.         0.         0.1       ],[0. 0. 0. 0. 1. 0. 0. 0. 1. 0. 0. 0. 0. 0. 0. 0. 0. 0. 0. 0. 0. 0. 0. 0. 0. 1. 0. 1. 0. 0. 1.],5.0,1000,100,0.01,0.003,1,9,random,,random,single_objective
764,0.029040167400048732,0.08653969885214523,0.0034395000000000007,[0.         0.         0.         0.         0.10054628 0.         0.         0.         0.1        0.         0.         0.         0.         0.         0.         0.         0.         0.         0.         0.         0.         0.         0.         0.         0.         0.16976736 0.         0.1010415  0.         0.         0.1       ],[0. 0. 0. 0. 1. 0. 0. 0. 1. 0. 0. 0. 0. 0. 0. 0. 0. 0. 0. 0. 0. 0. 0. 0. 0. 1. 0. 1. 0. 0. 1.],5.0,1000,100,0.01,0.003,1,9,random,,random,single_objective
765,0.029040167400048732,0.08653969885214523,0.0034395000000000007,[0.         0.         0.         0.         0.10054628 0.         0.         0.         0.1        0.         0.         0.         0.         0.         0.         0.         0.         0.         0.         0.         0.         0.         0.         0.         0.         0.16976736 0.         0.1010415  0.         0.         0.1       ],[0. 0. 0. 0. 1. 0. 0. 0. 1. 0. 0. 0. 0. 0. 0. 0. 0. 0. 0. 0. 0. 0. 0. 0. 0. 1. 0. 1. 0. 0. 1.],5.0,1000,100,0.01,0.003,1,9,random,,random,single_objective
766,0.029040167400048732,0.08653969885214523,0.0034395000000000007,[0.         0.         0.         0.         0.10054628 0.         0.         0.         0.1        0.         0.         0.         0.         0.         0.         0.         0.         0.         0.         0.         0.         0.         0.         0.         0.         0.16976736 0.         0.1010415  0.         0.         0.1       ],[0. 0. 0. 0. 1. 0. 0. 0. 1. 0. 0. 0. 0. 0. 0. 0. 0. 0. 0. 0. 0. 0. 0. 0. 0. 1. 0. 1. 0. 0. 1.],5.0,1000,100,0.01,0.003,1,9,random,,random,single_objective
767,0.029040167400048732,0.08653969885214523,0.0034395000000000007,[0.         0.         0.         0.         0.10054628 0.         0.         0.         0.1        0.         0.         0.         0.         0.         0.         0.         0.         0.         0.         0.         0.         0.         0.         0.         0.         0.16976736 0.         0.1010415  0.         0.         0.1       ],[0. 0. 0. 0. 1. 0. 0. 0. 1. 0. 0. 0. 0. 0. 0. 0. 0. 0. 0. 0. 0. 0. 0. 0. 0. 1. 0. 1. 0. 0. 1.],5.0,1000,100,0.01,0.003,1,9,random,,random,single_objective
768,0.029040167400048732,0.08653969885214523,0.0034395000000000007,[0.         0.         0.         0.         0.10054628 0.         0.         0.         0.1        0.         0.         0.         0.         0.         0.         0.         0.         0.         0.         0.         0.         0.         0.         0.         0.         0.16976736 0.         0.1010415  0.         0.         0.1       ],[0. 0. 0. 0. 1. 0. 0. 0. 1. 0. 0. 0. 0. 0. 0. 0. 0. 0. 0. 0. 0. 0. 0. 0. 0. 1. 0. 1. 0. 0. 1.],5.0,1000,100,0.01,0.003,1,9,random,,random,single_objective
769,0.029040167400048732,0.08653969885214523,0.0034395000000000007,[0.         0.         0.         0.         0.10054628 0.         0.         0.         0.1        0.         0.         0.         0.         0.         0.         0.         0.         0.         0.         0.         0.         0.         0.         0.         0.         0.16976736 0.         0.1010415  0.         0.         0.1       ],[0. 0. 0. 0. 1. 0. 0. 0. 1. 0. 0. 0. 0. 0. 0. 0. 0. 0. 0. 0. 0. 0. 0. 0. 0. 1. 0. 1. 0. 0. 1.],5.0,1000,100,0.01,0.003,1,9,random,,random,single_objective
770,0.029040167400048732,0.08653969885214523,0.0034395000000000007,[0.         0.         0.         0.         0.10054628 0.         0.         0.         0.1        0.         0.         0.         0.         0.         0.         0.         0.         0.         0.         0.         0.         0.         0.         0.         0.         0.16976736 0.         0.1010415  0.         0.         0.1       ],[0. 0. 0. 0. 1. 0. 0. 0. 1. 0. 0. 0. 0. 0. 0. 0. 0. 0. 0. 0. 0. 0. 0. 0. 0. 1. 0. 1. 0. 0. 1.],5.0,1000,100,0.01,0.003,1,9,random,,random,single_objective
771,0.029040167400048732,0.08653969885214523,0.0034395000000000007,[0.         0.         0.         0.         0.10054628 0.         0.         0.         0.1        0.         0.         0.         0.         0.         0.         0.         0.         0.         0.         0.         0.         0.         0.         0.         0.         0.16976736 0.         0.1010415  0.         0.         0.1       ],[0. 0. 0. 0. 1. 0. 0. 0. 1. 0. 0. 0. 0. 0. 0. 0. 0. 0. 0. 0. 0. 0. 0. 0. 0. 1. 0. 1. 0. 0. 1.],5.0,1000,100,0.01,0.003,1,9,random,,random,single_objective
772,0.029040167400048732,0.08653969885214523,0.0034395000000000007,[0.         0.         0.         0.         0.10054628 0.         0.         0.         0.1        0.         0.         0.         0.         0.         0.         0.         0.         0.         0.         0.         0.         0.         0.         0.         0.         0.16976736 0.         0.1010415  0.         0.         0.1       ],[0. 0. 0. 0. 1. 0. 0. 0. 1. 0. 0. 0. 0. 0. 0. 0. 0. 0. 0. 0. 0. 0. 0. 0. 0. 1. 0. 1. 0. 0. 1.],5.0,1000,100,0.01,0.003,1,9,random,,random,single_objective
773,0.029040167400048732,0.08653969885214523,0.0034395000000000007,[0.         0.         0.         0.         0.10054628 0.         0.         0.         0.1        0.         0.         0.         0.         0.         0.         0.         0.         0.         0.         0.         0.         0.         0.         0.         0.         0.16976736 0.         0.1010415  0.         0.         0.1       ],[0. 0. 0. 0. 1. 0. 0. 0. 1. 0. 0. 0. 0. 0. 0. 0. 0. 0. 0. 0. 0. 0. 0. 0. 0. 1. 0. 1. 0. 0. 1.],5.0,1000,100,0.01,0.003,1,9,random,,random,single_objective
774,0.029040167400048732,0.08653969885214523,0.0034395000000000007,[0.         0.         0.         0.         0.10054628 0.         0.         0.         0.1        0.         0.         0.         0.         0.         0.         0.         0.         0.         0.         0.         0.         0.         0.         0.         0.         0.16976736 0.         0.1010415  0.         0.         0.1       ],[0. 0. 0. 0. 1. 0. 0. 0. 1. 0. 0. 0. 0. 0. 0. 0. 0. 0. 0. 0. 0. 0. 0. 0. 0. 1. 0. 1. 0. 0. 1.],5.0,1000,100,0.01,0.003,1,9,random,,random,single_objective
775,0.029040167400048732,0.08653969885214523,0.0034395000000000007,[0.         0.         0.         0.         0.10054628 0.         0.         0.         0.1        0.         0.         0.         0.         0.         0.         0.         0.         0.         0.         0.         0.         0.         0.         0.         0.         0.16976736 0.         0.1010415  0.         0.         0.1       ],[0. 0. 0. 0. 1. 0. 0. 0. 1. 0. 0. 0. 0. 0. 0. 0. 0. 0. 0. 0. 0. 0. 0. 0. 0. 1. 0. 1. 0. 0. 1.],5.0,1000,100,0.01,0.003,1,9,random,,random,single_objective
776,0.029040167400048732,0.08653969885214523,0.0034395000000000007,[0.         0.         0.         0.         0.10054628 0.         0.         0.         0.1        0.         0.         0.         0.         0.         0.         0.         0.         0.         0.         0.         0.         0.         0.         0.         0.         0.16976736 0.         0.1010415  0.         0.         0.1       ],[0. 0. 0. 0. 1. 0. 0. 0. 1. 0. 0. 0. 0. 0. 0. 0. 0. 0. 0. 0. 0. 0. 0. 0. 0. 1. 0. 1. 0. 0. 1.],5.0,1000,100,0.01,0.003,1,9,random,,random,single_objective
777,0.029040167400048732,0.08653969885214523,0.0034395000000000007,[0.         0.         0.         0.         0.10054628 0.         0.         0.         0.1        0.         0.         0.         0.         0.         0.         0.         0.         0.         0.         0.         0.         0.         0.         0.         0.         0.16976736 0.         0.1010415  0.         0.         0.1       ],[0. 0. 0. 0. 1. 0. 0. 0. 1. 0. 0. 0. 0. 0. 0. 0. 0. 0. 0. 0. 0. 0. 0. 0. 0. 1. 0. 1. 0. 0. 1.],5.0,1000,100,0.01,0.003,1,9,random,,random,single_objective
778,0.029040167400048732,0.08653969885214523,0.0034395000000000007,[0.         0.         0.         0.         0.10054628 0.         0.         0.         0.1        0.         0.         0.         0.         0.         0.         0.         0.         0.         0.         0.         0.         0.         0.         0.         0.         0.16976736 0.         0.1010415  0.         0.         0.1       ],[0. 0. 0. 0. 1. 0. 0. 0. 1. 0. 0. 0. 0. 0. 0. 0. 0. 0. 0. 0. 0. 0. 0. 0. 0. 1. 0. 1. 0. 0. 1.],5.0,1000,100,0.01,0.003,1,9,random,,random,single_objective
779,0.029040167400048732,0.08653969885214523,0.0034395000000000007,[0.         0.         0.         0.         0.10054628 0.         0.         0.         0.1        0.         0.         0.         0.         0.         0.         0.         0.         0.         0.         0.         0.         0.         0.         0.         0.         0.16976736 0.         0.1010415  0.         0.         0.1       ],[0. 0. 0. 0. 1. 0. 0. 0. 1. 0. 0. 0. 0. 0. 0. 0. 0. 0. 0. 0. 0. 0. 0. 0. 0. 1. 0. 1. 0. 0. 1.],5.0,1000,100,0.01,0.003,1,9,random,,random,single_objective
780,0.029040167400048732,0.08653969885214523,0.0034395000000000007,[0.         0.         0.         0.         0.10054628 0.         0.         0.         0.1        0.         0.         0.         0.         0.         0.         0.         0.         0.         0.         0.         0.         0.         0.         0.         0.         0.16976736 0.         0.1010415  0.         0.         0.1       ],[0. 0. 0. 0. 1. 0. 0. 0. 1. 0. 0. 0. 0. 0. 0. 0. 0. 0. 0. 0. 0. 0. 0. 0. 0. 1. 0. 1. 0. 0. 1.],5.0,1000,100,0.01,0.003,1,9,random,,random,single_objective
781,0.029040167400048732,0.08653969885214523,0.0034395000000000007,[0.         0.         0.         0.         0.10054628 0.         0.         0.         0.1        0.         0.         0.         0.         0.         0.         0.         0.         0.         0.         0.         0.         0.         0.         0.         0.         0.16976736 0.         0.1010415  0.         0.         0.1       ],[0. 0. 0. 0. 1. 0. 0. 0. 1. 0. 0. 0. 0. 0. 0. 0. 0. 0. 0. 0. 0. 0. 0. 0. 0. 1. 0. 1. 0. 0. 1.],5.0,1000,100,0.01,0.003,1,9,random,,random,single_objective
782,0.029040167400048732,0.08653969885214523,0.0034395000000000007,[0.         0.         0.         0.         0.10054628 0.         0.         0.         0.1        0.         0.         0.         0.         0.         0.         0.         0.         0.         0.         0.         0.         0.         0.         0.         0.         0.16976736 0.         0.1010415  0.         0.         0.1       ],[0. 0. 0. 0. 1. 0. 0. 0. 1. 0. 0. 0. 0. 0. 0. 0. 0. 0. 0. 0. 0. 0. 0. 0. 0. 1. 0. 1. 0. 0. 1.],5.0,1000,100,0.01,0.003,1,9,random,,random,single_objective
783,0.029040167400048732,0.08653969885214523,0.0034395000000000007,[0.         0.         0.         0.         0.10054628 0.         0.         0.         0.1        0.         0.         0.         0.         0.         0.         0.         0.         0.         0.         0.         0.         0.         0.         0.         0.         0.16976736 0.         0.1010415  0.         0.         0.1       ],[0. 0. 0. 0. 1. 0. 0. 0. 1. 0. 0. 0. 0. 0. 0. 0. 0. 0. 0. 0. 0. 0. 0. 0. 0. 1. 0. 1. 0. 0. 1.],5.0,1000,100,0.01,0.003,1,9,random,,random,single_objective
784,0.029040167400048732,0.08653969885214523,0.0034395000000000007,[0.         0.         0.         0.         0.10054628 0.         0.         0.         0.1        0.         0.         0.         0.         0.         0.         0.         0.         0.         0.         0.         0.         0.         0.         0.         0.         0.16976736 0.         0.1010415  0.         0.         0.1       ],[0. 0. 0. 0. 1. 0. 0. 0. 1. 0. 0. 0. 0. 0. 0. 0. 0. 0. 0. 0. 0. 0. 0. 0. 0. 1. 0. 1. 0. 0. 1.],5.0,1000,100,0.01,0.003,1,9,random,,random,single_objective
785,0.029040167400048732,0.08653969885214523,0.0034395000000000007,[0.         0.         0.         0.         0.10054628 0.         0.         0.         0.1        0.         0.         0.         0.         0.         0.         0.         0.         0.         0.         0.         0.         0.         0.         0.         0.         0.16976736 0.         0.1010415  0.         0.         0.1       ],[0. 0. 0. 0. 1. 0. 0. 0. 1. 0. 0. 0. 0. 0. 0. 0. 0. 0. 0. 0. 0. 0. 0. 0. 0. 1. 0. 1. 0. 0. 1.],5.0,1000,100,0.01,0.003,1,9,random,,random,single_objective
786,0.029040167400048732,0.08653969885214523,0.0034395000000000007,[0.         0.         0.         0.         0.10054628 0.         0.         0.         0.1        0.         0.         0.         0.         0.         0.         0.         0.         0.         0.         0.         0.         0.         0.         0.         0.         0.16976736 0.         0.1010415  0.         0.         0.1       ],[0. 0. 0. 0. 1. 0. 0. 0. 1. 0. 0. 0. 0. 0. 0. 0. 0. 0. 0. 0. 0. 0. 0. 0. 0. 1. 0. 1. 0. 0. 1.],5.0,1000,100,0.01,0.003,1,9,random,,random,single_objective
787,0.029040167400048732,0.08653969885214523,0.0034395000000000007,[0.         0.         0.         0.         0.10054628 0.         0.         0.         0.1        0.         0.         0.         0.         0.         0.         0.         0.         0.         0.         0.         0.         0.         0.         0.         0.         0.16976736 0.         0.1010415  0.         0.         0.1       ],[0. 0. 0. 0. 1. 0. 0. 0. 1. 0. 0. 0. 0. 0. 0. 0. 0. 0. 0. 0. 0. 0. 0. 0. 0. 1. 0. 1. 0. 0. 1.],5.0,1000,100,0.01,0.003,1,9,random,,random,single_objective
788,0.029040167400048732,0.08653969885214523,0.0034395000000000007,[0.         0.         0.         0.         0.10054628 0.         0.         0.         0.1        0.         0.         0.         0.         0.         0.         0.         0.         0.         0.         0.         0.         0.         0.         0.         0.         0.16976736 0.         0.1010415  0.         0.         0.1       ],[0. 0. 0. 0. 1. 0. 0. 0. 1. 0. 0. 0. 0. 0. 0. 0. 0. 0. 0. 0. 0. 0. 0. 0. 0. 1. 0. 1. 0. 0. 1.],5.0,1000,100,0.01,0.003,1,9,random,,random,single_objective
789,0.029040167400048732,0.08653969885214523,0.0034395000000000007,[0.         0.         0.         0.         0.10054628 0.         0.         0.         0.1        0.         0.         0.         0.         0.         0.         0.         0.         0.         0.         0.         0.         0.         0.         0.         0.         0.16976736 0.         0.1010415  0.         0.         0.1       ],[0. 0. 0. 0. 1. 0. 0. 0. 1. 0. 0. 0. 0. 0. 0. 0. 0. 0. 0. 0. 0. 0. 0. 0. 0. 1. 0. 1. 0. 0. 1.],5.0,1000,100,0.01,0.003,1,9,random,,random,single_objective
790,0.029040167400048732,0.08653969885214523,0.0034395000000000007,[0.         0.         0.         0.         0.10054628 0.         0.         0.         0.1        0.         0.         0.         0.         0.         0.         0.         0.         0.         0.         0.         0.         0.         0.         0.         0.         0.16976736 0.         0.1010415  0.         0.         0.1       ],[0. 0. 0. 0. 1. 0. 0. 0. 1. 0. 0. 0. 0. 0. 0. 0. 0. 0. 0. 0. 0. 0. 0. 0. 0. 1. 0. 1. 0. 0. 1.],5.0,1000,100,0.01,0.003,1,9,random,,random,single_objective
791,0.029040167400048732,0.08653969885214523,0.0034395000000000007,[0.         0.         0.         0.         0.10054628 0.         0.         0.         0.1        0.         0.         0.         0.         0.         0.         0.         0.         0.         0.         0.         0.         0.         0.         0.         0.         0.16976736 0.         0.1010415  0.         0.         0.1       ],[0. 0. 0. 0. 1. 0. 0. 0. 1. 0. 0. 0. 0. 0. 0. 0. 0. 0. 0. 0. 0. 0. 0. 0. 0. 1. 0. 1. 0. 0. 1.],5.0,1000,100,0.01,0.003,1,9,random,,random,single_objective
792,0.029040167400048732,0.08653969885214523,0.0034395000000000007,[0.         0.         0.         0.         0.10054628 0.         0.         0.         0.1        0.         0.         0.         0.         0.         0.         0.         0.         0.         0.         0.         0.         0.         0.         0.         0.         0.16976736 0.         0.1010415  0.         0.         0.1       ],[0. 0. 0. 0. 1. 0. 0. 0. 1. 0. 0. 0. 0. 0. 0. 0. 0. 0. 0. 0. 0. 0. 0. 0. 0. 1. 0. 1. 0. 0. 1.],5.0,1000,100,0.01,0.003,1,9,random,,random,single_objective
793,0.029040167400048732,0.08653969885214523,0.0034395000000000007,[0.         0.         0.         0.         0.10054628 0.         0.         0.         0.1        0.         0.         0.         0.         0.         0.         0.         0.         0.         0.         0.         0.         0.         0.         0.         0.         0.16976736 0.         0.1010415  0.         0.         0.1       ],[0. 0. 0. 0. 1. 0. 0. 0. 1. 0. 0. 0. 0. 0. 0. 0. 0. 0. 0. 0. 0. 0. 0. 0. 0. 1. 0. 1. 0. 0. 1.],5.0,1000,100,0.01,0.003,1,9,random,,random,single_objective
794,0.029040167400048732,0.08653969885214523,0.0034395000000000007,[0.         0.         0.         0.         0.10054628 0.         0.         0.         0.1        0.         0.         0.         0.         0.         0.         0.         0.         0.         0.         0.         0.         0.         0.         0.         0.         0.16976736 0.         0.1010415  0.         0.         0.1       ],[0. 0. 0. 0. 1. 0. 0. 0. 1. 0. 0. 0. 0. 0. 0. 0. 0. 0. 0. 0. 0. 0. 0. 0. 0. 1. 0. 1. 0. 0. 1.],5.0,1000,100,0.01,0.003,1,9,random,,random,single_objective
795,0.029040167400048732,0.08653969885214523,0.0034395000000000007,[0.         0.         0.         0.         0.10054628 0.         0.         0.         0.1        0.         0.         0.         0.         0.         0.         0.         0.         0.         0.         0.         0.         0.         0.         0.         0.         0.16976736 0.         0.1010415  0.         0.         0.1       ],[0. 0. 0. 0. 1. 0. 0. 0. 1. 0. 0. 0. 0. 0. 0. 0. 0. 0. 0. 0. 0. 0. 0. 0. 0. 1. 0. 1. 0. 0. 1.],5.0,1000,100,0.01,0.003,1,9,random,,random,single_objective
796,0.029040167400048732,0.08653969885214523,0.0034395000000000007,[0.         0.         0.         0.         0.10054628 0.         0.         0.         0.1        0.         0.         0.         0.         0.         0.         0.         0.         0.         0.         0.         0.         0.         0.         0.         0.         0.16976736 0.         0.1010415  0.         0.         0.1       ],[0. 0. 0. 0. 1. 0. 0. 0. 1. 0. 0. 0. 0. 0. 0. 0. 0. 0. 0. 0. 0. 0. 0. 0. 0. 1. 0. 1. 0. 0. 1.],5.0,1000,100,0.01,0.003,1,9,random,,random,single_objective
797,0.029040167400048732,0.08653969885214523,0.0034395000000000007,[0.         0.         0.         0.         0.10054628 0.         0.         0.         0.1        0.         0.         0.         0.         0.         0.         0.         0.         0.         0.         0.         0.         0.         0.         0.         0.         0.16976736 0.         0.1010415  0.         0.         0.1       ],[0. 0. 0. 0. 1. 0. 0. 0. 1. 0. 0. 0. 0. 0. 0. 0. 0. 0. 0. 0. 0. 0. 0. 0. 0. 1. 0. 1. 0. 0. 1.],5.0,1000,100,0.01,0.003,1,9,random,,random,single_objective
798,0.029040167400048732,0.08653969885214523,0.0034395000000000007,[0.         0.         0.         0.         0.10054628 0.         0.         0.         0.1        0.         0.         0.         0.         0.         0.         0.         0.         0.         0.         0.         0.         0.         0.         0.         0.         0.16976736 0.         0.1010415  0.         0.         0.1       ],[0. 0. 0. 0. 1. 0. 0. 0. 1. 0. 0. 0. 0. 0. 0. 0. 0. 0. 0. 0. 0. 0. 0. 0. 0. 1. 0. 1. 0. 0. 1.],5.0,1000,100,0.01,0.003,1,9,random,,random,single_objective
799,0.029040167400048732,0.08653969885214523,0.0034395000000000007,[0.         0.         0.         0.         0.10054628 0.         0.         0.         0.1        0.         0.         0.         0.         0.         0.         0.         0.         0.         0.         0.         0.         0.         0.         0.         0.         0.16976736 0.         0.1010415  0.         0.         0.1       ],[0. 0. 0. 0. 1. 0. 0. 0. 1. 0. 0. 0. 0. 0. 0. 0. 0. 0. 0. 0. 0. 0. 0. 0. 0. 1. 0. 1. 0. 0. 1.],5.0,1000,100,0.01,0.003,1,9,random,,random,single_objective
800,0.029040167400048732,0.08653969885214523,0.0034395000000000007,[0.         0.         0.         0.         0.10054628 0.         0.         0.         0.1        0.         0.         0.         0.         0.         0.         0.         0.         0.         0.         0.         0.         0.         0.         0.         0.         0.16976736 0.         0.1010415  0.         0.         0.1       ],[0. 0. 0. 0. 1. 0. 0. 0. 1. 0. 0. 0. 0. 0. 0. 0. 0. 0. 0. 0. 0. 0. 0. 0. 0. 1. 0. 1. 0. 0. 1.],5.0,1000,100,0.01,0.003,1,9,random,,random,single_objective
801,0.029040167400048732,0.08653969885214523,0.0034395000000000007,[0.         0.         0.         0.         0.10054628 0.         0.         0.         0.1        0.         0.         0.         0.         0.         0.         0.         0.         0.         0.         0.         0.         0.         0.         0.         0.         0.16976736 0.         0.1010415  0.         0.         0.1       ],[0. 0. 0. 0. 1. 0. 0. 0. 1. 0. 0. 0. 0. 0. 0. 0. 0. 0. 0. 0. 0. 0. 0. 0. 0. 1. 0. 1. 0. 0. 1.],5.0,1000,100,0.01,0.003,1,9,random,,random,single_objective
802,0.029040167400048732,0.08653969885214523,0.0034395000000000007,[0.         0.         0.         0.         0.10054628 0.         0.         0.         0.1        0.         0.         0.         0.         0.         0.         0.         0.         0.         0.         0.         0.         0.         0.         0.         0.         0.16976736 0.         0.1010415  0.         0.         0.1       ],[0. 0. 0. 0. 1. 0. 0. 0. 1. 0. 0. 0. 0. 0. 0. 0. 0. 0. 0. 0. 0. 0. 0. 0. 0. 1. 0. 1. 0. 0. 1.],5.0,1000,100,0.01,0.003,1,9,random,,random,single_objective
803,0.029040167400048732,0.08653969885214523,0.0034395000000000007,[0.         0.         0.         0.         0.10054628 0.         0.         0.         0.1        0.         0.         0.         0.         0.         0.         0.         0.         0.         0.         0.         0.         0.         0.         0.         0.         0.16976736 0.         0.1010415  0.         0.         0.1       ],[0. 0. 0. 0. 1. 0. 0. 0. 1. 0. 0. 0. 0. 0. 0. 0. 0. 0. 0. 0. 0. 0. 0. 0. 0. 1. 0. 1. 0. 0. 1.],5.0,1000,100,0.01,0.003,1,9,random,,random,single_objective
804,0.029040167400048732,0.08653969885214523,0.0034395000000000007,[0.         0.         0.         0.         0.10054628 0.         0.         0.         0.1        0.         0.         0.         0.         0.         0.         0.         0.         0.         0.         0.         0.         0.         0.         0.         0.         0.16976736 0.         0.1010415  0.         0.         0.1       ],[0. 0. 0. 0. 1. 0. 0. 0. 1. 0. 0. 0. 0. 0. 0. 0. 0. 0. 0. 0. 0. 0. 0. 0. 0. 1. 0. 1. 0. 0. 1.],5.0,1000,100,0.01,0.003,1,9,random,,random,single_objective
805,0.029040167400048732,0.08653969885214523,0.0034395000000000007,[0.         0.         0.         0.         0.10054628 0.         0.         0.         0.1        0.         0.         0.         0.         0.         0.         0.         0.         0.         0.         0.         0.         0.         0.         0.         0.         0.16976736 0.         0.1010415  0.         0.         0.1       ],[0. 0. 0. 0. 1. 0. 0. 0. 1. 0. 0. 0. 0. 0. 0. 0. 0. 0. 0. 0. 0. 0. 0. 0. 0. 1. 0. 1. 0. 0. 1.],5.0,1000,100,0.01,0.003,1,9,random,,random,single_objective
806,0.029040167400048732,0.08653969885214523,0.0034395000000000007,[0.         0.         0.         0.         0.10054628 0.         0.         0.         0.1        0.         0.         0.         0.         0.         0.         0.         0.         0.         0.         0.         0.         0.         0.         0.         0.         0.16976736 0.         0.1010415  0.         0.         0.1       ],[0. 0. 0. 0. 1. 0. 0. 0. 1. 0. 0. 0. 0. 0. 0. 0. 0. 0. 0. 0. 0. 0. 0. 0. 0. 1. 0. 1. 0. 0. 1.],5.0,1000,100,0.01,0.003,1,9,random,,random,single_objective
807,0.029040167400048732,0.08653969885214523,0.0034395000000000007,[0.         0.         0.         0.         0.10054628 0.         0.         0.         0.1        0.         0.         0.         0.         0.         0.         0.         0.         0.         0.         0.         0.         0.         0.         0.         0.         0.16976736 0.         0.1010415  0.         0.         0.1       ],[0. 0. 0. 0. 1. 0. 0. 0. 1. 0. 0. 0. 0. 0. 0. 0. 0. 0. 0. 0. 0. 0. 0. 0. 0. 1. 0. 1. 0. 0. 1.],5.0,1000,100,0.01,0.003,1,9,random,,random,single_objective
808,0.029040167400048732,0.08653969885214523,0.0034395000000000007,[0.         0.         0.         0.         0.10054628 0.         0.         0.         0.1        0.         0.         0.         0.         0.         0.         0.         0.         0.         0.         0.         0.         0.         0.         0.         0.         0.16976736 0.         0.1010415  0.         0.         0.1       ],[0. 0. 0. 0. 1. 0. 0. 0. 1. 0. 0. 0. 0. 0. 0. 0. 0. 0. 0. 0. 0. 0. 0. 0. 0. 1. 0. 1. 0. 0. 1.],5.0,1000,100,0.01,0.003,1,9,random,,random,single_objective
809,0.029040167400048732,0.08653969885214523,0.0034395000000000007,[0.         0.         0.         0.         0.10054628 0.         0.         0.         0.1        0.         0.         0.         0.         0.         0.         0.         0.         0.         0.         0.         0.         0.         0.         0.         0.         0.16976736 0.         0.1010415  0.         0.         0.1       ],[0. 0. 0. 0. 1. 0. 0. 0. 1. 0. 0. 0. 0. 0. 0. 0. 0. 0. 0. 0. 0. 0. 0. 0. 0. 1. 0. 1. 0. 0. 1.],5.0,1000,100,0.01,0.003,1,9,random,,random,single_objective
810,0.029040167400048732,0.08653969885214523,0.0034395000000000007,[0.         0.         0.         0.         0.10054628 0.         0.         0.         0.1        0.         0.         0.         0.         0.         0.         0.         0.         0.         0.         0.         0.         0.         0.         0.         0.         0.16976736 0.         0.1010415  0.         0.         0.1       ],[0. 0. 0. 0. 1. 0. 0. 0. 1. 0. 0. 0. 0. 0. 0. 0. 0. 0. 0. 0. 0. 0. 0. 0. 0. 1. 0. 1. 0. 0. 1.],5.0,1000,100,0.01,0.003,1,9,random,,random,single_objective
811,0.029040167400048732,0.08653969885214523,0.0034395000000000007,[0.         0.         0.         0.         0.10054628 0.         0.         0.         0.1        0.         0.         0.         0.         0.         0.         0.         0.         0.         0.         0.         0.         0.         0.         0.         0.         0.16976736 0.         0.1010415  0.         0.         0.1       ],[0. 0. 0. 0. 1. 0. 0. 0. 1. 0. 0. 0. 0. 0. 0. 0. 0. 0. 0. 0. 0. 0. 0. 0. 0. 1. 0. 1. 0. 0. 1.],5.0,1000,100,0.01,0.003,1,9,random,,random,single_objective
812,0.029040167400048732,0.08653969885214523,0.0034395000000000007,[0.         0.         0.         0.         0.10054628 0.         0.         0.         0.1        0.         0.         0.         0.         0.         0.         0.         0.         0.         0.         0.         0.         0.         0.         0.         0.         0.16976736 0.         0.1010415  0.         0.         0.1       ],[0. 0. 0. 0. 1. 0. 0. 0. 1. 0. 0. 0. 0. 0. 0. 0. 0. 0. 0. 0. 0. 0. 0. 0. 0. 1. 0. 1. 0. 0. 1.],5.0,1000,100,0.01,0.003,1,9,random,,random,single_objective
813,0.029040167400048732,0.08653969885214523,0.0034395000000000007,[0.         0.         0.         0.         0.10054628 0.         0.         0.         0.1        0.         0.         0.         0.         0.         0.         0.         0.         0.         0.         0.         0.         0.         0.         0.         0.         0.16976736 0.         0.1010415  0.         0.         0.1       ],[0. 0. 0. 0. 1. 0. 0. 0. 1. 0. 0. 0. 0. 0. 0. 0. 0. 0. 0. 0. 0. 0. 0. 0. 0. 1. 0. 1. 0. 0. 1.],5.0,1000,100,0.01,0.003,1,9,random,,random,single_objective
814,0.029040167400048732,0.08653969885214523,0.0034395000000000007,[0.         0.         0.         0.         0.10054628 0.         0.         0.         0.1        0.         0.         0.         0.         0.         0.         0.         0.         0.         0.         0.         0.         0.         0.         0.         0.         0.16976736 0.         0.1010415  0.         0.         0.1       ],[0. 0. 0. 0. 1. 0. 0. 0. 1. 0. 0. 0. 0. 0. 0. 0. 0. 0. 0. 0. 0. 0. 0. 0. 0. 1. 0. 1. 0. 0. 1.],5.0,1000,100,0.01,0.003,1,9,random,,random,single_objective
815,0.029040167400048732,0.08653969885214523,0.0034395000000000007,[0.         0.         0.         0.         0.10054628 0.         0.         0.         0.1        0.         0.         0.         0.         0.         0.         0.         0.         0.         0.         0.         0.         0.         0.         0.         0.         0.16976736 0.         0.1010415  0.         0.         0.1       ],[0. 0. 0. 0. 1. 0. 0. 0. 1. 0. 0. 0. 0. 0. 0. 0. 0. 0. 0. 0. 0. 0. 0. 0. 0. 1. 0. 1. 0. 0. 1.],5.0,1000,100,0.01,0.003,1,9,random,,random,single_objective
816,0.029040167400048732,0.08653969885214523,0.0034395000000000007,[0.         0.         0.         0.         0.10054628 0.         0.         0.         0.1        0.         0.         0.         0.         0.         0.         0.         0.         0.         0.         0.         0.         0.         0.         0.         0.         0.16976736 0.         0.1010415  0.         0.         0.1       ],[0. 0. 0. 0. 1. 0. 0. 0. 1. 0. 0. 0. 0. 0. 0. 0. 0. 0. 0. 0. 0. 0. 0. 0. 0. 1. 0. 1. 0. 0. 1.],5.0,1000,100,0.01,0.003,1,9,random,,random,single_objective
817,0.029040167400048732,0.08653969885214523,0.0034395000000000007,[0.         0.         0.         0.         0.10054628 0.         0.         0.         0.1        0.         0.         0.         0.         0.         0.         0.         0.         0.         0.         0.         0.         0.         0.         0.         0.         0.16976736 0.         0.1010415  0.         0.         0.1       ],[0. 0. 0. 0. 1. 0. 0. 0. 1. 0. 0. 0. 0. 0. 0. 0. 0. 0. 0. 0. 0. 0. 0. 0. 0. 1. 0. 1. 0. 0. 1.],5.0,1000,100,0.01,0.003,1,9,random,,random,single_objective
818,0.029040167400048732,0.08653969885214523,0.0034395000000000007,[0.         0.         0.         0.         0.10054628 0.         0.         0.         0.1        0.         0.         0.         0.         0.         0.         0.         0.         0.         0.         0.         0.         0.         0.         0.         0.         0.16976736 0.         0.1010415  0.         0.         0.1       ],[0. 0. 0. 0. 1. 0. 0. 0. 1. 0. 0. 0. 0. 0. 0. 0. 0. 0. 0. 0. 0. 0. 0. 0. 0. 1. 0. 1. 0. 0. 1.],5.0,1000,100,0.01,0.003,1,9,random,,random,single_objective
819,0.029040167400048732,0.08653969885214523,0.0034395000000000007,[0.         0.         0.         0.         0.10054628 0.         0.         0.         0.1        0.         0.         0.         0.         0.         0.         0.         0.         0.         0.         0.         0.         0.         0.         0.         0.         0.16976736 0.         0.1010415  0.         0.         0.1       ],[0. 0. 0. 0. 1. 0. 0. 0. 1. 0. 0. 0. 0. 0. 0. 0. 0. 0. 0. 0. 0. 0. 0. 0. 0. 1. 0. 1. 0. 0. 1.],5.0,1000,100,0.01,0.003,1,9,random,,random,single_objective
820,0.029040167400048732,0.08653969885214523,0.0034395000000000007,[0.         0.         0.         0.         0.10054628 0.         0.         0.         0.1        0.         0.         0.         0.         0.         0.         0.         0.         0.         0.         0.         0.         0.         0.         0.         0.         0.16976736 0.         0.1010415  0.         0.         0.1       ],[0. 0. 0. 0. 1. 0. 0. 0. 1. 0. 0. 0. 0. 0. 0. 0. 0. 0. 0. 0. 0. 0. 0. 0. 0. 1. 0. 1. 0. 0. 1.],5.0,1000,100,0.01,0.003,1,9,random,,random,single_objective
821,0.029040167400048732,0.08653969885214523,0.0034395000000000007,[0.         0.         0.         0.         0.10054628 0.         0.         0.         0.1        0.         0.         0.         0.         0.         0.         0.         0.         0.         0.         0.         0.         0.         0.         0.         0.         0.16976736 0.         0.1010415  0.         0.         0.1       ],[0. 0. 0. 0. 1. 0. 0. 0. 1. 0. 0. 0. 0. 0. 0. 0. 0. 0. 0. 0. 0. 0. 0. 0. 0. 1. 0. 1. 0. 0. 1.],5.0,1000,100,0.01,0.003,1,9,random,,random,single_objective
822,0.029040167400048732,0.08653969885214523,0.0034395000000000007,[0.         0.         0.         0.         0.10054628 0.         0.         0.         0.1        0.         0.         0.         0.         0.         0.         0.         0.         0.         0.         0.         0.         0.         0.         0.         0.         0.16976736 0.         0.1010415  0.         0.         0.1       ],[0. 0. 0. 0. 1. 0. 0. 0. 1. 0. 0. 0. 0. 0. 0. 0. 0. 0. 0. 0. 0. 0. 0. 0. 0. 1. 0. 1. 0. 0. 1.],5.0,1000,100,0.01,0.003,1,9,random,,random,single_objective
823,0.029040167400048732,0.08653969885214523,0.0034395000000000007,[0.         0.         0.         0.         0.10054628 0.         0.         0.         0.1        0.         0.         0.         0.         0.         0.         0.         0.         0.         0.         0.         0.         0.         0.         0.         0.         0.16976736 0.         0.1010415  0.         0.         0.1       ],[0. 0. 0. 0. 1. 0. 0. 0. 1. 0. 0. 0. 0. 0. 0. 0. 0. 0. 0. 0. 0. 0. 0. 0. 0. 1. 0. 1. 0. 0. 1.],5.0,1000,100,0.01,0.003,1,9,random,,random,single_objective
824,0.029040167400048732,0.08653969885214523,0.0034395000000000007,[0.         0.         0.         0.         0.10054628 0.         0.         0.         0.1        0.         0.         0.         0.         0.         0.         0.         0.         0.         0.         0.         0.         0.         0.         0.         0.         0.16976736 0.         0.1010415  0.         0.         0.1       ],[0. 0. 0. 0. 1. 0. 0. 0. 1. 0. 0. 0. 0. 0. 0. 0. 0. 0. 0. 0. 0. 0. 0. 0. 0. 1. 0. 1. 0. 0. 1.],5.0,1000,100,0.01,0.003,1,9,random,,random,single_objective
825,0.029040167400048732,0.08653969885214523,0.0034395000000000007,[0.         0.         0.         0.         0.10054628 0.         0.         0.         0.1        0.         0.         0.         0.         0.         0.         0.         0.         0.         0.         0.         0.         0.         0.         0.         0.         0.16976736 0.         0.1010415  0.         0.         0.1       ],[0. 0. 0. 0. 1. 0. 0. 0. 1. 0. 0. 0. 0. 0. 0. 0. 0. 0. 0. 0. 0. 0. 0. 0. 0. 1. 0. 1. 0. 0. 1.],5.0,1000,100,0.01,0.003,1,9,random,,random,single_objective
826,0.029040167400048732,0.08653969885214523,0.0034395000000000007,[0.         0.         0.         0.         0.10054628 0.         0.         0.         0.1        0.         0.         0.         0.         0.         0.         0.         0.         0.         0.         0.         0.         0.         0.         0.         0.         0.16976736 0.         0.1010415  0.         0.         0.1       ],[0. 0. 0. 0. 1. 0. 0. 0. 1. 0. 0. 0. 0. 0. 0. 0. 0. 0. 0. 0. 0. 0. 0. 0. 0. 1. 0. 1. 0. 0. 1.],5.0,1000,100,0.01,0.003,1,9,random,,random,single_objective
827,0.029040167400048732,0.08653969885214523,0.0034395000000000007,[0.         0.         0.         0.         0.10054628 0.         0.         0.         0.1        0.         0.         0.         0.         0.         0.         0.         0.         0.         0.         0.         0.         0.         0.         0.         0.         0.16976736 0.         0.1010415  0.         0.         0.1       ],[0. 0. 0. 0. 1. 0. 0. 0. 1. 0. 0. 0. 0. 0. 0. 0. 0. 0. 0. 0. 0. 0. 0. 0. 0. 1. 0. 1. 0. 0. 1.],5.0,1000,100,0.01,0.003,1,9,random,,random,single_objective
828,0.029040167400048732,0.08653969885214523,0.0034395000000000007,[0.         0.         0.         0.         0.10054628 0.         0.         0.         0.1        0.         0.         0.         0.         0.         0.         0.         0.         0.         0.         0.         0.         0.         0.         0.         0.         0.16976736 0.         0.1010415  0.         0.         0.1       ],[0. 0. 0. 0. 1. 0. 0. 0. 1. 0. 0. 0. 0. 0. 0. 0. 0. 0. 0. 0. 0. 0. 0. 0. 0. 1. 0. 1. 0. 0. 1.],5.0,1000,100,0.01,0.003,1,9,random,,random,single_objective
829,0.029040167400048732,0.08653969885214523,0.0034395000000000007,[0.         0.         0.         0.         0.10054628 0.         0.         0.         0.1        0.         0.         0.         0.         0.         0.         0.         0.         0.         0.         0.         0.         0.         0.         0.         0.         0.16976736 0.         0.1010415  0.         0.         0.1       ],[0. 0. 0. 0. 1. 0. 0. 0. 1. 0. 0. 0. 0. 0. 0. 0. 0. 0. 0. 0. 0. 0. 0. 0. 0. 1. 0. 1. 0. 0. 1.],5.0,1000,100,0.01,0.003,1,9,random,,random,single_objective
830,0.029040167400048732,0.08653969885214523,0.0034395000000000007,[0.         0.         0.         0.         0.10054628 0.         0.         0.         0.1        0.         0.         0.         0.         0.         0.         0.         0.         0.         0.         0.         0.         0.         0.         0.         0.         0.16976736 0.         0.1010415  0.         0.         0.1       ],[0. 0. 0. 0. 1. 0. 0. 0. 1. 0. 0. 0. 0. 0. 0. 0. 0. 0. 0. 0. 0. 0. 0. 0. 0. 1. 0. 1. 0. 0. 1.],5.0,1000,100,0.01,0.003,1,9,random,,random,single_objective
831,0.029040167400048732,0.08653969885214523,0.0034395000000000007,[0.         0.         0.         0.         0.10054628 0.         0.         0.         0.1        0.         0.         0.         0.         0.         0.         0.         0.         0.         0.         0.         0.         0.         0.         0.         0.         0.16976736 0.         0.1010415  0.         0.         0.1       ],[0. 0. 0. 0. 1. 0. 0. 0. 1. 0. 0. 0. 0. 0. 0. 0. 0. 0. 0. 0. 0. 0. 0. 0. 0. 1. 0. 1. 0. 0. 1.],5.0,1000,100,0.01,0.003,1,9,random,,random,single_objective
832,0.029040167400048732,0.08653969885214523,0.0034395000000000007,[0.         0.         0.         0.         0.10054628 0.         0.         0.         0.1        0.         0.         0.         0.         0.         0.         0.         0.         0.         0.         0.         0.         0.         0.         0.         0.         0.16976736 0.         0.1010415  0.         0.         0.1       ],[0. 0. 0. 0. 1. 0. 0. 0. 1. 0. 0. 0. 0. 0. 0. 0. 0. 0. 0. 0. 0. 0. 0. 0. 0. 1. 0. 1. 0. 0. 1.],5.0,1000,100,0.01,0.003,1,9,random,,random,single_objective
833,0.029040167400048732,0.08653969885214523,0.0034395000000000007,[0.         0.         0.         0.         0.10054628 0.         0.         0.         0.1        0.         0.         0.         0.         0.         0.         0.         0.         0.         0.         0.         0.         0.         0.         0.         0.         0.16976736 0.         0.1010415  0.         0.         0.1       ],[0. 0. 0. 0. 1. 0. 0. 0. 1. 0. 0. 0. 0. 0. 0. 0. 0. 0. 0. 0. 0. 0. 0. 0. 0. 1. 0. 1. 0. 0. 1.],5.0,1000,100,0.01,0.003,1,9,random,,random,single_objective
834,0.029040167400048732,0.08653969885214523,0.0034395000000000007,[0.         0.         0.         0.         0.10054628 0.         0.         0.         0.1        0.         0.         0.         0.         0.         0.         0.         0.         0.         0.         0.         0.         0.         0.         0.         0.         0.16976736 0.         0.1010415  0.         0.         0.1       ],[0. 0. 0. 0. 1. 0. 0. 0. 1. 0. 0. 0. 0. 0. 0. 0. 0. 0. 0. 0. 0. 0. 0. 0. 0. 1. 0. 1. 0. 0. 1.],5.0,1000,100,0.01,0.003,1,9,random,,random,single_objective
835,0.029040167400048732,0.08653969885214523,0.0034395000000000007,[0.         0.         0.         0.         0.10054628 0.         0.         0.         0.1        0.         0.         0.         0.         0.         0.         0.         0.         0.         0.         0.         0.         0.         0.         0.         0.         0.16976736 0.         0.1010415  0.         0.         0.1       ],[0. 0. 0. 0. 1. 0. 0. 0. 1. 0. 0. 0. 0. 0. 0. 0. 0. 0. 0. 0. 0. 0. 0. 0. 0. 1. 0. 1. 0. 0. 1.],5.0,1000,100,0.01,0.003,1,9,random,,random,single_objective
836,0.029040167400048732,0.08653969885214523,0.0034395000000000007,[0.         0.         0.         0.         0.10054628 0.         0.         0.         0.1        0.         0.         0.         0.         0.         0.         0.         0.         0.         0.         0.         0.         0.         0.         0.         0.         0.16976736 0.         0.1010415  0.         0.         0.1       ],[0. 0. 0. 0. 1. 0. 0. 0. 1. 0. 0. 0. 0. 0. 0. 0. 0. 0. 0. 0. 0. 0. 0. 0. 0. 1. 0. 1. 0. 0. 1.],5.0,1000,100,0.01,0.003,1,9,random,,random,single_objective
837,0.029040167400048732,0.08653969885214523,0.0034395000000000007,[0.         0.         0.         0.         0.10054628 0.         0.         0.         0.1        0.         0.         0.         0.         0.         0.         0.         0.         0.         0.         0.         0.         0.         0.         0.         0.         0.16976736 0.         0.1010415  0.         0.         0.1       ],[0. 0. 0. 0. 1. 0. 0. 0. 1. 0. 0. 0. 0. 0. 0. 0. 0. 0. 0. 0. 0. 0. 0. 0. 0. 1. 0. 1. 0. 0. 1.],5.0,1000,100,0.01,0.003,1,9,random,,random,single_objective
838,0.029040167400048732,0.08653969885214523,0.0034395000000000007,[0.         0.         0.         0.         0.10054628 0.         0.         0.         0.1        0.         0.         0.         0.         0.         0.         0.         0.         0.         0.         0.         0.         0.         0.         0.         0.         0.16976736 0.         0.1010415  0.         0.         0.1       ],[0. 0. 0. 0. 1. 0. 0. 0. 1. 0. 0. 0. 0. 0. 0. 0. 0. 0. 0. 0. 0. 0. 0. 0. 0. 1. 0. 1. 0. 0. 1.],5.0,1000,100,0.01,0.003,1,9,random,,random,single_objective
839,0.029040167400048732,0.08653969885214523,0.0034395000000000007,[0.         0.         0.         0.         0.10054628 0.         0.         0.         0.1        0.         0.         0.         0.         0.         0.         0.         0.         0.         0.         0.         0.         0.         0.         0.         0.         0.16976736 0.         0.1010415  0.         0.         0.1       ],[0. 0. 0. 0. 1. 0. 0. 0. 1. 0. 0. 0. 0. 0. 0. 0. 0. 0. 0. 0. 0. 0. 0. 0. 0. 1. 0. 1. 0. 0. 1.],5.0,1000,100,0.01,0.003,1,9,random,,random,single_objective
840,0.029040167400048732,0.08653969885214523,0.0034395000000000007,[0.         0.         0.         0.         0.10054628 0.         0.         0.         0.1        0.         0.         0.         0.         0.         0.         0.         0.         0.         0.         0.         0.         0.         0.         0.         0.         0.16976736 0.         0.1010415  0.         0.         0.1       ],[0. 0. 0. 0. 1. 0. 0. 0. 1. 0. 0. 0. 0. 0. 0. 0. 0. 0. 0. 0. 0. 0. 0. 0. 0. 1. 0. 1. 0. 0. 1.],5.0,1000,100,0.01,0.003,1,9,random,,random,single_objective
841,0.029040167400048732,0.08653969885214523,0.0034395000000000007,[0.         0.         0.         0.         0.10054628 0.         0.         0.         0.1        0.         0.         0.         0.         0.         0.         0.         0.         0.         0.         0.         0.         0.         0.         0.         0.         0.16976736 0.         0.1010415  0.         0.         0.1       ],[0. 0. 0. 0. 1. 0. 0. 0. 1. 0. 0. 0. 0. 0. 0. 0. 0. 0. 0. 0. 0. 0. 0. 0. 0. 1. 0. 1. 0. 0. 1.],5.0,1000,100,0.01,0.003,1,9,random,,random,single_objective
842,0.029040167400048732,0.08653969885214523,0.0034395000000000007,[0.         0.         0.         0.         0.10054628 0.         0.         0.         0.1        0.         0.         0.         0.         0.         0.         0.         0.         0.         0.         0.         0.         0.         0.         0.         0.         0.16976736 0.         0.1010415  0.         0.         0.1       ],[0. 0. 0. 0. 1. 0. 0. 0. 1. 0. 0. 0. 0. 0. 0. 0. 0. 0. 0. 0. 0. 0. 0. 0. 0. 1. 0. 1. 0. 0. 1.],5.0,1000,100,0.01,0.003,1,9,random,,random,single_objective
843,0.029040167400048732,0.08653969885214523,0.0034395000000000007,[0.         0.         0.         0.         0.10054628 0.         0.         0.         0.1        0.         0.         0.         0.         0.         0.         0.         0.         0.         0.         0.         0.         0.         0.         0.         0.         0.16976736 0.         0.1010415  0.         0.         0.1       ],[0. 0. 0. 0. 1. 0. 0. 0. 1. 0. 0. 0. 0. 0. 0. 0. 0. 0. 0. 0. 0. 0. 0. 0. 0. 1. 0. 1. 0. 0. 1.],5.0,1000,100,0.01,0.003,1,9,random,,random,single_objective
844,0.029040167400048732,0.08653969885214523,0.0034395000000000007,[0.         0.         0.         0.         0.10054628 0.         0.         0.         0.1        0.         0.         0.         0.         0.         0.         0.         0.         0.         0.         0.         0.         0.         0.         0.         0.         0.16976736 0.         0.1010415  0.         0.         0.1       ],[0. 0. 0. 0. 1. 0. 0. 0. 1. 0. 0. 0. 0. 0. 0. 0. 0. 0. 0. 0. 0. 0. 0. 0. 0. 1. 0. 1. 0. 0. 1.],5.0,1000,100,0.01,0.003,1,9,random,,random,single_objective
845,0.029040167400048732,0.08653969885214523,0.0034395000000000007,[0.         0.         0.         0.         0.10054628 0.         0.         0.         0.1        0.         0.         0.         0.         0.         0.         0.         0.         0.         0.         0.         0.         0.         0.         0.         0.         0.16976736 0.         0.1010415  0.         0.         0.1       ],[0. 0. 0. 0. 1. 0. 0. 0. 1. 0. 0. 0. 0. 0. 0. 0. 0. 0. 0. 0. 0. 0. 0. 0. 0. 1. 0. 1. 0. 0. 1.],5.0,1000,100,0.01,0.003,1,9,random,,random,single_objective
846,0.029040167400048732,0.08653969885214523,0.0034395000000000007,[0.         0.         0.         0.         0.10054628 0.         0.         0.         0.1        0.         0.         0.         0.         0.         0.         0.         0.         0.         0.         0.         0.         0.         0.         0.         0.         0.16976736 0.         0.1010415  0.         0.         0.1       ],[0. 0. 0. 0. 1. 0. 0. 0. 1. 0. 0. 0. 0. 0. 0. 0. 0. 0. 0. 0. 0. 0. 0. 0. 0. 1. 0. 1. 0. 0. 1.],5.0,1000,100,0.01,0.003,1,9,random,,random,single_objective
847,0.029040167400048732,0.08653969885214523,0.0034395000000000007,[0.         0.         0.         0.         0.10054628 0.         0.         0.         0.1        0.         0.         0.         0.         0.         0.         0.         0.         0.         0.         0.         0.         0.         0.         0.         0.         0.16976736 0.         0.1010415  0.         0.         0.1       ],[0. 0. 0. 0. 1. 0. 0. 0. 1. 0. 0. 0. 0. 0. 0. 0. 0. 0. 0. 0. 0. 0. 0. 0. 0. 1. 0. 1. 0. 0. 1.],5.0,1000,100,0.01,0.003,1,9,random,,random,single_objective
848,0.029040167400048732,0.08653969885214523,0.0034395000000000007,[0.         0.         0.         0.         0.10054628 0.         0.         0.         0.1        0.         0.         0.         0.         0.         0.         0.         0.         0.         0.         0.         0.         0.         0.         0.         0.         0.16976736 0.         0.1010415  0.         0.         0.1       ],[0. 0. 0. 0. 1. 0. 0. 0. 1. 0. 0. 0. 0. 0. 0. 0. 0. 0. 0. 0. 0. 0. 0. 0. 0. 1. 0. 1. 0. 0. 1.],5.0,1000,100,0.01,0.003,1,9,random,,random,single_objective
849,0.029040167400048732,0.08653969885214523,0.0034395000000000007,[0.         0.         0.         0.         0.10054628 0.         0.         0.         0.1        0.         0.         0.         0.         0.         0.         0.         0.         0.         0.         0.         0.         0.         0.         0.         0.         0.16976736 0.         0.1010415  0.         0.         0.1       ],[0. 0. 0. 0. 1. 0. 0. 0. 1. 0. 0. 0. 0. 0. 0. 0. 0. 0. 0. 0. 0. 0. 0. 0. 0. 1. 0. 1. 0. 0. 1.],5.0,1000,100,0.01,0.003,1,9,random,,random,single_objective
850,0.029040167400048732,0.08653969885214523,0.0034395000000000007,[0.         0.         0.         0.         0.10054628 0.         0.         0.         0.1        0.         0.         0.         0.         0.         0.         0.         0.         0.         0.         0.         0.         0.         0.         0.         0.         0.16976736 0.         0.1010415  0.         0.         0.1       ],[0. 0. 0. 0. 1. 0. 0. 0. 1. 0. 0. 0. 0. 0. 0. 0. 0. 0. 0. 0. 0. 0. 0. 0. 0. 1. 0. 1. 0. 0. 1.],5.0,1000,100,0.01,0.003,1,9,random,,random,single_objective
851,0.029040167400048732,0.08653969885214523,0.0034395000000000007,[0.         0.         0.         0.         0.10054628 0.         0.         0.         0.1        0.         0.         0.         0.         0.         0.         0.         0.         0.         0.         0.         0.         0.         0.         0.         0.         0.16976736 0.         0.1010415  0.         0.         0.1       ],[0. 0. 0. 0. 1. 0. 0. 0. 1. 0. 0. 0. 0. 0. 0. 0. 0. 0. 0. 0. 0. 0. 0. 0. 0. 1. 0. 1. 0. 0. 1.],5.0,1000,100,0.01,0.003,1,9,random,,random,single_objective
852,0.029040167400048732,0.08653969885214523,0.0034395000000000007,[0.         0.         0.         0.         0.10054628 0.         0.         0.         0.1        0.         0.         0.         0.         0.         0.         0.         0.         0.         0.         0.         0.         0.         0.         0.         0.         0.16976736 0.         0.1010415  0.         0.         0.1       ],[0. 0. 0. 0. 1. 0. 0. 0. 1. 0. 0. 0. 0. 0. 0. 0. 0. 0. 0. 0. 0. 0. 0. 0. 0. 1. 0. 1. 0. 0. 1.],5.0,1000,100,0.01,0.003,1,9,random,,random,single_objective
853,0.029040167400048732,0.08653969885214523,0.0034395000000000007,[0.         0.         0.         0.         0.10054628 0.         0.         0.         0.1        0.         0.         0.         0.         0.         0.         0.         0.         0.         0.         0.         0.         0.         0.         0.         0.         0.16976736 0.         0.1010415  0.         0.         0.1       ],[0. 0. 0. 0. 1. 0. 0. 0. 1. 0. 0. 0. 0. 0. 0. 0. 0. 0. 0. 0. 0. 0. 0. 0. 0. 1. 0. 1. 0. 0. 1.],5.0,1000,100,0.01,0.003,1,9,random,,random,single_objective
854,0.029040167400048732,0.08653969885214523,0.0034395000000000007,[0.         0.         0.         0.         0.10054628 0.         0.         0.         0.1        0.         0.         0.         0.         0.         0.         0.         0.         0.         0.         0.         0.         0.         0.         0.         0.         0.16976736 0.         0.1010415  0.         0.         0.1       ],[0. 0. 0. 0. 1. 0. 0. 0. 1. 0. 0. 0. 0. 0. 0. 0. 0. 0. 0. 0. 0. 0. 0. 0. 0. 1. 0. 1. 0. 0. 1.],5.0,1000,100,0.01,0.003,1,9,random,,random,single_objective
855,0.029040167400048732,0.08653969885214523,0.0034395000000000007,[0.         0.         0.         0.         0.10054628 0.         0.         0.         0.1        0.         0.         0.         0.         0.         0.         0.         0.         0.         0.         0.         0.         0.         0.         0.         0.         0.16976736 0.         0.1010415  0.         0.         0.1       ],[0. 0. 0. 0. 1. 0. 0. 0. 1. 0. 0. 0. 0. 0. 0. 0. 0. 0. 0. 0. 0. 0. 0. 0. 0. 1. 0. 1. 0. 0. 1.],5.0,1000,100,0.01,0.003,1,9,random,,random,single_objective
856,0.029040167400048732,0.08653969885214523,0.0034395000000000007,[0.         0.         0.         0.         0.10054628 0.         0.         0.         0.1        0.         0.         0.         0.         0.         0.         0.         0.         0.         0.         0.         0.         0.         0.         0.         0.         0.16976736 0.         0.1010415  0.         0.         0.1       ],[0. 0. 0. 0. 1. 0. 0. 0. 1. 0. 0. 0. 0. 0. 0. 0. 0. 0. 0. 0. 0. 0. 0. 0. 0. 1. 0. 1. 0. 0. 1.],5.0,1000,100,0.01,0.003,1,9,random,,random,single_objective
857,0.029040167400048732,0.08653969885214523,0.0034395000000000007,[0.         0.         0.         0.         0.10054628 0.         0.         0.         0.1        0.         0.         0.         0.         0.         0.         0.         0.         0.         0.         0.         0.         0.         0.         0.         0.         0.16976736 0.         0.1010415  0.         0.         0.1       ],[0. 0. 0. 0. 1. 0. 0. 0. 1. 0. 0. 0. 0. 0. 0. 0. 0. 0. 0. 0. 0. 0. 0. 0. 0. 1. 0. 1. 0. 0. 1.],5.0,1000,100,0.01,0.003,1,9,random,,random,single_objective
858,0.029040167400048732,0.08653969885214523,0.0034395000000000007,[0.         0.         0.         0.         0.10054628 0.         0.         0.         0.1        0.         0.         0.         0.         0.         0.         0.         0.         0.         0.         0.         0.         0.         0.         0.         0.         0.16976736 0.         0.1010415  0.         0.         0.1       ],[0. 0. 0. 0. 1. 0. 0. 0. 1. 0. 0. 0. 0. 0. 0. 0. 0. 0. 0. 0. 0. 0. 0. 0. 0. 1. 0. 1. 0. 0. 1.],5.0,1000,100,0.01,0.003,1,9,random,,random,single_objective
859,0.029040167400048732,0.08653969885214523,0.0034395000000000007,[0.         0.         0.         0.         0.10054628 0.         0.         0.         0.1        0.         0.         0.         0.         0.         0.         0.         0.         0.         0.         0.         0.         0.         0.         0.         0.         0.16976736 0.         0.1010415  0.         0.         0.1       ],[0. 0. 0. 0. 1. 0. 0. 0. 1. 0. 0. 0. 0. 0. 0. 0. 0. 0. 0. 0. 0. 0. 0. 0. 0. 1. 0. 1. 0. 0. 1.],5.0,1000,100,0.01,0.003,1,9,random,,random,single_objective
860,0.029040167400048732,0.08653969885214523,0.0034395000000000007,[0.         0.         0.         0.         0.10054628 0.         0.         0.         0.1        0.         0.         0.         0.         0.         0.         0.         0.         0.         0.         0.         0.         0.         0.         0.         0.         0.16976736 0.         0.1010415  0.         0.         0.1       ],[0. 0. 0. 0. 1. 0. 0. 0. 1. 0. 0. 0. 0. 0. 0. 0. 0. 0. 0. 0. 0. 0. 0. 0. 0. 1. 0. 1. 0. 0. 1.],5.0,1000,100,0.01,0.003,1,9,random,,random,single_objective
861,0.029040167400048732,0.08653969885214523,0.0034395000000000007,[0.         0.         0.         0.         0.10054628 0.         0.         0.         0.1        0.         0.         0.         0.         0.         0.         0.         0.         0.         0.         0.         0.         0.         0.         0.         0.         0.16976736 0.         0.1010415  0.         0.         0.1       ],[0. 0. 0. 0. 1. 0. 0. 0. 1. 0. 0. 0. 0. 0. 0. 0. 0. 0. 0. 0. 0. 0. 0. 0. 0. 1. 0. 1. 0. 0. 1.],5.0,1000,100,0.01,0.003,1,9,random,,random,single_objective
862,0.029040167400048732,0.08653969885214523,0.0034395000000000007,[0.         0.         0.         0.         0.10054628 0.         0.         0.         0.1        0.         0.         0.         0.         0.         0.         0.         0.         0.         0.         0.         0.         0.         0.         0.         0.         0.16976736 0.         0.1010415  0.         0.         0.1       ],[0. 0. 0. 0. 1. 0. 0. 0. 1. 0. 0. 0. 0. 0. 0. 0. 0. 0. 0. 0. 0. 0. 0. 0. 0. 1. 0. 1. 0. 0. 1.],5.0,1000,100,0.01,0.003,1,9,random,,random,single_objective
863,0.029040167400048732,0.08653969885214523,0.0034395000000000007,[0.         0.         0.         0.         0.10054628 0.         0.         0.         0.1        0.         0.         0.         0.         0.         0.         0.         0.         0.         0.         0.         0.         0.         0.         0.         0.         0.16976736 0.         0.1010415  0.         0.         0.1       ],[0. 0. 0. 0. 1. 0. 0. 0. 1. 0. 0. 0. 0. 0. 0. 0. 0. 0. 0. 0. 0. 0. 0. 0. 0. 1. 0. 1. 0. 0. 1.],5.0,1000,100,0.01,0.003,1,9,random,,random,single_objective
864,0.029040167400048732,0.08653969885214523,0.0034395000000000007,[0.         0.         0.         0.         0.10054628 0.         0.         0.         0.1        0.         0.         0.         0.         0.         0.         0.         0.         0.         0.         0.         0.         0.         0.         0.         0.         0.16976736 0.         0.1010415  0.         0.         0.1       ],[0. 0. 0. 0. 1. 0. 0. 0. 1. 0. 0. 0. 0. 0. 0. 0. 0. 0. 0. 0. 0. 0. 0. 0. 0. 1. 0. 1. 0. 0. 1.],5.0,1000,100,0.01,0.003,1,9,random,,random,single_objective
865,0.029040167400048732,0.08653969885214523,0.0034395000000000007,[0.         0.         0.         0.         0.10054628 0.         0.         0.         0.1        0.         0.         0.         0.         0.         0.         0.         0.         0.         0.         0.         0.         0.         0.         0.         0.         0.16976736 0.         0.1010415  0.         0.         0.1       ],[0. 0. 0. 0. 1. 0. 0. 0. 1. 0. 0. 0. 0. 0. 0. 0. 0. 0. 0. 0. 0. 0. 0. 0. 0. 1. 0. 1. 0. 0. 1.],5.0,1000,100,0.01,0.003,1,9,random,,random,single_objective
866,0.029040167400048732,0.08653969885214523,0.0034395000000000007,[0.         0.         0.         0.         0.10054628 0.         0.         0.         0.1        0.         0.         0.         0.         0.         0.         0.         0.         0.         0.         0.         0.         0.         0.         0.         0.         0.16976736 0.         0.1010415  0.         0.         0.1       ],[0. 0. 0. 0. 1. 0. 0. 0. 1. 0. 0. 0. 0. 0. 0. 0. 0. 0. 0. 0. 0. 0. 0. 0. 0. 1. 0. 1. 0. 0. 1.],5.0,1000,100,0.01,0.003,1,9,random,,random,single_objective
867,0.029040167400048732,0.08653969885214523,0.0034395000000000007,[0.         0.         0.         0.         0.10054628 0.         0.         0.         0.1        0.         0.         0.         0.         0.         0.         0.         0.         0.         0.         0.         0.         0.         0.         0.         0.         0.16976736 0.         0.1010415  0.         0.         0.1       ],[0. 0. 0. 0. 1. 0. 0. 0. 1. 0. 0. 0. 0. 0. 0. 0. 0. 0. 0. 0. 0. 0. 0. 0. 0. 1. 0. 1. 0. 0. 1.],5.0,1000,100,0.01,0.003,1,9,random,,random,single_objective
868,0.029040167400048732,0.08653969885214523,0.0034395000000000007,[0.         0.         0.         0.         0.10054628 0.         0.         0.         0.1        0.         0.         0.         0.         0.         0.         0.         0.         0.         0.         0.         0.         0.         0.         0.         0.         0.16976736 0.         0.1010415  0.         0.         0.1       ],[0. 0. 0. 0. 1. 0. 0. 0. 1. 0. 0. 0. 0. 0. 0. 0. 0. 0. 0. 0. 0. 0. 0. 0. 0. 1. 0. 1. 0. 0. 1.],5.0,1000,100,0.01,0.003,1,9,random,,random,single_objective
869,0.029040167400048732,0.08653969885214523,0.0034395000000000007,[0.         0.         0.         0.         0.10054628 0.         0.         0.         0.1        0.         0.         0.         0.         0.         0.         0.         0.         0.         0.         0.         0.         0.         0.         0.         0.         0.16976736 0.         0.1010415  0.         0.         0.1       ],[0. 0. 0. 0. 1. 0. 0. 0. 1. 0. 0. 0. 0. 0. 0. 0. 0. 0. 0. 0. 0. 0. 0. 0. 0. 1. 0. 1. 0. 0. 1.],5.0,1000,100,0.01,0.003,1,9,random,,random,single_objective
870,0.029040167400048732,0.08653969885214523,0.0034395000000000007,[0.         0.         0.         0.         0.10054628 0.         0.         0.         0.1        0.         0.         0.         0.         0.         0.         0.         0.         0.         0.         0.         0.         0.         0.         0.         0.         0.16976736 0.         0.1010415  0.         0.         0.1       ],[0. 0. 0. 0. 1. 0. 0. 0. 1. 0. 0. 0. 0. 0. 0. 0. 0. 0. 0. 0. 0. 0. 0. 0. 0. 1. 0. 1. 0. 0. 1.],5.0,1000,100,0.01,0.003,1,9,random,,random,single_objective
871,0.029040167400048732,0.08653969885214523,0.0034395000000000007,[0.         0.         0.         0.         0.10054628 0.         0.         0.         0.1        0.         0.         0.         0.         0.         0.         0.         0.         0.         0.         0.         0.         0.         0.         0.         0.         0.16976736 0.         0.1010415  0.         0.         0.1       ],[0. 0. 0. 0. 1. 0. 0. 0. 1. 0. 0. 0. 0. 0. 0. 0. 0. 0. 0. 0. 0. 0. 0. 0. 0. 1. 0. 1. 0. 0. 1.],5.0,1000,100,0.01,0.003,1,9,random,,random,single_objective
872,0.029040167400048732,0.08653969885214523,0.0034395000000000007,[0.         0.         0.         0.         0.10054628 0.         0.         0.         0.1        0.         0.         0.         0.         0.         0.         0.         0.         0.         0.         0.         0.         0.         0.         0.         0.         0.16976736 0.         0.1010415  0.         0.         0.1       ],[0. 0. 0. 0. 1. 0. 0. 0. 1. 0. 0. 0. 0. 0. 0. 0. 0. 0. 0. 0. 0. 0. 0. 0. 0. 1. 0. 1. 0. 0. 1.],5.0,1000,100,0.01,0.003,1,9,random,,random,single_objective
873,0.029040167400048732,0.08653969885214523,0.0034395000000000007,[0.         0.         0.         0.         0.10054628 0.         0.         0.         0.1        0.         0.         0.         0.         0.         0.         0.         0.         0.         0.         0.         0.         0.         0.         0.         0.         0.16976736 0.         0.1010415  0.         0.         0.1       ],[0. 0. 0. 0. 1. 0. 0. 0. 1. 0. 0. 0. 0. 0. 0. 0. 0. 0. 0. 0. 0. 0. 0. 0. 0. 1. 0. 1. 0. 0. 1.],5.0,1000,100,0.01,0.003,1,9,random,,random,single_objective
874,0.029040167400048732,0.08653969885214523,0.0034395000000000007,[0.         0.         0.         0.         0.10054628 0.         0.         0.         0.1        0.         0.         0.         0.         0.         0.         0.         0.         0.         0.         0.         0.         0.         0.         0.         0.         0.16976736 0.         0.1010415  0.         0.         0.1       ],[0. 0. 0. 0. 1. 0. 0. 0. 1. 0. 0. 0. 0. 0. 0. 0. 0. 0. 0. 0. 0. 0. 0. 0. 0. 1. 0. 1. 0. 0. 1.],5.0,1000,100,0.01,0.003,1,9,random,,random,single_objective
875,0.029040167400048732,0.08653969885214523,0.0034395000000000007,[0.         0.         0.         0.         0.10054628 0.         0.         0.         0.1        0.         0.         0.         0.         0.         0.         0.         0.         0.         0.         0.         0.         0.         0.         0.         0.         0.16976736 0.         0.1010415  0.         0.         0.1       ],[0. 0. 0. 0. 1. 0. 0. 0. 1. 0. 0. 0. 0. 0. 0. 0. 0. 0. 0. 0. 0. 0. 0. 0. 0. 1. 0. 1. 0. 0. 1.],5.0,1000,100,0.01,0.003,1,9,random,,random,single_objective
876,0.029040167400048732,0.08653969885214523,0.0034395000000000007,[0.         0.         0.         0.         0.10054628 0.         0.         0.         0.1        0.         0.         0.         0.         0.         0.         0.         0.         0.         0.         0.         0.         0.         0.         0.         0.         0.16976736 0.         0.1010415  0.         0.         0.1       ],[0. 0. 0. 0. 1. 0. 0. 0. 1. 0. 0. 0. 0. 0. 0. 0. 0. 0. 0. 0. 0. 0. 0. 0. 0. 1. 0. 1. 0. 0. 1.],5.0,1000,100,0.01,0.003,1,9,random,,random,single_objective
877,0.029040167400048732,0.08653969885214523,0.0034395000000000007,[0.         0.         0.         0.         0.10054628 0.         0.         0.         0.1        0.         0.         0.         0.         0.         0.         0.         0.         0.         0.         0.         0.         0.         0.         0.         0.         0.16976736 0.         0.1010415  0.         0.         0.1       ],[0. 0. 0. 0. 1. 0. 0. 0. 1. 0. 0. 0. 0. 0. 0. 0. 0. 0. 0. 0. 0. 0. 0. 0. 0. 1. 0. 1. 0. 0. 1.],5.0,1000,100,0.01,0.003,1,9,random,,random,single_objective
878,0.029040167400048732,0.08653969885214523,0.0034395000000000007,[0.         0.         0.         0.         0.10054628 0.         0.         0.         0.1        0.         0.         0.         0.         0.         0.         0.         0.         0.         0.         0.         0.         0.         0.         0.         0.         0.16976736 0.         0.1010415  0.         0.         0.1       ],[0. 0. 0. 0. 1. 0. 0. 0. 1. 0. 0. 0. 0. 0. 0. 0. 0. 0. 0. 0. 0. 0. 0. 0. 0. 1. 0. 1. 0. 0. 1.],5.0,1000,100,0.01,0.003,1,9,random,,random,single_objective
879,0.029040167400048732,0.08653969885214523,0.0034395000000000007,[0.         0.         0.         0.         0.10054628 0.         0.         0.         0.1        0.         0.         0.         0.         0.         0.         0.         0.         0.         0.         0.         0.         0.         0.         0.         0.         0.16976736 0.         0.1010415  0.         0.         0.1       ],[0. 0. 0. 0. 1. 0. 0. 0. 1. 0. 0. 0. 0. 0. 0. 0. 0. 0. 0. 0. 0. 0. 0. 0. 0. 1. 0. 1. 0. 0. 1.],5.0,1000,100,0.01,0.003,1,9,random,,random,single_objective
880,0.029040167400048732,0.08653969885214523,0.0034395000000000007,[0.         0.         0.         0.         0.10054628 0.         0.         0.         0.1        0.         0.         0.         0.         0.         0.         0.         0.         0.         0.         0.         0.         0.         0.         0.         0.         0.16976736 0.         0.1010415  0.         0.         0.1       ],[0. 0. 0. 0. 1. 0. 0. 0. 1. 0. 0. 0. 0. 0. 0. 0. 0. 0. 0. 0. 0. 0. 0. 0. 0. 1. 0. 1. 0. 0. 1.],5.0,1000,100,0.01,0.003,1,9,random,,random,single_objective
881,0.029040167400048732,0.08653969885214523,0.0034395000000000007,[0.         0.         0.         0.         0.10054628 0.         0.         0.         0.1        0.         0.         0.         0.         0.         0.         0.         0.         0.         0.         0.         0.         0.         0.         0.         0.         0.16976736 0.         0.1010415  0.         0.         0.1       ],[0. 0. 0. 0. 1. 0. 0. 0. 1. 0. 0. 0. 0. 0. 0. 0. 0. 0. 0. 0. 0. 0. 0. 0. 0. 1. 0. 1. 0. 0. 1.],5.0,1000,100,0.01,0.003,1,9,random,,random,single_objective
882,0.029040167400048732,0.08653969885214523,0.0034395000000000007,[0.         0.         0.         0.         0.10054628 0.         0.         0.         0.1        0.         0.         0.         0.         0.         0.         0.         0.         0.         0.         0.         0.         0.         0.         0.         0.         0.16976736 0.         0.1010415  0.         0.         0.1       ],[0. 0. 0. 0. 1. 0. 0. 0. 1. 0. 0. 0. 0. 0. 0. 0. 0. 0. 0. 0. 0. 0. 0. 0. 0. 1. 0. 1. 0. 0. 1.],5.0,1000,100,0.01,0.003,1,9,random,,random,single_objective
883,0.029040167400048732,0.08653969885214523,0.0034395000000000007,[0.         0.         0.         0.         0.10054628 0.         0.         0.         0.1        0.         0.         0.         0.         0.         0.         0.         0.         0.         0.         0.         0.         0.         0.         0.         0.         0.16976736 0.         0.1010415  0.         0.         0.1       ],[0. 0. 0. 0. 1. 0. 0. 0. 1. 0. 0. 0. 0. 0. 0. 0. 0. 0. 0. 0. 0. 0. 0. 0. 0. 1. 0. 1. 0. 0. 1.],5.0,1000,100,0.01,0.003,1,9,random,,random,single_objective
884,0.029040167400048732,0.08653969885214523,0.0034395000000000007,[0.         0.         0.         0.         0.10054628 0.         0.         0.         0.1        0.         0.         0.         0.         0.         0.         0.         0.         0.         0.         0.         0.         0.         0.         0.         0.         0.16976736 0.         0.1010415  0.         0.         0.1       ],[0. 0. 0. 0. 1. 0. 0. 0. 1. 0. 0. 0. 0. 0. 0. 0. 0. 0. 0. 0. 0. 0. 0. 0. 0. 1. 0. 1. 0. 0. 1.],5.0,1000,100,0.01,0.003,1,9,random,,random,single_objective
885,0.029040167400048732,0.08653969885214523,0.0034395000000000007,[0.         0.         0.         0.         0.10054628 0.         0.         0.         0.1        0.         0.         0.         0.         0.         0.         0.         0.         0.         0.         0.         0.         0.         0.         0.         0.         0.16976736 0.         0.1010415  0.         0.         0.1       ],[0. 0. 0. 0. 1. 0. 0. 0. 1. 0. 0. 0. 0. 0. 0. 0. 0. 0. 0. 0. 0. 0. 0. 0. 0. 1. 0. 1. 0. 0. 1.],5.0,1000,100,0.01,0.003,1,9,random,,random,single_objective
886,0.029040167400048732,0.08653969885214523,0.0034395000000000007,[0.         0.         0.         0.         0.10054628 0.         0.         0.         0.1        0.         0.         0.         0.         0.         0.         0.         0.         0.         0.         0.         0.         0.         0.         0.         0.         0.16976736 0.         0.1010415  0.         0.         0.1       ],[0. 0. 0. 0. 1. 0. 0. 0. 1. 0. 0. 0. 0. 0. 0. 0. 0. 0. 0. 0. 0. 0. 0. 0. 0. 1. 0. 1. 0. 0. 1.],5.0,1000,100,0.01,0.003,1,9,random,,random,single_objective
887,0.029040167400048732,0.08653969885214523,0.0034395000000000007,[0.         0.         0.         0.         0.10054628 0.         0.         0.         0.1        0.         0.         0.         0.         0.         0.         0.         0.         0.         0.         0.         0.         0.         0.         0.         0.         0.16976736 0.         0.1010415  0.         0.         0.1       ],[0. 0. 0. 0. 1. 0. 0. 0. 1. 0. 0. 0. 0. 0. 0. 0. 0. 0. 0. 0. 0. 0. 0. 0. 0. 1. 0. 1. 0. 0. 1.],5.0,1000,100,0.01,0.003,1,9,random,,random,single_objective
888,0.029040167400048732,0.08653969885214523,0.0034395000000000007,[0.         0.         0.         0.         0.10054628 0.         0.         0.         0.1        0.         0.         0.         0.         0.         0.         0.         0.         0.         0.         0.         0.         0.         0.         0.         0.         0.16976736 0.         0.1010415  0.         0.         0.1       ],[0. 0. 0. 0. 1. 0. 0. 0. 1. 0. 0. 0. 0. 0. 0. 0. 0. 0. 0. 0. 0. 0. 0. 0. 0. 1. 0. 1. 0. 0. 1.],5.0,1000,100,0.01,0.003,1,9,random,,random,single_objective
889,0.029040167400048732,0.08653969885214523,0.0034395000000000007,[0.         0.         0.         0.         0.10054628 0.         0.         0.         0.1        0.         0.         0.         0.         0.         0.         0.         0.         0.         0.         0.         0.         0.         0.         0.         0.         0.16976736 0.         0.1010415  0.         0.         0.1       ],[0. 0. 0. 0. 1. 0. 0. 0. 1. 0. 0. 0. 0. 0. 0. 0. 0. 0. 0. 0. 0. 0. 0. 0. 0. 1. 0. 1. 0. 0. 1.],5.0,1000,100,0.01,0.003,1,9,random,,random,single_objective
890,0.029040167400048732,0.08653969885214523,0.0034395000000000007,[0.         0.         0.         0.         0.10054628 0.         0.         0.         0.1        0.         0.         0.         0.         0.         0.         0.         0.         0.         0.         0.         0.         0.         0.         0.         0.         0.16976736 0.         0.1010415  0.         0.         0.1       ],[0. 0. 0. 0. 1. 0. 0. 0. 1. 0. 0. 0. 0. 0. 0. 0. 0. 0. 0. 0. 0. 0. 0. 0. 0. 1. 0. 1. 0. 0. 1.],5.0,1000,100,0.01,0.003,1,9,random,,random,single_objective
891,0.029040167400048732,0.08653969885214523,0.0034395000000000007,[0.         0.         0.         0.         0.10054628 0.         0.         0.         0.1        0.         0.         0.         0.         0.         0.         0.         0.         0.         0.         0.         0.         0.         0.         0.         0.         0.16976736 0.         0.1010415  0.         0.         0.1       ],[0. 0. 0. 0. 1. 0. 0. 0. 1. 0. 0. 0. 0. 0. 0. 0. 0. 0. 0. 0. 0. 0. 0. 0. 0. 1. 0. 1. 0. 0. 1.],5.0,1000,100,0.01,0.003,1,9,random,,random,single_objective
892,0.029040167400048732,0.08653969885214523,0.0034395000000000007,[0.         0.         0.         0.         0.10054628 0.         0.         0.         0.1        0.         0.         0.         0.         0.         0.         0.         0.         0.         0.         0.         0.         0.         0.         0.         0.         0.16976736 0.         0.1010415  0.         0.         0.1       ],[0. 0. 0. 0. 1. 0. 0. 0. 1. 0. 0. 0. 0. 0. 0. 0. 0. 0. 0. 0. 0. 0. 0. 0. 0. 1. 0. 1. 0. 0. 1.],5.0,1000,100,0.01,0.003,1,9,random,,random,single_objective
893,0.029040167400048732,0.08653969885214523,0.0034395000000000007,[0.         0.         0.         0.         0.10054628 0.         0.         0.         0.1        0.         0.         0.         0.         0.         0.         0.         0.         0.         0.         0.         0.         0.         0.         0.         0.         0.16976736 0.         0.1010415  0.         0.         0.1       ],[0. 0. 0. 0. 1. 0. 0. 0. 1. 0. 0. 0. 0. 0. 0. 0. 0. 0. 0. 0. 0. 0. 0. 0. 0. 1. 0. 1. 0. 0. 1.],5.0,1000,100,0.01,0.003,1,9,random,,random,single_objective
894,0.029040167400048732,0.08653969885214523,0.0034395000000000007,[0.         0.         0.         0.         0.10054628 0.         0.         0.         0.1        0.         0.         0.         0.         0.         0.         0.         0.         0.         0.         0.         0.         0.         0.         0.         0.         0.16976736 0.         0.1010415  0.         0.         0.1       ],[0. 0. 0. 0. 1. 0. 0. 0. 1. 0. 0. 0. 0. 0. 0. 0. 0. 0. 0. 0. 0. 0. 0. 0. 0. 1. 0. 1. 0. 0. 1.],5.0,1000,100,0.01,0.003,1,9,random,,random,single_objective
895,0.029040167400048732,0.08653969885214523,0.0034395000000000007,[0.         0.         0.         0.         0.10054628 0.         0.         0.         0.1        0.         0.         0.         0.         0.         0.         0.         0.         0.         0.         0.         0.         0.         0.         0.         0.         0.16976736 0.         0.1010415  0.         0.         0.1       ],[0. 0. 0. 0. 1. 0. 0. 0. 1. 0. 0. 0. 0. 0. 0. 0. 0. 0. 0. 0. 0. 0. 0. 0. 0. 1. 0. 1. 0. 0. 1.],5.0,1000,100,0.01,0.003,1,9,random,,random,single_objective
896,0.029040167400048732,0.08653969885214523,0.0034395000000000007,[0.         0.         0.         0.         0.10054628 0.         0.         0.         0.1        0.         0.         0.         0.         0.         0.         0.         0.         0.         0.         0.         0.         0.         0.         0.         0.         0.16976736 0.         0.1010415  0.         0.         0.1       ],[0. 0. 0. 0. 1. 0. 0. 0. 1. 0. 0. 0. 0. 0. 0. 0. 0. 0. 0. 0. 0. 0. 0. 0. 0. 1. 0. 1. 0. 0. 1.],5.0,1000,100,0.01,0.003,1,9,random,,random,single_objective
897,0.029040167400048732,0.08653969885214523,0.0034395000000000007,[0.         0.         0.         0.         0.10054628 0.         0.         0.         0.1        0.         0.         0.         0.         0.         0.         0.         0.         0.         0.         0.         0.         0.         0.         0.         0.         0.16976736 0.         0.1010415  0.         0.         0.1       ],[0. 0. 0. 0. 1. 0. 0. 0. 1. 0. 0. 0. 0. 0. 0. 0. 0. 0. 0. 0. 0. 0. 0. 0. 0. 1. 0. 1. 0. 0. 1.],5.0,1000,100,0.01,0.003,1,9,random,,random,single_objective
898,0.029040167400048732,0.08653969885214523,0.0034395000000000007,[0.         0.         0.         0.         0.10054628 0.         0.         0.         0.1        0.         0.         0.         0.         0.         0.         0.         0.         0.         0.         0.         0.         0.         0.         0.         0.         0.16976736 0.         0.1010415  0.         0.         0.1       ],[0. 0. 0. 0. 1. 0. 0. 0. 1. 0. 0. 0. 0. 0. 0. 0. 0. 0. 0. 0. 0. 0. 0. 0. 0. 1. 0. 1. 0. 0. 1.],5.0,1000,100,0.01,0.003,1,9,random,,random,single_objective
899,0.029040167400048732,0.08653969885214523,0.0034395000000000007,[0.         0.         0.         0.         0.10054628 0.         0.         0.         0.1        0.         0.         0.         0.         0.         0.         0.         0.         0.         0.         0.         0.         0.         0.         0.         0.         0.16976736 0.         0.1010415  0.         0.         0.1       ],[0. 0. 0. 0. 1. 0. 0. 0. 1. 0. 0. 0. 0. 0. 0. 0. 0. 0. 0. 0. 0. 0. 0. 0. 0. 1. 0. 1. 0. 0. 1.],5.0,1000,100,0.01,0.003,1,9,random,,random,single_objective
900,0.029040167400048732,0.08653969885214523,0.0034395000000000007,[0.         0.         0.         0.         0.10054628 0.         0.         0.         0.1        0.         0.         0.         0.         0.         0.         0.         0.         0.         0.         0.         0.         0.         0.         0.         0.         0.16976736 0.         0.1010415  0.         0.         0.1       ],[0. 0. 0. 0. 1. 0. 0. 0. 1. 0. 0. 0. 0. 0. 0. 0. 0. 0. 0. 0. 0. 0. 0. 0. 0. 1. 0. 1. 0. 0. 1.],5.0,1000,100,0.01,0.003,1,9,random,,random,single_objective
901,0.029040167400048732,0.08653969885214523,0.0034395000000000007,[0.         0.         0.         0.         0.10054628 0.         0.         0.         0.1        0.         0.         0.         0.         0.         0.         0.         0.         0.         0.         0.         0.         0.         0.         0.         0.         0.16976736 0.         0.1010415  0.         0.         0.1       ],[0. 0. 0. 0. 1. 0. 0. 0. 1. 0. 0. 0. 0. 0. 0. 0. 0. 0. 0. 0. 0. 0. 0. 0. 0. 1. 0. 1. 0. 0. 1.],5.0,1000,100,0.01,0.003,1,9,random,,random,single_objective
902,0.029040167400048732,0.08653969885214523,0.0034395000000000007,[0.         0.         0.         0.         0.10054628 0.         0.         0.         0.1        0.         0.         0.         0.         0.         0.         0.         0.         0.         0.         0.         0.         0.         0.         0.         0.         0.16976736 0.         0.1010415  0.         0.         0.1       ],[0. 0. 0. 0. 1. 0. 0. 0. 1. 0. 0. 0. 0. 0. 0. 0. 0. 0. 0. 0. 0. 0. 0. 0. 0. 1. 0. 1. 0. 0. 1.],5.0,1000,100,0.01,0.003,1,9,random,,random,single_objective
903,0.029040167400048732,0.08653969885214523,0.0034395000000000007,[0.         0.         0.         0.         0.10054628 0.         0.         0.         0.1        0.         0.         0.         0.         0.         0.         0.         0.         0.         0.         0.         0.         0.         0.         0.         0.         0.16976736 0.         0.1010415  0.         0.         0.1       ],[0. 0. 0. 0. 1. 0. 0. 0. 1. 0. 0. 0. 0. 0. 0. 0. 0. 0. 0. 0. 0. 0. 0. 0. 0. 1. 0. 1. 0. 0. 1.],5.0,1000,100,0.01,0.003,1,9,random,,random,single_objective
904,0.029040167400048732,0.08653969885214523,0.0034395000000000007,[0.         0.         0.         0.         0.10054628 0.         0.         0.         0.1        0.         0.         0.         0.         0.         0.         0.         0.         0.         0.         0.         0.         0.         0.         0.         0.         0.16976736 0.         0.1010415  0.         0.         0.1       ],[0. 0. 0. 0. 1. 0. 0. 0. 1. 0. 0. 0. 0. 0. 0. 0. 0. 0. 0. 0. 0. 0. 0. 0. 0. 1. 0. 1. 0. 0. 1.],5.0,1000,100,0.01,0.003,1,9,random,,random,single_objective
905,0.029040167400048732,0.08653969885214523,0.0034395000000000007,[0.         0.         0.         0.         0.10054628 0.         0.         0.         0.1        0.         0.         0.         0.         0.         0.         0.         0.         0.         0.         0.         0.         0.         0.         0.         0.         0.16976736 0.         0.1010415  0.         0.         0.1       ],[0. 0. 0. 0. 1. 0. 0. 0. 1. 0. 0. 0. 0. 0. 0. 0. 0. 0. 0. 0. 0. 0. 0. 0. 0. 1. 0. 1. 0. 0. 1.],5.0,1000,100,0.01,0.003,1,9,random,,random,single_objective
906,0.029040167400048732,0.08653969885214523,0.0034395000000000007,[0.         0.         0.         0.         0.10054628 0.         0.         0.         0.1        0.         0.         0.         0.         0.         0.         0.         0.         0.         0.         0.         0.         0.         0.         0.         0.         0.16976736 0.         0.1010415  0.         0.         0.1       ],[0. 0. 0. 0. 1. 0. 0. 0. 1. 0. 0. 0. 0. 0. 0. 0. 0. 0. 0. 0. 0. 0. 0. 0. 0. 1. 0. 1. 0. 0. 1.],5.0,1000,100,0.01,0.003,1,9,random,,random,single_objective
907,0.029040167400048732,0.08653969885214523,0.0034395000000000007,[0.         0.         0.         0.         0.10054628 0.         0.         0.         0.1        0.         0.         0.         0.         0.         0.         0.         0.         0.         0.         0.         0.         0.         0.         0.         0.         0.16976736 0.         0.1010415  0.         0.         0.1       ],[0. 0. 0. 0. 1. 0. 0. 0. 1. 0. 0. 0. 0. 0. 0. 0. 0. 0. 0. 0. 0. 0. 0. 0. 0. 1. 0. 1. 0. 0. 1.],5.0,1000,100,0.01,0.003,1,9,random,,random,single_objective
908,0.029040167400048732,0.08653969885214523,0.0034395000000000007,[0.         0.         0.         0.         0.10054628 0.         0.         0.         0.1        0.         0.         0.         0.         0.         0.         0.         0.         0.         0.         0.         0.         0.         0.         0.         0.         0.16976736 0.         0.1010415  0.         0.         0.1       ],[0. 0. 0. 0. 1. 0. 0. 0. 1. 0. 0. 0. 0. 0. 0. 0. 0. 0. 0. 0. 0. 0. 0. 0. 0. 1. 0. 1. 0. 0. 1.],5.0,1000,100,0.01,0.003,1,9,random,,random,single_objective
909,0.029040167400048732,0.08653969885214523,0.0034395000000000007,[0.         0.         0.         0.         0.10054628 0.         0.         0.         0.1        0.         0.         0.         0.         0.         0.         0.         0.         0.         0.         0.         0.         0.         0.         0.         0.         0.16976736 0.         0.1010415  0.         0.         0.1       ],[0. 0. 0. 0. 1. 0. 0. 0. 1. 0. 0. 0. 0. 0. 0. 0. 0. 0. 0. 0. 0. 0. 0. 0. 0. 1. 0. 1. 0. 0. 1.],5.0,1000,100,0.01,0.003,1,9,random,,random,single_objective
910,0.029040167400048732,0.08653969885214523,0.0034395000000000007,[0.         0.         0.         0.         0.10054628 0.         0.         0.         0.1        0.         0.         0.         0.         0.         0.         0.         0.         0.         0.         0.         0.         0.         0.         0.         0.         0.16976736 0.         0.1010415  0.         0.         0.1       ],[0. 0. 0. 0. 1. 0. 0. 0. 1. 0. 0. 0. 0. 0. 0. 0. 0. 0. 0. 0. 0. 0. 0. 0. 0. 1. 0. 1. 0. 0. 1.],5.0,1000,100,0.01,0.003,1,9,random,,random,single_objective
911,0.029040167400048732,0.08653969885214523,0.0034395000000000007,[0.         0.         0.         0.         0.10054628 0.         0.         0.         0.1        0.         0.         0.         0.         0.         0.         0.         0.         0.         0.         0.         0.         0.         0.         0.         0.         0.16976736 0.         0.1010415  0.         0.         0.1       ],[0. 0. 0. 0. 1. 0. 0. 0. 1. 0. 0. 0. 0. 0. 0. 0. 0. 0. 0. 0. 0. 0. 0. 0. 0. 1. 0. 1. 0. 0. 1.],5.0,1000,100,0.01,0.003,1,9,random,,random,single_objective
912,0.029040167400048732,0.08653969885214523,0.0034395000000000007,[0.         0.         0.         0.         0.10054628 0.         0.         0.         0.1        0.         0.         0.         0.         0.         0.         0.         0.         0.         0.         0.         0.         0.         0.         0.         0.         0.16976736 0.         0.1010415  0.         0.         0.1       ],[0. 0. 0. 0. 1. 0. 0. 0. 1. 0. 0. 0. 0. 0. 0. 0. 0. 0. 0. 0. 0. 0. 0. 0. 0. 1. 0. 1. 0. 0. 1.],5.0,1000,100,0.01,0.003,1,9,random,,random,single_objective
913,0.029040167400048732,0.08653969885214523,0.0034395000000000007,[0.         0.         0.         0.         0.10054628 0.         0.         0.         0.1        0.         0.         0.         0.         0.         0.         0.         0.         0.         0.         0.         0.         0.         0.         0.         0.         0.16976736 0.         0.1010415  0.         0.         0.1       ],[0. 0. 0. 0. 1. 0. 0. 0. 1. 0. 0. 0. 0. 0. 0. 0. 0. 0. 0. 0. 0. 0. 0. 0. 0. 1. 0. 1. 0. 0. 1.],5.0,1000,100,0.01,0.003,1,9,random,,random,single_objective
914,0.029040167400048732,0.08653969885214523,0.0034395000000000007,[0.         0.         0.         0.         0.10054628 0.         0.         0.         0.1        0.         0.         0.         0.         0.         0.         0.         0.         0.         0.         0.         0.         0.         0.         0.         0.         0.16976736 0.         0.1010415  0.         0.         0.1       ],[0. 0. 0. 0. 1. 0. 0. 0. 1. 0. 0. 0. 0. 0. 0. 0. 0. 0. 0. 0. 0. 0. 0. 0. 0. 1. 0. 1. 0. 0. 1.],5.0,1000,100,0.01,0.003,1,9,random,,random,single_objective
915,0.029040167400048732,0.08653969885214523,0.0034395000000000007,[0.         0.         0.         0.         0.10054628 0.         0.         0.         0.1        0.         0.         0.         0.         0.         0.         0.         0.         0.         0.         0.         0.         0.         0.         0.         0.         0.16976736 0.         0.1010415  0.         0.         0.1       ],[0. 0. 0. 0. 1. 0. 0. 0. 1. 0. 0. 0. 0. 0. 0. 0. 0. 0. 0. 0. 0. 0. 0. 0. 0. 1. 0. 1. 0. 0. 1.],5.0,1000,100,0.01,0.003,1,9,random,,random,single_objective
916,0.029040167400048732,0.08653969885214523,0.0034395000000000007,[0.         0.         0.         0.         0.10054628 0.         0.         0.         0.1        0.         0.         0.         0.         0.         0.         0.         0.         0.         0.         0.         0.         0.         0.         0.         0.         0.16976736 0.         0.1010415  0.         0.         0.1       ],[0. 0. 0. 0. 1. 0. 0. 0. 1. 0. 0. 0. 0. 0. 0. 0. 0. 0. 0. 0. 0. 0. 0. 0. 0. 1. 0. 1. 0. 0. 1.],5.0,1000,100,0.01,0.003,1,9,random,,random,single_objective
917,0.029040167400048732,0.08653969885214523,0.0034395000000000007,[0.         0.         0.         0.         0.10054628 0.         0.         0.         0.1        0.         0.         0.         0.         0.         0.         0.         0.         0.         0.         0.         0.         0.         0.         0.         0.         0.16976736 0.         0.1010415  0.         0.         0.1       ],[0. 0. 0. 0. 1. 0. 0. 0. 1. 0. 0. 0. 0. 0. 0. 0. 0. 0. 0. 0. 0. 0. 0. 0. 0. 1. 0. 1. 0. 0. 1.],5.0,1000,100,0.01,0.003,1,9,random,,random,single_objective
918,0.029040167400048732,0.08653969885214523,0.0034395000000000007,[0.         0.         0.         0.         0.10054628 0.         0.         0.         0.1        0.         0.         0.         0.         0.         0.         0.         0.         0.         0.         0.         0.         0.         0.         0.         0.         0.16976736 0.         0.1010415  0.         0.         0.1       ],[0. 0. 0. 0. 1. 0. 0. 0. 1. 0. 0. 0. 0. 0. 0. 0. 0. 0. 0. 0. 0. 0. 0. 0. 0. 1. 0. 1. 0. 0. 1.],5.0,1000,100,0.01,0.003,1,9,random,,random,single_objective
919,0.029040167400048732,0.08653969885214523,0.0034395000000000007,[0.         0.         0.         0.         0.10054628 0.         0.         0.         0.1        0.         0.         0.         0.         0.         0.         0.         0.         0.         0.         0.         0.         0.         0.         0.         0.         0.16976736 0.         0.1010415  0.         0.         0.1       ],[0. 0. 0. 0. 1. 0. 0. 0. 1. 0. 0. 0. 0. 0. 0. 0. 0. 0. 0. 0. 0. 0. 0. 0. 0. 1. 0. 1. 0. 0. 1.],5.0,1000,100,0.01,0.003,1,9,random,,random,single_objective
920,0.029040167400048732,0.08653969885214523,0.0034395000000000007,[0.         0.         0.         0.         0.10054628 0.         0.         0.         0.1        0.         0.         0.         0.         0.         0.         0.         0.         0.         0.         0.         0.         0.         0.         0.         0.         0.16976736 0.         0.1010415  0.         0.         0.1       ],[0. 0. 0. 0. 1. 0. 0. 0. 1. 0. 0. 0. 0. 0. 0. 0. 0. 0. 0. 0. 0. 0. 0. 0. 0. 1. 0. 1. 0. 0. 1.],5.0,1000,100,0.01,0.003,1,9,random,,random,single_objective
921,0.029040167400048732,0.08653969885214523,0.0034395000000000007,[0.         0.         0.         0.         0.10054628 0.         0.         0.         0.1        0.         0.         0.         0.         0.         0.         0.         0.         0.         0.         0.         0.         0.         0.         0.         0.         0.16976736 0.         0.1010415  0.         0.         0.1       ],[0. 0. 0. 0. 1. 0. 0. 0. 1. 0. 0. 0. 0. 0. 0. 0. 0. 0. 0. 0. 0. 0. 0. 0. 0. 1. 0. 1. 0. 0. 1.],5.0,1000,100,0.01,0.003,1,9,random,,random,single_objective
922,0.029040167400048732,0.08653969885214523,0.0034395000000000007,[0.         0.         0.         0.         0.10054628 0.         0.         0.         0.1        0.         0.         0.         0.         0.         0.         0.         0.         0.         0.         0.         0.         0.         0.         0.         0.         0.16976736 0.         0.1010415  0.         0.         0.1       ],[0. 0. 0. 0. 1. 0. 0. 0. 1. 0. 0. 0. 0. 0. 0. 0. 0. 0. 0. 0. 0. 0. 0. 0. 0. 1. 0. 1. 0. 0. 1.],5.0,1000,100,0.01,0.003,1,9,random,,random,single_objective
923,0.029040167400048732,0.08653969885214523,0.0034395000000000007,[0.         0.         0.         0.         0.10054628 0.         0.         0.         0.1        0.         0.         0.         0.         0.         0.         0.         0.         0.         0.         0.         0.         0.         0.         0.         0.         0.16976736 0.         0.1010415  0.         0.         0.1       ],[0. 0. 0. 0. 1. 0. 0. 0. 1. 0. 0. 0. 0. 0. 0. 0. 0. 0. 0. 0. 0. 0. 0. 0. 0. 1. 0. 1. 0. 0. 1.],5.0,1000,100,0.01,0.003,1,9,random,,random,single_objective
924,0.029040167400048732,0.08653969885214523,0.0034395000000000007,[0.         0.         0.         0.         0.10054628 0.         0.         0.         0.1        0.         0.         0.         0.         0.         0.         0.         0.         0.         0.         0.         0.         0.         0.         0.         0.         0.16976736 0.         0.1010415  0.         0.         0.1       ],[0. 0. 0. 0. 1. 0. 0. 0. 1. 0. 0. 0. 0. 0. 0. 0. 0. 0. 0. 0. 0. 0. 0. 0. 0. 1. 0. 1. 0. 0. 1.],5.0,1000,100,0.01,0.003,1,9,random,,random,single_objective
925,0.029040167400048732,0.08653969885214523,0.0034395000000000007,[0.         0.         0.         0.         0.10054628 0.         0.         0.         0.1        0.         0.         0.         0.         0.         0.         0.         0.         0.         0.         0.         0.         0.         0.         0.         0.         0.16976736 0.         0.1010415  0.         0.         0.1       ],[0. 0. 0. 0. 1. 0. 0. 0. 1. 0. 0. 0. 0. 0. 0. 0. 0. 0. 0. 0. 0. 0. 0. 0. 0. 1. 0. 1. 0. 0. 1.],5.0,1000,100,0.01,0.003,1,9,random,,random,single_objective
926,0.029040167400048732,0.08653969885214523,0.0034395000000000007,[0.         0.         0.         0.         0.10054628 0.         0.         0.         0.1        0.         0.         0.         0.         0.         0.         0.         0.         0.         0.         0.         0.         0.         0.         0.         0.         0.16976736 0.         0.1010415  0.         0.         0.1       ],[0. 0. 0. 0. 1. 0. 0. 0. 1. 0. 0. 0. 0. 0. 0. 0. 0. 0. 0. 0. 0. 0. 0. 0. 0. 1. 0. 1. 0. 0. 1.],5.0,1000,100,0.01,0.003,1,9,random,,random,single_objective
927,0.029040167400048732,0.08653969885214523,0.0034395000000000007,[0.         0.         0.         0.         0.10054628 0.         0.         0.         0.1        0.         0.         0.         0.         0.         0.         0.         0.         0.         0.         0.         0.         0.         0.         0.         0.         0.16976736 0.         0.1010415  0.         0.         0.1       ],[0. 0. 0. 0. 1. 0. 0. 0. 1. 0. 0. 0. 0. 0. 0. 0. 0. 0. 0. 0. 0. 0. 0. 0. 0. 1. 0. 1. 0. 0. 1.],5.0,1000,100,0.01,0.003,1,9,random,,random,single_objective
928,0.029040167400048732,0.08653969885214523,0.0034395000000000007,[0.         0.         0.         0.         0.10054628 0.         0.         0.         0.1        0.         0.         0.         0.         0.         0.         0.         0.         0.         0.         0.         0.         0.         0.         0.         0.         0.16976736 0.         0.1010415  0.         0.         0.1       ],[0. 0. 0. 0. 1. 0. 0. 0. 1. 0. 0. 0. 0. 0. 0. 0. 0. 0. 0. 0. 0. 0. 0. 0. 0. 1. 0. 1. 0. 0. 1.],5.0,1000,100,0.01,0.003,1,9,random,,random,single_objective
929,0.029040167400048732,0.08653969885214523,0.0034395000000000007,[0.         0.         0.         0.         0.10054628 0.         0.         0.         0.1        0.         0.         0.         0.         0.         0.         0.         0.         0.         0.         0.         0.         0.         0.         0.         0.         0.16976736 0.         0.1010415  0.         0.         0.1       ],[0. 0. 0. 0. 1. 0. 0. 0. 1. 0. 0. 0. 0. 0. 0. 0. 0. 0. 0. 0. 0. 0. 0. 0. 0. 1. 0. 1. 0. 0. 1.],5.0,1000,100,0.01,0.003,1,9,random,,random,single_objective
930,0.029040167400048732,0.08653969885214523,0.0034395000000000007,[0.         0.         0.         0.         0.10054628 0.         0.         0.         0.1        0.         0.         0.         0.         0.         0.         0.         0.         0.         0.         0.         0.         0.         0.         0.         0.         0.16976736 0.         0.1010415  0.         0.         0.1       ],[0. 0. 0. 0. 1. 0. 0. 0. 1. 0. 0. 0. 0. 0. 0. 0. 0. 0. 0. 0. 0. 0. 0. 0. 0. 1. 0. 1. 0. 0. 1.],5.0,1000,100,0.01,0.003,1,9,random,,random,single_objective
931,0.029040167400048732,0.08653969885214523,0.0034395000000000007,[0.         0.         0.         0.         0.10054628 0.         0.         0.         0.1        0.         0.         0.         0.         0.         0.         0.         0.         0.         0.         0.         0.         0.         0.         0.         0.         0.16976736 0.         0.1010415  0.         0.         0.1       ],[0. 0. 0. 0. 1. 0. 0. 0. 1. 0. 0. 0. 0. 0. 0. 0. 0. 0. 0. 0. 0. 0. 0. 0. 0. 1. 0. 1. 0. 0. 1.],5.0,1000,100,0.01,0.003,1,9,random,,random,single_objective
932,0.029040167400048732,0.08653969885214523,0.0034395000000000007,[0.         0.         0.         0.         0.10054628 0.         0.         0.         0.1        0.         0.         0.         0.         0.         0.         0.         0.         0.         0.         0.         0.         0.         0.         0.         0.         0.16976736 0.         0.1010415  0.         0.         0.1       ],[0. 0. 0. 0. 1. 0. 0. 0. 1. 0. 0. 0. 0. 0. 0. 0. 0. 0. 0. 0. 0. 0. 0. 0. 0. 1. 0. 1. 0. 0. 1.],5.0,1000,100,0.01,0.003,1,9,random,,random,single_objective
933,0.029040167400048732,0.08653969885214523,0.0034395000000000007,[0.         0.         0.         0.         0.10054628 0.         0.         0.         0.1        0.         0.         0.         0.         0.         0.         0.         0.         0.         0.         0.         0.         0.         0.         0.         0.         0.16976736 0.         0.1010415  0.         0.         0.1       ],[0. 0. 0. 0. 1. 0. 0. 0. 1. 0. 0. 0. 0. 0. 0. 0. 0. 0. 0. 0. 0. 0. 0. 0. 0. 1. 0. 1. 0. 0. 1.],5.0,1000,100,0.01,0.003,1,9,random,,random,single_objective
934,0.029040167400048732,0.08653969885214523,0.0034395000000000007,[0.         0.         0.         0.         0.10054628 0.         0.         0.         0.1        0.         0.         0.         0.         0.         0.         0.         0.         0.         0.         0.         0.         0.         0.         0.         0.         0.16976736 0.         0.1010415  0.         0.         0.1       ],[0. 0. 0. 0. 1. 0. 0. 0. 1. 0. 0. 0. 0. 0. 0. 0. 0. 0. 0. 0. 0. 0. 0. 0. 0. 1. 0. 1. 0. 0. 1.],5.0,1000,100,0.01,0.003,1,9,random,,random,single_objective
935,0.029040167400048732,0.08653969885214523,0.0034395000000000007,[0.         0.         0.         0.         0.10054628 0.         0.         0.         0.1        0.         0.         0.         0.         0.         0.         0.         0.         0.         0.         0.         0.         0.         0.         0.         0.         0.16976736 0.         0.1010415  0.         0.         0.1       ],[0. 0. 0. 0. 1. 0. 0. 0. 1. 0. 0. 0. 0. 0. 0. 0. 0. 0. 0. 0. 0. 0. 0. 0. 0. 1. 0. 1. 0. 0. 1.],5.0,1000,100,0.01,0.003,1,9,random,,random,single_objective
936,0.029040167400048732,0.08653969885214523,0.0034395000000000007,[0.         0.         0.         0.         0.10054628 0.         0.         0.         0.1        0.         0.         0.         0.         0.         0.         0.         0.         0.         0.         0.         0.         0.         0.         0.         0.         0.16976736 0.         0.1010415  0.         0.         0.1       ],[0. 0. 0. 0. 1. 0. 0. 0. 1. 0. 0. 0. 0. 0. 0. 0. 0. 0. 0. 0. 0. 0. 0. 0. 0. 1. 0. 1. 0. 0. 1.],5.0,1000,100,0.01,0.003,1,9,random,,random,single_objective
937,0.029040167400048732,0.08653969885214523,0.0034395000000000007,[0.         0.         0.         0.         0.10054628 0.         0.         0.         0.1        0.         0.         0.         0.         0.         0.         0.         0.         0.         0.         0.         0.         0.         0.         0.         0.         0.16976736 0.         0.1010415  0.         0.         0.1       ],[0. 0. 0. 0. 1. 0. 0. 0. 1. 0. 0. 0. 0. 0. 0. 0. 0. 0. 0. 0. 0. 0. 0. 0. 0. 1. 0. 1. 0. 0. 1.],5.0,1000,100,0.01,0.003,1,9,random,,random,single_objective
938,0.029040167400048732,0.08653969885214523,0.0034395000000000007,[0.         0.         0.         0.         0.10054628 0.         0.         0.         0.1        0.         0.         0.         0.         0.         0.         0.         0.         0.         0.         0.         0.         0.         0.         0.         0.         0.16976736 0.         0.1010415  0.         0.         0.1       ],[0. 0. 0. 0. 1. 0. 0. 0. 1. 0. 0. 0. 0. 0. 0. 0. 0. 0. 0. 0. 0. 0. 0. 0. 0. 1. 0. 1. 0. 0. 1.],5.0,1000,100,0.01,0.003,1,9,random,,random,single_objective
939,0.029040167400048732,0.08653969885214523,0.0034395000000000007,[0.         0.         0.         0.         0.10054628 0.         0.         0.         0.1        0.         0.         0.         0.         0.         0.         0.         0.         0.         0.         0.         0.         0.         0.         0.         0.         0.16976736 0.         0.1010415  0.         0.         0.1       ],[0. 0. 0. 0. 1. 0. 0. 0. 1. 0. 0. 0. 0. 0. 0. 0. 0. 0. 0. 0. 0. 0. 0. 0. 0. 1. 0. 1. 0. 0. 1.],5.0,1000,100,0.01,0.003,1,9,random,,random,single_objective
940,0.029040167400048732,0.08653969885214523,0.0034395000000000007,[0.         0.         0.         0.         0.10054628 0.         0.         0.         0.1        0.         0.         0.         0.         0.         0.         0.         0.         0.         0.         0.         0.         0.         0.         0.         0.         0.16976736 0.         0.1010415  0.         0.         0.1       ],[0. 0. 0. 0. 1. 0. 0. 0. 1. 0. 0. 0. 0. 0. 0. 0. 0. 0. 0. 0. 0. 0. 0. 0. 0. 1. 0. 1. 0. 0. 1.],5.0,1000,100,0.01,0.003,1,9,random,,random,single_objective
941,0.029040167400048732,0.08653969885214523,0.0034395000000000007,[0.         0.         0.         0.         0.10054628 0.         0.         0.         0.1        0.         0.         0.         0.         0.         0.         0.         0.         0.         0.         0.         0.         0.         0.         0.         0.         0.16976736 0.         0.1010415  0.         0.         0.1       ],[0. 0. 0. 0. 1. 0. 0. 0. 1. 0. 0. 0. 0. 0. 0. 0. 0. 0. 0. 0. 0. 0. 0. 0. 0. 1. 0. 1. 0. 0. 1.],5.0,1000,100,0.01,0.003,1,9,random,,random,single_objective
942,0.029040167400048732,0.08653969885214523,0.0034395000000000007,[0.         0.         0.         0.         0.10054628 0.         0.         0.         0.1        0.         0.         0.         0.         0.         0.         0.         0.         0.         0.         0.         0.         0.         0.         0.         0.         0.16976736 0.         0.1010415  0.         0.         0.1       ],[0. 0. 0. 0. 1. 0. 0. 0. 1. 0. 0. 0. 0. 0. 0. 0. 0. 0. 0. 0. 0. 0. 0. 0. 0. 1. 0. 1. 0. 0. 1.],5.0,1000,100,0.01,0.003,1,9,random,,random,single_objective
943,0.029040167400048732,0.08653969885214523,0.0034395000000000007,[0.         0.         0.         0.         0.10054628 0.         0.         0.         0.1        0.         0.         0.         0.         0.         0.         0.         0.         0.         0.         0.         0.         0.         0.         0.         0.         0.16976736 0.         0.1010415  0.         0.         0.1       ],[0. 0. 0. 0. 1. 0. 0. 0. 1. 0. 0. 0. 0. 0. 0. 0. 0. 0. 0. 0. 0. 0. 0. 0. 0. 1. 0. 1. 0. 0. 1.],5.0,1000,100,0.01,0.003,1,9,random,,random,single_objective
944,0.029040167400048732,0.08653969885214523,0.0034395000000000007,[0.         0.         0.         0.         0.10054628 0.         0.         0.         0.1        0.         0.         0.         0.         0.         0.         0.         0.         0.         0.         0.         0.         0.         0.         0.         0.         0.16976736 0.         0.1010415  0.         0.         0.1       ],[0. 0. 0. 0. 1. 0. 0. 0. 1. 0. 0. 0. 0. 0. 0. 0. 0. 0. 0. 0. 0. 0. 0. 0. 0. 1. 0. 1. 0. 0. 1.],5.0,1000,100,0.01,0.003,1,9,random,,random,single_objective
945,0.029040167400048732,0.08653969885214523,0.0034395000000000007,[0.         0.         0.         0.         0.10054628 0.         0.         0.         0.1        0.         0.         0.         0.         0.         0.         0.         0.         0.         0.         0.         0.         0.         0.         0.         0.         0.16976736 0.         0.1010415  0.         0.         0.1       ],[0. 0. 0. 0. 1. 0. 0. 0. 1. 0. 0. 0. 0. 0. 0. 0. 0. 0. 0. 0. 0. 0. 0. 0. 0. 1. 0. 1. 0. 0. 1.],5.0,1000,100,0.01,0.003,1,9,random,,random,single_objective
946,0.029040167400048732,0.08653969885214523,0.0034395000000000007,[0.         0.         0.         0.         0.10054628 0.         0.         0.         0.1        0.         0.         0.         0.         0.         0.         0.         0.         0.         0.         0.         0.         0.         0.         0.         0.         0.16976736 0.         0.1010415  0.         0.         0.1       ],[0. 0. 0. 0. 1. 0. 0. 0. 1. 0. 0. 0. 0. 0. 0. 0. 0. 0. 0. 0. 0. 0. 0. 0. 0. 1. 0. 1. 0. 0. 1.],5.0,1000,100,0.01,0.003,1,9,random,,random,single_objective
947,0.029040167400048732,0.08653969885214523,0.0034395000000000007,[0.         0.         0.         0.         0.10054628 0.         0.         0.         0.1        0.         0.         0.         0.         0.         0.         0.         0.         0.         0.         0.         0.         0.         0.         0.         0.         0.16976736 0.         0.1010415  0.         0.         0.1       ],[0. 0. 0. 0. 1. 0. 0. 0. 1. 0. 0. 0. 0. 0. 0. 0. 0. 0. 0. 0. 0. 0. 0. 0. 0. 1. 0. 1. 0. 0. 1.],5.0,1000,100,0.01,0.003,1,9,random,,random,single_objective
948,0.029040167400048732,0.08653969885214523,0.0034395000000000007,[0.         0.         0.         0.         0.10054628 0.         0.         0.         0.1        0.         0.         0.         0.         0.         0.         0.         0.         0.         0.         0.         0.         0.         0.         0.         0.         0.16976736 0.         0.1010415  0.         0.         0.1       ],[0. 0. 0. 0. 1. 0. 0. 0. 1. 0. 0. 0. 0. 0. 0. 0. 0. 0. 0. 0. 0. 0. 0. 0. 0. 1. 0. 1. 0. 0. 1.],5.0,1000,100,0.01,0.003,1,9,random,,random,single_objective
949,0.029040167400048732,0.08653969885214523,0.0034395000000000007,[0.         0.         0.         0.         0.10054628 0.         0.         0.         0.1        0.         0.         0.         0.         0.         0.         0.         0.         0.         0.         0.         0.         0.         0.         0.         0.         0.16976736 0.         0.1010415  0.         0.         0.1       ],[0. 0. 0. 0. 1. 0. 0. 0. 1. 0. 0. 0. 0. 0. 0. 0. 0. 0. 0. 0. 0. 0. 0. 0. 0. 1. 0. 1. 0. 0. 1.],5.0,1000,100,0.01,0.003,1,9,random,,random,single_objective
950,0.029040167400048732,0.08653969885214523,0.0034395000000000007,[0.         0.         0.         0.         0.10054628 0.         0.         0.         0.1        0.         0.         0.         0.         0.         0.         0.         0.         0.         0.         0.         0.         0.         0.         0.         0.         0.16976736 0.         0.1010415  0.         0.         0.1       ],[0. 0. 0. 0. 1. 0. 0. 0. 1. 0. 0. 0. 0. 0. 0. 0. 0. 0. 0. 0. 0. 0. 0. 0. 0. 1. 0. 1. 0. 0. 1.],5.0,1000,100,0.01,0.003,1,9,random,,random,single_objective
951,0.029040167400048732,0.08653969885214523,0.0034395000000000007,[0.         0.         0.         0.         0.10054628 0.         0.         0.         0.1        0.         0.         0.         0.         0.         0.         0.         0.         0.         0.         0.         0.         0.         0.         0.         0.         0.16976736 0.         0.1010415  0.         0.         0.1       ],[0. 0. 0. 0. 1. 0. 0. 0. 1. 0. 0. 0. 0. 0. 0. 0. 0. 0. 0. 0. 0. 0. 0. 0. 0. 1. 0. 1. 0. 0. 1.],5.0,1000,100,0.01,0.003,1,9,random,,random,single_objective
952,0.029040167400048732,0.08653969885214523,0.0034395000000000007,[0.         0.         0.         0.         0.10054628 0.         0.         0.         0.1        0.         0.         0.         0.         0.         0.         0.         0.         0.         0.         0.         0.         0.         0.         0.         0.         0.16976736 0.         0.1010415  0.         0.         0.1       ],[0. 0. 0. 0. 1. 0. 0. 0. 1. 0. 0. 0. 0. 0. 0. 0. 0. 0. 0. 0. 0. 0. 0. 0. 0. 1. 0. 1. 0. 0. 1.],5.0,1000,100,0.01,0.003,1,9,random,,random,single_objective
953,0.029040167400048732,0.08653969885214523,0.0034395000000000007,[0.         0.         0.         0.         0.10054628 0.         0.         0.         0.1        0.         0.         0.         0.         0.         0.         0.         0.         0.         0.         0.         0.         0.         0.         0.         0.         0.16976736 0.         0.1010415  0.         0.         0.1       ],[0. 0. 0. 0. 1. 0. 0. 0. 1. 0. 0. 0. 0. 0. 0. 0. 0. 0. 0. 0. 0. 0. 0. 0. 0. 1. 0. 1. 0. 0. 1.],5.0,1000,100,0.01,0.003,1,9,random,,random,single_objective
954,0.029040167400048732,0.08653969885214523,0.0034395000000000007,[0.         0.         0.         0.         0.10054628 0.         0.         0.         0.1        0.         0.         0.         0.         0.         0.         0.         0.         0.         0.         0.         0.         0.         0.         0.         0.         0.16976736 0.         0.1010415  0.         0.         0.1       ],[0. 0. 0. 0. 1. 0. 0. 0. 1. 0. 0. 0. 0. 0. 0. 0. 0. 0. 0. 0. 0. 0. 0. 0. 0. 1. 0. 1. 0. 0. 1.],5.0,1000,100,0.01,0.003,1,9,random,,random,single_objective
955,0.029040167400048732,0.08653969885214523,0.0034395000000000007,[0.         0.         0.         0.         0.10054628 0.         0.         0.         0.1        0.         0.         0.         0.         0.         0.         0.         0.         0.         0.         0.         0.         0.         0.         0.         0.         0.16976736 0.         0.1010415  0.         0.         0.1       ],[0. 0. 0. 0. 1. 0. 0. 0. 1. 0. 0. 0. 0. 0. 0. 0. 0. 0. 0. 0. 0. 0. 0. 0. 0. 1. 0. 1. 0. 0. 1.],5.0,1000,100,0.01,0.003,1,9,random,,random,single_objective
956,0.029040167400048732,0.08653969885214523,0.0034395000000000007,[0.         0.         0.         0.         0.10054628 0.         0.         0.         0.1        0.         0.         0.         0.         0.         0.         0.         0.         0.         0.         0.         0.         0.         0.         0.         0.         0.16976736 0.         0.1010415  0.         0.         0.1       ],[0. 0. 0. 0. 1. 0. 0. 0. 1. 0. 0. 0. 0. 0. 0. 0. 0. 0. 0. 0. 0. 0. 0. 0. 0. 1. 0. 1. 0. 0. 1.],5.0,1000,100,0.01,0.003,1,9,random,,random,single_objective
957,0.029040167400048732,0.08653969885214523,0.0034395000000000007,[0.         0.         0.         0.         0.10054628 0.         0.         0.         0.1        0.         0.         0.         0.         0.         0.         0.         0.         0.         0.         0.         0.         0.         0.         0.         0.         0.16976736 0.         0.1010415  0.         0.         0.1       ],[0. 0. 0. 0. 1. 0. 0. 0. 1. 0. 0. 0. 0. 0. 0. 0. 0. 0. 0. 0. 0. 0. 0. 0. 0. 1. 0. 1. 0. 0. 1.],5.0,1000,100,0.01,0.003,1,9,random,,random,single_objective
958,0.029040167400048732,0.08653969885214523,0.0034395000000000007,[0.         0.         0.         0.         0.10054628 0.         0.         0.         0.1        0.         0.         0.         0.         0.         0.         0.         0.         0.         0.         0.         0.         0.         0.         0.         0.         0.16976736 0.         0.1010415  0.         0.         0.1       ],[0. 0. 0. 0. 1. 0. 0. 0. 1. 0. 0. 0. 0. 0. 0. 0. 0. 0. 0. 0. 0. 0. 0. 0. 0. 1. 0. 1. 0. 0. 1.],5.0,1000,100,0.01,0.003,1,9,random,,random,single_objective
959,0.029040167400048732,0.08653969885214523,0.0034395000000000007,[0.         0.         0.         0.         0.10054628 0.         0.         0.         0.1        0.         0.         0.         0.         0.         0.         0.         0.         0.         0.         0.         0.         0.         0.         0.         0.         0.16976736 0.         0.1010415  0.         0.         0.1       ],[0. 0. 0. 0. 1. 0. 0. 0. 1. 0. 0. 0. 0. 0. 0. 0. 0. 0. 0. 0. 0. 0. 0. 0. 0. 1. 0. 1. 0. 0. 1.],5.0,1000,100,0.01,0.003,1,9,random,,random,single_objective
960,0.029040167400048732,0.08653969885214523,0.0034395000000000007,[0.         0.         0.         0.         0.10054628 0.         0.         0.         0.1        0.         0.         0.         0.         0.         0.         0.         0.         0.         0.         0.         0.         0.         0.         0.         0.         0.16976736 0.         0.1010415  0.         0.         0.1       ],[0. 0. 0. 0. 1. 0. 0. 0. 1. 0. 0. 0. 0. 0. 0. 0. 0. 0. 0. 0. 0. 0. 0. 0. 0. 1. 0. 1. 0. 0. 1.],5.0,1000,100,0.01,0.003,1,9,random,,random,single_objective
961,0.029040167400048732,0.08653969885214523,0.0034395000000000007,[0.         0.         0.         0.         0.10054628 0.         0.         0.         0.1        0.         0.         0.         0.         0.         0.         0.         0.         0.         0.         0.         0.         0.         0.         0.         0.         0.16976736 0.         0.1010415  0.         0.         0.1       ],[0. 0. 0. 0. 1. 0. 0. 0. 1. 0. 0. 0. 0. 0. 0. 0. 0. 0. 0. 0. 0. 0. 0. 0. 0. 1. 0. 1. 0. 0. 1.],5.0,1000,100,0.01,0.003,1,9,random,,random,single_objective
962,0.029040167400048732,0.08653969885214523,0.0034395000000000007,[0.         0.         0.         0.         0.10054628 0.         0.         0.         0.1        0.         0.         0.         0.         0.         0.         0.         0.         0.         0.         0.         0.         0.         0.         0.         0.         0.16976736 0.         0.1010415  0.         0.         0.1       ],[0. 0. 0. 0. 1. 0. 0. 0. 1. 0. 0. 0. 0. 0. 0. 0. 0. 0. 0. 0. 0. 0. 0. 0. 0. 1. 0. 1. 0. 0. 1.],5.0,1000,100,0.01,0.003,1,9,random,,random,single_objective
963,0.029040167400048732,0.08653969885214523,0.0034395000000000007,[0.         0.         0.         0.         0.10054628 0.         0.         0.         0.1        0.         0.         0.         0.         0.         0.         0.         0.         0.         0.         0.         0.         0.         0.         0.         0.         0.16976736 0.         0.1010415  0.         0.         0.1       ],[0. 0. 0. 0. 1. 0. 0. 0. 1. 0. 0. 0. 0. 0. 0. 0. 0. 0. 0. 0. 0. 0. 0. 0. 0. 1. 0. 1. 0. 0. 1.],5.0,1000,100,0.01,0.003,1,9,random,,random,single_objective
964,0.029040167400048732,0.08653969885214523,0.0034395000000000007,[0.         0.         0.         0.         0.10054628 0.         0.         0.         0.1        0.         0.         0.         0.         0.         0.         0.         0.         0.         0.         0.         0.         0.         0.         0.         0.         0.16976736 0.         0.1010415  0.         0.         0.1       ],[0. 0. 0. 0. 1. 0. 0. 0. 1. 0. 0. 0. 0. 0. 0. 0. 0. 0. 0. 0. 0. 0. 0. 0. 0. 1. 0. 1. 0. 0. 1.],5.0,1000,100,0.01,0.003,1,9,random,,random,single_objective
965,0.029040167400048732,0.08653969885214523,0.0034395000000000007,[0.         0.         0.         0.         0.10054628 0.         0.         0.         0.1        0.         0.         0.         0.         0.         0.         0.         0.         0.         0.         0.         0.         0.         0.         0.         0.         0.16976736 0.         0.1010415  0.         0.         0.1       ],[0. 0. 0. 0. 1. 0. 0. 0. 1. 0. 0. 0. 0. 0. 0. 0. 0. 0. 0. 0. 0. 0. 0. 0. 0. 1. 0. 1. 0. 0. 1.],5.0,1000,100,0.01,0.003,1,9,random,,random,single_objective
966,0.029040167400048732,0.08653969885214523,0.0034395000000000007,[0.         0.         0.         0.         0.10054628 0.         0.         0.         0.1        0.         0.         0.         0.         0.         0.         0.         0.         0.         0.         0.         0.         0.         0.         0.         0.         0.16976736 0.         0.1010415  0.         0.         0.1       ],[0. 0. 0. 0. 1. 0. 0. 0. 1. 0. 0. 0. 0. 0. 0. 0. 0. 0. 0. 0. 0. 0. 0. 0. 0. 1. 0. 1. 0. 0. 1.],5.0,1000,100,0.01,0.003,1,9,random,,random,single_objective
967,0.029040167400048732,0.08653969885214523,0.0034395000000000007,[0.         0.         0.         0.         0.10054628 0.         0.         0.         0.1        0.         0.         0.         0.         0.         0.         0.         0.         0.         0.         0.         0.         0.         0.         0.         0.         0.16976736 0.         0.1010415  0.         0.         0.1       ],[0. 0. 0. 0. 1. 0. 0. 0. 1. 0. 0. 0. 0. 0. 0. 0. 0. 0. 0. 0. 0. 0. 0. 0. 0. 1. 0. 1. 0. 0. 1.],5.0,1000,100,0.01,0.003,1,9,random,,random,single_objective
968,0.029040167400048732,0.08653969885214523,0.0034395000000000007,[0.         0.         0.         0.         0.10054628 0.         0.         0.         0.1        0.         0.         0.         0.         0.         0.         0.         0.         0.         0.         0.         0.         0.         0.         0.         0.         0.16976736 0.         0.1010415  0.         0.         0.1       ],[0. 0. 0. 0. 1. 0. 0. 0. 1. 0. 0. 0. 0. 0. 0. 0. 0. 0. 0. 0. 0. 0. 0. 0. 0. 1. 0. 1. 0. 0. 1.],5.0,1000,100,0.01,0.003,1,9,random,,random,single_objective
969,0.029040167400048732,0.08653969885214523,0.0034395000000000007,[0.         0.         0.         0.         0.10054628 0.         0.         0.         0.1        0.         0.         0.         0.         0.         0.         0.         0.         0.         0.         0.         0.         0.         0.         0.         0.         0.16976736 0.         0.1010415  0.         0.         0.1       ],[0. 0. 0. 0. 1. 0. 0. 0. 1. 0. 0. 0. 0. 0. 0. 0. 0. 0. 0. 0. 0. 0. 0. 0. 0. 1. 0. 1. 0. 0. 1.],5.0,1000,100,0.01,0.003,1,9,random,,random,single_objective
970,0.029040167400048732,0.08653969885214523,0.0034395000000000007,[0.         0.         0.         0.         0.10054628 0.         0.         0.         0.1        0.         0.         0.         0.         0.         0.         0.         0.         0.         0.         0.         0.         0.         0.         0.         0.         0.16976736 0.         0.1010415  0.         0.         0.1       ],[0. 0. 0. 0. 1. 0. 0. 0. 1. 0. 0. 0. 0. 0. 0. 0. 0. 0. 0. 0. 0. 0. 0. 0. 0. 1. 0. 1. 0. 0. 1.],5.0,1000,100,0.01,0.003,1,9,random,,random,single_objective
971,0.029040167400048732,0.08653969885214523,0.0034395000000000007,[0.         0.         0.         0.         0.10054628 0.         0.         0.         0.1        0.         0.         0.         0.         0.         0.         0.         0.         0.         0.         0.         0.         0.         0.         0.         0.         0.16976736 0.         0.1010415  0.         0.         0.1       ],[0. 0. 0. 0. 1. 0. 0. 0. 1. 0. 0. 0. 0. 0. 0. 0. 0. 0. 0. 0. 0. 0. 0. 0. 0. 1. 0. 1. 0. 0. 1.],5.0,1000,100,0.01,0.003,1,9,random,,random,single_objective
972,0.029040167400048732,0.08653969885214523,0.0034395000000000007,[0.         0.         0.         0.         0.10054628 0.         0.         0.         0.1        0.         0.         0.         0.         0.         0.         0.         0.         0.         0.         0.         0.         0.         0.         0.         0.         0.16976736 0.         0.1010415  0.         0.         0.1       ],[0. 0. 0. 0. 1. 0. 0. 0. 1. 0. 0. 0. 0. 0. 0. 0. 0. 0. 0. 0. 0. 0. 0. 0. 0. 1. 0. 1. 0. 0. 1.],5.0,1000,100,0.01,0.003,1,9,random,,random,single_objective
973,0.029040167400048732,0.08653969885214523,0.0034395000000000007,[0.         0.         0.         0.         0.10054628 0.         0.         0.         0.1        0.         0.         0.         0.         0.         0.         0.         0.         0.         0.         0.         0.         0.         0.         0.         0.         0.16976736 0.         0.1010415  0.         0.         0.1       ],[0. 0. 0. 0. 1. 0. 0. 0. 1. 0. 0. 0. 0. 0. 0. 0. 0. 0. 0. 0. 0. 0. 0. 0. 0. 1. 0. 1. 0. 0. 1.],5.0,1000,100,0.01,0.003,1,9,random,,random,single_objective
974,0.029040167400048732,0.08653969885214523,0.0034395000000000007,[0.         0.         0.         0.         0.10054628 0.         0.         0.         0.1        0.         0.         0.         0.         0.         0.         0.         0.         0.         0.         0.         0.         0.         0.         0.         0.         0.16976736 0.         0.1010415  0.         0.         0.1       ],[0. 0. 0. 0. 1. 0. 0. 0. 1. 0. 0. 0. 0. 0. 0. 0. 0. 0. 0. 0. 0. 0. 0. 0. 0. 1. 0. 1. 0. 0. 1.],5.0,1000,100,0.01,0.003,1,9,random,,random,single_objective
975,0.029040167400048732,0.08653969885214523,0.0034395000000000007,[0.         0.         0.         0.         0.10054628 0.         0.         0.         0.1        0.         0.         0.         0.         0.         0.         0.         0.         0.         0.         0.         0.         0.         0.         0.         0.         0.16976736 0.         0.1010415  0.         0.         0.1       ],[0. 0. 0. 0. 1. 0. 0. 0. 1. 0. 0. 0. 0. 0. 0. 0. 0. 0. 0. 0. 0. 0. 0. 0. 0. 1. 0. 1. 0. 0. 1.],5.0,1000,100,0.01,0.003,1,9,random,,random,single_objective
976,0.029040167400048732,0.08653969885214523,0.0034395000000000007,[0.         0.         0.         0.         0.10054628 0.         0.         0.         0.1        0.         0.         0.         0.         0.         0.         0.         0.         0.         0.         0.         0.         0.         0.         0.         0.         0.16976736 0.         0.1010415  0.         0.         0.1       ],[0. 0. 0. 0. 1. 0. 0. 0. 1. 0. 0. 0. 0. 0. 0. 0. 0. 0. 0. 0. 0. 0. 0. 0. 0. 1. 0. 1. 0. 0. 1.],5.0,1000,100,0.01,0.003,1,9,random,,random,single_objective
977,0.029040167400048732,0.08653969885214523,0.0034395000000000007,[0.         0.         0.         0.         0.10054628 0.         0.         0.         0.1        0.         0.         0.         0.         0.         0.         0.         0.         0.         0.         0.         0.         0.         0.         0.         0.         0.16976736 0.         0.1010415  0.         0.         0.1       ],[0. 0. 0. 0. 1. 0. 0. 0. 1. 0. 0. 0. 0. 0. 0. 0. 0. 0. 0. 0. 0. 0. 0. 0. 0. 1. 0. 1. 0. 0. 1.],5.0,1000,100,0.01,0.003,1,9,random,,random,single_objective
978,0.029040167400048732,0.08653969885214523,0.0034395000000000007,[0.         0.         0.         0.         0.10054628 0.         0.         0.         0.1        0.         0.         0.         0.         0.         0.         0.         0.         0.         0.         0.         0.         0.         0.         0.         0.         0.16976736 0.         0.1010415  0.         0.         0.1       ],[0. 0. 0. 0. 1. 0. 0. 0. 1. 0. 0. 0. 0. 0. 0. 0. 0. 0. 0. 0. 0. 0. 0. 0. 0. 1. 0. 1. 0. 0. 1.],5.0,1000,100,0.01,0.003,1,9,random,,random,single_objective
979,0.029040167400048732,0.08653969885214523,0.0034395000000000007,[0.         0.         0.         0.         0.10054628 0.         0.         0.         0.1        0.         0.         0.         0.         0.         0.         0.         0.         0.         0.         0.         0.         0.         0.         0.         0.         0.16976736 0.         0.1010415  0.         0.         0.1       ],[0. 0. 0. 0. 1. 0. 0. 0. 1. 0. 0. 0. 0. 0. 0. 0. 0. 0. 0. 0. 0. 0. 0. 0. 0. 1. 0. 1. 0. 0. 1.],5.0,1000,100,0.01,0.003,1,9,random,,random,single_objective
980,0.029040167400048732,0.08653969885214523,0.0034395000000000007,[0.         0.         0.         0.         0.10054628 0.         0.         0.         0.1        0.         0.         0.         0.         0.         0.         0.         0.         0.         0.         0.         0.         0.         0.         0.         0.         0.16976736 0.         0.1010415  0.         0.         0.1       ],[0. 0. 0. 0. 1. 0. 0. 0. 1. 0. 0. 0. 0. 0. 0. 0. 0. 0. 0. 0. 0. 0. 0. 0. 0. 1. 0. 1. 0. 0. 1.],5.0,1000,100,0.01,0.003,1,9,random,,random,single_objective
981,0.029040167400048732,0.08653969885214523,0.0034395000000000007,[0.         0.         0.         0.         0.10054628 0.         0.         0.         0.1        0.         0.         0.         0.         0.         0.         0.         0.         0.         0.         0.         0.         0.         0.         0.         0.         0.16976736 0.         0.1010415  0.         0.         0.1       ],[0. 0. 0. 0. 1. 0. 0. 0. 1. 0. 0. 0. 0. 0. 0. 0. 0. 0. 0. 0. 0. 0. 0. 0. 0. 1. 0. 1. 0. 0. 1.],5.0,1000,100,0.01,0.003,1,9,random,,random,single_objective
982,0.029040167400048732,0.08653969885214523,0.0034395000000000007,[0.         0.         0.         0.         0.10054628 0.         0.         0.         0.1        0.         0.         0.         0.         0.         0.         0.         0.         0.         0.         0.         0.         0.         0.         0.         0.         0.16976736 0.         0.1010415  0.         0.         0.1       ],[0. 0. 0. 0. 1. 0. 0. 0. 1. 0. 0. 0. 0. 0. 0. 0. 0. 0. 0. 0. 0. 0. 0. 0. 0. 1. 0. 1. 0. 0. 1.],5.0,1000,100,0.01,0.003,1,9,random,,random,single_objective
983,0.029040167400048732,0.08653969885214523,0.0034395000000000007,[0.         0.         0.         0.         0.10054628 0.         0.         0.         0.1        0.         0.         0.         0.         0.         0.         0.         0.         0.         0.         0.         0.         0.         0.         0.         0.         0.16976736 0.         0.1010415  0.         0.         0.1       ],[0. 0. 0. 0. 1. 0. 0. 0. 1. 0. 0. 0. 0. 0. 0. 0. 0. 0. 0. 0. 0. 0. 0. 0. 0. 1. 0. 1. 0. 0. 1.],5.0,1000,100,0.01,0.003,1,9,random,,random,single_objective
984,0.029040167400048732,0.08653969885214523,0.0034395000000000007,[0.         0.         0.         0.         0.10054628 0.         0.         0.         0.1        0.         0.         0.         0.         0.         0.         0.         0.         0.         0.         0.         0.         0.         0.         0.         0.         0.16976736 0.         0.1010415  0.         0.         0.1       ],[0. 0. 0. 0. 1. 0. 0. 0. 1. 0. 0. 0. 0. 0. 0. 0. 0. 0. 0. 0. 0. 0. 0. 0. 0. 1. 0. 1. 0. 0. 1.],5.0,1000,100,0.01,0.003,1,9,random,,random,single_objective
985,0.029040167400048732,0.08653969885214523,0.0034395000000000007,[0.         0.         0.         0.         0.10054628 0.         0.         0.         0.1        0.         0.         0.         0.         0.         0.         0.         0.         0.         0.         0.         0.         0.         0.         0.         0.         0.16976736 0.         0.1010415  0.         0.         0.1       ],[0. 0. 0. 0. 1. 0. 0. 0. 1. 0. 0. 0. 0. 0. 0. 0. 0. 0. 0. 0. 0. 0. 0. 0. 0. 1. 0. 1. 0. 0. 1.],5.0,1000,100,0.01,0.003,1,9,random,,random,single_objective
986,0.029040167400048732,0.08653969885214523,0.0034395000000000007,[0.         0.         0.         0.         0.10054628 0.         0.         0.         0.1        0.         0.         0.         0.         0.         0.         0.         0.         0.         0.         0.         0.         0.         0.         0.         0.         0.16976736 0.         0.1010415  0.         0.         0.1       ],[0. 0. 0. 0. 1. 0. 0. 0. 1. 0. 0. 0. 0. 0. 0. 0. 0. 0. 0. 0. 0. 0. 0. 0. 0. 1. 0. 1. 0. 0. 1.],5.0,1000,100,0.01,0.003,1,9,random,,random,single_objective
987,0.029040167400048732,0.08653969885214523,0.0034395000000000007,[0.         0.         0.         0.         0.10054628 0.         0.         0.         0.1        0.         0.         0.         0.         0.         0.         0.         0.         0.         0.         0.         0.         0.         0.         0.         0.         0.16976736 0.         0.1010415  0.         0.         0.1       ],[0. 0. 0. 0. 1. 0. 0. 0. 1. 0. 0. 0. 0. 0. 0. 0. 0. 0. 0. 0. 0. 0. 0. 0. 0. 1. 0. 1. 0. 0. 1.],5.0,1000,100,0.01,0.003,1,9,random,,random,single_objective
988,0.029040167400048732,0.08653969885214523,0.0034395000000000007,[0.         0.         0.         0.         0.10054628 0.         0.         0.         0.1        0.         0.         0.         0.         0.         0.         0.         0.         0.         0.         0.         0.         0.         0.         0.         0.         0.16976736 0.         0.1010415  0.         0.         0.1       ],[0. 0. 0. 0. 1. 0. 0. 0. 1. 0. 0. 0. 0. 0. 0. 0. 0. 0. 0. 0. 0. 0. 0. 0. 0. 1. 0. 1. 0. 0. 1.],5.0,1000,100,0.01,0.003,1,9,random,,random,single_objective
989,0.029040167400048732,0.08653969885214523,0.0034395000000000007,[0.         0.         0.         0.         0.10054628 0.         0.         0.         0.1        0.         0.         0.         0.         0.         0.         0.         0.         0.         0.         0.         0.         0.         0.         0.         0.         0.16976736 0.         0.1010415  0.         0.         0.1       ],[0. 0. 0. 0. 1. 0. 0. 0. 1. 0. 0. 0. 0. 0. 0. 0. 0. 0. 0. 0. 0. 0. 0. 0. 0. 1. 0. 1. 0. 0. 1.],5.0,1000,100,0.01,0.003,1,9,random,,random,single_objective
990,0.029040167400048732,0.08653969885214523,0.0034395000000000007,[0.         0.         0.         0.         0.10054628 0.         0.         0.         0.1        0.         0.         0.         0.         0.         0.         0.         0.         0.         0.         0.         0.         0.         0.         0.         0.         0.16976736 0.         0.1010415  0.         0.         0.1       ],[0. 0. 0. 0. 1. 0. 0. 0. 1. 0. 0. 0. 0. 0. 0. 0. 0. 0. 0. 0. 0. 0. 0. 0. 0. 1. 0. 1. 0. 0. 1.],5.0,1000,100,0.01,0.003,1,9,random,,random,single_objective
991,0.029040167400048732,0.08653969885214523,0.0034395000000000007,[0.         0.         0.         0.         0.10054628 0.         0.         0.         0.1        0.         0.         0.         0.         0.         0.         0.         0.         0.         0.         0.         0.         0.         0.         0.         0.         0.16976736 0.         0.1010415  0.         0.         0.1       ],[0. 0. 0. 0. 1. 0. 0. 0. 1. 0. 0. 0. 0. 0. 0. 0. 0. 0. 0. 0. 0. 0. 0. 0. 0. 1. 0. 1. 0. 0. 1.],5.0,1000,100,0.01,0.003,1,9,random,,random,single_objective
992,0.029040167400048732,0.08653969885214523,0.0034395000000000007,[0.         0.         0.         0.         0.10054628 0.         0.         0.         0.1        0.         0.         0.         0.         0.         0.         0.         0.         0.         0.         0.         0.         0.         0.         0.         0.         0.16976736 0.         0.1010415  0.         0.         0.1       ],[0. 0. 0. 0. 1. 0. 0. 0. 1. 0. 0. 0. 0. 0. 0. 0. 0. 0. 0. 0. 0. 0. 0. 0. 0. 1. 0. 1. 0. 0. 1.],5.0,1000,100,0.01,0.003,1,9,random,,random,single_objective
993,0.029040167400048732,0.08653969885214523,0.0034395000000000007,[0.         0.         0.         0.         0.10054628 0.         0.         0.         0.1        0.         0.         0.         0.         0.         0.         0.         0.         0.         0.         0.         0.         0.         0.         0.         0.         0.16976736 0.         0.1010415  0.         0.         0.1       ],[0. 0. 0. 0. 1. 0. 0. 0. 1. 0. 0. 0. 0. 0. 0. 0. 0. 0. 0. 0. 0. 0. 0. 0. 0. 1. 0. 1. 0. 0. 1.],5.0,1000,100,0.01,0.003,1,9,random,,random,single_objective
994,0.029040167400048732,0.08653969885214523,0.0034395000000000007,[0.         0.         0.         0.         0.10054628 0.         0.         0.         0.1        0.         0.         0.         0.         0.         0.         0.         0.         0.         0.         0.         0.         0.         0.         0.         0.         0.16976736 0.         0.1010415  0.         0.         0.1       ],[0. 0. 0. 0. 1. 0. 0. 0. 1. 0. 0. 0. 0. 0. 0. 0. 0. 0. 0. 0. 0. 0. 0. 0. 0. 1. 0. 1. 0. 0. 1.],5.0,1000,100,0.01,0.003,1,9,random,,random,single_objective
995,0.029040167400048732,0.08653969885214523,0.0034395000000000007,[0.         0.         0.         0.         0.10054628 0.         0.         0.         0.1        0.         0.         0.         0.         0.         0.         0.         0.         0.         0.         0.         0.         0.         0.         0.         0.         0.16976736 0.         0.1010415  0.         0.         0.1       ],[0. 0. 0. 0. 1. 0. 0. 0. 1. 0. 0. 0. 0. 0. 0. 0. 0. 0. 0. 0. 0. 0. 0. 0. 0. 1. 0. 1. 0. 0. 1.],5.0,1000,100,0.01,0.003,1,9,random,,random,single_objective
996,0.029040167400048732,0.08653969885214523,0.0034395000000000007,[0.         0.         0.         0.         0.10054628 0.         0.         0.         0.1        0.         0.         0.         0.         0.         0.         0.         0.         0.         0.         0.         0.         0.         0.         0.         0.         0.16976736 0.         0.1010415  0.         0.         0.1       ],[0. 0. 0. 0. 1. 0. 0. 0. 1. 0. 0. 0. 0. 0. 0. 0. 0. 0. 0. 0. 0. 0. 0. 0. 0. 1. 0. 1. 0. 0. 1.],5.0,1000,100,0.01,0.003,1,9,random,,random,single_objective
997,0.029040167400048732,0.08653969885214523,0.0034395000000000007,[0.         0.         0.         0.         0.10054628 0.         0.         0.         0.1        0.         0.         0.         0.         0.         0.         0.         0.         0.         0.         0.         0.         0.         0.         0.         0.         0.16976736 0.         0.1010415  0.         0.         0.1       ],[0. 0. 0. 0. 1. 0. 0. 0. 1. 0. 0. 0. 0. 0. 0. 0. 0. 0. 0. 0. 0. 0. 0. 0. 0. 1. 0. 1. 0. 0. 1.],5.0,1000,100,0.01,0.003,1,9,random,,random,single_objective
998,0.029040167400048732,0.08653969885214523,0.0034395000000000007,[0.         0.         0.         0.         0.10054628 0.         0.         0.         0.1        0.         0.         0.         0.         0.         0.         0.         0.         0.         0.         0.         0.         0.         0.         0.         0.         0.16976736 0.         0.1010415  0.         0.         0.1       ],[0. 0. 0. 0. 1. 0. 0. 0. 1. 0. 0. 0. 0. 0. 0. 0. 0. 0. 0. 0. 0. 0. 0. 0. 0. 1. 0. 1. 0. 0. 1.],5.0,1000,100,0.01,0.003,1,9,random,,random,single_objective
999,0.029040167400048732,0.08653969885214523,0.0034395000000000007,[0.         0.         0.         0.         0.10054628 0.         0.         0.         0.1        0.         0.         0.         0.         0.         0.         0.         0.         0.         0.         0.         0.         0.         0.         0.         0.         0.16976736 0.         0.1010415  0.         0.         0.1       ],[0. 0. 0. 0. 1. 0. 0. 0. 1. 0. 0. 0. 0. 0. 0. 0. 0. 0. 0. 0. 0. 0. 0. 0. 0. 1. 0. 1. 0. 0. 1.],5.0,1000,100,0.01,0.003,1,9,random,,random,single_objective
