iter,obj,aug_obj,return,X,Z,max_iter,neighbours,alpha,exp_return,n_port,k,move_strategy,seed,selection_strategy
0,0.10618037440906264,0.10618037440906264,0.003707347152000001,[0.096098 0.       0.       0.       0.       0.       0.       0.       0.       0.       0.       0.       0.027958 0.046289 0.       0.022141 0.       0.079524 0.       0.031175 0.       0.068421 0.       0.       0.       0.613079 0.       0.       0.       0.       0.015315],[1. 0. 0. 0. 0. 0. 0. 0. 0. 0. 0. 0. 1. 1. 0. 1. 0. 1. 0. 1. 0. 1. 0. 0. 0. 1. 0. 0. 0. 0. 1.],500,100,0.3,0.002,1,9,idID,73,random
1,0.07876341921180266,0.07876341921180266,0.0040102201160000005,[0.069289 0.       0.       0.       0.       0.       0.       0.       0.       0.       0.       0.       0.020158 0.033375 0.       0.015964 0.       0.057339 0.       0.022478 0.       0.049333 0.       0.       0.       0.721022 0.       0.       0.       0.       0.011042],[1. 0. 0. 0. 0. 0. 0. 0. 0. 0. 0. 0. 1. 1. 0. 1. 0. 1. 0. 1. 0. 1. 0. 0. 0. 1. 0. 0. 0. 0. 1.],500,100,0.3,0.002,1,9,idID,73,random
2,0.055814070163714646,0.055814070163714646,0.003907694833,[0.011042 0.       0.       0.       0.       0.       0.       0.       0.       0.       0.       0.       0.020158 0.033375 0.       0.015964 0.       0.057339 0.       0.022478 0.       0.049333 0.       0.       0.       0.721022 0.       0.       0.       0.       0.      ],[1. 0. 0. 0. 0. 0. 0. 0. 0. 0. 0. 0. 1. 1. 0. 1. 0. 1. 0. 1. 0. 1. 0. 0. 0. 1. 0. 0. 0. 0. 0.],500,100,0.3,0.002,1,9,idID,73,random
3,0.05075469338772541,0.05075469338772541,0.0038925468530000003,[0.       0.       0.       0.       0.       0.       0.       0.       0.       0.       0.       0.       0.020158 0.033375 0.       0.011042 0.       0.057339 0.       0.022478 0.       0.049333 0.       0.       0.       0.721022 0.       0.       0.       0.       0.      ],[0. 0. 0. 0. 0. 0. 0. 0. 0. 0. 0. 0. 1. 1. 0. 1. 0. 1. 0. 1. 0. 1. 0. 0. 0. 1. 0. 0. 0. 0. 0.],500,100,0.3,0.002,1,9,idID,73,random
4,0.04686987230617379,0.04686987230617379,0.003935673761600001,[0.        0.        0.        0.        0.        0.        0.        0.        0.        0.        0.        0.        0.020158  0.033375  0.        0.011042  0.        0.057339  0.        0.022478  0.        0.0345331 0.        0.        0.        0.7358219 0.        0.        0.        0.        0.       ],[0. 0. 0. 0. 0. 0. 0. 0. 0. 0. 0. 0. 1. 1. 0. 1. 0. 1. 0. 1. 0. 1. 0. 0. 0. 1. 0. 0. 0. 0. 0.],500,100,0.3,0.002,1,9,idID,73,random
5,0.03016530587565989,0.03016530587565989,0.0039159684156,[0.        0.        0.        0.        0.        0.        0.        0.        0.        0.        0.        0.        0.020158  0.033375  0.        0.        0.        0.011042  0.        0.022478  0.        0.0345331 0.        0.        0.        0.7358219 0.        0.        0.        0.        0.       ],[0. 0. 0. 0. 0. 0. 0. 0. 0. 0. 0. 0. 1. 1. 0. 0. 0. 1. 0. 1. 0. 1. 0. 0. 0. 1. 0. 0. 0. 0. 0.],500,100,0.3,0.002,1,9,idID,73,random
6,0.020254493587391682,0.020254493587391682,0.0038675001747000004,[0.        0.        0.        0.        0.        0.        0.        0.        0.        0.        0.        0.        0.020158  0.033375  0.        0.        0.        0.        0.        0.022478  0.        0.011042  0.        0.        0.        0.7358219 0.        0.        0.        0.        0.       ],[0. 0. 0. 0. 0. 0. 0. 0. 0. 0. 0. 0. 1. 1. 0. 0. 0. 0. 0. 1. 0. 1. 0. 0. 0. 1. 0. 0. 0. 0. 0.],500,100,0.3,0.002,1,9,idID,73,random
7,0.01899180956026046,0.01899180956026046,0.0038544438747000003,[0.        0.        0.        0.        0.        0.        0.        0.        0.        0.        0.        0.        0.020158  0.0233625 0.        0.        0.        0.        0.        0.022478  0.        0.011042  0.        0.        0.        0.7358219 0.        0.0100125 0.        0.        0.       ],[0. 0. 0. 0. 0. 0. 0. 0. 0. 0. 0. 0. 1. 1. 0. 0. 0. 0. 0. 1. 0. 1. 0. 0. 0. 1. 0. 1. 0. 0. 0.],500,100,0.3,0.002,1,9,idID,73,random
8,0.017748771228128044,0.017748771228128044,0.0038562822843000006,[0.        0.        0.        0.        0.        0.        0.        0.        0.        0.        0.        0.        0.0141106 0.0233625 0.        0.        0.        0.        0.        0.022478  0.        0.011042  0.        0.        0.        0.7418693 0.        0.0100125 0.        0.        0.       ],[0. 0. 0. 0. 0. 0. 0. 0. 0. 0. 0. 0. 1. 1. 0. 0. 0. 0. 0. 1. 0. 1. 0. 0. 0. 1. 0. 1. 0. 0. 0.],500,100,0.3,0.002,1,9,idID,73,random
9,0.014800826363020027,0.014800826363020027,0.003837941337300001,[0.        0.        0.        0.        0.        0.        0.        0.        0.        0.        0.        0.        0.0141106 0.0233625 0.        0.        0.        0.        0.        0.022478  0.        0.        0.        0.        0.        0.7418693 0.        0.011042  0.        0.        0.       ],[0. 0. 0. 0. 0. 0. 0. 0. 0. 0. 0. 0. 1. 1. 0. 0. 0. 0. 0. 1. 0. 0. 0. 0. 0. 1. 0. 1. 0. 0. 0.],500,100,0.3,0.002,1,9,idID,73,random
10,0.01070252605112373,0.01070252605112373,0.0037572209053000007,[0.        0.        0.        0.        0.        0.        0.        0.        0.        0.        0.        0.        0.0141106 0.0233625 0.        0.        0.        0.        0.        0.011042  0.        0.        0.        0.        0.        0.7418693 0.        0.        0.        0.        0.       ],[0. 0. 0. 0. 0. 0. 0. 0. 0. 0. 0. 0. 1. 1. 0. 0. 0. 0. 0. 1. 0. 0. 0. 0. 0. 1. 0. 0. 0. 0. 0.],500,100,0.3,0.002,1,9,idID,73,random
11,0.009147498636036547,0.009147498636036547,0.0037275882633000007,[0.        0.        0.        0.        0.        0.        0.        0.        0.        0.        0.        0.        0.0141106 0.0233625 0.        0.        0.        0.        0.        0.        0.        0.        0.        0.        0.        0.7418693 0.        0.01      0.        0.        0.       ],[0. 0. 0. 0. 0. 0. 0. 0. 0. 0. 0. 0. 1. 1. 0. 0. 0. 0. 0. 0. 0. 0. 0. 0. 0. 1. 0. 1. 0. 0. 0.],500,100,0.3,0.002,1,9,idID,73,random
12,0.004134351253047837,0.004134351253047837,0.0036305503601000008,[0.        0.        0.        0.        0.        0.        0.        0.        0.        0.        0.        0.        0.        0.0141106 0.        0.        0.        0.        0.        0.        0.        0.        0.        0.        0.        0.7418693 0.        0.01      0.        0.        0.       ],[0. 0. 0. 0. 0. 0. 0. 0. 0. 0. 0. 0. 0. 1. 0. 0. 0. 0. 0. 0. 0. 0. 0. 0. 0. 1. 0. 1. 0. 0. 0.],500,100,0.3,0.002,1,9,idID,73,random
13,0.0014607250823857486,0.0014607250823857486,0.003588770137700001,[0.        0.        0.        0.        0.        0.        0.        0.        0.        0.        0.        0.        0.        0.        0.        0.        0.        0.        0.        0.        0.        0.        0.        0.        0.        0.7418693 0.        0.0141106 0.        0.        0.       ],[0. 0. 0. 0. 0. 0. 0. 0. 0. 0. 0. 0. 0. 0. 0. 0. 0. 0. 0. 0. 0. 0. 0. 0. 0. 1. 0. 1. 0. 0. 0.],500,100,0.3,0.002,1,9,idID,73,random
14,0.0014607250823857486,0.0014607250823857486,0.003588770137700001,[0.        0.        0.        0.        0.        0.        0.        0.        0.        0.        0.        0.        0.        0.        0.        0.        0.        0.        0.        0.        0.        0.        0.        0.        0.        0.7418693 0.        0.0141106 0.        0.        0.       ],[0. 0. 0. 0. 0. 0. 0. 0. 0. 0. 0. 0. 0. 0. 0. 0. 0. 0. 0. 0. 0. 0. 0. 0. 0. 1. 0. 1. 0. 0. 0.],500,100,0.3,0.002,1,9,idID,73,random
15,0.001294146481692,0.001294146481692,0.003664429554900001,[0.        0.        0.        0.        0.01      0.        0.        0.        0.        0.        0.        0.        0.        0.        0.        0.        0.        0.        0.        0.        0.        0.        0.        0.        0.        0.7418693 0.        0.        0.        0.        0.       ],[0. 0. 0. 0. 1. 0. 0. 0. 0. 0. 0. 0. 0. 0. 0. 0. 0. 0. 0. 0. 0. 0. 0. 0. 0. 1. 0. 0. 0. 0. 0.],500,100,0.3,0.002,1,9,idID,73,random
16,0.0010351970025270002,0.0010351970025270002,0.0035791595549000007,[0.        0.        0.        0.        0.        0.        0.        0.        0.        0.        0.        0.        0.        0.        0.        0.        0.        0.        0.        0.        0.        0.        0.        0.        0.        0.7418693 0.        0.01      0.        0.        0.       ],[0. 0. 0. 0. 0. 0. 0. 0. 0. 0. 0. 0. 0. 0. 0. 0. 0. 0. 0. 0. 0. 0. 0. 0. 0. 1. 0. 1. 0. 0. 0.],500,100,0.3,0.002,1,9,idID,73,random
17,0.0010351970025270002,0.0010351970025270002,0.0035791595549000007,[0.        0.        0.        0.        0.        0.        0.        0.        0.        0.        0.        0.        0.        0.        0.        0.        0.        0.        0.        0.        0.        0.        0.        0.        0.        0.7418693 0.        0.01      0.        0.        0.       ],[0. 0. 0. 0. 0. 0. 0. 0. 0. 0. 0. 0. 0. 0. 0. 0. 0. 0. 0. 0. 0. 0. 0. 0. 0. 1. 0. 1. 0. 0. 0.],500,100,0.3,0.002,1,9,idID,73,random
18,0.0010351970025270002,0.0010351970025270002,0.0035791595549000007,[0.        0.        0.        0.        0.        0.        0.        0.        0.        0.        0.        0.        0.        0.        0.        0.        0.        0.        0.        0.        0.        0.        0.        0.        0.        0.7418693 0.        0.01      0.        0.        0.       ],[0. 0. 0. 0. 0. 0. 0. 0. 0. 0. 0. 0. 0. 0. 0. 0. 0. 0. 0. 0. 0. 0. 0. 0. 0. 1. 0. 1. 0. 0. 0.],500,100,0.3,0.002,1,9,idID,73,random
19,0.0010351970025270002,0.0010351970025270002,0.0035791595549000007,[0.        0.        0.        0.        0.        0.        0.        0.        0.        0.        0.        0.        0.        0.        0.        0.        0.        0.        0.        0.        0.        0.        0.        0.        0.        0.7418693 0.        0.01      0.        0.        0.       ],[0. 0. 0. 0. 0. 0. 0. 0. 0. 0. 0. 0. 0. 0. 0. 0. 0. 0. 0. 0. 0. 0. 0. 0. 0. 1. 0. 1. 0. 0. 0.],500,100,0.3,0.002,1,9,idID,73,random
20,0.0010351970025270002,0.0010351970025270002,0.0035791595549000007,[0.        0.        0.        0.        0.        0.        0.        0.        0.        0.        0.        0.        0.        0.        0.        0.        0.        0.        0.        0.        0.        0.        0.        0.        0.        0.7418693 0.        0.01      0.        0.        0.       ],[0. 0. 0. 0. 0. 0. 0. 0. 0. 0. 0. 0. 0. 0. 0. 0. 0. 0. 0. 0. 0. 0. 0. 0. 0. 1. 0. 1. 0. 0. 0.],500,100,0.3,0.002,1,9,idID,73,random
21,0.0010351970025270002,0.0010351970025270002,0.0035791595549000007,[0.        0.        0.        0.        0.        0.        0.        0.        0.        0.        0.        0.        0.        0.        0.        0.        0.        0.        0.        0.        0.        0.        0.        0.        0.        0.7418693 0.        0.01      0.        0.        0.       ],[0. 0. 0. 0. 0. 0. 0. 0. 0. 0. 0. 0. 0. 0. 0. 0. 0. 0. 0. 0. 0. 0. 0. 0. 0. 1. 0. 1. 0. 0. 0.],500,100,0.3,0.002,1,9,idID,73,random
22,0.0010351970025270002,0.0010351970025270002,0.0035791595549000007,[0.        0.        0.        0.        0.        0.        0.        0.        0.        0.        0.        0.        0.        0.        0.        0.        0.        0.        0.        0.        0.        0.        0.        0.        0.        0.7418693 0.        0.01      0.        0.        0.       ],[0. 0. 0. 0. 0. 0. 0. 0. 0. 0. 0. 0. 0. 0. 0. 0. 0. 0. 0. 0. 0. 0. 0. 0. 0. 1. 0. 1. 0. 0. 0.],500,100,0.3,0.002,1,9,idID,73,random
23,0.0010351970025270002,0.0010351970025270002,0.0035791595549000007,[0.        0.        0.        0.        0.        0.        0.        0.        0.        0.        0.        0.        0.        0.        0.        0.        0.        0.        0.        0.        0.        0.        0.        0.        0.        0.7418693 0.        0.01      0.        0.        0.       ],[0. 0. 0. 0. 0. 0. 0. 0. 0. 0. 0. 0. 0. 0. 0. 0. 0. 0. 0. 0. 0. 0. 0. 0. 0. 1. 0. 1. 0. 0. 0.],500,100,0.3,0.002,1,9,idID,73,random
24,0.0010351970025270002,0.0010351970025270002,0.0035791595549000007,[0.        0.        0.        0.        0.        0.        0.        0.        0.        0.        0.        0.        0.        0.        0.        0.        0.        0.        0.        0.        0.        0.        0.        0.        0.        0.7418693 0.        0.01      0.        0.        0.       ],[0. 0. 0. 0. 0. 0. 0. 0. 0. 0. 0. 0. 0. 0. 0. 0. 0. 0. 0. 0. 0. 0. 0. 0. 0. 1. 0. 1. 0. 0. 0.],500,100,0.3,0.002,1,9,idID,73,random
25,0.0010351970025270002,0.0010351970025270002,0.0035791595549000007,[0.        0.        0.        0.        0.        0.        0.        0.        0.        0.        0.        0.        0.        0.        0.        0.        0.        0.        0.        0.        0.        0.        0.        0.        0.        0.7418693 0.        0.01      0.        0.        0.       ],[0. 0. 0. 0. 0. 0. 0. 0. 0. 0. 0. 0. 0. 0. 0. 0. 0. 0. 0. 0. 0. 0. 0. 0. 0. 1. 0. 1. 0. 0. 0.],500,100,0.3,0.002,1,9,idID,73,random
26,0.0010351970025270002,0.0010351970025270002,0.0035791595549000007,[0.        0.        0.        0.        0.        0.        0.        0.        0.        0.        0.        0.        0.        0.        0.        0.        0.        0.        0.        0.        0.        0.        0.        0.        0.        0.7418693 0.        0.01      0.        0.        0.       ],[0. 0. 0. 0. 0. 0. 0. 0. 0. 0. 0. 0. 0. 0. 0. 0. 0. 0. 0. 0. 0. 0. 0. 0. 0. 1. 0. 1. 0. 0. 0.],500,100,0.3,0.002,1,9,idID,73,random
27,0.0010351970025270002,0.0010351970025270002,0.0035791595549000007,[0.        0.        0.        0.        0.        0.        0.        0.        0.        0.        0.        0.        0.        0.        0.        0.        0.        0.        0.        0.        0.        0.        0.        0.        0.        0.7418693 0.        0.01      0.        0.        0.       ],[0. 0. 0. 0. 0. 0. 0. 0. 0. 0. 0. 0. 0. 0. 0. 0. 0. 0. 0. 0. 0. 0. 0. 0. 0. 1. 0. 1. 0. 0. 0.],500,100,0.3,0.002,1,9,idID,73,random
28,0.0010351970025270002,0.0010351970025270002,0.0035791595549000007,[0.        0.        0.        0.        0.        0.        0.        0.        0.        0.        0.        0.        0.        0.        0.        0.        0.        0.        0.        0.        0.        0.        0.        0.        0.        0.7418693 0.        0.01      0.        0.        0.       ],[0. 0. 0. 0. 0. 0. 0. 0. 0. 0. 0. 0. 0. 0. 0. 0. 0. 0. 0. 0. 0. 0. 0. 0. 0. 1. 0. 1. 0. 0. 0.],500,100,0.3,0.002,1,9,idID,73,random
29,0.0010351970025270002,0.0010351970025270002,0.0035791595549000007,[0.        0.        0.        0.        0.        0.        0.        0.        0.        0.        0.        0.        0.        0.        0.        0.        0.        0.        0.        0.        0.        0.        0.        0.        0.        0.7418693 0.        0.01      0.        0.        0.       ],[0. 0. 0. 0. 0. 0. 0. 0. 0. 0. 0. 0. 0. 0. 0. 0. 0. 0. 0. 0. 0. 0. 0. 0. 0. 1. 0. 1. 0. 0. 0.],500,100,0.3,0.002,1,9,idID,73,random
30,0.0010351970025270002,0.0010351970025270002,0.0035791595549000007,[0.        0.        0.        0.        0.        0.        0.        0.        0.        0.        0.        0.        0.        0.        0.        0.        0.        0.        0.        0.        0.        0.        0.        0.        0.        0.7418693 0.        0.01      0.        0.        0.       ],[0. 0. 0. 0. 0. 0. 0. 0. 0. 0. 0. 0. 0. 0. 0. 0. 0. 0. 0. 0. 0. 0. 0. 0. 0. 1. 0. 1. 0. 0. 0.],500,100,0.3,0.002,1,9,idID,73,random
31,0.0010351970025270002,0.0010351970025270002,0.0035791595549000007,[0.        0.        0.        0.        0.        0.        0.        0.        0.        0.        0.        0.        0.        0.        0.        0.        0.        0.        0.        0.        0.        0.        0.        0.        0.        0.7418693 0.        0.01      0.        0.        0.       ],[0. 0. 0. 0. 0. 0. 0. 0. 0. 0. 0. 0. 0. 0. 0. 0. 0. 0. 0. 0. 0. 0. 0. 0. 0. 1. 0. 1. 0. 0. 0.],500,100,0.3,0.002,1,9,idID,73,random
32,0.0010351970025270002,0.0010351970025270002,0.0035791595549000007,[0.        0.        0.        0.        0.        0.        0.        0.        0.        0.        0.        0.        0.        0.        0.        0.        0.        0.        0.        0.        0.        0.        0.        0.        0.        0.7418693 0.        0.01      0.        0.        0.       ],[0. 0. 0. 0. 0. 0. 0. 0. 0. 0. 0. 0. 0. 0. 0. 0. 0. 0. 0. 0. 0. 0. 0. 0. 0. 1. 0. 1. 0. 0. 0.],500,100,0.3,0.002,1,9,idID,73,random
33,0.0010351970025270002,0.0010351970025270002,0.0035791595549000007,[0.        0.        0.        0.        0.        0.        0.        0.        0.        0.        0.        0.        0.        0.        0.        0.        0.        0.        0.        0.        0.        0.        0.        0.        0.        0.7418693 0.        0.01      0.        0.        0.       ],[0. 0. 0. 0. 0. 0. 0. 0. 0. 0. 0. 0. 0. 0. 0. 0. 0. 0. 0. 0. 0. 0. 0. 0. 0. 1. 0. 1. 0. 0. 0.],500,100,0.3,0.002,1,9,idID,73,random
34,0.0010351970025270002,0.0010351970025270002,0.0035791595549000007,[0.        0.        0.        0.        0.        0.        0.        0.        0.        0.        0.        0.        0.        0.        0.        0.        0.        0.        0.        0.        0.        0.        0.        0.        0.        0.7418693 0.        0.01      0.        0.        0.       ],[0. 0. 0. 0. 0. 0. 0. 0. 0. 0. 0. 0. 0. 0. 0. 0. 0. 0. 0. 0. 0. 0. 0. 0. 0. 1. 0. 1. 0. 0. 0.],500,100,0.3,0.002,1,9,idID,73,random
35,0.0010351970025270002,0.0010351970025270002,0.0035791595549000007,[0.        0.        0.        0.        0.        0.        0.        0.        0.        0.        0.        0.        0.        0.        0.        0.        0.        0.        0.        0.        0.        0.        0.        0.        0.        0.7418693 0.        0.01      0.        0.        0.       ],[0. 0. 0. 0. 0. 0. 0. 0. 0. 0. 0. 0. 0. 0. 0. 0. 0. 0. 0. 0. 0. 0. 0. 0. 0. 1. 0. 1. 0. 0. 0.],500,100,0.3,0.002,1,9,idID,73,random
36,0.0010351970025270002,0.0010351970025270002,0.0035791595549000007,[0.        0.        0.        0.        0.        0.        0.        0.        0.        0.        0.        0.        0.        0.        0.        0.        0.        0.        0.        0.        0.        0.        0.        0.        0.        0.7418693 0.        0.01      0.        0.        0.       ],[0. 0. 0. 0. 0. 0. 0. 0. 0. 0. 0. 0. 0. 0. 0. 0. 0. 0. 0. 0. 0. 0. 0. 0. 0. 1. 0. 1. 0. 0. 0.],500,100,0.3,0.002,1,9,idID,73,random
37,0.0010351970025270002,0.0010351970025270002,0.0035791595549000007,[0.        0.        0.        0.        0.        0.        0.        0.        0.        0.        0.        0.        0.        0.        0.        0.        0.        0.        0.        0.        0.        0.        0.        0.        0.        0.7418693 0.        0.01      0.        0.        0.       ],[0. 0. 0. 0. 0. 0. 0. 0. 0. 0. 0. 0. 0. 0. 0. 0. 0. 0. 0. 0. 0. 0. 0. 0. 0. 1. 0. 1. 0. 0. 0.],500,100,0.3,0.002,1,9,idID,73,random
38,0.0010351970025270002,0.0010351970025270002,0.0035791595549000007,[0.        0.        0.        0.        0.        0.        0.        0.        0.        0.        0.        0.        0.        0.        0.        0.        0.        0.        0.        0.        0.        0.        0.        0.        0.        0.7418693 0.        0.01      0.        0.        0.       ],[0. 0. 0. 0. 0. 0. 0. 0. 0. 0. 0. 0. 0. 0. 0. 0. 0. 0. 0. 0. 0. 0. 0. 0. 0. 1. 0. 1. 0. 0. 0.],500,100,0.3,0.002,1,9,idID,73,random
39,0.0010351970025270002,0.0010351970025270002,0.0035791595549000007,[0.        0.        0.        0.        0.        0.        0.        0.        0.        0.        0.        0.        0.        0.        0.        0.        0.        0.        0.        0.        0.        0.        0.        0.        0.        0.7418693 0.        0.01      0.        0.        0.       ],[0. 0. 0. 0. 0. 0. 0. 0. 0. 0. 0. 0. 0. 0. 0. 0. 0. 0. 0. 0. 0. 0. 0. 0. 0. 1. 0. 1. 0. 0. 0.],500,100,0.3,0.002,1,9,idID,73,random
40,0.0010351970025270002,0.0010351970025270002,0.0035791595549000007,[0.        0.        0.        0.        0.        0.        0.        0.        0.        0.        0.        0.        0.        0.        0.        0.        0.        0.        0.        0.        0.        0.        0.        0.        0.        0.7418693 0.        0.01      0.        0.        0.       ],[0. 0. 0. 0. 0. 0. 0. 0. 0. 0. 0. 0. 0. 0. 0. 0. 0. 0. 0. 0. 0. 0. 0. 0. 0. 1. 0. 1. 0. 0. 0.],500,100,0.3,0.002,1,9,idID,73,random
41,0.0010351970025270002,0.0010351970025270002,0.0035791595549000007,[0.        0.        0.        0.        0.        0.        0.        0.        0.        0.        0.        0.        0.        0.        0.        0.        0.        0.        0.        0.        0.        0.        0.        0.        0.        0.7418693 0.        0.01      0.        0.        0.       ],[0. 0. 0. 0. 0. 0. 0. 0. 0. 0. 0. 0. 0. 0. 0. 0. 0. 0. 0. 0. 0. 0. 0. 0. 0. 1. 0. 1. 0. 0. 0.],500,100,0.3,0.002,1,9,idID,73,random
42,0.0010351970025270002,0.0010351970025270002,0.0035791595549000007,[0.        0.        0.        0.        0.        0.        0.        0.        0.        0.        0.        0.        0.        0.        0.        0.        0.        0.        0.        0.        0.        0.        0.        0.        0.        0.7418693 0.        0.01      0.        0.        0.       ],[0. 0. 0. 0. 0. 0. 0. 0. 0. 0. 0. 0. 0. 0. 0. 0. 0. 0. 0. 0. 0. 0. 0. 0. 0. 1. 0. 1. 0. 0. 0.],500,100,0.3,0.002,1,9,idID,73,random
43,0.0010351970025270002,0.0010351970025270002,0.0035791595549000007,[0.        0.        0.        0.        0.        0.        0.        0.        0.        0.        0.        0.        0.        0.        0.        0.        0.        0.        0.        0.        0.        0.        0.        0.        0.        0.7418693 0.        0.01      0.        0.        0.       ],[0. 0. 0. 0. 0. 0. 0. 0. 0. 0. 0. 0. 0. 0. 0. 0. 0. 0. 0. 0. 0. 0. 0. 0. 0. 1. 0. 1. 0. 0. 0.],500,100,0.3,0.002,1,9,idID,73,random
44,0.0010351970025270002,0.0010351970025270002,0.0035791595549000007,[0.        0.        0.        0.        0.        0.        0.        0.        0.        0.        0.        0.        0.        0.        0.        0.        0.        0.        0.        0.        0.        0.        0.        0.        0.        0.7418693 0.        0.01      0.        0.        0.       ],[0. 0. 0. 0. 0. 0. 0. 0. 0. 0. 0. 0. 0. 0. 0. 0. 0. 0. 0. 0. 0. 0. 0. 0. 0. 1. 0. 1. 0. 0. 0.],500,100,0.3,0.002,1,9,idID,73,random
45,0.0010351970025270002,0.0010351970025270002,0.0035791595549000007,[0.        0.        0.        0.        0.        0.        0.        0.        0.        0.        0.        0.        0.        0.        0.        0.        0.        0.        0.        0.        0.        0.        0.        0.        0.        0.7418693 0.        0.01      0.        0.        0.       ],[0. 0. 0. 0. 0. 0. 0. 0. 0. 0. 0. 0. 0. 0. 0. 0. 0. 0. 0. 0. 0. 0. 0. 0. 0. 1. 0. 1. 0. 0. 0.],500,100,0.3,0.002,1,9,idID,73,random
46,0.0010351970025270002,0.0010351970025270002,0.0035791595549000007,[0.        0.        0.        0.        0.        0.        0.        0.        0.        0.        0.        0.        0.        0.        0.        0.        0.        0.        0.        0.        0.        0.        0.        0.        0.        0.7418693 0.        0.01      0.        0.        0.       ],[0. 0. 0. 0. 0. 0. 0. 0. 0. 0. 0. 0. 0. 0. 0. 0. 0. 0. 0. 0. 0. 0. 0. 0. 0. 1. 0. 1. 0. 0. 0.],500,100,0.3,0.002,1,9,idID,73,random
47,0.0010351970025270002,0.0010351970025270002,0.0035791595549000007,[0.        0.        0.        0.        0.        0.        0.        0.        0.        0.        0.        0.        0.        0.        0.        0.        0.        0.        0.        0.        0.        0.        0.        0.        0.        0.7418693 0.        0.01      0.        0.        0.       ],[0. 0. 0. 0. 0. 0. 0. 0. 0. 0. 0. 0. 0. 0. 0. 0. 0. 0. 0. 0. 0. 0. 0. 0. 0. 1. 0. 1. 0. 0. 0.],500,100,0.3,0.002,1,9,idID,73,random
48,0.0010351970025270002,0.0010351970025270002,0.0035791595549000007,[0.        0.        0.        0.        0.        0.        0.        0.        0.        0.        0.        0.        0.        0.        0.        0.        0.        0.        0.        0.        0.        0.        0.        0.        0.        0.7418693 0.        0.01      0.        0.        0.       ],[0. 0. 0. 0. 0. 0. 0. 0. 0. 0. 0. 0. 0. 0. 0. 0. 0. 0. 0. 0. 0. 0. 0. 0. 0. 1. 0. 1. 0. 0. 0.],500,100,0.3,0.002,1,9,idID,73,random
49,0.0010351970025270002,0.0010351970025270002,0.0035791595549000007,[0.        0.        0.        0.        0.        0.        0.        0.        0.        0.        0.        0.        0.        0.        0.        0.        0.        0.        0.        0.        0.        0.        0.        0.        0.        0.7418693 0.        0.01      0.        0.        0.       ],[0. 0. 0. 0. 0. 0. 0. 0. 0. 0. 0. 0. 0. 0. 0. 0. 0. 0. 0. 0. 0. 0. 0. 0. 0. 1. 0. 1. 0. 0. 0.],500,100,0.3,0.002,1,9,idID,73,random
50,0.0010351970025270002,0.0010351970025270002,0.0035791595549000007,[0.        0.        0.        0.        0.        0.        0.        0.        0.        0.        0.        0.        0.        0.        0.        0.        0.        0.        0.        0.        0.        0.        0.        0.        0.        0.7418693 0.        0.01      0.        0.        0.       ],[0. 0. 0. 0. 0. 0. 0. 0. 0. 0. 0. 0. 0. 0. 0. 0. 0. 0. 0. 0. 0. 0. 0. 0. 0. 1. 0. 1. 0. 0. 0.],500,100,0.3,0.002,1,9,idID,73,random
51,0.0010351970025270002,0.0010351970025270002,0.0035791595549000007,[0.        0.        0.        0.        0.        0.        0.        0.        0.        0.        0.        0.        0.        0.        0.        0.        0.        0.        0.        0.        0.        0.        0.        0.        0.        0.7418693 0.        0.01      0.        0.        0.       ],[0. 0. 0. 0. 0. 0. 0. 0. 0. 0. 0. 0. 0. 0. 0. 0. 0. 0. 0. 0. 0. 0. 0. 0. 0. 1. 0. 1. 0. 0. 0.],500,100,0.3,0.002,1,9,idID,73,random
52,0.0010351970025270002,0.0010351970025270002,0.0035791595549000007,[0.        0.        0.        0.        0.        0.        0.        0.        0.        0.        0.        0.        0.        0.        0.        0.        0.        0.        0.        0.        0.        0.        0.        0.        0.        0.7418693 0.        0.01      0.        0.        0.       ],[0. 0. 0. 0. 0. 0. 0. 0. 0. 0. 0. 0. 0. 0. 0. 0. 0. 0. 0. 0. 0. 0. 0. 0. 0. 1. 0. 1. 0. 0. 0.],500,100,0.3,0.002,1,9,idID,73,random
53,0.0010351970025270002,0.0010351970025270002,0.0035791595549000007,[0.        0.        0.        0.        0.        0.        0.        0.        0.        0.        0.        0.        0.        0.        0.        0.        0.        0.        0.        0.        0.        0.        0.        0.        0.        0.7418693 0.        0.01      0.        0.        0.       ],[0. 0. 0. 0. 0. 0. 0. 0. 0. 0. 0. 0. 0. 0. 0. 0. 0. 0. 0. 0. 0. 0. 0. 0. 0. 1. 0. 1. 0. 0. 0.],500,100,0.3,0.002,1,9,idID,73,random
54,0.0010351970025270002,0.0010351970025270002,0.0035791595549000007,[0.        0.        0.        0.        0.        0.        0.        0.        0.        0.        0.        0.        0.        0.        0.        0.        0.        0.        0.        0.        0.        0.        0.        0.        0.        0.7418693 0.        0.01      0.        0.        0.       ],[0. 0. 0. 0. 0. 0. 0. 0. 0. 0. 0. 0. 0. 0. 0. 0. 0. 0. 0. 0. 0. 0. 0. 0. 0. 1. 0. 1. 0. 0. 0.],500,100,0.3,0.002,1,9,idID,73,random
55,0.0010351970025270002,0.0010351970025270002,0.0035791595549000007,[0.        0.        0.        0.        0.        0.        0.        0.        0.        0.        0.        0.        0.        0.        0.        0.        0.        0.        0.        0.        0.        0.        0.        0.        0.        0.7418693 0.        0.01      0.        0.        0.       ],[0. 0. 0. 0. 0. 0. 0. 0. 0. 0. 0. 0. 0. 0. 0. 0. 0. 0. 0. 0. 0. 0. 0. 0. 0. 1. 0. 1. 0. 0. 0.],500,100,0.3,0.002,1,9,idID,73,random
56,0.0010351970025270002,0.0010351970025270002,0.0035791595549000007,[0.        0.        0.        0.        0.        0.        0.        0.        0.        0.        0.        0.        0.        0.        0.        0.        0.        0.        0.        0.        0.        0.        0.        0.        0.        0.7418693 0.        0.01      0.        0.        0.       ],[0. 0. 0. 0. 0. 0. 0. 0. 0. 0. 0. 0. 0. 0. 0. 0. 0. 0. 0. 0. 0. 0. 0. 0. 0. 1. 0. 1. 0. 0. 0.],500,100,0.3,0.002,1,9,idID,73,random
57,0.0010351970025270002,0.0010351970025270002,0.0035791595549000007,[0.        0.        0.        0.        0.        0.        0.        0.        0.        0.        0.        0.        0.        0.        0.        0.        0.        0.        0.        0.        0.        0.        0.        0.        0.        0.7418693 0.        0.01      0.        0.        0.       ],[0. 0. 0. 0. 0. 0. 0. 0. 0. 0. 0. 0. 0. 0. 0. 0. 0. 0. 0. 0. 0. 0. 0. 0. 0. 1. 0. 1. 0. 0. 0.],500,100,0.3,0.002,1,9,idID,73,random
58,0.0010351970025270002,0.0010351970025270002,0.0035791595549000007,[0.        0.        0.        0.        0.        0.        0.        0.        0.        0.        0.        0.        0.        0.        0.        0.        0.        0.        0.        0.        0.        0.        0.        0.        0.        0.7418693 0.        0.01      0.        0.        0.       ],[0. 0. 0. 0. 0. 0. 0. 0. 0. 0. 0. 0. 0. 0. 0. 0. 0. 0. 0. 0. 0. 0. 0. 0. 0. 1. 0. 1. 0. 0. 0.],500,100,0.3,0.002,1,9,idID,73,random
59,0.0010351970025270002,0.0010351970025270002,0.0035791595549000007,[0.        0.        0.        0.        0.        0.        0.        0.        0.        0.        0.        0.        0.        0.        0.        0.        0.        0.        0.        0.        0.        0.        0.        0.        0.        0.7418693 0.        0.01      0.        0.        0.       ],[0. 0. 0. 0. 0. 0. 0. 0. 0. 0. 0. 0. 0. 0. 0. 0. 0. 0. 0. 0. 0. 0. 0. 0. 0. 1. 0. 1. 0. 0. 0.],500,100,0.3,0.002,1,9,idID,73,random
60,0.0010351970025270002,0.0010351970025270002,0.0035791595549000007,[0.        0.        0.        0.        0.        0.        0.        0.        0.        0.        0.        0.        0.        0.        0.        0.        0.        0.        0.        0.        0.        0.        0.        0.        0.        0.7418693 0.        0.01      0.        0.        0.       ],[0. 0. 0. 0. 0. 0. 0. 0. 0. 0. 0. 0. 0. 0. 0. 0. 0. 0. 0. 0. 0. 0. 0. 0. 0. 1. 0. 1. 0. 0. 0.],500,100,0.3,0.002,1,9,idID,73,random
61,0.0010351970025270002,0.0010351970025270002,0.0035791595549000007,[0.        0.        0.        0.        0.        0.        0.        0.        0.        0.        0.        0.        0.        0.        0.        0.        0.        0.        0.        0.        0.        0.        0.        0.        0.        0.7418693 0.        0.01      0.        0.        0.       ],[0. 0. 0. 0. 0. 0. 0. 0. 0. 0. 0. 0. 0. 0. 0. 0. 0. 0. 0. 0. 0. 0. 0. 0. 0. 1. 0. 1. 0. 0. 0.],500,100,0.3,0.002,1,9,idID,73,random
62,0.0010351970025270002,0.0010351970025270002,0.0035791595549000007,[0.        0.        0.        0.        0.        0.        0.        0.        0.        0.        0.        0.        0.        0.        0.        0.        0.        0.        0.        0.        0.        0.        0.        0.        0.        0.7418693 0.        0.01      0.        0.        0.       ],[0. 0. 0. 0. 0. 0. 0. 0. 0. 0. 0. 0. 0. 0. 0. 0. 0. 0. 0. 0. 0. 0. 0. 0. 0. 1. 0. 1. 0. 0. 0.],500,100,0.3,0.002,1,9,idID,73,random
63,0.0010351970025270002,0.0010351970025270002,0.0035791595549000007,[0.        0.        0.        0.        0.        0.        0.        0.        0.        0.        0.        0.        0.        0.        0.        0.        0.        0.        0.        0.        0.        0.        0.        0.        0.        0.7418693 0.        0.01      0.        0.        0.       ],[0. 0. 0. 0. 0. 0. 0. 0. 0. 0. 0. 0. 0. 0. 0. 0. 0. 0. 0. 0. 0. 0. 0. 0. 0. 1. 0. 1. 0. 0. 0.],500,100,0.3,0.002,1,9,idID,73,random
64,0.0010351970025270002,0.0010351970025270002,0.0035791595549000007,[0.        0.        0.        0.        0.        0.        0.        0.        0.        0.        0.        0.        0.        0.        0.        0.        0.        0.        0.        0.        0.        0.        0.        0.        0.        0.7418693 0.        0.01      0.        0.        0.       ],[0. 0. 0. 0. 0. 0. 0. 0. 0. 0. 0. 0. 0. 0. 0. 0. 0. 0. 0. 0. 0. 0. 0. 0. 0. 1. 0. 1. 0. 0. 0.],500,100,0.3,0.002,1,9,idID,73,random
65,0.0010351970025270002,0.0010351970025270002,0.0035791595549000007,[0.        0.        0.        0.        0.        0.        0.        0.        0.        0.        0.        0.        0.        0.        0.        0.        0.        0.        0.        0.        0.        0.        0.        0.        0.        0.7418693 0.        0.01      0.        0.        0.       ],[0. 0. 0. 0. 0. 0. 0. 0. 0. 0. 0. 0. 0. 0. 0. 0. 0. 0. 0. 0. 0. 0. 0. 0. 0. 1. 0. 1. 0. 0. 0.],500,100,0.3,0.002,1,9,idID,73,random
66,0.0010351970025270002,0.0010351970025270002,0.0035791595549000007,[0.        0.        0.        0.        0.        0.        0.        0.        0.        0.        0.        0.        0.        0.        0.        0.        0.        0.        0.        0.        0.        0.        0.        0.        0.        0.7418693 0.        0.01      0.        0.        0.       ],[0. 0. 0. 0. 0. 0. 0. 0. 0. 0. 0. 0. 0. 0. 0. 0. 0. 0. 0. 0. 0. 0. 0. 0. 0. 1. 0. 1. 0. 0. 0.],500,100,0.3,0.002,1,9,idID,73,random
67,0.0010351970025270002,0.0010351970025270002,0.0035791595549000007,[0.        0.        0.        0.        0.        0.        0.        0.        0.        0.        0.        0.        0.        0.        0.        0.        0.        0.        0.        0.        0.        0.        0.        0.        0.        0.7418693 0.        0.01      0.        0.        0.       ],[0. 0. 0. 0. 0. 0. 0. 0. 0. 0. 0. 0. 0. 0. 0. 0. 0. 0. 0. 0. 0. 0. 0. 0. 0. 1. 0. 1. 0. 0. 0.],500,100,0.3,0.002,1,9,idID,73,random
68,0.0010351970025270002,0.0010351970025270002,0.0035791595549000007,[0.        0.        0.        0.        0.        0.        0.        0.        0.        0.        0.        0.        0.        0.        0.        0.        0.        0.        0.        0.        0.        0.        0.        0.        0.        0.7418693 0.        0.01      0.        0.        0.       ],[0. 0. 0. 0. 0. 0. 0. 0. 0. 0. 0. 0. 0. 0. 0. 0. 0. 0. 0. 0. 0. 0. 0. 0. 0. 1. 0. 1. 0. 0. 0.],500,100,0.3,0.002,1,9,idID,73,random
69,0.0010351970025270002,0.0010351970025270002,0.0035791595549000007,[0.        0.        0.        0.        0.        0.        0.        0.        0.        0.        0.        0.        0.        0.        0.        0.        0.        0.        0.        0.        0.        0.        0.        0.        0.        0.7418693 0.        0.01      0.        0.        0.       ],[0. 0. 0. 0. 0. 0. 0. 0. 0. 0. 0. 0. 0. 0. 0. 0. 0. 0. 0. 0. 0. 0. 0. 0. 0. 1. 0. 1. 0. 0. 0.],500,100,0.3,0.002,1,9,idID,73,random
70,0.0010351970025270002,0.0010351970025270002,0.0035791595549000007,[0.        0.        0.        0.        0.        0.        0.        0.        0.        0.        0.        0.        0.        0.        0.        0.        0.        0.        0.        0.        0.        0.        0.        0.        0.        0.7418693 0.        0.01      0.        0.        0.       ],[0. 0. 0. 0. 0. 0. 0. 0. 0. 0. 0. 0. 0. 0. 0. 0. 0. 0. 0. 0. 0. 0. 0. 0. 0. 1. 0. 1. 0. 0. 0.],500,100,0.3,0.002,1,9,idID,73,random
71,0.0010351970025270002,0.0010351970025270002,0.0035791595549000007,[0.        0.        0.        0.        0.        0.        0.        0.        0.        0.        0.        0.        0.        0.        0.        0.        0.        0.        0.        0.        0.        0.        0.        0.        0.        0.7418693 0.        0.01      0.        0.        0.       ],[0. 0. 0. 0. 0. 0. 0. 0. 0. 0. 0. 0. 0. 0. 0. 0. 0. 0. 0. 0. 0. 0. 0. 0. 0. 1. 0. 1. 0. 0. 0.],500,100,0.3,0.002,1,9,idID,73,random
72,0.0010351970025270002,0.0010351970025270002,0.0035791595549000007,[0.        0.        0.        0.        0.        0.        0.        0.        0.        0.        0.        0.        0.        0.        0.        0.        0.        0.        0.        0.        0.        0.        0.        0.        0.        0.7418693 0.        0.01      0.        0.        0.       ],[0. 0. 0. 0. 0. 0. 0. 0. 0. 0. 0. 0. 0. 0. 0. 0. 0. 0. 0. 0. 0. 0. 0. 0. 0. 1. 0. 1. 0. 0. 0.],500,100,0.3,0.002,1,9,idID,73,random
73,0.0010351970025270002,0.0010351970025270002,0.0035791595549000007,[0.        0.        0.        0.        0.        0.        0.        0.        0.        0.        0.        0.        0.        0.        0.        0.        0.        0.        0.        0.        0.        0.        0.        0.        0.        0.7418693 0.        0.01      0.        0.        0.       ],[0. 0. 0. 0. 0. 0. 0. 0. 0. 0. 0. 0. 0. 0. 0. 0. 0. 0. 0. 0. 0. 0. 0. 0. 0. 1. 0. 1. 0. 0. 0.],500,100,0.3,0.002,1,9,idID,73,random
74,0.0010351970025270002,0.0010351970025270002,0.0035791595549000007,[0.        0.        0.        0.        0.        0.        0.        0.        0.        0.        0.        0.        0.        0.        0.        0.        0.        0.        0.        0.        0.        0.        0.        0.        0.        0.7418693 0.        0.01      0.        0.        0.       ],[0. 0. 0. 0. 0. 0. 0. 0. 0. 0. 0. 0. 0. 0. 0. 0. 0. 0. 0. 0. 0. 0. 0. 0. 0. 1. 0. 1. 0. 0. 0.],500,100,0.3,0.002,1,9,idID,73,random
75,0.0010351970025270002,0.0010351970025270002,0.0035791595549000007,[0.        0.        0.        0.        0.        0.        0.        0.        0.        0.        0.        0.        0.        0.        0.        0.        0.        0.        0.        0.        0.        0.        0.        0.        0.        0.7418693 0.        0.01      0.        0.        0.       ],[0. 0. 0. 0. 0. 0. 0. 0. 0. 0. 0. 0. 0. 0. 0. 0. 0. 0. 0. 0. 0. 0. 0. 0. 0. 1. 0. 1. 0. 0. 0.],500,100,0.3,0.002,1,9,idID,73,random
76,0.0010351970025270002,0.0010351970025270002,0.0035791595549000007,[0.        0.        0.        0.        0.        0.        0.        0.        0.        0.        0.        0.        0.        0.        0.        0.        0.        0.        0.        0.        0.        0.        0.        0.        0.        0.7418693 0.        0.01      0.        0.        0.       ],[0. 0. 0. 0. 0. 0. 0. 0. 0. 0. 0. 0. 0. 0. 0. 0. 0. 0. 0. 0. 0. 0. 0. 0. 0. 1. 0. 1. 0. 0. 0.],500,100,0.3,0.002,1,9,idID,73,random
77,0.0010351970025270002,0.0010351970025270002,0.0035791595549000007,[0.        0.        0.        0.        0.        0.        0.        0.        0.        0.        0.        0.        0.        0.        0.        0.        0.        0.        0.        0.        0.        0.        0.        0.        0.        0.7418693 0.        0.01      0.        0.        0.       ],[0. 0. 0. 0. 0. 0. 0. 0. 0. 0. 0. 0. 0. 0. 0. 0. 0. 0. 0. 0. 0. 0. 0. 0. 0. 1. 0. 1. 0. 0. 0.],500,100,0.3,0.002,1,9,idID,73,random
78,0.0010351970025270002,0.0010351970025270002,0.0035791595549000007,[0.        0.        0.        0.        0.        0.        0.        0.        0.        0.        0.        0.        0.        0.        0.        0.        0.        0.        0.        0.        0.        0.        0.        0.        0.        0.7418693 0.        0.01      0.        0.        0.       ],[0. 0. 0. 0. 0. 0. 0. 0. 0. 0. 0. 0. 0. 0. 0. 0. 0. 0. 0. 0. 0. 0. 0. 0. 0. 1. 0. 1. 0. 0. 0.],500,100,0.3,0.002,1,9,idID,73,random
79,0.0010351970025270002,0.0010351970025270002,0.0035791595549000007,[0.        0.        0.        0.        0.        0.        0.        0.        0.        0.        0.        0.        0.        0.        0.        0.        0.        0.        0.        0.        0.        0.        0.        0.        0.        0.7418693 0.        0.01      0.        0.        0.       ],[0. 0. 0. 0. 0. 0. 0. 0. 0. 0. 0. 0. 0. 0. 0. 0. 0. 0. 0. 0. 0. 0. 0. 0. 0. 1. 0. 1. 0. 0. 0.],500,100,0.3,0.002,1,9,idID,73,random
80,0.0010351970025270002,0.0010351970025270002,0.0035791595549000007,[0.        0.        0.        0.        0.        0.        0.        0.        0.        0.        0.        0.        0.        0.        0.        0.        0.        0.        0.        0.        0.        0.        0.        0.        0.        0.7418693 0.        0.01      0.        0.        0.       ],[0. 0. 0. 0. 0. 0. 0. 0. 0. 0. 0. 0. 0. 0. 0. 0. 0. 0. 0. 0. 0. 0. 0. 0. 0. 1. 0. 1. 0. 0. 0.],500,100,0.3,0.002,1,9,idID,73,random
81,0.0010351970025270002,0.0010351970025270002,0.0035791595549000007,[0.        0.        0.        0.        0.        0.        0.        0.        0.        0.        0.        0.        0.        0.        0.        0.        0.        0.        0.        0.        0.        0.        0.        0.        0.        0.7418693 0.        0.01      0.        0.        0.       ],[0. 0. 0. 0. 0. 0. 0. 0. 0. 0. 0. 0. 0. 0. 0. 0. 0. 0. 0. 0. 0. 0. 0. 0. 0. 1. 0. 1. 0. 0. 0.],500,100,0.3,0.002,1,9,idID,73,random
82,0.0010351970025270002,0.0010351970025270002,0.0035791595549000007,[0.        0.        0.        0.        0.        0.        0.        0.        0.        0.        0.        0.        0.        0.        0.        0.        0.        0.        0.        0.        0.        0.        0.        0.        0.        0.7418693 0.        0.01      0.        0.        0.       ],[0. 0. 0. 0. 0. 0. 0. 0. 0. 0. 0. 0. 0. 0. 0. 0. 0. 0. 0. 0. 0. 0. 0. 0. 0. 1. 0. 1. 0. 0. 0.],500,100,0.3,0.002,1,9,idID,73,random
83,0.0010351970025270002,0.0010351970025270002,0.0035791595549000007,[0.        0.        0.        0.        0.        0.        0.        0.        0.        0.        0.        0.        0.        0.        0.        0.        0.        0.        0.        0.        0.        0.        0.        0.        0.        0.7418693 0.        0.01      0.        0.        0.       ],[0. 0. 0. 0. 0. 0. 0. 0. 0. 0. 0. 0. 0. 0. 0. 0. 0. 0. 0. 0. 0. 0. 0. 0. 0. 1. 0. 1. 0. 0. 0.],500,100,0.3,0.002,1,9,idID,73,random
84,0.0010351970025270002,0.0010351970025270002,0.0035791595549000007,[0.        0.        0.        0.        0.        0.        0.        0.        0.        0.        0.        0.        0.        0.        0.        0.        0.        0.        0.        0.        0.        0.        0.        0.        0.        0.7418693 0.        0.01      0.        0.        0.       ],[0. 0. 0. 0. 0. 0. 0. 0. 0. 0. 0. 0. 0. 0. 0. 0. 0. 0. 0. 0. 0. 0. 0. 0. 0. 1. 0. 1. 0. 0. 0.],500,100,0.3,0.002,1,9,idID,73,random
85,0.0010351970025270002,0.0010351970025270002,0.0035791595549000007,[0.        0.        0.        0.        0.        0.        0.        0.        0.        0.        0.        0.        0.        0.        0.        0.        0.        0.        0.        0.        0.        0.        0.        0.        0.        0.7418693 0.        0.01      0.        0.        0.       ],[0. 0. 0. 0. 0. 0. 0. 0. 0. 0. 0. 0. 0. 0. 0. 0. 0. 0. 0. 0. 0. 0. 0. 0. 0. 1. 0. 1. 0. 0. 0.],500,100,0.3,0.002,1,9,idID,73,random
86,0.0010351970025270002,0.0010351970025270002,0.0035791595549000007,[0.        0.        0.        0.        0.        0.        0.        0.        0.        0.        0.        0.        0.        0.        0.        0.        0.        0.        0.        0.        0.        0.        0.        0.        0.        0.7418693 0.        0.01      0.        0.        0.       ],[0. 0. 0. 0. 0. 0. 0. 0. 0. 0. 0. 0. 0. 0. 0. 0. 0. 0. 0. 0. 0. 0. 0. 0. 0. 1. 0. 1. 0. 0. 0.],500,100,0.3,0.002,1,9,idID,73,random
87,0.0010351970025270002,0.0010351970025270002,0.0035791595549000007,[0.        0.        0.        0.        0.        0.        0.        0.        0.        0.        0.        0.        0.        0.        0.        0.        0.        0.        0.        0.        0.        0.        0.        0.        0.        0.7418693 0.        0.01      0.        0.        0.       ],[0. 0. 0. 0. 0. 0. 0. 0. 0. 0. 0. 0. 0. 0. 0. 0. 0. 0. 0. 0. 0. 0. 0. 0. 0. 1. 0. 1. 0. 0. 0.],500,100,0.3,0.002,1,9,idID,73,random
88,0.0010351970025270002,0.0010351970025270002,0.0035791595549000007,[0.        0.        0.        0.        0.        0.        0.        0.        0.        0.        0.        0.        0.        0.        0.        0.        0.        0.        0.        0.        0.        0.        0.        0.        0.        0.7418693 0.        0.01      0.        0.        0.       ],[0. 0. 0. 0. 0. 0. 0. 0. 0. 0. 0. 0. 0. 0. 0. 0. 0. 0. 0. 0. 0. 0. 0. 0. 0. 1. 0. 1. 0. 0. 0.],500,100,0.3,0.002,1,9,idID,73,random
89,0.0010351970025270002,0.0010351970025270002,0.0035791595549000007,[0.        0.        0.        0.        0.        0.        0.        0.        0.        0.        0.        0.        0.        0.        0.        0.        0.        0.        0.        0.        0.        0.        0.        0.        0.        0.7418693 0.        0.01      0.        0.        0.       ],[0. 0. 0. 0. 0. 0. 0. 0. 0. 0. 0. 0. 0. 0. 0. 0. 0. 0. 0. 0. 0. 0. 0. 0. 0. 1. 0. 1. 0. 0. 0.],500,100,0.3,0.002,1,9,idID,73,random
90,0.0010351970025270002,0.0010351970025270002,0.0035791595549000007,[0.        0.        0.        0.        0.        0.        0.        0.        0.        0.        0.        0.        0.        0.        0.        0.        0.        0.        0.        0.        0.        0.        0.        0.        0.        0.7418693 0.        0.01      0.        0.        0.       ],[0. 0. 0. 0. 0. 0. 0. 0. 0. 0. 0. 0. 0. 0. 0. 0. 0. 0. 0. 0. 0. 0. 0. 0. 0. 1. 0. 1. 0. 0. 0.],500,100,0.3,0.002,1,9,idID,73,random
91,0.0010351970025270002,0.0010351970025270002,0.0035791595549000007,[0.        0.        0.        0.        0.        0.        0.        0.        0.        0.        0.        0.        0.        0.        0.        0.        0.        0.        0.        0.        0.        0.        0.        0.        0.        0.7418693 0.        0.01      0.        0.        0.       ],[0. 0. 0. 0. 0. 0. 0. 0. 0. 0. 0. 0. 0. 0. 0. 0. 0. 0. 0. 0. 0. 0. 0. 0. 0. 1. 0. 1. 0. 0. 0.],500,100,0.3,0.002,1,9,idID,73,random
92,0.0010351970025270002,0.0010351970025270002,0.0035791595549000007,[0.        0.        0.        0.        0.        0.        0.        0.        0.        0.        0.        0.        0.        0.        0.        0.        0.        0.        0.        0.        0.        0.        0.        0.        0.        0.7418693 0.        0.01      0.        0.        0.       ],[0. 0. 0. 0. 0. 0. 0. 0. 0. 0. 0. 0. 0. 0. 0. 0. 0. 0. 0. 0. 0. 0. 0. 0. 0. 1. 0. 1. 0. 0. 0.],500,100,0.3,0.002,1,9,idID,73,random
93,0.0010351970025270002,0.0010351970025270002,0.0035791595549000007,[0.        0.        0.        0.        0.        0.        0.        0.        0.        0.        0.        0.        0.        0.        0.        0.        0.        0.        0.        0.        0.        0.        0.        0.        0.        0.7418693 0.        0.01      0.        0.        0.       ],[0. 0. 0. 0. 0. 0. 0. 0. 0. 0. 0. 0. 0. 0. 0. 0. 0. 0. 0. 0. 0. 0. 0. 0. 0. 1. 0. 1. 0. 0. 0.],500,100,0.3,0.002,1,9,idID,73,random
94,0.0010351970025270002,0.0010351970025270002,0.0035791595549000007,[0.        0.        0.        0.        0.        0.        0.        0.        0.        0.        0.        0.        0.        0.        0.        0.        0.        0.        0.        0.        0.        0.        0.        0.        0.        0.7418693 0.        0.01      0.        0.        0.       ],[0. 0. 0. 0. 0. 0. 0. 0. 0. 0. 0. 0. 0. 0. 0. 0. 0. 0. 0. 0. 0. 0. 0. 0. 0. 1. 0. 1. 0. 0. 0.],500,100,0.3,0.002,1,9,idID,73,random
95,0.0010351970025270002,0.0010351970025270002,0.0035791595549000007,[0.        0.        0.        0.        0.        0.        0.        0.        0.        0.        0.        0.        0.        0.        0.        0.        0.        0.        0.        0.        0.        0.        0.        0.        0.        0.7418693 0.        0.01      0.        0.        0.       ],[0. 0. 0. 0. 0. 0. 0. 0. 0. 0. 0. 0. 0. 0. 0. 0. 0. 0. 0. 0. 0. 0. 0. 0. 0. 1. 0. 1. 0. 0. 0.],500,100,0.3,0.002,1,9,idID,73,random
96,0.0010351970025270002,0.0010351970025270002,0.0035791595549000007,[0.        0.        0.        0.        0.        0.        0.        0.        0.        0.        0.        0.        0.        0.        0.        0.        0.        0.        0.        0.        0.        0.        0.        0.        0.        0.7418693 0.        0.01      0.        0.        0.       ],[0. 0. 0. 0. 0. 0. 0. 0. 0. 0. 0. 0. 0. 0. 0. 0. 0. 0. 0. 0. 0. 0. 0. 0. 0. 1. 0. 1. 0. 0. 0.],500,100,0.3,0.002,1,9,idID,73,random
97,0.0010351970025270002,0.0010351970025270002,0.0035791595549000007,[0.        0.        0.        0.        0.        0.        0.        0.        0.        0.        0.        0.        0.        0.        0.        0.        0.        0.        0.        0.        0.        0.        0.        0.        0.        0.7418693 0.        0.01      0.        0.        0.       ],[0. 0. 0. 0. 0. 0. 0. 0. 0. 0. 0. 0. 0. 0. 0. 0. 0. 0. 0. 0. 0. 0. 0. 0. 0. 1. 0. 1. 0. 0. 0.],500,100,0.3,0.002,1,9,idID,73,random
98,0.0010351970025270002,0.0010351970025270002,0.0035791595549000007,[0.        0.        0.        0.        0.        0.        0.        0.        0.        0.        0.        0.        0.        0.        0.        0.        0.        0.        0.        0.        0.        0.        0.        0.        0.        0.7418693 0.        0.01      0.        0.        0.       ],[0. 0. 0. 0. 0. 0. 0. 0. 0. 0. 0. 0. 0. 0. 0. 0. 0. 0. 0. 0. 0. 0. 0. 0. 0. 1. 0. 1. 0. 0. 0.],500,100,0.3,0.002,1,9,idID,73,random
99,0.0010351970025270002,0.0010351970025270002,0.0035791595549000007,[0.        0.        0.        0.        0.        0.        0.        0.        0.        0.        0.        0.        0.        0.        0.        0.        0.        0.        0.        0.        0.        0.        0.        0.        0.        0.7418693 0.        0.01      0.        0.        0.       ],[0. 0. 0. 0. 0. 0. 0. 0. 0. 0. 0. 0. 0. 0. 0. 0. 0. 0. 0. 0. 0. 0. 0. 0. 0. 1. 0. 1. 0. 0. 0.],500,100,0.3,0.002,1,9,idID,73,random
100,0.0010351970025270002,0.0010351970025270002,0.0035791595549000007,[0.        0.        0.        0.        0.        0.        0.        0.        0.        0.        0.        0.        0.        0.        0.        0.        0.        0.        0.        0.        0.        0.        0.        0.        0.        0.7418693 0.        0.01      0.        0.        0.       ],[0. 0. 0. 0. 0. 0. 0. 0. 0. 0. 0. 0. 0. 0. 0. 0. 0. 0. 0. 0. 0. 0. 0. 0. 0. 1. 0. 1. 0. 0. 0.],500,100,0.3,0.002,1,9,idID,73,random
101,0.0010351970025270002,0.0010351970025270002,0.0035791595549000007,[0.        0.        0.        0.        0.        0.        0.        0.        0.        0.        0.        0.        0.        0.        0.        0.        0.        0.        0.        0.        0.        0.        0.        0.        0.        0.7418693 0.        0.01      0.        0.        0.       ],[0. 0. 0. 0. 0. 0. 0. 0. 0. 0. 0. 0. 0. 0. 0. 0. 0. 0. 0. 0. 0. 0. 0. 0. 0. 1. 0. 1. 0. 0. 0.],500,100,0.3,0.002,1,9,idID,73,random
102,0.0010351970025270002,0.0010351970025270002,0.0035791595549000007,[0.        0.        0.        0.        0.        0.        0.        0.        0.        0.        0.        0.        0.        0.        0.        0.        0.        0.        0.        0.        0.        0.        0.        0.        0.        0.7418693 0.        0.01      0.        0.        0.       ],[0. 0. 0. 0. 0. 0. 0. 0. 0. 0. 0. 0. 0. 0. 0. 0. 0. 0. 0. 0. 0. 0. 0. 0. 0. 1. 0. 1. 0. 0. 0.],500,100,0.3,0.002,1,9,idID,73,random
103,0.0010351970025270002,0.0010351970025270002,0.0035791595549000007,[0.        0.        0.        0.        0.        0.        0.        0.        0.        0.        0.        0.        0.        0.        0.        0.        0.        0.        0.        0.        0.        0.        0.        0.        0.        0.7418693 0.        0.01      0.        0.        0.       ],[0. 0. 0. 0. 0. 0. 0. 0. 0. 0. 0. 0. 0. 0. 0. 0. 0. 0. 0. 0. 0. 0. 0. 0. 0. 1. 0. 1. 0. 0. 0.],500,100,0.3,0.002,1,9,idID,73,random
104,0.0010351970025270002,0.0010351970025270002,0.0035791595549000007,[0.        0.        0.        0.        0.        0.        0.        0.        0.        0.        0.        0.        0.        0.        0.        0.        0.        0.        0.        0.        0.        0.        0.        0.        0.        0.7418693 0.        0.01      0.        0.        0.       ],[0. 0. 0. 0. 0. 0. 0. 0. 0. 0. 0. 0. 0. 0. 0. 0. 0. 0. 0. 0. 0. 0. 0. 0. 0. 1. 0. 1. 0. 0. 0.],500,100,0.3,0.002,1,9,idID,73,random
105,0.0010351970025270002,0.0010351970025270002,0.0035791595549000007,[0.        0.        0.        0.        0.        0.        0.        0.        0.        0.        0.        0.        0.        0.        0.        0.        0.        0.        0.        0.        0.        0.        0.        0.        0.        0.7418693 0.        0.01      0.        0.        0.       ],[0. 0. 0. 0. 0. 0. 0. 0. 0. 0. 0. 0. 0. 0. 0. 0. 0. 0. 0. 0. 0. 0. 0. 0. 0. 1. 0. 1. 0. 0. 0.],500,100,0.3,0.002,1,9,idID,73,random
106,0.0010351970025270002,0.0010351970025270002,0.0035791595549000007,[0.        0.        0.        0.        0.        0.        0.        0.        0.        0.        0.        0.        0.        0.        0.        0.        0.        0.        0.        0.        0.        0.        0.        0.        0.        0.7418693 0.        0.01      0.        0.        0.       ],[0. 0. 0. 0. 0. 0. 0. 0. 0. 0. 0. 0. 0. 0. 0. 0. 0. 0. 0. 0. 0. 0. 0. 0. 0. 1. 0. 1. 0. 0. 0.],500,100,0.3,0.002,1,9,idID,73,random
107,0.0010351970025270002,0.0010351970025270002,0.0035791595549000007,[0.        0.        0.        0.        0.        0.        0.        0.        0.        0.        0.        0.        0.        0.        0.        0.        0.        0.        0.        0.        0.        0.        0.        0.        0.        0.7418693 0.        0.01      0.        0.        0.       ],[0. 0. 0. 0. 0. 0. 0. 0. 0. 0. 0. 0. 0. 0. 0. 0. 0. 0. 0. 0. 0. 0. 0. 0. 0. 1. 0. 1. 0. 0. 0.],500,100,0.3,0.002,1,9,idID,73,random
108,0.0010351970025270002,0.0010351970025270002,0.0035791595549000007,[0.        0.        0.        0.        0.        0.        0.        0.        0.        0.        0.        0.        0.        0.        0.        0.        0.        0.        0.        0.        0.        0.        0.        0.        0.        0.7418693 0.        0.01      0.        0.        0.       ],[0. 0. 0. 0. 0. 0. 0. 0. 0. 0. 0. 0. 0. 0. 0. 0. 0. 0. 0. 0. 0. 0. 0. 0. 0. 1. 0. 1. 0. 0. 0.],500,100,0.3,0.002,1,9,idID,73,random
109,0.0010351970025270002,0.0010351970025270002,0.0035791595549000007,[0.        0.        0.        0.        0.        0.        0.        0.        0.        0.        0.        0.        0.        0.        0.        0.        0.        0.        0.        0.        0.        0.        0.        0.        0.        0.7418693 0.        0.01      0.        0.        0.       ],[0. 0. 0. 0. 0. 0. 0. 0. 0. 0. 0. 0. 0. 0. 0. 0. 0. 0. 0. 0. 0. 0. 0. 0. 0. 1. 0. 1. 0. 0. 0.],500,100,0.3,0.002,1,9,idID,73,random
110,0.0010351970025270002,0.0010351970025270002,0.0035791595549000007,[0.        0.        0.        0.        0.        0.        0.        0.        0.        0.        0.        0.        0.        0.        0.        0.        0.        0.        0.        0.        0.        0.        0.        0.        0.        0.7418693 0.        0.01      0.        0.        0.       ],[0. 0. 0. 0. 0. 0. 0. 0. 0. 0. 0. 0. 0. 0. 0. 0. 0. 0. 0. 0. 0. 0. 0. 0. 0. 1. 0. 1. 0. 0. 0.],500,100,0.3,0.002,1,9,idID,73,random
111,0.0010351970025270002,0.0010351970025270002,0.0035791595549000007,[0.        0.        0.        0.        0.        0.        0.        0.        0.        0.        0.        0.        0.        0.        0.        0.        0.        0.        0.        0.        0.        0.        0.        0.        0.        0.7418693 0.        0.01      0.        0.        0.       ],[0. 0. 0. 0. 0. 0. 0. 0. 0. 0. 0. 0. 0. 0. 0. 0. 0. 0. 0. 0. 0. 0. 0. 0. 0. 1. 0. 1. 0. 0. 0.],500,100,0.3,0.002,1,9,idID,73,random
112,0.0010351970025270002,0.0010351970025270002,0.0035791595549000007,[0.        0.        0.        0.        0.        0.        0.        0.        0.        0.        0.        0.        0.        0.        0.        0.        0.        0.        0.        0.        0.        0.        0.        0.        0.        0.7418693 0.        0.01      0.        0.        0.       ],[0. 0. 0. 0. 0. 0. 0. 0. 0. 0. 0. 0. 0. 0. 0. 0. 0. 0. 0. 0. 0. 0. 0. 0. 0. 1. 0. 1. 0. 0. 0.],500,100,0.3,0.002,1,9,idID,73,random
113,0.0010351970025270002,0.0010351970025270002,0.0035791595549000007,[0.        0.        0.        0.        0.        0.        0.        0.        0.        0.        0.        0.        0.        0.        0.        0.        0.        0.        0.        0.        0.        0.        0.        0.        0.        0.7418693 0.        0.01      0.        0.        0.       ],[0. 0. 0. 0. 0. 0. 0. 0. 0. 0. 0. 0. 0. 0. 0. 0. 0. 0. 0. 0. 0. 0. 0. 0. 0. 1. 0. 1. 0. 0. 0.],500,100,0.3,0.002,1,9,idID,73,random
114,0.0010351970025270002,0.0010351970025270002,0.0035791595549000007,[0.        0.        0.        0.        0.        0.        0.        0.        0.        0.        0.        0.        0.        0.        0.        0.        0.        0.        0.        0.        0.        0.        0.        0.        0.        0.7418693 0.        0.01      0.        0.        0.       ],[0. 0. 0. 0. 0. 0. 0. 0. 0. 0. 0. 0. 0. 0. 0. 0. 0. 0. 0. 0. 0. 0. 0. 0. 0. 1. 0. 1. 0. 0. 0.],500,100,0.3,0.002,1,9,idID,73,random
115,0.0010351970025270002,0.0010351970025270002,0.0035791595549000007,[0.        0.        0.        0.        0.        0.        0.        0.        0.        0.        0.        0.        0.        0.        0.        0.        0.        0.        0.        0.        0.        0.        0.        0.        0.        0.7418693 0.        0.01      0.        0.        0.       ],[0. 0. 0. 0. 0. 0. 0. 0. 0. 0. 0. 0. 0. 0. 0. 0. 0. 0. 0. 0. 0. 0. 0. 0. 0. 1. 0. 1. 0. 0. 0.],500,100,0.3,0.002,1,9,idID,73,random
116,0.0010351970025270002,0.0010351970025270002,0.0035791595549000007,[0.        0.        0.        0.        0.        0.        0.        0.        0.        0.        0.        0.        0.        0.        0.        0.        0.        0.        0.        0.        0.        0.        0.        0.        0.        0.7418693 0.        0.01      0.        0.        0.       ],[0. 0. 0. 0. 0. 0. 0. 0. 0. 0. 0. 0. 0. 0. 0. 0. 0. 0. 0. 0. 0. 0. 0. 0. 0. 1. 0. 1. 0. 0. 0.],500,100,0.3,0.002,1,9,idID,73,random
117,0.0010351970025270002,0.0010351970025270002,0.0035791595549000007,[0.        0.        0.        0.        0.        0.        0.        0.        0.        0.        0.        0.        0.        0.        0.        0.        0.        0.        0.        0.        0.        0.        0.        0.        0.        0.7418693 0.        0.01      0.        0.        0.       ],[0. 0. 0. 0. 0. 0. 0. 0. 0. 0. 0. 0. 0. 0. 0. 0. 0. 0. 0. 0. 0. 0. 0. 0. 0. 1. 0. 1. 0. 0. 0.],500,100,0.3,0.002,1,9,idID,73,random
118,0.0010351970025270002,0.0010351970025270002,0.0035791595549000007,[0.        0.        0.        0.        0.        0.        0.        0.        0.        0.        0.        0.        0.        0.        0.        0.        0.        0.        0.        0.        0.        0.        0.        0.        0.        0.7418693 0.        0.01      0.        0.        0.       ],[0. 0. 0. 0. 0. 0. 0. 0. 0. 0. 0. 0. 0. 0. 0. 0. 0. 0. 0. 0. 0. 0. 0. 0. 0. 1. 0. 1. 0. 0. 0.],500,100,0.3,0.002,1,9,idID,73,random
119,0.0010351970025270002,0.0010351970025270002,0.0035791595549000007,[0.        0.        0.        0.        0.        0.        0.        0.        0.        0.        0.        0.        0.        0.        0.        0.        0.        0.        0.        0.        0.        0.        0.        0.        0.        0.7418693 0.        0.01      0.        0.        0.       ],[0. 0. 0. 0. 0. 0. 0. 0. 0. 0. 0. 0. 0. 0. 0. 0. 0. 0. 0. 0. 0. 0. 0. 0. 0. 1. 0. 1. 0. 0. 0.],500,100,0.3,0.002,1,9,idID,73,random
120,0.0010351970025270002,0.0010351970025270002,0.0035791595549000007,[0.        0.        0.        0.        0.        0.        0.        0.        0.        0.        0.        0.        0.        0.        0.        0.        0.        0.        0.        0.        0.        0.        0.        0.        0.        0.7418693 0.        0.01      0.        0.        0.       ],[0. 0. 0. 0. 0. 0. 0. 0. 0. 0. 0. 0. 0. 0. 0. 0. 0. 0. 0. 0. 0. 0. 0. 0. 0. 1. 0. 1. 0. 0. 0.],500,100,0.3,0.002,1,9,idID,73,random
121,0.0010351970025270002,0.0010351970025270002,0.0035791595549000007,[0.        0.        0.        0.        0.        0.        0.        0.        0.        0.        0.        0.        0.        0.        0.        0.        0.        0.        0.        0.        0.        0.        0.        0.        0.        0.7418693 0.        0.01      0.        0.        0.       ],[0. 0. 0. 0. 0. 0. 0. 0. 0. 0. 0. 0. 0. 0. 0. 0. 0. 0. 0. 0. 0. 0. 0. 0. 0. 1. 0. 1. 0. 0. 0.],500,100,0.3,0.002,1,9,idID,73,random
122,0.0010351970025270002,0.0010351970025270002,0.0035791595549000007,[0.        0.        0.        0.        0.        0.        0.        0.        0.        0.        0.        0.        0.        0.        0.        0.        0.        0.        0.        0.        0.        0.        0.        0.        0.        0.7418693 0.        0.01      0.        0.        0.       ],[0. 0. 0. 0. 0. 0. 0. 0. 0. 0. 0. 0. 0. 0. 0. 0. 0. 0. 0. 0. 0. 0. 0. 0. 0. 1. 0. 1. 0. 0. 0.],500,100,0.3,0.002,1,9,idID,73,random
123,0.0010351970025270002,0.0010351970025270002,0.0035791595549000007,[0.        0.        0.        0.        0.        0.        0.        0.        0.        0.        0.        0.        0.        0.        0.        0.        0.        0.        0.        0.        0.        0.        0.        0.        0.        0.7418693 0.        0.01      0.        0.        0.       ],[0. 0. 0. 0. 0. 0. 0. 0. 0. 0. 0. 0. 0. 0. 0. 0. 0. 0. 0. 0. 0. 0. 0. 0. 0. 1. 0. 1. 0. 0. 0.],500,100,0.3,0.002,1,9,idID,73,random
124,0.0010351970025270002,0.0010351970025270002,0.0035791595549000007,[0.        0.        0.        0.        0.        0.        0.        0.        0.        0.        0.        0.        0.        0.        0.        0.        0.        0.        0.        0.        0.        0.        0.        0.        0.        0.7418693 0.        0.01      0.        0.        0.       ],[0. 0. 0. 0. 0. 0. 0. 0. 0. 0. 0. 0. 0. 0. 0. 0. 0. 0. 0. 0. 0. 0. 0. 0. 0. 1. 0. 1. 0. 0. 0.],500,100,0.3,0.002,1,9,idID,73,random
125,0.0010351970025270002,0.0010351970025270002,0.0035791595549000007,[0.        0.        0.        0.        0.        0.        0.        0.        0.        0.        0.        0.        0.        0.        0.        0.        0.        0.        0.        0.        0.        0.        0.        0.        0.        0.7418693 0.        0.01      0.        0.        0.       ],[0. 0. 0. 0. 0. 0. 0. 0. 0. 0. 0. 0. 0. 0. 0. 0. 0. 0. 0. 0. 0. 0. 0. 0. 0. 1. 0. 1. 0. 0. 0.],500,100,0.3,0.002,1,9,idID,73,random
126,0.0010351970025270002,0.0010351970025270002,0.0035791595549000007,[0.        0.        0.        0.        0.        0.        0.        0.        0.        0.        0.        0.        0.        0.        0.        0.        0.        0.        0.        0.        0.        0.        0.        0.        0.        0.7418693 0.        0.01      0.        0.        0.       ],[0. 0. 0. 0. 0. 0. 0. 0. 0. 0. 0. 0. 0. 0. 0. 0. 0. 0. 0. 0. 0. 0. 0. 0. 0. 1. 0. 1. 0. 0. 0.],500,100,0.3,0.002,1,9,idID,73,random
127,0.0010351970025270002,0.0010351970025270002,0.0035791595549000007,[0.        0.        0.        0.        0.        0.        0.        0.        0.        0.        0.        0.        0.        0.        0.        0.        0.        0.        0.        0.        0.        0.        0.        0.        0.        0.7418693 0.        0.01      0.        0.        0.       ],[0. 0. 0. 0. 0. 0. 0. 0. 0. 0. 0. 0. 0. 0. 0. 0. 0. 0. 0. 0. 0. 0. 0. 0. 0. 1. 0. 1. 0. 0. 0.],500,100,0.3,0.002,1,9,idID,73,random
128,0.0010351970025270002,0.0010351970025270002,0.0035791595549000007,[0.        0.        0.        0.        0.        0.        0.        0.        0.        0.        0.        0.        0.        0.        0.        0.        0.        0.        0.        0.        0.        0.        0.        0.        0.        0.7418693 0.        0.01      0.        0.        0.       ],[0. 0. 0. 0. 0. 0. 0. 0. 0. 0. 0. 0. 0. 0. 0. 0. 0. 0. 0. 0. 0. 0. 0. 0. 0. 1. 0. 1. 0. 0. 0.],500,100,0.3,0.002,1,9,idID,73,random
129,0.0010351970025270002,0.0010351970025270002,0.0035791595549000007,[0.        0.        0.        0.        0.        0.        0.        0.        0.        0.        0.        0.        0.        0.        0.        0.        0.        0.        0.        0.        0.        0.        0.        0.        0.        0.7418693 0.        0.01      0.        0.        0.       ],[0. 0. 0. 0. 0. 0. 0. 0. 0. 0. 0. 0. 0. 0. 0. 0. 0. 0. 0. 0. 0. 0. 0. 0. 0. 1. 0. 1. 0. 0. 0.],500,100,0.3,0.002,1,9,idID,73,random
130,0.0010351970025270002,0.0010351970025270002,0.0035791595549000007,[0.        0.        0.        0.        0.        0.        0.        0.        0.        0.        0.        0.        0.        0.        0.        0.        0.        0.        0.        0.        0.        0.        0.        0.        0.        0.7418693 0.        0.01      0.        0.        0.       ],[0. 0. 0. 0. 0. 0. 0. 0. 0. 0. 0. 0. 0. 0. 0. 0. 0. 0. 0. 0. 0. 0. 0. 0. 0. 1. 0. 1. 0. 0. 0.],500,100,0.3,0.002,1,9,idID,73,random
131,0.0010351970025270002,0.0010351970025270002,0.0035791595549000007,[0.        0.        0.        0.        0.        0.        0.        0.        0.        0.        0.        0.        0.        0.        0.        0.        0.        0.        0.        0.        0.        0.        0.        0.        0.        0.7418693 0.        0.01      0.        0.        0.       ],[0. 0. 0. 0. 0. 0. 0. 0. 0. 0. 0. 0. 0. 0. 0. 0. 0. 0. 0. 0. 0. 0. 0. 0. 0. 1. 0. 1. 0. 0. 0.],500,100,0.3,0.002,1,9,idID,73,random
132,0.0010351970025270002,0.0010351970025270002,0.0035791595549000007,[0.        0.        0.        0.        0.        0.        0.        0.        0.        0.        0.        0.        0.        0.        0.        0.        0.        0.        0.        0.        0.        0.        0.        0.        0.        0.7418693 0.        0.01      0.        0.        0.       ],[0. 0. 0. 0. 0. 0. 0. 0. 0. 0. 0. 0. 0. 0. 0. 0. 0. 0. 0. 0. 0. 0. 0. 0. 0. 1. 0. 1. 0. 0. 0.],500,100,0.3,0.002,1,9,idID,73,random
133,0.0010351970025270002,0.0010351970025270002,0.0035791595549000007,[0.        0.        0.        0.        0.        0.        0.        0.        0.        0.        0.        0.        0.        0.        0.        0.        0.        0.        0.        0.        0.        0.        0.        0.        0.        0.7418693 0.        0.01      0.        0.        0.       ],[0. 0. 0. 0. 0. 0. 0. 0. 0. 0. 0. 0. 0. 0. 0. 0. 0. 0. 0. 0. 0. 0. 0. 0. 0. 1. 0. 1. 0. 0. 0.],500,100,0.3,0.002,1,9,idID,73,random
134,0.0010351970025270002,0.0010351970025270002,0.0035791595549000007,[0.        0.        0.        0.        0.        0.        0.        0.        0.        0.        0.        0.        0.        0.        0.        0.        0.        0.        0.        0.        0.        0.        0.        0.        0.        0.7418693 0.        0.01      0.        0.        0.       ],[0. 0. 0. 0. 0. 0. 0. 0. 0. 0. 0. 0. 0. 0. 0. 0. 0. 0. 0. 0. 0. 0. 0. 0. 0. 1. 0. 1. 0. 0. 0.],500,100,0.3,0.002,1,9,idID,73,random
135,0.0010351970025270002,0.0010351970025270002,0.0035791595549000007,[0.        0.        0.        0.        0.        0.        0.        0.        0.        0.        0.        0.        0.        0.        0.        0.        0.        0.        0.        0.        0.        0.        0.        0.        0.        0.7418693 0.        0.01      0.        0.        0.       ],[0. 0. 0. 0. 0. 0. 0. 0. 0. 0. 0. 0. 0. 0. 0. 0. 0. 0. 0. 0. 0. 0. 0. 0. 0. 1. 0. 1. 0. 0. 0.],500,100,0.3,0.002,1,9,idID,73,random
136,0.0010351970025270002,0.0010351970025270002,0.0035791595549000007,[0.        0.        0.        0.        0.        0.        0.        0.        0.        0.        0.        0.        0.        0.        0.        0.        0.        0.        0.        0.        0.        0.        0.        0.        0.        0.7418693 0.        0.01      0.        0.        0.       ],[0. 0. 0. 0. 0. 0. 0. 0. 0. 0. 0. 0. 0. 0. 0. 0. 0. 0. 0. 0. 0. 0. 0. 0. 0. 1. 0. 1. 0. 0. 0.],500,100,0.3,0.002,1,9,idID,73,random
137,0.0010351970025270002,0.0010351970025270002,0.0035791595549000007,[0.        0.        0.        0.        0.        0.        0.        0.        0.        0.        0.        0.        0.        0.        0.        0.        0.        0.        0.        0.        0.        0.        0.        0.        0.        0.7418693 0.        0.01      0.        0.        0.       ],[0. 0. 0. 0. 0. 0. 0. 0. 0. 0. 0. 0. 0. 0. 0. 0. 0. 0. 0. 0. 0. 0. 0. 0. 0. 1. 0. 1. 0. 0. 0.],500,100,0.3,0.002,1,9,idID,73,random
138,0.0010351970025270002,0.0010351970025270002,0.0035791595549000007,[0.        0.        0.        0.        0.        0.        0.        0.        0.        0.        0.        0.        0.        0.        0.        0.        0.        0.        0.        0.        0.        0.        0.        0.        0.        0.7418693 0.        0.01      0.        0.        0.       ],[0. 0. 0. 0. 0. 0. 0. 0. 0. 0. 0. 0. 0. 0. 0. 0. 0. 0. 0. 0. 0. 0. 0. 0. 0. 1. 0. 1. 0. 0. 0.],500,100,0.3,0.002,1,9,idID,73,random
139,0.0010351970025270002,0.0010351970025270002,0.0035791595549000007,[0.        0.        0.        0.        0.        0.        0.        0.        0.        0.        0.        0.        0.        0.        0.        0.        0.        0.        0.        0.        0.        0.        0.        0.        0.        0.7418693 0.        0.01      0.        0.        0.       ],[0. 0. 0. 0. 0. 0. 0. 0. 0. 0. 0. 0. 0. 0. 0. 0. 0. 0. 0. 0. 0. 0. 0. 0. 0. 1. 0. 1. 0. 0. 0.],500,100,0.3,0.002,1,9,idID,73,random
140,0.0010351970025270002,0.0010351970025270002,0.0035791595549000007,[0.        0.        0.        0.        0.        0.        0.        0.        0.        0.        0.        0.        0.        0.        0.        0.        0.        0.        0.        0.        0.        0.        0.        0.        0.        0.7418693 0.        0.01      0.        0.        0.       ],[0. 0. 0. 0. 0. 0. 0. 0. 0. 0. 0. 0. 0. 0. 0. 0. 0. 0. 0. 0. 0. 0. 0. 0. 0. 1. 0. 1. 0. 0. 0.],500,100,0.3,0.002,1,9,idID,73,random
141,0.0010351970025270002,0.0010351970025270002,0.0035791595549000007,[0.        0.        0.        0.        0.        0.        0.        0.        0.        0.        0.        0.        0.        0.        0.        0.        0.        0.        0.        0.        0.        0.        0.        0.        0.        0.7418693 0.        0.01      0.        0.        0.       ],[0. 0. 0. 0. 0. 0. 0. 0. 0. 0. 0. 0. 0. 0. 0. 0. 0. 0. 0. 0. 0. 0. 0. 0. 0. 1. 0. 1. 0. 0. 0.],500,100,0.3,0.002,1,9,idID,73,random
142,0.0010351970025270002,0.0010351970025270002,0.0035791595549000007,[0.        0.        0.        0.        0.        0.        0.        0.        0.        0.        0.        0.        0.        0.        0.        0.        0.        0.        0.        0.        0.        0.        0.        0.        0.        0.7418693 0.        0.01      0.        0.        0.       ],[0. 0. 0. 0. 0. 0. 0. 0. 0. 0. 0. 0. 0. 0. 0. 0. 0. 0. 0. 0. 0. 0. 0. 0. 0. 1. 0. 1. 0. 0. 0.],500,100,0.3,0.002,1,9,idID,73,random
143,0.0010351970025270002,0.0010351970025270002,0.0035791595549000007,[0.        0.        0.        0.        0.        0.        0.        0.        0.        0.        0.        0.        0.        0.        0.        0.        0.        0.        0.        0.        0.        0.        0.        0.        0.        0.7418693 0.        0.01      0.        0.        0.       ],[0. 0. 0. 0. 0. 0. 0. 0. 0. 0. 0. 0. 0. 0. 0. 0. 0. 0. 0. 0. 0. 0. 0. 0. 0. 1. 0. 1. 0. 0. 0.],500,100,0.3,0.002,1,9,idID,73,random
144,0.0010351970025270002,0.0010351970025270002,0.0035791595549000007,[0.        0.        0.        0.        0.        0.        0.        0.        0.        0.        0.        0.        0.        0.        0.        0.        0.        0.        0.        0.        0.        0.        0.        0.        0.        0.7418693 0.        0.01      0.        0.        0.       ],[0. 0. 0. 0. 0. 0. 0. 0. 0. 0. 0. 0. 0. 0. 0. 0. 0. 0. 0. 0. 0. 0. 0. 0. 0. 1. 0. 1. 0. 0. 0.],500,100,0.3,0.002,1,9,idID,73,random
145,0.0010351970025270002,0.0010351970025270002,0.0035791595549000007,[0.        0.        0.        0.        0.        0.        0.        0.        0.        0.        0.        0.        0.        0.        0.        0.        0.        0.        0.        0.        0.        0.        0.        0.        0.        0.7418693 0.        0.01      0.        0.        0.       ],[0. 0. 0. 0. 0. 0. 0. 0. 0. 0. 0. 0. 0. 0. 0. 0. 0. 0. 0. 0. 0. 0. 0. 0. 0. 1. 0. 1. 0. 0. 0.],500,100,0.3,0.002,1,9,idID,73,random
146,0.0010351970025270002,0.0010351970025270002,0.0035791595549000007,[0.        0.        0.        0.        0.        0.        0.        0.        0.        0.        0.        0.        0.        0.        0.        0.        0.        0.        0.        0.        0.        0.        0.        0.        0.        0.7418693 0.        0.01      0.        0.        0.       ],[0. 0. 0. 0. 0. 0. 0. 0. 0. 0. 0. 0. 0. 0. 0. 0. 0. 0. 0. 0. 0. 0. 0. 0. 0. 1. 0. 1. 0. 0. 0.],500,100,0.3,0.002,1,9,idID,73,random
147,0.0010351970025270002,0.0010351970025270002,0.0035791595549000007,[0.        0.        0.        0.        0.        0.        0.        0.        0.        0.        0.        0.        0.        0.        0.        0.        0.        0.        0.        0.        0.        0.        0.        0.        0.        0.7418693 0.        0.01      0.        0.        0.       ],[0. 0. 0. 0. 0. 0. 0. 0. 0. 0. 0. 0. 0. 0. 0. 0. 0. 0. 0. 0. 0. 0. 0. 0. 0. 1. 0. 1. 0. 0. 0.],500,100,0.3,0.002,1,9,idID,73,random
148,0.0010351970025270002,0.0010351970025270002,0.0035791595549000007,[0.        0.        0.        0.        0.        0.        0.        0.        0.        0.        0.        0.        0.        0.        0.        0.        0.        0.        0.        0.        0.        0.        0.        0.        0.        0.7418693 0.        0.01      0.        0.        0.       ],[0. 0. 0. 0. 0. 0. 0. 0. 0. 0. 0. 0. 0. 0. 0. 0. 0. 0. 0. 0. 0. 0. 0. 0. 0. 1. 0. 1. 0. 0. 0.],500,100,0.3,0.002,1,9,idID,73,random
149,0.0010351970025270002,0.0010351970025270002,0.0035791595549000007,[0.        0.        0.        0.        0.        0.        0.        0.        0.        0.        0.        0.        0.        0.        0.        0.        0.        0.        0.        0.        0.        0.        0.        0.        0.        0.7418693 0.        0.01      0.        0.        0.       ],[0. 0. 0. 0. 0. 0. 0. 0. 0. 0. 0. 0. 0. 0. 0. 0. 0. 0. 0. 0. 0. 0. 0. 0. 0. 1. 0. 1. 0. 0. 0.],500,100,0.3,0.002,1,9,idID,73,random
150,0.0010351970025270002,0.0010351970025270002,0.0035791595549000007,[0.        0.        0.        0.        0.        0.        0.        0.        0.        0.        0.        0.        0.        0.        0.        0.        0.        0.        0.        0.        0.        0.        0.        0.        0.        0.7418693 0.        0.01      0.        0.        0.       ],[0. 0. 0. 0. 0. 0. 0. 0. 0. 0. 0. 0. 0. 0. 0. 0. 0. 0. 0. 0. 0. 0. 0. 0. 0. 1. 0. 1. 0. 0. 0.],500,100,0.3,0.002,1,9,idID,73,random
151,0.0010351970025270002,0.0010351970025270002,0.0035791595549000007,[0.        0.        0.        0.        0.        0.        0.        0.        0.        0.        0.        0.        0.        0.        0.        0.        0.        0.        0.        0.        0.        0.        0.        0.        0.        0.7418693 0.        0.01      0.        0.        0.       ],[0. 0. 0. 0. 0. 0. 0. 0. 0. 0. 0. 0. 0. 0. 0. 0. 0. 0. 0. 0. 0. 0. 0. 0. 0. 1. 0. 1. 0. 0. 0.],500,100,0.3,0.002,1,9,idID,73,random
152,0.0010351970025270002,0.0010351970025270002,0.0035791595549000007,[0.        0.        0.        0.        0.        0.        0.        0.        0.        0.        0.        0.        0.        0.        0.        0.        0.        0.        0.        0.        0.        0.        0.        0.        0.        0.7418693 0.        0.01      0.        0.        0.       ],[0. 0. 0. 0. 0. 0. 0. 0. 0. 0. 0. 0. 0. 0. 0. 0. 0. 0. 0. 0. 0. 0. 0. 0. 0. 1. 0. 1. 0. 0. 0.],500,100,0.3,0.002,1,9,idID,73,random
153,0.0010351970025270002,0.0010351970025270002,0.0035791595549000007,[0.        0.        0.        0.        0.        0.        0.        0.        0.        0.        0.        0.        0.        0.        0.        0.        0.        0.        0.        0.        0.        0.        0.        0.        0.        0.7418693 0.        0.01      0.        0.        0.       ],[0. 0. 0. 0. 0. 0. 0. 0. 0. 0. 0. 0. 0. 0. 0. 0. 0. 0. 0. 0. 0. 0. 0. 0. 0. 1. 0. 1. 0. 0. 0.],500,100,0.3,0.002,1,9,idID,73,random
154,0.0010351970025270002,0.0010351970025270002,0.0035791595549000007,[0.        0.        0.        0.        0.        0.        0.        0.        0.        0.        0.        0.        0.        0.        0.        0.        0.        0.        0.        0.        0.        0.        0.        0.        0.        0.7418693 0.        0.01      0.        0.        0.       ],[0. 0. 0. 0. 0. 0. 0. 0. 0. 0. 0. 0. 0. 0. 0. 0. 0. 0. 0. 0. 0. 0. 0. 0. 0. 1. 0. 1. 0. 0. 0.],500,100,0.3,0.002,1,9,idID,73,random
155,0.0010351970025270002,0.0010351970025270002,0.0035791595549000007,[0.        0.        0.        0.        0.        0.        0.        0.        0.        0.        0.        0.        0.        0.        0.        0.        0.        0.        0.        0.        0.        0.        0.        0.        0.        0.7418693 0.        0.01      0.        0.        0.       ],[0. 0. 0. 0. 0. 0. 0. 0. 0. 0. 0. 0. 0. 0. 0. 0. 0. 0. 0. 0. 0. 0. 0. 0. 0. 1. 0. 1. 0. 0. 0.],500,100,0.3,0.002,1,9,idID,73,random
156,0.0010351970025270002,0.0010351970025270002,0.0035791595549000007,[0.        0.        0.        0.        0.        0.        0.        0.        0.        0.        0.        0.        0.        0.        0.        0.        0.        0.        0.        0.        0.        0.        0.        0.        0.        0.7418693 0.        0.01      0.        0.        0.       ],[0. 0. 0. 0. 0. 0. 0. 0. 0. 0. 0. 0. 0. 0. 0. 0. 0. 0. 0. 0. 0. 0. 0. 0. 0. 1. 0. 1. 0. 0. 0.],500,100,0.3,0.002,1,9,idID,73,random
157,0.0010351970025270002,0.0010351970025270002,0.0035791595549000007,[0.        0.        0.        0.        0.        0.        0.        0.        0.        0.        0.        0.        0.        0.        0.        0.        0.        0.        0.        0.        0.        0.        0.        0.        0.        0.7418693 0.        0.01      0.        0.        0.       ],[0. 0. 0. 0. 0. 0. 0. 0. 0. 0. 0. 0. 0. 0. 0. 0. 0. 0. 0. 0. 0. 0. 0. 0. 0. 1. 0. 1. 0. 0. 0.],500,100,0.3,0.002,1,9,idID,73,random
158,0.0010351970025270002,0.0010351970025270002,0.0035791595549000007,[0.        0.        0.        0.        0.        0.        0.        0.        0.        0.        0.        0.        0.        0.        0.        0.        0.        0.        0.        0.        0.        0.        0.        0.        0.        0.7418693 0.        0.01      0.        0.        0.       ],[0. 0. 0. 0. 0. 0. 0. 0. 0. 0. 0. 0. 0. 0. 0. 0. 0. 0. 0. 0. 0. 0. 0. 0. 0. 1. 0. 1. 0. 0. 0.],500,100,0.3,0.002,1,9,idID,73,random
159,0.0010351970025270002,0.0010351970025270002,0.0035791595549000007,[0.        0.        0.        0.        0.        0.        0.        0.        0.        0.        0.        0.        0.        0.        0.        0.        0.        0.        0.        0.        0.        0.        0.        0.        0.        0.7418693 0.        0.01      0.        0.        0.       ],[0. 0. 0. 0. 0. 0. 0. 0. 0. 0. 0. 0. 0. 0. 0. 0. 0. 0. 0. 0. 0. 0. 0. 0. 0. 1. 0. 1. 0. 0. 0.],500,100,0.3,0.002,1,9,idID,73,random
160,0.0010351970025270002,0.0010351970025270002,0.0035791595549000007,[0.        0.        0.        0.        0.        0.        0.        0.        0.        0.        0.        0.        0.        0.        0.        0.        0.        0.        0.        0.        0.        0.        0.        0.        0.        0.7418693 0.        0.01      0.        0.        0.       ],[0. 0. 0. 0. 0. 0. 0. 0. 0. 0. 0. 0. 0. 0. 0. 0. 0. 0. 0. 0. 0. 0. 0. 0. 0. 1. 0. 1. 0. 0. 0.],500,100,0.3,0.002,1,9,idID,73,random
161,0.0010351970025270002,0.0010351970025270002,0.0035791595549000007,[0.        0.        0.        0.        0.        0.        0.        0.        0.        0.        0.        0.        0.        0.        0.        0.        0.        0.        0.        0.        0.        0.        0.        0.        0.        0.7418693 0.        0.01      0.        0.        0.       ],[0. 0. 0. 0. 0. 0. 0. 0. 0. 0. 0. 0. 0. 0. 0. 0. 0. 0. 0. 0. 0. 0. 0. 0. 0. 1. 0. 1. 0. 0. 0.],500,100,0.3,0.002,1,9,idID,73,random
162,0.0010351970025270002,0.0010351970025270002,0.0035791595549000007,[0.        0.        0.        0.        0.        0.        0.        0.        0.        0.        0.        0.        0.        0.        0.        0.        0.        0.        0.        0.        0.        0.        0.        0.        0.        0.7418693 0.        0.01      0.        0.        0.       ],[0. 0. 0. 0. 0. 0. 0. 0. 0. 0. 0. 0. 0. 0. 0. 0. 0. 0. 0. 0. 0. 0. 0. 0. 0. 1. 0. 1. 0. 0. 0.],500,100,0.3,0.002,1,9,idID,73,random
163,0.0010351970025270002,0.0010351970025270002,0.0035791595549000007,[0.        0.        0.        0.        0.        0.        0.        0.        0.        0.        0.        0.        0.        0.        0.        0.        0.        0.        0.        0.        0.        0.        0.        0.        0.        0.7418693 0.        0.01      0.        0.        0.       ],[0. 0. 0. 0. 0. 0. 0. 0. 0. 0. 0. 0. 0. 0. 0. 0. 0. 0. 0. 0. 0. 0. 0. 0. 0. 1. 0. 1. 0. 0. 0.],500,100,0.3,0.002,1,9,idID,73,random
164,0.0010351970025270002,0.0010351970025270002,0.0035791595549000007,[0.        0.        0.        0.        0.        0.        0.        0.        0.        0.        0.        0.        0.        0.        0.        0.        0.        0.        0.        0.        0.        0.        0.        0.        0.        0.7418693 0.        0.01      0.        0.        0.       ],[0. 0. 0. 0. 0. 0. 0. 0. 0. 0. 0. 0. 0. 0. 0. 0. 0. 0. 0. 0. 0. 0. 0. 0. 0. 1. 0. 1. 0. 0. 0.],500,100,0.3,0.002,1,9,idID,73,random
165,0.0010351970025270002,0.0010351970025270002,0.0035791595549000007,[0.        0.        0.        0.        0.        0.        0.        0.        0.        0.        0.        0.        0.        0.        0.        0.        0.        0.        0.        0.        0.        0.        0.        0.        0.        0.7418693 0.        0.01      0.        0.        0.       ],[0. 0. 0. 0. 0. 0. 0. 0. 0. 0. 0. 0. 0. 0. 0. 0. 0. 0. 0. 0. 0. 0. 0. 0. 0. 1. 0. 1. 0. 0. 0.],500,100,0.3,0.002,1,9,idID,73,random
166,0.0010351970025270002,0.0010351970025270002,0.0035791595549000007,[0.        0.        0.        0.        0.        0.        0.        0.        0.        0.        0.        0.        0.        0.        0.        0.        0.        0.        0.        0.        0.        0.        0.        0.        0.        0.7418693 0.        0.01      0.        0.        0.       ],[0. 0. 0. 0. 0. 0. 0. 0. 0. 0. 0. 0. 0. 0. 0. 0. 0. 0. 0. 0. 0. 0. 0. 0. 0. 1. 0. 1. 0. 0. 0.],500,100,0.3,0.002,1,9,idID,73,random
167,0.0010351970025270002,0.0010351970025270002,0.0035791595549000007,[0.        0.        0.        0.        0.        0.        0.        0.        0.        0.        0.        0.        0.        0.        0.        0.        0.        0.        0.        0.        0.        0.        0.        0.        0.        0.7418693 0.        0.01      0.        0.        0.       ],[0. 0. 0. 0. 0. 0. 0. 0. 0. 0. 0. 0. 0. 0. 0. 0. 0. 0. 0. 0. 0. 0. 0. 0. 0. 1. 0. 1. 0. 0. 0.],500,100,0.3,0.002,1,9,idID,73,random
168,0.0010351970025270002,0.0010351970025270002,0.0035791595549000007,[0.        0.        0.        0.        0.        0.        0.        0.        0.        0.        0.        0.        0.        0.        0.        0.        0.        0.        0.        0.        0.        0.        0.        0.        0.        0.7418693 0.        0.01      0.        0.        0.       ],[0. 0. 0. 0. 0. 0. 0. 0. 0. 0. 0. 0. 0. 0. 0. 0. 0. 0. 0. 0. 0. 0. 0. 0. 0. 1. 0. 1. 0. 0. 0.],500,100,0.3,0.002,1,9,idID,73,random
169,0.0010351970025270002,0.0010351970025270002,0.0035791595549000007,[0.        0.        0.        0.        0.        0.        0.        0.        0.        0.        0.        0.        0.        0.        0.        0.        0.        0.        0.        0.        0.        0.        0.        0.        0.        0.7418693 0.        0.01      0.        0.        0.       ],[0. 0. 0. 0. 0. 0. 0. 0. 0. 0. 0. 0. 0. 0. 0. 0. 0. 0. 0. 0. 0. 0. 0. 0. 0. 1. 0. 1. 0. 0. 0.],500,100,0.3,0.002,1,9,idID,73,random
170,0.0010351970025270002,0.0010351970025270002,0.0035791595549000007,[0.        0.        0.        0.        0.        0.        0.        0.        0.        0.        0.        0.        0.        0.        0.        0.        0.        0.        0.        0.        0.        0.        0.        0.        0.        0.7418693 0.        0.01      0.        0.        0.       ],[0. 0. 0. 0. 0. 0. 0. 0. 0. 0. 0. 0. 0. 0. 0. 0. 0. 0. 0. 0. 0. 0. 0. 0. 0. 1. 0. 1. 0. 0. 0.],500,100,0.3,0.002,1,9,idID,73,random
171,0.0010351970025270002,0.0010351970025270002,0.0035791595549000007,[0.        0.        0.        0.        0.        0.        0.        0.        0.        0.        0.        0.        0.        0.        0.        0.        0.        0.        0.        0.        0.        0.        0.        0.        0.        0.7418693 0.        0.01      0.        0.        0.       ],[0. 0. 0. 0. 0. 0. 0. 0. 0. 0. 0. 0. 0. 0. 0. 0. 0. 0. 0. 0. 0. 0. 0. 0. 0. 1. 0. 1. 0. 0. 0.],500,100,0.3,0.002,1,9,idID,73,random
172,0.0010351970025270002,0.0010351970025270002,0.0035791595549000007,[0.        0.        0.        0.        0.        0.        0.        0.        0.        0.        0.        0.        0.        0.        0.        0.        0.        0.        0.        0.        0.        0.        0.        0.        0.        0.7418693 0.        0.01      0.        0.        0.       ],[0. 0. 0. 0. 0. 0. 0. 0. 0. 0. 0. 0. 0. 0. 0. 0. 0. 0. 0. 0. 0. 0. 0. 0. 0. 1. 0. 1. 0. 0. 0.],500,100,0.3,0.002,1,9,idID,73,random
173,0.0010351970025270002,0.0010351970025270002,0.0035791595549000007,[0.        0.        0.        0.        0.        0.        0.        0.        0.        0.        0.        0.        0.        0.        0.        0.        0.        0.        0.        0.        0.        0.        0.        0.        0.        0.7418693 0.        0.01      0.        0.        0.       ],[0. 0. 0. 0. 0. 0. 0. 0. 0. 0. 0. 0. 0. 0. 0. 0. 0. 0. 0. 0. 0. 0. 0. 0. 0. 1. 0. 1. 0. 0. 0.],500,100,0.3,0.002,1,9,idID,73,random
174,0.0010351970025270002,0.0010351970025270002,0.0035791595549000007,[0.        0.        0.        0.        0.        0.        0.        0.        0.        0.        0.        0.        0.        0.        0.        0.        0.        0.        0.        0.        0.        0.        0.        0.        0.        0.7418693 0.        0.01      0.        0.        0.       ],[0. 0. 0. 0. 0. 0. 0. 0. 0. 0. 0. 0. 0. 0. 0. 0. 0. 0. 0. 0. 0. 0. 0. 0. 0. 1. 0. 1. 0. 0. 0.],500,100,0.3,0.002,1,9,idID,73,random
175,0.0010351970025270002,0.0010351970025270002,0.0035791595549000007,[0.        0.        0.        0.        0.        0.        0.        0.        0.        0.        0.        0.        0.        0.        0.        0.        0.        0.        0.        0.        0.        0.        0.        0.        0.        0.7418693 0.        0.01      0.        0.        0.       ],[0. 0. 0. 0. 0. 0. 0. 0. 0. 0. 0. 0. 0. 0. 0. 0. 0. 0. 0. 0. 0. 0. 0. 0. 0. 1. 0. 1. 0. 0. 0.],500,100,0.3,0.002,1,9,idID,73,random
176,0.0010351970025270002,0.0010351970025270002,0.0035791595549000007,[0.        0.        0.        0.        0.        0.        0.        0.        0.        0.        0.        0.        0.        0.        0.        0.        0.        0.        0.        0.        0.        0.        0.        0.        0.        0.7418693 0.        0.01      0.        0.        0.       ],[0. 0. 0. 0. 0. 0. 0. 0. 0. 0. 0. 0. 0. 0. 0. 0. 0. 0. 0. 0. 0. 0. 0. 0. 0. 1. 0. 1. 0. 0. 0.],500,100,0.3,0.002,1,9,idID,73,random
177,0.0010351970025270002,0.0010351970025270002,0.0035791595549000007,[0.        0.        0.        0.        0.        0.        0.        0.        0.        0.        0.        0.        0.        0.        0.        0.        0.        0.        0.        0.        0.        0.        0.        0.        0.        0.7418693 0.        0.01      0.        0.        0.       ],[0. 0. 0. 0. 0. 0. 0. 0. 0. 0. 0. 0. 0. 0. 0. 0. 0. 0. 0. 0. 0. 0. 0. 0. 0. 1. 0. 1. 0. 0. 0.],500,100,0.3,0.002,1,9,idID,73,random
178,0.0010351970025270002,0.0010351970025270002,0.0035791595549000007,[0.        0.        0.        0.        0.        0.        0.        0.        0.        0.        0.        0.        0.        0.        0.        0.        0.        0.        0.        0.        0.        0.        0.        0.        0.        0.7418693 0.        0.01      0.        0.        0.       ],[0. 0. 0. 0. 0. 0. 0. 0. 0. 0. 0. 0. 0. 0. 0. 0. 0. 0. 0. 0. 0. 0. 0. 0. 0. 1. 0. 1. 0. 0. 0.],500,100,0.3,0.002,1,9,idID,73,random
179,0.0010351970025270002,0.0010351970025270002,0.0035791595549000007,[0.        0.        0.        0.        0.        0.        0.        0.        0.        0.        0.        0.        0.        0.        0.        0.        0.        0.        0.        0.        0.        0.        0.        0.        0.        0.7418693 0.        0.01      0.        0.        0.       ],[0. 0. 0. 0. 0. 0. 0. 0. 0. 0. 0. 0. 0. 0. 0. 0. 0. 0. 0. 0. 0. 0. 0. 0. 0. 1. 0. 1. 0. 0. 0.],500,100,0.3,0.002,1,9,idID,73,random
180,0.0010351970025270002,0.0010351970025270002,0.0035791595549000007,[0.        0.        0.        0.        0.        0.        0.        0.        0.        0.        0.        0.        0.        0.        0.        0.        0.        0.        0.        0.        0.        0.        0.        0.        0.        0.7418693 0.        0.01      0.        0.        0.       ],[0. 0. 0. 0. 0. 0. 0. 0. 0. 0. 0. 0. 0. 0. 0. 0. 0. 0. 0. 0. 0. 0. 0. 0. 0. 1. 0. 1. 0. 0. 0.],500,100,0.3,0.002,1,9,idID,73,random
181,0.0010351970025270002,0.0010351970025270002,0.0035791595549000007,[0.        0.        0.        0.        0.        0.        0.        0.        0.        0.        0.        0.        0.        0.        0.        0.        0.        0.        0.        0.        0.        0.        0.        0.        0.        0.7418693 0.        0.01      0.        0.        0.       ],[0. 0. 0. 0. 0. 0. 0. 0. 0. 0. 0. 0. 0. 0. 0. 0. 0. 0. 0. 0. 0. 0. 0. 0. 0. 1. 0. 1. 0. 0. 0.],500,100,0.3,0.002,1,9,idID,73,random
182,0.0010351970025270002,0.0010351970025270002,0.0035791595549000007,[0.        0.        0.        0.        0.        0.        0.        0.        0.        0.        0.        0.        0.        0.        0.        0.        0.        0.        0.        0.        0.        0.        0.        0.        0.        0.7418693 0.        0.01      0.        0.        0.       ],[0. 0. 0. 0. 0. 0. 0. 0. 0. 0. 0. 0. 0. 0. 0. 0. 0. 0. 0. 0. 0. 0. 0. 0. 0. 1. 0. 1. 0. 0. 0.],500,100,0.3,0.002,1,9,idID,73,random
183,0.0010351970025270002,0.0010351970025270002,0.0035791595549000007,[0.        0.        0.        0.        0.        0.        0.        0.        0.        0.        0.        0.        0.        0.        0.        0.        0.        0.        0.        0.        0.        0.        0.        0.        0.        0.7418693 0.        0.01      0.        0.        0.       ],[0. 0. 0. 0. 0. 0. 0. 0. 0. 0. 0. 0. 0. 0. 0. 0. 0. 0. 0. 0. 0. 0. 0. 0. 0. 1. 0. 1. 0. 0. 0.],500,100,0.3,0.002,1,9,idID,73,random
184,0.0010351970025270002,0.0010351970025270002,0.0035791595549000007,[0.        0.        0.        0.        0.        0.        0.        0.        0.        0.        0.        0.        0.        0.        0.        0.        0.        0.        0.        0.        0.        0.        0.        0.        0.        0.7418693 0.        0.01      0.        0.        0.       ],[0. 0. 0. 0. 0. 0. 0. 0. 0. 0. 0. 0. 0. 0. 0. 0. 0. 0. 0. 0. 0. 0. 0. 0. 0. 1. 0. 1. 0. 0. 0.],500,100,0.3,0.002,1,9,idID,73,random
185,0.0010351970025270002,0.0010351970025270002,0.0035791595549000007,[0.        0.        0.        0.        0.        0.        0.        0.        0.        0.        0.        0.        0.        0.        0.        0.        0.        0.        0.        0.        0.        0.        0.        0.        0.        0.7418693 0.        0.01      0.        0.        0.       ],[0. 0. 0. 0. 0. 0. 0. 0. 0. 0. 0. 0. 0. 0. 0. 0. 0. 0. 0. 0. 0. 0. 0. 0. 0. 1. 0. 1. 0. 0. 0.],500,100,0.3,0.002,1,9,idID,73,random
186,0.0010351970025270002,0.0010351970025270002,0.0035791595549000007,[0.        0.        0.        0.        0.        0.        0.        0.        0.        0.        0.        0.        0.        0.        0.        0.        0.        0.        0.        0.        0.        0.        0.        0.        0.        0.7418693 0.        0.01      0.        0.        0.       ],[0. 0. 0. 0. 0. 0. 0. 0. 0. 0. 0. 0. 0. 0. 0. 0. 0. 0. 0. 0. 0. 0. 0. 0. 0. 1. 0. 1. 0. 0. 0.],500,100,0.3,0.002,1,9,idID,73,random
187,0.0010351970025270002,0.0010351970025270002,0.0035791595549000007,[0.        0.        0.        0.        0.        0.        0.        0.        0.        0.        0.        0.        0.        0.        0.        0.        0.        0.        0.        0.        0.        0.        0.        0.        0.        0.7418693 0.        0.01      0.        0.        0.       ],[0. 0. 0. 0. 0. 0. 0. 0. 0. 0. 0. 0. 0. 0. 0. 0. 0. 0. 0. 0. 0. 0. 0. 0. 0. 1. 0. 1. 0. 0. 0.],500,100,0.3,0.002,1,9,idID,73,random
188,0.0010351970025270002,0.0010351970025270002,0.0035791595549000007,[0.        0.        0.        0.        0.        0.        0.        0.        0.        0.        0.        0.        0.        0.        0.        0.        0.        0.        0.        0.        0.        0.        0.        0.        0.        0.7418693 0.        0.01      0.        0.        0.       ],[0. 0. 0. 0. 0. 0. 0. 0. 0. 0. 0. 0. 0. 0. 0. 0. 0. 0. 0. 0. 0. 0. 0. 0. 0. 1. 0. 1. 0. 0. 0.],500,100,0.3,0.002,1,9,idID,73,random
189,0.0010351970025270002,0.0010351970025270002,0.0035791595549000007,[0.        0.        0.        0.        0.        0.        0.        0.        0.        0.        0.        0.        0.        0.        0.        0.        0.        0.        0.        0.        0.        0.        0.        0.        0.        0.7418693 0.        0.01      0.        0.        0.       ],[0. 0. 0. 0. 0. 0. 0. 0. 0. 0. 0. 0. 0. 0. 0. 0. 0. 0. 0. 0. 0. 0. 0. 0. 0. 1. 0. 1. 0. 0. 0.],500,100,0.3,0.002,1,9,idID,73,random
190,0.0010351970025270002,0.0010351970025270002,0.0035791595549000007,[0.        0.        0.        0.        0.        0.        0.        0.        0.        0.        0.        0.        0.        0.        0.        0.        0.        0.        0.        0.        0.        0.        0.        0.        0.        0.7418693 0.        0.01      0.        0.        0.       ],[0. 0. 0. 0. 0. 0. 0. 0. 0. 0. 0. 0. 0. 0. 0. 0. 0. 0. 0. 0. 0. 0. 0. 0. 0. 1. 0. 1. 0. 0. 0.],500,100,0.3,0.002,1,9,idID,73,random
191,0.0010351970025270002,0.0010351970025270002,0.0035791595549000007,[0.        0.        0.        0.        0.        0.        0.        0.        0.        0.        0.        0.        0.        0.        0.        0.        0.        0.        0.        0.        0.        0.        0.        0.        0.        0.7418693 0.        0.01      0.        0.        0.       ],[0. 0. 0. 0. 0. 0. 0. 0. 0. 0. 0. 0. 0. 0. 0. 0. 0. 0. 0. 0. 0. 0. 0. 0. 0. 1. 0. 1. 0. 0. 0.],500,100,0.3,0.002,1,9,idID,73,random
192,0.0010351970025270002,0.0010351970025270002,0.0035791595549000007,[0.        0.        0.        0.        0.        0.        0.        0.        0.        0.        0.        0.        0.        0.        0.        0.        0.        0.        0.        0.        0.        0.        0.        0.        0.        0.7418693 0.        0.01      0.        0.        0.       ],[0. 0. 0. 0. 0. 0. 0. 0. 0. 0. 0. 0. 0. 0. 0. 0. 0. 0. 0. 0. 0. 0. 0. 0. 0. 1. 0. 1. 0. 0. 0.],500,100,0.3,0.002,1,9,idID,73,random
193,0.0010351970025270002,0.0010351970025270002,0.0035791595549000007,[0.        0.        0.        0.        0.        0.        0.        0.        0.        0.        0.        0.        0.        0.        0.        0.        0.        0.        0.        0.        0.        0.        0.        0.        0.        0.7418693 0.        0.01      0.        0.        0.       ],[0. 0. 0. 0. 0. 0. 0. 0. 0. 0. 0. 0. 0. 0. 0. 0. 0. 0. 0. 0. 0. 0. 0. 0. 0. 1. 0. 1. 0. 0. 0.],500,100,0.3,0.002,1,9,idID,73,random
194,0.0010351970025270002,0.0010351970025270002,0.0035791595549000007,[0.        0.        0.        0.        0.        0.        0.        0.        0.        0.        0.        0.        0.        0.        0.        0.        0.        0.        0.        0.        0.        0.        0.        0.        0.        0.7418693 0.        0.01      0.        0.        0.       ],[0. 0. 0. 0. 0. 0. 0. 0. 0. 0. 0. 0. 0. 0. 0. 0. 0. 0. 0. 0. 0. 0. 0. 0. 0. 1. 0. 1. 0. 0. 0.],500,100,0.3,0.002,1,9,idID,73,random
195,0.0010351970025270002,0.0010351970025270002,0.0035791595549000007,[0.        0.        0.        0.        0.        0.        0.        0.        0.        0.        0.        0.        0.        0.        0.        0.        0.        0.        0.        0.        0.        0.        0.        0.        0.        0.7418693 0.        0.01      0.        0.        0.       ],[0. 0. 0. 0. 0. 0. 0. 0. 0. 0. 0. 0. 0. 0. 0. 0. 0. 0. 0. 0. 0. 0. 0. 0. 0. 1. 0. 1. 0. 0. 0.],500,100,0.3,0.002,1,9,idID,73,random
196,0.0010351970025270002,0.0010351970025270002,0.0035791595549000007,[0.        0.        0.        0.        0.        0.        0.        0.        0.        0.        0.        0.        0.        0.        0.        0.        0.        0.        0.        0.        0.        0.        0.        0.        0.        0.7418693 0.        0.01      0.        0.        0.       ],[0. 0. 0. 0. 0. 0. 0. 0. 0. 0. 0. 0. 0. 0. 0. 0. 0. 0. 0. 0. 0. 0. 0. 0. 0. 1. 0. 1. 0. 0. 0.],500,100,0.3,0.002,1,9,idID,73,random
197,0.0010351970025270002,0.0010351970025270002,0.0035791595549000007,[0.        0.        0.        0.        0.        0.        0.        0.        0.        0.        0.        0.        0.        0.        0.        0.        0.        0.        0.        0.        0.        0.        0.        0.        0.        0.7418693 0.        0.01      0.        0.        0.       ],[0. 0. 0. 0. 0. 0. 0. 0. 0. 0. 0. 0. 0. 0. 0. 0. 0. 0. 0. 0. 0. 0. 0. 0. 0. 1. 0. 1. 0. 0. 0.],500,100,0.3,0.002,1,9,idID,73,random
198,0.0010351970025270002,0.0010351970025270002,0.0035791595549000007,[0.        0.        0.        0.        0.        0.        0.        0.        0.        0.        0.        0.        0.        0.        0.        0.        0.        0.        0.        0.        0.        0.        0.        0.        0.        0.7418693 0.        0.01      0.        0.        0.       ],[0. 0. 0. 0. 0. 0. 0. 0. 0. 0. 0. 0. 0. 0. 0. 0. 0. 0. 0. 0. 0. 0. 0. 0. 0. 1. 0. 1. 0. 0. 0.],500,100,0.3,0.002,1,9,idID,73,random
199,0.0010351970025270002,0.0010351970025270002,0.0035791595549000007,[0.        0.        0.        0.        0.        0.        0.        0.        0.        0.        0.        0.        0.        0.        0.        0.        0.        0.        0.        0.        0.        0.        0.        0.        0.        0.7418693 0.        0.01      0.        0.        0.       ],[0. 0. 0. 0. 0. 0. 0. 0. 0. 0. 0. 0. 0. 0. 0. 0. 0. 0. 0. 0. 0. 0. 0. 0. 0. 1. 0. 1. 0. 0. 0.],500,100,0.3,0.002,1,9,idID,73,random
200,0.0010351970025270002,0.0010351970025270002,0.0035791595549000007,[0.        0.        0.        0.        0.        0.        0.        0.        0.        0.        0.        0.        0.        0.        0.        0.        0.        0.        0.        0.        0.        0.        0.        0.        0.        0.7418693 0.        0.01      0.        0.        0.       ],[0. 0. 0. 0. 0. 0. 0. 0. 0. 0. 0. 0. 0. 0. 0. 0. 0. 0. 0. 0. 0. 0. 0. 0. 0. 1. 0. 1. 0. 0. 0.],500,100,0.3,0.002,1,9,idID,73,random
201,0.0010351970025270002,0.0010351970025270002,0.0035791595549000007,[0.        0.        0.        0.        0.        0.        0.        0.        0.        0.        0.        0.        0.        0.        0.        0.        0.        0.        0.        0.        0.        0.        0.        0.        0.        0.7418693 0.        0.01      0.        0.        0.       ],[0. 0. 0. 0. 0. 0. 0. 0. 0. 0. 0. 0. 0. 0. 0. 0. 0. 0. 0. 0. 0. 0. 0. 0. 0. 1. 0. 1. 0. 0. 0.],500,100,0.3,0.002,1,9,idID,73,random
202,0.0010351970025270002,0.0010351970025270002,0.0035791595549000007,[0.        0.        0.        0.        0.        0.        0.        0.        0.        0.        0.        0.        0.        0.        0.        0.        0.        0.        0.        0.        0.        0.        0.        0.        0.        0.7418693 0.        0.01      0.        0.        0.       ],[0. 0. 0. 0. 0. 0. 0. 0. 0. 0. 0. 0. 0. 0. 0. 0. 0. 0. 0. 0. 0. 0. 0. 0. 0. 1. 0. 1. 0. 0. 0.],500,100,0.3,0.002,1,9,idID,73,random
203,0.0010351970025270002,0.0010351970025270002,0.0035791595549000007,[0.        0.        0.        0.        0.        0.        0.        0.        0.        0.        0.        0.        0.        0.        0.        0.        0.        0.        0.        0.        0.        0.        0.        0.        0.        0.7418693 0.        0.01      0.        0.        0.       ],[0. 0. 0. 0. 0. 0. 0. 0. 0. 0. 0. 0. 0. 0. 0. 0. 0. 0. 0. 0. 0. 0. 0. 0. 0. 1. 0. 1. 0. 0. 0.],500,100,0.3,0.002,1,9,idID,73,random
204,0.0010351970025270002,0.0010351970025270002,0.0035791595549000007,[0.        0.        0.        0.        0.        0.        0.        0.        0.        0.        0.        0.        0.        0.        0.        0.        0.        0.        0.        0.        0.        0.        0.        0.        0.        0.7418693 0.        0.01      0.        0.        0.       ],[0. 0. 0. 0. 0. 0. 0. 0. 0. 0. 0. 0. 0. 0. 0. 0. 0. 0. 0. 0. 0. 0. 0. 0. 0. 1. 0. 1. 0. 0. 0.],500,100,0.3,0.002,1,9,idID,73,random
205,0.0010351970025270002,0.0010351970025270002,0.0035791595549000007,[0.        0.        0.        0.        0.        0.        0.        0.        0.        0.        0.        0.        0.        0.        0.        0.        0.        0.        0.        0.        0.        0.        0.        0.        0.        0.7418693 0.        0.01      0.        0.        0.       ],[0. 0. 0. 0. 0. 0. 0. 0. 0. 0. 0. 0. 0. 0. 0. 0. 0. 0. 0. 0. 0. 0. 0. 0. 0. 1. 0. 1. 0. 0. 0.],500,100,0.3,0.002,1,9,idID,73,random
206,0.0010351970025270002,0.0010351970025270002,0.0035791595549000007,[0.        0.        0.        0.        0.        0.        0.        0.        0.        0.        0.        0.        0.        0.        0.        0.        0.        0.        0.        0.        0.        0.        0.        0.        0.        0.7418693 0.        0.01      0.        0.        0.       ],[0. 0. 0. 0. 0. 0. 0. 0. 0. 0. 0. 0. 0. 0. 0. 0. 0. 0. 0. 0. 0. 0. 0. 0. 0. 1. 0. 1. 0. 0. 0.],500,100,0.3,0.002,1,9,idID,73,random
207,0.0010351970025270002,0.0010351970025270002,0.0035791595549000007,[0.        0.        0.        0.        0.        0.        0.        0.        0.        0.        0.        0.        0.        0.        0.        0.        0.        0.        0.        0.        0.        0.        0.        0.        0.        0.7418693 0.        0.01      0.        0.        0.       ],[0. 0. 0. 0. 0. 0. 0. 0. 0. 0. 0. 0. 0. 0. 0. 0. 0. 0. 0. 0. 0. 0. 0. 0. 0. 1. 0. 1. 0. 0. 0.],500,100,0.3,0.002,1,9,idID,73,random
208,0.0010351970025270002,0.0010351970025270002,0.0035791595549000007,[0.        0.        0.        0.        0.        0.        0.        0.        0.        0.        0.        0.        0.        0.        0.        0.        0.        0.        0.        0.        0.        0.        0.        0.        0.        0.7418693 0.        0.01      0.        0.        0.       ],[0. 0. 0. 0. 0. 0. 0. 0. 0. 0. 0. 0. 0. 0. 0. 0. 0. 0. 0. 0. 0. 0. 0. 0. 0. 1. 0. 1. 0. 0. 0.],500,100,0.3,0.002,1,9,idID,73,random
209,0.0010351970025270002,0.0010351970025270002,0.0035791595549000007,[0.        0.        0.        0.        0.        0.        0.        0.        0.        0.        0.        0.        0.        0.        0.        0.        0.        0.        0.        0.        0.        0.        0.        0.        0.        0.7418693 0.        0.01      0.        0.        0.       ],[0. 0. 0. 0. 0. 0. 0. 0. 0. 0. 0. 0. 0. 0. 0. 0. 0. 0. 0. 0. 0. 0. 0. 0. 0. 1. 0. 1. 0. 0. 0.],500,100,0.3,0.002,1,9,idID,73,random
210,0.0010351970025270002,0.0010351970025270002,0.0035791595549000007,[0.        0.        0.        0.        0.        0.        0.        0.        0.        0.        0.        0.        0.        0.        0.        0.        0.        0.        0.        0.        0.        0.        0.        0.        0.        0.7418693 0.        0.01      0.        0.        0.       ],[0. 0. 0. 0. 0. 0. 0. 0. 0. 0. 0. 0. 0. 0. 0. 0. 0. 0. 0. 0. 0. 0. 0. 0. 0. 1. 0. 1. 0. 0. 0.],500,100,0.3,0.002,1,9,idID,73,random
211,0.0010351970025270002,0.0010351970025270002,0.0035791595549000007,[0.        0.        0.        0.        0.        0.        0.        0.        0.        0.        0.        0.        0.        0.        0.        0.        0.        0.        0.        0.        0.        0.        0.        0.        0.        0.7418693 0.        0.01      0.        0.        0.       ],[0. 0. 0. 0. 0. 0. 0. 0. 0. 0. 0. 0. 0. 0. 0. 0. 0. 0. 0. 0. 0. 0. 0. 0. 0. 1. 0. 1. 0. 0. 0.],500,100,0.3,0.002,1,9,idID,73,random
212,0.0010351970025270002,0.0010351970025270002,0.0035791595549000007,[0.        0.        0.        0.        0.        0.        0.        0.        0.        0.        0.        0.        0.        0.        0.        0.        0.        0.        0.        0.        0.        0.        0.        0.        0.        0.7418693 0.        0.01      0.        0.        0.       ],[0. 0. 0. 0. 0. 0. 0. 0. 0. 0. 0. 0. 0. 0. 0. 0. 0. 0. 0. 0. 0. 0. 0. 0. 0. 1. 0. 1. 0. 0. 0.],500,100,0.3,0.002,1,9,idID,73,random
213,0.0010351970025270002,0.0010351970025270002,0.0035791595549000007,[0.        0.        0.        0.        0.        0.        0.        0.        0.        0.        0.        0.        0.        0.        0.        0.        0.        0.        0.        0.        0.        0.        0.        0.        0.        0.7418693 0.        0.01      0.        0.        0.       ],[0. 0. 0. 0. 0. 0. 0. 0. 0. 0. 0. 0. 0. 0. 0. 0. 0. 0. 0. 0. 0. 0. 0. 0. 0. 1. 0. 1. 0. 0. 0.],500,100,0.3,0.002,1,9,idID,73,random
214,0.0010351970025270002,0.0010351970025270002,0.0035791595549000007,[0.        0.        0.        0.        0.        0.        0.        0.        0.        0.        0.        0.        0.        0.        0.        0.        0.        0.        0.        0.        0.        0.        0.        0.        0.        0.7418693 0.        0.01      0.        0.        0.       ],[0. 0. 0. 0. 0. 0. 0. 0. 0. 0. 0. 0. 0. 0. 0. 0. 0. 0. 0. 0. 0. 0. 0. 0. 0. 1. 0. 1. 0. 0. 0.],500,100,0.3,0.002,1,9,idID,73,random
215,0.0010351970025270002,0.0010351970025270002,0.0035791595549000007,[0.        0.        0.        0.        0.        0.        0.        0.        0.        0.        0.        0.        0.        0.        0.        0.        0.        0.        0.        0.        0.        0.        0.        0.        0.        0.7418693 0.        0.01      0.        0.        0.       ],[0. 0. 0. 0. 0. 0. 0. 0. 0. 0. 0. 0. 0. 0. 0. 0. 0. 0. 0. 0. 0. 0. 0. 0. 0. 1. 0. 1. 0. 0. 0.],500,100,0.3,0.002,1,9,idID,73,random
216,0.0010351970025270002,0.0010351970025270002,0.0035791595549000007,[0.        0.        0.        0.        0.        0.        0.        0.        0.        0.        0.        0.        0.        0.        0.        0.        0.        0.        0.        0.        0.        0.        0.        0.        0.        0.7418693 0.        0.01      0.        0.        0.       ],[0. 0. 0. 0. 0. 0. 0. 0. 0. 0. 0. 0. 0. 0. 0. 0. 0. 0. 0. 0. 0. 0. 0. 0. 0. 1. 0. 1. 0. 0. 0.],500,100,0.3,0.002,1,9,idID,73,random
217,0.0010351970025270002,0.0010351970025270002,0.0035791595549000007,[0.        0.        0.        0.        0.        0.        0.        0.        0.        0.        0.        0.        0.        0.        0.        0.        0.        0.        0.        0.        0.        0.        0.        0.        0.        0.7418693 0.        0.01      0.        0.        0.       ],[0. 0. 0. 0. 0. 0. 0. 0. 0. 0. 0. 0. 0. 0. 0. 0. 0. 0. 0. 0. 0. 0. 0. 0. 0. 1. 0. 1. 0. 0. 0.],500,100,0.3,0.002,1,9,idID,73,random
218,0.0010351970025270002,0.0010351970025270002,0.0035791595549000007,[0.        0.        0.        0.        0.        0.        0.        0.        0.        0.        0.        0.        0.        0.        0.        0.        0.        0.        0.        0.        0.        0.        0.        0.        0.        0.7418693 0.        0.01      0.        0.        0.       ],[0. 0. 0. 0. 0. 0. 0. 0. 0. 0. 0. 0. 0. 0. 0. 0. 0. 0. 0. 0. 0. 0. 0. 0. 0. 1. 0. 1. 0. 0. 0.],500,100,0.3,0.002,1,9,idID,73,random
219,0.0010351970025270002,0.0010351970025270002,0.0035791595549000007,[0.        0.        0.        0.        0.        0.        0.        0.        0.        0.        0.        0.        0.        0.        0.        0.        0.        0.        0.        0.        0.        0.        0.        0.        0.        0.7418693 0.        0.01      0.        0.        0.       ],[0. 0. 0. 0. 0. 0. 0. 0. 0. 0. 0. 0. 0. 0. 0. 0. 0. 0. 0. 0. 0. 0. 0. 0. 0. 1. 0. 1. 0. 0. 0.],500,100,0.3,0.002,1,9,idID,73,random
220,0.0010351970025270002,0.0010351970025270002,0.0035791595549000007,[0.        0.        0.        0.        0.        0.        0.        0.        0.        0.        0.        0.        0.        0.        0.        0.        0.        0.        0.        0.        0.        0.        0.        0.        0.        0.7418693 0.        0.01      0.        0.        0.       ],[0. 0. 0. 0. 0. 0. 0. 0. 0. 0. 0. 0. 0. 0. 0. 0. 0. 0. 0. 0. 0. 0. 0. 0. 0. 1. 0. 1. 0. 0. 0.],500,100,0.3,0.002,1,9,idID,73,random
221,0.0010351970025270002,0.0010351970025270002,0.0035791595549000007,[0.        0.        0.        0.        0.        0.        0.        0.        0.        0.        0.        0.        0.        0.        0.        0.        0.        0.        0.        0.        0.        0.        0.        0.        0.        0.7418693 0.        0.01      0.        0.        0.       ],[0. 0. 0. 0. 0. 0. 0. 0. 0. 0. 0. 0. 0. 0. 0. 0. 0. 0. 0. 0. 0. 0. 0. 0. 0. 1. 0. 1. 0. 0. 0.],500,100,0.3,0.002,1,9,idID,73,random
222,0.0010351970025270002,0.0010351970025270002,0.0035791595549000007,[0.        0.        0.        0.        0.        0.        0.        0.        0.        0.        0.        0.        0.        0.        0.        0.        0.        0.        0.        0.        0.        0.        0.        0.        0.        0.7418693 0.        0.01      0.        0.        0.       ],[0. 0. 0. 0. 0. 0. 0. 0. 0. 0. 0. 0. 0. 0. 0. 0. 0. 0. 0. 0. 0. 0. 0. 0. 0. 1. 0. 1. 0. 0. 0.],500,100,0.3,0.002,1,9,idID,73,random
223,0.0010351970025270002,0.0010351970025270002,0.0035791595549000007,[0.        0.        0.        0.        0.        0.        0.        0.        0.        0.        0.        0.        0.        0.        0.        0.        0.        0.        0.        0.        0.        0.        0.        0.        0.        0.7418693 0.        0.01      0.        0.        0.       ],[0. 0. 0. 0. 0. 0. 0. 0. 0. 0. 0. 0. 0. 0. 0. 0. 0. 0. 0. 0. 0. 0. 0. 0. 0. 1. 0. 1. 0. 0. 0.],500,100,0.3,0.002,1,9,idID,73,random
224,0.0010351970025270002,0.0010351970025270002,0.0035791595549000007,[0.        0.        0.        0.        0.        0.        0.        0.        0.        0.        0.        0.        0.        0.        0.        0.        0.        0.        0.        0.        0.        0.        0.        0.        0.        0.7418693 0.        0.01      0.        0.        0.       ],[0. 0. 0. 0. 0. 0. 0. 0. 0. 0. 0. 0. 0. 0. 0. 0. 0. 0. 0. 0. 0. 0. 0. 0. 0. 1. 0. 1. 0. 0. 0.],500,100,0.3,0.002,1,9,idID,73,random
225,0.0010351970025270002,0.0010351970025270002,0.0035791595549000007,[0.        0.        0.        0.        0.        0.        0.        0.        0.        0.        0.        0.        0.        0.        0.        0.        0.        0.        0.        0.        0.        0.        0.        0.        0.        0.7418693 0.        0.01      0.        0.        0.       ],[0. 0. 0. 0. 0. 0. 0. 0. 0. 0. 0. 0. 0. 0. 0. 0. 0. 0. 0. 0. 0. 0. 0. 0. 0. 1. 0. 1. 0. 0. 0.],500,100,0.3,0.002,1,9,idID,73,random
226,0.0010351970025270002,0.0010351970025270002,0.0035791595549000007,[0.        0.        0.        0.        0.        0.        0.        0.        0.        0.        0.        0.        0.        0.        0.        0.        0.        0.        0.        0.        0.        0.        0.        0.        0.        0.7418693 0.        0.01      0.        0.        0.       ],[0. 0. 0. 0. 0. 0. 0. 0. 0. 0. 0. 0. 0. 0. 0. 0. 0. 0. 0. 0. 0. 0. 0. 0. 0. 1. 0. 1. 0. 0. 0.],500,100,0.3,0.002,1,9,idID,73,random
227,0.0010351970025270002,0.0010351970025270002,0.0035791595549000007,[0.        0.        0.        0.        0.        0.        0.        0.        0.        0.        0.        0.        0.        0.        0.        0.        0.        0.        0.        0.        0.        0.        0.        0.        0.        0.7418693 0.        0.01      0.        0.        0.       ],[0. 0. 0. 0. 0. 0. 0. 0. 0. 0. 0. 0. 0. 0. 0. 0. 0. 0. 0. 0. 0. 0. 0. 0. 0. 1. 0. 1. 0. 0. 0.],500,100,0.3,0.002,1,9,idID,73,random
228,0.0010351970025270002,0.0010351970025270002,0.0035791595549000007,[0.        0.        0.        0.        0.        0.        0.        0.        0.        0.        0.        0.        0.        0.        0.        0.        0.        0.        0.        0.        0.        0.        0.        0.        0.        0.7418693 0.        0.01      0.        0.        0.       ],[0. 0. 0. 0. 0. 0. 0. 0. 0. 0. 0. 0. 0. 0. 0. 0. 0. 0. 0. 0. 0. 0. 0. 0. 0. 1. 0. 1. 0. 0. 0.],500,100,0.3,0.002,1,9,idID,73,random
229,0.0010351970025270002,0.0010351970025270002,0.0035791595549000007,[0.        0.        0.        0.        0.        0.        0.        0.        0.        0.        0.        0.        0.        0.        0.        0.        0.        0.        0.        0.        0.        0.        0.        0.        0.        0.7418693 0.        0.01      0.        0.        0.       ],[0. 0. 0. 0. 0. 0. 0. 0. 0. 0. 0. 0. 0. 0. 0. 0. 0. 0. 0. 0. 0. 0. 0. 0. 0. 1. 0. 1. 0. 0. 0.],500,100,0.3,0.002,1,9,idID,73,random
230,0.0010351970025270002,0.0010351970025270002,0.0035791595549000007,[0.        0.        0.        0.        0.        0.        0.        0.        0.        0.        0.        0.        0.        0.        0.        0.        0.        0.        0.        0.        0.        0.        0.        0.        0.        0.7418693 0.        0.01      0.        0.        0.       ],[0. 0. 0. 0. 0. 0. 0. 0. 0. 0. 0. 0. 0. 0. 0. 0. 0. 0. 0. 0. 0. 0. 0. 0. 0. 1. 0. 1. 0. 0. 0.],500,100,0.3,0.002,1,9,idID,73,random
231,0.0010351970025270002,0.0010351970025270002,0.0035791595549000007,[0.        0.        0.        0.        0.        0.        0.        0.        0.        0.        0.        0.        0.        0.        0.        0.        0.        0.        0.        0.        0.        0.        0.        0.        0.        0.7418693 0.        0.01      0.        0.        0.       ],[0. 0. 0. 0. 0. 0. 0. 0. 0. 0. 0. 0. 0. 0. 0. 0. 0. 0. 0. 0. 0. 0. 0. 0. 0. 1. 0. 1. 0. 0. 0.],500,100,0.3,0.002,1,9,idID,73,random
232,0.0010351970025270002,0.0010351970025270002,0.0035791595549000007,[0.        0.        0.        0.        0.        0.        0.        0.        0.        0.        0.        0.        0.        0.        0.        0.        0.        0.        0.        0.        0.        0.        0.        0.        0.        0.7418693 0.        0.01      0.        0.        0.       ],[0. 0. 0. 0. 0. 0. 0. 0. 0. 0. 0. 0. 0. 0. 0. 0. 0. 0. 0. 0. 0. 0. 0. 0. 0. 1. 0. 1. 0. 0. 0.],500,100,0.3,0.002,1,9,idID,73,random
233,0.0010351970025270002,0.0010351970025270002,0.0035791595549000007,[0.        0.        0.        0.        0.        0.        0.        0.        0.        0.        0.        0.        0.        0.        0.        0.        0.        0.        0.        0.        0.        0.        0.        0.        0.        0.7418693 0.        0.01      0.        0.        0.       ],[0. 0. 0. 0. 0. 0. 0. 0. 0. 0. 0. 0. 0. 0. 0. 0. 0. 0. 0. 0. 0. 0. 0. 0. 0. 1. 0. 1. 0. 0. 0.],500,100,0.3,0.002,1,9,idID,73,random
234,0.0010351970025270002,0.0010351970025270002,0.0035791595549000007,[0.        0.        0.        0.        0.        0.        0.        0.        0.        0.        0.        0.        0.        0.        0.        0.        0.        0.        0.        0.        0.        0.        0.        0.        0.        0.7418693 0.        0.01      0.        0.        0.       ],[0. 0. 0. 0. 0. 0. 0. 0. 0. 0. 0. 0. 0. 0. 0. 0. 0. 0. 0. 0. 0. 0. 0. 0. 0. 1. 0. 1. 0. 0. 0.],500,100,0.3,0.002,1,9,idID,73,random
235,0.0010351970025270002,0.0010351970025270002,0.0035791595549000007,[0.        0.        0.        0.        0.        0.        0.        0.        0.        0.        0.        0.        0.        0.        0.        0.        0.        0.        0.        0.        0.        0.        0.        0.        0.        0.7418693 0.        0.01      0.        0.        0.       ],[0. 0. 0. 0. 0. 0. 0. 0. 0. 0. 0. 0. 0. 0. 0. 0. 0. 0. 0. 0. 0. 0. 0. 0. 0. 1. 0. 1. 0. 0. 0.],500,100,0.3,0.002,1,9,idID,73,random
236,0.0010351970025270002,0.0010351970025270002,0.0035791595549000007,[0.        0.        0.        0.        0.        0.        0.        0.        0.        0.        0.        0.        0.        0.        0.        0.        0.        0.        0.        0.        0.        0.        0.        0.        0.        0.7418693 0.        0.01      0.        0.        0.       ],[0. 0. 0. 0. 0. 0. 0. 0. 0. 0. 0. 0. 0. 0. 0. 0. 0. 0. 0. 0. 0. 0. 0. 0. 0. 1. 0. 1. 0. 0. 0.],500,100,0.3,0.002,1,9,idID,73,random
237,0.0010351970025270002,0.0010351970025270002,0.0035791595549000007,[0.        0.        0.        0.        0.        0.        0.        0.        0.        0.        0.        0.        0.        0.        0.        0.        0.        0.        0.        0.        0.        0.        0.        0.        0.        0.7418693 0.        0.01      0.        0.        0.       ],[0. 0. 0. 0. 0. 0. 0. 0. 0. 0. 0. 0. 0. 0. 0. 0. 0. 0. 0. 0. 0. 0. 0. 0. 0. 1. 0. 1. 0. 0. 0.],500,100,0.3,0.002,1,9,idID,73,random
238,0.0010351970025270002,0.0010351970025270002,0.0035791595549000007,[0.        0.        0.        0.        0.        0.        0.        0.        0.        0.        0.        0.        0.        0.        0.        0.        0.        0.        0.        0.        0.        0.        0.        0.        0.        0.7418693 0.        0.01      0.        0.        0.       ],[0. 0. 0. 0. 0. 0. 0. 0. 0. 0. 0. 0. 0. 0. 0. 0. 0. 0. 0. 0. 0. 0. 0. 0. 0. 1. 0. 1. 0. 0. 0.],500,100,0.3,0.002,1,9,idID,73,random
239,0.0010351970025270002,0.0010351970025270002,0.0035791595549000007,[0.        0.        0.        0.        0.        0.        0.        0.        0.        0.        0.        0.        0.        0.        0.        0.        0.        0.        0.        0.        0.        0.        0.        0.        0.        0.7418693 0.        0.01      0.        0.        0.       ],[0. 0. 0. 0. 0. 0. 0. 0. 0. 0. 0. 0. 0. 0. 0. 0. 0. 0. 0. 0. 0. 0. 0. 0. 0. 1. 0. 1. 0. 0. 0.],500,100,0.3,0.002,1,9,idID,73,random
240,0.0010351970025270002,0.0010351970025270002,0.0035791595549000007,[0.        0.        0.        0.        0.        0.        0.        0.        0.        0.        0.        0.        0.        0.        0.        0.        0.        0.        0.        0.        0.        0.        0.        0.        0.        0.7418693 0.        0.01      0.        0.        0.       ],[0. 0. 0. 0. 0. 0. 0. 0. 0. 0. 0. 0. 0. 0. 0. 0. 0. 0. 0. 0. 0. 0. 0. 0. 0. 1. 0. 1. 0. 0. 0.],500,100,0.3,0.002,1,9,idID,73,random
241,0.0010351970025270002,0.0010351970025270002,0.0035791595549000007,[0.        0.        0.        0.        0.        0.        0.        0.        0.        0.        0.        0.        0.        0.        0.        0.        0.        0.        0.        0.        0.        0.        0.        0.        0.        0.7418693 0.        0.01      0.        0.        0.       ],[0. 0. 0. 0. 0. 0. 0. 0. 0. 0. 0. 0. 0. 0. 0. 0. 0. 0. 0. 0. 0. 0. 0. 0. 0. 1. 0. 1. 0. 0. 0.],500,100,0.3,0.002,1,9,idID,73,random
242,0.0010351970025270002,0.0010351970025270002,0.0035791595549000007,[0.        0.        0.        0.        0.        0.        0.        0.        0.        0.        0.        0.        0.        0.        0.        0.        0.        0.        0.        0.        0.        0.        0.        0.        0.        0.7418693 0.        0.01      0.        0.        0.       ],[0. 0. 0. 0. 0. 0. 0. 0. 0. 0. 0. 0. 0. 0. 0. 0. 0. 0. 0. 0. 0. 0. 0. 0. 0. 1. 0. 1. 0. 0. 0.],500,100,0.3,0.002,1,9,idID,73,random
243,0.0010351970025270002,0.0010351970025270002,0.0035791595549000007,[0.        0.        0.        0.        0.        0.        0.        0.        0.        0.        0.        0.        0.        0.        0.        0.        0.        0.        0.        0.        0.        0.        0.        0.        0.        0.7418693 0.        0.01      0.        0.        0.       ],[0. 0. 0. 0. 0. 0. 0. 0. 0. 0. 0. 0. 0. 0. 0. 0. 0. 0. 0. 0. 0. 0. 0. 0. 0. 1. 0. 1. 0. 0. 0.],500,100,0.3,0.002,1,9,idID,73,random
244,0.0010351970025270002,0.0010351970025270002,0.0035791595549000007,[0.        0.        0.        0.        0.        0.        0.        0.        0.        0.        0.        0.        0.        0.        0.        0.        0.        0.        0.        0.        0.        0.        0.        0.        0.        0.7418693 0.        0.01      0.        0.        0.       ],[0. 0. 0. 0. 0. 0. 0. 0. 0. 0. 0. 0. 0. 0. 0. 0. 0. 0. 0. 0. 0. 0. 0. 0. 0. 1. 0. 1. 0. 0. 0.],500,100,0.3,0.002,1,9,idID,73,random
245,0.0010351970025270002,0.0010351970025270002,0.0035791595549000007,[0.        0.        0.        0.        0.        0.        0.        0.        0.        0.        0.        0.        0.        0.        0.        0.        0.        0.        0.        0.        0.        0.        0.        0.        0.        0.7418693 0.        0.01      0.        0.        0.       ],[0. 0. 0. 0. 0. 0. 0. 0. 0. 0. 0. 0. 0. 0. 0. 0. 0. 0. 0. 0. 0. 0. 0. 0. 0. 1. 0. 1. 0. 0. 0.],500,100,0.3,0.002,1,9,idID,73,random
246,0.0010351970025270002,0.0010351970025270002,0.0035791595549000007,[0.        0.        0.        0.        0.        0.        0.        0.        0.        0.        0.        0.        0.        0.        0.        0.        0.        0.        0.        0.        0.        0.        0.        0.        0.        0.7418693 0.        0.01      0.        0.        0.       ],[0. 0. 0. 0. 0. 0. 0. 0. 0. 0. 0. 0. 0. 0. 0. 0. 0. 0. 0. 0. 0. 0. 0. 0. 0. 1. 0. 1. 0. 0. 0.],500,100,0.3,0.002,1,9,idID,73,random
247,0.0010351970025270002,0.0010351970025270002,0.0035791595549000007,[0.        0.        0.        0.        0.        0.        0.        0.        0.        0.        0.        0.        0.        0.        0.        0.        0.        0.        0.        0.        0.        0.        0.        0.        0.        0.7418693 0.        0.01      0.        0.        0.       ],[0. 0. 0. 0. 0. 0. 0. 0. 0. 0. 0. 0. 0. 0. 0. 0. 0. 0. 0. 0. 0. 0. 0. 0. 0. 1. 0. 1. 0. 0. 0.],500,100,0.3,0.002,1,9,idID,73,random
248,0.0010351970025270002,0.0010351970025270002,0.0035791595549000007,[0.        0.        0.        0.        0.        0.        0.        0.        0.        0.        0.        0.        0.        0.        0.        0.        0.        0.        0.        0.        0.        0.        0.        0.        0.        0.7418693 0.        0.01      0.        0.        0.       ],[0. 0. 0. 0. 0. 0. 0. 0. 0. 0. 0. 0. 0. 0. 0. 0. 0. 0. 0. 0. 0. 0. 0. 0. 0. 1. 0. 1. 0. 0. 0.],500,100,0.3,0.002,1,9,idID,73,random
249,0.0010351970025270002,0.0010351970025270002,0.0035791595549000007,[0.        0.        0.        0.        0.        0.        0.        0.        0.        0.        0.        0.        0.        0.        0.        0.        0.        0.        0.        0.        0.        0.        0.        0.        0.        0.7418693 0.        0.01      0.        0.        0.       ],[0. 0. 0. 0. 0. 0. 0. 0. 0. 0. 0. 0. 0. 0. 0. 0. 0. 0. 0. 0. 0. 0. 0. 0. 0. 1. 0. 1. 0. 0. 0.],500,100,0.3,0.002,1,9,idID,73,random
250,0.0010351970025270002,0.0010351970025270002,0.0035791595549000007,[0.        0.        0.        0.        0.        0.        0.        0.        0.        0.        0.        0.        0.        0.        0.        0.        0.        0.        0.        0.        0.        0.        0.        0.        0.        0.7418693 0.        0.01      0.        0.        0.       ],[0. 0. 0. 0. 0. 0. 0. 0. 0. 0. 0. 0. 0. 0. 0. 0. 0. 0. 0. 0. 0. 0. 0. 0. 0. 1. 0. 1. 0. 0. 0.],500,100,0.3,0.002,1,9,idID,73,random
251,0.0010351970025270002,0.0010351970025270002,0.0035791595549000007,[0.        0.        0.        0.        0.        0.        0.        0.        0.        0.        0.        0.        0.        0.        0.        0.        0.        0.        0.        0.        0.        0.        0.        0.        0.        0.7418693 0.        0.01      0.        0.        0.       ],[0. 0. 0. 0. 0. 0. 0. 0. 0. 0. 0. 0. 0. 0. 0. 0. 0. 0. 0. 0. 0. 0. 0. 0. 0. 1. 0. 1. 0. 0. 0.],500,100,0.3,0.002,1,9,idID,73,random
252,0.0010351970025270002,0.0010351970025270002,0.0035791595549000007,[0.        0.        0.        0.        0.        0.        0.        0.        0.        0.        0.        0.        0.        0.        0.        0.        0.        0.        0.        0.        0.        0.        0.        0.        0.        0.7418693 0.        0.01      0.        0.        0.       ],[0. 0. 0. 0. 0. 0. 0. 0. 0. 0. 0. 0. 0. 0. 0. 0. 0. 0. 0. 0. 0. 0. 0. 0. 0. 1. 0. 1. 0. 0. 0.],500,100,0.3,0.002,1,9,idID,73,random
253,0.0010351970025270002,0.0010351970025270002,0.0035791595549000007,[0.        0.        0.        0.        0.        0.        0.        0.        0.        0.        0.        0.        0.        0.        0.        0.        0.        0.        0.        0.        0.        0.        0.        0.        0.        0.7418693 0.        0.01      0.        0.        0.       ],[0. 0. 0. 0. 0. 0. 0. 0. 0. 0. 0. 0. 0. 0. 0. 0. 0. 0. 0. 0. 0. 0. 0. 0. 0. 1. 0. 1. 0. 0. 0.],500,100,0.3,0.002,1,9,idID,73,random
254,0.0010351970025270002,0.0010351970025270002,0.0035791595549000007,[0.        0.        0.        0.        0.        0.        0.        0.        0.        0.        0.        0.        0.        0.        0.        0.        0.        0.        0.        0.        0.        0.        0.        0.        0.        0.7418693 0.        0.01      0.        0.        0.       ],[0. 0. 0. 0. 0. 0. 0. 0. 0. 0. 0. 0. 0. 0. 0. 0. 0. 0. 0. 0. 0. 0. 0. 0. 0. 1. 0. 1. 0. 0. 0.],500,100,0.3,0.002,1,9,idID,73,random
255,0.0010351970025270002,0.0010351970025270002,0.0035791595549000007,[0.        0.        0.        0.        0.        0.        0.        0.        0.        0.        0.        0.        0.        0.        0.        0.        0.        0.        0.        0.        0.        0.        0.        0.        0.        0.7418693 0.        0.01      0.        0.        0.       ],[0. 0. 0. 0. 0. 0. 0. 0. 0. 0. 0. 0. 0. 0. 0. 0. 0. 0. 0. 0. 0. 0. 0. 0. 0. 1. 0. 1. 0. 0. 0.],500,100,0.3,0.002,1,9,idID,73,random
256,0.0010351970025270002,0.0010351970025270002,0.0035791595549000007,[0.        0.        0.        0.        0.        0.        0.        0.        0.        0.        0.        0.        0.        0.        0.        0.        0.        0.        0.        0.        0.        0.        0.        0.        0.        0.7418693 0.        0.01      0.        0.        0.       ],[0. 0. 0. 0. 0. 0. 0. 0. 0. 0. 0. 0. 0. 0. 0. 0. 0. 0. 0. 0. 0. 0. 0. 0. 0. 1. 0. 1. 0. 0. 0.],500,100,0.3,0.002,1,9,idID,73,random
257,0.0010351970025270002,0.0010351970025270002,0.0035791595549000007,[0.        0.        0.        0.        0.        0.        0.        0.        0.        0.        0.        0.        0.        0.        0.        0.        0.        0.        0.        0.        0.        0.        0.        0.        0.        0.7418693 0.        0.01      0.        0.        0.       ],[0. 0. 0. 0. 0. 0. 0. 0. 0. 0. 0. 0. 0. 0. 0. 0. 0. 0. 0. 0. 0. 0. 0. 0. 0. 1. 0. 1. 0. 0. 0.],500,100,0.3,0.002,1,9,idID,73,random
258,0.0010351970025270002,0.0010351970025270002,0.0035791595549000007,[0.        0.        0.        0.        0.        0.        0.        0.        0.        0.        0.        0.        0.        0.        0.        0.        0.        0.        0.        0.        0.        0.        0.        0.        0.        0.7418693 0.        0.01      0.        0.        0.       ],[0. 0. 0. 0. 0. 0. 0. 0. 0. 0. 0. 0. 0. 0. 0. 0. 0. 0. 0. 0. 0. 0. 0. 0. 0. 1. 0. 1. 0. 0. 0.],500,100,0.3,0.002,1,9,idID,73,random
259,0.0010351970025270002,0.0010351970025270002,0.0035791595549000007,[0.        0.        0.        0.        0.        0.        0.        0.        0.        0.        0.        0.        0.        0.        0.        0.        0.        0.        0.        0.        0.        0.        0.        0.        0.        0.7418693 0.        0.01      0.        0.        0.       ],[0. 0. 0. 0. 0. 0. 0. 0. 0. 0. 0. 0. 0. 0. 0. 0. 0. 0. 0. 0. 0. 0. 0. 0. 0. 1. 0. 1. 0. 0. 0.],500,100,0.3,0.002,1,9,idID,73,random
260,0.0010351970025270002,0.0010351970025270002,0.0035791595549000007,[0.        0.        0.        0.        0.        0.        0.        0.        0.        0.        0.        0.        0.        0.        0.        0.        0.        0.        0.        0.        0.        0.        0.        0.        0.        0.7418693 0.        0.01      0.        0.        0.       ],[0. 0. 0. 0. 0. 0. 0. 0. 0. 0. 0. 0. 0. 0. 0. 0. 0. 0. 0. 0. 0. 0. 0. 0. 0. 1. 0. 1. 0. 0. 0.],500,100,0.3,0.002,1,9,idID,73,random
261,0.0010351970025270002,0.0010351970025270002,0.0035791595549000007,[0.        0.        0.        0.        0.        0.        0.        0.        0.        0.        0.        0.        0.        0.        0.        0.        0.        0.        0.        0.        0.        0.        0.        0.        0.        0.7418693 0.        0.01      0.        0.        0.       ],[0. 0. 0. 0. 0. 0. 0. 0. 0. 0. 0. 0. 0. 0. 0. 0. 0. 0. 0. 0. 0. 0. 0. 0. 0. 1. 0. 1. 0. 0. 0.],500,100,0.3,0.002,1,9,idID,73,random
262,0.0010351970025270002,0.0010351970025270002,0.0035791595549000007,[0.        0.        0.        0.        0.        0.        0.        0.        0.        0.        0.        0.        0.        0.        0.        0.        0.        0.        0.        0.        0.        0.        0.        0.        0.        0.7418693 0.        0.01      0.        0.        0.       ],[0. 0. 0. 0. 0. 0. 0. 0. 0. 0. 0. 0. 0. 0. 0. 0. 0. 0. 0. 0. 0. 0. 0. 0. 0. 1. 0. 1. 0. 0. 0.],500,100,0.3,0.002,1,9,idID,73,random
263,0.0010351970025270002,0.0010351970025270002,0.0035791595549000007,[0.        0.        0.        0.        0.        0.        0.        0.        0.        0.        0.        0.        0.        0.        0.        0.        0.        0.        0.        0.        0.        0.        0.        0.        0.        0.7418693 0.        0.01      0.        0.        0.       ],[0. 0. 0. 0. 0. 0. 0. 0. 0. 0. 0. 0. 0. 0. 0. 0. 0. 0. 0. 0. 0. 0. 0. 0. 0. 1. 0. 1. 0. 0. 0.],500,100,0.3,0.002,1,9,idID,73,random
264,0.0010351970025270002,0.0010351970025270002,0.0035791595549000007,[0.        0.        0.        0.        0.        0.        0.        0.        0.        0.        0.        0.        0.        0.        0.        0.        0.        0.        0.        0.        0.        0.        0.        0.        0.        0.7418693 0.        0.01      0.        0.        0.       ],[0. 0. 0. 0. 0. 0. 0. 0. 0. 0. 0. 0. 0. 0. 0. 0. 0. 0. 0. 0. 0. 0. 0. 0. 0. 1. 0. 1. 0. 0. 0.],500,100,0.3,0.002,1,9,idID,73,random
265,0.0010351970025270002,0.0010351970025270002,0.0035791595549000007,[0.        0.        0.        0.        0.        0.        0.        0.        0.        0.        0.        0.        0.        0.        0.        0.        0.        0.        0.        0.        0.        0.        0.        0.        0.        0.7418693 0.        0.01      0.        0.        0.       ],[0. 0. 0. 0. 0. 0. 0. 0. 0. 0. 0. 0. 0. 0. 0. 0. 0. 0. 0. 0. 0. 0. 0. 0. 0. 1. 0. 1. 0. 0. 0.],500,100,0.3,0.002,1,9,idID,73,random
266,0.0010351970025270002,0.0010351970025270002,0.0035791595549000007,[0.        0.        0.        0.        0.        0.        0.        0.        0.        0.        0.        0.        0.        0.        0.        0.        0.        0.        0.        0.        0.        0.        0.        0.        0.        0.7418693 0.        0.01      0.        0.        0.       ],[0. 0. 0. 0. 0. 0. 0. 0. 0. 0. 0. 0. 0. 0. 0. 0. 0. 0. 0. 0. 0. 0. 0. 0. 0. 1. 0. 1. 0. 0. 0.],500,100,0.3,0.002,1,9,idID,73,random
267,0.0010351970025270002,0.0010351970025270002,0.0035791595549000007,[0.        0.        0.        0.        0.        0.        0.        0.        0.        0.        0.        0.        0.        0.        0.        0.        0.        0.        0.        0.        0.        0.        0.        0.        0.        0.7418693 0.        0.01      0.        0.        0.       ],[0. 0. 0. 0. 0. 0. 0. 0. 0. 0. 0. 0. 0. 0. 0. 0. 0. 0. 0. 0. 0. 0. 0. 0. 0. 1. 0. 1. 0. 0. 0.],500,100,0.3,0.002,1,9,idID,73,random
268,0.0010351970025270002,0.0010351970025270002,0.0035791595549000007,[0.        0.        0.        0.        0.        0.        0.        0.        0.        0.        0.        0.        0.        0.        0.        0.        0.        0.        0.        0.        0.        0.        0.        0.        0.        0.7418693 0.        0.01      0.        0.        0.       ],[0. 0. 0. 0. 0. 0. 0. 0. 0. 0. 0. 0. 0. 0. 0. 0. 0. 0. 0. 0. 0. 0. 0. 0. 0. 1. 0. 1. 0. 0. 0.],500,100,0.3,0.002,1,9,idID,73,random
269,0.0010351970025270002,0.0010351970025270002,0.0035791595549000007,[0.        0.        0.        0.        0.        0.        0.        0.        0.        0.        0.        0.        0.        0.        0.        0.        0.        0.        0.        0.        0.        0.        0.        0.        0.        0.7418693 0.        0.01      0.        0.        0.       ],[0. 0. 0. 0. 0. 0. 0. 0. 0. 0. 0. 0. 0. 0. 0. 0. 0. 0. 0. 0. 0. 0. 0. 0. 0. 1. 0. 1. 0. 0. 0.],500,100,0.3,0.002,1,9,idID,73,random
270,0.0010351970025270002,0.0010351970025270002,0.0035791595549000007,[0.        0.        0.        0.        0.        0.        0.        0.        0.        0.        0.        0.        0.        0.        0.        0.        0.        0.        0.        0.        0.        0.        0.        0.        0.        0.7418693 0.        0.01      0.        0.        0.       ],[0. 0. 0. 0. 0. 0. 0. 0. 0. 0. 0. 0. 0. 0. 0. 0. 0. 0. 0. 0. 0. 0. 0. 0. 0. 1. 0. 1. 0. 0. 0.],500,100,0.3,0.002,1,9,idID,73,random
271,0.0010351970025270002,0.0010351970025270002,0.0035791595549000007,[0.        0.        0.        0.        0.        0.        0.        0.        0.        0.        0.        0.        0.        0.        0.        0.        0.        0.        0.        0.        0.        0.        0.        0.        0.        0.7418693 0.        0.01      0.        0.        0.       ],[0. 0. 0. 0. 0. 0. 0. 0. 0. 0. 0. 0. 0. 0. 0. 0. 0. 0. 0. 0. 0. 0. 0. 0. 0. 1. 0. 1. 0. 0. 0.],500,100,0.3,0.002,1,9,idID,73,random
272,0.0010351970025270002,0.0010351970025270002,0.0035791595549000007,[0.        0.        0.        0.        0.        0.        0.        0.        0.        0.        0.        0.        0.        0.        0.        0.        0.        0.        0.        0.        0.        0.        0.        0.        0.        0.7418693 0.        0.01      0.        0.        0.       ],[0. 0. 0. 0. 0. 0. 0. 0. 0. 0. 0. 0. 0. 0. 0. 0. 0. 0. 0. 0. 0. 0. 0. 0. 0. 1. 0. 1. 0. 0. 0.],500,100,0.3,0.002,1,9,idID,73,random
273,0.0010351970025270002,0.0010351970025270002,0.0035791595549000007,[0.        0.        0.        0.        0.        0.        0.        0.        0.        0.        0.        0.        0.        0.        0.        0.        0.        0.        0.        0.        0.        0.        0.        0.        0.        0.7418693 0.        0.01      0.        0.        0.       ],[0. 0. 0. 0. 0. 0. 0. 0. 0. 0. 0. 0. 0. 0. 0. 0. 0. 0. 0. 0. 0. 0. 0. 0. 0. 1. 0. 1. 0. 0. 0.],500,100,0.3,0.002,1,9,idID,73,random
274,0.0010351970025270002,0.0010351970025270002,0.0035791595549000007,[0.        0.        0.        0.        0.        0.        0.        0.        0.        0.        0.        0.        0.        0.        0.        0.        0.        0.        0.        0.        0.        0.        0.        0.        0.        0.7418693 0.        0.01      0.        0.        0.       ],[0. 0. 0. 0. 0. 0. 0. 0. 0. 0. 0. 0. 0. 0. 0. 0. 0. 0. 0. 0. 0. 0. 0. 0. 0. 1. 0. 1. 0. 0. 0.],500,100,0.3,0.002,1,9,idID,73,random
275,0.0010351970025270002,0.0010351970025270002,0.0035791595549000007,[0.        0.        0.        0.        0.        0.        0.        0.        0.        0.        0.        0.        0.        0.        0.        0.        0.        0.        0.        0.        0.        0.        0.        0.        0.        0.7418693 0.        0.01      0.        0.        0.       ],[0. 0. 0. 0. 0. 0. 0. 0. 0. 0. 0. 0. 0. 0. 0. 0. 0. 0. 0. 0. 0. 0. 0. 0. 0. 1. 0. 1. 0. 0. 0.],500,100,0.3,0.002,1,9,idID,73,random
276,0.0010351970025270002,0.0010351970025270002,0.0035791595549000007,[0.        0.        0.        0.        0.        0.        0.        0.        0.        0.        0.        0.        0.        0.        0.        0.        0.        0.        0.        0.        0.        0.        0.        0.        0.        0.7418693 0.        0.01      0.        0.        0.       ],[0. 0. 0. 0. 0. 0. 0. 0. 0. 0. 0. 0. 0. 0. 0. 0. 0. 0. 0. 0. 0. 0. 0. 0. 0. 1. 0. 1. 0. 0. 0.],500,100,0.3,0.002,1,9,idID,73,random
277,0.0010351970025270002,0.0010351970025270002,0.0035791595549000007,[0.        0.        0.        0.        0.        0.        0.        0.        0.        0.        0.        0.        0.        0.        0.        0.        0.        0.        0.        0.        0.        0.        0.        0.        0.        0.7418693 0.        0.01      0.        0.        0.       ],[0. 0. 0. 0. 0. 0. 0. 0. 0. 0. 0. 0. 0. 0. 0. 0. 0. 0. 0. 0. 0. 0. 0. 0. 0. 1. 0. 1. 0. 0. 0.],500,100,0.3,0.002,1,9,idID,73,random
278,0.0010351970025270002,0.0010351970025270002,0.0035791595549000007,[0.        0.        0.        0.        0.        0.        0.        0.        0.        0.        0.        0.        0.        0.        0.        0.        0.        0.        0.        0.        0.        0.        0.        0.        0.        0.7418693 0.        0.01      0.        0.        0.       ],[0. 0. 0. 0. 0. 0. 0. 0. 0. 0. 0. 0. 0. 0. 0. 0. 0. 0. 0. 0. 0. 0. 0. 0. 0. 1. 0. 1. 0. 0. 0.],500,100,0.3,0.002,1,9,idID,73,random
279,0.0010351970025270002,0.0010351970025270002,0.0035791595549000007,[0.        0.        0.        0.        0.        0.        0.        0.        0.        0.        0.        0.        0.        0.        0.        0.        0.        0.        0.        0.        0.        0.        0.        0.        0.        0.7418693 0.        0.01      0.        0.        0.       ],[0. 0. 0. 0. 0. 0. 0. 0. 0. 0. 0. 0. 0. 0. 0. 0. 0. 0. 0. 0. 0. 0. 0. 0. 0. 1. 0. 1. 0. 0. 0.],500,100,0.3,0.002,1,9,idID,73,random
280,0.0010351970025270002,0.0010351970025270002,0.0035791595549000007,[0.        0.        0.        0.        0.        0.        0.        0.        0.        0.        0.        0.        0.        0.        0.        0.        0.        0.        0.        0.        0.        0.        0.        0.        0.        0.7418693 0.        0.01      0.        0.        0.       ],[0. 0. 0. 0. 0. 0. 0. 0. 0. 0. 0. 0. 0. 0. 0. 0. 0. 0. 0. 0. 0. 0. 0. 0. 0. 1. 0. 1. 0. 0. 0.],500,100,0.3,0.002,1,9,idID,73,random
281,0.0010351970025270002,0.0010351970025270002,0.0035791595549000007,[0.        0.        0.        0.        0.        0.        0.        0.        0.        0.        0.        0.        0.        0.        0.        0.        0.        0.        0.        0.        0.        0.        0.        0.        0.        0.7418693 0.        0.01      0.        0.        0.       ],[0. 0. 0. 0. 0. 0. 0. 0. 0. 0. 0. 0. 0. 0. 0. 0. 0. 0. 0. 0. 0. 0. 0. 0. 0. 1. 0. 1. 0. 0. 0.],500,100,0.3,0.002,1,9,idID,73,random
282,0.0010351970025270002,0.0010351970025270002,0.0035791595549000007,[0.        0.        0.        0.        0.        0.        0.        0.        0.        0.        0.        0.        0.        0.        0.        0.        0.        0.        0.        0.        0.        0.        0.        0.        0.        0.7418693 0.        0.01      0.        0.        0.       ],[0. 0. 0. 0. 0. 0. 0. 0. 0. 0. 0. 0. 0. 0. 0. 0. 0. 0. 0. 0. 0. 0. 0. 0. 0. 1. 0. 1. 0. 0. 0.],500,100,0.3,0.002,1,9,idID,73,random
283,0.0010351970025270002,0.0010351970025270002,0.0035791595549000007,[0.        0.        0.        0.        0.        0.        0.        0.        0.        0.        0.        0.        0.        0.        0.        0.        0.        0.        0.        0.        0.        0.        0.        0.        0.        0.7418693 0.        0.01      0.        0.        0.       ],[0. 0. 0. 0. 0. 0. 0. 0. 0. 0. 0. 0. 0. 0. 0. 0. 0. 0. 0. 0. 0. 0. 0. 0. 0. 1. 0. 1. 0. 0. 0.],500,100,0.3,0.002,1,9,idID,73,random
284,0.0010351970025270002,0.0010351970025270002,0.0035791595549000007,[0.        0.        0.        0.        0.        0.        0.        0.        0.        0.        0.        0.        0.        0.        0.        0.        0.        0.        0.        0.        0.        0.        0.        0.        0.        0.7418693 0.        0.01      0.        0.        0.       ],[0. 0. 0. 0. 0. 0. 0. 0. 0. 0. 0. 0. 0. 0. 0. 0. 0. 0. 0. 0. 0. 0. 0. 0. 0. 1. 0. 1. 0. 0. 0.],500,100,0.3,0.002,1,9,idID,73,random
285,0.0010351970025270002,0.0010351970025270002,0.0035791595549000007,[0.        0.        0.        0.        0.        0.        0.        0.        0.        0.        0.        0.        0.        0.        0.        0.        0.        0.        0.        0.        0.        0.        0.        0.        0.        0.7418693 0.        0.01      0.        0.        0.       ],[0. 0. 0. 0. 0. 0. 0. 0. 0. 0. 0. 0. 0. 0. 0. 0. 0. 0. 0. 0. 0. 0. 0. 0. 0. 1. 0. 1. 0. 0. 0.],500,100,0.3,0.002,1,9,idID,73,random
286,0.0010351970025270002,0.0010351970025270002,0.0035791595549000007,[0.        0.        0.        0.        0.        0.        0.        0.        0.        0.        0.        0.        0.        0.        0.        0.        0.        0.        0.        0.        0.        0.        0.        0.        0.        0.7418693 0.        0.01      0.        0.        0.       ],[0. 0. 0. 0. 0. 0. 0. 0. 0. 0. 0. 0. 0. 0. 0. 0. 0. 0. 0. 0. 0. 0. 0. 0. 0. 1. 0. 1. 0. 0. 0.],500,100,0.3,0.002,1,9,idID,73,random
287,0.0010351970025270002,0.0010351970025270002,0.0035791595549000007,[0.        0.        0.        0.        0.        0.        0.        0.        0.        0.        0.        0.        0.        0.        0.        0.        0.        0.        0.        0.        0.        0.        0.        0.        0.        0.7418693 0.        0.01      0.        0.        0.       ],[0. 0. 0. 0. 0. 0. 0. 0. 0. 0. 0. 0. 0. 0. 0. 0. 0. 0. 0. 0. 0. 0. 0. 0. 0. 1. 0. 1. 0. 0. 0.],500,100,0.3,0.002,1,9,idID,73,random
288,0.0010351970025270002,0.0010351970025270002,0.0035791595549000007,[0.        0.        0.        0.        0.        0.        0.        0.        0.        0.        0.        0.        0.        0.        0.        0.        0.        0.        0.        0.        0.        0.        0.        0.        0.        0.7418693 0.        0.01      0.        0.        0.       ],[0. 0. 0. 0. 0. 0. 0. 0. 0. 0. 0. 0. 0. 0. 0. 0. 0. 0. 0. 0. 0. 0. 0. 0. 0. 1. 0. 1. 0. 0. 0.],500,100,0.3,0.002,1,9,idID,73,random
289,0.0010351970025270002,0.0010351970025270002,0.0035791595549000007,[0.        0.        0.        0.        0.        0.        0.        0.        0.        0.        0.        0.        0.        0.        0.        0.        0.        0.        0.        0.        0.        0.        0.        0.        0.        0.7418693 0.        0.01      0.        0.        0.       ],[0. 0. 0. 0. 0. 0. 0. 0. 0. 0. 0. 0. 0. 0. 0. 0. 0. 0. 0. 0. 0. 0. 0. 0. 0. 1. 0. 1. 0. 0. 0.],500,100,0.3,0.002,1,9,idID,73,random
290,0.0010351970025270002,0.0010351970025270002,0.0035791595549000007,[0.        0.        0.        0.        0.        0.        0.        0.        0.        0.        0.        0.        0.        0.        0.        0.        0.        0.        0.        0.        0.        0.        0.        0.        0.        0.7418693 0.        0.01      0.        0.        0.       ],[0. 0. 0. 0. 0. 0. 0. 0. 0. 0. 0. 0. 0. 0. 0. 0. 0. 0. 0. 0. 0. 0. 0. 0. 0. 1. 0. 1. 0. 0. 0.],500,100,0.3,0.002,1,9,idID,73,random
291,0.0010351970025270002,0.0010351970025270002,0.0035791595549000007,[0.        0.        0.        0.        0.        0.        0.        0.        0.        0.        0.        0.        0.        0.        0.        0.        0.        0.        0.        0.        0.        0.        0.        0.        0.        0.7418693 0.        0.01      0.        0.        0.       ],[0. 0. 0. 0. 0. 0. 0. 0. 0. 0. 0. 0. 0. 0. 0. 0. 0. 0. 0. 0. 0. 0. 0. 0. 0. 1. 0. 1. 0. 0. 0.],500,100,0.3,0.002,1,9,idID,73,random
292,0.0010351970025270002,0.0010351970025270002,0.0035791595549000007,[0.        0.        0.        0.        0.        0.        0.        0.        0.        0.        0.        0.        0.        0.        0.        0.        0.        0.        0.        0.        0.        0.        0.        0.        0.        0.7418693 0.        0.01      0.        0.        0.       ],[0. 0. 0. 0. 0. 0. 0. 0. 0. 0. 0. 0. 0. 0. 0. 0. 0. 0. 0. 0. 0. 0. 0. 0. 0. 1. 0. 1. 0. 0. 0.],500,100,0.3,0.002,1,9,idID,73,random
293,0.0010351970025270002,0.0010351970025270002,0.0035791595549000007,[0.        0.        0.        0.        0.        0.        0.        0.        0.        0.        0.        0.        0.        0.        0.        0.        0.        0.        0.        0.        0.        0.        0.        0.        0.        0.7418693 0.        0.01      0.        0.        0.       ],[0. 0. 0. 0. 0. 0. 0. 0. 0. 0. 0. 0. 0. 0. 0. 0. 0. 0. 0. 0. 0. 0. 0. 0. 0. 1. 0. 1. 0. 0. 0.],500,100,0.3,0.002,1,9,idID,73,random
294,0.0010351970025270002,0.0010351970025270002,0.0035791595549000007,[0.        0.        0.        0.        0.        0.        0.        0.        0.        0.        0.        0.        0.        0.        0.        0.        0.        0.        0.        0.        0.        0.        0.        0.        0.        0.7418693 0.        0.01      0.        0.        0.       ],[0. 0. 0. 0. 0. 0. 0. 0. 0. 0. 0. 0. 0. 0. 0. 0. 0. 0. 0. 0. 0. 0. 0. 0. 0. 1. 0. 1. 0. 0. 0.],500,100,0.3,0.002,1,9,idID,73,random
295,0.0010351970025270002,0.0010351970025270002,0.0035791595549000007,[0.        0.        0.        0.        0.        0.        0.        0.        0.        0.        0.        0.        0.        0.        0.        0.        0.        0.        0.        0.        0.        0.        0.        0.        0.        0.7418693 0.        0.01      0.        0.        0.       ],[0. 0. 0. 0. 0. 0. 0. 0. 0. 0. 0. 0. 0. 0. 0. 0. 0. 0. 0. 0. 0. 0. 0. 0. 0. 1. 0. 1. 0. 0. 0.],500,100,0.3,0.002,1,9,idID,73,random
296,0.0010351970025270002,0.0010351970025270002,0.0035791595549000007,[0.        0.        0.        0.        0.        0.        0.        0.        0.        0.        0.        0.        0.        0.        0.        0.        0.        0.        0.        0.        0.        0.        0.        0.        0.        0.7418693 0.        0.01      0.        0.        0.       ],[0. 0. 0. 0. 0. 0. 0. 0. 0. 0. 0. 0. 0. 0. 0. 0. 0. 0. 0. 0. 0. 0. 0. 0. 0. 1. 0. 1. 0. 0. 0.],500,100,0.3,0.002,1,9,idID,73,random
297,0.0010351970025270002,0.0010351970025270002,0.0035791595549000007,[0.        0.        0.        0.        0.        0.        0.        0.        0.        0.        0.        0.        0.        0.        0.        0.        0.        0.        0.        0.        0.        0.        0.        0.        0.        0.7418693 0.        0.01      0.        0.        0.       ],[0. 0. 0. 0. 0. 0. 0. 0. 0. 0. 0. 0. 0. 0. 0. 0. 0. 0. 0. 0. 0. 0. 0. 0. 0. 1. 0. 1. 0. 0. 0.],500,100,0.3,0.002,1,9,idID,73,random
298,0.0010351970025270002,0.0010351970025270002,0.0035791595549000007,[0.        0.        0.        0.        0.        0.        0.        0.        0.        0.        0.        0.        0.        0.        0.        0.        0.        0.        0.        0.        0.        0.        0.        0.        0.        0.7418693 0.        0.01      0.        0.        0.       ],[0. 0. 0. 0. 0. 0. 0. 0. 0. 0. 0. 0. 0. 0. 0. 0. 0. 0. 0. 0. 0. 0. 0. 0. 0. 1. 0. 1. 0. 0. 0.],500,100,0.3,0.002,1,9,idID,73,random
299,0.0010351970025270002,0.0010351970025270002,0.0035791595549000007,[0.        0.        0.        0.        0.        0.        0.        0.        0.        0.        0.        0.        0.        0.        0.        0.        0.        0.        0.        0.        0.        0.        0.        0.        0.        0.7418693 0.        0.01      0.        0.        0.       ],[0. 0. 0. 0. 0. 0. 0. 0. 0. 0. 0. 0. 0. 0. 0. 0. 0. 0. 0. 0. 0. 0. 0. 0. 0. 1. 0. 1. 0. 0. 0.],500,100,0.3,0.002,1,9,idID,73,random
300,0.0010351970025270002,0.0010351970025270002,0.0035791595549000007,[0.        0.        0.        0.        0.        0.        0.        0.        0.        0.        0.        0.        0.        0.        0.        0.        0.        0.        0.        0.        0.        0.        0.        0.        0.        0.7418693 0.        0.01      0.        0.        0.       ],[0. 0. 0. 0. 0. 0. 0. 0. 0. 0. 0. 0. 0. 0. 0. 0. 0. 0. 0. 0. 0. 0. 0. 0. 0. 1. 0. 1. 0. 0. 0.],500,100,0.3,0.002,1,9,idID,73,random
301,0.0010351970025270002,0.0010351970025270002,0.0035791595549000007,[0.        0.        0.        0.        0.        0.        0.        0.        0.        0.        0.        0.        0.        0.        0.        0.        0.        0.        0.        0.        0.        0.        0.        0.        0.        0.7418693 0.        0.01      0.        0.        0.       ],[0. 0. 0. 0. 0. 0. 0. 0. 0. 0. 0. 0. 0. 0. 0. 0. 0. 0. 0. 0. 0. 0. 0. 0. 0. 1. 0. 1. 0. 0. 0.],500,100,0.3,0.002,1,9,idID,73,random
302,0.0010351970025270002,0.0010351970025270002,0.0035791595549000007,[0.        0.        0.        0.        0.        0.        0.        0.        0.        0.        0.        0.        0.        0.        0.        0.        0.        0.        0.        0.        0.        0.        0.        0.        0.        0.7418693 0.        0.01      0.        0.        0.       ],[0. 0. 0. 0. 0. 0. 0. 0. 0. 0. 0. 0. 0. 0. 0. 0. 0. 0. 0. 0. 0. 0. 0. 0. 0. 1. 0. 1. 0. 0. 0.],500,100,0.3,0.002,1,9,idID,73,random
303,0.0010351970025270002,0.0010351970025270002,0.0035791595549000007,[0.        0.        0.        0.        0.        0.        0.        0.        0.        0.        0.        0.        0.        0.        0.        0.        0.        0.        0.        0.        0.        0.        0.        0.        0.        0.7418693 0.        0.01      0.        0.        0.       ],[0. 0. 0. 0. 0. 0. 0. 0. 0. 0. 0. 0. 0. 0. 0. 0. 0. 0. 0. 0. 0. 0. 0. 0. 0. 1. 0. 1. 0. 0. 0.],500,100,0.3,0.002,1,9,idID,73,random
304,0.0010351970025270002,0.0010351970025270002,0.0035791595549000007,[0.        0.        0.        0.        0.        0.        0.        0.        0.        0.        0.        0.        0.        0.        0.        0.        0.        0.        0.        0.        0.        0.        0.        0.        0.        0.7418693 0.        0.01      0.        0.        0.       ],[0. 0. 0. 0. 0. 0. 0. 0. 0. 0. 0. 0. 0. 0. 0. 0. 0. 0. 0. 0. 0. 0. 0. 0. 0. 1. 0. 1. 0. 0. 0.],500,100,0.3,0.002,1,9,idID,73,random
305,0.0010351970025270002,0.0010351970025270002,0.0035791595549000007,[0.        0.        0.        0.        0.        0.        0.        0.        0.        0.        0.        0.        0.        0.        0.        0.        0.        0.        0.        0.        0.        0.        0.        0.        0.        0.7418693 0.        0.01      0.        0.        0.       ],[0. 0. 0. 0. 0. 0. 0. 0. 0. 0. 0. 0. 0. 0. 0. 0. 0. 0. 0. 0. 0. 0. 0. 0. 0. 1. 0. 1. 0. 0. 0.],500,100,0.3,0.002,1,9,idID,73,random
306,0.0010351970025270002,0.0010351970025270002,0.0035791595549000007,[0.        0.        0.        0.        0.        0.        0.        0.        0.        0.        0.        0.        0.        0.        0.        0.        0.        0.        0.        0.        0.        0.        0.        0.        0.        0.7418693 0.        0.01      0.        0.        0.       ],[0. 0. 0. 0. 0. 0. 0. 0. 0. 0. 0. 0. 0. 0. 0. 0. 0. 0. 0. 0. 0. 0. 0. 0. 0. 1. 0. 1. 0. 0. 0.],500,100,0.3,0.002,1,9,idID,73,random
307,0.0010351970025270002,0.0010351970025270002,0.0035791595549000007,[0.        0.        0.        0.        0.        0.        0.        0.        0.        0.        0.        0.        0.        0.        0.        0.        0.        0.        0.        0.        0.        0.        0.        0.        0.        0.7418693 0.        0.01      0.        0.        0.       ],[0. 0. 0. 0. 0. 0. 0. 0. 0. 0. 0. 0. 0. 0. 0. 0. 0. 0. 0. 0. 0. 0. 0. 0. 0. 1. 0. 1. 0. 0. 0.],500,100,0.3,0.002,1,9,idID,73,random
308,0.0010351970025270002,0.0010351970025270002,0.0035791595549000007,[0.        0.        0.        0.        0.        0.        0.        0.        0.        0.        0.        0.        0.        0.        0.        0.        0.        0.        0.        0.        0.        0.        0.        0.        0.        0.7418693 0.        0.01      0.        0.        0.       ],[0. 0. 0. 0. 0. 0. 0. 0. 0. 0. 0. 0. 0. 0. 0. 0. 0. 0. 0. 0. 0. 0. 0. 0. 0. 1. 0. 1. 0. 0. 0.],500,100,0.3,0.002,1,9,idID,73,random
309,0.0010351970025270002,0.0010351970025270002,0.0035791595549000007,[0.        0.        0.        0.        0.        0.        0.        0.        0.        0.        0.        0.        0.        0.        0.        0.        0.        0.        0.        0.        0.        0.        0.        0.        0.        0.7418693 0.        0.01      0.        0.        0.       ],[0. 0. 0. 0. 0. 0. 0. 0. 0. 0. 0. 0. 0. 0. 0. 0. 0. 0. 0. 0. 0. 0. 0. 0. 0. 1. 0. 1. 0. 0. 0.],500,100,0.3,0.002,1,9,idID,73,random
310,0.0010351970025270002,0.0010351970025270002,0.0035791595549000007,[0.        0.        0.        0.        0.        0.        0.        0.        0.        0.        0.        0.        0.        0.        0.        0.        0.        0.        0.        0.        0.        0.        0.        0.        0.        0.7418693 0.        0.01      0.        0.        0.       ],[0. 0. 0. 0. 0. 0. 0. 0. 0. 0. 0. 0. 0. 0. 0. 0. 0. 0. 0. 0. 0. 0. 0. 0. 0. 1. 0. 1. 0. 0. 0.],500,100,0.3,0.002,1,9,idID,73,random
311,0.0010351970025270002,0.0010351970025270002,0.0035791595549000007,[0.        0.        0.        0.        0.        0.        0.        0.        0.        0.        0.        0.        0.        0.        0.        0.        0.        0.        0.        0.        0.        0.        0.        0.        0.        0.7418693 0.        0.01      0.        0.        0.       ],[0. 0. 0. 0. 0. 0. 0. 0. 0. 0. 0. 0. 0. 0. 0. 0. 0. 0. 0. 0. 0. 0. 0. 0. 0. 1. 0. 1. 0. 0. 0.],500,100,0.3,0.002,1,9,idID,73,random
312,0.0010351970025270002,0.0010351970025270002,0.0035791595549000007,[0.        0.        0.        0.        0.        0.        0.        0.        0.        0.        0.        0.        0.        0.        0.        0.        0.        0.        0.        0.        0.        0.        0.        0.        0.        0.7418693 0.        0.01      0.        0.        0.       ],[0. 0. 0. 0. 0. 0. 0. 0. 0. 0. 0. 0. 0. 0. 0. 0. 0. 0. 0. 0. 0. 0. 0. 0. 0. 1. 0. 1. 0. 0. 0.],500,100,0.3,0.002,1,9,idID,73,random
313,0.0010351970025270002,0.0010351970025270002,0.0035791595549000007,[0.        0.        0.        0.        0.        0.        0.        0.        0.        0.        0.        0.        0.        0.        0.        0.        0.        0.        0.        0.        0.        0.        0.        0.        0.        0.7418693 0.        0.01      0.        0.        0.       ],[0. 0. 0. 0. 0. 0. 0. 0. 0. 0. 0. 0. 0. 0. 0. 0. 0. 0. 0. 0. 0. 0. 0. 0. 0. 1. 0. 1. 0. 0. 0.],500,100,0.3,0.002,1,9,idID,73,random
314,0.0010351970025270002,0.0010351970025270002,0.0035791595549000007,[0.        0.        0.        0.        0.        0.        0.        0.        0.        0.        0.        0.        0.        0.        0.        0.        0.        0.        0.        0.        0.        0.        0.        0.        0.        0.7418693 0.        0.01      0.        0.        0.       ],[0. 0. 0. 0. 0. 0. 0. 0. 0. 0. 0. 0. 0. 0. 0. 0. 0. 0. 0. 0. 0. 0. 0. 0. 0. 1. 0. 1. 0. 0. 0.],500,100,0.3,0.002,1,9,idID,73,random
315,0.0010351970025270002,0.0010351970025270002,0.0035791595549000007,[0.        0.        0.        0.        0.        0.        0.        0.        0.        0.        0.        0.        0.        0.        0.        0.        0.        0.        0.        0.        0.        0.        0.        0.        0.        0.7418693 0.        0.01      0.        0.        0.       ],[0. 0. 0. 0. 0. 0. 0. 0. 0. 0. 0. 0. 0. 0. 0. 0. 0. 0. 0. 0. 0. 0. 0. 0. 0. 1. 0. 1. 0. 0. 0.],500,100,0.3,0.002,1,9,idID,73,random
316,0.0010351970025270002,0.0010351970025270002,0.0035791595549000007,[0.        0.        0.        0.        0.        0.        0.        0.        0.        0.        0.        0.        0.        0.        0.        0.        0.        0.        0.        0.        0.        0.        0.        0.        0.        0.7418693 0.        0.01      0.        0.        0.       ],[0. 0. 0. 0. 0. 0. 0. 0. 0. 0. 0. 0. 0. 0. 0. 0. 0. 0. 0. 0. 0. 0. 0. 0. 0. 1. 0. 1. 0. 0. 0.],500,100,0.3,0.002,1,9,idID,73,random
317,0.0010351970025270002,0.0010351970025270002,0.0035791595549000007,[0.        0.        0.        0.        0.        0.        0.        0.        0.        0.        0.        0.        0.        0.        0.        0.        0.        0.        0.        0.        0.        0.        0.        0.        0.        0.7418693 0.        0.01      0.        0.        0.       ],[0. 0. 0. 0. 0. 0. 0. 0. 0. 0. 0. 0. 0. 0. 0. 0. 0. 0. 0. 0. 0. 0. 0. 0. 0. 1. 0. 1. 0. 0. 0.],500,100,0.3,0.002,1,9,idID,73,random
318,0.0010351970025270002,0.0010351970025270002,0.0035791595549000007,[0.        0.        0.        0.        0.        0.        0.        0.        0.        0.        0.        0.        0.        0.        0.        0.        0.        0.        0.        0.        0.        0.        0.        0.        0.        0.7418693 0.        0.01      0.        0.        0.       ],[0. 0. 0. 0. 0. 0. 0. 0. 0. 0. 0. 0. 0. 0. 0. 0. 0. 0. 0. 0. 0. 0. 0. 0. 0. 1. 0. 1. 0. 0. 0.],500,100,0.3,0.002,1,9,idID,73,random
319,0.0010351970025270002,0.0010351970025270002,0.0035791595549000007,[0.        0.        0.        0.        0.        0.        0.        0.        0.        0.        0.        0.        0.        0.        0.        0.        0.        0.        0.        0.        0.        0.        0.        0.        0.        0.7418693 0.        0.01      0.        0.        0.       ],[0. 0. 0. 0. 0. 0. 0. 0. 0. 0. 0. 0. 0. 0. 0. 0. 0. 0. 0. 0. 0. 0. 0. 0. 0. 1. 0. 1. 0. 0. 0.],500,100,0.3,0.002,1,9,idID,73,random
320,0.0010351970025270002,0.0010351970025270002,0.0035791595549000007,[0.        0.        0.        0.        0.        0.        0.        0.        0.        0.        0.        0.        0.        0.        0.        0.        0.        0.        0.        0.        0.        0.        0.        0.        0.        0.7418693 0.        0.01      0.        0.        0.       ],[0. 0. 0. 0. 0. 0. 0. 0. 0. 0. 0. 0. 0. 0. 0. 0. 0. 0. 0. 0. 0. 0. 0. 0. 0. 1. 0. 1. 0. 0. 0.],500,100,0.3,0.002,1,9,idID,73,random
321,0.0010351970025270002,0.0010351970025270002,0.0035791595549000007,[0.        0.        0.        0.        0.        0.        0.        0.        0.        0.        0.        0.        0.        0.        0.        0.        0.        0.        0.        0.        0.        0.        0.        0.        0.        0.7418693 0.        0.01      0.        0.        0.       ],[0. 0. 0. 0. 0. 0. 0. 0. 0. 0. 0. 0. 0. 0. 0. 0. 0. 0. 0. 0. 0. 0. 0. 0. 0. 1. 0. 1. 0. 0. 0.],500,100,0.3,0.002,1,9,idID,73,random
322,0.0010351970025270002,0.0010351970025270002,0.0035791595549000007,[0.        0.        0.        0.        0.        0.        0.        0.        0.        0.        0.        0.        0.        0.        0.        0.        0.        0.        0.        0.        0.        0.        0.        0.        0.        0.7418693 0.        0.01      0.        0.        0.       ],[0. 0. 0. 0. 0. 0. 0. 0. 0. 0. 0. 0. 0. 0. 0. 0. 0. 0. 0. 0. 0. 0. 0. 0. 0. 1. 0. 1. 0. 0. 0.],500,100,0.3,0.002,1,9,idID,73,random
323,0.0010351970025270002,0.0010351970025270002,0.0035791595549000007,[0.        0.        0.        0.        0.        0.        0.        0.        0.        0.        0.        0.        0.        0.        0.        0.        0.        0.        0.        0.        0.        0.        0.        0.        0.        0.7418693 0.        0.01      0.        0.        0.       ],[0. 0. 0. 0. 0. 0. 0. 0. 0. 0. 0. 0. 0. 0. 0. 0. 0. 0. 0. 0. 0. 0. 0. 0. 0. 1. 0. 1. 0. 0. 0.],500,100,0.3,0.002,1,9,idID,73,random
324,0.0010351970025270002,0.0010351970025270002,0.0035791595549000007,[0.        0.        0.        0.        0.        0.        0.        0.        0.        0.        0.        0.        0.        0.        0.        0.        0.        0.        0.        0.        0.        0.        0.        0.        0.        0.7418693 0.        0.01      0.        0.        0.       ],[0. 0. 0. 0. 0. 0. 0. 0. 0. 0. 0. 0. 0. 0. 0. 0. 0. 0. 0. 0. 0. 0. 0. 0. 0. 1. 0. 1. 0. 0. 0.],500,100,0.3,0.002,1,9,idID,73,random
325,0.0010351970025270002,0.0010351970025270002,0.0035791595549000007,[0.        0.        0.        0.        0.        0.        0.        0.        0.        0.        0.        0.        0.        0.        0.        0.        0.        0.        0.        0.        0.        0.        0.        0.        0.        0.7418693 0.        0.01      0.        0.        0.       ],[0. 0. 0. 0. 0. 0. 0. 0. 0. 0. 0. 0. 0. 0. 0. 0. 0. 0. 0. 0. 0. 0. 0. 0. 0. 1. 0. 1. 0. 0. 0.],500,100,0.3,0.002,1,9,idID,73,random
326,0.0010351970025270002,0.0010351970025270002,0.0035791595549000007,[0.        0.        0.        0.        0.        0.        0.        0.        0.        0.        0.        0.        0.        0.        0.        0.        0.        0.        0.        0.        0.        0.        0.        0.        0.        0.7418693 0.        0.01      0.        0.        0.       ],[0. 0. 0. 0. 0. 0. 0. 0. 0. 0. 0. 0. 0. 0. 0. 0. 0. 0. 0. 0. 0. 0. 0. 0. 0. 1. 0. 1. 0. 0. 0.],500,100,0.3,0.002,1,9,idID,73,random
327,0.0010351970025270002,0.0010351970025270002,0.0035791595549000007,[0.        0.        0.        0.        0.        0.        0.        0.        0.        0.        0.        0.        0.        0.        0.        0.        0.        0.        0.        0.        0.        0.        0.        0.        0.        0.7418693 0.        0.01      0.        0.        0.       ],[0. 0. 0. 0. 0. 0. 0. 0. 0. 0. 0. 0. 0. 0. 0. 0. 0. 0. 0. 0. 0. 0. 0. 0. 0. 1. 0. 1. 0. 0. 0.],500,100,0.3,0.002,1,9,idID,73,random
328,0.0010351970025270002,0.0010351970025270002,0.0035791595549000007,[0.        0.        0.        0.        0.        0.        0.        0.        0.        0.        0.        0.        0.        0.        0.        0.        0.        0.        0.        0.        0.        0.        0.        0.        0.        0.7418693 0.        0.01      0.        0.        0.       ],[0. 0. 0. 0. 0. 0. 0. 0. 0. 0. 0. 0. 0. 0. 0. 0. 0. 0. 0. 0. 0. 0. 0. 0. 0. 1. 0. 1. 0. 0. 0.],500,100,0.3,0.002,1,9,idID,73,random
329,0.0010351970025270002,0.0010351970025270002,0.0035791595549000007,[0.        0.        0.        0.        0.        0.        0.        0.        0.        0.        0.        0.        0.        0.        0.        0.        0.        0.        0.        0.        0.        0.        0.        0.        0.        0.7418693 0.        0.01      0.        0.        0.       ],[0. 0. 0. 0. 0. 0. 0. 0. 0. 0. 0. 0. 0. 0. 0. 0. 0. 0. 0. 0. 0. 0. 0. 0. 0. 1. 0. 1. 0. 0. 0.],500,100,0.3,0.002,1,9,idID,73,random
330,0.0010351970025270002,0.0010351970025270002,0.0035791595549000007,[0.        0.        0.        0.        0.        0.        0.        0.        0.        0.        0.        0.        0.        0.        0.        0.        0.        0.        0.        0.        0.        0.        0.        0.        0.        0.7418693 0.        0.01      0.        0.        0.       ],[0. 0. 0. 0. 0. 0. 0. 0. 0. 0. 0. 0. 0. 0. 0. 0. 0. 0. 0. 0. 0. 0. 0. 0. 0. 1. 0. 1. 0. 0. 0.],500,100,0.3,0.002,1,9,idID,73,random
331,0.0010351970025270002,0.0010351970025270002,0.0035791595549000007,[0.        0.        0.        0.        0.        0.        0.        0.        0.        0.        0.        0.        0.        0.        0.        0.        0.        0.        0.        0.        0.        0.        0.        0.        0.        0.7418693 0.        0.01      0.        0.        0.       ],[0. 0. 0. 0. 0. 0. 0. 0. 0. 0. 0. 0. 0. 0. 0. 0. 0. 0. 0. 0. 0. 0. 0. 0. 0. 1. 0. 1. 0. 0. 0.],500,100,0.3,0.002,1,9,idID,73,random
332,0.0010351970025270002,0.0010351970025270002,0.0035791595549000007,[0.        0.        0.        0.        0.        0.        0.        0.        0.        0.        0.        0.        0.        0.        0.        0.        0.        0.        0.        0.        0.        0.        0.        0.        0.        0.7418693 0.        0.01      0.        0.        0.       ],[0. 0. 0. 0. 0. 0. 0. 0. 0. 0. 0. 0. 0. 0. 0. 0. 0. 0. 0. 0. 0. 0. 0. 0. 0. 1. 0. 1. 0. 0. 0.],500,100,0.3,0.002,1,9,idID,73,random
333,0.0010351970025270002,0.0010351970025270002,0.0035791595549000007,[0.        0.        0.        0.        0.        0.        0.        0.        0.        0.        0.        0.        0.        0.        0.        0.        0.        0.        0.        0.        0.        0.        0.        0.        0.        0.7418693 0.        0.01      0.        0.        0.       ],[0. 0. 0. 0. 0. 0. 0. 0. 0. 0. 0. 0. 0. 0. 0. 0. 0. 0. 0. 0. 0. 0. 0. 0. 0. 1. 0. 1. 0. 0. 0.],500,100,0.3,0.002,1,9,idID,73,random
334,0.0010351970025270002,0.0010351970025270002,0.0035791595549000007,[0.        0.        0.        0.        0.        0.        0.        0.        0.        0.        0.        0.        0.        0.        0.        0.        0.        0.        0.        0.        0.        0.        0.        0.        0.        0.7418693 0.        0.01      0.        0.        0.       ],[0. 0. 0. 0. 0. 0. 0. 0. 0. 0. 0. 0. 0. 0. 0. 0. 0. 0. 0. 0. 0. 0. 0. 0. 0. 1. 0. 1. 0. 0. 0.],500,100,0.3,0.002,1,9,idID,73,random
335,0.0010351970025270002,0.0010351970025270002,0.0035791595549000007,[0.        0.        0.        0.        0.        0.        0.        0.        0.        0.        0.        0.        0.        0.        0.        0.        0.        0.        0.        0.        0.        0.        0.        0.        0.        0.7418693 0.        0.01      0.        0.        0.       ],[0. 0. 0. 0. 0. 0. 0. 0. 0. 0. 0. 0. 0. 0. 0. 0. 0. 0. 0. 0. 0. 0. 0. 0. 0. 1. 0. 1. 0. 0. 0.],500,100,0.3,0.002,1,9,idID,73,random
336,0.0010351970025270002,0.0010351970025270002,0.0035791595549000007,[0.        0.        0.        0.        0.        0.        0.        0.        0.        0.        0.        0.        0.        0.        0.        0.        0.        0.        0.        0.        0.        0.        0.        0.        0.        0.7418693 0.        0.01      0.        0.        0.       ],[0. 0. 0. 0. 0. 0. 0. 0. 0. 0. 0. 0. 0. 0. 0. 0. 0. 0. 0. 0. 0. 0. 0. 0. 0. 1. 0. 1. 0. 0. 0.],500,100,0.3,0.002,1,9,idID,73,random
337,0.0010351970025270002,0.0010351970025270002,0.0035791595549000007,[0.        0.        0.        0.        0.        0.        0.        0.        0.        0.        0.        0.        0.        0.        0.        0.        0.        0.        0.        0.        0.        0.        0.        0.        0.        0.7418693 0.        0.01      0.        0.        0.       ],[0. 0. 0. 0. 0. 0. 0. 0. 0. 0. 0. 0. 0. 0. 0. 0. 0. 0. 0. 0. 0. 0. 0. 0. 0. 1. 0. 1. 0. 0. 0.],500,100,0.3,0.002,1,9,idID,73,random
338,0.0010351970025270002,0.0010351970025270002,0.0035791595549000007,[0.        0.        0.        0.        0.        0.        0.        0.        0.        0.        0.        0.        0.        0.        0.        0.        0.        0.        0.        0.        0.        0.        0.        0.        0.        0.7418693 0.        0.01      0.        0.        0.       ],[0. 0. 0. 0. 0. 0. 0. 0. 0. 0. 0. 0. 0. 0. 0. 0. 0. 0. 0. 0. 0. 0. 0. 0. 0. 1. 0. 1. 0. 0. 0.],500,100,0.3,0.002,1,9,idID,73,random
339,0.0010351970025270002,0.0010351970025270002,0.0035791595549000007,[0.        0.        0.        0.        0.        0.        0.        0.        0.        0.        0.        0.        0.        0.        0.        0.        0.        0.        0.        0.        0.        0.        0.        0.        0.        0.7418693 0.        0.01      0.        0.        0.       ],[0. 0. 0. 0. 0. 0. 0. 0. 0. 0. 0. 0. 0. 0. 0. 0. 0. 0. 0. 0. 0. 0. 0. 0. 0. 1. 0. 1. 0. 0. 0.],500,100,0.3,0.002,1,9,idID,73,random
340,0.0010351970025270002,0.0010351970025270002,0.0035791595549000007,[0.        0.        0.        0.        0.        0.        0.        0.        0.        0.        0.        0.        0.        0.        0.        0.        0.        0.        0.        0.        0.        0.        0.        0.        0.        0.7418693 0.        0.01      0.        0.        0.       ],[0. 0. 0. 0. 0. 0. 0. 0. 0. 0. 0. 0. 0. 0. 0. 0. 0. 0. 0. 0. 0. 0. 0. 0. 0. 1. 0. 1. 0. 0. 0.],500,100,0.3,0.002,1,9,idID,73,random
341,0.0010351970025270002,0.0010351970025270002,0.0035791595549000007,[0.        0.        0.        0.        0.        0.        0.        0.        0.        0.        0.        0.        0.        0.        0.        0.        0.        0.        0.        0.        0.        0.        0.        0.        0.        0.7418693 0.        0.01      0.        0.        0.       ],[0. 0. 0. 0. 0. 0. 0. 0. 0. 0. 0. 0. 0. 0. 0. 0. 0. 0. 0. 0. 0. 0. 0. 0. 0. 1. 0. 1. 0. 0. 0.],500,100,0.3,0.002,1,9,idID,73,random
342,0.0010351970025270002,0.0010351970025270002,0.0035791595549000007,[0.        0.        0.        0.        0.        0.        0.        0.        0.        0.        0.        0.        0.        0.        0.        0.        0.        0.        0.        0.        0.        0.        0.        0.        0.        0.7418693 0.        0.01      0.        0.        0.       ],[0. 0. 0. 0. 0. 0. 0. 0. 0. 0. 0. 0. 0. 0. 0. 0. 0. 0. 0. 0. 0. 0. 0. 0. 0. 1. 0. 1. 0. 0. 0.],500,100,0.3,0.002,1,9,idID,73,random
343,0.0010351970025270002,0.0010351970025270002,0.0035791595549000007,[0.        0.        0.        0.        0.        0.        0.        0.        0.        0.        0.        0.        0.        0.        0.        0.        0.        0.        0.        0.        0.        0.        0.        0.        0.        0.7418693 0.        0.01      0.        0.        0.       ],[0. 0. 0. 0. 0. 0. 0. 0. 0. 0. 0. 0. 0. 0. 0. 0. 0. 0. 0. 0. 0. 0. 0. 0. 0. 1. 0. 1. 0. 0. 0.],500,100,0.3,0.002,1,9,idID,73,random
344,0.0010351970025270002,0.0010351970025270002,0.0035791595549000007,[0.        0.        0.        0.        0.        0.        0.        0.        0.        0.        0.        0.        0.        0.        0.        0.        0.        0.        0.        0.        0.        0.        0.        0.        0.        0.7418693 0.        0.01      0.        0.        0.       ],[0. 0. 0. 0. 0. 0. 0. 0. 0. 0. 0. 0. 0. 0. 0. 0. 0. 0. 0. 0. 0. 0. 0. 0. 0. 1. 0. 1. 0. 0. 0.],500,100,0.3,0.002,1,9,idID,73,random
345,0.0010351970025270002,0.0010351970025270002,0.0035791595549000007,[0.        0.        0.        0.        0.        0.        0.        0.        0.        0.        0.        0.        0.        0.        0.        0.        0.        0.        0.        0.        0.        0.        0.        0.        0.        0.7418693 0.        0.01      0.        0.        0.       ],[0. 0. 0. 0. 0. 0. 0. 0. 0. 0. 0. 0. 0. 0. 0. 0. 0. 0. 0. 0. 0. 0. 0. 0. 0. 1. 0. 1. 0. 0. 0.],500,100,0.3,0.002,1,9,idID,73,random
346,0.0010351970025270002,0.0010351970025270002,0.0035791595549000007,[0.        0.        0.        0.        0.        0.        0.        0.        0.        0.        0.        0.        0.        0.        0.        0.        0.        0.        0.        0.        0.        0.        0.        0.        0.        0.7418693 0.        0.01      0.        0.        0.       ],[0. 0. 0. 0. 0. 0. 0. 0. 0. 0. 0. 0. 0. 0. 0. 0. 0. 0. 0. 0. 0. 0. 0. 0. 0. 1. 0. 1. 0. 0. 0.],500,100,0.3,0.002,1,9,idID,73,random
347,0.0010351970025270002,0.0010351970025270002,0.0035791595549000007,[0.        0.        0.        0.        0.        0.        0.        0.        0.        0.        0.        0.        0.        0.        0.        0.        0.        0.        0.        0.        0.        0.        0.        0.        0.        0.7418693 0.        0.01      0.        0.        0.       ],[0. 0. 0. 0. 0. 0. 0. 0. 0. 0. 0. 0. 0. 0. 0. 0. 0. 0. 0. 0. 0. 0. 0. 0. 0. 1. 0. 1. 0. 0. 0.],500,100,0.3,0.002,1,9,idID,73,random
348,0.0010351970025270002,0.0010351970025270002,0.0035791595549000007,[0.        0.        0.        0.        0.        0.        0.        0.        0.        0.        0.        0.        0.        0.        0.        0.        0.        0.        0.        0.        0.        0.        0.        0.        0.        0.7418693 0.        0.01      0.        0.        0.       ],[0. 0. 0. 0. 0. 0. 0. 0. 0. 0. 0. 0. 0. 0. 0. 0. 0. 0. 0. 0. 0. 0. 0. 0. 0. 1. 0. 1. 0. 0. 0.],500,100,0.3,0.002,1,9,idID,73,random
349,0.0010351970025270002,0.0010351970025270002,0.0035791595549000007,[0.        0.        0.        0.        0.        0.        0.        0.        0.        0.        0.        0.        0.        0.        0.        0.        0.        0.        0.        0.        0.        0.        0.        0.        0.        0.7418693 0.        0.01      0.        0.        0.       ],[0. 0. 0. 0. 0. 0. 0. 0. 0. 0. 0. 0. 0. 0. 0. 0. 0. 0. 0. 0. 0. 0. 0. 0. 0. 1. 0. 1. 0. 0. 0.],500,100,0.3,0.002,1,9,idID,73,random
350,0.0010351970025270002,0.0010351970025270002,0.0035791595549000007,[0.        0.        0.        0.        0.        0.        0.        0.        0.        0.        0.        0.        0.        0.        0.        0.        0.        0.        0.        0.        0.        0.        0.        0.        0.        0.7418693 0.        0.01      0.        0.        0.       ],[0. 0. 0. 0. 0. 0. 0. 0. 0. 0. 0. 0. 0. 0. 0. 0. 0. 0. 0. 0. 0. 0. 0. 0. 0. 1. 0. 1. 0. 0. 0.],500,100,0.3,0.002,1,9,idID,73,random
351,0.0010351970025270002,0.0010351970025270002,0.0035791595549000007,[0.        0.        0.        0.        0.        0.        0.        0.        0.        0.        0.        0.        0.        0.        0.        0.        0.        0.        0.        0.        0.        0.        0.        0.        0.        0.7418693 0.        0.01      0.        0.        0.       ],[0. 0. 0. 0. 0. 0. 0. 0. 0. 0. 0. 0. 0. 0. 0. 0. 0. 0. 0. 0. 0. 0. 0. 0. 0. 1. 0. 1. 0. 0. 0.],500,100,0.3,0.002,1,9,idID,73,random
352,0.0010351970025270002,0.0010351970025270002,0.0035791595549000007,[0.        0.        0.        0.        0.        0.        0.        0.        0.        0.        0.        0.        0.        0.        0.        0.        0.        0.        0.        0.        0.        0.        0.        0.        0.        0.7418693 0.        0.01      0.        0.        0.       ],[0. 0. 0. 0. 0. 0. 0. 0. 0. 0. 0. 0. 0. 0. 0. 0. 0. 0. 0. 0. 0. 0. 0. 0. 0. 1. 0. 1. 0. 0. 0.],500,100,0.3,0.002,1,9,idID,73,random
353,0.0010351970025270002,0.0010351970025270002,0.0035791595549000007,[0.        0.        0.        0.        0.        0.        0.        0.        0.        0.        0.        0.        0.        0.        0.        0.        0.        0.        0.        0.        0.        0.        0.        0.        0.        0.7418693 0.        0.01      0.        0.        0.       ],[0. 0. 0. 0. 0. 0. 0. 0. 0. 0. 0. 0. 0. 0. 0. 0. 0. 0. 0. 0. 0. 0. 0. 0. 0. 1. 0. 1. 0. 0. 0.],500,100,0.3,0.002,1,9,idID,73,random
354,0.0010351970025270002,0.0010351970025270002,0.0035791595549000007,[0.        0.        0.        0.        0.        0.        0.        0.        0.        0.        0.        0.        0.        0.        0.        0.        0.        0.        0.        0.        0.        0.        0.        0.        0.        0.7418693 0.        0.01      0.        0.        0.       ],[0. 0. 0. 0. 0. 0. 0. 0. 0. 0. 0. 0. 0. 0. 0. 0. 0. 0. 0. 0. 0. 0. 0. 0. 0. 1. 0. 1. 0. 0. 0.],500,100,0.3,0.002,1,9,idID,73,random
355,0.0010351970025270002,0.0010351970025270002,0.0035791595549000007,[0.        0.        0.        0.        0.        0.        0.        0.        0.        0.        0.        0.        0.        0.        0.        0.        0.        0.        0.        0.        0.        0.        0.        0.        0.        0.7418693 0.        0.01      0.        0.        0.       ],[0. 0. 0. 0. 0. 0. 0. 0. 0. 0. 0. 0. 0. 0. 0. 0. 0. 0. 0. 0. 0. 0. 0. 0. 0. 1. 0. 1. 0. 0. 0.],500,100,0.3,0.002,1,9,idID,73,random
356,0.0010351970025270002,0.0010351970025270002,0.0035791595549000007,[0.        0.        0.        0.        0.        0.        0.        0.        0.        0.        0.        0.        0.        0.        0.        0.        0.        0.        0.        0.        0.        0.        0.        0.        0.        0.7418693 0.        0.01      0.        0.        0.       ],[0. 0. 0. 0. 0. 0. 0. 0. 0. 0. 0. 0. 0. 0. 0. 0. 0. 0. 0. 0. 0. 0. 0. 0. 0. 1. 0. 1. 0. 0. 0.],500,100,0.3,0.002,1,9,idID,73,random
357,0.0010351970025270002,0.0010351970025270002,0.0035791595549000007,[0.        0.        0.        0.        0.        0.        0.        0.        0.        0.        0.        0.        0.        0.        0.        0.        0.        0.        0.        0.        0.        0.        0.        0.        0.        0.7418693 0.        0.01      0.        0.        0.       ],[0. 0. 0. 0. 0. 0. 0. 0. 0. 0. 0. 0. 0. 0. 0. 0. 0. 0. 0. 0. 0. 0. 0. 0. 0. 1. 0. 1. 0. 0. 0.],500,100,0.3,0.002,1,9,idID,73,random
358,0.0010351970025270002,0.0010351970025270002,0.0035791595549000007,[0.        0.        0.        0.        0.        0.        0.        0.        0.        0.        0.        0.        0.        0.        0.        0.        0.        0.        0.        0.        0.        0.        0.        0.        0.        0.7418693 0.        0.01      0.        0.        0.       ],[0. 0. 0. 0. 0. 0. 0. 0. 0. 0. 0. 0. 0. 0. 0. 0. 0. 0. 0. 0. 0. 0. 0. 0. 0. 1. 0. 1. 0. 0. 0.],500,100,0.3,0.002,1,9,idID,73,random
359,0.0010351970025270002,0.0010351970025270002,0.0035791595549000007,[0.        0.        0.        0.        0.        0.        0.        0.        0.        0.        0.        0.        0.        0.        0.        0.        0.        0.        0.        0.        0.        0.        0.        0.        0.        0.7418693 0.        0.01      0.        0.        0.       ],[0. 0. 0. 0. 0. 0. 0. 0. 0. 0. 0. 0. 0. 0. 0. 0. 0. 0. 0. 0. 0. 0. 0. 0. 0. 1. 0. 1. 0. 0. 0.],500,100,0.3,0.002,1,9,idID,73,random
360,0.0010351970025270002,0.0010351970025270002,0.0035791595549000007,[0.        0.        0.        0.        0.        0.        0.        0.        0.        0.        0.        0.        0.        0.        0.        0.        0.        0.        0.        0.        0.        0.        0.        0.        0.        0.7418693 0.        0.01      0.        0.        0.       ],[0. 0. 0. 0. 0. 0. 0. 0. 0. 0. 0. 0. 0. 0. 0. 0. 0. 0. 0. 0. 0. 0. 0. 0. 0. 1. 0. 1. 0. 0. 0.],500,100,0.3,0.002,1,9,idID,73,random
361,0.0010351970025270002,0.0010351970025270002,0.0035791595549000007,[0.        0.        0.        0.        0.        0.        0.        0.        0.        0.        0.        0.        0.        0.        0.        0.        0.        0.        0.        0.        0.        0.        0.        0.        0.        0.7418693 0.        0.01      0.        0.        0.       ],[0. 0. 0. 0. 0. 0. 0. 0. 0. 0. 0. 0. 0. 0. 0. 0. 0. 0. 0. 0. 0. 0. 0. 0. 0. 1. 0. 1. 0. 0. 0.],500,100,0.3,0.002,1,9,idID,73,random
362,0.0010351970025270002,0.0010351970025270002,0.0035791595549000007,[0.        0.        0.        0.        0.        0.        0.        0.        0.        0.        0.        0.        0.        0.        0.        0.        0.        0.        0.        0.        0.        0.        0.        0.        0.        0.7418693 0.        0.01      0.        0.        0.       ],[0. 0. 0. 0. 0. 0. 0. 0. 0. 0. 0. 0. 0. 0. 0. 0. 0. 0. 0. 0. 0. 0. 0. 0. 0. 1. 0. 1. 0. 0. 0.],500,100,0.3,0.002,1,9,idID,73,random
363,0.0010351970025270002,0.0010351970025270002,0.0035791595549000007,[0.        0.        0.        0.        0.        0.        0.        0.        0.        0.        0.        0.        0.        0.        0.        0.        0.        0.        0.        0.        0.        0.        0.        0.        0.        0.7418693 0.        0.01      0.        0.        0.       ],[0. 0. 0. 0. 0. 0. 0. 0. 0. 0. 0. 0. 0. 0. 0. 0. 0. 0. 0. 0. 0. 0. 0. 0. 0. 1. 0. 1. 0. 0. 0.],500,100,0.3,0.002,1,9,idID,73,random
364,0.0010351970025270002,0.0010351970025270002,0.0035791595549000007,[0.        0.        0.        0.        0.        0.        0.        0.        0.        0.        0.        0.        0.        0.        0.        0.        0.        0.        0.        0.        0.        0.        0.        0.        0.        0.7418693 0.        0.01      0.        0.        0.       ],[0. 0. 0. 0. 0. 0. 0. 0. 0. 0. 0. 0. 0. 0. 0. 0. 0. 0. 0. 0. 0. 0. 0. 0. 0. 1. 0. 1. 0. 0. 0.],500,100,0.3,0.002,1,9,idID,73,random
365,0.0010351970025270002,0.0010351970025270002,0.0035791595549000007,[0.        0.        0.        0.        0.        0.        0.        0.        0.        0.        0.        0.        0.        0.        0.        0.        0.        0.        0.        0.        0.        0.        0.        0.        0.        0.7418693 0.        0.01      0.        0.        0.       ],[0. 0. 0. 0. 0. 0. 0. 0. 0. 0. 0. 0. 0. 0. 0. 0. 0. 0. 0. 0. 0. 0. 0. 0. 0. 1. 0. 1. 0. 0. 0.],500,100,0.3,0.002,1,9,idID,73,random
366,0.0010351970025270002,0.0010351970025270002,0.0035791595549000007,[0.        0.        0.        0.        0.        0.        0.        0.        0.        0.        0.        0.        0.        0.        0.        0.        0.        0.        0.        0.        0.        0.        0.        0.        0.        0.7418693 0.        0.01      0.        0.        0.       ],[0. 0. 0. 0. 0. 0. 0. 0. 0. 0. 0. 0. 0. 0. 0. 0. 0. 0. 0. 0. 0. 0. 0. 0. 0. 1. 0. 1. 0. 0. 0.],500,100,0.3,0.002,1,9,idID,73,random
367,0.0010351970025270002,0.0010351970025270002,0.0035791595549000007,[0.        0.        0.        0.        0.        0.        0.        0.        0.        0.        0.        0.        0.        0.        0.        0.        0.        0.        0.        0.        0.        0.        0.        0.        0.        0.7418693 0.        0.01      0.        0.        0.       ],[0. 0. 0. 0. 0. 0. 0. 0. 0. 0. 0. 0. 0. 0. 0. 0. 0. 0. 0. 0. 0. 0. 0. 0. 0. 1. 0. 1. 0. 0. 0.],500,100,0.3,0.002,1,9,idID,73,random
368,0.0010351970025270002,0.0010351970025270002,0.0035791595549000007,[0.        0.        0.        0.        0.        0.        0.        0.        0.        0.        0.        0.        0.        0.        0.        0.        0.        0.        0.        0.        0.        0.        0.        0.        0.        0.7418693 0.        0.01      0.        0.        0.       ],[0. 0. 0. 0. 0. 0. 0. 0. 0. 0. 0. 0. 0. 0. 0. 0. 0. 0. 0. 0. 0. 0. 0. 0. 0. 1. 0. 1. 0. 0. 0.],500,100,0.3,0.002,1,9,idID,73,random
369,0.0010351970025270002,0.0010351970025270002,0.0035791595549000007,[0.        0.        0.        0.        0.        0.        0.        0.        0.        0.        0.        0.        0.        0.        0.        0.        0.        0.        0.        0.        0.        0.        0.        0.        0.        0.7418693 0.        0.01      0.        0.        0.       ],[0. 0. 0. 0. 0. 0. 0. 0. 0. 0. 0. 0. 0. 0. 0. 0. 0. 0. 0. 0. 0. 0. 0. 0. 0. 1. 0. 1. 0. 0. 0.],500,100,0.3,0.002,1,9,idID,73,random
370,0.0010351970025270002,0.0010351970025270002,0.0035791595549000007,[0.        0.        0.        0.        0.        0.        0.        0.        0.        0.        0.        0.        0.        0.        0.        0.        0.        0.        0.        0.        0.        0.        0.        0.        0.        0.7418693 0.        0.01      0.        0.        0.       ],[0. 0. 0. 0. 0. 0. 0. 0. 0. 0. 0. 0. 0. 0. 0. 0. 0. 0. 0. 0. 0. 0. 0. 0. 0. 1. 0. 1. 0. 0. 0.],500,100,0.3,0.002,1,9,idID,73,random
371,0.0010351970025270002,0.0010351970025270002,0.0035791595549000007,[0.        0.        0.        0.        0.        0.        0.        0.        0.        0.        0.        0.        0.        0.        0.        0.        0.        0.        0.        0.        0.        0.        0.        0.        0.        0.7418693 0.        0.01      0.        0.        0.       ],[0. 0. 0. 0. 0. 0. 0. 0. 0. 0. 0. 0. 0. 0. 0. 0. 0. 0. 0. 0. 0. 0. 0. 0. 0. 1. 0. 1. 0. 0. 0.],500,100,0.3,0.002,1,9,idID,73,random
372,0.0010351970025270002,0.0010351970025270002,0.0035791595549000007,[0.        0.        0.        0.        0.        0.        0.        0.        0.        0.        0.        0.        0.        0.        0.        0.        0.        0.        0.        0.        0.        0.        0.        0.        0.        0.7418693 0.        0.01      0.        0.        0.       ],[0. 0. 0. 0. 0. 0. 0. 0. 0. 0. 0. 0. 0. 0. 0. 0. 0. 0. 0. 0. 0. 0. 0. 0. 0. 1. 0. 1. 0. 0. 0.],500,100,0.3,0.002,1,9,idID,73,random
373,0.0010351970025270002,0.0010351970025270002,0.0035791595549000007,[0.        0.        0.        0.        0.        0.        0.        0.        0.        0.        0.        0.        0.        0.        0.        0.        0.        0.        0.        0.        0.        0.        0.        0.        0.        0.7418693 0.        0.01      0.        0.        0.       ],[0. 0. 0. 0. 0. 0. 0. 0. 0. 0. 0. 0. 0. 0. 0. 0. 0. 0. 0. 0. 0. 0. 0. 0. 0. 1. 0. 1. 0. 0. 0.],500,100,0.3,0.002,1,9,idID,73,random
374,0.0010351970025270002,0.0010351970025270002,0.0035791595549000007,[0.        0.        0.        0.        0.        0.        0.        0.        0.        0.        0.        0.        0.        0.        0.        0.        0.        0.        0.        0.        0.        0.        0.        0.        0.        0.7418693 0.        0.01      0.        0.        0.       ],[0. 0. 0. 0. 0. 0. 0. 0. 0. 0. 0. 0. 0. 0. 0. 0. 0. 0. 0. 0. 0. 0. 0. 0. 0. 1. 0. 1. 0. 0. 0.],500,100,0.3,0.002,1,9,idID,73,random
375,0.0010351970025270002,0.0010351970025270002,0.0035791595549000007,[0.        0.        0.        0.        0.        0.        0.        0.        0.        0.        0.        0.        0.        0.        0.        0.        0.        0.        0.        0.        0.        0.        0.        0.        0.        0.7418693 0.        0.01      0.        0.        0.       ],[0. 0. 0. 0. 0. 0. 0. 0. 0. 0. 0. 0. 0. 0. 0. 0. 0. 0. 0. 0. 0. 0. 0. 0. 0. 1. 0. 1. 0. 0. 0.],500,100,0.3,0.002,1,9,idID,73,random
376,0.0010351970025270002,0.0010351970025270002,0.0035791595549000007,[0.        0.        0.        0.        0.        0.        0.        0.        0.        0.        0.        0.        0.        0.        0.        0.        0.        0.        0.        0.        0.        0.        0.        0.        0.        0.7418693 0.        0.01      0.        0.        0.       ],[0. 0. 0. 0. 0. 0. 0. 0. 0. 0. 0. 0. 0. 0. 0. 0. 0. 0. 0. 0. 0. 0. 0. 0. 0. 1. 0. 1. 0. 0. 0.],500,100,0.3,0.002,1,9,idID,73,random
377,0.0010351970025270002,0.0010351970025270002,0.0035791595549000007,[0.        0.        0.        0.        0.        0.        0.        0.        0.        0.        0.        0.        0.        0.        0.        0.        0.        0.        0.        0.        0.        0.        0.        0.        0.        0.7418693 0.        0.01      0.        0.        0.       ],[0. 0. 0. 0. 0. 0. 0. 0. 0. 0. 0. 0. 0. 0. 0. 0. 0. 0. 0. 0. 0. 0. 0. 0. 0. 1. 0. 1. 0. 0. 0.],500,100,0.3,0.002,1,9,idID,73,random
378,0.0010351970025270002,0.0010351970025270002,0.0035791595549000007,[0.        0.        0.        0.        0.        0.        0.        0.        0.        0.        0.        0.        0.        0.        0.        0.        0.        0.        0.        0.        0.        0.        0.        0.        0.        0.7418693 0.        0.01      0.        0.        0.       ],[0. 0. 0. 0. 0. 0. 0. 0. 0. 0. 0. 0. 0. 0. 0. 0. 0. 0. 0. 0. 0. 0. 0. 0. 0. 1. 0. 1. 0. 0. 0.],500,100,0.3,0.002,1,9,idID,73,random
379,0.0010351970025270002,0.0010351970025270002,0.0035791595549000007,[0.        0.        0.        0.        0.        0.        0.        0.        0.        0.        0.        0.        0.        0.        0.        0.        0.        0.        0.        0.        0.        0.        0.        0.        0.        0.7418693 0.        0.01      0.        0.        0.       ],[0. 0. 0. 0. 0. 0. 0. 0. 0. 0. 0. 0. 0. 0. 0. 0. 0. 0. 0. 0. 0. 0. 0. 0. 0. 1. 0. 1. 0. 0. 0.],500,100,0.3,0.002,1,9,idID,73,random
380,0.0010351970025270002,0.0010351970025270002,0.0035791595549000007,[0.        0.        0.        0.        0.        0.        0.        0.        0.        0.        0.        0.        0.        0.        0.        0.        0.        0.        0.        0.        0.        0.        0.        0.        0.        0.7418693 0.        0.01      0.        0.        0.       ],[0. 0. 0. 0. 0. 0. 0. 0. 0. 0. 0. 0. 0. 0. 0. 0. 0. 0. 0. 0. 0. 0. 0. 0. 0. 1. 0. 1. 0. 0. 0.],500,100,0.3,0.002,1,9,idID,73,random
381,0.0010351970025270002,0.0010351970025270002,0.0035791595549000007,[0.        0.        0.        0.        0.        0.        0.        0.        0.        0.        0.        0.        0.        0.        0.        0.        0.        0.        0.        0.        0.        0.        0.        0.        0.        0.7418693 0.        0.01      0.        0.        0.       ],[0. 0. 0. 0. 0. 0. 0. 0. 0. 0. 0. 0. 0. 0. 0. 0. 0. 0. 0. 0. 0. 0. 0. 0. 0. 1. 0. 1. 0. 0. 0.],500,100,0.3,0.002,1,9,idID,73,random
382,0.0010351970025270002,0.0010351970025270002,0.0035791595549000007,[0.        0.        0.        0.        0.        0.        0.        0.        0.        0.        0.        0.        0.        0.        0.        0.        0.        0.        0.        0.        0.        0.        0.        0.        0.        0.7418693 0.        0.01      0.        0.        0.       ],[0. 0. 0. 0. 0. 0. 0. 0. 0. 0. 0. 0. 0. 0. 0. 0. 0. 0. 0. 0. 0. 0. 0. 0. 0. 1. 0. 1. 0. 0. 0.],500,100,0.3,0.002,1,9,idID,73,random
383,0.0010351970025270002,0.0010351970025270002,0.0035791595549000007,[0.        0.        0.        0.        0.        0.        0.        0.        0.        0.        0.        0.        0.        0.        0.        0.        0.        0.        0.        0.        0.        0.        0.        0.        0.        0.7418693 0.        0.01      0.        0.        0.       ],[0. 0. 0. 0. 0. 0. 0. 0. 0. 0. 0. 0. 0. 0. 0. 0. 0. 0. 0. 0. 0. 0. 0. 0. 0. 1. 0. 1. 0. 0. 0.],500,100,0.3,0.002,1,9,idID,73,random
384,0.0010351970025270002,0.0010351970025270002,0.0035791595549000007,[0.        0.        0.        0.        0.        0.        0.        0.        0.        0.        0.        0.        0.        0.        0.        0.        0.        0.        0.        0.        0.        0.        0.        0.        0.        0.7418693 0.        0.01      0.        0.        0.       ],[0. 0. 0. 0. 0. 0. 0. 0. 0. 0. 0. 0. 0. 0. 0. 0. 0. 0. 0. 0. 0. 0. 0. 0. 0. 1. 0. 1. 0. 0. 0.],500,100,0.3,0.002,1,9,idID,73,random
385,0.0010351970025270002,0.0010351970025270002,0.0035791595549000007,[0.        0.        0.        0.        0.        0.        0.        0.        0.        0.        0.        0.        0.        0.        0.        0.        0.        0.        0.        0.        0.        0.        0.        0.        0.        0.7418693 0.        0.01      0.        0.        0.       ],[0. 0. 0. 0. 0. 0. 0. 0. 0. 0. 0. 0. 0. 0. 0. 0. 0. 0. 0. 0. 0. 0. 0. 0. 0. 1. 0. 1. 0. 0. 0.],500,100,0.3,0.002,1,9,idID,73,random
386,0.0010351970025270002,0.0010351970025270002,0.0035791595549000007,[0.        0.        0.        0.        0.        0.        0.        0.        0.        0.        0.        0.        0.        0.        0.        0.        0.        0.        0.        0.        0.        0.        0.        0.        0.        0.7418693 0.        0.01      0.        0.        0.       ],[0. 0. 0. 0. 0. 0. 0. 0. 0. 0. 0. 0. 0. 0. 0. 0. 0. 0. 0. 0. 0. 0. 0. 0. 0. 1. 0. 1. 0. 0. 0.],500,100,0.3,0.002,1,9,idID,73,random
387,0.0010351970025270002,0.0010351970025270002,0.0035791595549000007,[0.        0.        0.        0.        0.        0.        0.        0.        0.        0.        0.        0.        0.        0.        0.        0.        0.        0.        0.        0.        0.        0.        0.        0.        0.        0.7418693 0.        0.01      0.        0.        0.       ],[0. 0. 0. 0. 0. 0. 0. 0. 0. 0. 0. 0. 0. 0. 0. 0. 0. 0. 0. 0. 0. 0. 0. 0. 0. 1. 0. 1. 0. 0. 0.],500,100,0.3,0.002,1,9,idID,73,random
388,0.0010351970025270002,0.0010351970025270002,0.0035791595549000007,[0.        0.        0.        0.        0.        0.        0.        0.        0.        0.        0.        0.        0.        0.        0.        0.        0.        0.        0.        0.        0.        0.        0.        0.        0.        0.7418693 0.        0.01      0.        0.        0.       ],[0. 0. 0. 0. 0. 0. 0. 0. 0. 0. 0. 0. 0. 0. 0. 0. 0. 0. 0. 0. 0. 0. 0. 0. 0. 1. 0. 1. 0. 0. 0.],500,100,0.3,0.002,1,9,idID,73,random
389,0.0010351970025270002,0.0010351970025270002,0.0035791595549000007,[0.        0.        0.        0.        0.        0.        0.        0.        0.        0.        0.        0.        0.        0.        0.        0.        0.        0.        0.        0.        0.        0.        0.        0.        0.        0.7418693 0.        0.01      0.        0.        0.       ],[0. 0. 0. 0. 0. 0. 0. 0. 0. 0. 0. 0. 0. 0. 0. 0. 0. 0. 0. 0. 0. 0. 0. 0. 0. 1. 0. 1. 0. 0. 0.],500,100,0.3,0.002,1,9,idID,73,random
390,0.0010351970025270002,0.0010351970025270002,0.0035791595549000007,[0.        0.        0.        0.        0.        0.        0.        0.        0.        0.        0.        0.        0.        0.        0.        0.        0.        0.        0.        0.        0.        0.        0.        0.        0.        0.7418693 0.        0.01      0.        0.        0.       ],[0. 0. 0. 0. 0. 0. 0. 0. 0. 0. 0. 0. 0. 0. 0. 0. 0. 0. 0. 0. 0. 0. 0. 0. 0. 1. 0. 1. 0. 0. 0.],500,100,0.3,0.002,1,9,idID,73,random
391,0.0010351970025270002,0.0010351970025270002,0.0035791595549000007,[0.        0.        0.        0.        0.        0.        0.        0.        0.        0.        0.        0.        0.        0.        0.        0.        0.        0.        0.        0.        0.        0.        0.        0.        0.        0.7418693 0.        0.01      0.        0.        0.       ],[0. 0. 0. 0. 0. 0. 0. 0. 0. 0. 0. 0. 0. 0. 0. 0. 0. 0. 0. 0. 0. 0. 0. 0. 0. 1. 0. 1. 0. 0. 0.],500,100,0.3,0.002,1,9,idID,73,random
392,0.0010351970025270002,0.0010351970025270002,0.0035791595549000007,[0.        0.        0.        0.        0.        0.        0.        0.        0.        0.        0.        0.        0.        0.        0.        0.        0.        0.        0.        0.        0.        0.        0.        0.        0.        0.7418693 0.        0.01      0.        0.        0.       ],[0. 0. 0. 0. 0. 0. 0. 0. 0. 0. 0. 0. 0. 0. 0. 0. 0. 0. 0. 0. 0. 0. 0. 0. 0. 1. 0. 1. 0. 0. 0.],500,100,0.3,0.002,1,9,idID,73,random
393,0.0010351970025270002,0.0010351970025270002,0.0035791595549000007,[0.        0.        0.        0.        0.        0.        0.        0.        0.        0.        0.        0.        0.        0.        0.        0.        0.        0.        0.        0.        0.        0.        0.        0.        0.        0.7418693 0.        0.01      0.        0.        0.       ],[0. 0. 0. 0. 0. 0. 0. 0. 0. 0. 0. 0. 0. 0. 0. 0. 0. 0. 0. 0. 0. 0. 0. 0. 0. 1. 0. 1. 0. 0. 0.],500,100,0.3,0.002,1,9,idID,73,random
394,0.0010351970025270002,0.0010351970025270002,0.0035791595549000007,[0.        0.        0.        0.        0.        0.        0.        0.        0.        0.        0.        0.        0.        0.        0.        0.        0.        0.        0.        0.        0.        0.        0.        0.        0.        0.7418693 0.        0.01      0.        0.        0.       ],[0. 0. 0. 0. 0. 0. 0. 0. 0. 0. 0. 0. 0. 0. 0. 0. 0. 0. 0. 0. 0. 0. 0. 0. 0. 1. 0. 1. 0. 0. 0.],500,100,0.3,0.002,1,9,idID,73,random
395,0.0010351970025270002,0.0010351970025270002,0.0035791595549000007,[0.        0.        0.        0.        0.        0.        0.        0.        0.        0.        0.        0.        0.        0.        0.        0.        0.        0.        0.        0.        0.        0.        0.        0.        0.        0.7418693 0.        0.01      0.        0.        0.       ],[0. 0. 0. 0. 0. 0. 0. 0. 0. 0. 0. 0. 0. 0. 0. 0. 0. 0. 0. 0. 0. 0. 0. 0. 0. 1. 0. 1. 0. 0. 0.],500,100,0.3,0.002,1,9,idID,73,random
396,0.0010351970025270002,0.0010351970025270002,0.0035791595549000007,[0.        0.        0.        0.        0.        0.        0.        0.        0.        0.        0.        0.        0.        0.        0.        0.        0.        0.        0.        0.        0.        0.        0.        0.        0.        0.7418693 0.        0.01      0.        0.        0.       ],[0. 0. 0. 0. 0. 0. 0. 0. 0. 0. 0. 0. 0. 0. 0. 0. 0. 0. 0. 0. 0. 0. 0. 0. 0. 1. 0. 1. 0. 0. 0.],500,100,0.3,0.002,1,9,idID,73,random
397,0.0010351970025270002,0.0010351970025270002,0.0035791595549000007,[0.        0.        0.        0.        0.        0.        0.        0.        0.        0.        0.        0.        0.        0.        0.        0.        0.        0.        0.        0.        0.        0.        0.        0.        0.        0.7418693 0.        0.01      0.        0.        0.       ],[0. 0. 0. 0. 0. 0. 0. 0. 0. 0. 0. 0. 0. 0. 0. 0. 0. 0. 0. 0. 0. 0. 0. 0. 0. 1. 0. 1. 0. 0. 0.],500,100,0.3,0.002,1,9,idID,73,random
398,0.0010351970025270002,0.0010351970025270002,0.0035791595549000007,[0.        0.        0.        0.        0.        0.        0.        0.        0.        0.        0.        0.        0.        0.        0.        0.        0.        0.        0.        0.        0.        0.        0.        0.        0.        0.7418693 0.        0.01      0.        0.        0.       ],[0. 0. 0. 0. 0. 0. 0. 0. 0. 0. 0. 0. 0. 0. 0. 0. 0. 0. 0. 0. 0. 0. 0. 0. 0. 1. 0. 1. 0. 0. 0.],500,100,0.3,0.002,1,9,idID,73,random
399,0.0010351970025270002,0.0010351970025270002,0.0035791595549000007,[0.        0.        0.        0.        0.        0.        0.        0.        0.        0.        0.        0.        0.        0.        0.        0.        0.        0.        0.        0.        0.        0.        0.        0.        0.        0.7418693 0.        0.01      0.        0.        0.       ],[0. 0. 0. 0. 0. 0. 0. 0. 0. 0. 0. 0. 0. 0. 0. 0. 0. 0. 0. 0. 0. 0. 0. 0. 0. 1. 0. 1. 0. 0. 0.],500,100,0.3,0.002,1,9,idID,73,random
400,0.0010351970025270002,0.0010351970025270002,0.0035791595549000007,[0.        0.        0.        0.        0.        0.        0.        0.        0.        0.        0.        0.        0.        0.        0.        0.        0.        0.        0.        0.        0.        0.        0.        0.        0.        0.7418693 0.        0.01      0.        0.        0.       ],[0. 0. 0. 0. 0. 0. 0. 0. 0. 0. 0. 0. 0. 0. 0. 0. 0. 0. 0. 0. 0. 0. 0. 0. 0. 1. 0. 1. 0. 0. 0.],500,100,0.3,0.002,1,9,idID,73,random
401,0.0010351970025270002,0.0010351970025270002,0.0035791595549000007,[0.        0.        0.        0.        0.        0.        0.        0.        0.        0.        0.        0.        0.        0.        0.        0.        0.        0.        0.        0.        0.        0.        0.        0.        0.        0.7418693 0.        0.01      0.        0.        0.       ],[0. 0. 0. 0. 0. 0. 0. 0. 0. 0. 0. 0. 0. 0. 0. 0. 0. 0. 0. 0. 0. 0. 0. 0. 0. 1. 0. 1. 0. 0. 0.],500,100,0.3,0.002,1,9,idID,73,random
402,0.0010351970025270002,0.0010351970025270002,0.0035791595549000007,[0.        0.        0.        0.        0.        0.        0.        0.        0.        0.        0.        0.        0.        0.        0.        0.        0.        0.        0.        0.        0.        0.        0.        0.        0.        0.7418693 0.        0.01      0.        0.        0.       ],[0. 0. 0. 0. 0. 0. 0. 0. 0. 0. 0. 0. 0. 0. 0. 0. 0. 0. 0. 0. 0. 0. 0. 0. 0. 1. 0. 1. 0. 0. 0.],500,100,0.3,0.002,1,9,idID,73,random
403,0.0010351970025270002,0.0010351970025270002,0.0035791595549000007,[0.        0.        0.        0.        0.        0.        0.        0.        0.        0.        0.        0.        0.        0.        0.        0.        0.        0.        0.        0.        0.        0.        0.        0.        0.        0.7418693 0.        0.01      0.        0.        0.       ],[0. 0. 0. 0. 0. 0. 0. 0. 0. 0. 0. 0. 0. 0. 0. 0. 0. 0. 0. 0. 0. 0. 0. 0. 0. 1. 0. 1. 0. 0. 0.],500,100,0.3,0.002,1,9,idID,73,random
404,0.0010351970025270002,0.0010351970025270002,0.0035791595549000007,[0.        0.        0.        0.        0.        0.        0.        0.        0.        0.        0.        0.        0.        0.        0.        0.        0.        0.        0.        0.        0.        0.        0.        0.        0.        0.7418693 0.        0.01      0.        0.        0.       ],[0. 0. 0. 0. 0. 0. 0. 0. 0. 0. 0. 0. 0. 0. 0. 0. 0. 0. 0. 0. 0. 0. 0. 0. 0. 1. 0. 1. 0. 0. 0.],500,100,0.3,0.002,1,9,idID,73,random
405,0.0010351970025270002,0.0010351970025270002,0.0035791595549000007,[0.        0.        0.        0.        0.        0.        0.        0.        0.        0.        0.        0.        0.        0.        0.        0.        0.        0.        0.        0.        0.        0.        0.        0.        0.        0.7418693 0.        0.01      0.        0.        0.       ],[0. 0. 0. 0. 0. 0. 0. 0. 0. 0. 0. 0. 0. 0. 0. 0. 0. 0. 0. 0. 0. 0. 0. 0. 0. 1. 0. 1. 0. 0. 0.],500,100,0.3,0.002,1,9,idID,73,random
406,0.0010351970025270002,0.0010351970025270002,0.0035791595549000007,[0.        0.        0.        0.        0.        0.        0.        0.        0.        0.        0.        0.        0.        0.        0.        0.        0.        0.        0.        0.        0.        0.        0.        0.        0.        0.7418693 0.        0.01      0.        0.        0.       ],[0. 0. 0. 0. 0. 0. 0. 0. 0. 0. 0. 0. 0. 0. 0. 0. 0. 0. 0. 0. 0. 0. 0. 0. 0. 1. 0. 1. 0. 0. 0.],500,100,0.3,0.002,1,9,idID,73,random
407,0.0010351970025270002,0.0010351970025270002,0.0035791595549000007,[0.        0.        0.        0.        0.        0.        0.        0.        0.        0.        0.        0.        0.        0.        0.        0.        0.        0.        0.        0.        0.        0.        0.        0.        0.        0.7418693 0.        0.01      0.        0.        0.       ],[0. 0. 0. 0. 0. 0. 0. 0. 0. 0. 0. 0. 0. 0. 0. 0. 0. 0. 0. 0. 0. 0. 0. 0. 0. 1. 0. 1. 0. 0. 0.],500,100,0.3,0.002,1,9,idID,73,random
408,0.0010351970025270002,0.0010351970025270002,0.0035791595549000007,[0.        0.        0.        0.        0.        0.        0.        0.        0.        0.        0.        0.        0.        0.        0.        0.        0.        0.        0.        0.        0.        0.        0.        0.        0.        0.7418693 0.        0.01      0.        0.        0.       ],[0. 0. 0. 0. 0. 0. 0. 0. 0. 0. 0. 0. 0. 0. 0. 0. 0. 0. 0. 0. 0. 0. 0. 0. 0. 1. 0. 1. 0. 0. 0.],500,100,0.3,0.002,1,9,idID,73,random
409,0.0010351970025270002,0.0010351970025270002,0.0035791595549000007,[0.        0.        0.        0.        0.        0.        0.        0.        0.        0.        0.        0.        0.        0.        0.        0.        0.        0.        0.        0.        0.        0.        0.        0.        0.        0.7418693 0.        0.01      0.        0.        0.       ],[0. 0. 0. 0. 0. 0. 0. 0. 0. 0. 0. 0. 0. 0. 0. 0. 0. 0. 0. 0. 0. 0. 0. 0. 0. 1. 0. 1. 0. 0. 0.],500,100,0.3,0.002,1,9,idID,73,random
410,0.0010351970025270002,0.0010351970025270002,0.0035791595549000007,[0.        0.        0.        0.        0.        0.        0.        0.        0.        0.        0.        0.        0.        0.        0.        0.        0.        0.        0.        0.        0.        0.        0.        0.        0.        0.7418693 0.        0.01      0.        0.        0.       ],[0. 0. 0. 0. 0. 0. 0. 0. 0. 0. 0. 0. 0. 0. 0. 0. 0. 0. 0. 0. 0. 0. 0. 0. 0. 1. 0. 1. 0. 0. 0.],500,100,0.3,0.002,1,9,idID,73,random
411,0.0010351970025270002,0.0010351970025270002,0.0035791595549000007,[0.        0.        0.        0.        0.        0.        0.        0.        0.        0.        0.        0.        0.        0.        0.        0.        0.        0.        0.        0.        0.        0.        0.        0.        0.        0.7418693 0.        0.01      0.        0.        0.       ],[0. 0. 0. 0. 0. 0. 0. 0. 0. 0. 0. 0. 0. 0. 0. 0. 0. 0. 0. 0. 0. 0. 0. 0. 0. 1. 0. 1. 0. 0. 0.],500,100,0.3,0.002,1,9,idID,73,random
412,0.0010351970025270002,0.0010351970025270002,0.0035791595549000007,[0.        0.        0.        0.        0.        0.        0.        0.        0.        0.        0.        0.        0.        0.        0.        0.        0.        0.        0.        0.        0.        0.        0.        0.        0.        0.7418693 0.        0.01      0.        0.        0.       ],[0. 0. 0. 0. 0. 0. 0. 0. 0. 0. 0. 0. 0. 0. 0. 0. 0. 0. 0. 0. 0. 0. 0. 0. 0. 1. 0. 1. 0. 0. 0.],500,100,0.3,0.002,1,9,idID,73,random
413,0.0010351970025270002,0.0010351970025270002,0.0035791595549000007,[0.        0.        0.        0.        0.        0.        0.        0.        0.        0.        0.        0.        0.        0.        0.        0.        0.        0.        0.        0.        0.        0.        0.        0.        0.        0.7418693 0.        0.01      0.        0.        0.       ],[0. 0. 0. 0. 0. 0. 0. 0. 0. 0. 0. 0. 0. 0. 0. 0. 0. 0. 0. 0. 0. 0. 0. 0. 0. 1. 0. 1. 0. 0. 0.],500,100,0.3,0.002,1,9,idID,73,random
414,0.0010351970025270002,0.0010351970025270002,0.0035791595549000007,[0.        0.        0.        0.        0.        0.        0.        0.        0.        0.        0.        0.        0.        0.        0.        0.        0.        0.        0.        0.        0.        0.        0.        0.        0.        0.7418693 0.        0.01      0.        0.        0.       ],[0. 0. 0. 0. 0. 0. 0. 0. 0. 0. 0. 0. 0. 0. 0. 0. 0. 0. 0. 0. 0. 0. 0. 0. 0. 1. 0. 1. 0. 0. 0.],500,100,0.3,0.002,1,9,idID,73,random
415,0.0010351970025270002,0.0010351970025270002,0.0035791595549000007,[0.        0.        0.        0.        0.        0.        0.        0.        0.        0.        0.        0.        0.        0.        0.        0.        0.        0.        0.        0.        0.        0.        0.        0.        0.        0.7418693 0.        0.01      0.        0.        0.       ],[0. 0. 0. 0. 0. 0. 0. 0. 0. 0. 0. 0. 0. 0. 0. 0. 0. 0. 0. 0. 0. 0. 0. 0. 0. 1. 0. 1. 0. 0. 0.],500,100,0.3,0.002,1,9,idID,73,random
416,0.0010351970025270002,0.0010351970025270002,0.0035791595549000007,[0.        0.        0.        0.        0.        0.        0.        0.        0.        0.        0.        0.        0.        0.        0.        0.        0.        0.        0.        0.        0.        0.        0.        0.        0.        0.7418693 0.        0.01      0.        0.        0.       ],[0. 0. 0. 0. 0. 0. 0. 0. 0. 0. 0. 0. 0. 0. 0. 0. 0. 0. 0. 0. 0. 0. 0. 0. 0. 1. 0. 1. 0. 0. 0.],500,100,0.3,0.002,1,9,idID,73,random
417,0.0010351970025270002,0.0010351970025270002,0.0035791595549000007,[0.        0.        0.        0.        0.        0.        0.        0.        0.        0.        0.        0.        0.        0.        0.        0.        0.        0.        0.        0.        0.        0.        0.        0.        0.        0.7418693 0.        0.01      0.        0.        0.       ],[0. 0. 0. 0. 0. 0. 0. 0. 0. 0. 0. 0. 0. 0. 0. 0. 0. 0. 0. 0. 0. 0. 0. 0. 0. 1. 0. 1. 0. 0. 0.],500,100,0.3,0.002,1,9,idID,73,random
418,0.0010351970025270002,0.0010351970025270002,0.0035791595549000007,[0.        0.        0.        0.        0.        0.        0.        0.        0.        0.        0.        0.        0.        0.        0.        0.        0.        0.        0.        0.        0.        0.        0.        0.        0.        0.7418693 0.        0.01      0.        0.        0.       ],[0. 0. 0. 0. 0. 0. 0. 0. 0. 0. 0. 0. 0. 0. 0. 0. 0. 0. 0. 0. 0. 0. 0. 0. 0. 1. 0. 1. 0. 0. 0.],500,100,0.3,0.002,1,9,idID,73,random
419,0.0010351970025270002,0.0010351970025270002,0.0035791595549000007,[0.        0.        0.        0.        0.        0.        0.        0.        0.        0.        0.        0.        0.        0.        0.        0.        0.        0.        0.        0.        0.        0.        0.        0.        0.        0.7418693 0.        0.01      0.        0.        0.       ],[0. 0. 0. 0. 0. 0. 0. 0. 0. 0. 0. 0. 0. 0. 0. 0. 0. 0. 0. 0. 0. 0. 0. 0. 0. 1. 0. 1. 0. 0. 0.],500,100,0.3,0.002,1,9,idID,73,random
420,0.0010351970025270002,0.0010351970025270002,0.0035791595549000007,[0.        0.        0.        0.        0.        0.        0.        0.        0.        0.        0.        0.        0.        0.        0.        0.        0.        0.        0.        0.        0.        0.        0.        0.        0.        0.7418693 0.        0.01      0.        0.        0.       ],[0. 0. 0. 0. 0. 0. 0. 0. 0. 0. 0. 0. 0. 0. 0. 0. 0. 0. 0. 0. 0. 0. 0. 0. 0. 1. 0. 1. 0. 0. 0.],500,100,0.3,0.002,1,9,idID,73,random
421,0.0010351970025270002,0.0010351970025270002,0.0035791595549000007,[0.        0.        0.        0.        0.        0.        0.        0.        0.        0.        0.        0.        0.        0.        0.        0.        0.        0.        0.        0.        0.        0.        0.        0.        0.        0.7418693 0.        0.01      0.        0.        0.       ],[0. 0. 0. 0. 0. 0. 0. 0. 0. 0. 0. 0. 0. 0. 0. 0. 0. 0. 0. 0. 0. 0. 0. 0. 0. 1. 0. 1. 0. 0. 0.],500,100,0.3,0.002,1,9,idID,73,random
422,0.0010351970025270002,0.0010351970025270002,0.0035791595549000007,[0.        0.        0.        0.        0.        0.        0.        0.        0.        0.        0.        0.        0.        0.        0.        0.        0.        0.        0.        0.        0.        0.        0.        0.        0.        0.7418693 0.        0.01      0.        0.        0.       ],[0. 0. 0. 0. 0. 0. 0. 0. 0. 0. 0. 0. 0. 0. 0. 0. 0. 0. 0. 0. 0. 0. 0. 0. 0. 1. 0. 1. 0. 0. 0.],500,100,0.3,0.002,1,9,idID,73,random
423,0.0010351970025270002,0.0010351970025270002,0.0035791595549000007,[0.        0.        0.        0.        0.        0.        0.        0.        0.        0.        0.        0.        0.        0.        0.        0.        0.        0.        0.        0.        0.        0.        0.        0.        0.        0.7418693 0.        0.01      0.        0.        0.       ],[0. 0. 0. 0. 0. 0. 0. 0. 0. 0. 0. 0. 0. 0. 0. 0. 0. 0. 0. 0. 0. 0. 0. 0. 0. 1. 0. 1. 0. 0. 0.],500,100,0.3,0.002,1,9,idID,73,random
424,0.0010351970025270002,0.0010351970025270002,0.0035791595549000007,[0.        0.        0.        0.        0.        0.        0.        0.        0.        0.        0.        0.        0.        0.        0.        0.        0.        0.        0.        0.        0.        0.        0.        0.        0.        0.7418693 0.        0.01      0.        0.        0.       ],[0. 0. 0. 0. 0. 0. 0. 0. 0. 0. 0. 0. 0. 0. 0. 0. 0. 0. 0. 0. 0. 0. 0. 0. 0. 1. 0. 1. 0. 0. 0.],500,100,0.3,0.002,1,9,idID,73,random
425,0.0010351970025270002,0.0010351970025270002,0.0035791595549000007,[0.        0.        0.        0.        0.        0.        0.        0.        0.        0.        0.        0.        0.        0.        0.        0.        0.        0.        0.        0.        0.        0.        0.        0.        0.        0.7418693 0.        0.01      0.        0.        0.       ],[0. 0. 0. 0. 0. 0. 0. 0. 0. 0. 0. 0. 0. 0. 0. 0. 0. 0. 0. 0. 0. 0. 0. 0. 0. 1. 0. 1. 0. 0. 0.],500,100,0.3,0.002,1,9,idID,73,random
426,0.0010351970025270002,0.0010351970025270002,0.0035791595549000007,[0.        0.        0.        0.        0.        0.        0.        0.        0.        0.        0.        0.        0.        0.        0.        0.        0.        0.        0.        0.        0.        0.        0.        0.        0.        0.7418693 0.        0.01      0.        0.        0.       ],[0. 0. 0. 0. 0. 0. 0. 0. 0. 0. 0. 0. 0. 0. 0. 0. 0. 0. 0. 0. 0. 0. 0. 0. 0. 1. 0. 1. 0. 0. 0.],500,100,0.3,0.002,1,9,idID,73,random
427,0.0010351970025270002,0.0010351970025270002,0.0035791595549000007,[0.        0.        0.        0.        0.        0.        0.        0.        0.        0.        0.        0.        0.        0.        0.        0.        0.        0.        0.        0.        0.        0.        0.        0.        0.        0.7418693 0.        0.01      0.        0.        0.       ],[0. 0. 0. 0. 0. 0. 0. 0. 0. 0. 0. 0. 0. 0. 0. 0. 0. 0. 0. 0. 0. 0. 0. 0. 0. 1. 0. 1. 0. 0. 0.],500,100,0.3,0.002,1,9,idID,73,random
428,0.0010351970025270002,0.0010351970025270002,0.0035791595549000007,[0.        0.        0.        0.        0.        0.        0.        0.        0.        0.        0.        0.        0.        0.        0.        0.        0.        0.        0.        0.        0.        0.        0.        0.        0.        0.7418693 0.        0.01      0.        0.        0.       ],[0. 0. 0. 0. 0. 0. 0. 0. 0. 0. 0. 0. 0. 0. 0. 0. 0. 0. 0. 0. 0. 0. 0. 0. 0. 1. 0. 1. 0. 0. 0.],500,100,0.3,0.002,1,9,idID,73,random
429,0.0010351970025270002,0.0010351970025270002,0.0035791595549000007,[0.        0.        0.        0.        0.        0.        0.        0.        0.        0.        0.        0.        0.        0.        0.        0.        0.        0.        0.        0.        0.        0.        0.        0.        0.        0.7418693 0.        0.01      0.        0.        0.       ],[0. 0. 0. 0. 0. 0. 0. 0. 0. 0. 0. 0. 0. 0. 0. 0. 0. 0. 0. 0. 0. 0. 0. 0. 0. 1. 0. 1. 0. 0. 0.],500,100,0.3,0.002,1,9,idID,73,random
430,0.0010351970025270002,0.0010351970025270002,0.0035791595549000007,[0.        0.        0.        0.        0.        0.        0.        0.        0.        0.        0.        0.        0.        0.        0.        0.        0.        0.        0.        0.        0.        0.        0.        0.        0.        0.7418693 0.        0.01      0.        0.        0.       ],[0. 0. 0. 0. 0. 0. 0. 0. 0. 0. 0. 0. 0. 0. 0. 0. 0. 0. 0. 0. 0. 0. 0. 0. 0. 1. 0. 1. 0. 0. 0.],500,100,0.3,0.002,1,9,idID,73,random
431,0.0010351970025270002,0.0010351970025270002,0.0035791595549000007,[0.        0.        0.        0.        0.        0.        0.        0.        0.        0.        0.        0.        0.        0.        0.        0.        0.        0.        0.        0.        0.        0.        0.        0.        0.        0.7418693 0.        0.01      0.        0.        0.       ],[0. 0. 0. 0. 0. 0. 0. 0. 0. 0. 0. 0. 0. 0. 0. 0. 0. 0. 0. 0. 0. 0. 0. 0. 0. 1. 0. 1. 0. 0. 0.],500,100,0.3,0.002,1,9,idID,73,random
432,0.0010351970025270002,0.0010351970025270002,0.0035791595549000007,[0.        0.        0.        0.        0.        0.        0.        0.        0.        0.        0.        0.        0.        0.        0.        0.        0.        0.        0.        0.        0.        0.        0.        0.        0.        0.7418693 0.        0.01      0.        0.        0.       ],[0. 0. 0. 0. 0. 0. 0. 0. 0. 0. 0. 0. 0. 0. 0. 0. 0. 0. 0. 0. 0. 0. 0. 0. 0. 1. 0. 1. 0. 0. 0.],500,100,0.3,0.002,1,9,idID,73,random
433,0.0010351970025270002,0.0010351970025270002,0.0035791595549000007,[0.        0.        0.        0.        0.        0.        0.        0.        0.        0.        0.        0.        0.        0.        0.        0.        0.        0.        0.        0.        0.        0.        0.        0.        0.        0.7418693 0.        0.01      0.        0.        0.       ],[0. 0. 0. 0. 0. 0. 0. 0. 0. 0. 0. 0. 0. 0. 0. 0. 0. 0. 0. 0. 0. 0. 0. 0. 0. 1. 0. 1. 0. 0. 0.],500,100,0.3,0.002,1,9,idID,73,random
434,0.0010351970025270002,0.0010351970025270002,0.0035791595549000007,[0.        0.        0.        0.        0.        0.        0.        0.        0.        0.        0.        0.        0.        0.        0.        0.        0.        0.        0.        0.        0.        0.        0.        0.        0.        0.7418693 0.        0.01      0.        0.        0.       ],[0. 0. 0. 0. 0. 0. 0. 0. 0. 0. 0. 0. 0. 0. 0. 0. 0. 0. 0. 0. 0. 0. 0. 0. 0. 1. 0. 1. 0. 0. 0.],500,100,0.3,0.002,1,9,idID,73,random
435,0.0010351970025270002,0.0010351970025270002,0.0035791595549000007,[0.        0.        0.        0.        0.        0.        0.        0.        0.        0.        0.        0.        0.        0.        0.        0.        0.        0.        0.        0.        0.        0.        0.        0.        0.        0.7418693 0.        0.01      0.        0.        0.       ],[0. 0. 0. 0. 0. 0. 0. 0. 0. 0. 0. 0. 0. 0. 0. 0. 0. 0. 0. 0. 0. 0. 0. 0. 0. 1. 0. 1. 0. 0. 0.],500,100,0.3,0.002,1,9,idID,73,random
436,0.0010351970025270002,0.0010351970025270002,0.0035791595549000007,[0.        0.        0.        0.        0.        0.        0.        0.        0.        0.        0.        0.        0.        0.        0.        0.        0.        0.        0.        0.        0.        0.        0.        0.        0.        0.7418693 0.        0.01      0.        0.        0.       ],[0. 0. 0. 0. 0. 0. 0. 0. 0. 0. 0. 0. 0. 0. 0. 0. 0. 0. 0. 0. 0. 0. 0. 0. 0. 1. 0. 1. 0. 0. 0.],500,100,0.3,0.002,1,9,idID,73,random
437,0.0010351970025270002,0.0010351970025270002,0.0035791595549000007,[0.        0.        0.        0.        0.        0.        0.        0.        0.        0.        0.        0.        0.        0.        0.        0.        0.        0.        0.        0.        0.        0.        0.        0.        0.        0.7418693 0.        0.01      0.        0.        0.       ],[0. 0. 0. 0. 0. 0. 0. 0. 0. 0. 0. 0. 0. 0. 0. 0. 0. 0. 0. 0. 0. 0. 0. 0. 0. 1. 0. 1. 0. 0. 0.],500,100,0.3,0.002,1,9,idID,73,random
438,0.0010351970025270002,0.0010351970025270002,0.0035791595549000007,[0.        0.        0.        0.        0.        0.        0.        0.        0.        0.        0.        0.        0.        0.        0.        0.        0.        0.        0.        0.        0.        0.        0.        0.        0.        0.7418693 0.        0.01      0.        0.        0.       ],[0. 0. 0. 0. 0. 0. 0. 0. 0. 0. 0. 0. 0. 0. 0. 0. 0. 0. 0. 0. 0. 0. 0. 0. 0. 1. 0. 1. 0. 0. 0.],500,100,0.3,0.002,1,9,idID,73,random
439,0.0010351970025270002,0.0010351970025270002,0.0035791595549000007,[0.        0.        0.        0.        0.        0.        0.        0.        0.        0.        0.        0.        0.        0.        0.        0.        0.        0.        0.        0.        0.        0.        0.        0.        0.        0.7418693 0.        0.01      0.        0.        0.       ],[0. 0. 0. 0. 0. 0. 0. 0. 0. 0. 0. 0. 0. 0. 0. 0. 0. 0. 0. 0. 0. 0. 0. 0. 0. 1. 0. 1. 0. 0. 0.],500,100,0.3,0.002,1,9,idID,73,random
440,0.0010351970025270002,0.0010351970025270002,0.0035791595549000007,[0.        0.        0.        0.        0.        0.        0.        0.        0.        0.        0.        0.        0.        0.        0.        0.        0.        0.        0.        0.        0.        0.        0.        0.        0.        0.7418693 0.        0.01      0.        0.        0.       ],[0. 0. 0. 0. 0. 0. 0. 0. 0. 0. 0. 0. 0. 0. 0. 0. 0. 0. 0. 0. 0. 0. 0. 0. 0. 1. 0. 1. 0. 0. 0.],500,100,0.3,0.002,1,9,idID,73,random
441,0.0010351970025270002,0.0010351970025270002,0.0035791595549000007,[0.        0.        0.        0.        0.        0.        0.        0.        0.        0.        0.        0.        0.        0.        0.        0.        0.        0.        0.        0.        0.        0.        0.        0.        0.        0.7418693 0.        0.01      0.        0.        0.       ],[0. 0. 0. 0. 0. 0. 0. 0. 0. 0. 0. 0. 0. 0. 0. 0. 0. 0. 0. 0. 0. 0. 0. 0. 0. 1. 0. 1. 0. 0. 0.],500,100,0.3,0.002,1,9,idID,73,random
442,0.0010351970025270002,0.0010351970025270002,0.0035791595549000007,[0.        0.        0.        0.        0.        0.        0.        0.        0.        0.        0.        0.        0.        0.        0.        0.        0.        0.        0.        0.        0.        0.        0.        0.        0.        0.7418693 0.        0.01      0.        0.        0.       ],[0. 0. 0. 0. 0. 0. 0. 0. 0. 0. 0. 0. 0. 0. 0. 0. 0. 0. 0. 0. 0. 0. 0. 0. 0. 1. 0. 1. 0. 0. 0.],500,100,0.3,0.002,1,9,idID,73,random
443,0.0010351970025270002,0.0010351970025270002,0.0035791595549000007,[0.        0.        0.        0.        0.        0.        0.        0.        0.        0.        0.        0.        0.        0.        0.        0.        0.        0.        0.        0.        0.        0.        0.        0.        0.        0.7418693 0.        0.01      0.        0.        0.       ],[0. 0. 0. 0. 0. 0. 0. 0. 0. 0. 0. 0. 0. 0. 0. 0. 0. 0. 0. 0. 0. 0. 0. 0. 0. 1. 0. 1. 0. 0. 0.],500,100,0.3,0.002,1,9,idID,73,random
444,0.0010351970025270002,0.0010351970025270002,0.0035791595549000007,[0.        0.        0.        0.        0.        0.        0.        0.        0.        0.        0.        0.        0.        0.        0.        0.        0.        0.        0.        0.        0.        0.        0.        0.        0.        0.7418693 0.        0.01      0.        0.        0.       ],[0. 0. 0. 0. 0. 0. 0. 0. 0. 0. 0. 0. 0. 0. 0. 0. 0. 0. 0. 0. 0. 0. 0. 0. 0. 1. 0. 1. 0. 0. 0.],500,100,0.3,0.002,1,9,idID,73,random
445,0.0010351970025270002,0.0010351970025270002,0.0035791595549000007,[0.        0.        0.        0.        0.        0.        0.        0.        0.        0.        0.        0.        0.        0.        0.        0.        0.        0.        0.        0.        0.        0.        0.        0.        0.        0.7418693 0.        0.01      0.        0.        0.       ],[0. 0. 0. 0. 0. 0. 0. 0. 0. 0. 0. 0. 0. 0. 0. 0. 0. 0. 0. 0. 0. 0. 0. 0. 0. 1. 0. 1. 0. 0. 0.],500,100,0.3,0.002,1,9,idID,73,random
446,0.0010351970025270002,0.0010351970025270002,0.0035791595549000007,[0.        0.        0.        0.        0.        0.        0.        0.        0.        0.        0.        0.        0.        0.        0.        0.        0.        0.        0.        0.        0.        0.        0.        0.        0.        0.7418693 0.        0.01      0.        0.        0.       ],[0. 0. 0. 0. 0. 0. 0. 0. 0. 0. 0. 0. 0. 0. 0. 0. 0. 0. 0. 0. 0. 0. 0. 0. 0. 1. 0. 1. 0. 0. 0.],500,100,0.3,0.002,1,9,idID,73,random
447,0.0010351970025270002,0.0010351970025270002,0.0035791595549000007,[0.        0.        0.        0.        0.        0.        0.        0.        0.        0.        0.        0.        0.        0.        0.        0.        0.        0.        0.        0.        0.        0.        0.        0.        0.        0.7418693 0.        0.01      0.        0.        0.       ],[0. 0. 0. 0. 0. 0. 0. 0. 0. 0. 0. 0. 0. 0. 0. 0. 0. 0. 0. 0. 0. 0. 0. 0. 0. 1. 0. 1. 0. 0. 0.],500,100,0.3,0.002,1,9,idID,73,random
448,0.0010351970025270002,0.0010351970025270002,0.0035791595549000007,[0.        0.        0.        0.        0.        0.        0.        0.        0.        0.        0.        0.        0.        0.        0.        0.        0.        0.        0.        0.        0.        0.        0.        0.        0.        0.7418693 0.        0.01      0.        0.        0.       ],[0. 0. 0. 0. 0. 0. 0. 0. 0. 0. 0. 0. 0. 0. 0. 0. 0. 0. 0. 0. 0. 0. 0. 0. 0. 1. 0. 1. 0. 0. 0.],500,100,0.3,0.002,1,9,idID,73,random
449,0.0010351970025270002,0.0010351970025270002,0.0035791595549000007,[0.        0.        0.        0.        0.        0.        0.        0.        0.        0.        0.        0.        0.        0.        0.        0.        0.        0.        0.        0.        0.        0.        0.        0.        0.        0.7418693 0.        0.01      0.        0.        0.       ],[0. 0. 0. 0. 0. 0. 0. 0. 0. 0. 0. 0. 0. 0. 0. 0. 0. 0. 0. 0. 0. 0. 0. 0. 0. 1. 0. 1. 0. 0. 0.],500,100,0.3,0.002,1,9,idID,73,random
450,0.0010351970025270002,0.0010351970025270002,0.0035791595549000007,[0.        0.        0.        0.        0.        0.        0.        0.        0.        0.        0.        0.        0.        0.        0.        0.        0.        0.        0.        0.        0.        0.        0.        0.        0.        0.7418693 0.        0.01      0.        0.        0.       ],[0. 0. 0. 0. 0. 0. 0. 0. 0. 0. 0. 0. 0. 0. 0. 0. 0. 0. 0. 0. 0. 0. 0. 0. 0. 1. 0. 1. 0. 0. 0.],500,100,0.3,0.002,1,9,idID,73,random
451,0.0010351970025270002,0.0010351970025270002,0.0035791595549000007,[0.        0.        0.        0.        0.        0.        0.        0.        0.        0.        0.        0.        0.        0.        0.        0.        0.        0.        0.        0.        0.        0.        0.        0.        0.        0.7418693 0.        0.01      0.        0.        0.       ],[0. 0. 0. 0. 0. 0. 0. 0. 0. 0. 0. 0. 0. 0. 0. 0. 0. 0. 0. 0. 0. 0. 0. 0. 0. 1. 0. 1. 0. 0. 0.],500,100,0.3,0.002,1,9,idID,73,random
452,0.0010351970025270002,0.0010351970025270002,0.0035791595549000007,[0.        0.        0.        0.        0.        0.        0.        0.        0.        0.        0.        0.        0.        0.        0.        0.        0.        0.        0.        0.        0.        0.        0.        0.        0.        0.7418693 0.        0.01      0.        0.        0.       ],[0. 0. 0. 0. 0. 0. 0. 0. 0. 0. 0. 0. 0. 0. 0. 0. 0. 0. 0. 0. 0. 0. 0. 0. 0. 1. 0. 1. 0. 0. 0.],500,100,0.3,0.002,1,9,idID,73,random
453,0.0010351970025270002,0.0010351970025270002,0.0035791595549000007,[0.        0.        0.        0.        0.        0.        0.        0.        0.        0.        0.        0.        0.        0.        0.        0.        0.        0.        0.        0.        0.        0.        0.        0.        0.        0.7418693 0.        0.01      0.        0.        0.       ],[0. 0. 0. 0. 0. 0. 0. 0. 0. 0. 0. 0. 0. 0. 0. 0. 0. 0. 0. 0. 0. 0. 0. 0. 0. 1. 0. 1. 0. 0. 0.],500,100,0.3,0.002,1,9,idID,73,random
454,0.0010351970025270002,0.0010351970025270002,0.0035791595549000007,[0.        0.        0.        0.        0.        0.        0.        0.        0.        0.        0.        0.        0.        0.        0.        0.        0.        0.        0.        0.        0.        0.        0.        0.        0.        0.7418693 0.        0.01      0.        0.        0.       ],[0. 0. 0. 0. 0. 0. 0. 0. 0. 0. 0. 0. 0. 0. 0. 0. 0. 0. 0. 0. 0. 0. 0. 0. 0. 1. 0. 1. 0. 0. 0.],500,100,0.3,0.002,1,9,idID,73,random
455,0.0010351970025270002,0.0010351970025270002,0.0035791595549000007,[0.        0.        0.        0.        0.        0.        0.        0.        0.        0.        0.        0.        0.        0.        0.        0.        0.        0.        0.        0.        0.        0.        0.        0.        0.        0.7418693 0.        0.01      0.        0.        0.       ],[0. 0. 0. 0. 0. 0. 0. 0. 0. 0. 0. 0. 0. 0. 0. 0. 0. 0. 0. 0. 0. 0. 0. 0. 0. 1. 0. 1. 0. 0. 0.],500,100,0.3,0.002,1,9,idID,73,random
456,0.0010351970025270002,0.0010351970025270002,0.0035791595549000007,[0.        0.        0.        0.        0.        0.        0.        0.        0.        0.        0.        0.        0.        0.        0.        0.        0.        0.        0.        0.        0.        0.        0.        0.        0.        0.7418693 0.        0.01      0.        0.        0.       ],[0. 0. 0. 0. 0. 0. 0. 0. 0. 0. 0. 0. 0. 0. 0. 0. 0. 0. 0. 0. 0. 0. 0. 0. 0. 1. 0. 1. 0. 0. 0.],500,100,0.3,0.002,1,9,idID,73,random
457,0.0010351970025270002,0.0010351970025270002,0.0035791595549000007,[0.        0.        0.        0.        0.        0.        0.        0.        0.        0.        0.        0.        0.        0.        0.        0.        0.        0.        0.        0.        0.        0.        0.        0.        0.        0.7418693 0.        0.01      0.        0.        0.       ],[0. 0. 0. 0. 0. 0. 0. 0. 0. 0. 0. 0. 0. 0. 0. 0. 0. 0. 0. 0. 0. 0. 0. 0. 0. 1. 0. 1. 0. 0. 0.],500,100,0.3,0.002,1,9,idID,73,random
458,0.0010351970025270002,0.0010351970025270002,0.0035791595549000007,[0.        0.        0.        0.        0.        0.        0.        0.        0.        0.        0.        0.        0.        0.        0.        0.        0.        0.        0.        0.        0.        0.        0.        0.        0.        0.7418693 0.        0.01      0.        0.        0.       ],[0. 0. 0. 0. 0. 0. 0. 0. 0. 0. 0. 0. 0. 0. 0. 0. 0. 0. 0. 0. 0. 0. 0. 0. 0. 1. 0. 1. 0. 0. 0.],500,100,0.3,0.002,1,9,idID,73,random
459,0.0010351970025270002,0.0010351970025270002,0.0035791595549000007,[0.        0.        0.        0.        0.        0.        0.        0.        0.        0.        0.        0.        0.        0.        0.        0.        0.        0.        0.        0.        0.        0.        0.        0.        0.        0.7418693 0.        0.01      0.        0.        0.       ],[0. 0. 0. 0. 0. 0. 0. 0. 0. 0. 0. 0. 0. 0. 0. 0. 0. 0. 0. 0. 0. 0. 0. 0. 0. 1. 0. 1. 0. 0. 0.],500,100,0.3,0.002,1,9,idID,73,random
460,0.0010351970025270002,0.0010351970025270002,0.0035791595549000007,[0.        0.        0.        0.        0.        0.        0.        0.        0.        0.        0.        0.        0.        0.        0.        0.        0.        0.        0.        0.        0.        0.        0.        0.        0.        0.7418693 0.        0.01      0.        0.        0.       ],[0. 0. 0. 0. 0. 0. 0. 0. 0. 0. 0. 0. 0. 0. 0. 0. 0. 0. 0. 0. 0. 0. 0. 0. 0. 1. 0. 1. 0. 0. 0.],500,100,0.3,0.002,1,9,idID,73,random
461,0.0010351970025270002,0.0010351970025270002,0.0035791595549000007,[0.        0.        0.        0.        0.        0.        0.        0.        0.        0.        0.        0.        0.        0.        0.        0.        0.        0.        0.        0.        0.        0.        0.        0.        0.        0.7418693 0.        0.01      0.        0.        0.       ],[0. 0. 0. 0. 0. 0. 0. 0. 0. 0. 0. 0. 0. 0. 0. 0. 0. 0. 0. 0. 0. 0. 0. 0. 0. 1. 0. 1. 0. 0. 0.],500,100,0.3,0.002,1,9,idID,73,random
462,0.0010351970025270002,0.0010351970025270002,0.0035791595549000007,[0.        0.        0.        0.        0.        0.        0.        0.        0.        0.        0.        0.        0.        0.        0.        0.        0.        0.        0.        0.        0.        0.        0.        0.        0.        0.7418693 0.        0.01      0.        0.        0.       ],[0. 0. 0. 0. 0. 0. 0. 0. 0. 0. 0. 0. 0. 0. 0. 0. 0. 0. 0. 0. 0. 0. 0. 0. 0. 1. 0. 1. 0. 0. 0.],500,100,0.3,0.002,1,9,idID,73,random
463,0.0010351970025270002,0.0010351970025270002,0.0035791595549000007,[0.        0.        0.        0.        0.        0.        0.        0.        0.        0.        0.        0.        0.        0.        0.        0.        0.        0.        0.        0.        0.        0.        0.        0.        0.        0.7418693 0.        0.01      0.        0.        0.       ],[0. 0. 0. 0. 0. 0. 0. 0. 0. 0. 0. 0. 0. 0. 0. 0. 0. 0. 0. 0. 0. 0. 0. 0. 0. 1. 0. 1. 0. 0. 0.],500,100,0.3,0.002,1,9,idID,73,random
464,0.0010351970025270002,0.0010351970025270002,0.0035791595549000007,[0.        0.        0.        0.        0.        0.        0.        0.        0.        0.        0.        0.        0.        0.        0.        0.        0.        0.        0.        0.        0.        0.        0.        0.        0.        0.7418693 0.        0.01      0.        0.        0.       ],[0. 0. 0. 0. 0. 0. 0. 0. 0. 0. 0. 0. 0. 0. 0. 0. 0. 0. 0. 0. 0. 0. 0. 0. 0. 1. 0. 1. 0. 0. 0.],500,100,0.3,0.002,1,9,idID,73,random
465,0.0010351970025270002,0.0010351970025270002,0.0035791595549000007,[0.        0.        0.        0.        0.        0.        0.        0.        0.        0.        0.        0.        0.        0.        0.        0.        0.        0.        0.        0.        0.        0.        0.        0.        0.        0.7418693 0.        0.01      0.        0.        0.       ],[0. 0. 0. 0. 0. 0. 0. 0. 0. 0. 0. 0. 0. 0. 0. 0. 0. 0. 0. 0. 0. 0. 0. 0. 0. 1. 0. 1. 0. 0. 0.],500,100,0.3,0.002,1,9,idID,73,random
466,0.0010351970025270002,0.0010351970025270002,0.0035791595549000007,[0.        0.        0.        0.        0.        0.        0.        0.        0.        0.        0.        0.        0.        0.        0.        0.        0.        0.        0.        0.        0.        0.        0.        0.        0.        0.7418693 0.        0.01      0.        0.        0.       ],[0. 0. 0. 0. 0. 0. 0. 0. 0. 0. 0. 0. 0. 0. 0. 0. 0. 0. 0. 0. 0. 0. 0. 0. 0. 1. 0. 1. 0. 0. 0.],500,100,0.3,0.002,1,9,idID,73,random
467,0.0010351970025270002,0.0010351970025270002,0.0035791595549000007,[0.        0.        0.        0.        0.        0.        0.        0.        0.        0.        0.        0.        0.        0.        0.        0.        0.        0.        0.        0.        0.        0.        0.        0.        0.        0.7418693 0.        0.01      0.        0.        0.       ],[0. 0. 0. 0. 0. 0. 0. 0. 0. 0. 0. 0. 0. 0. 0. 0. 0. 0. 0. 0. 0. 0. 0. 0. 0. 1. 0. 1. 0. 0. 0.],500,100,0.3,0.002,1,9,idID,73,random
468,0.0010351970025270002,0.0010351970025270002,0.0035791595549000007,[0.        0.        0.        0.        0.        0.        0.        0.        0.        0.        0.        0.        0.        0.        0.        0.        0.        0.        0.        0.        0.        0.        0.        0.        0.        0.7418693 0.        0.01      0.        0.        0.       ],[0. 0. 0. 0. 0. 0. 0. 0. 0. 0. 0. 0. 0. 0. 0. 0. 0. 0. 0. 0. 0. 0. 0. 0. 0. 1. 0. 1. 0. 0. 0.],500,100,0.3,0.002,1,9,idID,73,random
469,0.0010351970025270002,0.0010351970025270002,0.0035791595549000007,[0.        0.        0.        0.        0.        0.        0.        0.        0.        0.        0.        0.        0.        0.        0.        0.        0.        0.        0.        0.        0.        0.        0.        0.        0.        0.7418693 0.        0.01      0.        0.        0.       ],[0. 0. 0. 0. 0. 0. 0. 0. 0. 0. 0. 0. 0. 0. 0. 0. 0. 0. 0. 0. 0. 0. 0. 0. 0. 1. 0. 1. 0. 0. 0.],500,100,0.3,0.002,1,9,idID,73,random
470,0.0010351970025270002,0.0010351970025270002,0.0035791595549000007,[0.        0.        0.        0.        0.        0.        0.        0.        0.        0.        0.        0.        0.        0.        0.        0.        0.        0.        0.        0.        0.        0.        0.        0.        0.        0.7418693 0.        0.01      0.        0.        0.       ],[0. 0. 0. 0. 0. 0. 0. 0. 0. 0. 0. 0. 0. 0. 0. 0. 0. 0. 0. 0. 0. 0. 0. 0. 0. 1. 0. 1. 0. 0. 0.],500,100,0.3,0.002,1,9,idID,73,random
471,0.0010351970025270002,0.0010351970025270002,0.0035791595549000007,[0.        0.        0.        0.        0.        0.        0.        0.        0.        0.        0.        0.        0.        0.        0.        0.        0.        0.        0.        0.        0.        0.        0.        0.        0.        0.7418693 0.        0.01      0.        0.        0.       ],[0. 0. 0. 0. 0. 0. 0. 0. 0. 0. 0. 0. 0. 0. 0. 0. 0. 0. 0. 0. 0. 0. 0. 0. 0. 1. 0. 1. 0. 0. 0.],500,100,0.3,0.002,1,9,idID,73,random
472,0.0010351970025270002,0.0010351970025270002,0.0035791595549000007,[0.        0.        0.        0.        0.        0.        0.        0.        0.        0.        0.        0.        0.        0.        0.        0.        0.        0.        0.        0.        0.        0.        0.        0.        0.        0.7418693 0.        0.01      0.        0.        0.       ],[0. 0. 0. 0. 0. 0. 0. 0. 0. 0. 0. 0. 0. 0. 0. 0. 0. 0. 0. 0. 0. 0. 0. 0. 0. 1. 0. 1. 0. 0. 0.],500,100,0.3,0.002,1,9,idID,73,random
473,0.0010351970025270002,0.0010351970025270002,0.0035791595549000007,[0.        0.        0.        0.        0.        0.        0.        0.        0.        0.        0.        0.        0.        0.        0.        0.        0.        0.        0.        0.        0.        0.        0.        0.        0.        0.7418693 0.        0.01      0.        0.        0.       ],[0. 0. 0. 0. 0. 0. 0. 0. 0. 0. 0. 0. 0. 0. 0. 0. 0. 0. 0. 0. 0. 0. 0. 0. 0. 1. 0. 1. 0. 0. 0.],500,100,0.3,0.002,1,9,idID,73,random
474,0.0010351970025270002,0.0010351970025270002,0.0035791595549000007,[0.        0.        0.        0.        0.        0.        0.        0.        0.        0.        0.        0.        0.        0.        0.        0.        0.        0.        0.        0.        0.        0.        0.        0.        0.        0.7418693 0.        0.01      0.        0.        0.       ],[0. 0. 0. 0. 0. 0. 0. 0. 0. 0. 0. 0. 0. 0. 0. 0. 0. 0. 0. 0. 0. 0. 0. 0. 0. 1. 0. 1. 0. 0. 0.],500,100,0.3,0.002,1,9,idID,73,random
475,0.0010351970025270002,0.0010351970025270002,0.0035791595549000007,[0.        0.        0.        0.        0.        0.        0.        0.        0.        0.        0.        0.        0.        0.        0.        0.        0.        0.        0.        0.        0.        0.        0.        0.        0.        0.7418693 0.        0.01      0.        0.        0.       ],[0. 0. 0. 0. 0. 0. 0. 0. 0. 0. 0. 0. 0. 0. 0. 0. 0. 0. 0. 0. 0. 0. 0. 0. 0. 1. 0. 1. 0. 0. 0.],500,100,0.3,0.002,1,9,idID,73,random
476,0.0010351970025270002,0.0010351970025270002,0.0035791595549000007,[0.        0.        0.        0.        0.        0.        0.        0.        0.        0.        0.        0.        0.        0.        0.        0.        0.        0.        0.        0.        0.        0.        0.        0.        0.        0.7418693 0.        0.01      0.        0.        0.       ],[0. 0. 0. 0. 0. 0. 0. 0. 0. 0. 0. 0. 0. 0. 0. 0. 0. 0. 0. 0. 0. 0. 0. 0. 0. 1. 0. 1. 0. 0. 0.],500,100,0.3,0.002,1,9,idID,73,random
477,0.0010351970025270002,0.0010351970025270002,0.0035791595549000007,[0.        0.        0.        0.        0.        0.        0.        0.        0.        0.        0.        0.        0.        0.        0.        0.        0.        0.        0.        0.        0.        0.        0.        0.        0.        0.7418693 0.        0.01      0.        0.        0.       ],[0. 0. 0. 0. 0. 0. 0. 0. 0. 0. 0. 0. 0. 0. 0. 0. 0. 0. 0. 0. 0. 0. 0. 0. 0. 1. 0. 1. 0. 0. 0.],500,100,0.3,0.002,1,9,idID,73,random
478,0.0010351970025270002,0.0010351970025270002,0.0035791595549000007,[0.        0.        0.        0.        0.        0.        0.        0.        0.        0.        0.        0.        0.        0.        0.        0.        0.        0.        0.        0.        0.        0.        0.        0.        0.        0.7418693 0.        0.01      0.        0.        0.       ],[0. 0. 0. 0. 0. 0. 0. 0. 0. 0. 0. 0. 0. 0. 0. 0. 0. 0. 0. 0. 0. 0. 0. 0. 0. 1. 0. 1. 0. 0. 0.],500,100,0.3,0.002,1,9,idID,73,random
479,0.0010351970025270002,0.0010351970025270002,0.0035791595549000007,[0.        0.        0.        0.        0.        0.        0.        0.        0.        0.        0.        0.        0.        0.        0.        0.        0.        0.        0.        0.        0.        0.        0.        0.        0.        0.7418693 0.        0.01      0.        0.        0.       ],[0. 0. 0. 0. 0. 0. 0. 0. 0. 0. 0. 0. 0. 0. 0. 0. 0. 0. 0. 0. 0. 0. 0. 0. 0. 1. 0. 1. 0. 0. 0.],500,100,0.3,0.002,1,9,idID,73,random
480,0.0010351970025270002,0.0010351970025270002,0.0035791595549000007,[0.        0.        0.        0.        0.        0.        0.        0.        0.        0.        0.        0.        0.        0.        0.        0.        0.        0.        0.        0.        0.        0.        0.        0.        0.        0.7418693 0.        0.01      0.        0.        0.       ],[0. 0. 0. 0. 0. 0. 0. 0. 0. 0. 0. 0. 0. 0. 0. 0. 0. 0. 0. 0. 0. 0. 0. 0. 0. 1. 0. 1. 0. 0. 0.],500,100,0.3,0.002,1,9,idID,73,random
481,0.0010351970025270002,0.0010351970025270002,0.0035791595549000007,[0.        0.        0.        0.        0.        0.        0.        0.        0.        0.        0.        0.        0.        0.        0.        0.        0.        0.        0.        0.        0.        0.        0.        0.        0.        0.7418693 0.        0.01      0.        0.        0.       ],[0. 0. 0. 0. 0. 0. 0. 0. 0. 0. 0. 0. 0. 0. 0. 0. 0. 0. 0. 0. 0. 0. 0. 0. 0. 1. 0. 1. 0. 0. 0.],500,100,0.3,0.002,1,9,idID,73,random
482,0.0010351970025270002,0.0010351970025270002,0.0035791595549000007,[0.        0.        0.        0.        0.        0.        0.        0.        0.        0.        0.        0.        0.        0.        0.        0.        0.        0.        0.        0.        0.        0.        0.        0.        0.        0.7418693 0.        0.01      0.        0.        0.       ],[0. 0. 0. 0. 0. 0. 0. 0. 0. 0. 0. 0. 0. 0. 0. 0. 0. 0. 0. 0. 0. 0. 0. 0. 0. 1. 0. 1. 0. 0. 0.],500,100,0.3,0.002,1,9,idID,73,random
483,0.0010351970025270002,0.0010351970025270002,0.0035791595549000007,[0.        0.        0.        0.        0.        0.        0.        0.        0.        0.        0.        0.        0.        0.        0.        0.        0.        0.        0.        0.        0.        0.        0.        0.        0.        0.7418693 0.        0.01      0.        0.        0.       ],[0. 0. 0. 0. 0. 0. 0. 0. 0. 0. 0. 0. 0. 0. 0. 0. 0. 0. 0. 0. 0. 0. 0. 0. 0. 1. 0. 1. 0. 0. 0.],500,100,0.3,0.002,1,9,idID,73,random
484,0.0010351970025270002,0.0010351970025270002,0.0035791595549000007,[0.        0.        0.        0.        0.        0.        0.        0.        0.        0.        0.        0.        0.        0.        0.        0.        0.        0.        0.        0.        0.        0.        0.        0.        0.        0.7418693 0.        0.01      0.        0.        0.       ],[0. 0. 0. 0. 0. 0. 0. 0. 0. 0. 0. 0. 0. 0. 0. 0. 0. 0. 0. 0. 0. 0. 0. 0. 0. 1. 0. 1. 0. 0. 0.],500,100,0.3,0.002,1,9,idID,73,random
485,0.0010351970025270002,0.0010351970025270002,0.0035791595549000007,[0.        0.        0.        0.        0.        0.        0.        0.        0.        0.        0.        0.        0.        0.        0.        0.        0.        0.        0.        0.        0.        0.        0.        0.        0.        0.7418693 0.        0.01      0.        0.        0.       ],[0. 0. 0. 0. 0. 0. 0. 0. 0. 0. 0. 0. 0. 0. 0. 0. 0. 0. 0. 0. 0. 0. 0. 0. 0. 1. 0. 1. 0. 0. 0.],500,100,0.3,0.002,1,9,idID,73,random
486,0.0010351970025270002,0.0010351970025270002,0.0035791595549000007,[0.        0.        0.        0.        0.        0.        0.        0.        0.        0.        0.        0.        0.        0.        0.        0.        0.        0.        0.        0.        0.        0.        0.        0.        0.        0.7418693 0.        0.01      0.        0.        0.       ],[0. 0. 0. 0. 0. 0. 0. 0. 0. 0. 0. 0. 0. 0. 0. 0. 0. 0. 0. 0. 0. 0. 0. 0. 0. 1. 0. 1. 0. 0. 0.],500,100,0.3,0.002,1,9,idID,73,random
487,0.0010351970025270002,0.0010351970025270002,0.0035791595549000007,[0.        0.        0.        0.        0.        0.        0.        0.        0.        0.        0.        0.        0.        0.        0.        0.        0.        0.        0.        0.        0.        0.        0.        0.        0.        0.7418693 0.        0.01      0.        0.        0.       ],[0. 0. 0. 0. 0. 0. 0. 0. 0. 0. 0. 0. 0. 0. 0. 0. 0. 0. 0. 0. 0. 0. 0. 0. 0. 1. 0. 1. 0. 0. 0.],500,100,0.3,0.002,1,9,idID,73,random
488,0.0010351970025270002,0.0010351970025270002,0.0035791595549000007,[0.        0.        0.        0.        0.        0.        0.        0.        0.        0.        0.        0.        0.        0.        0.        0.        0.        0.        0.        0.        0.        0.        0.        0.        0.        0.7418693 0.        0.01      0.        0.        0.       ],[0. 0. 0. 0. 0. 0. 0. 0. 0. 0. 0. 0. 0. 0. 0. 0. 0. 0. 0. 0. 0. 0. 0. 0. 0. 1. 0. 1. 0. 0. 0.],500,100,0.3,0.002,1,9,idID,73,random
489,0.0010351970025270002,0.0010351970025270002,0.0035791595549000007,[0.        0.        0.        0.        0.        0.        0.        0.        0.        0.        0.        0.        0.        0.        0.        0.        0.        0.        0.        0.        0.        0.        0.        0.        0.        0.7418693 0.        0.01      0.        0.        0.       ],[0. 0. 0. 0. 0. 0. 0. 0. 0. 0. 0. 0. 0. 0. 0. 0. 0. 0. 0. 0. 0. 0. 0. 0. 0. 1. 0. 1. 0. 0. 0.],500,100,0.3,0.002,1,9,idID,73,random
490,0.0010351970025270002,0.0010351970025270002,0.0035791595549000007,[0.        0.        0.        0.        0.        0.        0.        0.        0.        0.        0.        0.        0.        0.        0.        0.        0.        0.        0.        0.        0.        0.        0.        0.        0.        0.7418693 0.        0.01      0.        0.        0.       ],[0. 0. 0. 0. 0. 0. 0. 0. 0. 0. 0. 0. 0. 0. 0. 0. 0. 0. 0. 0. 0. 0. 0. 0. 0. 1. 0. 1. 0. 0. 0.],500,100,0.3,0.002,1,9,idID,73,random
491,0.0010351970025270002,0.0010351970025270002,0.0035791595549000007,[0.        0.        0.        0.        0.        0.        0.        0.        0.        0.        0.        0.        0.        0.        0.        0.        0.        0.        0.        0.        0.        0.        0.        0.        0.        0.7418693 0.        0.01      0.        0.        0.       ],[0. 0. 0. 0. 0. 0. 0. 0. 0. 0. 0. 0. 0. 0. 0. 0. 0. 0. 0. 0. 0. 0. 0. 0. 0. 1. 0. 1. 0. 0. 0.],500,100,0.3,0.002,1,9,idID,73,random
492,0.0010351970025270002,0.0010351970025270002,0.0035791595549000007,[0.        0.        0.        0.        0.        0.        0.        0.        0.        0.        0.        0.        0.        0.        0.        0.        0.        0.        0.        0.        0.        0.        0.        0.        0.        0.7418693 0.        0.01      0.        0.        0.       ],[0. 0. 0. 0. 0. 0. 0. 0. 0. 0. 0. 0. 0. 0. 0. 0. 0. 0. 0. 0. 0. 0. 0. 0. 0. 1. 0. 1. 0. 0. 0.],500,100,0.3,0.002,1,9,idID,73,random
493,0.0010351970025270002,0.0010351970025270002,0.0035791595549000007,[0.        0.        0.        0.        0.        0.        0.        0.        0.        0.        0.        0.        0.        0.        0.        0.        0.        0.        0.        0.        0.        0.        0.        0.        0.        0.7418693 0.        0.01      0.        0.        0.       ],[0. 0. 0. 0. 0. 0. 0. 0. 0. 0. 0. 0. 0. 0. 0. 0. 0. 0. 0. 0. 0. 0. 0. 0. 0. 1. 0. 1. 0. 0. 0.],500,100,0.3,0.002,1,9,idID,73,random
494,0.0010351970025270002,0.0010351970025270002,0.0035791595549000007,[0.        0.        0.        0.        0.        0.        0.        0.        0.        0.        0.        0.        0.        0.        0.        0.        0.        0.        0.        0.        0.        0.        0.        0.        0.        0.7418693 0.        0.01      0.        0.        0.       ],[0. 0. 0. 0. 0. 0. 0. 0. 0. 0. 0. 0. 0. 0. 0. 0. 0. 0. 0. 0. 0. 0. 0. 0. 0. 1. 0. 1. 0. 0. 0.],500,100,0.3,0.002,1,9,idID,73,random
495,0.0010351970025270002,0.0010351970025270002,0.0035791595549000007,[0.        0.        0.        0.        0.        0.        0.        0.        0.        0.        0.        0.        0.        0.        0.        0.        0.        0.        0.        0.        0.        0.        0.        0.        0.        0.7418693 0.        0.01      0.        0.        0.       ],[0. 0. 0. 0. 0. 0. 0. 0. 0. 0. 0. 0. 0. 0. 0. 0. 0. 0. 0. 0. 0. 0. 0. 0. 0. 1. 0. 1. 0. 0. 0.],500,100,0.3,0.002,1,9,idID,73,random
496,0.0010351970025270002,0.0010351970025270002,0.0035791595549000007,[0.        0.        0.        0.        0.        0.        0.        0.        0.        0.        0.        0.        0.        0.        0.        0.        0.        0.        0.        0.        0.        0.        0.        0.        0.        0.7418693 0.        0.01      0.        0.        0.       ],[0. 0. 0. 0. 0. 0. 0. 0. 0. 0. 0. 0. 0. 0. 0. 0. 0. 0. 0. 0. 0. 0. 0. 0. 0. 1. 0. 1. 0. 0. 0.],500,100,0.3,0.002,1,9,idID,73,random
497,0.0010351970025270002,0.0010351970025270002,0.0035791595549000007,[0.        0.        0.        0.        0.        0.        0.        0.        0.        0.        0.        0.        0.        0.        0.        0.        0.        0.        0.        0.        0.        0.        0.        0.        0.        0.7418693 0.        0.01      0.        0.        0.       ],[0. 0. 0. 0. 0. 0. 0. 0. 0. 0. 0. 0. 0. 0. 0. 0. 0. 0. 0. 0. 0. 0. 0. 0. 0. 1. 0. 1. 0. 0. 0.],500,100,0.3,0.002,1,9,idID,73,random
498,0.0010351970025270002,0.0010351970025270002,0.0035791595549000007,[0.        0.        0.        0.        0.        0.        0.        0.        0.        0.        0.        0.        0.        0.        0.        0.        0.        0.        0.        0.        0.        0.        0.        0.        0.        0.7418693 0.        0.01      0.        0.        0.       ],[0. 0. 0. 0. 0. 0. 0. 0. 0. 0. 0. 0. 0. 0. 0. 0. 0. 0. 0. 0. 0. 0. 0. 0. 0. 1. 0. 1. 0. 0. 0.],500,100,0.3,0.002,1,9,idID,73,random
499,0.0010351970025270002,0.0010351970025270002,0.0035791595549000007,[0.        0.        0.        0.        0.        0.        0.        0.        0.        0.        0.        0.        0.        0.        0.        0.        0.        0.        0.        0.        0.        0.        0.        0.        0.        0.7418693 0.        0.01      0.        0.        0.       ],[0. 0. 0. 0. 0. 0. 0. 0. 0. 0. 0. 0. 0. 0. 0. 0. 0. 0. 0. 0. 0. 0. 0. 0. 0. 1. 0. 1. 0. 0. 0.],500,100,0.3,0.002,1,9,idID,73,random
