iter,obj,aug_obj,return,X,Z,max_iter,neighbours,alpha,exp_return,n_port,k,move_strategy,seed,selection_strategy
0,0.21376097171817066,0.21376097171817066,0.0038006942345,[0.        0.        0.        0.        0.01705   0.058751  0.        0.0866124 0.065295  0.0735885 0.        0.        0.117017  0.057889  0.        0.        0.096637  0.        0.        0.        0.        0.052694  0.        0.        0.048545  0.1055005 0.        0.013596  0.113662  0.074874  0.0182886],[0. 0. 0. 0. 1. 1. 0. 1. 1. 1. 0. 0. 1. 1. 0. 0. 1. 0. 0. 0. 0. 1. 0. 0. 1. 1. 0. 1. 1. 1. 1.],500,100,0.1,0.0025,1,15,best,92,best
1,0.21184453280842222,0.21184453280842222,0.00381251990645,[0.         0.         0.         0.         0.01705    0.058751   0.         0.0866124  0.065295   0.06622965 0.         0.         0.117017   0.057889   0.         0.         0.096637   0.         0.         0.         0.         0.052694   0.         0.         0.048545   0.11285935 0.         0.013596   0.113662   0.074874   0.0182886 ],[0. 0. 0. 0. 1. 1. 0. 1. 1. 1. 0. 0. 1. 1. 0. 0. 1. 0. 0. 0. 0. 1. 0. 0. 1. 1. 0. 1. 1. 1. 1.],500,100,0.1,0.0025,1,15,best,92,best
2,0.20972050897331676,0.20972050897331676,0.00377297689665,[0.         0.         0.         0.         0.01705    0.058751   0.         0.0866124  0.065295   0.06622965 0.         0.         0.117017   0.057889   0.         0.         0.096637   0.         0.         0.         0.         0.052694   0.         0.         0.048545   0.11285935 0.         0.0249622  0.1022958  0.074874   0.0182886 ],[0. 0. 0. 0. 1. 1. 0. 1. 1. 1. 0. 0. 1. 1. 0. 0. 1. 0. 0. 0. 0. 1. 0. 0. 1. 1. 0. 1. 1. 1. 1.],500,100,0.1,0.0025,1,15,best,92,best
3,0.20781660661997556,0.20781660661997556,0.0037843610320000003,[0.       0.       0.       0.       0.01686  0.058095 0.       0.085646 0.064566 0.065491 0.       0.       0.115711 0.057243 0.       0.       0.095559 0.       0.       0.       0.       0.052106 0.       0.       0.048003 0.12276  0.       0.024684 0.101154 0.074038 0.018084],[0. 0. 0. 0. 1. 1. 0. 1. 1. 1. 0. 0. 1. 1. 0. 0. 1. 0. 0. 0. 0. 1. 0. 0. 1. 1. 0. 1. 1. 1. 1.],500,100,0.1,0.0025,1,15,best,92,best
4,0.20575990172089664,0.20575990172089664,0.003796595616,[0.       0.       0.       0.       0.016656 0.05739  0.       0.084607 0.063783 0.064697 0.       0.       0.114308 0.056549 0.       0.       0.0944   0.       0.       0.       0.       0.051474 0.       0.       0.047421 0.133398 0.       0.024385 0.099927 0.07314  0.017865],[0. 0. 0. 0. 1. 1. 0. 1. 1. 1. 0. 0. 1. 1. 0. 0. 1. 0. 0. 0. 0. 1. 0. 0. 1. 1. 0. 1. 1. 1. 1.],500,100,0.1,0.0025,1,15,best,92,best
5,0.20354187829568263,0.20354187829568263,0.0038097142550000004,[0.       0.       0.       0.       0.016437 0.056635 0.       0.083493 0.062943 0.063845 0.       0.       0.112803 0.055805 0.       0.       0.093157 0.       0.       0.       0.       0.050796 0.       0.       0.046797 0.144806 0.       0.024064 0.098612 0.072177 0.01763 ],[0. 0. 0. 0. 1. 1. 0. 1. 1. 1. 0. 0. 1. 1. 0. 0. 1. 0. 0. 0. 0. 1. 0. 0. 1. 1. 0. 1. 1. 1. 1.],500,100,0.1,0.0025,1,15,best,92,best
6,0.20115391333256424,0.20115391333256424,0.0038237467040000005,[0.       0.       0.       0.       0.016202 0.055827 0.       0.082301 0.062045 0.062934 0.       0.       0.111193 0.055008 0.       0.       0.091827 0.       0.       0.       0.       0.050071 0.       0.       0.046129 0.157013 0.       0.023721 0.097204 0.071147 0.017378],[0. 0. 0. 0. 1. 1. 0. 1. 1. 1. 0. 0. 1. 1. 0. 0. 1. 0. 0. 0. 0. 1. 0. 0. 1. 1. 0. 1. 1. 1. 1.],500,100,0.1,0.0025,1,15,best,92,best
7,0.1985878756124635,0.1985878756124635,0.0038387317929999996,[0.       0.       0.       0.       0.015952 0.054964 0.       0.081029 0.061086 0.061961 0.       0.       0.109474 0.054158 0.       0.       0.090407 0.       0.       0.       0.       0.049297 0.       0.       0.045416 0.170044 0.       0.023354 0.095701 0.070047 0.017109],[0. 0. 0. 0. 1. 1. 0. 1. 1. 1. 0. 0. 1. 1. 0. 0. 1. 0. 0. 0. 0. 1. 0. 0. 1. 1. 0. 1. 1. 1. 1.],500,100,0.1,0.0025,1,15,best,92,best
8,0.19583775160669686,0.19583775160669686,0.0038546936440000006,[0.       0.       0.       0.       0.015685 0.054045 0.       0.079674 0.060065 0.060925 0.       0.       0.107644 0.053253 0.       0.       0.088895 0.       0.       0.       0.       0.048473 0.       0.       0.044657 0.183921 0.       0.022964 0.094101 0.068876 0.016823],[0. 0. 0. 0. 1. 1. 0. 1. 1. 1. 0. 0. 1. 1. 0. 0. 1. 0. 0. 0. 0. 1. 0. 0. 1. 1. 0. 1. 1. 1. 1.],500,100,0.1,0.0025,1,15,best,92,best
9,0.19401578619655485,0.19401578619655485,0.0038219559061000003,[0.        0.        0.        0.        0.015685  0.054045  0.        0.079674  0.060065  0.060925  0.        0.        0.107644  0.053253  0.        0.        0.088895  0.        0.        0.        0.        0.048473  0.        0.        0.044657  0.183921  0.        0.0323741 0.0846909 0.068876  0.016823 ],[0. 0. 0. 0. 1. 1. 0. 1. 1. 1. 0. 0. 1. 1. 0. 0. 1. 0. 0. 0. 0. 1. 0. 0. 1. 1. 0. 1. 1. 1. 1.],500,100,0.1,0.0025,1,15,best,92,best
10,0.19110732433361424,0.19110732433361424,0.003839487865,[0.       0.       0.       0.       0.015402 0.053069 0.       0.078235 0.05898  0.059825 0.       0.       0.1057   0.052291 0.       0.       0.087289 0.       0.       0.       0.       0.047598 0.       0.       0.04385  0.198659 0.       0.031789 0.083161 0.067632 0.016519],[0. 0. 0. 0. 1. 1. 0. 1. 1. 1. 0. 0. 1. 1. 0. 0. 1. 0. 0. 0. 0. 1. 0. 0. 1. 1. 0. 1. 1. 1. 1.],500,100,0.1,0.0025,1,15,best,92,best
11,0.18800385106678394,0.18800385106678394,0.0038580584259999993,[0.       0.       0.       0.       0.015102 0.052035 0.       0.076711 0.057831 0.05866  0.       0.       0.103641 0.051272 0.       0.       0.085589 0.       0.       0.       0.       0.046671 0.       0.       0.042996 0.214268 0.       0.03117  0.081541 0.066315 0.016197],[0. 0. 0. 0. 1. 1. 0. 1. 1. 1. 0. 0. 1. 1. 0. 0. 1. 0. 0. 0. 0. 1. 0. 0. 1. 1. 0. 1. 1. 1. 1.],500,100,0.1,0.0025,1,15,best,92,best
12,0.1847003800348148,0.1847003800348148,0.003877675013,[0.       0.       0.       0.       0.014785 0.050943 0.       0.075102 0.056618 0.05743  0.       0.       0.101467 0.050196 0.       0.       0.083794 0.       0.       0.       0.       0.045692 0.       0.       0.042094 0.230751 0.       0.030516 0.079831 0.064924 0.015857],[0. 0. 0. 0. 1. 1. 0. 1. 1. 1. 0. 0. 1. 1. 0. 0. 1. 0. 0. 0. 0. 1. 0. 0. 1. 1. 0. 1. 1. 1. 1.],500,100,0.1,0.0025,1,15,best,92,best
13,0.1837159502074058,0.1837159502074058,0.0038797722758000005,[0.        0.        0.        0.        0.014785  0.050943  0.        0.075102  0.056618  0.05743   0.        0.        0.101467  0.050196  0.        0.        0.083794  0.        0.        0.        0.        0.0411228 0.        0.        0.042094  0.230751  0.        0.0350852 0.079831  0.064924  0.015857 ],[0. 0. 0. 0. 1. 1. 0. 1. 1. 1. 0. 0. 1. 1. 0. 0. 1. 0. 0. 0. 0. 1. 0. 0. 1. 1. 0. 1. 1. 1. 1.],500,100,0.1,0.0025,1,15,best,92,best
14,0.1824689210076843,0.1824689210076843,0.0038855498354000003,[0.        0.        0.        0.        0.014785  0.050943  0.        0.075102  0.056618  0.05743   0.        0.        0.101467  0.0451764 0.        0.        0.083794  0.        0.        0.        0.        0.0411228 0.        0.        0.042094  0.2357706 0.        0.0350852 0.079831  0.064924  0.015857 ],[0. 0. 0. 0. 1. 1. 0. 1. 1. 1. 0. 0. 1. 1. 0. 0. 1. 0. 0. 0. 0. 1. 0. 0. 1. 1. 0. 1. 1. 1. 1.],500,100,0.1,0.0025,1,15,best,92,best
15,0.17893688871392907,0.17893688871392907,0.0039064503250000005,[0.       0.       0.       0.       0.014444 0.04977  0.       0.073372 0.055314 0.056107 0.       0.       0.09913  0.044136 0.       0.       0.081864 0.       0.       0.       0.       0.040176 0.       0.       0.041124 0.253374 0.       0.034277 0.077992 0.063429 0.015492],[0. 0. 0. 0. 1. 1. 0. 1. 1. 1. 0. 0. 1. 1. 0. 0. 1. 0. 0. 0. 0. 1. 0. 0. 1. 1. 0. 1. 1. 1. 1.],500,100,0.1,0.0025,1,15,best,92,best
16,0.17520016811581912,0.17520016811581912,0.003928354202,[0.       0.       0.       0.       0.014087 0.04854  0.       0.071559 0.053947 0.05472  0.       0.       0.09668  0.043045 0.       0.       0.079841 0.       0.       0.       0.       0.039183 0.       0.       0.040108 0.271824 0.       0.03343  0.076065 0.061862 0.015109],[0. 0. 0. 0. 1. 1. 0. 1. 1. 1. 0. 0. 1. 1. 0. 0. 1. 0. 0. 0. 0. 1. 0. 0. 1. 1. 0. 1. 1. 1. 1.],500,100,0.1,0.0025,1,15,best,92,best
17,0.17126041968151273,0.17126041968151273,0.0039512306330000005,[0.       0.       0.       0.       0.013714 0.047255 0.       0.069665 0.052519 0.053272 0.       0.       0.094122 0.041906 0.       0.       0.077728 0.       0.       0.       0.       0.038146 0.       0.       0.039047 0.291094 0.       0.032545 0.074052 0.060225 0.014709],[0. 0. 0. 0. 1. 1. 0. 1. 1. 1. 0. 0. 1. 1. 0. 0. 1. 0. 0. 0. 0. 1. 0. 0. 1. 1. 0. 1. 1. 1. 1.],500,100,0.1,0.0025,1,15,best,92,best
18,0.16712105307302397,0.16712105307302397,0.003975039895000001,[0.       0.       0.       0.       0.013326 0.045918 0.       0.067695 0.051033 0.051765 0.       0.       0.09146  0.040721 0.       0.       0.075529 0.       0.       0.       0.       0.037067 0.       0.       0.037943 0.311146 0.       0.031624 0.071957 0.058522 0.014293],[0. 0. 0. 0. 1. 1. 0. 1. 1. 1. 0. 0. 1. 1. 0. 0. 1. 0. 0. 0. 0. 1. 0. 0. 1. 1. 0. 1. 1. 1. 1.],500,100,0.1,0.0025,1,15,best,92,best
19,0.1627867915416283,0.1627867915416283,0.003999726114999999,[0.       0.       0.       0.       0.012924 0.044532 0.       0.065652 0.049493 0.050203 0.       0.       0.0887   0.039492 0.       0.       0.07325  0.       0.       0.       0.       0.035949 0.       0.       0.036798 0.331933 0.       0.03067  0.069786 0.056756 0.013862],[0. 0. 0. 0. 1. 1. 0. 1. 1. 1. 0. 0. 1. 1. 0. 0. 1. 0. 0. 0. 0. 1. 0. 0. 1. 1. 0. 1. 1. 1. 1.],500,100,0.1,0.0025,1,15,best,92,best
20,0.16141914649031314,0.16141914649031314,0.0039754475656,[0.        0.        0.        0.        0.012924  0.044532  0.        0.065652  0.049493  0.050203  0.        0.        0.0887    0.039492  0.        0.        0.07325   0.        0.        0.        0.        0.035949  0.        0.        0.036798  0.331933  0.        0.0376486 0.0628074 0.056756  0.013862 ],[0. 0. 0. 0. 1. 1. 0. 1. 1. 1. 0. 0. 1. 1. 0. 0. 1. 0. 0. 0. 0. 1. 0. 0. 1. 1. 0. 1. 1. 1. 1.],500,100,0.1,0.0025,1,15,best,92,best
21,0.1569451272243003,0.1569451272243003,0.004001717884,[0.       0.       0.       0.       0.012509 0.043101 0.       0.063543 0.047903 0.04859  0.       0.       0.08585  0.038223 0.       0.       0.070897 0.       0.       0.       0.       0.034794 0.       0.       0.035616 0.353396 0.       0.036439 0.06079  0.054933 0.013417],[0. 0. 0. 0. 1. 1. 0. 1. 1. 1. 0. 0. 1. 1. 0. 0. 1. 0. 0. 0. 0. 1. 0. 0. 1. 1. 0. 1. 1. 1. 1.],500,100,0.1,0.0025,1,15,best,92,best
22,0.15591282569404336,0.15591282569404336,0.0040092079287999995,[0.        0.        0.        0.        0.012509  0.043101  0.        0.063543  0.047903  0.04859   0.        0.        0.08585   0.038223  0.        0.        0.070897  0.        0.        0.        0.        0.034794  0.        0.        0.0320544 0.3569576 0.        0.036439  0.06079   0.054933  0.013417 ],[0. 0. 0. 0. 1. 1. 0. 1. 1. 1. 0. 0. 1. 1. 0. 0. 1. 0. 0. 0. 0. 1. 0. 0. 1. 1. 0. 1. 1. 1. 1.],500,100,0.1,0.0025,1,15,best,92,best
23,0.15463718039086047,0.15463718039086047,0.0039926104972,[0.        0.        0.        0.        0.012509  0.043101  0.        0.0571887 0.047903  0.04859   0.        0.        0.08585   0.038223  0.        0.        0.070897  0.        0.        0.        0.        0.034794  0.        0.        0.0320544 0.3569576 0.        0.0427933 0.06079   0.054933  0.013417 ],[0. 0. 0. 0. 1. 1. 0. 1. 1. 1. 0. 0. 1. 1. 0. 0. 1. 0. 0. 0. 0. 1. 0. 0. 1. 1. 0. 1. 1. 1. 1.],500,100,0.1,0.0025,1,15,best,92,best
24,0.1500224242306519,0.1500224242306519,0.004020199206,[0.       0.       0.       0.       0.012078 0.041615 0.       0.055218 0.046252 0.046915 0.       0.       0.082891 0.036906 0.       0.       0.068453 0.       0.       0.       0.       0.033595 0.       0.       0.03095  0.37912  0.       0.041318 0.058695 0.05304  0.012955],[0. 0. 0. 0. 1. 1. 0. 1. 1. 1. 0. 0. 1. 1. 0. 0. 1. 0. 0. 0. 0. 1. 0. 0. 1. 1. 0. 1. 1. 1. 1.],500,100,0.1,0.0025,1,15,best,92,best
25,0.1492855205625703,0.1492855205625703,0.004009580278,[0.       0.       0.       0.       0.012149 0.041861 0.       0.055544 0.046525 0.047192 0.       0.       0.08338  0.037124 0.       0.       0.068857 0.       0.       0.       0.       0.033793 0.       0.       0.031133 0.381358 0.       0.041562 0.053137 0.053353 0.013031],[0. 0. 0. 0. 1. 1. 0. 1. 1. 1. 0. 0. 1. 1. 0. 0. 1. 0. 0. 0. 0. 1. 0. 0. 1. 1. 0. 1. 1. 1. 1.],500,100,0.1,0.0025,1,15,best,92,best
26,0.14450471572970974,0.14450471572970974,0.004038361723000001,[0.       0.       0.       0.       0.011703 0.040323 0.       0.053504 0.044816 0.045458 0.       0.       0.080317 0.03576  0.       0.       0.066328 0.       0.       0.       0.       0.032552 0.       0.       0.029989 0.404084 0.       0.040035 0.051185 0.051393 0.012552],[0. 0. 0. 0. 1. 1. 0. 1. 1. 1. 0. 0. 1. 1. 0. 0. 1. 0. 0. 0. 0. 1. 0. 0. 1. 1. 0. 1. 1. 1. 1.],500,100,0.1,0.0025,1,15,best,92,best
27,0.14345782665086404,0.14345782665086404,0.0040505957212000005,[0.        0.        0.        0.        0.011703  0.0362907 0.        0.053504  0.044816  0.045458  0.        0.        0.080317  0.03576   0.        0.        0.066328  0.        0.        0.        0.        0.032552  0.        0.        0.029989  0.4081163 0.        0.040035  0.051185  0.051393  0.012552 ],[0. 0. 0. 0. 1. 1. 0. 1. 1. 1. 0. 0. 1. 1. 0. 0. 1. 0. 0. 0. 0. 1. 0. 0. 1. 1. 0. 1. 1. 1. 1.],500,100,0.1,0.0025,1,15,best,92,best
28,0.13852254830979502,0.13852254830979502,0.004079713143999999,[0.       0.       0.       0.       0.011244 0.034868 0.       0.051406 0.043059 0.043676 0.       0.       0.077168 0.034358 0.       0.       0.063727 0.       0.       0.       0.       0.031276 0.       0.       0.028813 0.431325 0.       0.038465 0.049178 0.049378 0.01206 ],[0. 0. 0. 0. 1. 1. 0. 1. 1. 1. 0. 0. 1. 1. 0. 0. 1. 0. 0. 0. 0. 1. 0. 0. 1. 1. 0. 1. 1. 1. 1.],500,100,0.1,0.0025,1,15,best,92,best
29,0.13777835049134357,0.13777835049134357,0.004113251944399999,[0.        0.        0.        0.        0.0156116 0.034868  0.        0.051406  0.043059  0.0393084 0.        0.        0.077168  0.034358  0.        0.        0.063727  0.        0.        0.        0.        0.031276  0.        0.        0.028813  0.431325  0.        0.038465  0.049178  0.049378  0.01206  ],[0. 0. 0. 0. 1. 1. 0. 1. 1. 1. 0. 0. 1. 1. 0. 0. 1. 0. 0. 0. 0. 1. 0. 0. 1. 1. 0. 1. 1. 1. 1.],500,100,0.1,0.0025,1,15,best,92,best
30,0.1367937848741775,0.1367937848741775,0.004096142918199999,[0.        0.        0.        0.        0.0156116 0.034868  0.        0.051406  0.043059  0.0393084 0.        0.        0.077168  0.034358  0.        0.        0.063727  0.        0.        0.        0.        0.031276  0.        0.        0.028813  0.431325  0.        0.0433828 0.0442602 0.049378  0.01206  ],[0. 0. 0. 0. 1. 1. 0. 1. 1. 1. 0. 0. 1. 1. 0. 0. 1. 0. 0. 0. 0. 1. 0. 0. 1. 1. 0. 1. 1. 1. 1.],500,100,0.1,0.0025,1,15,best,92,best
31,0.13182030069190456,0.13182030069190456,0.004124954082,[0.       0.       0.       0.       0.014966 0.033426 0.       0.04928  0.041279 0.037683 0.       0.       0.073977 0.032937 0.       0.       0.061092 0.       0.       0.       0.       0.029983 0.       0.       0.027622 0.454839 0.       0.041589 0.04243  0.047336 0.011561],[0. 0. 0. 0. 1. 1. 0. 1. 1. 1. 0. 0. 1. 1. 0. 0. 1. 0. 0. 0. 0. 1. 0. 0. 1. 1. 0. 1. 1. 1. 1.],500,100,0.1,0.0025,1,15,best,92,best
32,0.13111739386505572,0.13111739386505572,0.0041721218171999995,[0.        0.        0.        0.        0.0223637 0.033426  0.        0.04928   0.041279  0.037683  0.        0.        0.0665793 0.032937  0.        0.        0.061092  0.        0.        0.        0.        0.029983  0.        0.        0.027622  0.454839  0.        0.041589  0.04243   0.047336  0.011561 ],[0. 0. 0. 0. 1. 1. 0. 1. 1. 1. 0. 0. 1. 1. 0. 0. 1. 0. 0. 0. 0. 1. 0. 0. 1. 1. 0. 1. 1. 1. 1.],500,100,0.1,0.0025,1,15,best,92,best
33,0.13027101395508392,0.13027101395508392,0.004173754909199999,[0.        0.        0.        0.        0.0223637 0.033426  0.        0.04928   0.041279  0.037683  0.        0.        0.0665793 0.032937  0.        0.        0.061092  0.        0.        0.        0.        0.029983  0.        0.        0.027622  0.454839  0.        0.0463226 0.04243   0.0426024 0.011561 ],[0. 0. 0. 0. 1. 1. 0. 1. 1. 1. 0. 0. 1. 1. 0. 0. 1. 0. 0. 0. 0. 1. 0. 0. 1. 1. 0. 1. 1. 1. 1.],500,100,0.1,0.0025,1,15,best,92,best
34,0.12333290458607146,0.12333290458607146,0.00328209254,[0.       0.       0.       0.       0.011247 0.01681  0.       0.024783 0.02076  0.018951 0.       0.       0.033483 0.016564 0.       0.       0.030724 0.       0.       0.       0.       0.015079 0.       0.       0.013891 0.228742 0.       0.023296 0.021338 0.021425 0.502907],[0. 0. 0. 0. 1. 1. 0. 1. 1. 1. 0. 0. 1. 1. 0. 0. 1. 0. 0. 0. 0. 1. 0. 0. 1. 1. 0. 1. 1. 1. 1.],500,100,0.1,0.0025,1,15,best,92,best
35,0.12009423537716336,0.12009423537716336,0.003238892734,[0.       0.       0.       0.       0.010708 0.016005 0.       0.023596 0.019766 0.018044 0.       0.       0.03188  0.015771 0.       0.       0.029253 0.       0.       0.       0.       0.014357 0.       0.       0.013226 0.217789 0.       0.022181 0.020316 0.020399 0.526709],[0. 0. 0. 0. 1. 1. 0. 1. 1. 1. 0. 0. 1. 1. 0. 0. 1. 0. 0. 0. 0. 1. 0. 0. 1. 1. 0. 1. 1. 1. 1.],500,100,0.1,0.0025,1,15,best,92,best
36,0.11660501825955408,0.11660501825955408,0.0031959097860000006,[0.       0.       0.       0.       0.010172 0.015204 0.       0.022415 0.018777 0.017141 0.       0.       0.030285 0.014982 0.       0.       0.027789 0.       0.       0.       0.       0.013639 0.       0.       0.012564 0.206892 0.       0.021071 0.019299 0.019378 0.55039 ],[0. 0. 0. 0. 1. 1. 0. 1. 1. 1. 0. 0. 1. 1. 0. 0. 1. 0. 0. 0. 0. 1. 0. 0. 1. 1. 0. 1. 1. 1. 1.],500,100,0.1,0.0025,1,15,best,92,best
37,0.11607294799485687,0.11607294799485687,0.0031919753980000007,[0.       0.       0.       0.       0.010195 0.015238 0.       0.020219 0.018819 0.01718  0.       0.       0.030353 0.015016 0.       0.       0.027851 0.       0.       0.       0.       0.01367  0.       0.       0.012592 0.207357 0.       0.021118 0.019342 0.019422 0.551628],[0. 0. 0. 0. 1. 1. 0. 1. 1. 1. 0. 0. 1. 1. 0. 0. 1. 0. 0. 0. 0. 1. 0. 0. 1. 1. 0. 1. 1. 1. 1.],500,100,0.1,0.0025,1,15,best,92,best
38,0.11188759056383317,0.11188759056383317,0.0030746771980000006,[0.       0.       0.       0.       0.       0.015238 0.       0.020219 0.018819 0.01718  0.       0.       0.030353 0.015016 0.       0.       0.027851 0.       0.       0.       0.       0.010195 0.       0.       0.012592 0.207357 0.       0.021118 0.019342 0.019422 0.551628],[0. 0. 0. 0. 0. 1. 0. 1. 1. 1. 0. 0. 1. 1. 0. 0. 1. 0. 0. 0. 0. 1. 0. 0. 1. 1. 0. 1. 1. 1. 1.],500,100,0.1,0.0025,1,15,best,92,best
39,0.1034349215387783,0.1034349215387783,0.0030332665830000004,[0.       0.       0.       0.       0.       0.015238 0.       0.020219 0.018819 0.010195 0.       0.       0.030353 0.015016 0.       0.       0.027851 0.       0.       0.       0.       0.       0.       0.       0.012592 0.207357 0.       0.021118 0.019342 0.019422 0.551628],[0. 0. 0. 0. 0. 1. 0. 1. 1. 1. 0. 0. 1. 1. 0. 0. 1. 0. 0. 0. 0. 0. 0. 0. 1. 1. 0. 1. 1. 1. 1.],500,100,0.1,0.0025,1,15,best,92,best
40,0.0947456307468452,0.0947456307468452,0.0029475772140000003,[0.       0.       0.       0.       0.       0.015238 0.       0.020219 0.018819 0.       0.       0.       0.030353 0.015016 0.       0.       0.027851 0.       0.       0.       0.       0.       0.       0.       0.012592 0.207357 0.       0.021118 0.010195 0.019422 0.551628],[0. 0. 0. 0. 0. 1. 0. 1. 1. 0. 0. 0. 1. 1. 0. 0. 1. 0. 0. 0. 0. 0. 0. 0. 1. 1. 0. 1. 1. 1. 1.],500,100,0.1,0.0025,1,15,best,92,best
41,0.0943311381100061,0.0943311381100061,0.0029456821948000006,[0.        0.        0.        0.        0.        0.015238  0.        0.020219  0.018819  0.        0.        0.        0.030353  0.0135144 0.        0.        0.027851  0.        0.        0.        0.        0.        0.        0.        0.012592  0.207357  0.        0.021118  0.010195  0.019422  0.5531296],[0. 0. 0. 0. 0. 1. 0. 1. 1. 0. 0. 0. 1. 1. 0. 0. 1. 0. 0. 0. 0. 0. 0. 0. 1. 1. 0. 1. 1. 1. 1.],500,100,0.1,0.0025,1,15,best,92,best
42,0.0825030438835399,0.0825030438835399,0.0027958886178000002,[0.        0.        0.        0.        0.        0.015238  0.        0.020219  0.018819  0.        0.        0.        0.010195  0.0135144 0.        0.        0.027851  0.        0.        0.        0.        0.        0.        0.        0.012592  0.207357  0.        0.021118  0.        0.019422  0.5531296],[0. 0. 0. 0. 0. 1. 0. 1. 1. 0. 0. 0. 1. 1. 0. 0. 1. 0. 0. 0. 0. 0. 0. 0. 1. 1. 0. 1. 0. 1. 1.],500,100,0.1,0.0025,1,15,best,92,best
43,0.08219630207284237,0.08219630207284237,0.0028058365662,[0.        0.        0.        0.        0.        0.015238  0.        0.020219  0.0207612 0.        0.        0.        0.010195  0.0135144 0.        0.        0.027851  0.        0.        0.        0.        0.        0.        0.        0.012592  0.207357  0.        0.021118  0.        0.0174798 0.5531296],[0. 0. 0. 0. 0. 1. 0. 1. 1. 0. 0. 0. 1. 1. 0. 0. 1. 0. 0. 0. 0. 0. 0. 0. 1. 1. 0. 1. 0. 1. 1.],500,100,0.1,0.0025,1,15,best,92,best
44,0.08182355191194324,0.08182355191194324,0.00280413104892,[0.         0.         0.         0.         0.         0.015238   0.         0.020219   0.0207612  0.         0.         0.         0.010195   0.01216296 0.         0.         0.027851   0.         0.         0.         0.         0.         0.         0.         0.012592   0.207357   0.         0.021118   0.         0.0174798  0.55448104],[0. 0. 0. 0. 0. 1. 0. 1. 1. 0. 0. 0. 1. 1. 0. 0. 1. 0. 0. 0. 0. 0. 0. 0. 1. 1. 0. 1. 0. 1. 1.],500,100,0.1,0.0025,1,15,best,92,best
45,0.08134522908690235,0.08134522908690235,0.00280997418872,[0.         0.         0.         0.         0.         0.015238   0.         0.020219   0.0207612  0.         0.         0.         0.010195   0.01216296 0.         0.         0.0250659  0.         0.         0.         0.         0.         0.         0.         0.012592   0.207357   0.         0.021118   0.         0.0174798  0.55726614],[0. 0. 0. 0. 0. 1. 0. 1. 1. 0. 0. 0. 1. 1. 0. 0. 1. 0. 0. 0. 0. 0. 0. 0. 1. 1. 0. 1. 0. 1. 1.],500,100,0.1,0.0025,1,15,best,92,best
46,0.0798225122343845,0.0798225122343845,0.0027599389446200003,[0.         0.         0.         0.         0.         0.015238   0.         0.020219   0.0207612  0.         0.         0.         0.010195   0.01216296 0.         0.         0.0250659  0.         0.         0.         0.         0.         0.         0.         0.012592   0.1866213  0.         0.021118   0.         0.0174798  0.57800184],[0. 0. 0. 0. 0. 1. 0. 1. 1. 0. 0. 0. 1. 1. 0. 0. 1. 0. 0. 0. 0. 0. 0. 0. 1. 1. 0. 1. 0. 1. 1.],500,100,0.1,0.0025,1,15,best,92,best
47,0.0793958533567126,0.0793958533567126,0.0027671135896200003,[0.         0.         0.         0.         0.         0.015238   0.         0.020219   0.0207612  0.         0.         0.         0.         0.01216296 0.         0.         0.0250659  0.         0.01       0.         0.         0.         0.         0.         0.012592   0.1866213  0.         0.021118   0.         0.0174798  0.57800184],[0. 0. 0. 0. 0. 1. 0. 1. 1. 0. 0. 0. 0. 1. 0. 0. 1. 0. 1. 0. 0. 0. 0. 0. 1. 1. 0. 1. 0. 1. 1.],500,100,0.1,0.0025,1,15,best,92,best
48,0.07382406598049317,0.07382406598049317,0.0026881797056200005,[0.         0.         0.         0.         0.         0.015238   0.         0.020219   0.0207612  0.         0.         0.         0.         0.01216296 0.         0.         0.0250659  0.         0.         0.         0.         0.         0.         0.         0.012592   0.1866213  0.         0.01       0.         0.0174798  0.57800184],[0. 0. 0. 0. 0. 1. 0. 1. 1. 0. 0. 0. 0. 1. 0. 0. 1. 0. 0. 0. 0. 0. 0. 0. 1. 1. 0. 1. 0. 1. 1.],500,100,0.1,0.0025,1,15,best,92,best
49,0.07337401603154527,0.07337401603154527,0.0026828985028200004,[0.         0.         0.         0.         0.         0.015238   0.         0.0181971  0.0207612  0.         0.         0.         0.         0.01216296 0.         0.         0.0250659  0.         0.         0.         0.         0.         0.         0.         0.012592   0.1866213  0.         0.0120219  0.         0.0174798  0.57800184],[0. 0. 0. 0. 0. 1. 0. 1. 1. 0. 0. 0. 0. 1. 0. 0. 1. 0. 0. 0. 0. 0. 0. 0. 1. 1. 0. 1. 0. 1. 1.],500,100,0.1,0.0025,1,15,best,92,best
50,0.07291857063837057,0.07291857063837057,0.0026881573286400002,[0.         0.         0.         0.         0.         0.015238   0.         0.0181971  0.0207612  0.         0.         0.         0.         0.01216296 0.         0.         0.02255931 0.         0.         0.         0.         0.         0.         0.         0.012592   0.1866213  0.         0.0120219  0.         0.0174798  0.58050843],[0. 0. 0. 0. 0. 1. 0. 1. 1. 0. 0. 0. 0. 1. 0. 0. 1. 0. 0. 0. 0. 0. 0. 0. 1. 1. 0. 1. 0. 1. 1.],500,100,0.1,0.0025,1,15,best,92,best
51,0.07251302203407514,0.07251302203407514,0.0026783269004400003,[0.         0.         0.         0.         0.         0.015238   0.         0.0181971  0.01868508 0.         0.         0.         0.         0.01216296 0.         0.         0.02255931 0.         0.         0.         0.         0.         0.         0.         0.012592   0.1866213  0.         0.0120219  0.         0.0174798  0.58258455],[0. 0. 0. 0. 0. 1. 0. 1. 1. 0. 0. 0. 0. 1. 0. 0. 1. 0. 0. 0. 0. 0. 0. 0. 1. 1. 0. 1. 0. 1. 1.],500,100,0.1,0.0025,1,15,best,92,best
52,0.07210496367436993,0.07210496367436993,0.0026735738179200002,[0.         0.         0.         0.         0.         0.015238   0.         0.01637739 0.01868508 0.         0.         0.         0.         0.01216296 0.         0.         0.02255931 0.         0.         0.         0.         0.         0.         0.         0.012592   0.1866213  0.         0.01384161 0.         0.0174798  0.58258455],[0. 0. 0. 0. 0. 1. 0. 1. 1. 0. 0. 0. 0. 1. 0. 0. 1. 0. 0. 0. 0. 0. 0. 0. 1. 1. 0. 1. 0. 1. 1.],500,100,0.1,0.0025,1,15,best,92,best
53,0.07158928629768328,0.07158928629768328,0.0026693648286900003,[0.         0.         0.         0.         0.         0.015238   0.         0.01473965 0.01868508 0.         0.         0.         0.         0.01216296 0.         0.         0.02255931 0.         0.         0.         0.         0.         0.         0.         0.012592   0.1866213  0.         0.01384161 0.         0.0174798  0.58422229],[0. 0. 0. 0. 0. 1. 0. 1. 1. 0. 0. 0. 0. 1. 0. 0. 1. 0. 0. 0. 0. 0. 0. 0. 1. 1. 0. 1. 0. 1. 1.],500,100,0.1,0.0025,1,15,best,92,best
54,0.071120795961892,0.071120795961892,0.00266996788179,[0.         0.         0.         0.         0.         0.015238   0.         0.01473965 0.01868508 0.         0.         0.         0.         0.01216296 0.         0.         0.02255931 0.         0.         0.         0.         0.         0.         0.         0.012592   0.1866213  0.         0.01558959 0.         0.01573182 0.58422229],[0. 0. 0. 0. 0. 1. 0. 1. 1. 0. 0. 0. 0. 1. 0. 0. 1. 0. 0. 0. 0. 0. 0. 0. 1. 1. 0. 1. 0. 1. 1.],500,100,0.1,0.0025,1,15,best,92,best
55,0.07065396444370736,0.07065396444370736,0.002666179791483,[0.         0.         0.         0.         0.         0.015238   0.         0.01326569 0.01868508 0.         0.         0.         0.         0.01216296 0.         0.         0.02255931 0.         0.         0.         0.         0.         0.         0.         0.012592   0.1866213  0.         0.01558959 0.         0.01573182 0.58569625],[0. 0. 0. 0. 0. 1. 0. 1. 1. 0. 0. 0. 0. 1. 0. 0. 1. 0. 0. 0. 0. 0. 0. 0. 1. 1. 0. 1. 0. 1. 1.],500,100,0.1,0.0025,1,15,best,92,best
56,0.07023095501480452,0.07023095501480452,0.0026667225392730002,[0.         0.         0.         0.         0.         0.015238   0.         0.01326569 0.01868508 0.         0.         0.         0.         0.01216296 0.         0.         0.02255931 0.         0.         0.         0.         0.         0.         0.         0.012592   0.1866213  0.         0.01716277 0.         0.01415864 0.58569625],[0. 0. 0. 0. 0. 1. 0. 1. 1. 0. 0. 0. 0. 1. 0. 0. 1. 0. 0. 0. 0. 0. 0. 0. 1. 1. 0. 1. 0. 1. 1.],500,100,0.1,0.0025,1,15,best,92,best
57,0.06994130830937768,0.06994130830937768,0.0026693706368730004,[0.         0.         0.         0.         0.         0.015238   0.         0.01326569 0.01868508 0.         0.         0.         0.         0.01216296 0.         0.         0.02255931 0.         0.         0.         0.         0.         0.         0.         0.0113328  0.1878805  0.         0.01716277 0.         0.01415864 0.58569625],[0. 0. 0. 0. 0. 1. 0. 1. 1. 0. 0. 0. 0. 1. 0. 0. 1. 0. 0. 0. 0. 0. 0. 0. 1. 1. 0. 1. 0. 1. 1.],500,100,0.1,0.0025,1,15,best,92,best
58,0.06969335626889753,0.06969335626889753,0.0026669480939112006,[0.         0.         0.         0.         0.         0.015238   0.         0.01326569 0.01868508 0.         0.         0.         0.         0.01216296 0.         0.         0.02397517 0.         0.         0.         0.         0.         0.         0.         0.0113328  0.1878805  0.         0.01716277 0.         0.01274277 0.58569625],[0. 0. 0. 0. 0. 1. 0. 1. 1. 0. 0. 0. 0. 1. 0. 0. 1. 0. 0. 0. 0. 0. 0. 0. 1. 1. 0. 1. 0. 1. 1.],500,100,0.1,0.0025,1,15,best,92,best
59,0.06932103082929682,0.06932103082929682,0.0026581007085312003,[0.         0.         0.         0.         0.         0.015238   0.         0.01326569 0.01681657 0.         0.         0.         0.         0.01216296 0.         0.         0.02397517 0.         0.         0.         0.         0.         0.         0.         0.0113328  0.1878805  0.         0.01716277 0.         0.01274277 0.58756476],[0. 0. 0. 0. 0. 1. 0. 1. 1. 0. 0. 0. 0. 1. 0. 0. 1. 0. 0. 0. 0. 0. 0. 0. 1. 1. 0. 1. 0. 1. 1.],500,100,0.1,0.0025,1,15,best,92,best
60,0.06897656508801761,0.06897656508801761,0.0026585403342411,[0.         0.         0.         0.         0.         0.015238   0.         0.01326569 0.01681657 0.         0.         0.         0.         0.01216296 0.         0.         0.02397517 0.         0.         0.         0.         0.         0.         0.         0.0113328  0.1878805  0.         0.01843705 0.         0.0114685  0.58756476],[0. 0. 0. 0. 0. 1. 0. 1. 1. 0. 0. 0. 0. 1. 0. 0. 1. 0. 0. 0. 0. 0. 0. 0. 1. 1. 0. 1. 0. 1. 1.],500,100,0.1,0.0025,1,15,best,92,best
61,0.06723354156273938,0.06723354156273938,0.0026132047695911,[0.         0.         0.         0.         0.         0.015238   0.         0.01326569 0.01681657 0.         0.         0.         0.         0.01216296 0.         0.         0.02397517 0.         0.         0.         0.         0.         0.         0.         0.0113328  0.16909245 0.         0.01843705 0.         0.0114685  0.60635281],[0. 0. 0. 0. 0. 1. 0. 1. 1. 0. 0. 0. 0. 1. 0. 0. 1. 0. 0. 0. 0. 0. 0. 0. 1. 1. 0. 1. 0. 1. 1.],500,100,0.1,0.0025,1,15,best,92,best
62,0.06550178175121314,0.06550178175121314,0.0025724027614061,[0.         0.         0.         0.         0.         0.015238   0.         0.01326569 0.01681657 0.         0.         0.         0.         0.01216296 0.         0.         0.02397517 0.         0.         0.         0.         0.         0.         0.         0.0113328  0.15218321 0.         0.01843705 0.         0.0114685  0.62326206],[0. 0. 0. 0. 0. 1. 0. 1. 1. 0. 0. 0. 0. 1. 0. 0. 1. 0. 0. 0. 0. 0. 0. 0. 1. 1. 0. 1. 0. 1. 1.],500,100,0.1,0.0025,1,15,best,92,best
63,0.0651231882852304,0.0651231882852304,0.0025720514446061,[0.         0.         0.         0.         0.         0.015238   0.         0.01326569 0.01681657 0.         0.         0.         0.         0.01216296 0.         0.         0.02397517 0.         0.         0.         0.         0.         0.         0.         0.01019952 0.15218321 0.         0.01843705 0.         0.0114685  0.62439534],[0. 0. 0. 0. 0. 1. 0. 1. 1. 0. 0. 0. 0. 1. 0. 0. 1. 0. 0. 0. 0. 0. 0. 0. 1. 1. 0. 1. 0. 1. 1.],500,100,0.1,0.0025,1,15,best,92,best
64,0.05681170703156188,0.05681170703156188,0.0025407300014345,[0.         0.         0.         0.         0.         0.015238   0.         0.01326569 0.01681657 0.         0.         0.         0.         0.01216296 0.         0.         0.01019952 0.         0.         0.         0.         0.         0.         0.         0.         0.15218321 0.         0.01843705 0.         0.0114685  0.62439534],[0. 0. 0. 0. 0. 1. 0. 1. 1. 0. 0. 0. 0. 1. 0. 0. 1. 0. 0. 0. 0. 0. 0. 0. 0. 1. 0. 1. 0. 1. 1.],500,100,0.1,0.0025,1,15,best,92,best
65,0.05329876523079876,0.05329876523079876,0.00253532466607196,[0.         0.         0.         0.         0.         0.015238   0.         0.01326569 0.01681657 0.         0.         0.         0.         0.01216296 0.         0.         0.         0.         0.         0.         0.         0.         0.         0.         0.         0.15218321 0.         0.01843705 0.         0.01019952 0.62439534],[0. 0. 0. 0. 0. 1. 0. 1. 1. 0. 0. 0. 0. 1. 0. 0. 0. 0. 0. 0. 0. 0. 0. 0. 0. 1. 0. 1. 0. 1. 1.],500,100,0.1,0.0025,1,15,best,92,best
66,0.05178175317375258,0.05178175317375258,0.00256793702271196,[0.         0.         0.         0.         0.         0.015238   0.         0.01326569 0.01681657 0.         0.         0.         0.         0.01216296 0.         0.         0.         0.         0.01       0.         0.         0.         0.         0.         0.         0.15218321 0.         0.01843705 0.         0.         0.62439534],[0. 0. 0. 0. 0. 1. 0. 1. 1. 0. 0. 0. 0. 1. 0. 0. 0. 0. 1. 0. 0. 0. 0. 0. 0. 1. 0. 1. 0. 0. 1.],500,100,0.1,0.0025,1,15,best,92,best
67,0.05000045499727517,0.05000045499727517,0.00253121521534546,[0.         0.         0.         0.         0.         0.015238   0.         0.01326569 0.01681657 0.         0.         0.         0.         0.01216296 0.         0.         0.         0.         0.01       0.         0.         0.         0.         0.         0.         0.13696488 0.         0.01843705 0.         0.         0.63961366],[0. 0. 0. 0. 0. 1. 0. 1. 1. 0. 0. 0. 0. 1. 0. 0. 0. 0. 1. 0. 0. 0. 0. 0. 0. 1. 0. 1. 0. 0. 1.],500,100,0.1,0.0025,1,15,best,92,best
68,0.04953052933719734,0.04953052933719734,0.00253216149514546,[0.         0.         0.         0.         0.         0.0137142  0.         0.01326569 0.01681657 0.         0.         0.         0.         0.01216296 0.         0.         0.         0.         0.01       0.         0.         0.         0.         0.         0.         0.13696488 0.         0.01843705 0.         0.         0.64113746],[0. 0. 0. 0. 0. 1. 0. 1. 1. 0. 0. 0. 0. 1. 0. 0. 0. 0. 1. 0. 0. 0. 0. 0. 0. 1. 0. 1. 0. 0. 1.],500,100,0.1,0.0025,1,15,best,92,best
69,0.049076341254553346,0.049076341254553346,0.0025287522138691602,[0.         0.         0.         0.         0.         0.0137142  0.         0.01193912 0.01681657 0.         0.         0.         0.         0.01216296 0.         0.         0.         0.         0.01       0.         0.         0.         0.         0.         0.         0.13696488 0.         0.01843705 0.         0.         0.64246403],[0. 0. 0. 0. 0. 1. 0. 1. 1. 0. 0. 0. 0. 1. 0. 0. 0. 0. 1. 0. 0. 0. 0. 0. 0. 1. 0. 1. 0. 0. 1.],500,100,0.1,0.0025,1,15,best,92,best
70,0.04889719776113394,0.04889719776113394,0.00252484740585076,[0.         0.         0.         0.         0.         0.0137142  0.         0.01193912 0.01513491 0.         0.         0.         0.         0.01216296 0.         0.         0.         0.         0.01       0.         0.         0.         0.         0.         0.         0.13864654 0.         0.01843705 0.         0.         0.64246403],[0. 0. 0. 0. 0. 1. 0. 1. 1. 0. 0. 0. 0. 1. 0. 0. 0. 0. 1. 0. 0. 0. 0. 0. 0. 1. 0. 1. 0. 0. 1.],500,100,0.1,0.0025,1,15,best,92,best
71,0.04867892813808347,0.04867892813808347,0.002524924841458324,[0.         0.         0.         0.         0.         0.0137142  0.         0.01193912 0.01513491 0.         0.         0.         0.         0.01216296 0.         0.         0.         0.         0.01       0.         0.         0.         0.         0.         0.         0.13864654 0.         0.01659334 0.         0.         0.64430773],[0. 0. 0. 0. 0. 1. 0. 1. 1. 0. 0. 0. 0. 1. 0. 0. 0. 0. 1. 0. 0. 0. 0. 0. 0. 1. 0. 1. 0. 0. 1.],500,100,0.1,0.0025,1,15,best,92,best
72,0.048415041504414266,0.048415041504414266,0.0025247373973165572,[0.         0.         0.         0.         0.         0.0137142  0.         0.01074521 0.01513491 0.         0.         0.         0.         0.01216296 0.         0.         0.         0.         0.01       0.         0.         0.         0.         0.         0.         0.13984045 0.         0.01659334 0.         0.         0.64430773],[0. 0. 0. 0. 0. 1. 0. 1. 1. 0. 0. 0. 0. 1. 0. 0. 0. 0. 1. 0. 0. 0. 0. 0. 0. 1. 0. 1. 0. 0. 1.],500,100,0.1,0.0025,1,15,best,92,best
73,0.047643220728755584,0.047643220728755584,0.002513318629700507,[0.         0.01       0.         0.         0.         0.0137142  0.         0.         0.01513491 0.         0.         0.         0.         0.01216296 0.         0.         0.         0.         0.01       0.         0.         0.         0.         0.         0.         0.13984045 0.         0.01659334 0.         0.         0.64430773],[0. 1. 0. 0. 0. 1. 0. 0. 1. 0. 0. 0. 0. 1. 0. 0. 0. 0. 1. 0. 0. 0. 0. 0. 0. 1. 0. 1. 0. 0. 1.],500,100,0.1,0.0025,1,15,best,92,best
74,0.04738133800140926,0.04738133800140926,0.002514112681880507,[0.         0.01       0.         0.         0.         0.01234278 0.         0.         0.01513491 0.         0.         0.         0.         0.01216296 0.         0.         0.         0.         0.01       0.         0.         0.         0.         0.         0.         0.13984045 0.         0.01796476 0.         0.         0.64430773],[0. 1. 0. 0. 0. 1. 0. 0. 1. 0. 0. 0. 0. 1. 0. 0. 0. 0. 1. 0. 0. 0. 0. 0. 0. 1. 0. 1. 0. 0. 1.],500,100,0.1,0.0025,1,15,best,92,best
75,0.04715268982632265,0.04715268982632265,0.0025155126385765073,[0.         0.01       0.         0.         0.         0.01234278 0.         0.         0.01513491 0.         0.         0.         0.         0.01094666 0.         0.         0.         0.         0.01       0.         0.         0.         0.         0.         0.         0.14105675 0.         0.01796476 0.         0.         0.64430773],[0. 1. 0. 0. 0. 1. 0. 0. 1. 0. 0. 0. 0. 1. 0. 0. 0. 0. 1. 0. 0. 0. 0. 0. 0. 1. 0. 1. 0. 0. 1.],500,100,0.1,0.0025,1,15,best,92,best
76,0.04689817714132716,0.04689817714132716,0.0025338148882885075,[0.         0.01       0.         0.         0.         0.01234278 0.         0.         0.01513491 0.         0.         0.         0.         0.         0.         0.         0.         0.         0.01       0.         0.         0.         0.         0.         0.         0.14105675 0.         0.01796476 0.01       0.         0.64430773],[0. 1. 0. 0. 0. 1. 0. 0. 1. 0. 0. 0. 0. 0. 0. 0. 0. 0. 1. 0. 0. 0. 0. 0. 0. 1. 0. 1. 1. 0. 1.],500,100,0.1,0.0025,1,15,best,92,best
77,0.04679251166389245,0.04679251166389245,0.0025120648882885075,[0.         0.01       0.         0.         0.         0.01234278 0.         0.         0.01513491 0.         0.         0.         0.         0.01       0.         0.         0.         0.         0.01       0.         0.         0.         0.         0.         0.         0.14105675 0.         0.01796476 0.         0.         0.64430773],[0. 1. 0. 0. 0. 1. 0. 0. 1. 0. 0. 0. 0. 1. 0. 0. 0. 0. 1. 0. 0. 0. 0. 0. 0. 1. 0. 1. 0. 0. 1.],500,100,0.1,0.0025,1,15,best,92,best
78,0.046577183867283614,0.046577183867283614,0.002512140340299315,[0.         0.01       0.         0.         0.         0.01234278 0.         0.         0.01513491 0.         0.         0.         0.         0.01       0.         0.         0.         0.         0.01       0.         0.         0.         0.         0.         0.         0.14105675 0.         0.01616829 0.         0.         0.64610421],[0. 1. 0. 0. 0. 1. 0. 0. 1. 0. 0. 0. 0. 1. 0. 0. 0. 0. 1. 0. 0. 0. 0. 0. 0. 1. 0. 1. 0. 0. 1.],500,100,0.1,0.0025,1,15,best,92,best
79,0.0463470109558949,0.0463470109558949,0.002520610340299315,[0.         0.01       0.         0.         0.         0.01234278 0.         0.         0.01513491 0.         0.         0.         0.01       0.         0.         0.         0.         0.         0.01       0.         0.         0.         0.         0.         0.         0.14105675 0.         0.01616829 0.         0.         0.64610421],[0. 1. 0. 0. 0. 1. 0. 0. 1. 0. 0. 0. 1. 0. 0. 0. 0. 0. 1. 0. 0. 0. 0. 0. 0. 1. 0. 1. 0. 0. 1.],500,100,0.1,0.0025,1,15,best,92,best
80,0.04461325604351796,0.04461325604351796,0.002587490340299315,[0.         0.         0.         0.         0.01       0.01234278 0.         0.         0.01513491 0.         0.         0.         0.01       0.         0.         0.         0.         0.         0.01       0.         0.         0.         0.         0.         0.         0.14105675 0.         0.01616829 0.         0.         0.64610421],[0. 0. 0. 0. 1. 1. 0. 0. 1. 0. 0. 0. 1. 0. 0. 0. 0. 0. 1. 0. 0. 0. 0. 0. 0. 1. 0. 1. 0. 0. 1.],500,100,0.1,0.0025,1,15,best,92,best
81,0.03992511296982349,0.03992511296982349,0.002528178882884707,[0.         0.         0.         0.         0.01       0.01234278 0.         0.         0.01513491 0.         0.         0.         0.         0.         0.         0.         0.         0.         0.01       0.         0.         0.         0.         0.         0.         0.14105675 0.         0.01       0.         0.         0.64610421],[0. 0. 0. 0. 1. 1. 0. 0. 1. 0. 0. 0. 0. 0. 0. 0. 0. 0. 1. 0. 0. 0. 0. 0. 0. 1. 0. 1. 0. 0. 1.],500,100,0.1,0.0025,1,15,best,92,best
82,0.03992511296982349,0.03992511296982349,0.002528178882884707,[0.         0.         0.         0.         0.01       0.01234278 0.         0.         0.01513491 0.         0.         0.         0.         0.         0.         0.         0.         0.         0.01       0.         0.         0.         0.         0.         0.         0.14105675 0.         0.01       0.         0.         0.64610421],[0. 0. 0. 0. 1. 1. 0. 0. 1. 0. 0. 0. 0. 0. 0. 0. 0. 0. 1. 0. 0. 0. 0. 0. 0. 1. 0. 1. 0. 0. 1.],500,100,0.1,0.0025,1,15,best,92,best
83,0.038084660340498594,0.038084660340498594,0.002504798882884707,[0.         0.         0.         0.         0.01       0.01234278 0.         0.         0.01513491 0.         0.         0.         0.         0.         0.         0.         0.         0.         0.01       0.         0.         0.         0.         0.         0.         0.14105675 0.         0.         0.         0.         0.64610421],[0. 0. 0. 0. 1. 1. 0. 0. 1. 0. 0. 0. 0. 0. 0. 0. 0. 0. 1. 0. 0. 0. 0. 0. 0. 1. 0. 0. 0. 0. 1.],500,100,0.1,0.0025,1,15,best,92,best
84,0.038084660340498594,0.038084660340498594,0.002504798882884707,[0.         0.         0.         0.         0.01       0.01234278 0.         0.         0.01513491 0.         0.         0.         0.         0.         0.         0.         0.         0.         0.01       0.         0.         0.         0.         0.         0.         0.14105675 0.         0.         0.         0.         0.64610421],[0. 0. 0. 0. 1. 1. 0. 0. 1. 0. 0. 0. 0. 0. 0. 0. 0. 0. 1. 0. 0. 0. 0. 0. 0. 1. 0. 0. 0. 0. 1.],500,100,0.1,0.0025,1,15,best,92,best
85,0.038084660340498594,0.038084660340498594,0.002504798882884707,[0.         0.         0.         0.         0.01       0.01234278 0.         0.         0.01513491 0.         0.         0.         0.         0.         0.         0.         0.         0.         0.01       0.         0.         0.         0.         0.         0.         0.14105675 0.         0.         0.         0.         0.64610421],[0. 0. 0. 0. 1. 1. 0. 0. 1. 0. 0. 0. 0. 0. 0. 0. 0. 0. 1. 0. 0. 0. 0. 0. 0. 1. 0. 0. 0. 0. 1.],500,100,0.1,0.0025,1,15,best,92,best
86,0.03786658010839267,0.03786658010839267,0.0025160382183527074,[0.         0.         0.         0.         0.01123428 0.0111085  0.         0.         0.01513491 0.         0.         0.         0.         0.         0.         0.         0.         0.         0.01       0.         0.         0.         0.         0.         0.         0.14105675 0.         0.         0.         0.         0.64610421],[0. 0. 0. 0. 1. 1. 0. 0. 1. 0. 0. 0. 0. 0. 0. 0. 0. 0. 1. 0. 0. 0. 0. 0. 0. 1. 0. 0. 0. 0. 1.],500,100,0.1,0.0025,1,15,best,92,best
87,0.03779532635800281,0.03779532635800281,0.0025283583633347075,[0.         0.         0.         0.         0.01123428 0.         0.         0.         0.01513491 0.01       0.         0.         0.         0.         0.         0.         0.         0.         0.01       0.         0.         0.         0.         0.         0.         0.14105675 0.         0.         0.         0.         0.64610421],[0. 0. 0. 0. 1. 0. 0. 0. 1. 1. 0. 0. 0. 0. 0. 0. 0. 0. 1. 0. 0. 0. 0. 0. 0. 1. 0. 0. 0. 0. 1.],500,100,0.1,0.0025,1,15,best,92,best
88,0.037273753122705464,0.037273753122705464,0.0025413883633347073,[0.         0.         0.         0.         0.01123428 0.         0.         0.         0.01513491 0.         0.         0.         0.01       0.         0.         0.         0.         0.         0.01       0.         0.         0.         0.         0.         0.         0.14105675 0.         0.         0.         0.         0.64610421],[0. 0. 0. 0. 1. 0. 0. 0. 1. 0. 0. 0. 1. 0. 0. 0. 0. 0. 1. 0. 0. 0. 0. 0. 0. 1. 0. 0. 0. 0. 1.],500,100,0.1,0.0025,1,15,best,92,best
89,0.03712454965690381,0.03712454965690381,0.0025318560784517077,[0.         0.         0.         0.         0.01011085 0.         0.         0.         0.01513491 0.         0.         0.         0.01       0.         0.         0.         0.         0.         0.01       0.         0.         0.         0.         0.         0.         0.14105675 0.         0.         0.         0.         0.64722764],[0. 0. 0. 0. 1. 0. 0. 0. 1. 0. 0. 0. 1. 0. 0. 0. 0. 0. 1. 0. 0. 0. 0. 0. 0. 1. 0. 0. 0. 0. 1.],500,100,0.1,0.0025,1,15,best,92,best
90,0.03712454965690381,0.03712454965690381,0.0025318560784517077,[0.         0.         0.         0.         0.01011085 0.         0.         0.         0.01513491 0.         0.         0.         0.01       0.         0.         0.         0.         0.         0.01       0.         0.         0.         0.         0.         0.         0.14105675 0.         0.         0.         0.         0.64722764],[0. 0. 0. 0. 1. 0. 0. 0. 1. 0. 0. 0. 1. 0. 0. 0. 0. 0. 1. 0. 0. 0. 0. 0. 0. 1. 0. 0. 0. 0. 1.],500,100,0.1,0.0025,1,15,best,92,best
91,0.035470040051785494,0.035470040051785494,0.0025103460784517075,[0.         0.         0.         0.         0.01011085 0.         0.         0.         0.01513491 0.         0.         0.         0.         0.         0.         0.         0.         0.         0.01       0.         0.         0.         0.         0.         0.         0.14105675 0.         0.01       0.         0.         0.64722764],[0. 0. 0. 0. 1. 0. 0. 0. 1. 0. 0. 0. 0. 0. 0. 0. 0. 0. 1. 0. 0. 0. 0. 0. 0. 1. 0. 1. 0. 0. 1.],500,100,0.1,0.0025,1,15,best,92,best
92,0.03531529211305046,0.03531529211305046,0.002506831751235147,[0.         0.         0.         0.         0.01011085 0.         0.         0.         0.01362142 0.         0.         0.         0.         0.         0.         0.         0.         0.         0.01       0.         0.         0.         0.         0.         0.         0.14257024 0.         0.01       0.         0.         0.64722764],[0. 0. 0. 0. 1. 0. 0. 0. 1. 0. 0. 0. 0. 0. 0. 0. 0. 0. 1. 0. 0. 0. 0. 0. 0. 1. 0. 1. 0. 0. 1.],500,100,0.1,0.0025,1,15,best,92,best
93,0.03531529211305046,0.03531529211305046,0.002506831751235147,[0.         0.         0.         0.         0.01011085 0.         0.         0.         0.01362142 0.         0.         0.         0.         0.         0.         0.         0.         0.         0.01       0.         0.         0.         0.         0.         0.         0.14257024 0.         0.01       0.         0.         0.64722764],[0. 0. 0. 0. 1. 0. 0. 0. 1. 0. 0. 0. 0. 0. 0. 0. 0. 0. 1. 0. 0. 0. 0. 0. 0. 1. 0. 1. 0. 0. 1.],500,100,0.1,0.0025,1,15,best,92,best
94,0.03517805727311057,0.03517805727311057,0.002511939784980147,[0.         0.         0.         0.         0.01147299 0.         0.         0.         0.01225928 0.         0.         0.         0.         0.         0.         0.         0.         0.         0.01       0.         0.         0.         0.         0.         0.         0.14257024 0.         0.01       0.         0.         0.64722764],[0. 0. 0. 0. 1. 0. 0. 0. 1. 0. 0. 0. 0. 0. 0. 0. 0. 0. 1. 0. 0. 0. 0. 0. 0. 1. 0. 1. 0. 0. 1.],500,100,0.1,0.0025,1,15,best,92,best
95,0.03517805727311057,0.03517805727311057,0.002511939784980147,[0.         0.         0.         0.         0.01147299 0.         0.         0.         0.01225928 0.         0.         0.         0.         0.         0.         0.         0.         0.         0.01       0.         0.         0.         0.         0.         0.         0.14257024 0.         0.01       0.         0.         0.64722764],[0. 0. 0. 0. 1. 0. 0. 0. 1. 0. 0. 0. 0. 0. 0. 0. 0. 0. 1. 0. 0. 0. 0. 0. 0. 1. 0. 1. 0. 0. 1.],500,100,0.1,0.0025,1,15,best,92,best
96,0.03517805727311057,0.03517805727311057,0.002511939784980147,[0.         0.         0.         0.         0.01147299 0.         0.         0.         0.01225928 0.         0.         0.         0.         0.         0.         0.         0.         0.         0.01       0.         0.         0.         0.         0.         0.         0.14257024 0.         0.01       0.         0.         0.64722764],[0. 0. 0. 0. 1. 0. 0. 0. 1. 0. 0. 0. 0. 0. 0. 0. 0. 0. 1. 0. 0. 0. 0. 0. 0. 1. 0. 1. 0. 0. 1.],500,100,0.1,0.0025,1,15,best,92,best
97,0.03504755801471458,0.03504755801471458,0.0025060835264521797,[0.         0.         0.         0.         0.01147299 0.         0.         0.         0.01103335 0.         0.         0.         0.         0.         0.         0.         0.         0.         0.01       0.         0.         0.         0.         0.         0.         0.14257024 0.         0.01122593 0.         0.         0.64722764],[0. 0. 0. 0. 1. 0. 0. 0. 1. 0. 0. 0. 0. 0. 0. 0. 0. 0. 1. 0. 0. 0. 0. 0. 0. 1. 0. 1. 0. 0. 1.],500,100,0.1,0.0025,1,15,best,92,best
98,0.03504755801471458,0.03504755801471458,0.0025060835264521797,[0.         0.         0.         0.         0.01147299 0.         0.         0.         0.01103335 0.         0.         0.         0.         0.         0.         0.         0.         0.         0.01       0.         0.         0.         0.         0.         0.         0.14257024 0.         0.01122593 0.         0.         0.64722764],[0. 0. 0. 0. 1. 0. 0. 0. 1. 0. 0. 0. 0. 0. 0. 0. 0. 0. 1. 0. 0. 0. 0. 0. 0. 1. 0. 1. 0. 0. 1.],500,100,0.1,0.0025,1,15,best,92,best
99,0.03504755801471458,0.03504755801471458,0.0025060835264521797,[0.         0.         0.         0.         0.01147299 0.         0.         0.         0.01103335 0.         0.         0.         0.         0.         0.         0.         0.         0.         0.01       0.         0.         0.         0.         0.         0.         0.14257024 0.         0.01122593 0.         0.         0.64722764],[0. 0. 0. 0. 1. 0. 0. 0. 1. 0. 0. 0. 0. 0. 0. 0. 0. 0. 1. 0. 0. 0. 0. 0. 0. 1. 0. 1. 0. 0. 1.],500,100,0.1,0.0025,1,15,best,92,best
100,0.03504755801471458,0.03504755801471458,0.0025060835264521797,[0.         0.         0.         0.         0.01147299 0.         0.         0.         0.01103335 0.         0.         0.         0.         0.         0.         0.         0.         0.         0.01       0.         0.         0.         0.         0.         0.         0.14257024 0.         0.01122593 0.         0.         0.64722764],[0. 0. 0. 0. 1. 0. 0. 0. 1. 0. 0. 0. 0. 0. 0. 0. 0. 0. 1. 0. 0. 0. 0. 0. 0. 1. 0. 1. 0. 0. 1.],500,100,0.1,0.0025,1,15,best,92,best
101,0.03504755801471458,0.03504755801471458,0.0025060835264521797,[0.         0.         0.         0.         0.01147299 0.         0.         0.         0.01103335 0.         0.         0.         0.         0.         0.         0.         0.         0.         0.01       0.         0.         0.         0.         0.         0.         0.14257024 0.         0.01122593 0.         0.         0.64722764],[0. 0. 0. 0. 1. 0. 0. 0. 1. 0. 0. 0. 0. 0. 0. 0. 0. 0. 1. 0. 0. 0. 0. 0. 0. 1. 0. 1. 0. 0. 1.],500,100,0.1,0.0025,1,15,best,92,best
102,0.03504755801471458,0.03504755801471458,0.0025060835264521797,[0.         0.         0.         0.         0.01147299 0.         0.         0.         0.01103335 0.         0.         0.         0.         0.         0.         0.         0.         0.         0.01       0.         0.         0.         0.         0.         0.         0.14257024 0.         0.01122593 0.         0.         0.64722764],[0. 0. 0. 0. 1. 0. 0. 0. 1. 0. 0. 0. 0. 0. 0. 0. 0. 0. 1. 0. 0. 0. 0. 0. 0. 1. 0. 1. 0. 0. 1.],500,100,0.1,0.0025,1,15,best,92,best
103,0.03490426285648627,0.03490426285648627,0.0025061306753501947,[0.         0.         0.         0.         0.01147299 0.         0.         0.         0.01103335 0.         0.         0.         0.         0.         0.         0.         0.         0.         0.01       0.         0.         0.         0.         0.         0.         0.14257024 0.         0.01010334 0.         0.         0.64835023],[0. 0. 0. 0. 1. 0. 0. 0. 1. 0. 0. 0. 0. 0. 0. 0. 0. 0. 1. 0. 0. 0. 0. 0. 0. 1. 0. 1. 0. 0. 1.],500,100,0.1,0.0025,1,15,best,92,best
104,0.03489146441563196,0.03489146441563196,0.002592699325631354,[0.         0.         0.         0.         0.02573002 0.         0.         0.         0.01103335 0.         0.         0.         0.         0.         0.         0.         0.         0.         0.01       0.         0.         0.         0.         0.         0.         0.12831322 0.         0.01010334 0.         0.         0.64835023],[0. 0. 0. 0. 1. 0. 0. 0. 1. 0. 0. 0. 0. 0. 0. 0. 0. 0. 1. 0. 0. 0. 0. 0. 0. 1. 0. 1. 0. 0. 1.],500,100,0.1,0.0025,1,15,best,92,best
105,0.03149440162168817,0.03149440162168817,0.002532407019824696,[0.         0.         0.         0.         0.02573002 0.         0.         0.         0.01       0.         0.         0.         0.         0.         0.         0.         0.         0.         0.         0.         0.         0.         0.         0.         0.         0.12831322 0.         0.01010334 0.         0.         0.64835023],[0. 0. 0. 0. 1. 0. 0. 0. 1. 0. 0. 0. 0. 0. 0. 0. 0. 0. 0. 0. 0. 0. 0. 0. 0. 1. 0. 1. 0. 0. 1.],500,100,0.1,0.0025,1,15,best,92,best
106,0.02972796533135263,0.02972796533135263,0.002509520652499867,[0.         0.         0.         0.         0.02573002 0.         0.         0.         0.01010334 0.         0.         0.         0.         0.         0.         0.         0.         0.         0.         0.         0.         0.         0.         0.         0.         0.12831322 0.         0.         0.         0.         0.64835023],[0. 0. 0. 0. 1. 0. 0. 0. 1. 0. 0. 0. 0. 0. 0. 0. 0. 0. 0. 0. 0. 0. 0. 0. 0. 1. 0. 0. 0. 0. 1.],500,100,0.1,0.0025,1,15,best,92,best
107,0.02972796533135263,0.02972796533135263,0.002509520652499867,[0.         0.         0.         0.         0.02573002 0.         0.         0.         0.01010334 0.         0.         0.         0.         0.         0.         0.         0.         0.         0.         0.         0.         0.         0.         0.         0.         0.12831322 0.         0.         0.         0.         0.64835023],[0. 0. 0. 0. 1. 0. 0. 0. 1. 0. 0. 0. 0. 0. 0. 0. 0. 0. 0. 0. 0. 0. 0. 0. 0. 1. 0. 0. 0. 0. 1.],500,100,0.1,0.0025,1,15,best,92,best
108,0.02972796533135263,0.02972796533135263,0.002509520652499867,[0.         0.         0.         0.         0.02573002 0.         0.         0.         0.01010334 0.         0.         0.         0.         0.         0.         0.         0.         0.         0.         0.         0.         0.         0.         0.         0.         0.12831322 0.         0.         0.         0.         0.64835023],[0. 0. 0. 0. 1. 0. 0. 0. 1. 0. 0. 0. 0. 0. 0. 0. 0. 0. 0. 0. 0. 0. 0. 0. 0. 1. 0. 0. 0. 0. 1.],500,100,0.1,0.0025,1,15,best,92,best
109,0.02972796533135263,0.02972796533135263,0.002509520652499867,[0.         0.         0.         0.         0.02573002 0.         0.         0.         0.01010334 0.         0.         0.         0.         0.         0.         0.         0.         0.         0.         0.         0.         0.         0.         0.         0.         0.12831322 0.         0.         0.         0.         0.64835023],[0. 0. 0. 0. 1. 0. 0. 0. 1. 0. 0. 0. 0. 0. 0. 0. 0. 0. 0. 0. 0. 0. 0. 0. 0. 1. 0. 0. 0. 0. 1.],500,100,0.1,0.0025,1,15,best,92,best
110,0.02972796533135263,0.02972796533135263,0.002509520652499867,[0.         0.         0.         0.         0.02573002 0.         0.         0.         0.01010334 0.         0.         0.         0.         0.         0.         0.         0.         0.         0.         0.         0.         0.         0.         0.         0.         0.12831322 0.         0.         0.         0.         0.64835023],[0. 0. 0. 0. 1. 0. 0. 0. 1. 0. 0. 0. 0. 0. 0. 0. 0. 0. 0. 0. 0. 0. 0. 0. 0. 1. 0. 0. 0. 0. 1.],500,100,0.1,0.0025,1,15,best,92,best
111,0.02972796533135263,0.02972796533135263,0.002509520652499867,[0.         0.         0.         0.         0.02573002 0.         0.         0.         0.01010334 0.         0.         0.         0.         0.         0.         0.         0.         0.         0.         0.         0.         0.         0.         0.         0.         0.12831322 0.         0.         0.         0.         0.64835023],[0. 0. 0. 0. 1. 0. 0. 0. 1. 0. 0. 0. 0. 0. 0. 0. 0. 0. 0. 0. 0. 0. 0. 0. 0. 1. 0. 0. 0. 0. 1.],500,100,0.1,0.0025,1,15,best,92,best
112,0.02972796533135263,0.02972796533135263,0.002509520652499867,[0.         0.         0.         0.         0.02573002 0.         0.         0.         0.01010334 0.         0.         0.         0.         0.         0.         0.         0.         0.         0.         0.         0.         0.         0.         0.         0.         0.12831322 0.         0.         0.         0.         0.64835023],[0. 0. 0. 0. 1. 0. 0. 0. 1. 0. 0. 0. 0. 0. 0. 0. 0. 0. 0. 0. 0. 0. 0. 0. 0. 1. 0. 0. 0. 0. 1.],500,100,0.1,0.0025,1,15,best,92,best
113,0.02972796533135263,0.02972796533135263,0.002509520652499867,[0.         0.         0.         0.         0.02573002 0.         0.         0.         0.01010334 0.         0.         0.         0.         0.         0.         0.         0.         0.         0.         0.         0.         0.         0.         0.         0.         0.12831322 0.         0.         0.         0.         0.64835023],[0. 0. 0. 0. 1. 0. 0. 0. 1. 0. 0. 0. 0. 0. 0. 0. 0. 0. 0. 0. 0. 0. 0. 0. 0. 1. 0. 0. 0. 0. 1.],500,100,0.1,0.0025,1,15,best,92,best
114,0.02972796533135263,0.02972796533135263,0.002509520652499867,[0.         0.         0.         0.         0.02573002 0.         0.         0.         0.01010334 0.         0.         0.         0.         0.         0.         0.         0.         0.         0.         0.         0.         0.         0.         0.         0.         0.12831322 0.         0.         0.         0.         0.64835023],[0. 0. 0. 0. 1. 0. 0. 0. 1. 0. 0. 0. 0. 0. 0. 0. 0. 0. 0. 0. 0. 0. 0. 0. 0. 1. 0. 0. 0. 0. 1.],500,100,0.1,0.0025,1,15,best,92,best
115,0.02972796533135263,0.02972796533135263,0.002509520652499867,[0.         0.         0.         0.         0.02573002 0.         0.         0.         0.01010334 0.         0.         0.         0.         0.         0.         0.         0.         0.         0.         0.         0.         0.         0.         0.         0.         0.12831322 0.         0.         0.         0.         0.64835023],[0. 0. 0. 0. 1. 0. 0. 0. 1. 0. 0. 0. 0. 0. 0. 0. 0. 0. 0. 0. 0. 0. 0. 0. 0. 1. 0. 0. 0. 0. 1.],500,100,0.1,0.0025,1,15,best,92,best
116,0.02972796533135263,0.02972796533135263,0.002509520652499867,[0.         0.         0.         0.         0.02573002 0.         0.         0.         0.01010334 0.         0.         0.         0.         0.         0.         0.         0.         0.         0.         0.         0.         0.         0.         0.         0.         0.12831322 0.         0.         0.         0.         0.64835023],[0. 0. 0. 0. 1. 0. 0. 0. 1. 0. 0. 0. 0. 0. 0. 0. 0. 0. 0. 0. 0. 0. 0. 0. 0. 1. 0. 0. 0. 0. 1.],500,100,0.1,0.0025,1,15,best,92,best
117,0.029610295120829022,0.029610295120829022,0.00258743243775291,[0.         0.         0.         0.         0.03856134 0.         0.         0.         0.01010334 0.         0.         0.         0.         0.         0.         0.         0.         0.         0.         0.         0.         0.         0.         0.         0.         0.1154819  0.         0.         0.         0.         0.64835023],[0. 0. 0. 0. 1. 0. 0. 0. 1. 0. 0. 0. 0. 0. 0. 0. 0. 0. 0. 0. 0. 0. 0. 0. 0. 1. 0. 0. 0. 0. 1.],500,100,0.1,0.0025,1,15,best,92,best
118,0.028500791122606277,0.028500791122606277,0.0025389272071722445,[0.         0.         0.         0.         0.03856134 0.         0.         0.         0.         0.         0.         0.         0.         0.         0.         0.         0.         0.         0.         0.         0.         0.         0.         0.         0.         0.1154819  0.         0.01       0.         0.         0.64835023],[0. 0. 0. 0. 1. 0. 0. 0. 0. 0. 0. 0. 0. 0. 0. 0. 0. 0. 0. 0. 0. 0. 0. 0. 0. 1. 0. 1. 0. 0. 1.],500,100,0.1,0.0025,1,15,best,92,best
119,0.028333693872570998,0.028333693872570998,0.0026090478138999836,[0.         0.         0.         0.         0.05010953 0.         0.         0.         0.         0.         0.         0.         0.         0.         0.         0.         0.         0.         0.         0.         0.         0.         0.         0.         0.         0.10393371 0.         0.01       0.         0.         0.64835023],[0. 0. 0. 0. 1. 0. 0. 0. 0. 0. 0. 0. 0. 0. 0. 0. 0. 0. 0. 0. 0. 0. 0. 0. 0. 1. 0. 1. 0. 0. 1.],500,100,0.1,0.0025,1,15,best,92,best
120,0.028333693872570998,0.028333693872570998,0.0026090478138999836,[0.         0.         0.         0.         0.05010953 0.         0.         0.         0.         0.         0.         0.         0.         0.         0.         0.         0.         0.         0.         0.         0.         0.         0.         0.         0.         0.10393371 0.         0.01       0.         0.         0.64835023],[0. 0. 0. 0. 1. 0. 0. 0. 0. 0. 0. 0. 0. 0. 0. 0. 0. 0. 0. 0. 0. 0. 0. 0. 0. 1. 0. 1. 0. 0. 1.],500,100,0.1,0.0025,1,15,best,92,best
121,0.028221538872554536,0.028221538872554536,0.0025835320891692617,[0.         0.         0.         0.         0.05010953 0.         0.         0.         0.         0.         0.         0.         0.         0.         0.         0.         0.         0.         0.         0.         0.         0.         0.         0.         0.         0.09354034 0.         0.02039337 0.         0.         0.64835023],[0. 0. 0. 0. 1. 0. 0. 0. 0. 0. 0. 0. 0. 0. 0. 0. 0. 0. 0. 0. 0. 0. 0. 0. 0. 1. 0. 1. 0. 0. 1.],500,100,0.1,0.0025,1,15,best,92,best
122,0.02803781178096786,0.02803781178096786,0.0026403297806187305,[0.         0.         0.         0.         0.05946356 0.         0.         0.         0.         0.         0.         0.         0.         0.         0.         0.         0.         0.         0.         0.         0.         0.         0.         0.         0.         0.0841863  0.         0.02039337 0.         0.         0.64835023],[0. 0. 0. 0. 1. 0. 0. 0. 0. 0. 0. 0. 0. 0. 0. 0. 0. 0. 0. 0. 0. 0. 0. 0. 0. 1. 0. 1. 0. 0. 1.],500,100,0.1,0.0025,1,15,best,92,best
123,0.02678007771797776,0.02678007771797776,0.0026200156260533796,[0.         0.         0.         0.         0.05946356 0.         0.         0.         0.         0.         0.         0.         0.         0.         0.         0.         0.         0.         0.         0.         0.         0.         0.         0.         0.         0.07576767 0.         0.02039337 0.         0.         0.65676886],[0. 0. 0. 0. 1. 0. 0. 0. 0. 0. 0. 0. 0. 0. 0. 0. 0. 0. 0. 0. 0. 0. 0. 0. 0. 1. 0. 1. 0. 0. 1.],500,100,0.1,0.0025,1,15,best,92,best
124,0.02600730273171684,0.02600730273171684,0.0025695607942690735,[0.         0.         0.         0.         0.05351721 0.         0.         0.         0.         0.         0.         0.         0.         0.         0.         0.         0.         0.         0.         0.         0.         0.         0.         0.         0.         0.07576767 0.         0.02039337 0.         0.         0.66271521],[0. 0. 0. 0. 1. 0. 0. 0. 0. 0. 0. 0. 0. 0. 0. 0. 0. 0. 0. 0. 0. 0. 0. 0. 0. 1. 0. 1. 0. 0. 1.],500,100,0.1,0.0025,1,15,best,92,best
125,0.025828448475260873,0.025828448475260873,0.002615566924343143,[0.         0.         0.         0.         0.06109397 0.         0.         0.         0.         0.         0.         0.         0.         0.         0.         0.         0.         0.         0.         0.         0.         0.         0.         0.         0.         0.0681909  0.         0.02039337 0.         0.         0.66271521],[0. 0. 0. 0. 1. 0. 0. 0. 0. 0. 0. 0. 0. 0. 0. 0. 0. 0. 0. 0. 0. 0. 0. 0. 0. 1. 0. 1. 0. 0. 1.],500,100,0.1,0.0025,1,15,best,92,best
126,0.024757325453991542,0.024757325453991542,0.0025991124591452086,[0.         0.         0.         0.         0.06109397 0.         0.         0.         0.         0.         0.         0.         0.         0.         0.         0.         0.         0.         0.         0.         0.         0.         0.         0.         0.         0.06137181 0.         0.02039337 0.         0.         0.6695343 ],[0. 0. 0. 0. 1. 0. 0. 0. 0. 0. 0. 0. 0. 0. 0. 0. 0. 0. 0. 0. 0. 0. 0. 0. 0. 1. 0. 1. 0. 0. 1.],500,100,0.1,0.0025,1,15,best,92,best
127,0.023939088902859527,0.023939088902859527,0.002547274223621044,[0.         0.         0.         0.         0.05498458 0.         0.         0.         0.         0.         0.         0.         0.         0.         0.         0.         0.         0.         0.         0.         0.         0.         0.         0.         0.         0.06137181 0.         0.02039337 0.         0.         0.6756437 ],[0. 0. 0. 0. 1. 0. 0. 0. 0. 0. 0. 0. 0. 0. 0. 0. 0. 0. 0. 0. 0. 0. 0. 0. 0. 1. 0. 1. 0. 0. 1.],500,100,0.1,0.0025,1,15,best,92,best
128,0.023939088902859527,0.023939088902859527,0.002547274223621044,[0.         0.         0.         0.         0.05498458 0.         0.         0.         0.         0.         0.         0.         0.         0.         0.         0.         0.         0.         0.         0.         0.         0.         0.         0.         0.         0.06137181 0.         0.02039337 0.         0.         0.6756437 ],[0. 0. 0. 0. 1. 0. 0. 0. 0. 0. 0. 0. 0. 0. 0. 0. 0. 0. 0. 0. 0. 0. 0. 0. 0. 1. 0. 1. 0. 0. 1.],500,100,0.1,0.0025,1,15,best,92,best
129,0.023646049586562717,0.023646049586562717,0.0025473598757774062,[0.         0.         0.         0.         0.05498458 0.         0.         0.         0.         0.         0.         0.         0.         0.         0.         0.         0.         0.         0.         0.         0.         0.         0.         0.         0.         0.06137181 0.         0.01835403 0.         0.         0.67768304],[0. 0. 0. 0. 1. 0. 0. 0. 0. 0. 0. 0. 0. 0. 0. 0. 0. 0. 0. 0. 0. 0. 0. 0. 0. 1. 0. 1. 0. 0. 1.],500,100,0.1,0.0025,1,15,best,92,best
130,0.022643771324176235,0.022643771324176235,0.0025325508570992654,[0.         0.         0.         0.         0.05498458 0.         0.         0.         0.         0.         0.         0.         0.         0.         0.         0.         0.         0.         0.         0.         0.         0.         0.         0.         0.         0.05523463 0.         0.01835403 0.         0.         0.68382022],[0. 0. 0. 0. 1. 0. 0. 0. 0. 0. 0. 0. 0. 0. 0. 0. 0. 0. 0. 0. 0. 0. 0. 0. 0. 1. 0. 1. 0. 0. 1.],500,100,0.1,0.0025,1,15,best,92,best
131,0.0225370791528309,0.0225370791528309,0.002518990754832646,[0.         0.         0.         0.         0.05498458 0.         0.         0.         0.         0.         0.         0.         0.         0.         0.         0.         0.         0.         0.         0.         0.         0.         0.         0.         0.         0.04971117 0.         0.0238775  0.         0.         0.68382022],[0. 0. 0. 0. 1. 0. 0. 0. 0. 0. 0. 0. 0. 0. 0. 0. 0. 0. 0. 0. 0. 0. 0. 0. 0. 1. 0. 1. 0. 0. 1.],500,100,0.1,0.0025,1,15,best,92,best
132,0.022394371648600604,0.022394371648600604,0.002549175376774243,[0.         0.         0.         0.         0.05995569 0.         0.         0.         0.         0.         0.         0.         0.         0.         0.         0.         0.         0.         0.         0.         0.         0.         0.         0.         0.         0.04474005 0.         0.0238775  0.         0.         0.68382022],[0. 0. 0. 0. 1. 0. 0. 0. 0. 0. 0. 0. 0. 0. 0. 0. 0. 0. 0. 0. 0. 0. 0. 0. 0. 1. 0. 1. 0. 0. 1.],500,100,0.1,0.0025,1,15,best,92,best
133,0.021641820875602274,0.021641820875602274,0.0025383796021578786,[0.         0.         0.         0.         0.05995569 0.         0.         0.         0.         0.         0.         0.         0.         0.         0.         0.         0.         0.         0.         0.         0.         0.         0.         0.         0.         0.04026605 0.         0.0238775  0.         0.         0.68829423],[0. 0. 0. 0. 1. 0. 0. 0. 0. 0. 0. 0. 0. 0. 0. 0. 0. 0. 0. 0. 0. 0. 0. 0. 0. 1. 0. 1. 0. 0. 1.],500,100,0.1,0.0025,1,15,best,92,best
134,0.02095527989922014,0.02095527989922014,0.0025286634050031504,[0.         0.         0.         0.         0.05995569 0.         0.         0.         0.         0.         0.         0.         0.         0.         0.         0.         0.         0.         0.         0.         0.         0.         0.         0.         0.         0.03623944 0.         0.0238775  0.         0.         0.69232083],[0. 0. 0. 0. 1. 0. 0. 0. 0. 0. 0. 0. 0. 0. 0. 0. 0. 0. 0. 0. 0. 0. 0. 0. 0. 1. 0. 1. 0. 0. 1.],500,100,0.1,0.0025,1,15,best,92,best
135,0.020839196179390385,0.020839196179390385,0.0025506679943985747,[0.         0.         0.         0.         0.06357964 0.         0.         0.         0.         0.         0.         0.         0.         0.         0.         0.         0.         0.         0.         0.         0.         0.         0.         0.         0.         0.0326155  0.         0.0238775  0.         0.         0.69232083],[0. 0. 0. 0. 1. 0. 0. 0. 0. 0. 0. 0. 0. 0. 0. 0. 0. 0. 0. 0. 0. 0. 0. 0. 0. 1. 0. 1. 0. 0. 1.],500,100,0.1,0.0025,1,15,best,92,best
136,0.020839196179390385,0.020839196179390385,0.0025506679943985747,[0.         0.         0.         0.         0.06357964 0.         0.         0.         0.         0.         0.         0.         0.         0.         0.         0.         0.         0.         0.         0.         0.         0.         0.         0.         0.         0.0326155  0.         0.0238775  0.         0.         0.69232083],[0. 0. 0. 0. 1. 0. 0. 0. 0. 0. 0. 0. 0. 0. 0. 0. 0. 0. 0. 0. 0. 0. 0. 0. 0. 1. 0. 1. 0. 0. 1.],500,100,0.1,0.0025,1,15,best,92,best
137,0.020839196179390385,0.020839196179390385,0.0025506679943985747,[0.         0.         0.         0.         0.06357964 0.         0.         0.         0.         0.         0.         0.         0.         0.         0.         0.         0.         0.         0.         0.         0.         0.         0.         0.         0.         0.0326155  0.         0.0238775  0.         0.         0.69232083],[0. 0. 0. 0. 1. 0. 0. 0. 0. 0. 0. 0. 0. 0. 0. 0. 0. 0. 0. 0. 0. 0. 0. 0. 0. 1. 0. 1. 0. 0. 1.],500,100,0.1,0.0025,1,15,best,92,best
138,0.020839196179390385,0.020839196179390385,0.0025506679943985747,[0.         0.         0.         0.         0.06357964 0.         0.         0.         0.         0.         0.         0.         0.         0.         0.         0.         0.         0.         0.         0.         0.         0.         0.         0.         0.         0.0326155  0.         0.0238775  0.         0.         0.69232083],[0. 0. 0. 0. 1. 0. 0. 0. 0. 0. 0. 0. 0. 0. 0. 0. 0. 0. 0. 0. 0. 0. 0. 0. 0. 1. 0. 1. 0. 0. 1.],500,100,0.1,0.0025,1,15,best,92,best
139,0.020814746815643652,0.020814746815643652,0.002571028335878348,[0.         0.         0.         0.         0.06596739 0.         0.         0.         0.         0.         0.         0.         0.         0.         0.         0.         0.         0.         0.         0.         0.         0.         0.         0.         0.         0.0326155  0.         0.02148975 0.         0.         0.69232083],[0. 0. 0. 0. 1. 0. 0. 0. 0. 0. 0. 0. 0. 0. 0. 0. 0. 0. 0. 0. 0. 0. 0. 0. 0. 1. 0. 1. 0. 0. 1.],500,100,0.1,0.0025,1,15,best,92,best
140,0.020814746815643652,0.020814746815643652,0.002571028335878348,[0.         0.         0.         0.         0.06596739 0.         0.         0.         0.         0.         0.         0.         0.         0.         0.         0.         0.         0.         0.         0.         0.         0.         0.         0.         0.         0.0326155  0.         0.02148975 0.         0.         0.69232083],[0. 0. 0. 0. 1. 0. 0. 0. 0. 0. 0. 0. 0. 0. 0. 0. 0. 0. 0. 0. 0. 0. 0. 0. 0. 1. 0. 1. 0. 0. 1.],500,100,0.1,0.0025,1,15,best,92,best
141,0.020814746815643652,0.020814746815643652,0.002571028335878348,[0.         0.         0.         0.         0.06596739 0.         0.         0.         0.         0.         0.         0.         0.         0.         0.         0.         0.         0.         0.         0.         0.         0.         0.         0.         0.         0.0326155  0.         0.02148975 0.         0.         0.69232083],[0. 0. 0. 0. 1. 0. 0. 0. 0. 0. 0. 0. 0. 0. 0. 0. 0. 0. 0. 0. 0. 0. 0. 0. 0. 1. 0. 1. 0. 0. 1.],500,100,0.1,0.0025,1,15,best,92,best
142,0.019885701400214752,0.019885701400214752,0.0025150550089167016,[0.         0.         0.         0.         0.05937065 0.         0.         0.         0.         0.         0.         0.         0.         0.         0.         0.         0.         0.         0.         0.         0.         0.         0.         0.         0.         0.0326155  0.         0.02148975 0.         0.         0.69891757],[0. 0. 0. 0. 1. 0. 0. 0. 0. 0. 0. 0. 0. 0. 0. 0. 0. 0. 0. 0. 0. 0. 0. 0. 0. 1. 0. 1. 0. 0. 1.],500,100,0.1,0.0025,1,15,best,92,best
143,0.01955812418470996,0.01955812418470996,0.002515145265854421,[0.         0.         0.         0.         0.05937065 0.         0.         0.         0.         0.         0.         0.         0.         0.         0.         0.         0.         0.         0.         0.         0.         0.         0.         0.         0.         0.0326155  0.         0.01934077 0.         0.         0.70106654],[0. 0. 0. 0. 1. 0. 0. 0. 0. 0. 0. 0. 0. 0. 0. 0. 0. 0. 0. 0. 0. 0. 0. 0. 0. 1. 0. 1. 0. 0. 1.],500,100,0.1,0.0025,1,15,best,92,best
144,0.018983174805362567,0.018983174805362567,0.0025072751461590916,[0.         0.         0.         0.         0.05937065 0.         0.         0.         0.         0.         0.         0.         0.         0.         0.         0.         0.         0.         0.         0.         0.         0.         0.         0.         0.         0.02935395 0.         0.01934077 0.         0.         0.70432809],[0. 0. 0. 0. 1. 0. 0. 0. 0. 0. 0. 0. 0. 0. 0. 0. 0. 0. 0. 0. 0. 0. 0. 0. 0. 1. 0. 1. 0. 0. 1.],500,100,0.1,0.0025,1,15,best,92,best
145,0.018983174805362567,0.018983174805362567,0.0025072751461590916,[0.         0.         0.         0.         0.05937065 0.         0.         0.         0.         0.         0.         0.         0.         0.         0.         0.         0.         0.         0.         0.         0.         0.         0.         0.         0.         0.02935395 0.         0.01934077 0.         0.         0.70432809],[0. 0. 0. 0. 1. 0. 0. 0. 0. 0. 0. 0. 0. 0. 0. 0. 0. 0. 0. 0. 0. 0. 0. 0. 0. 1. 0. 1. 0. 0. 1.],500,100,0.1,0.0025,1,15,best,92,best
146,0.01896304575208591,0.01896304575208591,0.0025237670227577077,[0.         0.         0.         0.         0.06130472 0.         0.         0.         0.         0.         0.         0.         0.         0.         0.         0.         0.         0.         0.         0.         0.         0.         0.         0.         0.         0.02935395 0.         0.0174067  0.         0.         0.70432809],[0. 0. 0. 0. 1. 0. 0. 0. 0. 0. 0. 0. 0. 0. 0. 0. 0. 0. 0. 0. 0. 0. 0. 0. 0. 1. 0. 1. 0. 0. 1.],500,100,0.1,0.0025,1,15,best,92,best
147,0.018693444771506508,0.018693444771506508,0.0025238401308772607,[0.         0.         0.         0.         0.06130472 0.         0.         0.         0.         0.         0.         0.         0.         0.         0.         0.         0.         0.         0.         0.         0.         0.         0.         0.         0.         0.02935395 0.         0.01566603 0.         0.         0.70606876],[0. 0. 0. 0. 1. 0. 0. 0. 0. 0. 0. 0. 0. 0. 0. 0. 0. 0. 0. 0. 0. 0. 0. 0. 0. 1. 0. 1. 0. 0. 1.],500,100,0.1,0.0025,1,15,best,92,best
148,0.01862594535224347,0.01862594535224347,0.0025166337365685864,[0.         0.         0.         0.         0.06130472 0.         0.         0.         0.         0.         0.         0.         0.         0.         0.         0.         0.         0.         0.         0.         0.         0.         0.         0.         0.         0.02641855 0.         0.01860142 0.         0.         0.70606876],[0. 0. 0. 0. 1. 0. 0. 0. 0. 0. 0. 0. 0. 0. 0. 0. 0. 0. 0. 0. 0. 0. 0. 0. 0. 1. 0. 1. 0. 0. 1.],500,100,0.1,0.0025,1,15,best,92,best
149,0.018336834966107527,0.018336834966107527,0.002516711862534472,[0.         0.         0.         0.         0.06130472 0.         0.         0.         0.         0.         0.         0.         0.         0.         0.         0.         0.         0.         0.         0.         0.         0.         0.         0.         0.         0.02641855 0.         0.01674128 0.         0.         0.70792891],[0. 0. 0. 0. 1. 0. 0. 0. 0. 0. 0. 0. 0. 0. 0. 0. 0. 0. 0. 0. 0. 0. 0. 0. 0. 1. 0. 1. 0. 0. 1.],500,100,0.1,0.0025,1,15,best,92,best
150,0.018336834966107527,0.018336834966107527,0.002516711862534472,[0.         0.         0.         0.         0.06130472 0.         0.         0.         0.         0.         0.         0.         0.         0.         0.         0.         0.         0.         0.         0.         0.         0.         0.         0.         0.         0.02641855 0.         0.01674128 0.         0.         0.70792891],[0. 0. 0. 0. 1. 0. 0. 0. 0. 0. 0. 0. 0. 0. 0. 0. 0. 0. 0. 0. 0. 0. 0. 0. 0. 1. 0. 1. 0. 0. 1.],500,100,0.1,0.0025,1,15,best,92,best
151,0.018075239006567507,0.018075239006567507,0.0025167821759037685,[0.         0.         0.         0.         0.06130472 0.         0.         0.         0.         0.         0.         0.         0.         0.         0.         0.         0.         0.         0.         0.         0.         0.         0.         0.         0.         0.02641855 0.         0.01506715 0.         0.         0.70960303],[0. 0. 0. 0. 1. 0. 0. 0. 0. 0. 0. 0. 0. 0. 0. 0. 0. 0. 0. 0. 0. 0. 0. 0. 0. 1. 0. 1. 0. 0. 1.],500,100,0.1,0.0025,1,15,best,92,best
152,0.0175986519484531,0.0175986519484531,0.0025104073789505516,[0.         0.         0.         0.         0.06130472 0.         0.         0.         0.         0.         0.         0.         0.         0.         0.         0.         0.         0.         0.         0.         0.         0.         0.         0.         0.         0.0237767  0.         0.01506715 0.         0.         0.71224489],[0. 0. 0. 0. 1. 0. 0. 0. 0. 0. 0. 0. 0. 0. 0. 0. 0. 0. 0. 0. 0. 0. 0. 0. 0. 1. 0. 1. 0. 0. 1.],500,100,0.1,0.0025,1,15,best,92,best
153,0.017166499966103074,0.017166499966103074,0.002504670061692656,[0.         0.         0.         0.         0.06130472 0.         0.         0.         0.         0.         0.         0.         0.         0.         0.         0.         0.         0.         0.         0.         0.         0.         0.         0.         0.         0.02139903 0.         0.01506715 0.         0.         0.71462256],[0. 0. 0. 0. 1. 0. 0. 0. 0. 0. 0. 0. 0. 0. 0. 0. 0. 0. 0. 0. 0. 0. 0. 0. 0. 1. 0. 1. 0. 0. 1.],500,100,0.1,0.0025,1,15,best,92,best
154,0.01692715970775512,0.01692715970775512,0.0025047333437250227,[0.         0.         0.         0.         0.06130472 0.         0.         0.         0.         0.         0.         0.         0.         0.         0.         0.         0.         0.         0.         0.         0.         0.         0.         0.         0.         0.02139903 0.         0.01356044 0.         0.         0.71612927],[0. 0. 0. 0. 1. 0. 0. 0. 0. 0. 0. 0. 0. 0. 0. 0. 0. 0. 0. 0. 0. 0. 0. 0. 0. 1. 0. 1. 0. 0. 1.],500,100,0.1,0.0025,1,15,best,92,best
155,0.01671083715809716,0.01671083715809716,0.0025047902975541534,[0.         0.         0.         0.         0.06130472 0.         0.         0.         0.         0.         0.         0.         0.         0.         0.         0.         0.         0.         0.         0.         0.         0.         0.         0.         0.         0.02139903 0.         0.01220439 0.         0.         0.71748532],[0. 0. 0. 0. 1. 0. 0. 0. 0. 0. 0. 0. 0. 0. 0. 0. 0. 0. 0. 0. 0. 0. 0. 0. 0. 1. 0. 1. 0. 0. 1.],500,100,0.1,0.0025,1,15,best,92,best
156,0.01663393878749638,0.01663393878749638,0.0025177837875462574,[0.         0.         0.         0.         0.06344463 0.         0.         0.         0.         0.         0.         0.         0.         0.         0.         0.         0.         0.         0.         0.         0.         0.         0.         0.         0.         0.01925913 0.         0.01220439 0.         0.         0.71748532],[0. 0. 0. 0. 1. 0. 0. 0. 0. 0. 0. 0. 0. 0. 0. 0. 0. 0. 0. 0. 0. 0. 0. 0. 0. 1. 0. 1. 0. 0. 1.],500,100,0.1,0.0025,1,15,best,92,best
157,0.016438328722231898,0.016438328722231898,0.002517835045992475,[0.         0.         0.         0.         0.06344463 0.         0.         0.         0.         0.         0.         0.         0.         0.         0.         0.         0.         0.         0.         0.         0.         0.         0.         0.         0.         0.01925913 0.         0.01098395 0.         0.         0.71870576],[0. 0. 0. 0. 1. 0. 0. 0. 0. 0. 0. 0. 0. 0. 0. 0. 0. 0. 0. 0. 0. 0. 0. 0. 0. 1. 0. 1. 0. 0. 1.],500,100,0.1,0.0025,1,15,best,92,best
158,0.01636759442322954,0.01636759442322954,0.002529529186985368,[0.         0.         0.         0.         0.06537054 0.         0.         0.         0.         0.         0.         0.         0.         0.         0.         0.         0.         0.         0.         0.         0.         0.         0.         0.         0.         0.01733321 0.         0.01098395 0.         0.         0.71870576],[0. 0. 0. 0. 1. 0. 0. 0. 0. 0. 0. 0. 0. 0. 0. 0. 0. 0. 0. 0. 0. 0. 0. 0. 0. 1. 0. 1. 0. 0. 1.],500,100,0.1,0.0025,1,15,best,92,best
159,0.01636759442322954,0.01636759442322954,0.002529529186985368,[0.         0.         0.         0.         0.06537054 0.         0.         0.         0.         0.         0.         0.         0.         0.         0.         0.         0.         0.         0.         0.         0.         0.         0.         0.         0.         0.01733321 0.         0.01098395 0.         0.         0.71870576],[0. 0. 0. 0. 1. 0. 0. 0. 0. 0. 0. 0. 0. 0. 0. 0. 0. 0. 0. 0. 0. 0. 0. 0. 0. 1. 0. 1. 0. 0. 1.],500,100,0.1,0.0025,1,15,best,92,best
160,0.016046522693121124,0.016046522693121124,0.0025253466827043626,[0.         0.         0.         0.         0.06537054 0.         0.         0.         0.         0.         0.         0.         0.         0.         0.         0.         0.         0.         0.         0.         0.         0.         0.         0.         0.         0.01559989 0.         0.01098395 0.         0.         0.72043908],[0. 0. 0. 0. 1. 0. 0. 0. 0. 0. 0. 0. 0. 0. 0. 0. 0. 0. 0. 0. 0. 0. 0. 0. 0. 1. 0. 1. 0. 0. 1.],500,100,0.1,0.0025,1,15,best,92,best
161,0.016046522693121124,0.016046522693121124,0.0025253466827043626,[0.         0.         0.         0.         0.06537054 0.         0.         0.         0.         0.         0.         0.         0.         0.         0.         0.         0.         0.         0.         0.         0.         0.         0.         0.         0.         0.01559989 0.         0.01098395 0.         0.         0.72043908],[0. 0. 0. 0. 1. 0. 0. 0. 0. 0. 0. 0. 0. 0. 0. 0. 0. 0. 0. 0. 0. 0. 0. 0. 0. 1. 0. 1. 0. 0. 1.],500,100,0.1,0.0025,1,15,best,92,best
162,0.016008165743081337,0.016008165743081337,0.0025215169093065664,[0.         0.         0.         0.         0.06537054 0.         0.         0.         0.         0.         0.         0.         0.         0.         0.         0.         0.         0.         0.         0.         0.         0.         0.         0.         0.         0.0140399  0.         0.01254394 0.         0.         0.72043908],[0. 0. 0. 0. 1. 0. 0. 0. 0. 0. 0. 0. 0. 0. 0. 0. 0. 0. 0. 0. 0. 0. 0. 0. 0. 1. 0. 1. 0. 0. 1.],500,100,0.1,0.0025,1,15,best,92,best
163,0.015805625710812607,0.015805625710812607,0.0025215695938626513,[0.         0.         0.         0.         0.06537054 0.         0.         0.         0.         0.         0.         0.         0.         0.         0.         0.         0.         0.         0.         0.         0.         0.         0.         0.         0.         0.0140399  0.         0.01128955 0.         0.         0.72169347],[0. 0. 0. 0. 1. 0. 0. 0. 0. 0. 0. 0. 0. 0. 0. 0. 0. 0. 0. 0. 0. 0. 0. 0. 0. 1. 0. 1. 0. 0. 1.],500,100,0.1,0.0025,1,15,best,92,best
164,0.015622704567859209,0.015622704567859209,0.0025216170099631274,[0.         0.         0.         0.         0.06537054 0.         0.         0.         0.         0.         0.         0.         0.         0.         0.         0.         0.         0.         0.         0.         0.         0.         0.         0.         0.         0.0140399  0.         0.01016059 0.         0.         0.72282243],[0. 0. 0. 0. 1. 0. 0. 0. 0. 0. 0. 0. 0. 0. 0. 0. 0. 0. 0. 0. 0. 0. 0. 0. 0. 1. 0. 1. 0. 0. 1.],500,100,0.1,0.0025,1,15,best,92,best
165,0.015587955579136174,0.015587955579136174,0.0025181702139051108,[0.         0.         0.         0.         0.06537054 0.         0.         0.         0.         0.         0.         0.         0.         0.         0.         0.         0.         0.         0.         0.         0.         0.         0.         0.         0.         0.01263591 0.         0.01156458 0.         0.         0.72282243],[0. 0. 0. 0. 1. 0. 0. 0. 0. 0. 0. 0. 0. 0. 0. 0. 0. 0. 0. 0. 0. 0. 0. 0. 0. 1. 0. 1. 0. 0. 1.],500,100,0.1,0.0025,1,15,best,92,best
166,0.015556211140638574,0.015556211140638574,0.002515068097452896,[0.         0.         0.         0.         0.06537054 0.         0.         0.         0.         0.         0.         0.         0.         0.         0.         0.         0.         0.         0.         0.         0.         0.         0.         0.         0.         0.01137232 0.         0.01282817 0.         0.         0.72282243],[0. 0. 0. 0. 1. 0. 0. 0. 0. 0. 0. 0. 0. 0. 0. 0. 0. 0. 0. 0. 0. 0. 0. 0. 0. 1. 0. 1. 0. 0. 1.],500,100,0.1,0.0025,1,15,best,92,best
167,0.015347990754903538,0.015347990754903538,0.002515121975785501,[0.         0.         0.         0.         0.06537054 0.         0.         0.         0.         0.         0.         0.         0.         0.         0.         0.         0.         0.         0.         0.         0.         0.         0.         0.         0.         0.01137232 0.         0.01154536 0.         0.         0.72410524],[0. 0. 0. 0. 1. 0. 0. 0. 0. 0. 0. 0. 0. 0. 0. 0. 0. 0. 0. 0. 0. 0. 0. 0. 0. 1. 0. 1. 0. 0. 1.],500,100,0.1,0.0025,1,15,best,92,best
168,0.015134090726978265,0.015134090726978265,0.002512377834726733,[0.         0.         0.         0.         0.06537054 0.         0.         0.         0.         0.         0.         0.         0.         0.         0.         0.         0.         0.         0.         0.         0.         0.         0.         0.         0.         0.01023509 0.         0.01154536 0.         0.         0.72524248],[0. 0. 0. 0. 1. 0. 0. 0. 0. 0. 0. 0. 0. 0. 0. 0. 0. 0. 0. 0. 0. 0. 0. 0. 0. 1. 0. 1. 0. 0. 1.],500,100,0.1,0.0025,1,15,best,92,best
169,0.015134090726978265,0.015134090726978265,0.002512377834726733,[0.         0.         0.         0.         0.06537054 0.         0.         0.         0.         0.         0.         0.         0.         0.         0.         0.         0.         0.         0.         0.         0.         0.         0.         0.         0.         0.01023509 0.         0.01154536 0.         0.         0.72524248],[0. 0. 0. 0. 1. 0. 0. 0. 0. 0. 0. 0. 0. 0. 0. 0. 0. 0. 0. 0. 0. 0. 0. 0. 0. 1. 0. 1. 0. 0. 1.],500,100,0.1,0.0025,1,15,best,92,best
170,0.015134090726978265,0.015134090726978265,0.002512377834726733,[0.         0.         0.         0.         0.06537054 0.         0.         0.         0.         0.         0.         0.         0.         0.         0.         0.         0.         0.         0.         0.         0.         0.         0.         0.         0.         0.01023509 0.         0.01154536 0.         0.         0.72524248],[0. 0. 0. 0. 1. 0. 0. 0. 0. 0. 0. 0. 0. 0. 0. 0. 0. 0. 0. 0. 0. 0. 0. 0. 0. 1. 0. 1. 0. 0. 1.],500,100,0.1,0.0025,1,15,best,92,best
171,0.015118640518207233,0.015118640518207233,0.002522222560629368,[0.         0.         0.         0.         0.06652508 0.         0.         0.         0.         0.         0.         0.         0.         0.         0.         0.         0.         0.         0.         0.         0.         0.         0.         0.         0.         0.01023509 0.         0.01039082 0.         0.         0.72524248],[0. 0. 0. 0. 1. 0. 0. 0. 0. 0. 0. 0. 0. 0. 0. 0. 0. 0. 0. 0. 0. 0. 0. 0. 0. 1. 0. 1. 0. 0. 1.],500,100,0.1,0.0025,1,15,best,92,best
172,0.015118640518207233,0.015118640518207233,0.002522222560629368,[0.         0.         0.         0.         0.06652508 0.         0.         0.         0.         0.         0.         0.         0.         0.         0.         0.         0.         0.         0.         0.         0.         0.         0.         0.         0.         0.01023509 0.         0.01039082 0.         0.         0.72524248],[0. 0. 0. 0. 1. 0. 0. 0. 0. 0. 0. 0. 0. 0. 0. 0. 0. 0. 0. 0. 0. 0. 0. 0. 0. 1. 0. 1. 0. 0. 1.],500,100,0.1,0.0025,1,15,best,92,best
173,0.015118640518207233,0.015118640518207233,0.002522222560629368,[0.         0.         0.         0.         0.06652508 0.         0.         0.         0.         0.         0.         0.         0.         0.         0.         0.         0.         0.         0.         0.         0.         0.         0.         0.         0.         0.01023509 0.         0.01039082 0.         0.         0.72524248],[0. 0. 0. 0. 1. 0. 0. 0. 0. 0. 0. 0. 0. 0. 0. 0. 0. 0. 0. 0. 0. 0. 0. 0. 0. 1. 0. 1. 0. 0. 1.],500,100,0.1,0.0025,1,15,best,92,best
174,0.015118640518207233,0.015118640518207233,0.002522222560629368,[0.         0.         0.         0.         0.06652508 0.         0.         0.         0.         0.         0.         0.         0.         0.         0.         0.         0.         0.         0.         0.         0.         0.         0.         0.         0.         0.01023509 0.         0.01039082 0.         0.         0.72524248],[0. 0. 0. 0. 1. 0. 0. 0. 0. 0. 0. 0. 0. 0. 0. 0. 0. 0. 0. 0. 0. 0. 0. 0. 0. 1. 0. 1. 0. 0. 1.],500,100,0.1,0.0025,1,15,best,92,best
175,0.015118640518207233,0.015118640518207233,0.002522222560629368,[0.         0.         0.         0.         0.06652508 0.         0.         0.         0.         0.         0.         0.         0.         0.         0.         0.         0.         0.         0.         0.         0.         0.         0.         0.         0.         0.01023509 0.         0.01039082 0.         0.         0.72524248],[0. 0. 0. 0. 1. 0. 0. 0. 0. 0. 0. 0. 0. 0. 0. 0. 0. 0. 0. 0. 0. 0. 0. 0. 0. 1. 0. 1. 0. 0. 1.],500,100,0.1,0.0025,1,15,best,92,best
176,0.015118640518207233,0.015118640518207233,0.002522222560629368,[0.         0.         0.         0.         0.06652508 0.         0.         0.         0.         0.         0.         0.         0.         0.         0.         0.         0.         0.         0.         0.         0.         0.         0.         0.         0.         0.01023509 0.         0.01039082 0.         0.         0.72524248],[0. 0. 0. 0. 1. 0. 0. 0. 0. 0. 0. 0. 0. 0. 0. 0. 0. 0. 0. 0. 0. 0. 0. 0. 0. 1. 0. 1. 0. 0. 1.],500,100,0.1,0.0025,1,15,best,92,best
177,0.015118640518207233,0.015118640518207233,0.002522222560629368,[0.         0.         0.         0.         0.06652508 0.         0.         0.         0.         0.         0.         0.         0.         0.         0.         0.         0.         0.         0.         0.         0.         0.         0.         0.         0.         0.01023509 0.         0.01039082 0.         0.         0.72524248],[0. 0. 0. 0. 1. 0. 0. 0. 0. 0. 0. 0. 0. 0. 0. 0. 0. 0. 0. 0. 0. 0. 0. 0. 0. 1. 0. 1. 0. 0. 1.],500,100,0.1,0.0025,1,15,best,92,best
178,0.015118640518207233,0.015118640518207233,0.002522222560629368,[0.         0.         0.         0.         0.06652508 0.         0.         0.         0.         0.         0.         0.         0.         0.         0.         0.         0.         0.         0.         0.         0.         0.         0.         0.         0.         0.01023509 0.         0.01039082 0.         0.         0.72524248],[0. 0. 0. 0. 1. 0. 0. 0. 0. 0. 0. 0. 0. 0. 0. 0. 0. 0. 0. 0. 0. 0. 0. 0. 0. 1. 0. 1. 0. 0. 1.],500,100,0.1,0.0025,1,15,best,92,best
179,0.015118640518207233,0.015118640518207233,0.002522222560629368,[0.         0.         0.         0.         0.06652508 0.         0.         0.         0.         0.         0.         0.         0.         0.         0.         0.         0.         0.         0.         0.         0.         0.         0.         0.         0.         0.01023509 0.         0.01039082 0.         0.         0.72524248],[0. 0. 0. 0. 1. 0. 0. 0. 0. 0. 0. 0. 0. 0. 0. 0. 0. 0. 0. 0. 0. 0. 0. 0. 0. 1. 0. 1. 0. 0. 1.],500,100,0.1,0.0025,1,15,best,92,best
180,0.015118640518207233,0.015118640518207233,0.002522222560629368,[0.         0.         0.         0.         0.06652508 0.         0.         0.         0.         0.         0.         0.         0.         0.         0.         0.         0.         0.         0.         0.         0.         0.         0.         0.         0.         0.01023509 0.         0.01039082 0.         0.         0.72524248],[0. 0. 0. 0. 1. 0. 0. 0. 0. 0. 0. 0. 0. 0. 0. 0. 0. 0. 0. 0. 0. 0. 0. 0. 0. 1. 0. 1. 0. 0. 1.],500,100,0.1,0.0025,1,15,best,92,best
181,0.015118640518207233,0.015118640518207233,0.002522222560629368,[0.         0.         0.         0.         0.06652508 0.         0.         0.         0.         0.         0.         0.         0.         0.         0.         0.         0.         0.         0.         0.         0.         0.         0.         0.         0.         0.01023509 0.         0.01039082 0.         0.         0.72524248],[0. 0. 0. 0. 1. 0. 0. 0. 0. 0. 0. 0. 0. 0. 0. 0. 0. 0. 0. 0. 0. 0. 0. 0. 0. 1. 0. 1. 0. 0. 1.],500,100,0.1,0.0025,1,15,best,92,best
182,0.015118640518207233,0.015118640518207233,0.002522222560629368,[0.         0.         0.         0.         0.06652508 0.         0.         0.         0.         0.         0.         0.         0.         0.         0.         0.         0.         0.         0.         0.         0.         0.         0.         0.         0.         0.01023509 0.         0.01039082 0.         0.         0.72524248],[0. 0. 0. 0. 1. 0. 0. 0. 0. 0. 0. 0. 0. 0. 0. 0. 0. 0. 0. 0. 0. 0. 0. 0. 0. 1. 0. 1. 0. 0. 1.],500,100,0.1,0.0025,1,15,best,92,best
183,0.015118640518207233,0.015118640518207233,0.002522222560629368,[0.         0.         0.         0.         0.06652508 0.         0.         0.         0.         0.         0.         0.         0.         0.         0.         0.         0.         0.         0.         0.         0.         0.         0.         0.         0.         0.01023509 0.         0.01039082 0.         0.         0.72524248],[0. 0. 0. 0. 1. 0. 0. 0. 0. 0. 0. 0. 0. 0. 0. 0. 0. 0. 0. 0. 0. 0. 0. 0. 0. 1. 0. 1. 0. 0. 1.],500,100,0.1,0.0025,1,15,best,92,best
184,0.015118640518207233,0.015118640518207233,0.002522222560629368,[0.         0.         0.         0.         0.06652508 0.         0.         0.         0.         0.         0.         0.         0.         0.         0.         0.         0.         0.         0.         0.         0.         0.         0.         0.         0.         0.01023509 0.         0.01039082 0.         0.         0.72524248],[0. 0. 0. 0. 1. 0. 0. 0. 0. 0. 0. 0. 0. 0. 0. 0. 0. 0. 0. 0. 0. 0. 0. 0. 0. 1. 0. 1. 0. 0. 1.],500,100,0.1,0.0025,1,15,best,92,best
185,0.015118640518207233,0.015118640518207233,0.002522222560629368,[0.         0.         0.         0.         0.06652508 0.         0.         0.         0.         0.         0.         0.         0.         0.         0.         0.         0.         0.         0.         0.         0.         0.         0.         0.         0.         0.01023509 0.         0.01039082 0.         0.         0.72524248],[0. 0. 0. 0. 1. 0. 0. 0. 0. 0. 0. 0. 0. 0. 0. 0. 0. 0. 0. 0. 0. 0. 0. 0. 0. 1. 0. 1. 0. 0. 1.],500,100,0.1,0.0025,1,15,best,92,best
186,0.015118640518207233,0.015118640518207233,0.002522222560629368,[0.         0.         0.         0.         0.06652508 0.         0.         0.         0.         0.         0.         0.         0.         0.         0.         0.         0.         0.         0.         0.         0.         0.         0.         0.         0.         0.01023509 0.         0.01039082 0.         0.         0.72524248],[0. 0. 0. 0. 1. 0. 0. 0. 0. 0. 0. 0. 0. 0. 0. 0. 0. 0. 0. 0. 0. 0. 0. 0. 0. 1. 0. 1. 0. 0. 1.],500,100,0.1,0.0025,1,15,best,92,best
187,0.015118640518207233,0.015118640518207233,0.002522222560629368,[0.         0.         0.         0.         0.06652508 0.         0.         0.         0.         0.         0.         0.         0.         0.         0.         0.         0.         0.         0.         0.         0.         0.         0.         0.         0.         0.01023509 0.         0.01039082 0.         0.         0.72524248],[0. 0. 0. 0. 1. 0. 0. 0. 0. 0. 0. 0. 0. 0. 0. 0. 0. 0. 0. 0. 0. 0. 0. 0. 0. 1. 0. 1. 0. 0. 1.],500,100,0.1,0.0025,1,15,best,92,best
188,0.015118640518207233,0.015118640518207233,0.002522222560629368,[0.         0.         0.         0.         0.06652508 0.         0.         0.         0.         0.         0.         0.         0.         0.         0.         0.         0.         0.         0.         0.         0.         0.         0.         0.         0.         0.01023509 0.         0.01039082 0.         0.         0.72524248],[0. 0. 0. 0. 1. 0. 0. 0. 0. 0. 0. 0. 0. 0. 0. 0. 0. 0. 0. 0. 0. 0. 0. 0. 0. 1. 0. 1. 0. 0. 1.],500,100,0.1,0.0025,1,15,best,92,best
189,0.015118640518207233,0.015118640518207233,0.002522222560629368,[0.         0.         0.         0.         0.06652508 0.         0.         0.         0.         0.         0.         0.         0.         0.         0.         0.         0.         0.         0.         0.         0.         0.         0.         0.         0.         0.01023509 0.         0.01039082 0.         0.         0.72524248],[0. 0. 0. 0. 1. 0. 0. 0. 0. 0. 0. 0. 0. 0. 0. 0. 0. 0. 0. 0. 0. 0. 0. 0. 0. 1. 0. 1. 0. 0. 1.],500,100,0.1,0.0025,1,15,best,92,best
190,0.015118640518207233,0.015118640518207233,0.002522222560629368,[0.         0.         0.         0.         0.06652508 0.         0.         0.         0.         0.         0.         0.         0.         0.         0.         0.         0.         0.         0.         0.         0.         0.         0.         0.         0.         0.01023509 0.         0.01039082 0.         0.         0.72524248],[0. 0. 0. 0. 1. 0. 0. 0. 0. 0. 0. 0. 0. 0. 0. 0. 0. 0. 0. 0. 0. 0. 0. 0. 0. 1. 0. 1. 0. 0. 1.],500,100,0.1,0.0025,1,15,best,92,best
191,0.015118640518207233,0.015118640518207233,0.002522222560629368,[0.         0.         0.         0.         0.06652508 0.         0.         0.         0.         0.         0.         0.         0.         0.         0.         0.         0.         0.         0.         0.         0.         0.         0.         0.         0.         0.01023509 0.         0.01039082 0.         0.         0.72524248],[0. 0. 0. 0. 1. 0. 0. 0. 0. 0. 0. 0. 0. 0. 0. 0. 0. 0. 0. 0. 0. 0. 0. 0. 0. 1. 0. 1. 0. 0. 1.],500,100,0.1,0.0025,1,15,best,92,best
192,0.015118640518207233,0.015118640518207233,0.002522222560629368,[0.         0.         0.         0.         0.06652508 0.         0.         0.         0.         0.         0.         0.         0.         0.         0.         0.         0.         0.         0.         0.         0.         0.         0.         0.         0.         0.01023509 0.         0.01039082 0.         0.         0.72524248],[0. 0. 0. 0. 1. 0. 0. 0. 0. 0. 0. 0. 0. 0. 0. 0. 0. 0. 0. 0. 0. 0. 0. 0. 0. 1. 0. 1. 0. 0. 1.],500,100,0.1,0.0025,1,15,best,92,best
193,0.015118640518207233,0.015118640518207233,0.002522222560629368,[0.         0.         0.         0.         0.06652508 0.         0.         0.         0.         0.         0.         0.         0.         0.         0.         0.         0.         0.         0.         0.         0.         0.         0.         0.         0.         0.01023509 0.         0.01039082 0.         0.         0.72524248],[0. 0. 0. 0. 1. 0. 0. 0. 0. 0. 0. 0. 0. 0. 0. 0. 0. 0. 0. 0. 0. 0. 0. 0. 0. 1. 0. 1. 0. 0. 1.],500,100,0.1,0.0025,1,15,best,92,best
194,0.015118640518207233,0.015118640518207233,0.002522222560629368,[0.         0.         0.         0.         0.06652508 0.         0.         0.         0.         0.         0.         0.         0.         0.         0.         0.         0.         0.         0.         0.         0.         0.         0.         0.         0.         0.01023509 0.         0.01039082 0.         0.         0.72524248],[0. 0. 0. 0. 1. 0. 0. 0. 0. 0. 0. 0. 0. 0. 0. 0. 0. 0. 0. 0. 0. 0. 0. 0. 0. 1. 0. 1. 0. 0. 1.],500,100,0.1,0.0025,1,15,best,92,best
195,0.015118640518207233,0.015118640518207233,0.002522222560629368,[0.         0.         0.         0.         0.06652508 0.         0.         0.         0.         0.         0.         0.         0.         0.         0.         0.         0.         0.         0.         0.         0.         0.         0.         0.         0.         0.01023509 0.         0.01039082 0.         0.         0.72524248],[0. 0. 0. 0. 1. 0. 0. 0. 0. 0. 0. 0. 0. 0. 0. 0. 0. 0. 0. 0. 0. 0. 0. 0. 0. 1. 0. 1. 0. 0. 1.],500,100,0.1,0.0025,1,15,best,92,best
196,0.015118640518207233,0.015118640518207233,0.002522222560629368,[0.         0.         0.         0.         0.06652508 0.         0.         0.         0.         0.         0.         0.         0.         0.         0.         0.         0.         0.         0.         0.         0.         0.         0.         0.         0.         0.01023509 0.         0.01039082 0.         0.         0.72524248],[0. 0. 0. 0. 1. 0. 0. 0. 0. 0. 0. 0. 0. 0. 0. 0. 0. 0. 0. 0. 0. 0. 0. 0. 0. 1. 0. 1. 0. 0. 1.],500,100,0.1,0.0025,1,15,best,92,best
197,0.015118640518207233,0.015118640518207233,0.002522222560629368,[0.         0.         0.         0.         0.06652508 0.         0.         0.         0.         0.         0.         0.         0.         0.         0.         0.         0.         0.         0.         0.         0.         0.         0.         0.         0.         0.01023509 0.         0.01039082 0.         0.         0.72524248],[0. 0. 0. 0. 1. 0. 0. 0. 0. 0. 0. 0. 0. 0. 0. 0. 0. 0. 0. 0. 0. 0. 0. 0. 0. 1. 0. 1. 0. 0. 1.],500,100,0.1,0.0025,1,15,best,92,best
198,0.015118640518207233,0.015118640518207233,0.002522222560629368,[0.         0.         0.         0.         0.06652508 0.         0.         0.         0.         0.         0.         0.         0.         0.         0.         0.         0.         0.         0.         0.         0.         0.         0.         0.         0.         0.01023509 0.         0.01039082 0.         0.         0.72524248],[0. 0. 0. 0. 1. 0. 0. 0. 0. 0. 0. 0. 0. 0. 0. 0. 0. 0. 0. 0. 0. 0. 0. 0. 0. 1. 0. 1. 0. 0. 1.],500,100,0.1,0.0025,1,15,best,92,best
199,0.015118640518207233,0.015118640518207233,0.002522222560629368,[0.         0.         0.         0.         0.06652508 0.         0.         0.         0.         0.         0.         0.         0.         0.         0.         0.         0.         0.         0.         0.         0.         0.         0.         0.         0.         0.01023509 0.         0.01039082 0.         0.         0.72524248],[0. 0. 0. 0. 1. 0. 0. 0. 0. 0. 0. 0. 0. 0. 0. 0. 0. 0. 0. 0. 0. 0. 0. 0. 0. 1. 0. 1. 0. 0. 1.],500,100,0.1,0.0025,1,15,best,92,best
200,0.015118640518207233,0.015118640518207233,0.002522222560629368,[0.         0.         0.         0.         0.06652508 0.         0.         0.         0.         0.         0.         0.         0.         0.         0.         0.         0.         0.         0.         0.         0.         0.         0.         0.         0.         0.01023509 0.         0.01039082 0.         0.         0.72524248],[0. 0. 0. 0. 1. 0. 0. 0. 0. 0. 0. 0. 0. 0. 0. 0. 0. 0. 0. 0. 0. 0. 0. 0. 0. 1. 0. 1. 0. 0. 1.],500,100,0.1,0.0025,1,15,best,92,best
201,0.015118640518207233,0.015118640518207233,0.002522222560629368,[0.         0.         0.         0.         0.06652508 0.         0.         0.         0.         0.         0.         0.         0.         0.         0.         0.         0.         0.         0.         0.         0.         0.         0.         0.         0.         0.01023509 0.         0.01039082 0.         0.         0.72524248],[0. 0. 0. 0. 1. 0. 0. 0. 0. 0. 0. 0. 0. 0. 0. 0. 0. 0. 0. 0. 0. 0. 0. 0. 0. 1. 0. 1. 0. 0. 1.],500,100,0.1,0.0025,1,15,best,92,best
202,0.015118640518207233,0.015118640518207233,0.002522222560629368,[0.         0.         0.         0.         0.06652508 0.         0.         0.         0.         0.         0.         0.         0.         0.         0.         0.         0.         0.         0.         0.         0.         0.         0.         0.         0.         0.01023509 0.         0.01039082 0.         0.         0.72524248],[0. 0. 0. 0. 1. 0. 0. 0. 0. 0. 0. 0. 0. 0. 0. 0. 0. 0. 0. 0. 0. 0. 0. 0. 0. 1. 0. 1. 0. 0. 1.],500,100,0.1,0.0025,1,15,best,92,best
203,0.015118640518207233,0.015118640518207233,0.002522222560629368,[0.         0.         0.         0.         0.06652508 0.         0.         0.         0.         0.         0.         0.         0.         0.         0.         0.         0.         0.         0.         0.         0.         0.         0.         0.         0.         0.01023509 0.         0.01039082 0.         0.         0.72524248],[0. 0. 0. 0. 1. 0. 0. 0. 0. 0. 0. 0. 0. 0. 0. 0. 0. 0. 0. 0. 0. 0. 0. 0. 0. 1. 0. 1. 0. 0. 1.],500,100,0.1,0.0025,1,15,best,92,best
204,0.015118640518207233,0.015118640518207233,0.002522222560629368,[0.         0.         0.         0.         0.06652508 0.         0.         0.         0.         0.         0.         0.         0.         0.         0.         0.         0.         0.         0.         0.         0.         0.         0.         0.         0.         0.01023509 0.         0.01039082 0.         0.         0.72524248],[0. 0. 0. 0. 1. 0. 0. 0. 0. 0. 0. 0. 0. 0. 0. 0. 0. 0. 0. 0. 0. 0. 0. 0. 0. 1. 0. 1. 0. 0. 1.],500,100,0.1,0.0025,1,15,best,92,best
205,0.015118640518207233,0.015118640518207233,0.002522222560629368,[0.         0.         0.         0.         0.06652508 0.         0.         0.         0.         0.         0.         0.         0.         0.         0.         0.         0.         0.         0.         0.         0.         0.         0.         0.         0.         0.01023509 0.         0.01039082 0.         0.         0.72524248],[0. 0. 0. 0. 1. 0. 0. 0. 0. 0. 0. 0. 0. 0. 0. 0. 0. 0. 0. 0. 0. 0. 0. 0. 0. 1. 0. 1. 0. 0. 1.],500,100,0.1,0.0025,1,15,best,92,best
206,0.015118640518207233,0.015118640518207233,0.002522222560629368,[0.         0.         0.         0.         0.06652508 0.         0.         0.         0.         0.         0.         0.         0.         0.         0.         0.         0.         0.         0.         0.         0.         0.         0.         0.         0.         0.01023509 0.         0.01039082 0.         0.         0.72524248],[0. 0. 0. 0. 1. 0. 0. 0. 0. 0. 0. 0. 0. 0. 0. 0. 0. 0. 0. 0. 0. 0. 0. 0. 0. 1. 0. 1. 0. 0. 1.],500,100,0.1,0.0025,1,15,best,92,best
207,0.015118640518207233,0.015118640518207233,0.002522222560629368,[0.         0.         0.         0.         0.06652508 0.         0.         0.         0.         0.         0.         0.         0.         0.         0.         0.         0.         0.         0.         0.         0.         0.         0.         0.         0.         0.01023509 0.         0.01039082 0.         0.         0.72524248],[0. 0. 0. 0. 1. 0. 0. 0. 0. 0. 0. 0. 0. 0. 0. 0. 0. 0. 0. 0. 0. 0. 0. 0. 0. 1. 0. 1. 0. 0. 1.],500,100,0.1,0.0025,1,15,best,92,best
208,0.015118640518207233,0.015118640518207233,0.002522222560629368,[0.         0.         0.         0.         0.06652508 0.         0.         0.         0.         0.         0.         0.         0.         0.         0.         0.         0.         0.         0.         0.         0.         0.         0.         0.         0.         0.01023509 0.         0.01039082 0.         0.         0.72524248],[0. 0. 0. 0. 1. 0. 0. 0. 0. 0. 0. 0. 0. 0. 0. 0. 0. 0. 0. 0. 0. 0. 0. 0. 0. 1. 0. 1. 0. 0. 1.],500,100,0.1,0.0025,1,15,best,92,best
209,0.015118640518207233,0.015118640518207233,0.002522222560629368,[0.         0.         0.         0.         0.06652508 0.         0.         0.         0.         0.         0.         0.         0.         0.         0.         0.         0.         0.         0.         0.         0.         0.         0.         0.         0.         0.01023509 0.         0.01039082 0.         0.         0.72524248],[0. 0. 0. 0. 1. 0. 0. 0. 0. 0. 0. 0. 0. 0. 0. 0. 0. 0. 0. 0. 0. 0. 0. 0. 0. 1. 0. 1. 0. 0. 1.],500,100,0.1,0.0025,1,15,best,92,best
210,0.015118640518207233,0.015118640518207233,0.002522222560629368,[0.         0.         0.         0.         0.06652508 0.         0.         0.         0.         0.         0.         0.         0.         0.         0.         0.         0.         0.         0.         0.         0.         0.         0.         0.         0.         0.01023509 0.         0.01039082 0.         0.         0.72524248],[0. 0. 0. 0. 1. 0. 0. 0. 0. 0. 0. 0. 0. 0. 0. 0. 0. 0. 0. 0. 0. 0. 0. 0. 0. 1. 0. 1. 0. 0. 1.],500,100,0.1,0.0025,1,15,best,92,best
211,0.015118640518207233,0.015118640518207233,0.002522222560629368,[0.         0.         0.         0.         0.06652508 0.         0.         0.         0.         0.         0.         0.         0.         0.         0.         0.         0.         0.         0.         0.         0.         0.         0.         0.         0.         0.01023509 0.         0.01039082 0.         0.         0.72524248],[0. 0. 0. 0. 1. 0. 0. 0. 0. 0. 0. 0. 0. 0. 0. 0. 0. 0. 0. 0. 0. 0. 0. 0. 0. 1. 0. 1. 0. 0. 1.],500,100,0.1,0.0025,1,15,best,92,best
212,0.015118640518207233,0.015118640518207233,0.002522222560629368,[0.         0.         0.         0.         0.06652508 0.         0.         0.         0.         0.         0.         0.         0.         0.         0.         0.         0.         0.         0.         0.         0.         0.         0.         0.         0.         0.01023509 0.         0.01039082 0.         0.         0.72524248],[0. 0. 0. 0. 1. 0. 0. 0. 0. 0. 0. 0. 0. 0. 0. 0. 0. 0. 0. 0. 0. 0. 0. 0. 0. 1. 0. 1. 0. 0. 1.],500,100,0.1,0.0025,1,15,best,92,best
213,0.015118640518207233,0.015118640518207233,0.002522222560629368,[0.         0.         0.         0.         0.06652508 0.         0.         0.         0.         0.         0.         0.         0.         0.         0.         0.         0.         0.         0.         0.         0.         0.         0.         0.         0.         0.01023509 0.         0.01039082 0.         0.         0.72524248],[0. 0. 0. 0. 1. 0. 0. 0. 0. 0. 0. 0. 0. 0. 0. 0. 0. 0. 0. 0. 0. 0. 0. 0. 0. 1. 0. 1. 0. 0. 1.],500,100,0.1,0.0025,1,15,best,92,best
214,0.015118640518207233,0.015118640518207233,0.002522222560629368,[0.         0.         0.         0.         0.06652508 0.         0.         0.         0.         0.         0.         0.         0.         0.         0.         0.         0.         0.         0.         0.         0.         0.         0.         0.         0.         0.01023509 0.         0.01039082 0.         0.         0.72524248],[0. 0. 0. 0. 1. 0. 0. 0. 0. 0. 0. 0. 0. 0. 0. 0. 0. 0. 0. 0. 0. 0. 0. 0. 0. 1. 0. 1. 0. 0. 1.],500,100,0.1,0.0025,1,15,best,92,best
215,0.015118640518207233,0.015118640518207233,0.002522222560629368,[0.         0.         0.         0.         0.06652508 0.         0.         0.         0.         0.         0.         0.         0.         0.         0.         0.         0.         0.         0.         0.         0.         0.         0.         0.         0.         0.01023509 0.         0.01039082 0.         0.         0.72524248],[0. 0. 0. 0. 1. 0. 0. 0. 0. 0. 0. 0. 0. 0. 0. 0. 0. 0. 0. 0. 0. 0. 0. 0. 0. 1. 0. 1. 0. 0. 1.],500,100,0.1,0.0025,1,15,best,92,best
216,0.015118640518207233,0.015118640518207233,0.002522222560629368,[0.         0.         0.         0.         0.06652508 0.         0.         0.         0.         0.         0.         0.         0.         0.         0.         0.         0.         0.         0.         0.         0.         0.         0.         0.         0.         0.01023509 0.         0.01039082 0.         0.         0.72524248],[0. 0. 0. 0. 1. 0. 0. 0. 0. 0. 0. 0. 0. 0. 0. 0. 0. 0. 0. 0. 0. 0. 0. 0. 0. 1. 0. 1. 0. 0. 1.],500,100,0.1,0.0025,1,15,best,92,best
217,0.015118640518207233,0.015118640518207233,0.002522222560629368,[0.         0.         0.         0.         0.06652508 0.         0.         0.         0.         0.         0.         0.         0.         0.         0.         0.         0.         0.         0.         0.         0.         0.         0.         0.         0.         0.01023509 0.         0.01039082 0.         0.         0.72524248],[0. 0. 0. 0. 1. 0. 0. 0. 0. 0. 0. 0. 0. 0. 0. 0. 0. 0. 0. 0. 0. 0. 0. 0. 0. 1. 0. 1. 0. 0. 1.],500,100,0.1,0.0025,1,15,best,92,best
218,0.015118640518207233,0.015118640518207233,0.002522222560629368,[0.         0.         0.         0.         0.06652508 0.         0.         0.         0.         0.         0.         0.         0.         0.         0.         0.         0.         0.         0.         0.         0.         0.         0.         0.         0.         0.01023509 0.         0.01039082 0.         0.         0.72524248],[0. 0. 0. 0. 1. 0. 0. 0. 0. 0. 0. 0. 0. 0. 0. 0. 0. 0. 0. 0. 0. 0. 0. 0. 0. 1. 0. 1. 0. 0. 1.],500,100,0.1,0.0025,1,15,best,92,best
219,0.015118640518207233,0.015118640518207233,0.002522222560629368,[0.         0.         0.         0.         0.06652508 0.         0.         0.         0.         0.         0.         0.         0.         0.         0.         0.         0.         0.         0.         0.         0.         0.         0.         0.         0.         0.01023509 0.         0.01039082 0.         0.         0.72524248],[0. 0. 0. 0. 1. 0. 0. 0. 0. 0. 0. 0. 0. 0. 0. 0. 0. 0. 0. 0. 0. 0. 0. 0. 0. 1. 0. 1. 0. 0. 1.],500,100,0.1,0.0025,1,15,best,92,best
220,0.015118640518207233,0.015118640518207233,0.002522222560629368,[0.         0.         0.         0.         0.06652508 0.         0.         0.         0.         0.         0.         0.         0.         0.         0.         0.         0.         0.         0.         0.         0.         0.         0.         0.         0.         0.01023509 0.         0.01039082 0.         0.         0.72524248],[0. 0. 0. 0. 1. 0. 0. 0. 0. 0. 0. 0. 0. 0. 0. 0. 0. 0. 0. 0. 0. 0. 0. 0. 0. 1. 0. 1. 0. 0. 1.],500,100,0.1,0.0025,1,15,best,92,best
221,0.015118640518207233,0.015118640518207233,0.002522222560629368,[0.         0.         0.         0.         0.06652508 0.         0.         0.         0.         0.         0.         0.         0.         0.         0.         0.         0.         0.         0.         0.         0.         0.         0.         0.         0.         0.01023509 0.         0.01039082 0.         0.         0.72524248],[0. 0. 0. 0. 1. 0. 0. 0. 0. 0. 0. 0. 0. 0. 0. 0. 0. 0. 0. 0. 0. 0. 0. 0. 0. 1. 0. 1. 0. 0. 1.],500,100,0.1,0.0025,1,15,best,92,best
222,0.015118640518207233,0.015118640518207233,0.002522222560629368,[0.         0.         0.         0.         0.06652508 0.         0.         0.         0.         0.         0.         0.         0.         0.         0.         0.         0.         0.         0.         0.         0.         0.         0.         0.         0.         0.01023509 0.         0.01039082 0.         0.         0.72524248],[0. 0. 0. 0. 1. 0. 0. 0. 0. 0. 0. 0. 0. 0. 0. 0. 0. 0. 0. 0. 0. 0. 0. 0. 0. 1. 0. 1. 0. 0. 1.],500,100,0.1,0.0025,1,15,best,92,best
223,0.015118640518207233,0.015118640518207233,0.002522222560629368,[0.         0.         0.         0.         0.06652508 0.         0.         0.         0.         0.         0.         0.         0.         0.         0.         0.         0.         0.         0.         0.         0.         0.         0.         0.         0.         0.01023509 0.         0.01039082 0.         0.         0.72524248],[0. 0. 0. 0. 1. 0. 0. 0. 0. 0. 0. 0. 0. 0. 0. 0. 0. 0. 0. 0. 0. 0. 0. 0. 0. 1. 0. 1. 0. 0. 1.],500,100,0.1,0.0025,1,15,best,92,best
224,0.015118640518207233,0.015118640518207233,0.002522222560629368,[0.         0.         0.         0.         0.06652508 0.         0.         0.         0.         0.         0.         0.         0.         0.         0.         0.         0.         0.         0.         0.         0.         0.         0.         0.         0.         0.01023509 0.         0.01039082 0.         0.         0.72524248],[0. 0. 0. 0. 1. 0. 0. 0. 0. 0. 0. 0. 0. 0. 0. 0. 0. 0. 0. 0. 0. 0. 0. 0. 0. 1. 0. 1. 0. 0. 1.],500,100,0.1,0.0025,1,15,best,92,best
225,0.015118640518207233,0.015118640518207233,0.002522222560629368,[0.         0.         0.         0.         0.06652508 0.         0.         0.         0.         0.         0.         0.         0.         0.         0.         0.         0.         0.         0.         0.         0.         0.         0.         0.         0.         0.01023509 0.         0.01039082 0.         0.         0.72524248],[0. 0. 0. 0. 1. 0. 0. 0. 0. 0. 0. 0. 0. 0. 0. 0. 0. 0. 0. 0. 0. 0. 0. 0. 0. 1. 0. 1. 0. 0. 1.],500,100,0.1,0.0025,1,15,best,92,best
226,0.015118640518207233,0.015118640518207233,0.002522222560629368,[0.         0.         0.         0.         0.06652508 0.         0.         0.         0.         0.         0.         0.         0.         0.         0.         0.         0.         0.         0.         0.         0.         0.         0.         0.         0.         0.01023509 0.         0.01039082 0.         0.         0.72524248],[0. 0. 0. 0. 1. 0. 0. 0. 0. 0. 0. 0. 0. 0. 0. 0. 0. 0. 0. 0. 0. 0. 0. 0. 0. 1. 0. 1. 0. 0. 1.],500,100,0.1,0.0025,1,15,best,92,best
227,0.015118640518207233,0.015118640518207233,0.002522222560629368,[0.         0.         0.         0.         0.06652508 0.         0.         0.         0.         0.         0.         0.         0.         0.         0.         0.         0.         0.         0.         0.         0.         0.         0.         0.         0.         0.01023509 0.         0.01039082 0.         0.         0.72524248],[0. 0. 0. 0. 1. 0. 0. 0. 0. 0. 0. 0. 0. 0. 0. 0. 0. 0. 0. 0. 0. 0. 0. 0. 0. 1. 0. 1. 0. 0. 1.],500,100,0.1,0.0025,1,15,best,92,best
228,0.015118640518207233,0.015118640518207233,0.002522222560629368,[0.         0.         0.         0.         0.06652508 0.         0.         0.         0.         0.         0.         0.         0.         0.         0.         0.         0.         0.         0.         0.         0.         0.         0.         0.         0.         0.01023509 0.         0.01039082 0.         0.         0.72524248],[0. 0. 0. 0. 1. 0. 0. 0. 0. 0. 0. 0. 0. 0. 0. 0. 0. 0. 0. 0. 0. 0. 0. 0. 0. 1. 0. 1. 0. 0. 1.],500,100,0.1,0.0025,1,15,best,92,best
229,0.015118640518207233,0.015118640518207233,0.002522222560629368,[0.         0.         0.         0.         0.06652508 0.         0.         0.         0.         0.         0.         0.         0.         0.         0.         0.         0.         0.         0.         0.         0.         0.         0.         0.         0.         0.01023509 0.         0.01039082 0.         0.         0.72524248],[0. 0. 0. 0. 1. 0. 0. 0. 0. 0. 0. 0. 0. 0. 0. 0. 0. 0. 0. 0. 0. 0. 0. 0. 0. 1. 0. 1. 0. 0. 1.],500,100,0.1,0.0025,1,15,best,92,best
230,0.015118640518207233,0.015118640518207233,0.002522222560629368,[0.         0.         0.         0.         0.06652508 0.         0.         0.         0.         0.         0.         0.         0.         0.         0.         0.         0.         0.         0.         0.         0.         0.         0.         0.         0.         0.01023509 0.         0.01039082 0.         0.         0.72524248],[0. 0. 0. 0. 1. 0. 0. 0. 0. 0. 0. 0. 0. 0. 0. 0. 0. 0. 0. 0. 0. 0. 0. 0. 0. 1. 0. 1. 0. 0. 1.],500,100,0.1,0.0025,1,15,best,92,best
231,0.015118640518207233,0.015118640518207233,0.002522222560629368,[0.         0.         0.         0.         0.06652508 0.         0.         0.         0.         0.         0.         0.         0.         0.         0.         0.         0.         0.         0.         0.         0.         0.         0.         0.         0.         0.01023509 0.         0.01039082 0.         0.         0.72524248],[0. 0. 0. 0. 1. 0. 0. 0. 0. 0. 0. 0. 0. 0. 0. 0. 0. 0. 0. 0. 0. 0. 0. 0. 0. 1. 0. 1. 0. 0. 1.],500,100,0.1,0.0025,1,15,best,92,best
232,0.015118640518207233,0.015118640518207233,0.002522222560629368,[0.         0.         0.         0.         0.06652508 0.         0.         0.         0.         0.         0.         0.         0.         0.         0.         0.         0.         0.         0.         0.         0.         0.         0.         0.         0.         0.01023509 0.         0.01039082 0.         0.         0.72524248],[0. 0. 0. 0. 1. 0. 0. 0. 0. 0. 0. 0. 0. 0. 0. 0. 0. 0. 0. 0. 0. 0. 0. 0. 0. 1. 0. 1. 0. 0. 1.],500,100,0.1,0.0025,1,15,best,92,best
233,0.015118640518207233,0.015118640518207233,0.002522222560629368,[0.         0.         0.         0.         0.06652508 0.         0.         0.         0.         0.         0.         0.         0.         0.         0.         0.         0.         0.         0.         0.         0.         0.         0.         0.         0.         0.01023509 0.         0.01039082 0.         0.         0.72524248],[0. 0. 0. 0. 1. 0. 0. 0. 0. 0. 0. 0. 0. 0. 0. 0. 0. 0. 0. 0. 0. 0. 0. 0. 0. 1. 0. 1. 0. 0. 1.],500,100,0.1,0.0025,1,15,best,92,best
234,0.015118640518207233,0.015118640518207233,0.002522222560629368,[0.         0.         0.         0.         0.06652508 0.         0.         0.         0.         0.         0.         0.         0.         0.         0.         0.         0.         0.         0.         0.         0.         0.         0.         0.         0.         0.01023509 0.         0.01039082 0.         0.         0.72524248],[0. 0. 0. 0. 1. 0. 0. 0. 0. 0. 0. 0. 0. 0. 0. 0. 0. 0. 0. 0. 0. 0. 0. 0. 0. 1. 0. 1. 0. 0. 1.],500,100,0.1,0.0025,1,15,best,92,best
235,0.015118640518207233,0.015118640518207233,0.002522222560629368,[0.         0.         0.         0.         0.06652508 0.         0.         0.         0.         0.         0.         0.         0.         0.         0.         0.         0.         0.         0.         0.         0.         0.         0.         0.         0.         0.01023509 0.         0.01039082 0.         0.         0.72524248],[0. 0. 0. 0. 1. 0. 0. 0. 0. 0. 0. 0. 0. 0. 0. 0. 0. 0. 0. 0. 0. 0. 0. 0. 0. 1. 0. 1. 0. 0. 1.],500,100,0.1,0.0025,1,15,best,92,best
236,0.015118640518207233,0.015118640518207233,0.002522222560629368,[0.         0.         0.         0.         0.06652508 0.         0.         0.         0.         0.         0.         0.         0.         0.         0.         0.         0.         0.         0.         0.         0.         0.         0.         0.         0.         0.01023509 0.         0.01039082 0.         0.         0.72524248],[0. 0. 0. 0. 1. 0. 0. 0. 0. 0. 0. 0. 0. 0. 0. 0. 0. 0. 0. 0. 0. 0. 0. 0. 0. 1. 0. 1. 0. 0. 1.],500,100,0.1,0.0025,1,15,best,92,best
237,0.015118640518207233,0.015118640518207233,0.002522222560629368,[0.         0.         0.         0.         0.06652508 0.         0.         0.         0.         0.         0.         0.         0.         0.         0.         0.         0.         0.         0.         0.         0.         0.         0.         0.         0.         0.01023509 0.         0.01039082 0.         0.         0.72524248],[0. 0. 0. 0. 1. 0. 0. 0. 0. 0. 0. 0. 0. 0. 0. 0. 0. 0. 0. 0. 0. 0. 0. 0. 0. 1. 0. 1. 0. 0. 1.],500,100,0.1,0.0025,1,15,best,92,best
238,0.015118640518207233,0.015118640518207233,0.002522222560629368,[0.         0.         0.         0.         0.06652508 0.         0.         0.         0.         0.         0.         0.         0.         0.         0.         0.         0.         0.         0.         0.         0.         0.         0.         0.         0.         0.01023509 0.         0.01039082 0.         0.         0.72524248],[0. 0. 0. 0. 1. 0. 0. 0. 0. 0. 0. 0. 0. 0. 0. 0. 0. 0. 0. 0. 0. 0. 0. 0. 0. 1. 0. 1. 0. 0. 1.],500,100,0.1,0.0025,1,15,best,92,best
239,0.015118640518207233,0.015118640518207233,0.002522222560629368,[0.         0.         0.         0.         0.06652508 0.         0.         0.         0.         0.         0.         0.         0.         0.         0.         0.         0.         0.         0.         0.         0.         0.         0.         0.         0.         0.01023509 0.         0.01039082 0.         0.         0.72524248],[0. 0. 0. 0. 1. 0. 0. 0. 0. 0. 0. 0. 0. 0. 0. 0. 0. 0. 0. 0. 0. 0. 0. 0. 0. 1. 0. 1. 0. 0. 1.],500,100,0.1,0.0025,1,15,best,92,best
240,0.015118640518207233,0.015118640518207233,0.002522222560629368,[0.         0.         0.         0.         0.06652508 0.         0.         0.         0.         0.         0.         0.         0.         0.         0.         0.         0.         0.         0.         0.         0.         0.         0.         0.         0.         0.01023509 0.         0.01039082 0.         0.         0.72524248],[0. 0. 0. 0. 1. 0. 0. 0. 0. 0. 0. 0. 0. 0. 0. 0. 0. 0. 0. 0. 0. 0. 0. 0. 0. 1. 0. 1. 0. 0. 1.],500,100,0.1,0.0025,1,15,best,92,best
241,0.015118640518207233,0.015118640518207233,0.002522222560629368,[0.         0.         0.         0.         0.06652508 0.         0.         0.         0.         0.         0.         0.         0.         0.         0.         0.         0.         0.         0.         0.         0.         0.         0.         0.         0.         0.01023509 0.         0.01039082 0.         0.         0.72524248],[0. 0. 0. 0. 1. 0. 0. 0. 0. 0. 0. 0. 0. 0. 0. 0. 0. 0. 0. 0. 0. 0. 0. 0. 0. 1. 0. 1. 0. 0. 1.],500,100,0.1,0.0025,1,15,best,92,best
242,0.015118640518207233,0.015118640518207233,0.002522222560629368,[0.         0.         0.         0.         0.06652508 0.         0.         0.         0.         0.         0.         0.         0.         0.         0.         0.         0.         0.         0.         0.         0.         0.         0.         0.         0.         0.01023509 0.         0.01039082 0.         0.         0.72524248],[0. 0. 0. 0. 1. 0. 0. 0. 0. 0. 0. 0. 0. 0. 0. 0. 0. 0. 0. 0. 0. 0. 0. 0. 0. 1. 0. 1. 0. 0. 1.],500,100,0.1,0.0025,1,15,best,92,best
243,0.015118640518207233,0.015118640518207233,0.002522222560629368,[0.         0.         0.         0.         0.06652508 0.         0.         0.         0.         0.         0.         0.         0.         0.         0.         0.         0.         0.         0.         0.         0.         0.         0.         0.         0.         0.01023509 0.         0.01039082 0.         0.         0.72524248],[0. 0. 0. 0. 1. 0. 0. 0. 0. 0. 0. 0. 0. 0. 0. 0. 0. 0. 0. 0. 0. 0. 0. 0. 0. 1. 0. 1. 0. 0. 1.],500,100,0.1,0.0025,1,15,best,92,best
244,0.015118640518207233,0.015118640518207233,0.002522222560629368,[0.         0.         0.         0.         0.06652508 0.         0.         0.         0.         0.         0.         0.         0.         0.         0.         0.         0.         0.         0.         0.         0.         0.         0.         0.         0.         0.01023509 0.         0.01039082 0.         0.         0.72524248],[0. 0. 0. 0. 1. 0. 0. 0. 0. 0. 0. 0. 0. 0. 0. 0. 0. 0. 0. 0. 0. 0. 0. 0. 0. 1. 0. 1. 0. 0. 1.],500,100,0.1,0.0025,1,15,best,92,best
245,0.015118640518207233,0.015118640518207233,0.002522222560629368,[0.         0.         0.         0.         0.06652508 0.         0.         0.         0.         0.         0.         0.         0.         0.         0.         0.         0.         0.         0.         0.         0.         0.         0.         0.         0.         0.01023509 0.         0.01039082 0.         0.         0.72524248],[0. 0. 0. 0. 1. 0. 0. 0. 0. 0. 0. 0. 0. 0. 0. 0. 0. 0. 0. 0. 0. 0. 0. 0. 0. 1. 0. 1. 0. 0. 1.],500,100,0.1,0.0025,1,15,best,92,best
246,0.015118640518207233,0.015118640518207233,0.002522222560629368,[0.         0.         0.         0.         0.06652508 0.         0.         0.         0.         0.         0.         0.         0.         0.         0.         0.         0.         0.         0.         0.         0.         0.         0.         0.         0.         0.01023509 0.         0.01039082 0.         0.         0.72524248],[0. 0. 0. 0. 1. 0. 0. 0. 0. 0. 0. 0. 0. 0. 0. 0. 0. 0. 0. 0. 0. 0. 0. 0. 0. 1. 0. 1. 0. 0. 1.],500,100,0.1,0.0025,1,15,best,92,best
247,0.015118640518207233,0.015118640518207233,0.002522222560629368,[0.         0.         0.         0.         0.06652508 0.         0.         0.         0.         0.         0.         0.         0.         0.         0.         0.         0.         0.         0.         0.         0.         0.         0.         0.         0.         0.01023509 0.         0.01039082 0.         0.         0.72524248],[0. 0. 0. 0. 1. 0. 0. 0. 0. 0. 0. 0. 0. 0. 0. 0. 0. 0. 0. 0. 0. 0. 0. 0. 0. 1. 0. 1. 0. 0. 1.],500,100,0.1,0.0025,1,15,best,92,best
248,0.015118640518207233,0.015118640518207233,0.002522222560629368,[0.         0.         0.         0.         0.06652508 0.         0.         0.         0.         0.         0.         0.         0.         0.         0.         0.         0.         0.         0.         0.         0.         0.         0.         0.         0.         0.01023509 0.         0.01039082 0.         0.         0.72524248],[0. 0. 0. 0. 1. 0. 0. 0. 0. 0. 0. 0. 0. 0. 0. 0. 0. 0. 0. 0. 0. 0. 0. 0. 0. 1. 0. 1. 0. 0. 1.],500,100,0.1,0.0025,1,15,best,92,best
249,0.015118640518207233,0.015118640518207233,0.002522222560629368,[0.         0.         0.         0.         0.06652508 0.         0.         0.         0.         0.         0.         0.         0.         0.         0.         0.         0.         0.         0.         0.         0.         0.         0.         0.         0.         0.01023509 0.         0.01039082 0.         0.         0.72524248],[0. 0. 0. 0. 1. 0. 0. 0. 0. 0. 0. 0. 0. 0. 0. 0. 0. 0. 0. 0. 0. 0. 0. 0. 0. 1. 0. 1. 0. 0. 1.],500,100,0.1,0.0025,1,15,best,92,best
250,0.015118640518207233,0.015118640518207233,0.002522222560629368,[0.         0.         0.         0.         0.06652508 0.         0.         0.         0.         0.         0.         0.         0.         0.         0.         0.         0.         0.         0.         0.         0.         0.         0.         0.         0.         0.01023509 0.         0.01039082 0.         0.         0.72524248],[0. 0. 0. 0. 1. 0. 0. 0. 0. 0. 0. 0. 0. 0. 0. 0. 0. 0. 0. 0. 0. 0. 0. 0. 0. 1. 0. 1. 0. 0. 1.],500,100,0.1,0.0025,1,15,best,92,best
251,0.015118640518207233,0.015118640518207233,0.002522222560629368,[0.         0.         0.         0.         0.06652508 0.         0.         0.         0.         0.         0.         0.         0.         0.         0.         0.         0.         0.         0.         0.         0.         0.         0.         0.         0.         0.01023509 0.         0.01039082 0.         0.         0.72524248],[0. 0. 0. 0. 1. 0. 0. 0. 0. 0. 0. 0. 0. 0. 0. 0. 0. 0. 0. 0. 0. 0. 0. 0. 0. 1. 0. 1. 0. 0. 1.],500,100,0.1,0.0025,1,15,best,92,best
252,0.015118640518207233,0.015118640518207233,0.002522222560629368,[0.         0.         0.         0.         0.06652508 0.         0.         0.         0.         0.         0.         0.         0.         0.         0.         0.         0.         0.         0.         0.         0.         0.         0.         0.         0.         0.01023509 0.         0.01039082 0.         0.         0.72524248],[0. 0. 0. 0. 1. 0. 0. 0. 0. 0. 0. 0. 0. 0. 0. 0. 0. 0. 0. 0. 0. 0. 0. 0. 0. 1. 0. 1. 0. 0. 1.],500,100,0.1,0.0025,1,15,best,92,best
253,0.015118640518207233,0.015118640518207233,0.002522222560629368,[0.         0.         0.         0.         0.06652508 0.         0.         0.         0.         0.         0.         0.         0.         0.         0.         0.         0.         0.         0.         0.         0.         0.         0.         0.         0.         0.01023509 0.         0.01039082 0.         0.         0.72524248],[0. 0. 0. 0. 1. 0. 0. 0. 0. 0. 0. 0. 0. 0. 0. 0. 0. 0. 0. 0. 0. 0. 0. 0. 0. 1. 0. 1. 0. 0. 1.],500,100,0.1,0.0025,1,15,best,92,best
254,0.015118640518207233,0.015118640518207233,0.002522222560629368,[0.         0.         0.         0.         0.06652508 0.         0.         0.         0.         0.         0.         0.         0.         0.         0.         0.         0.         0.         0.         0.         0.         0.         0.         0.         0.         0.01023509 0.         0.01039082 0.         0.         0.72524248],[0. 0. 0. 0. 1. 0. 0. 0. 0. 0. 0. 0. 0. 0. 0. 0. 0. 0. 0. 0. 0. 0. 0. 0. 0. 1. 0. 1. 0. 0. 1.],500,100,0.1,0.0025,1,15,best,92,best
255,0.015118640518207233,0.015118640518207233,0.002522222560629368,[0.         0.         0.         0.         0.06652508 0.         0.         0.         0.         0.         0.         0.         0.         0.         0.         0.         0.         0.         0.         0.         0.         0.         0.         0.         0.         0.01023509 0.         0.01039082 0.         0.         0.72524248],[0. 0. 0. 0. 1. 0. 0. 0. 0. 0. 0. 0. 0. 0. 0. 0. 0. 0. 0. 0. 0. 0. 0. 0. 0. 1. 0. 1. 0. 0. 1.],500,100,0.1,0.0025,1,15,best,92,best
256,0.015118640518207233,0.015118640518207233,0.002522222560629368,[0.         0.         0.         0.         0.06652508 0.         0.         0.         0.         0.         0.         0.         0.         0.         0.         0.         0.         0.         0.         0.         0.         0.         0.         0.         0.         0.01023509 0.         0.01039082 0.         0.         0.72524248],[0. 0. 0. 0. 1. 0. 0. 0. 0. 0. 0. 0. 0. 0. 0. 0. 0. 0. 0. 0. 0. 0. 0. 0. 0. 1. 0. 1. 0. 0. 1.],500,100,0.1,0.0025,1,15,best,92,best
257,0.015118640518207233,0.015118640518207233,0.002522222560629368,[0.         0.         0.         0.         0.06652508 0.         0.         0.         0.         0.         0.         0.         0.         0.         0.         0.         0.         0.         0.         0.         0.         0.         0.         0.         0.         0.01023509 0.         0.01039082 0.         0.         0.72524248],[0. 0. 0. 0. 1. 0. 0. 0. 0. 0. 0. 0. 0. 0. 0. 0. 0. 0. 0. 0. 0. 0. 0. 0. 0. 1. 0. 1. 0. 0. 1.],500,100,0.1,0.0025,1,15,best,92,best
258,0.015118640518207233,0.015118640518207233,0.002522222560629368,[0.         0.         0.         0.         0.06652508 0.         0.         0.         0.         0.         0.         0.         0.         0.         0.         0.         0.         0.         0.         0.         0.         0.         0.         0.         0.         0.01023509 0.         0.01039082 0.         0.         0.72524248],[0. 0. 0. 0. 1. 0. 0. 0. 0. 0. 0. 0. 0. 0. 0. 0. 0. 0. 0. 0. 0. 0. 0. 0. 0. 1. 0. 1. 0. 0. 1.],500,100,0.1,0.0025,1,15,best,92,best
259,0.015118640518207233,0.015118640518207233,0.002522222560629368,[0.         0.         0.         0.         0.06652508 0.         0.         0.         0.         0.         0.         0.         0.         0.         0.         0.         0.         0.         0.         0.         0.         0.         0.         0.         0.         0.01023509 0.         0.01039082 0.         0.         0.72524248],[0. 0. 0. 0. 1. 0. 0. 0. 0. 0. 0. 0. 0. 0. 0. 0. 0. 0. 0. 0. 0. 0. 0. 0. 0. 1. 0. 1. 0. 0. 1.],500,100,0.1,0.0025,1,15,best,92,best
260,0.015118640518207233,0.015118640518207233,0.002522222560629368,[0.         0.         0.         0.         0.06652508 0.         0.         0.         0.         0.         0.         0.         0.         0.         0.         0.         0.         0.         0.         0.         0.         0.         0.         0.         0.         0.01023509 0.         0.01039082 0.         0.         0.72524248],[0. 0. 0. 0. 1. 0. 0. 0. 0. 0. 0. 0. 0. 0. 0. 0. 0. 0. 0. 0. 0. 0. 0. 0. 0. 1. 0. 1. 0. 0. 1.],500,100,0.1,0.0025,1,15,best,92,best
261,0.015118640518207233,0.015118640518207233,0.002522222560629368,[0.         0.         0.         0.         0.06652508 0.         0.         0.         0.         0.         0.         0.         0.         0.         0.         0.         0.         0.         0.         0.         0.         0.         0.         0.         0.         0.01023509 0.         0.01039082 0.         0.         0.72524248],[0. 0. 0. 0. 1. 0. 0. 0. 0. 0. 0. 0. 0. 0. 0. 0. 0. 0. 0. 0. 0. 0. 0. 0. 0. 1. 0. 1. 0. 0. 1.],500,100,0.1,0.0025,1,15,best,92,best
262,0.015118640518207233,0.015118640518207233,0.002522222560629368,[0.         0.         0.         0.         0.06652508 0.         0.         0.         0.         0.         0.         0.         0.         0.         0.         0.         0.         0.         0.         0.         0.         0.         0.         0.         0.         0.01023509 0.         0.01039082 0.         0.         0.72524248],[0. 0. 0. 0. 1. 0. 0. 0. 0. 0. 0. 0. 0. 0. 0. 0. 0. 0. 0. 0. 0. 0. 0. 0. 0. 1. 0. 1. 0. 0. 1.],500,100,0.1,0.0025,1,15,best,92,best
263,0.015118640518207233,0.015118640518207233,0.002522222560629368,[0.         0.         0.         0.         0.06652508 0.         0.         0.         0.         0.         0.         0.         0.         0.         0.         0.         0.         0.         0.         0.         0.         0.         0.         0.         0.         0.01023509 0.         0.01039082 0.         0.         0.72524248],[0. 0. 0. 0. 1. 0. 0. 0. 0. 0. 0. 0. 0. 0. 0. 0. 0. 0. 0. 0. 0. 0. 0. 0. 0. 1. 0. 1. 0. 0. 1.],500,100,0.1,0.0025,1,15,best,92,best
264,0.015118640518207233,0.015118640518207233,0.002522222560629368,[0.         0.         0.         0.         0.06652508 0.         0.         0.         0.         0.         0.         0.         0.         0.         0.         0.         0.         0.         0.         0.         0.         0.         0.         0.         0.         0.01023509 0.         0.01039082 0.         0.         0.72524248],[0. 0. 0. 0. 1. 0. 0. 0. 0. 0. 0. 0. 0. 0. 0. 0. 0. 0. 0. 0. 0. 0. 0. 0. 0. 1. 0. 1. 0. 0. 1.],500,100,0.1,0.0025,1,15,best,92,best
265,0.015118640518207233,0.015118640518207233,0.002522222560629368,[0.         0.         0.         0.         0.06652508 0.         0.         0.         0.         0.         0.         0.         0.         0.         0.         0.         0.         0.         0.         0.         0.         0.         0.         0.         0.         0.01023509 0.         0.01039082 0.         0.         0.72524248],[0. 0. 0. 0. 1. 0. 0. 0. 0. 0. 0. 0. 0. 0. 0. 0. 0. 0. 0. 0. 0. 0. 0. 0. 0. 1. 0. 1. 0. 0. 1.],500,100,0.1,0.0025,1,15,best,92,best
266,0.015118640518207233,0.015118640518207233,0.002522222560629368,[0.         0.         0.         0.         0.06652508 0.         0.         0.         0.         0.         0.         0.         0.         0.         0.         0.         0.         0.         0.         0.         0.         0.         0.         0.         0.         0.01023509 0.         0.01039082 0.         0.         0.72524248],[0. 0. 0. 0. 1. 0. 0. 0. 0. 0. 0. 0. 0. 0. 0. 0. 0. 0. 0. 0. 0. 0. 0. 0. 0. 1. 0. 1. 0. 0. 1.],500,100,0.1,0.0025,1,15,best,92,best
267,0.015118640518207233,0.015118640518207233,0.002522222560629368,[0.         0.         0.         0.         0.06652508 0.         0.         0.         0.         0.         0.         0.         0.         0.         0.         0.         0.         0.         0.         0.         0.         0.         0.         0.         0.         0.01023509 0.         0.01039082 0.         0.         0.72524248],[0. 0. 0. 0. 1. 0. 0. 0. 0. 0. 0. 0. 0. 0. 0. 0. 0. 0. 0. 0. 0. 0. 0. 0. 0. 1. 0. 1. 0. 0. 1.],500,100,0.1,0.0025,1,15,best,92,best
268,0.015118640518207233,0.015118640518207233,0.002522222560629368,[0.         0.         0.         0.         0.06652508 0.         0.         0.         0.         0.         0.         0.         0.         0.         0.         0.         0.         0.         0.         0.         0.         0.         0.         0.         0.         0.01023509 0.         0.01039082 0.         0.         0.72524248],[0. 0. 0. 0. 1. 0. 0. 0. 0. 0. 0. 0. 0. 0. 0. 0. 0. 0. 0. 0. 0. 0. 0. 0. 0. 1. 0. 1. 0. 0. 1.],500,100,0.1,0.0025,1,15,best,92,best
269,0.015118640518207233,0.015118640518207233,0.002522222560629368,[0.         0.         0.         0.         0.06652508 0.         0.         0.         0.         0.         0.         0.         0.         0.         0.         0.         0.         0.         0.         0.         0.         0.         0.         0.         0.         0.01023509 0.         0.01039082 0.         0.         0.72524248],[0. 0. 0. 0. 1. 0. 0. 0. 0. 0. 0. 0. 0. 0. 0. 0. 0. 0. 0. 0. 0. 0. 0. 0. 0. 1. 0. 1. 0. 0. 1.],500,100,0.1,0.0025,1,15,best,92,best
270,0.015118640518207233,0.015118640518207233,0.002522222560629368,[0.         0.         0.         0.         0.06652508 0.         0.         0.         0.         0.         0.         0.         0.         0.         0.         0.         0.         0.         0.         0.         0.         0.         0.         0.         0.         0.01023509 0.         0.01039082 0.         0.         0.72524248],[0. 0. 0. 0. 1. 0. 0. 0. 0. 0. 0. 0. 0. 0. 0. 0. 0. 0. 0. 0. 0. 0. 0. 0. 0. 1. 0. 1. 0. 0. 1.],500,100,0.1,0.0025,1,15,best,92,best
271,0.015118640518207233,0.015118640518207233,0.002522222560629368,[0.         0.         0.         0.         0.06652508 0.         0.         0.         0.         0.         0.         0.         0.         0.         0.         0.         0.         0.         0.         0.         0.         0.         0.         0.         0.         0.01023509 0.         0.01039082 0.         0.         0.72524248],[0. 0. 0. 0. 1. 0. 0. 0. 0. 0. 0. 0. 0. 0. 0. 0. 0. 0. 0. 0. 0. 0. 0. 0. 0. 1. 0. 1. 0. 0. 1.],500,100,0.1,0.0025,1,15,best,92,best
272,0.015118640518207233,0.015118640518207233,0.002522222560629368,[0.         0.         0.         0.         0.06652508 0.         0.         0.         0.         0.         0.         0.         0.         0.         0.         0.         0.         0.         0.         0.         0.         0.         0.         0.         0.         0.01023509 0.         0.01039082 0.         0.         0.72524248],[0. 0. 0. 0. 1. 0. 0. 0. 0. 0. 0. 0. 0. 0. 0. 0. 0. 0. 0. 0. 0. 0. 0. 0. 0. 1. 0. 1. 0. 0. 1.],500,100,0.1,0.0025,1,15,best,92,best
273,0.015118640518207233,0.015118640518207233,0.002522222560629368,[0.         0.         0.         0.         0.06652508 0.         0.         0.         0.         0.         0.         0.         0.         0.         0.         0.         0.         0.         0.         0.         0.         0.         0.         0.         0.         0.01023509 0.         0.01039082 0.         0.         0.72524248],[0. 0. 0. 0. 1. 0. 0. 0. 0. 0. 0. 0. 0. 0. 0. 0. 0. 0. 0. 0. 0. 0. 0. 0. 0. 1. 0. 1. 0. 0. 1.],500,100,0.1,0.0025,1,15,best,92,best
274,0.015118640518207233,0.015118640518207233,0.002522222560629368,[0.         0.         0.         0.         0.06652508 0.         0.         0.         0.         0.         0.         0.         0.         0.         0.         0.         0.         0.         0.         0.         0.         0.         0.         0.         0.         0.01023509 0.         0.01039082 0.         0.         0.72524248],[0. 0. 0. 0. 1. 0. 0. 0. 0. 0. 0. 0. 0. 0. 0. 0. 0. 0. 0. 0. 0. 0. 0. 0. 0. 1. 0. 1. 0. 0. 1.],500,100,0.1,0.0025,1,15,best,92,best
275,0.015118640518207233,0.015118640518207233,0.002522222560629368,[0.         0.         0.         0.         0.06652508 0.         0.         0.         0.         0.         0.         0.         0.         0.         0.         0.         0.         0.         0.         0.         0.         0.         0.         0.         0.         0.01023509 0.         0.01039082 0.         0.         0.72524248],[0. 0. 0. 0. 1. 0. 0. 0. 0. 0. 0. 0. 0. 0. 0. 0. 0. 0. 0. 0. 0. 0. 0. 0. 0. 1. 0. 1. 0. 0. 1.],500,100,0.1,0.0025,1,15,best,92,best
276,0.015118640518207233,0.015118640518207233,0.002522222560629368,[0.         0.         0.         0.         0.06652508 0.         0.         0.         0.         0.         0.         0.         0.         0.         0.         0.         0.         0.         0.         0.         0.         0.         0.         0.         0.         0.01023509 0.         0.01039082 0.         0.         0.72524248],[0. 0. 0. 0. 1. 0. 0. 0. 0. 0. 0. 0. 0. 0. 0. 0. 0. 0. 0. 0. 0. 0. 0. 0. 0. 1. 0. 1. 0. 0. 1.],500,100,0.1,0.0025,1,15,best,92,best
277,0.015118640518207233,0.015118640518207233,0.002522222560629368,[0.         0.         0.         0.         0.06652508 0.         0.         0.         0.         0.         0.         0.         0.         0.         0.         0.         0.         0.         0.         0.         0.         0.         0.         0.         0.         0.01023509 0.         0.01039082 0.         0.         0.72524248],[0. 0. 0. 0. 1. 0. 0. 0. 0. 0. 0. 0. 0. 0. 0. 0. 0. 0. 0. 0. 0. 0. 0. 0. 0. 1. 0. 1. 0. 0. 1.],500,100,0.1,0.0025,1,15,best,92,best
278,0.015118640518207233,0.015118640518207233,0.002522222560629368,[0.         0.         0.         0.         0.06652508 0.         0.         0.         0.         0.         0.         0.         0.         0.         0.         0.         0.         0.         0.         0.         0.         0.         0.         0.         0.         0.01023509 0.         0.01039082 0.         0.         0.72524248],[0. 0. 0. 0. 1. 0. 0. 0. 0. 0. 0. 0. 0. 0. 0. 0. 0. 0. 0. 0. 0. 0. 0. 0. 0. 1. 0. 1. 0. 0. 1.],500,100,0.1,0.0025,1,15,best,92,best
279,0.015118640518207233,0.015118640518207233,0.002522222560629368,[0.         0.         0.         0.         0.06652508 0.         0.         0.         0.         0.         0.         0.         0.         0.         0.         0.         0.         0.         0.         0.         0.         0.         0.         0.         0.         0.01023509 0.         0.01039082 0.         0.         0.72524248],[0. 0. 0. 0. 1. 0. 0. 0. 0. 0. 0. 0. 0. 0. 0. 0. 0. 0. 0. 0. 0. 0. 0. 0. 0. 1. 0. 1. 0. 0. 1.],500,100,0.1,0.0025,1,15,best,92,best
280,0.015118640518207233,0.015118640518207233,0.002522222560629368,[0.         0.         0.         0.         0.06652508 0.         0.         0.         0.         0.         0.         0.         0.         0.         0.         0.         0.         0.         0.         0.         0.         0.         0.         0.         0.         0.01023509 0.         0.01039082 0.         0.         0.72524248],[0. 0. 0. 0. 1. 0. 0. 0. 0. 0. 0. 0. 0. 0. 0. 0. 0. 0. 0. 0. 0. 0. 0. 0. 0. 1. 0. 1. 0. 0. 1.],500,100,0.1,0.0025,1,15,best,92,best
281,0.015118640518207233,0.015118640518207233,0.002522222560629368,[0.         0.         0.         0.         0.06652508 0.         0.         0.         0.         0.         0.         0.         0.         0.         0.         0.         0.         0.         0.         0.         0.         0.         0.         0.         0.         0.01023509 0.         0.01039082 0.         0.         0.72524248],[0. 0. 0. 0. 1. 0. 0. 0. 0. 0. 0. 0. 0. 0. 0. 0. 0. 0. 0. 0. 0. 0. 0. 0. 0. 1. 0. 1. 0. 0. 1.],500,100,0.1,0.0025,1,15,best,92,best
282,0.015118640518207233,0.015118640518207233,0.002522222560629368,[0.         0.         0.         0.         0.06652508 0.         0.         0.         0.         0.         0.         0.         0.         0.         0.         0.         0.         0.         0.         0.         0.         0.         0.         0.         0.         0.01023509 0.         0.01039082 0.         0.         0.72524248],[0. 0. 0. 0. 1. 0. 0. 0. 0. 0. 0. 0. 0. 0. 0. 0. 0. 0. 0. 0. 0. 0. 0. 0. 0. 1. 0. 1. 0. 0. 1.],500,100,0.1,0.0025,1,15,best,92,best
283,0.015118640518207233,0.015118640518207233,0.002522222560629368,[0.         0.         0.         0.         0.06652508 0.         0.         0.         0.         0.         0.         0.         0.         0.         0.         0.         0.         0.         0.         0.         0.         0.         0.         0.         0.         0.01023509 0.         0.01039082 0.         0.         0.72524248],[0. 0. 0. 0. 1. 0. 0. 0. 0. 0. 0. 0. 0. 0. 0. 0. 0. 0. 0. 0. 0. 0. 0. 0. 0. 1. 0. 1. 0. 0. 1.],500,100,0.1,0.0025,1,15,best,92,best
284,0.015118640518207233,0.015118640518207233,0.002522222560629368,[0.         0.         0.         0.         0.06652508 0.         0.         0.         0.         0.         0.         0.         0.         0.         0.         0.         0.         0.         0.         0.         0.         0.         0.         0.         0.         0.01023509 0.         0.01039082 0.         0.         0.72524248],[0. 0. 0. 0. 1. 0. 0. 0. 0. 0. 0. 0. 0. 0. 0. 0. 0. 0. 0. 0. 0. 0. 0. 0. 0. 1. 0. 1. 0. 0. 1.],500,100,0.1,0.0025,1,15,best,92,best
285,0.015118640518207233,0.015118640518207233,0.002522222560629368,[0.         0.         0.         0.         0.06652508 0.         0.         0.         0.         0.         0.         0.         0.         0.         0.         0.         0.         0.         0.         0.         0.         0.         0.         0.         0.         0.01023509 0.         0.01039082 0.         0.         0.72524248],[0. 0. 0. 0. 1. 0. 0. 0. 0. 0. 0. 0. 0. 0. 0. 0. 0. 0. 0. 0. 0. 0. 0. 0. 0. 1. 0. 1. 0. 0. 1.],500,100,0.1,0.0025,1,15,best,92,best
286,0.015118640518207233,0.015118640518207233,0.002522222560629368,[0.         0.         0.         0.         0.06652508 0.         0.         0.         0.         0.         0.         0.         0.         0.         0.         0.         0.         0.         0.         0.         0.         0.         0.         0.         0.         0.01023509 0.         0.01039082 0.         0.         0.72524248],[0. 0. 0. 0. 1. 0. 0. 0. 0. 0. 0. 0. 0. 0. 0. 0. 0. 0. 0. 0. 0. 0. 0. 0. 0. 1. 0. 1. 0. 0. 1.],500,100,0.1,0.0025,1,15,best,92,best
287,0.015118640518207233,0.015118640518207233,0.002522222560629368,[0.         0.         0.         0.         0.06652508 0.         0.         0.         0.         0.         0.         0.         0.         0.         0.         0.         0.         0.         0.         0.         0.         0.         0.         0.         0.         0.01023509 0.         0.01039082 0.         0.         0.72524248],[0. 0. 0. 0. 1. 0. 0. 0. 0. 0. 0. 0. 0. 0. 0. 0. 0. 0. 0. 0. 0. 0. 0. 0. 0. 1. 0. 1. 0. 0. 1.],500,100,0.1,0.0025,1,15,best,92,best
288,0.015118640518207233,0.015118640518207233,0.002522222560629368,[0.         0.         0.         0.         0.06652508 0.         0.         0.         0.         0.         0.         0.         0.         0.         0.         0.         0.         0.         0.         0.         0.         0.         0.         0.         0.         0.01023509 0.         0.01039082 0.         0.         0.72524248],[0. 0. 0. 0. 1. 0. 0. 0. 0. 0. 0. 0. 0. 0. 0. 0. 0. 0. 0. 0. 0. 0. 0. 0. 0. 1. 0. 1. 0. 0. 1.],500,100,0.1,0.0025,1,15,best,92,best
289,0.015118640518207233,0.015118640518207233,0.002522222560629368,[0.         0.         0.         0.         0.06652508 0.         0.         0.         0.         0.         0.         0.         0.         0.         0.         0.         0.         0.         0.         0.         0.         0.         0.         0.         0.         0.01023509 0.         0.01039082 0.         0.         0.72524248],[0. 0. 0. 0. 1. 0. 0. 0. 0. 0. 0. 0. 0. 0. 0. 0. 0. 0. 0. 0. 0. 0. 0. 0. 0. 1. 0. 1. 0. 0. 1.],500,100,0.1,0.0025,1,15,best,92,best
290,0.015118640518207233,0.015118640518207233,0.002522222560629368,[0.         0.         0.         0.         0.06652508 0.         0.         0.         0.         0.         0.         0.         0.         0.         0.         0.         0.         0.         0.         0.         0.         0.         0.         0.         0.         0.01023509 0.         0.01039082 0.         0.         0.72524248],[0. 0. 0. 0. 1. 0. 0. 0. 0. 0. 0. 0. 0. 0. 0. 0. 0. 0. 0. 0. 0. 0. 0. 0. 0. 1. 0. 1. 0. 0. 1.],500,100,0.1,0.0025,1,15,best,92,best
291,0.015118640518207233,0.015118640518207233,0.002522222560629368,[0.         0.         0.         0.         0.06652508 0.         0.         0.         0.         0.         0.         0.         0.         0.         0.         0.         0.         0.         0.         0.         0.         0.         0.         0.         0.         0.01023509 0.         0.01039082 0.         0.         0.72524248],[0. 0. 0. 0. 1. 0. 0. 0. 0. 0. 0. 0. 0. 0. 0. 0. 0. 0. 0. 0. 0. 0. 0. 0. 0. 1. 0. 1. 0. 0. 1.],500,100,0.1,0.0025,1,15,best,92,best
292,0.015118640518207233,0.015118640518207233,0.002522222560629368,[0.         0.         0.         0.         0.06652508 0.         0.         0.         0.         0.         0.         0.         0.         0.         0.         0.         0.         0.         0.         0.         0.         0.         0.         0.         0.         0.01023509 0.         0.01039082 0.         0.         0.72524248],[0. 0. 0. 0. 1. 0. 0. 0. 0. 0. 0. 0. 0. 0. 0. 0. 0. 0. 0. 0. 0. 0. 0. 0. 0. 1. 0. 1. 0. 0. 1.],500,100,0.1,0.0025,1,15,best,92,best
293,0.015118640518207233,0.015118640518207233,0.002522222560629368,[0.         0.         0.         0.         0.06652508 0.         0.         0.         0.         0.         0.         0.         0.         0.         0.         0.         0.         0.         0.         0.         0.         0.         0.         0.         0.         0.01023509 0.         0.01039082 0.         0.         0.72524248],[0. 0. 0. 0. 1. 0. 0. 0. 0. 0. 0. 0. 0. 0. 0. 0. 0. 0. 0. 0. 0. 0. 0. 0. 0. 1. 0. 1. 0. 0. 1.],500,100,0.1,0.0025,1,15,best,92,best
294,0.015118640518207233,0.015118640518207233,0.002522222560629368,[0.         0.         0.         0.         0.06652508 0.         0.         0.         0.         0.         0.         0.         0.         0.         0.         0.         0.         0.         0.         0.         0.         0.         0.         0.         0.         0.01023509 0.         0.01039082 0.         0.         0.72524248],[0. 0. 0. 0. 1. 0. 0. 0. 0. 0. 0. 0. 0. 0. 0. 0. 0. 0. 0. 0. 0. 0. 0. 0. 0. 1. 0. 1. 0. 0. 1.],500,100,0.1,0.0025,1,15,best,92,best
295,0.015118640518207233,0.015118640518207233,0.002522222560629368,[0.         0.         0.         0.         0.06652508 0.         0.         0.         0.         0.         0.         0.         0.         0.         0.         0.         0.         0.         0.         0.         0.         0.         0.         0.         0.         0.01023509 0.         0.01039082 0.         0.         0.72524248],[0. 0. 0. 0. 1. 0. 0. 0. 0. 0. 0. 0. 0. 0. 0. 0. 0. 0. 0. 0. 0. 0. 0. 0. 0. 1. 0. 1. 0. 0. 1.],500,100,0.1,0.0025,1,15,best,92,best
296,0.015118640518207233,0.015118640518207233,0.002522222560629368,[0.         0.         0.         0.         0.06652508 0.         0.         0.         0.         0.         0.         0.         0.         0.         0.         0.         0.         0.         0.         0.         0.         0.         0.         0.         0.         0.01023509 0.         0.01039082 0.         0.         0.72524248],[0. 0. 0. 0. 1. 0. 0. 0. 0. 0. 0. 0. 0. 0. 0. 0. 0. 0. 0. 0. 0. 0. 0. 0. 0. 1. 0. 1. 0. 0. 1.],500,100,0.1,0.0025,1,15,best,92,best
297,0.015118640518207233,0.015118640518207233,0.002522222560629368,[0.         0.         0.         0.         0.06652508 0.         0.         0.         0.         0.         0.         0.         0.         0.         0.         0.         0.         0.         0.         0.         0.         0.         0.         0.         0.         0.01023509 0.         0.01039082 0.         0.         0.72524248],[0. 0. 0. 0. 1. 0. 0. 0. 0. 0. 0. 0. 0. 0. 0. 0. 0. 0. 0. 0. 0. 0. 0. 0. 0. 1. 0. 1. 0. 0. 1.],500,100,0.1,0.0025,1,15,best,92,best
298,0.015118640518207233,0.015118640518207233,0.002522222560629368,[0.         0.         0.         0.         0.06652508 0.         0.         0.         0.         0.         0.         0.         0.         0.         0.         0.         0.         0.         0.         0.         0.         0.         0.         0.         0.         0.01023509 0.         0.01039082 0.         0.         0.72524248],[0. 0. 0. 0. 1. 0. 0. 0. 0. 0. 0. 0. 0. 0. 0. 0. 0. 0. 0. 0. 0. 0. 0. 0. 0. 1. 0. 1. 0. 0. 1.],500,100,0.1,0.0025,1,15,best,92,best
299,0.015118640518207233,0.015118640518207233,0.002522222560629368,[0.         0.         0.         0.         0.06652508 0.         0.         0.         0.         0.         0.         0.         0.         0.         0.         0.         0.         0.         0.         0.         0.         0.         0.         0.         0.         0.01023509 0.         0.01039082 0.         0.         0.72524248],[0. 0. 0. 0. 1. 0. 0. 0. 0. 0. 0. 0. 0. 0. 0. 0. 0. 0. 0. 0. 0. 0. 0. 0. 0. 1. 0. 1. 0. 0. 1.],500,100,0.1,0.0025,1,15,best,92,best
300,0.015118640518207233,0.015118640518207233,0.002522222560629368,[0.         0.         0.         0.         0.06652508 0.         0.         0.         0.         0.         0.         0.         0.         0.         0.         0.         0.         0.         0.         0.         0.         0.         0.         0.         0.         0.01023509 0.         0.01039082 0.         0.         0.72524248],[0. 0. 0. 0. 1. 0. 0. 0. 0. 0. 0. 0. 0. 0. 0. 0. 0. 0. 0. 0. 0. 0. 0. 0. 0. 1. 0. 1. 0. 0. 1.],500,100,0.1,0.0025,1,15,best,92,best
301,0.015118640518207233,0.015118640518207233,0.002522222560629368,[0.         0.         0.         0.         0.06652508 0.         0.         0.         0.         0.         0.         0.         0.         0.         0.         0.         0.         0.         0.         0.         0.         0.         0.         0.         0.         0.01023509 0.         0.01039082 0.         0.         0.72524248],[0. 0. 0. 0. 1. 0. 0. 0. 0. 0. 0. 0. 0. 0. 0. 0. 0. 0. 0. 0. 0. 0. 0. 0. 0. 1. 0. 1. 0. 0. 1.],500,100,0.1,0.0025,1,15,best,92,best
302,0.015118640518207233,0.015118640518207233,0.002522222560629368,[0.         0.         0.         0.         0.06652508 0.         0.         0.         0.         0.         0.         0.         0.         0.         0.         0.         0.         0.         0.         0.         0.         0.         0.         0.         0.         0.01023509 0.         0.01039082 0.         0.         0.72524248],[0. 0. 0. 0. 1. 0. 0. 0. 0. 0. 0. 0. 0. 0. 0. 0. 0. 0. 0. 0. 0. 0. 0. 0. 0. 1. 0. 1. 0. 0. 1.],500,100,0.1,0.0025,1,15,best,92,best
303,0.015118640518207233,0.015118640518207233,0.002522222560629368,[0.         0.         0.         0.         0.06652508 0.         0.         0.         0.         0.         0.         0.         0.         0.         0.         0.         0.         0.         0.         0.         0.         0.         0.         0.         0.         0.01023509 0.         0.01039082 0.         0.         0.72524248],[0. 0. 0. 0. 1. 0. 0. 0. 0. 0. 0. 0. 0. 0. 0. 0. 0. 0. 0. 0. 0. 0. 0. 0. 0. 1. 0. 1. 0. 0. 1.],500,100,0.1,0.0025,1,15,best,92,best
304,0.015118640518207233,0.015118640518207233,0.002522222560629368,[0.         0.         0.         0.         0.06652508 0.         0.         0.         0.         0.         0.         0.         0.         0.         0.         0.         0.         0.         0.         0.         0.         0.         0.         0.         0.         0.01023509 0.         0.01039082 0.         0.         0.72524248],[0. 0. 0. 0. 1. 0. 0. 0. 0. 0. 0. 0. 0. 0. 0. 0. 0. 0. 0. 0. 0. 0. 0. 0. 0. 1. 0. 1. 0. 0. 1.],500,100,0.1,0.0025,1,15,best,92,best
305,0.015118640518207233,0.015118640518207233,0.002522222560629368,[0.         0.         0.         0.         0.06652508 0.         0.         0.         0.         0.         0.         0.         0.         0.         0.         0.         0.         0.         0.         0.         0.         0.         0.         0.         0.         0.01023509 0.         0.01039082 0.         0.         0.72524248],[0. 0. 0. 0. 1. 0. 0. 0. 0. 0. 0. 0. 0. 0. 0. 0. 0. 0. 0. 0. 0. 0. 0. 0. 0. 1. 0. 1. 0. 0. 1.],500,100,0.1,0.0025,1,15,best,92,best
306,0.015118640518207233,0.015118640518207233,0.002522222560629368,[0.         0.         0.         0.         0.06652508 0.         0.         0.         0.         0.         0.         0.         0.         0.         0.         0.         0.         0.         0.         0.         0.         0.         0.         0.         0.         0.01023509 0.         0.01039082 0.         0.         0.72524248],[0. 0. 0. 0. 1. 0. 0. 0. 0. 0. 0. 0. 0. 0. 0. 0. 0. 0. 0. 0. 0. 0. 0. 0. 0. 1. 0. 1. 0. 0. 1.],500,100,0.1,0.0025,1,15,best,92,best
307,0.015118640518207233,0.015118640518207233,0.002522222560629368,[0.         0.         0.         0.         0.06652508 0.         0.         0.         0.         0.         0.         0.         0.         0.         0.         0.         0.         0.         0.         0.         0.         0.         0.         0.         0.         0.01023509 0.         0.01039082 0.         0.         0.72524248],[0. 0. 0. 0. 1. 0. 0. 0. 0. 0. 0. 0. 0. 0. 0. 0. 0. 0. 0. 0. 0. 0. 0. 0. 0. 1. 0. 1. 0. 0. 1.],500,100,0.1,0.0025,1,15,best,92,best
308,0.015118640518207233,0.015118640518207233,0.002522222560629368,[0.         0.         0.         0.         0.06652508 0.         0.         0.         0.         0.         0.         0.         0.         0.         0.         0.         0.         0.         0.         0.         0.         0.         0.         0.         0.         0.01023509 0.         0.01039082 0.         0.         0.72524248],[0. 0. 0. 0. 1. 0. 0. 0. 0. 0. 0. 0. 0. 0. 0. 0. 0. 0. 0. 0. 0. 0. 0. 0. 0. 1. 0. 1. 0. 0. 1.],500,100,0.1,0.0025,1,15,best,92,best
309,0.015118640518207233,0.015118640518207233,0.002522222560629368,[0.         0.         0.         0.         0.06652508 0.         0.         0.         0.         0.         0.         0.         0.         0.         0.         0.         0.         0.         0.         0.         0.         0.         0.         0.         0.         0.01023509 0.         0.01039082 0.         0.         0.72524248],[0. 0. 0. 0. 1. 0. 0. 0. 0. 0. 0. 0. 0. 0. 0. 0. 0. 0. 0. 0. 0. 0. 0. 0. 0. 1. 0. 1. 0. 0. 1.],500,100,0.1,0.0025,1,15,best,92,best
310,0.015118640518207233,0.015118640518207233,0.002522222560629368,[0.         0.         0.         0.         0.06652508 0.         0.         0.         0.         0.         0.         0.         0.         0.         0.         0.         0.         0.         0.         0.         0.         0.         0.         0.         0.         0.01023509 0.         0.01039082 0.         0.         0.72524248],[0. 0. 0. 0. 1. 0. 0. 0. 0. 0. 0. 0. 0. 0. 0. 0. 0. 0. 0. 0. 0. 0. 0. 0. 0. 1. 0. 1. 0. 0. 1.],500,100,0.1,0.0025,1,15,best,92,best
311,0.015118640518207233,0.015118640518207233,0.002522222560629368,[0.         0.         0.         0.         0.06652508 0.         0.         0.         0.         0.         0.         0.         0.         0.         0.         0.         0.         0.         0.         0.         0.         0.         0.         0.         0.         0.01023509 0.         0.01039082 0.         0.         0.72524248],[0. 0. 0. 0. 1. 0. 0. 0. 0. 0. 0. 0. 0. 0. 0. 0. 0. 0. 0. 0. 0. 0. 0. 0. 0. 1. 0. 1. 0. 0. 1.],500,100,0.1,0.0025,1,15,best,92,best
312,0.015118640518207233,0.015118640518207233,0.002522222560629368,[0.         0.         0.         0.         0.06652508 0.         0.         0.         0.         0.         0.         0.         0.         0.         0.         0.         0.         0.         0.         0.         0.         0.         0.         0.         0.         0.01023509 0.         0.01039082 0.         0.         0.72524248],[0. 0. 0. 0. 1. 0. 0. 0. 0. 0. 0. 0. 0. 0. 0. 0. 0. 0. 0. 0. 0. 0. 0. 0. 0. 1. 0. 1. 0. 0. 1.],500,100,0.1,0.0025,1,15,best,92,best
313,0.015118640518207233,0.015118640518207233,0.002522222560629368,[0.         0.         0.         0.         0.06652508 0.         0.         0.         0.         0.         0.         0.         0.         0.         0.         0.         0.         0.         0.         0.         0.         0.         0.         0.         0.         0.01023509 0.         0.01039082 0.         0.         0.72524248],[0. 0. 0. 0. 1. 0. 0. 0. 0. 0. 0. 0. 0. 0. 0. 0. 0. 0. 0. 0. 0. 0. 0. 0. 0. 1. 0. 1. 0. 0. 1.],500,100,0.1,0.0025,1,15,best,92,best
314,0.015118640518207233,0.015118640518207233,0.002522222560629368,[0.         0.         0.         0.         0.06652508 0.         0.         0.         0.         0.         0.         0.         0.         0.         0.         0.         0.         0.         0.         0.         0.         0.         0.         0.         0.         0.01023509 0.         0.01039082 0.         0.         0.72524248],[0. 0. 0. 0. 1. 0. 0. 0. 0. 0. 0. 0. 0. 0. 0. 0. 0. 0. 0. 0. 0. 0. 0. 0. 0. 1. 0. 1. 0. 0. 1.],500,100,0.1,0.0025,1,15,best,92,best
315,0.015118640518207233,0.015118640518207233,0.002522222560629368,[0.         0.         0.         0.         0.06652508 0.         0.         0.         0.         0.         0.         0.         0.         0.         0.         0.         0.         0.         0.         0.         0.         0.         0.         0.         0.         0.01023509 0.         0.01039082 0.         0.         0.72524248],[0. 0. 0. 0. 1. 0. 0. 0. 0. 0. 0. 0. 0. 0. 0. 0. 0. 0. 0. 0. 0. 0. 0. 0. 0. 1. 0. 1. 0. 0. 1.],500,100,0.1,0.0025,1,15,best,92,best
316,0.015118640518207233,0.015118640518207233,0.002522222560629368,[0.         0.         0.         0.         0.06652508 0.         0.         0.         0.         0.         0.         0.         0.         0.         0.         0.         0.         0.         0.         0.         0.         0.         0.         0.         0.         0.01023509 0.         0.01039082 0.         0.         0.72524248],[0. 0. 0. 0. 1. 0. 0. 0. 0. 0. 0. 0. 0. 0. 0. 0. 0. 0. 0. 0. 0. 0. 0. 0. 0. 1. 0. 1. 0. 0. 1.],500,100,0.1,0.0025,1,15,best,92,best
317,0.015118640518207233,0.015118640518207233,0.002522222560629368,[0.         0.         0.         0.         0.06652508 0.         0.         0.         0.         0.         0.         0.         0.         0.         0.         0.         0.         0.         0.         0.         0.         0.         0.         0.         0.         0.01023509 0.         0.01039082 0.         0.         0.72524248],[0. 0. 0. 0. 1. 0. 0. 0. 0. 0. 0. 0. 0. 0. 0. 0. 0. 0. 0. 0. 0. 0. 0. 0. 0. 1. 0. 1. 0. 0. 1.],500,100,0.1,0.0025,1,15,best,92,best
318,0.015118640518207233,0.015118640518207233,0.002522222560629368,[0.         0.         0.         0.         0.06652508 0.         0.         0.         0.         0.         0.         0.         0.         0.         0.         0.         0.         0.         0.         0.         0.         0.         0.         0.         0.         0.01023509 0.         0.01039082 0.         0.         0.72524248],[0. 0. 0. 0. 1. 0. 0. 0. 0. 0. 0. 0. 0. 0. 0. 0. 0. 0. 0. 0. 0. 0. 0. 0. 0. 1. 0. 1. 0. 0. 1.],500,100,0.1,0.0025,1,15,best,92,best
319,0.015118640518207233,0.015118640518207233,0.002522222560629368,[0.         0.         0.         0.         0.06652508 0.         0.         0.         0.         0.         0.         0.         0.         0.         0.         0.         0.         0.         0.         0.         0.         0.         0.         0.         0.         0.01023509 0.         0.01039082 0.         0.         0.72524248],[0. 0. 0. 0. 1. 0. 0. 0. 0. 0. 0. 0. 0. 0. 0. 0. 0. 0. 0. 0. 0. 0. 0. 0. 0. 1. 0. 1. 0. 0. 1.],500,100,0.1,0.0025,1,15,best,92,best
320,0.015118640518207233,0.015118640518207233,0.002522222560629368,[0.         0.         0.         0.         0.06652508 0.         0.         0.         0.         0.         0.         0.         0.         0.         0.         0.         0.         0.         0.         0.         0.         0.         0.         0.         0.         0.01023509 0.         0.01039082 0.         0.         0.72524248],[0. 0. 0. 0. 1. 0. 0. 0. 0. 0. 0. 0. 0. 0. 0. 0. 0. 0. 0. 0. 0. 0. 0. 0. 0. 1. 0. 1. 0. 0. 1.],500,100,0.1,0.0025,1,15,best,92,best
321,0.015118640518207233,0.015118640518207233,0.002522222560629368,[0.         0.         0.         0.         0.06652508 0.         0.         0.         0.         0.         0.         0.         0.         0.         0.         0.         0.         0.         0.         0.         0.         0.         0.         0.         0.         0.01023509 0.         0.01039082 0.         0.         0.72524248],[0. 0. 0. 0. 1. 0. 0. 0. 0. 0. 0. 0. 0. 0. 0. 0. 0. 0. 0. 0. 0. 0. 0. 0. 0. 1. 0. 1. 0. 0. 1.],500,100,0.1,0.0025,1,15,best,92,best
322,0.015118640518207233,0.015118640518207233,0.002522222560629368,[0.         0.         0.         0.         0.06652508 0.         0.         0.         0.         0.         0.         0.         0.         0.         0.         0.         0.         0.         0.         0.         0.         0.         0.         0.         0.         0.01023509 0.         0.01039082 0.         0.         0.72524248],[0. 0. 0. 0. 1. 0. 0. 0. 0. 0. 0. 0. 0. 0. 0. 0. 0. 0. 0. 0. 0. 0. 0. 0. 0. 1. 0. 1. 0. 0. 1.],500,100,0.1,0.0025,1,15,best,92,best
323,0.015118640518207233,0.015118640518207233,0.002522222560629368,[0.         0.         0.         0.         0.06652508 0.         0.         0.         0.         0.         0.         0.         0.         0.         0.         0.         0.         0.         0.         0.         0.         0.         0.         0.         0.         0.01023509 0.         0.01039082 0.         0.         0.72524248],[0. 0. 0. 0. 1. 0. 0. 0. 0. 0. 0. 0. 0. 0. 0. 0. 0. 0. 0. 0. 0. 0. 0. 0. 0. 1. 0. 1. 0. 0. 1.],500,100,0.1,0.0025,1,15,best,92,best
324,0.015118640518207233,0.015118640518207233,0.002522222560629368,[0.         0.         0.         0.         0.06652508 0.         0.         0.         0.         0.         0.         0.         0.         0.         0.         0.         0.         0.         0.         0.         0.         0.         0.         0.         0.         0.01023509 0.         0.01039082 0.         0.         0.72524248],[0. 0. 0. 0. 1. 0. 0. 0. 0. 0. 0. 0. 0. 0. 0. 0. 0. 0. 0. 0. 0. 0. 0. 0. 0. 1. 0. 1. 0. 0. 1.],500,100,0.1,0.0025,1,15,best,92,best
325,0.015118640518207233,0.015118640518207233,0.002522222560629368,[0.         0.         0.         0.         0.06652508 0.         0.         0.         0.         0.         0.         0.         0.         0.         0.         0.         0.         0.         0.         0.         0.         0.         0.         0.         0.         0.01023509 0.         0.01039082 0.         0.         0.72524248],[0. 0. 0. 0. 1. 0. 0. 0. 0. 0. 0. 0. 0. 0. 0. 0. 0. 0. 0. 0. 0. 0. 0. 0. 0. 1. 0. 1. 0. 0. 1.],500,100,0.1,0.0025,1,15,best,92,best
326,0.015118640518207233,0.015118640518207233,0.002522222560629368,[0.         0.         0.         0.         0.06652508 0.         0.         0.         0.         0.         0.         0.         0.         0.         0.         0.         0.         0.         0.         0.         0.         0.         0.         0.         0.         0.01023509 0.         0.01039082 0.         0.         0.72524248],[0. 0. 0. 0. 1. 0. 0. 0. 0. 0. 0. 0. 0. 0. 0. 0. 0. 0. 0. 0. 0. 0. 0. 0. 0. 1. 0. 1. 0. 0. 1.],500,100,0.1,0.0025,1,15,best,92,best
327,0.015118640518207233,0.015118640518207233,0.002522222560629368,[0.         0.         0.         0.         0.06652508 0.         0.         0.         0.         0.         0.         0.         0.         0.         0.         0.         0.         0.         0.         0.         0.         0.         0.         0.         0.         0.01023509 0.         0.01039082 0.         0.         0.72524248],[0. 0. 0. 0. 1. 0. 0. 0. 0. 0. 0. 0. 0. 0. 0. 0. 0. 0. 0. 0. 0. 0. 0. 0. 0. 1. 0. 1. 0. 0. 1.],500,100,0.1,0.0025,1,15,best,92,best
328,0.015118640518207233,0.015118640518207233,0.002522222560629368,[0.         0.         0.         0.         0.06652508 0.         0.         0.         0.         0.         0.         0.         0.         0.         0.         0.         0.         0.         0.         0.         0.         0.         0.         0.         0.         0.01023509 0.         0.01039082 0.         0.         0.72524248],[0. 0. 0. 0. 1. 0. 0. 0. 0. 0. 0. 0. 0. 0. 0. 0. 0. 0. 0. 0. 0. 0. 0. 0. 0. 1. 0. 1. 0. 0. 1.],500,100,0.1,0.0025,1,15,best,92,best
329,0.015118640518207233,0.015118640518207233,0.002522222560629368,[0.         0.         0.         0.         0.06652508 0.         0.         0.         0.         0.         0.         0.         0.         0.         0.         0.         0.         0.         0.         0.         0.         0.         0.         0.         0.         0.01023509 0.         0.01039082 0.         0.         0.72524248],[0. 0. 0. 0. 1. 0. 0. 0. 0. 0. 0. 0. 0. 0. 0. 0. 0. 0. 0. 0. 0. 0. 0. 0. 0. 1. 0. 1. 0. 0. 1.],500,100,0.1,0.0025,1,15,best,92,best
330,0.015118640518207233,0.015118640518207233,0.002522222560629368,[0.         0.         0.         0.         0.06652508 0.         0.         0.         0.         0.         0.         0.         0.         0.         0.         0.         0.         0.         0.         0.         0.         0.         0.         0.         0.         0.01023509 0.         0.01039082 0.         0.         0.72524248],[0. 0. 0. 0. 1. 0. 0. 0. 0. 0. 0. 0. 0. 0. 0. 0. 0. 0. 0. 0. 0. 0. 0. 0. 0. 1. 0. 1. 0. 0. 1.],500,100,0.1,0.0025,1,15,best,92,best
331,0.015118640518207233,0.015118640518207233,0.002522222560629368,[0.         0.         0.         0.         0.06652508 0.         0.         0.         0.         0.         0.         0.         0.         0.         0.         0.         0.         0.         0.         0.         0.         0.         0.         0.         0.         0.01023509 0.         0.01039082 0.         0.         0.72524248],[0. 0. 0. 0. 1. 0. 0. 0. 0. 0. 0. 0. 0. 0. 0. 0. 0. 0. 0. 0. 0. 0. 0. 0. 0. 1. 0. 1. 0. 0. 1.],500,100,0.1,0.0025,1,15,best,92,best
332,0.015118640518207233,0.015118640518207233,0.002522222560629368,[0.         0.         0.         0.         0.06652508 0.         0.         0.         0.         0.         0.         0.         0.         0.         0.         0.         0.         0.         0.         0.         0.         0.         0.         0.         0.         0.01023509 0.         0.01039082 0.         0.         0.72524248],[0. 0. 0. 0. 1. 0. 0. 0. 0. 0. 0. 0. 0. 0. 0. 0. 0. 0. 0. 0. 0. 0. 0. 0. 0. 1. 0. 1. 0. 0. 1.],500,100,0.1,0.0025,1,15,best,92,best
333,0.015118640518207233,0.015118640518207233,0.002522222560629368,[0.         0.         0.         0.         0.06652508 0.         0.         0.         0.         0.         0.         0.         0.         0.         0.         0.         0.         0.         0.         0.         0.         0.         0.         0.         0.         0.01023509 0.         0.01039082 0.         0.         0.72524248],[0. 0. 0. 0. 1. 0. 0. 0. 0. 0. 0. 0. 0. 0. 0. 0. 0. 0. 0. 0. 0. 0. 0. 0. 0. 1. 0. 1. 0. 0. 1.],500,100,0.1,0.0025,1,15,best,92,best
334,0.015118640518207233,0.015118640518207233,0.002522222560629368,[0.         0.         0.         0.         0.06652508 0.         0.         0.         0.         0.         0.         0.         0.         0.         0.         0.         0.         0.         0.         0.         0.         0.         0.         0.         0.         0.01023509 0.         0.01039082 0.         0.         0.72524248],[0. 0. 0. 0. 1. 0. 0. 0. 0. 0. 0. 0. 0. 0. 0. 0. 0. 0. 0. 0. 0. 0. 0. 0. 0. 1. 0. 1. 0. 0. 1.],500,100,0.1,0.0025,1,15,best,92,best
335,0.015118640518207233,0.015118640518207233,0.002522222560629368,[0.         0.         0.         0.         0.06652508 0.         0.         0.         0.         0.         0.         0.         0.         0.         0.         0.         0.         0.         0.         0.         0.         0.         0.         0.         0.         0.01023509 0.         0.01039082 0.         0.         0.72524248],[0. 0. 0. 0. 1. 0. 0. 0. 0. 0. 0. 0. 0. 0. 0. 0. 0. 0. 0. 0. 0. 0. 0. 0. 0. 1. 0. 1. 0. 0. 1.],500,100,0.1,0.0025,1,15,best,92,best
336,0.015118640518207233,0.015118640518207233,0.002522222560629368,[0.         0.         0.         0.         0.06652508 0.         0.         0.         0.         0.         0.         0.         0.         0.         0.         0.         0.         0.         0.         0.         0.         0.         0.         0.         0.         0.01023509 0.         0.01039082 0.         0.         0.72524248],[0. 0. 0. 0. 1. 0. 0. 0. 0. 0. 0. 0. 0. 0. 0. 0. 0. 0. 0. 0. 0. 0. 0. 0. 0. 1. 0. 1. 0. 0. 1.],500,100,0.1,0.0025,1,15,best,92,best
337,0.015118640518207233,0.015118640518207233,0.002522222560629368,[0.         0.         0.         0.         0.06652508 0.         0.         0.         0.         0.         0.         0.         0.         0.         0.         0.         0.         0.         0.         0.         0.         0.         0.         0.         0.         0.01023509 0.         0.01039082 0.         0.         0.72524248],[0. 0. 0. 0. 1. 0. 0. 0. 0. 0. 0. 0. 0. 0. 0. 0. 0. 0. 0. 0. 0. 0. 0. 0. 0. 1. 0. 1. 0. 0. 1.],500,100,0.1,0.0025,1,15,best,92,best
338,0.015118640518207233,0.015118640518207233,0.002522222560629368,[0.         0.         0.         0.         0.06652508 0.         0.         0.         0.         0.         0.         0.         0.         0.         0.         0.         0.         0.         0.         0.         0.         0.         0.         0.         0.         0.01023509 0.         0.01039082 0.         0.         0.72524248],[0. 0. 0. 0. 1. 0. 0. 0. 0. 0. 0. 0. 0. 0. 0. 0. 0. 0. 0. 0. 0. 0. 0. 0. 0. 1. 0. 1. 0. 0. 1.],500,100,0.1,0.0025,1,15,best,92,best
339,0.015118640518207233,0.015118640518207233,0.002522222560629368,[0.         0.         0.         0.         0.06652508 0.         0.         0.         0.         0.         0.         0.         0.         0.         0.         0.         0.         0.         0.         0.         0.         0.         0.         0.         0.         0.01023509 0.         0.01039082 0.         0.         0.72524248],[0. 0. 0. 0. 1. 0. 0. 0. 0. 0. 0. 0. 0. 0. 0. 0. 0. 0. 0. 0. 0. 0. 0. 0. 0. 1. 0. 1. 0. 0. 1.],500,100,0.1,0.0025,1,15,best,92,best
340,0.015118640518207233,0.015118640518207233,0.002522222560629368,[0.         0.         0.         0.         0.06652508 0.         0.         0.         0.         0.         0.         0.         0.         0.         0.         0.         0.         0.         0.         0.         0.         0.         0.         0.         0.         0.01023509 0.         0.01039082 0.         0.         0.72524248],[0. 0. 0. 0. 1. 0. 0. 0. 0. 0. 0. 0. 0. 0. 0. 0. 0. 0. 0. 0. 0. 0. 0. 0. 0. 1. 0. 1. 0. 0. 1.],500,100,0.1,0.0025,1,15,best,92,best
341,0.015118640518207233,0.015118640518207233,0.002522222560629368,[0.         0.         0.         0.         0.06652508 0.         0.         0.         0.         0.         0.         0.         0.         0.         0.         0.         0.         0.         0.         0.         0.         0.         0.         0.         0.         0.01023509 0.         0.01039082 0.         0.         0.72524248],[0. 0. 0. 0. 1. 0. 0. 0. 0. 0. 0. 0. 0. 0. 0. 0. 0. 0. 0. 0. 0. 0. 0. 0. 0. 1. 0. 1. 0. 0. 1.],500,100,0.1,0.0025,1,15,best,92,best
342,0.015118640518207233,0.015118640518207233,0.002522222560629368,[0.         0.         0.         0.         0.06652508 0.         0.         0.         0.         0.         0.         0.         0.         0.         0.         0.         0.         0.         0.         0.         0.         0.         0.         0.         0.         0.01023509 0.         0.01039082 0.         0.         0.72524248],[0. 0. 0. 0. 1. 0. 0. 0. 0. 0. 0. 0. 0. 0. 0. 0. 0. 0. 0. 0. 0. 0. 0. 0. 0. 1. 0. 1. 0. 0. 1.],500,100,0.1,0.0025,1,15,best,92,best
343,0.015118640518207233,0.015118640518207233,0.002522222560629368,[0.         0.         0.         0.         0.06652508 0.         0.         0.         0.         0.         0.         0.         0.         0.         0.         0.         0.         0.         0.         0.         0.         0.         0.         0.         0.         0.01023509 0.         0.01039082 0.         0.         0.72524248],[0. 0. 0. 0. 1. 0. 0. 0. 0. 0. 0. 0. 0. 0. 0. 0. 0. 0. 0. 0. 0. 0. 0. 0. 0. 1. 0. 1. 0. 0. 1.],500,100,0.1,0.0025,1,15,best,92,best
344,0.015118640518207233,0.015118640518207233,0.002522222560629368,[0.         0.         0.         0.         0.06652508 0.         0.         0.         0.         0.         0.         0.         0.         0.         0.         0.         0.         0.         0.         0.         0.         0.         0.         0.         0.         0.01023509 0.         0.01039082 0.         0.         0.72524248],[0. 0. 0. 0. 1. 0. 0. 0. 0. 0. 0. 0. 0. 0. 0. 0. 0. 0. 0. 0. 0. 0. 0. 0. 0. 1. 0. 1. 0. 0. 1.],500,100,0.1,0.0025,1,15,best,92,best
345,0.015118640518207233,0.015118640518207233,0.002522222560629368,[0.         0.         0.         0.         0.06652508 0.         0.         0.         0.         0.         0.         0.         0.         0.         0.         0.         0.         0.         0.         0.         0.         0.         0.         0.         0.         0.01023509 0.         0.01039082 0.         0.         0.72524248],[0. 0. 0. 0. 1. 0. 0. 0. 0. 0. 0. 0. 0. 0. 0. 0. 0. 0. 0. 0. 0. 0. 0. 0. 0. 1. 0. 1. 0. 0. 1.],500,100,0.1,0.0025,1,15,best,92,best
346,0.015118640518207233,0.015118640518207233,0.002522222560629368,[0.         0.         0.         0.         0.06652508 0.         0.         0.         0.         0.         0.         0.         0.         0.         0.         0.         0.         0.         0.         0.         0.         0.         0.         0.         0.         0.01023509 0.         0.01039082 0.         0.         0.72524248],[0. 0. 0. 0. 1. 0. 0. 0. 0. 0. 0. 0. 0. 0. 0. 0. 0. 0. 0. 0. 0. 0. 0. 0. 0. 1. 0. 1. 0. 0. 1.],500,100,0.1,0.0025,1,15,best,92,best
347,0.015118640518207233,0.015118640518207233,0.002522222560629368,[0.         0.         0.         0.         0.06652508 0.         0.         0.         0.         0.         0.         0.         0.         0.         0.         0.         0.         0.         0.         0.         0.         0.         0.         0.         0.         0.01023509 0.         0.01039082 0.         0.         0.72524248],[0. 0. 0. 0. 1. 0. 0. 0. 0. 0. 0. 0. 0. 0. 0. 0. 0. 0. 0. 0. 0. 0. 0. 0. 0. 1. 0. 1. 0. 0. 1.],500,100,0.1,0.0025,1,15,best,92,best
348,0.015118640518207233,0.015118640518207233,0.002522222560629368,[0.         0.         0.         0.         0.06652508 0.         0.         0.         0.         0.         0.         0.         0.         0.         0.         0.         0.         0.         0.         0.         0.         0.         0.         0.         0.         0.01023509 0.         0.01039082 0.         0.         0.72524248],[0. 0. 0. 0. 1. 0. 0. 0. 0. 0. 0. 0. 0. 0. 0. 0. 0. 0. 0. 0. 0. 0. 0. 0. 0. 1. 0. 1. 0. 0. 1.],500,100,0.1,0.0025,1,15,best,92,best
349,0.015118640518207233,0.015118640518207233,0.002522222560629368,[0.         0.         0.         0.         0.06652508 0.         0.         0.         0.         0.         0.         0.         0.         0.         0.         0.         0.         0.         0.         0.         0.         0.         0.         0.         0.         0.01023509 0.         0.01039082 0.         0.         0.72524248],[0. 0. 0. 0. 1. 0. 0. 0. 0. 0. 0. 0. 0. 0. 0. 0. 0. 0. 0. 0. 0. 0. 0. 0. 0. 1. 0. 1. 0. 0. 1.],500,100,0.1,0.0025,1,15,best,92,best
350,0.015118640518207233,0.015118640518207233,0.002522222560629368,[0.         0.         0.         0.         0.06652508 0.         0.         0.         0.         0.         0.         0.         0.         0.         0.         0.         0.         0.         0.         0.         0.         0.         0.         0.         0.         0.01023509 0.         0.01039082 0.         0.         0.72524248],[0. 0. 0. 0. 1. 0. 0. 0. 0. 0. 0. 0. 0. 0. 0. 0. 0. 0. 0. 0. 0. 0. 0. 0. 0. 1. 0. 1. 0. 0. 1.],500,100,0.1,0.0025,1,15,best,92,best
351,0.015118640518207233,0.015118640518207233,0.002522222560629368,[0.         0.         0.         0.         0.06652508 0.         0.         0.         0.         0.         0.         0.         0.         0.         0.         0.         0.         0.         0.         0.         0.         0.         0.         0.         0.         0.01023509 0.         0.01039082 0.         0.         0.72524248],[0. 0. 0. 0. 1. 0. 0. 0. 0. 0. 0. 0. 0. 0. 0. 0. 0. 0. 0. 0. 0. 0. 0. 0. 0. 1. 0. 1. 0. 0. 1.],500,100,0.1,0.0025,1,15,best,92,best
352,0.015118640518207233,0.015118640518207233,0.002522222560629368,[0.         0.         0.         0.         0.06652508 0.         0.         0.         0.         0.         0.         0.         0.         0.         0.         0.         0.         0.         0.         0.         0.         0.         0.         0.         0.         0.01023509 0.         0.01039082 0.         0.         0.72524248],[0. 0. 0. 0. 1. 0. 0. 0. 0. 0. 0. 0. 0. 0. 0. 0. 0. 0. 0. 0. 0. 0. 0. 0. 0. 1. 0. 1. 0. 0. 1.],500,100,0.1,0.0025,1,15,best,92,best
353,0.015118640518207233,0.015118640518207233,0.002522222560629368,[0.         0.         0.         0.         0.06652508 0.         0.         0.         0.         0.         0.         0.         0.         0.         0.         0.         0.         0.         0.         0.         0.         0.         0.         0.         0.         0.01023509 0.         0.01039082 0.         0.         0.72524248],[0. 0. 0. 0. 1. 0. 0. 0. 0. 0. 0. 0. 0. 0. 0. 0. 0. 0. 0. 0. 0. 0. 0. 0. 0. 1. 0. 1. 0. 0. 1.],500,100,0.1,0.0025,1,15,best,92,best
354,0.015118640518207233,0.015118640518207233,0.002522222560629368,[0.         0.         0.         0.         0.06652508 0.         0.         0.         0.         0.         0.         0.         0.         0.         0.         0.         0.         0.         0.         0.         0.         0.         0.         0.         0.         0.01023509 0.         0.01039082 0.         0.         0.72524248],[0. 0. 0. 0. 1. 0. 0. 0. 0. 0. 0. 0. 0. 0. 0. 0. 0. 0. 0. 0. 0. 0. 0. 0. 0. 1. 0. 1. 0. 0. 1.],500,100,0.1,0.0025,1,15,best,92,best
355,0.015118640518207233,0.015118640518207233,0.002522222560629368,[0.         0.         0.         0.         0.06652508 0.         0.         0.         0.         0.         0.         0.         0.         0.         0.         0.         0.         0.         0.         0.         0.         0.         0.         0.         0.         0.01023509 0.         0.01039082 0.         0.         0.72524248],[0. 0. 0. 0. 1. 0. 0. 0. 0. 0. 0. 0. 0. 0. 0. 0. 0. 0. 0. 0. 0. 0. 0. 0. 0. 1. 0. 1. 0. 0. 1.],500,100,0.1,0.0025,1,15,best,92,best
356,0.015118640518207233,0.015118640518207233,0.002522222560629368,[0.         0.         0.         0.         0.06652508 0.         0.         0.         0.         0.         0.         0.         0.         0.         0.         0.         0.         0.         0.         0.         0.         0.         0.         0.         0.         0.01023509 0.         0.01039082 0.         0.         0.72524248],[0. 0. 0. 0. 1. 0. 0. 0. 0. 0. 0. 0. 0. 0. 0. 0. 0. 0. 0. 0. 0. 0. 0. 0. 0. 1. 0. 1. 0. 0. 1.],500,100,0.1,0.0025,1,15,best,92,best
357,0.015118640518207233,0.015118640518207233,0.002522222560629368,[0.         0.         0.         0.         0.06652508 0.         0.         0.         0.         0.         0.         0.         0.         0.         0.         0.         0.         0.         0.         0.         0.         0.         0.         0.         0.         0.01023509 0.         0.01039082 0.         0.         0.72524248],[0. 0. 0. 0. 1. 0. 0. 0. 0. 0. 0. 0. 0. 0. 0. 0. 0. 0. 0. 0. 0. 0. 0. 0. 0. 1. 0. 1. 0. 0. 1.],500,100,0.1,0.0025,1,15,best,92,best
358,0.015118640518207233,0.015118640518207233,0.002522222560629368,[0.         0.         0.         0.         0.06652508 0.         0.         0.         0.         0.         0.         0.         0.         0.         0.         0.         0.         0.         0.         0.         0.         0.         0.         0.         0.         0.01023509 0.         0.01039082 0.         0.         0.72524248],[0. 0. 0. 0. 1. 0. 0. 0. 0. 0. 0. 0. 0. 0. 0. 0. 0. 0. 0. 0. 0. 0. 0. 0. 0. 1. 0. 1. 0. 0. 1.],500,100,0.1,0.0025,1,15,best,92,best
359,0.015118640518207233,0.015118640518207233,0.002522222560629368,[0.         0.         0.         0.         0.06652508 0.         0.         0.         0.         0.         0.         0.         0.         0.         0.         0.         0.         0.         0.         0.         0.         0.         0.         0.         0.         0.01023509 0.         0.01039082 0.         0.         0.72524248],[0. 0. 0. 0. 1. 0. 0. 0. 0. 0. 0. 0. 0. 0. 0. 0. 0. 0. 0. 0. 0. 0. 0. 0. 0. 1. 0. 1. 0. 0. 1.],500,100,0.1,0.0025,1,15,best,92,best
360,0.015118640518207233,0.015118640518207233,0.002522222560629368,[0.         0.         0.         0.         0.06652508 0.         0.         0.         0.         0.         0.         0.         0.         0.         0.         0.         0.         0.         0.         0.         0.         0.         0.         0.         0.         0.01023509 0.         0.01039082 0.         0.         0.72524248],[0. 0. 0. 0. 1. 0. 0. 0. 0. 0. 0. 0. 0. 0. 0. 0. 0. 0. 0. 0. 0. 0. 0. 0. 0. 1. 0. 1. 0. 0. 1.],500,100,0.1,0.0025,1,15,best,92,best
361,0.015118640518207233,0.015118640518207233,0.002522222560629368,[0.         0.         0.         0.         0.06652508 0.         0.         0.         0.         0.         0.         0.         0.         0.         0.         0.         0.         0.         0.         0.         0.         0.         0.         0.         0.         0.01023509 0.         0.01039082 0.         0.         0.72524248],[0. 0. 0. 0. 1. 0. 0. 0. 0. 0. 0. 0. 0. 0. 0. 0. 0. 0. 0. 0. 0. 0. 0. 0. 0. 1. 0. 1. 0. 0. 1.],500,100,0.1,0.0025,1,15,best,92,best
362,0.015118640518207233,0.015118640518207233,0.002522222560629368,[0.         0.         0.         0.         0.06652508 0.         0.         0.         0.         0.         0.         0.         0.         0.         0.         0.         0.         0.         0.         0.         0.         0.         0.         0.         0.         0.01023509 0.         0.01039082 0.         0.         0.72524248],[0. 0. 0. 0. 1. 0. 0. 0. 0. 0. 0. 0. 0. 0. 0. 0. 0. 0. 0. 0. 0. 0. 0. 0. 0. 1. 0. 1. 0. 0. 1.],500,100,0.1,0.0025,1,15,best,92,best
363,0.015118640518207233,0.015118640518207233,0.002522222560629368,[0.         0.         0.         0.         0.06652508 0.         0.         0.         0.         0.         0.         0.         0.         0.         0.         0.         0.         0.         0.         0.         0.         0.         0.         0.         0.         0.01023509 0.         0.01039082 0.         0.         0.72524248],[0. 0. 0. 0. 1. 0. 0. 0. 0. 0. 0. 0. 0. 0. 0. 0. 0. 0. 0. 0. 0. 0. 0. 0. 0. 1. 0. 1. 0. 0. 1.],500,100,0.1,0.0025,1,15,best,92,best
364,0.015118640518207233,0.015118640518207233,0.002522222560629368,[0.         0.         0.         0.         0.06652508 0.         0.         0.         0.         0.         0.         0.         0.         0.         0.         0.         0.         0.         0.         0.         0.         0.         0.         0.         0.         0.01023509 0.         0.01039082 0.         0.         0.72524248],[0. 0. 0. 0. 1. 0. 0. 0. 0. 0. 0. 0. 0. 0. 0. 0. 0. 0. 0. 0. 0. 0. 0. 0. 0. 1. 0. 1. 0. 0. 1.],500,100,0.1,0.0025,1,15,best,92,best
365,0.015118640518207233,0.015118640518207233,0.002522222560629368,[0.         0.         0.         0.         0.06652508 0.         0.         0.         0.         0.         0.         0.         0.         0.         0.         0.         0.         0.         0.         0.         0.         0.         0.         0.         0.         0.01023509 0.         0.01039082 0.         0.         0.72524248],[0. 0. 0. 0. 1. 0. 0. 0. 0. 0. 0. 0. 0. 0. 0. 0. 0. 0. 0. 0. 0. 0. 0. 0. 0. 1. 0. 1. 0. 0. 1.],500,100,0.1,0.0025,1,15,best,92,best
366,0.015118640518207233,0.015118640518207233,0.002522222560629368,[0.         0.         0.         0.         0.06652508 0.         0.         0.         0.         0.         0.         0.         0.         0.         0.         0.         0.         0.         0.         0.         0.         0.         0.         0.         0.         0.01023509 0.         0.01039082 0.         0.         0.72524248],[0. 0. 0. 0. 1. 0. 0. 0. 0. 0. 0. 0. 0. 0. 0. 0. 0. 0. 0. 0. 0. 0. 0. 0. 0. 1. 0. 1. 0. 0. 1.],500,100,0.1,0.0025,1,15,best,92,best
367,0.015118640518207233,0.015118640518207233,0.002522222560629368,[0.         0.         0.         0.         0.06652508 0.         0.         0.         0.         0.         0.         0.         0.         0.         0.         0.         0.         0.         0.         0.         0.         0.         0.         0.         0.         0.01023509 0.         0.01039082 0.         0.         0.72524248],[0. 0. 0. 0. 1. 0. 0. 0. 0. 0. 0. 0. 0. 0. 0. 0. 0. 0. 0. 0. 0. 0. 0. 0. 0. 1. 0. 1. 0. 0. 1.],500,100,0.1,0.0025,1,15,best,92,best
368,0.015118640518207233,0.015118640518207233,0.002522222560629368,[0.         0.         0.         0.         0.06652508 0.         0.         0.         0.         0.         0.         0.         0.         0.         0.         0.         0.         0.         0.         0.         0.         0.         0.         0.         0.         0.01023509 0.         0.01039082 0.         0.         0.72524248],[0. 0. 0. 0. 1. 0. 0. 0. 0. 0. 0. 0. 0. 0. 0. 0. 0. 0. 0. 0. 0. 0. 0. 0. 0. 1. 0. 1. 0. 0. 1.],500,100,0.1,0.0025,1,15,best,92,best
369,0.015118640518207233,0.015118640518207233,0.002522222560629368,[0.         0.         0.         0.         0.06652508 0.         0.         0.         0.         0.         0.         0.         0.         0.         0.         0.         0.         0.         0.         0.         0.         0.         0.         0.         0.         0.01023509 0.         0.01039082 0.         0.         0.72524248],[0. 0. 0. 0. 1. 0. 0. 0. 0. 0. 0. 0. 0. 0. 0. 0. 0. 0. 0. 0. 0. 0. 0. 0. 0. 1. 0. 1. 0. 0. 1.],500,100,0.1,0.0025,1,15,best,92,best
370,0.015118640518207233,0.015118640518207233,0.002522222560629368,[0.         0.         0.         0.         0.06652508 0.         0.         0.         0.         0.         0.         0.         0.         0.         0.         0.         0.         0.         0.         0.         0.         0.         0.         0.         0.         0.01023509 0.         0.01039082 0.         0.         0.72524248],[0. 0. 0. 0. 1. 0. 0. 0. 0. 0. 0. 0. 0. 0. 0. 0. 0. 0. 0. 0. 0. 0. 0. 0. 0. 1. 0. 1. 0. 0. 1.],500,100,0.1,0.0025,1,15,best,92,best
371,0.015118640518207233,0.015118640518207233,0.002522222560629368,[0.         0.         0.         0.         0.06652508 0.         0.         0.         0.         0.         0.         0.         0.         0.         0.         0.         0.         0.         0.         0.         0.         0.         0.         0.         0.         0.01023509 0.         0.01039082 0.         0.         0.72524248],[0. 0. 0. 0. 1. 0. 0. 0. 0. 0. 0. 0. 0. 0. 0. 0. 0. 0. 0. 0. 0. 0. 0. 0. 0. 1. 0. 1. 0. 0. 1.],500,100,0.1,0.0025,1,15,best,92,best
372,0.015118640518207233,0.015118640518207233,0.002522222560629368,[0.         0.         0.         0.         0.06652508 0.         0.         0.         0.         0.         0.         0.         0.         0.         0.         0.         0.         0.         0.         0.         0.         0.         0.         0.         0.         0.01023509 0.         0.01039082 0.         0.         0.72524248],[0. 0. 0. 0. 1. 0. 0. 0. 0. 0. 0. 0. 0. 0. 0. 0. 0. 0. 0. 0. 0. 0. 0. 0. 0. 1. 0. 1. 0. 0. 1.],500,100,0.1,0.0025,1,15,best,92,best
373,0.015118640518207233,0.015118640518207233,0.002522222560629368,[0.         0.         0.         0.         0.06652508 0.         0.         0.         0.         0.         0.         0.         0.         0.         0.         0.         0.         0.         0.         0.         0.         0.         0.         0.         0.         0.01023509 0.         0.01039082 0.         0.         0.72524248],[0. 0. 0. 0. 1. 0. 0. 0. 0. 0. 0. 0. 0. 0. 0. 0. 0. 0. 0. 0. 0. 0. 0. 0. 0. 1. 0. 1. 0. 0. 1.],500,100,0.1,0.0025,1,15,best,92,best
374,0.015118640518207233,0.015118640518207233,0.002522222560629368,[0.         0.         0.         0.         0.06652508 0.         0.         0.         0.         0.         0.         0.         0.         0.         0.         0.         0.         0.         0.         0.         0.         0.         0.         0.         0.         0.01023509 0.         0.01039082 0.         0.         0.72524248],[0. 0. 0. 0. 1. 0. 0. 0. 0. 0. 0. 0. 0. 0. 0. 0. 0. 0. 0. 0. 0. 0. 0. 0. 0. 1. 0. 1. 0. 0. 1.],500,100,0.1,0.0025,1,15,best,92,best
375,0.015118640518207233,0.015118640518207233,0.002522222560629368,[0.         0.         0.         0.         0.06652508 0.         0.         0.         0.         0.         0.         0.         0.         0.         0.         0.         0.         0.         0.         0.         0.         0.         0.         0.         0.         0.01023509 0.         0.01039082 0.         0.         0.72524248],[0. 0. 0. 0. 1. 0. 0. 0. 0. 0. 0. 0. 0. 0. 0. 0. 0. 0. 0. 0. 0. 0. 0. 0. 0. 1. 0. 1. 0. 0. 1.],500,100,0.1,0.0025,1,15,best,92,best
376,0.015118640518207233,0.015118640518207233,0.002522222560629368,[0.         0.         0.         0.         0.06652508 0.         0.         0.         0.         0.         0.         0.         0.         0.         0.         0.         0.         0.         0.         0.         0.         0.         0.         0.         0.         0.01023509 0.         0.01039082 0.         0.         0.72524248],[0. 0. 0. 0. 1. 0. 0. 0. 0. 0. 0. 0. 0. 0. 0. 0. 0. 0. 0. 0. 0. 0. 0. 0. 0. 1. 0. 1. 0. 0. 1.],500,100,0.1,0.0025,1,15,best,92,best
377,0.015118640518207233,0.015118640518207233,0.002522222560629368,[0.         0.         0.         0.         0.06652508 0.         0.         0.         0.         0.         0.         0.         0.         0.         0.         0.         0.         0.         0.         0.         0.         0.         0.         0.         0.         0.01023509 0.         0.01039082 0.         0.         0.72524248],[0. 0. 0. 0. 1. 0. 0. 0. 0. 0. 0. 0. 0. 0. 0. 0. 0. 0. 0. 0. 0. 0. 0. 0. 0. 1. 0. 1. 0. 0. 1.],500,100,0.1,0.0025,1,15,best,92,best
378,0.015118640518207233,0.015118640518207233,0.002522222560629368,[0.         0.         0.         0.         0.06652508 0.         0.         0.         0.         0.         0.         0.         0.         0.         0.         0.         0.         0.         0.         0.         0.         0.         0.         0.         0.         0.01023509 0.         0.01039082 0.         0.         0.72524248],[0. 0. 0. 0. 1. 0. 0. 0. 0. 0. 0. 0. 0. 0. 0. 0. 0. 0. 0. 0. 0. 0. 0. 0. 0. 1. 0. 1. 0. 0. 1.],500,100,0.1,0.0025,1,15,best,92,best
379,0.015118640518207233,0.015118640518207233,0.002522222560629368,[0.         0.         0.         0.         0.06652508 0.         0.         0.         0.         0.         0.         0.         0.         0.         0.         0.         0.         0.         0.         0.         0.         0.         0.         0.         0.         0.01023509 0.         0.01039082 0.         0.         0.72524248],[0. 0. 0. 0. 1. 0. 0. 0. 0. 0. 0. 0. 0. 0. 0. 0. 0. 0. 0. 0. 0. 0. 0. 0. 0. 1. 0. 1. 0. 0. 1.],500,100,0.1,0.0025,1,15,best,92,best
380,0.015118640518207233,0.015118640518207233,0.002522222560629368,[0.         0.         0.         0.         0.06652508 0.         0.         0.         0.         0.         0.         0.         0.         0.         0.         0.         0.         0.         0.         0.         0.         0.         0.         0.         0.         0.01023509 0.         0.01039082 0.         0.         0.72524248],[0. 0. 0. 0. 1. 0. 0. 0. 0. 0. 0. 0. 0. 0. 0. 0. 0. 0. 0. 0. 0. 0. 0. 0. 0. 1. 0. 1. 0. 0. 1.],500,100,0.1,0.0025,1,15,best,92,best
381,0.015118640518207233,0.015118640518207233,0.002522222560629368,[0.         0.         0.         0.         0.06652508 0.         0.         0.         0.         0.         0.         0.         0.         0.         0.         0.         0.         0.         0.         0.         0.         0.         0.         0.         0.         0.01023509 0.         0.01039082 0.         0.         0.72524248],[0. 0. 0. 0. 1. 0. 0. 0. 0. 0. 0. 0. 0. 0. 0. 0. 0. 0. 0. 0. 0. 0. 0. 0. 0. 1. 0. 1. 0. 0. 1.],500,100,0.1,0.0025,1,15,best,92,best
382,0.015118640518207233,0.015118640518207233,0.002522222560629368,[0.         0.         0.         0.         0.06652508 0.         0.         0.         0.         0.         0.         0.         0.         0.         0.         0.         0.         0.         0.         0.         0.         0.         0.         0.         0.         0.01023509 0.         0.01039082 0.         0.         0.72524248],[0. 0. 0. 0. 1. 0. 0. 0. 0. 0. 0. 0. 0. 0. 0. 0. 0. 0. 0. 0. 0. 0. 0. 0. 0. 1. 0. 1. 0. 0. 1.],500,100,0.1,0.0025,1,15,best,92,best
383,0.015118640518207233,0.015118640518207233,0.002522222560629368,[0.         0.         0.         0.         0.06652508 0.         0.         0.         0.         0.         0.         0.         0.         0.         0.         0.         0.         0.         0.         0.         0.         0.         0.         0.         0.         0.01023509 0.         0.01039082 0.         0.         0.72524248],[0. 0. 0. 0. 1. 0. 0. 0. 0. 0. 0. 0. 0. 0. 0. 0. 0. 0. 0. 0. 0. 0. 0. 0. 0. 1. 0. 1. 0. 0. 1.],500,100,0.1,0.0025,1,15,best,92,best
384,0.015118640518207233,0.015118640518207233,0.002522222560629368,[0.         0.         0.         0.         0.06652508 0.         0.         0.         0.         0.         0.         0.         0.         0.         0.         0.         0.         0.         0.         0.         0.         0.         0.         0.         0.         0.01023509 0.         0.01039082 0.         0.         0.72524248],[0. 0. 0. 0. 1. 0. 0. 0. 0. 0. 0. 0. 0. 0. 0. 0. 0. 0. 0. 0. 0. 0. 0. 0. 0. 1. 0. 1. 0. 0. 1.],500,100,0.1,0.0025,1,15,best,92,best
385,0.015118640518207233,0.015118640518207233,0.002522222560629368,[0.         0.         0.         0.         0.06652508 0.         0.         0.         0.         0.         0.         0.         0.         0.         0.         0.         0.         0.         0.         0.         0.         0.         0.         0.         0.         0.01023509 0.         0.01039082 0.         0.         0.72524248],[0. 0. 0. 0. 1. 0. 0. 0. 0. 0. 0. 0. 0. 0. 0. 0. 0. 0. 0. 0. 0. 0. 0. 0. 0. 1. 0. 1. 0. 0. 1.],500,100,0.1,0.0025,1,15,best,92,best
386,0.015118640518207233,0.015118640518207233,0.002522222560629368,[0.         0.         0.         0.         0.06652508 0.         0.         0.         0.         0.         0.         0.         0.         0.         0.         0.         0.         0.         0.         0.         0.         0.         0.         0.         0.         0.01023509 0.         0.01039082 0.         0.         0.72524248],[0. 0. 0. 0. 1. 0. 0. 0. 0. 0. 0. 0. 0. 0. 0. 0. 0. 0. 0. 0. 0. 0. 0. 0. 0. 1. 0. 1. 0. 0. 1.],500,100,0.1,0.0025,1,15,best,92,best
387,0.015118640518207233,0.015118640518207233,0.002522222560629368,[0.         0.         0.         0.         0.06652508 0.         0.         0.         0.         0.         0.         0.         0.         0.         0.         0.         0.         0.         0.         0.         0.         0.         0.         0.         0.         0.01023509 0.         0.01039082 0.         0.         0.72524248],[0. 0. 0. 0. 1. 0. 0. 0. 0. 0. 0. 0. 0. 0. 0. 0. 0. 0. 0. 0. 0. 0. 0. 0. 0. 1. 0. 1. 0. 0. 1.],500,100,0.1,0.0025,1,15,best,92,best
388,0.015118640518207233,0.015118640518207233,0.002522222560629368,[0.         0.         0.         0.         0.06652508 0.         0.         0.         0.         0.         0.         0.         0.         0.         0.         0.         0.         0.         0.         0.         0.         0.         0.         0.         0.         0.01023509 0.         0.01039082 0.         0.         0.72524248],[0. 0. 0. 0. 1. 0. 0. 0. 0. 0. 0. 0. 0. 0. 0. 0. 0. 0. 0. 0. 0. 0. 0. 0. 0. 1. 0. 1. 0. 0. 1.],500,100,0.1,0.0025,1,15,best,92,best
389,0.015118640518207233,0.015118640518207233,0.002522222560629368,[0.         0.         0.         0.         0.06652508 0.         0.         0.         0.         0.         0.         0.         0.         0.         0.         0.         0.         0.         0.         0.         0.         0.         0.         0.         0.         0.01023509 0.         0.01039082 0.         0.         0.72524248],[0. 0. 0. 0. 1. 0. 0. 0. 0. 0. 0. 0. 0. 0. 0. 0. 0. 0. 0. 0. 0. 0. 0. 0. 0. 1. 0. 1. 0. 0. 1.],500,100,0.1,0.0025,1,15,best,92,best
390,0.015118640518207233,0.015118640518207233,0.002522222560629368,[0.         0.         0.         0.         0.06652508 0.         0.         0.         0.         0.         0.         0.         0.         0.         0.         0.         0.         0.         0.         0.         0.         0.         0.         0.         0.         0.01023509 0.         0.01039082 0.         0.         0.72524248],[0. 0. 0. 0. 1. 0. 0. 0. 0. 0. 0. 0. 0. 0. 0. 0. 0. 0. 0. 0. 0. 0. 0. 0. 0. 1. 0. 1. 0. 0. 1.],500,100,0.1,0.0025,1,15,best,92,best
391,0.015118640518207233,0.015118640518207233,0.002522222560629368,[0.         0.         0.         0.         0.06652508 0.         0.         0.         0.         0.         0.         0.         0.         0.         0.         0.         0.         0.         0.         0.         0.         0.         0.         0.         0.         0.01023509 0.         0.01039082 0.         0.         0.72524248],[0. 0. 0. 0. 1. 0. 0. 0. 0. 0. 0. 0. 0. 0. 0. 0. 0. 0. 0. 0. 0. 0. 0. 0. 0. 1. 0. 1. 0. 0. 1.],500,100,0.1,0.0025,1,15,best,92,best
392,0.015118640518207233,0.015118640518207233,0.002522222560629368,[0.         0.         0.         0.         0.06652508 0.         0.         0.         0.         0.         0.         0.         0.         0.         0.         0.         0.         0.         0.         0.         0.         0.         0.         0.         0.         0.01023509 0.         0.01039082 0.         0.         0.72524248],[0. 0. 0. 0. 1. 0. 0. 0. 0. 0. 0. 0. 0. 0. 0. 0. 0. 0. 0. 0. 0. 0. 0. 0. 0. 1. 0. 1. 0. 0. 1.],500,100,0.1,0.0025,1,15,best,92,best
393,0.015118640518207233,0.015118640518207233,0.002522222560629368,[0.         0.         0.         0.         0.06652508 0.         0.         0.         0.         0.         0.         0.         0.         0.         0.         0.         0.         0.         0.         0.         0.         0.         0.         0.         0.         0.01023509 0.         0.01039082 0.         0.         0.72524248],[0. 0. 0. 0. 1. 0. 0. 0. 0. 0. 0. 0. 0. 0. 0. 0. 0. 0. 0. 0. 0. 0. 0. 0. 0. 1. 0. 1. 0. 0. 1.],500,100,0.1,0.0025,1,15,best,92,best
394,0.015118640518207233,0.015118640518207233,0.002522222560629368,[0.         0.         0.         0.         0.06652508 0.         0.         0.         0.         0.         0.         0.         0.         0.         0.         0.         0.         0.         0.         0.         0.         0.         0.         0.         0.         0.01023509 0.         0.01039082 0.         0.         0.72524248],[0. 0. 0. 0. 1. 0. 0. 0. 0. 0. 0. 0. 0. 0. 0. 0. 0. 0. 0. 0. 0. 0. 0. 0. 0. 1. 0. 1. 0. 0. 1.],500,100,0.1,0.0025,1,15,best,92,best
395,0.015118640518207233,0.015118640518207233,0.002522222560629368,[0.         0.         0.         0.         0.06652508 0.         0.         0.         0.         0.         0.         0.         0.         0.         0.         0.         0.         0.         0.         0.         0.         0.         0.         0.         0.         0.01023509 0.         0.01039082 0.         0.         0.72524248],[0. 0. 0. 0. 1. 0. 0. 0. 0. 0. 0. 0. 0. 0. 0. 0. 0. 0. 0. 0. 0. 0. 0. 0. 0. 1. 0. 1. 0. 0. 1.],500,100,0.1,0.0025,1,15,best,92,best
396,0.015118640518207233,0.015118640518207233,0.002522222560629368,[0.         0.         0.         0.         0.06652508 0.         0.         0.         0.         0.         0.         0.         0.         0.         0.         0.         0.         0.         0.         0.         0.         0.         0.         0.         0.         0.01023509 0.         0.01039082 0.         0.         0.72524248],[0. 0. 0. 0. 1. 0. 0. 0. 0. 0. 0. 0. 0. 0. 0. 0. 0. 0. 0. 0. 0. 0. 0. 0. 0. 1. 0. 1. 0. 0. 1.],500,100,0.1,0.0025,1,15,best,92,best
397,0.015118640518207233,0.015118640518207233,0.002522222560629368,[0.         0.         0.         0.         0.06652508 0.         0.         0.         0.         0.         0.         0.         0.         0.         0.         0.         0.         0.         0.         0.         0.         0.         0.         0.         0.         0.01023509 0.         0.01039082 0.         0.         0.72524248],[0. 0. 0. 0. 1. 0. 0. 0. 0. 0. 0. 0. 0. 0. 0. 0. 0. 0. 0. 0. 0. 0. 0. 0. 0. 1. 0. 1. 0. 0. 1.],500,100,0.1,0.0025,1,15,best,92,best
398,0.015118640518207233,0.015118640518207233,0.002522222560629368,[0.         0.         0.         0.         0.06652508 0.         0.         0.         0.         0.         0.         0.         0.         0.         0.         0.         0.         0.         0.         0.         0.         0.         0.         0.         0.         0.01023509 0.         0.01039082 0.         0.         0.72524248],[0. 0. 0. 0. 1. 0. 0. 0. 0. 0. 0. 0. 0. 0. 0. 0. 0. 0. 0. 0. 0. 0. 0. 0. 0. 1. 0. 1. 0. 0. 1.],500,100,0.1,0.0025,1,15,best,92,best
399,0.015118640518207233,0.015118640518207233,0.002522222560629368,[0.         0.         0.         0.         0.06652508 0.         0.         0.         0.         0.         0.         0.         0.         0.         0.         0.         0.         0.         0.         0.         0.         0.         0.         0.         0.         0.01023509 0.         0.01039082 0.         0.         0.72524248],[0. 0. 0. 0. 1. 0. 0. 0. 0. 0. 0. 0. 0. 0. 0. 0. 0. 0. 0. 0. 0. 0. 0. 0. 0. 1. 0. 1. 0. 0. 1.],500,100,0.1,0.0025,1,15,best,92,best
400,0.015118640518207233,0.015118640518207233,0.002522222560629368,[0.         0.         0.         0.         0.06652508 0.         0.         0.         0.         0.         0.         0.         0.         0.         0.         0.         0.         0.         0.         0.         0.         0.         0.         0.         0.         0.01023509 0.         0.01039082 0.         0.         0.72524248],[0. 0. 0. 0. 1. 0. 0. 0. 0. 0. 0. 0. 0. 0. 0. 0. 0. 0. 0. 0. 0. 0. 0. 0. 0. 1. 0. 1. 0. 0. 1.],500,100,0.1,0.0025,1,15,best,92,best
401,0.015118640518207233,0.015118640518207233,0.002522222560629368,[0.         0.         0.         0.         0.06652508 0.         0.         0.         0.         0.         0.         0.         0.         0.         0.         0.         0.         0.         0.         0.         0.         0.         0.         0.         0.         0.01023509 0.         0.01039082 0.         0.         0.72524248],[0. 0. 0. 0. 1. 0. 0. 0. 0. 0. 0. 0. 0. 0. 0. 0. 0. 0. 0. 0. 0. 0. 0. 0. 0. 1. 0. 1. 0. 0. 1.],500,100,0.1,0.0025,1,15,best,92,best
402,0.015118640518207233,0.015118640518207233,0.002522222560629368,[0.         0.         0.         0.         0.06652508 0.         0.         0.         0.         0.         0.         0.         0.         0.         0.         0.         0.         0.         0.         0.         0.         0.         0.         0.         0.         0.01023509 0.         0.01039082 0.         0.         0.72524248],[0. 0. 0. 0. 1. 0. 0. 0. 0. 0. 0. 0. 0. 0. 0. 0. 0. 0. 0. 0. 0. 0. 0. 0. 0. 1. 0. 1. 0. 0. 1.],500,100,0.1,0.0025,1,15,best,92,best
403,0.015118640518207233,0.015118640518207233,0.002522222560629368,[0.         0.         0.         0.         0.06652508 0.         0.         0.         0.         0.         0.         0.         0.         0.         0.         0.         0.         0.         0.         0.         0.         0.         0.         0.         0.         0.01023509 0.         0.01039082 0.         0.         0.72524248],[0. 0. 0. 0. 1. 0. 0. 0. 0. 0. 0. 0. 0. 0. 0. 0. 0. 0. 0. 0. 0. 0. 0. 0. 0. 1. 0. 1. 0. 0. 1.],500,100,0.1,0.0025,1,15,best,92,best
404,0.015118640518207233,0.015118640518207233,0.002522222560629368,[0.         0.         0.         0.         0.06652508 0.         0.         0.         0.         0.         0.         0.         0.         0.         0.         0.         0.         0.         0.         0.         0.         0.         0.         0.         0.         0.01023509 0.         0.01039082 0.         0.         0.72524248],[0. 0. 0. 0. 1. 0. 0. 0. 0. 0. 0. 0. 0. 0. 0. 0. 0. 0. 0. 0. 0. 0. 0. 0. 0. 1. 0. 1. 0. 0. 1.],500,100,0.1,0.0025,1,15,best,92,best
405,0.015118640518207233,0.015118640518207233,0.002522222560629368,[0.         0.         0.         0.         0.06652508 0.         0.         0.         0.         0.         0.         0.         0.         0.         0.         0.         0.         0.         0.         0.         0.         0.         0.         0.         0.         0.01023509 0.         0.01039082 0.         0.         0.72524248],[0. 0. 0. 0. 1. 0. 0. 0. 0. 0. 0. 0. 0. 0. 0. 0. 0. 0. 0. 0. 0. 0. 0. 0. 0. 1. 0. 1. 0. 0. 1.],500,100,0.1,0.0025,1,15,best,92,best
406,0.015118640518207233,0.015118640518207233,0.002522222560629368,[0.         0.         0.         0.         0.06652508 0.         0.         0.         0.         0.         0.         0.         0.         0.         0.         0.         0.         0.         0.         0.         0.         0.         0.         0.         0.         0.01023509 0.         0.01039082 0.         0.         0.72524248],[0. 0. 0. 0. 1. 0. 0. 0. 0. 0. 0. 0. 0. 0. 0. 0. 0. 0. 0. 0. 0. 0. 0. 0. 0. 1. 0. 1. 0. 0. 1.],500,100,0.1,0.0025,1,15,best,92,best
407,0.015118640518207233,0.015118640518207233,0.002522222560629368,[0.         0.         0.         0.         0.06652508 0.         0.         0.         0.         0.         0.         0.         0.         0.         0.         0.         0.         0.         0.         0.         0.         0.         0.         0.         0.         0.01023509 0.         0.01039082 0.         0.         0.72524248],[0. 0. 0. 0. 1. 0. 0. 0. 0. 0. 0. 0. 0. 0. 0. 0. 0. 0. 0. 0. 0. 0. 0. 0. 0. 1. 0. 1. 0. 0. 1.],500,100,0.1,0.0025,1,15,best,92,best
408,0.015118640518207233,0.015118640518207233,0.002522222560629368,[0.         0.         0.         0.         0.06652508 0.         0.         0.         0.         0.         0.         0.         0.         0.         0.         0.         0.         0.         0.         0.         0.         0.         0.         0.         0.         0.01023509 0.         0.01039082 0.         0.         0.72524248],[0. 0. 0. 0. 1. 0. 0. 0. 0. 0. 0. 0. 0. 0. 0. 0. 0. 0. 0. 0. 0. 0. 0. 0. 0. 1. 0. 1. 0. 0. 1.],500,100,0.1,0.0025,1,15,best,92,best
409,0.015118640518207233,0.015118640518207233,0.002522222560629368,[0.         0.         0.         0.         0.06652508 0.         0.         0.         0.         0.         0.         0.         0.         0.         0.         0.         0.         0.         0.         0.         0.         0.         0.         0.         0.         0.01023509 0.         0.01039082 0.         0.         0.72524248],[0. 0. 0. 0. 1. 0. 0. 0. 0. 0. 0. 0. 0. 0. 0. 0. 0. 0. 0. 0. 0. 0. 0. 0. 0. 1. 0. 1. 0. 0. 1.],500,100,0.1,0.0025,1,15,best,92,best
410,0.015118640518207233,0.015118640518207233,0.002522222560629368,[0.         0.         0.         0.         0.06652508 0.         0.         0.         0.         0.         0.         0.         0.         0.         0.         0.         0.         0.         0.         0.         0.         0.         0.         0.         0.         0.01023509 0.         0.01039082 0.         0.         0.72524248],[0. 0. 0. 0. 1. 0. 0. 0. 0. 0. 0. 0. 0. 0. 0. 0. 0. 0. 0. 0. 0. 0. 0. 0. 0. 1. 0. 1. 0. 0. 1.],500,100,0.1,0.0025,1,15,best,92,best
411,0.015118640518207233,0.015118640518207233,0.002522222560629368,[0.         0.         0.         0.         0.06652508 0.         0.         0.         0.         0.         0.         0.         0.         0.         0.         0.         0.         0.         0.         0.         0.         0.         0.         0.         0.         0.01023509 0.         0.01039082 0.         0.         0.72524248],[0. 0. 0. 0. 1. 0. 0. 0. 0. 0. 0. 0. 0. 0. 0. 0. 0. 0. 0. 0. 0. 0. 0. 0. 0. 1. 0. 1. 0. 0. 1.],500,100,0.1,0.0025,1,15,best,92,best
412,0.015118640518207233,0.015118640518207233,0.002522222560629368,[0.         0.         0.         0.         0.06652508 0.         0.         0.         0.         0.         0.         0.         0.         0.         0.         0.         0.         0.         0.         0.         0.         0.         0.         0.         0.         0.01023509 0.         0.01039082 0.         0.         0.72524248],[0. 0. 0. 0. 1. 0. 0. 0. 0. 0. 0. 0. 0. 0. 0. 0. 0. 0. 0. 0. 0. 0. 0. 0. 0. 1. 0. 1. 0. 0. 1.],500,100,0.1,0.0025,1,15,best,92,best
413,0.015118640518207233,0.015118640518207233,0.002522222560629368,[0.         0.         0.         0.         0.06652508 0.         0.         0.         0.         0.         0.         0.         0.         0.         0.         0.         0.         0.         0.         0.         0.         0.         0.         0.         0.         0.01023509 0.         0.01039082 0.         0.         0.72524248],[0. 0. 0. 0. 1. 0. 0. 0. 0. 0. 0. 0. 0. 0. 0. 0. 0. 0. 0. 0. 0. 0. 0. 0. 0. 1. 0. 1. 0. 0. 1.],500,100,0.1,0.0025,1,15,best,92,best
414,0.015118640518207233,0.015118640518207233,0.002522222560629368,[0.         0.         0.         0.         0.06652508 0.         0.         0.         0.         0.         0.         0.         0.         0.         0.         0.         0.         0.         0.         0.         0.         0.         0.         0.         0.         0.01023509 0.         0.01039082 0.         0.         0.72524248],[0. 0. 0. 0. 1. 0. 0. 0. 0. 0. 0. 0. 0. 0. 0. 0. 0. 0. 0. 0. 0. 0. 0. 0. 0. 1. 0. 1. 0. 0. 1.],500,100,0.1,0.0025,1,15,best,92,best
415,0.015118640518207233,0.015118640518207233,0.002522222560629368,[0.         0.         0.         0.         0.06652508 0.         0.         0.         0.         0.         0.         0.         0.         0.         0.         0.         0.         0.         0.         0.         0.         0.         0.         0.         0.         0.01023509 0.         0.01039082 0.         0.         0.72524248],[0. 0. 0. 0. 1. 0. 0. 0. 0. 0. 0. 0. 0. 0. 0. 0. 0. 0. 0. 0. 0. 0. 0. 0. 0. 1. 0. 1. 0. 0. 1.],500,100,0.1,0.0025,1,15,best,92,best
416,0.015118640518207233,0.015118640518207233,0.002522222560629368,[0.         0.         0.         0.         0.06652508 0.         0.         0.         0.         0.         0.         0.         0.         0.         0.         0.         0.         0.         0.         0.         0.         0.         0.         0.         0.         0.01023509 0.         0.01039082 0.         0.         0.72524248],[0. 0. 0. 0. 1. 0. 0. 0. 0. 0. 0. 0. 0. 0. 0. 0. 0. 0. 0. 0. 0. 0. 0. 0. 0. 1. 0. 1. 0. 0. 1.],500,100,0.1,0.0025,1,15,best,92,best
417,0.015118640518207233,0.015118640518207233,0.002522222560629368,[0.         0.         0.         0.         0.06652508 0.         0.         0.         0.         0.         0.         0.         0.         0.         0.         0.         0.         0.         0.         0.         0.         0.         0.         0.         0.         0.01023509 0.         0.01039082 0.         0.         0.72524248],[0. 0. 0. 0. 1. 0. 0. 0. 0. 0. 0. 0. 0. 0. 0. 0. 0. 0. 0. 0. 0. 0. 0. 0. 0. 1. 0. 1. 0. 0. 1.],500,100,0.1,0.0025,1,15,best,92,best
418,0.015118640518207233,0.015118640518207233,0.002522222560629368,[0.         0.         0.         0.         0.06652508 0.         0.         0.         0.         0.         0.         0.         0.         0.         0.         0.         0.         0.         0.         0.         0.         0.         0.         0.         0.         0.01023509 0.         0.01039082 0.         0.         0.72524248],[0. 0. 0. 0. 1. 0. 0. 0. 0. 0. 0. 0. 0. 0. 0. 0. 0. 0. 0. 0. 0. 0. 0. 0. 0. 1. 0. 1. 0. 0. 1.],500,100,0.1,0.0025,1,15,best,92,best
419,0.015118640518207233,0.015118640518207233,0.002522222560629368,[0.         0.         0.         0.         0.06652508 0.         0.         0.         0.         0.         0.         0.         0.         0.         0.         0.         0.         0.         0.         0.         0.         0.         0.         0.         0.         0.01023509 0.         0.01039082 0.         0.         0.72524248],[0. 0. 0. 0. 1. 0. 0. 0. 0. 0. 0. 0. 0. 0. 0. 0. 0. 0. 0. 0. 0. 0. 0. 0. 0. 1. 0. 1. 0. 0. 1.],500,100,0.1,0.0025,1,15,best,92,best
420,0.015118640518207233,0.015118640518207233,0.002522222560629368,[0.         0.         0.         0.         0.06652508 0.         0.         0.         0.         0.         0.         0.         0.         0.         0.         0.         0.         0.         0.         0.         0.         0.         0.         0.         0.         0.01023509 0.         0.01039082 0.         0.         0.72524248],[0. 0. 0. 0. 1. 0. 0. 0. 0. 0. 0. 0. 0. 0. 0. 0. 0. 0. 0. 0. 0. 0. 0. 0. 0. 1. 0. 1. 0. 0. 1.],500,100,0.1,0.0025,1,15,best,92,best
421,0.015118640518207233,0.015118640518207233,0.002522222560629368,[0.         0.         0.         0.         0.06652508 0.         0.         0.         0.         0.         0.         0.         0.         0.         0.         0.         0.         0.         0.         0.         0.         0.         0.         0.         0.         0.01023509 0.         0.01039082 0.         0.         0.72524248],[0. 0. 0. 0. 1. 0. 0. 0. 0. 0. 0. 0. 0. 0. 0. 0. 0. 0. 0. 0. 0. 0. 0. 0. 0. 1. 0. 1. 0. 0. 1.],500,100,0.1,0.0025,1,15,best,92,best
422,0.015118640518207233,0.015118640518207233,0.002522222560629368,[0.         0.         0.         0.         0.06652508 0.         0.         0.         0.         0.         0.         0.         0.         0.         0.         0.         0.         0.         0.         0.         0.         0.         0.         0.         0.         0.01023509 0.         0.01039082 0.         0.         0.72524248],[0. 0. 0. 0. 1. 0. 0. 0. 0. 0. 0. 0. 0. 0. 0. 0. 0. 0. 0. 0. 0. 0. 0. 0. 0. 1. 0. 1. 0. 0. 1.],500,100,0.1,0.0025,1,15,best,92,best
423,0.015118640518207233,0.015118640518207233,0.002522222560629368,[0.         0.         0.         0.         0.06652508 0.         0.         0.         0.         0.         0.         0.         0.         0.         0.         0.         0.         0.         0.         0.         0.         0.         0.         0.         0.         0.01023509 0.         0.01039082 0.         0.         0.72524248],[0. 0. 0. 0. 1. 0. 0. 0. 0. 0. 0. 0. 0. 0. 0. 0. 0. 0. 0. 0. 0. 0. 0. 0. 0. 1. 0. 1. 0. 0. 1.],500,100,0.1,0.0025,1,15,best,92,best
424,0.015118640518207233,0.015118640518207233,0.002522222560629368,[0.         0.         0.         0.         0.06652508 0.         0.         0.         0.         0.         0.         0.         0.         0.         0.         0.         0.         0.         0.         0.         0.         0.         0.         0.         0.         0.01023509 0.         0.01039082 0.         0.         0.72524248],[0. 0. 0. 0. 1. 0. 0. 0. 0. 0. 0. 0. 0. 0. 0. 0. 0. 0. 0. 0. 0. 0. 0. 0. 0. 1. 0. 1. 0. 0. 1.],500,100,0.1,0.0025,1,15,best,92,best
425,0.015118640518207233,0.015118640518207233,0.002522222560629368,[0.         0.         0.         0.         0.06652508 0.         0.         0.         0.         0.         0.         0.         0.         0.         0.         0.         0.         0.         0.         0.         0.         0.         0.         0.         0.         0.01023509 0.         0.01039082 0.         0.         0.72524248],[0. 0. 0. 0. 1. 0. 0. 0. 0. 0. 0. 0. 0. 0. 0. 0. 0. 0. 0. 0. 0. 0. 0. 0. 0. 1. 0. 1. 0. 0. 1.],500,100,0.1,0.0025,1,15,best,92,best
426,0.015118640518207233,0.015118640518207233,0.002522222560629368,[0.         0.         0.         0.         0.06652508 0.         0.         0.         0.         0.         0.         0.         0.         0.         0.         0.         0.         0.         0.         0.         0.         0.         0.         0.         0.         0.01023509 0.         0.01039082 0.         0.         0.72524248],[0. 0. 0. 0. 1. 0. 0. 0. 0. 0. 0. 0. 0. 0. 0. 0. 0. 0. 0. 0. 0. 0. 0. 0. 0. 1. 0. 1. 0. 0. 1.],500,100,0.1,0.0025,1,15,best,92,best
427,0.015118640518207233,0.015118640518207233,0.002522222560629368,[0.         0.         0.         0.         0.06652508 0.         0.         0.         0.         0.         0.         0.         0.         0.         0.         0.         0.         0.         0.         0.         0.         0.         0.         0.         0.         0.01023509 0.         0.01039082 0.         0.         0.72524248],[0. 0. 0. 0. 1. 0. 0. 0. 0. 0. 0. 0. 0. 0. 0. 0. 0. 0. 0. 0. 0. 0. 0. 0. 0. 1. 0. 1. 0. 0. 1.],500,100,0.1,0.0025,1,15,best,92,best
428,0.015118640518207233,0.015118640518207233,0.002522222560629368,[0.         0.         0.         0.         0.06652508 0.         0.         0.         0.         0.         0.         0.         0.         0.         0.         0.         0.         0.         0.         0.         0.         0.         0.         0.         0.         0.01023509 0.         0.01039082 0.         0.         0.72524248],[0. 0. 0. 0. 1. 0. 0. 0. 0. 0. 0. 0. 0. 0. 0. 0. 0. 0. 0. 0. 0. 0. 0. 0. 0. 1. 0. 1. 0. 0. 1.],500,100,0.1,0.0025,1,15,best,92,best
429,0.015118640518207233,0.015118640518207233,0.002522222560629368,[0.         0.         0.         0.         0.06652508 0.         0.         0.         0.         0.         0.         0.         0.         0.         0.         0.         0.         0.         0.         0.         0.         0.         0.         0.         0.         0.01023509 0.         0.01039082 0.         0.         0.72524248],[0. 0. 0. 0. 1. 0. 0. 0. 0. 0. 0. 0. 0. 0. 0. 0. 0. 0. 0. 0. 0. 0. 0. 0. 0. 1. 0. 1. 0. 0. 1.],500,100,0.1,0.0025,1,15,best,92,best
430,0.015118640518207233,0.015118640518207233,0.002522222560629368,[0.         0.         0.         0.         0.06652508 0.         0.         0.         0.         0.         0.         0.         0.         0.         0.         0.         0.         0.         0.         0.         0.         0.         0.         0.         0.         0.01023509 0.         0.01039082 0.         0.         0.72524248],[0. 0. 0. 0. 1. 0. 0. 0. 0. 0. 0. 0. 0. 0. 0. 0. 0. 0. 0. 0. 0. 0. 0. 0. 0. 1. 0. 1. 0. 0. 1.],500,100,0.1,0.0025,1,15,best,92,best
431,0.015118640518207233,0.015118640518207233,0.002522222560629368,[0.         0.         0.         0.         0.06652508 0.         0.         0.         0.         0.         0.         0.         0.         0.         0.         0.         0.         0.         0.         0.         0.         0.         0.         0.         0.         0.01023509 0.         0.01039082 0.         0.         0.72524248],[0. 0. 0. 0. 1. 0. 0. 0. 0. 0. 0. 0. 0. 0. 0. 0. 0. 0. 0. 0. 0. 0. 0. 0. 0. 1. 0. 1. 0. 0. 1.],500,100,0.1,0.0025,1,15,best,92,best
432,0.015118640518207233,0.015118640518207233,0.002522222560629368,[0.         0.         0.         0.         0.06652508 0.         0.         0.         0.         0.         0.         0.         0.         0.         0.         0.         0.         0.         0.         0.         0.         0.         0.         0.         0.         0.01023509 0.         0.01039082 0.         0.         0.72524248],[0. 0. 0. 0. 1. 0. 0. 0. 0. 0. 0. 0. 0. 0. 0. 0. 0. 0. 0. 0. 0. 0. 0. 0. 0. 1. 0. 1. 0. 0. 1.],500,100,0.1,0.0025,1,15,best,92,best
433,0.015118640518207233,0.015118640518207233,0.002522222560629368,[0.         0.         0.         0.         0.06652508 0.         0.         0.         0.         0.         0.         0.         0.         0.         0.         0.         0.         0.         0.         0.         0.         0.         0.         0.         0.         0.01023509 0.         0.01039082 0.         0.         0.72524248],[0. 0. 0. 0. 1. 0. 0. 0. 0. 0. 0. 0. 0. 0. 0. 0. 0. 0. 0. 0. 0. 0. 0. 0. 0. 1. 0. 1. 0. 0. 1.],500,100,0.1,0.0025,1,15,best,92,best
434,0.015118640518207233,0.015118640518207233,0.002522222560629368,[0.         0.         0.         0.         0.06652508 0.         0.         0.         0.         0.         0.         0.         0.         0.         0.         0.         0.         0.         0.         0.         0.         0.         0.         0.         0.         0.01023509 0.         0.01039082 0.         0.         0.72524248],[0. 0. 0. 0. 1. 0. 0. 0. 0. 0. 0. 0. 0. 0. 0. 0. 0. 0. 0. 0. 0. 0. 0. 0. 0. 1. 0. 1. 0. 0. 1.],500,100,0.1,0.0025,1,15,best,92,best
435,0.015118640518207233,0.015118640518207233,0.002522222560629368,[0.         0.         0.         0.         0.06652508 0.         0.         0.         0.         0.         0.         0.         0.         0.         0.         0.         0.         0.         0.         0.         0.         0.         0.         0.         0.         0.01023509 0.         0.01039082 0.         0.         0.72524248],[0. 0. 0. 0. 1. 0. 0. 0. 0. 0. 0. 0. 0. 0. 0. 0. 0. 0. 0. 0. 0. 0. 0. 0. 0. 1. 0. 1. 0. 0. 1.],500,100,0.1,0.0025,1,15,best,92,best
436,0.015118640518207233,0.015118640518207233,0.002522222560629368,[0.         0.         0.         0.         0.06652508 0.         0.         0.         0.         0.         0.         0.         0.         0.         0.         0.         0.         0.         0.         0.         0.         0.         0.         0.         0.         0.01023509 0.         0.01039082 0.         0.         0.72524248],[0. 0. 0. 0. 1. 0. 0. 0. 0. 0. 0. 0. 0. 0. 0. 0. 0. 0. 0. 0. 0. 0. 0. 0. 0. 1. 0. 1. 0. 0. 1.],500,100,0.1,0.0025,1,15,best,92,best
437,0.015118640518207233,0.015118640518207233,0.002522222560629368,[0.         0.         0.         0.         0.06652508 0.         0.         0.         0.         0.         0.         0.         0.         0.         0.         0.         0.         0.         0.         0.         0.         0.         0.         0.         0.         0.01023509 0.         0.01039082 0.         0.         0.72524248],[0. 0. 0. 0. 1. 0. 0. 0. 0. 0. 0. 0. 0. 0. 0. 0. 0. 0. 0. 0. 0. 0. 0. 0. 0. 1. 0. 1. 0. 0. 1.],500,100,0.1,0.0025,1,15,best,92,best
438,0.015118640518207233,0.015118640518207233,0.002522222560629368,[0.         0.         0.         0.         0.06652508 0.         0.         0.         0.         0.         0.         0.         0.         0.         0.         0.         0.         0.         0.         0.         0.         0.         0.         0.         0.         0.01023509 0.         0.01039082 0.         0.         0.72524248],[0. 0. 0. 0. 1. 0. 0. 0. 0. 0. 0. 0. 0. 0. 0. 0. 0. 0. 0. 0. 0. 0. 0. 0. 0. 1. 0. 1. 0. 0. 1.],500,100,0.1,0.0025,1,15,best,92,best
439,0.015118640518207233,0.015118640518207233,0.002522222560629368,[0.         0.         0.         0.         0.06652508 0.         0.         0.         0.         0.         0.         0.         0.         0.         0.         0.         0.         0.         0.         0.         0.         0.         0.         0.         0.         0.01023509 0.         0.01039082 0.         0.         0.72524248],[0. 0. 0. 0. 1. 0. 0. 0. 0. 0. 0. 0. 0. 0. 0. 0. 0. 0. 0. 0. 0. 0. 0. 0. 0. 1. 0. 1. 0. 0. 1.],500,100,0.1,0.0025,1,15,best,92,best
440,0.015118640518207233,0.015118640518207233,0.002522222560629368,[0.         0.         0.         0.         0.06652508 0.         0.         0.         0.         0.         0.         0.         0.         0.         0.         0.         0.         0.         0.         0.         0.         0.         0.         0.         0.         0.01023509 0.         0.01039082 0.         0.         0.72524248],[0. 0. 0. 0. 1. 0. 0. 0. 0. 0. 0. 0. 0. 0. 0. 0. 0. 0. 0. 0. 0. 0. 0. 0. 0. 1. 0. 1. 0. 0. 1.],500,100,0.1,0.0025,1,15,best,92,best
441,0.015118640518207233,0.015118640518207233,0.002522222560629368,[0.         0.         0.         0.         0.06652508 0.         0.         0.         0.         0.         0.         0.         0.         0.         0.         0.         0.         0.         0.         0.         0.         0.         0.         0.         0.         0.01023509 0.         0.01039082 0.         0.         0.72524248],[0. 0. 0. 0. 1. 0. 0. 0. 0. 0. 0. 0. 0. 0. 0. 0. 0. 0. 0. 0. 0. 0. 0. 0. 0. 1. 0. 1. 0. 0. 1.],500,100,0.1,0.0025,1,15,best,92,best
442,0.015118640518207233,0.015118640518207233,0.002522222560629368,[0.         0.         0.         0.         0.06652508 0.         0.         0.         0.         0.         0.         0.         0.         0.         0.         0.         0.         0.         0.         0.         0.         0.         0.         0.         0.         0.01023509 0.         0.01039082 0.         0.         0.72524248],[0. 0. 0. 0. 1. 0. 0. 0. 0. 0. 0. 0. 0. 0. 0. 0. 0. 0. 0. 0. 0. 0. 0. 0. 0. 1. 0. 1. 0. 0. 1.],500,100,0.1,0.0025,1,15,best,92,best
443,0.015118640518207233,0.015118640518207233,0.002522222560629368,[0.         0.         0.         0.         0.06652508 0.         0.         0.         0.         0.         0.         0.         0.         0.         0.         0.         0.         0.         0.         0.         0.         0.         0.         0.         0.         0.01023509 0.         0.01039082 0.         0.         0.72524248],[0. 0. 0. 0. 1. 0. 0. 0. 0. 0. 0. 0. 0. 0. 0. 0. 0. 0. 0. 0. 0. 0. 0. 0. 0. 1. 0. 1. 0. 0. 1.],500,100,0.1,0.0025,1,15,best,92,best
444,0.015118640518207233,0.015118640518207233,0.002522222560629368,[0.         0.         0.         0.         0.06652508 0.         0.         0.         0.         0.         0.         0.         0.         0.         0.         0.         0.         0.         0.         0.         0.         0.         0.         0.         0.         0.01023509 0.         0.01039082 0.         0.         0.72524248],[0. 0. 0. 0. 1. 0. 0. 0. 0. 0. 0. 0. 0. 0. 0. 0. 0. 0. 0. 0. 0. 0. 0. 0. 0. 1. 0. 1. 0. 0. 1.],500,100,0.1,0.0025,1,15,best,92,best
445,0.015118640518207233,0.015118640518207233,0.002522222560629368,[0.         0.         0.         0.         0.06652508 0.         0.         0.         0.         0.         0.         0.         0.         0.         0.         0.         0.         0.         0.         0.         0.         0.         0.         0.         0.         0.01023509 0.         0.01039082 0.         0.         0.72524248],[0. 0. 0. 0. 1. 0. 0. 0. 0. 0. 0. 0. 0. 0. 0. 0. 0. 0. 0. 0. 0. 0. 0. 0. 0. 1. 0. 1. 0. 0. 1.],500,100,0.1,0.0025,1,15,best,92,best
446,0.015118640518207233,0.015118640518207233,0.002522222560629368,[0.         0.         0.         0.         0.06652508 0.         0.         0.         0.         0.         0.         0.         0.         0.         0.         0.         0.         0.         0.         0.         0.         0.         0.         0.         0.         0.01023509 0.         0.01039082 0.         0.         0.72524248],[0. 0. 0. 0. 1. 0. 0. 0. 0. 0. 0. 0. 0. 0. 0. 0. 0. 0. 0. 0. 0. 0. 0. 0. 0. 1. 0. 1. 0. 0. 1.],500,100,0.1,0.0025,1,15,best,92,best
447,0.015118640518207233,0.015118640518207233,0.002522222560629368,[0.         0.         0.         0.         0.06652508 0.         0.         0.         0.         0.         0.         0.         0.         0.         0.         0.         0.         0.         0.         0.         0.         0.         0.         0.         0.         0.01023509 0.         0.01039082 0.         0.         0.72524248],[0. 0. 0. 0. 1. 0. 0. 0. 0. 0. 0. 0. 0. 0. 0. 0. 0. 0. 0. 0. 0. 0. 0. 0. 0. 1. 0. 1. 0. 0. 1.],500,100,0.1,0.0025,1,15,best,92,best
448,0.015118640518207233,0.015118640518207233,0.002522222560629368,[0.         0.         0.         0.         0.06652508 0.         0.         0.         0.         0.         0.         0.         0.         0.         0.         0.         0.         0.         0.         0.         0.         0.         0.         0.         0.         0.01023509 0.         0.01039082 0.         0.         0.72524248],[0. 0. 0. 0. 1. 0. 0. 0. 0. 0. 0. 0. 0. 0. 0. 0. 0. 0. 0. 0. 0. 0. 0. 0. 0. 1. 0. 1. 0. 0. 1.],500,100,0.1,0.0025,1,15,best,92,best
449,0.015118640518207233,0.015118640518207233,0.002522222560629368,[0.         0.         0.         0.         0.06652508 0.         0.         0.         0.         0.         0.         0.         0.         0.         0.         0.         0.         0.         0.         0.         0.         0.         0.         0.         0.         0.01023509 0.         0.01039082 0.         0.         0.72524248],[0. 0. 0. 0. 1. 0. 0. 0. 0. 0. 0. 0. 0. 0. 0. 0. 0. 0. 0. 0. 0. 0. 0. 0. 0. 1. 0. 1. 0. 0. 1.],500,100,0.1,0.0025,1,15,best,92,best
450,0.015118640518207233,0.015118640518207233,0.002522222560629368,[0.         0.         0.         0.         0.06652508 0.         0.         0.         0.         0.         0.         0.         0.         0.         0.         0.         0.         0.         0.         0.         0.         0.         0.         0.         0.         0.01023509 0.         0.01039082 0.         0.         0.72524248],[0. 0. 0. 0. 1. 0. 0. 0. 0. 0. 0. 0. 0. 0. 0. 0. 0. 0. 0. 0. 0. 0. 0. 0. 0. 1. 0. 1. 0. 0. 1.],500,100,0.1,0.0025,1,15,best,92,best
451,0.015118640518207233,0.015118640518207233,0.002522222560629368,[0.         0.         0.         0.         0.06652508 0.         0.         0.         0.         0.         0.         0.         0.         0.         0.         0.         0.         0.         0.         0.         0.         0.         0.         0.         0.         0.01023509 0.         0.01039082 0.         0.         0.72524248],[0. 0. 0. 0. 1. 0. 0. 0. 0. 0. 0. 0. 0. 0. 0. 0. 0. 0. 0. 0. 0. 0. 0. 0. 0. 1. 0. 1. 0. 0. 1.],500,100,0.1,0.0025,1,15,best,92,best
452,0.015118640518207233,0.015118640518207233,0.002522222560629368,[0.         0.         0.         0.         0.06652508 0.         0.         0.         0.         0.         0.         0.         0.         0.         0.         0.         0.         0.         0.         0.         0.         0.         0.         0.         0.         0.01023509 0.         0.01039082 0.         0.         0.72524248],[0. 0. 0. 0. 1. 0. 0. 0. 0. 0. 0. 0. 0. 0. 0. 0. 0. 0. 0. 0. 0. 0. 0. 0. 0. 1. 0. 1. 0. 0. 1.],500,100,0.1,0.0025,1,15,best,92,best
453,0.015118640518207233,0.015118640518207233,0.002522222560629368,[0.         0.         0.         0.         0.06652508 0.         0.         0.         0.         0.         0.         0.         0.         0.         0.         0.         0.         0.         0.         0.         0.         0.         0.         0.         0.         0.01023509 0.         0.01039082 0.         0.         0.72524248],[0. 0. 0. 0. 1. 0. 0. 0. 0. 0. 0. 0. 0. 0. 0. 0. 0. 0. 0. 0. 0. 0. 0. 0. 0. 1. 0. 1. 0. 0. 1.],500,100,0.1,0.0025,1,15,best,92,best
454,0.015118640518207233,0.015118640518207233,0.002522222560629368,[0.         0.         0.         0.         0.06652508 0.         0.         0.         0.         0.         0.         0.         0.         0.         0.         0.         0.         0.         0.         0.         0.         0.         0.         0.         0.         0.01023509 0.         0.01039082 0.         0.         0.72524248],[0. 0. 0. 0. 1. 0. 0. 0. 0. 0. 0. 0. 0. 0. 0. 0. 0. 0. 0. 0. 0. 0. 0. 0. 0. 1. 0. 1. 0. 0. 1.],500,100,0.1,0.0025,1,15,best,92,best
455,0.015118640518207233,0.015118640518207233,0.002522222560629368,[0.         0.         0.         0.         0.06652508 0.         0.         0.         0.         0.         0.         0.         0.         0.         0.         0.         0.         0.         0.         0.         0.         0.         0.         0.         0.         0.01023509 0.         0.01039082 0.         0.         0.72524248],[0. 0. 0. 0. 1. 0. 0. 0. 0. 0. 0. 0. 0. 0. 0. 0. 0. 0. 0. 0. 0. 0. 0. 0. 0. 1. 0. 1. 0. 0. 1.],500,100,0.1,0.0025,1,15,best,92,best
456,0.015118640518207233,0.015118640518207233,0.002522222560629368,[0.         0.         0.         0.         0.06652508 0.         0.         0.         0.         0.         0.         0.         0.         0.         0.         0.         0.         0.         0.         0.         0.         0.         0.         0.         0.         0.01023509 0.         0.01039082 0.         0.         0.72524248],[0. 0. 0. 0. 1. 0. 0. 0. 0. 0. 0. 0. 0. 0. 0. 0. 0. 0. 0. 0. 0. 0. 0. 0. 0. 1. 0. 1. 0. 0. 1.],500,100,0.1,0.0025,1,15,best,92,best
457,0.015118640518207233,0.015118640518207233,0.002522222560629368,[0.         0.         0.         0.         0.06652508 0.         0.         0.         0.         0.         0.         0.         0.         0.         0.         0.         0.         0.         0.         0.         0.         0.         0.         0.         0.         0.01023509 0.         0.01039082 0.         0.         0.72524248],[0. 0. 0. 0. 1. 0. 0. 0. 0. 0. 0. 0. 0. 0. 0. 0. 0. 0. 0. 0. 0. 0. 0. 0. 0. 1. 0. 1. 0. 0. 1.],500,100,0.1,0.0025,1,15,best,92,best
458,0.015118640518207233,0.015118640518207233,0.002522222560629368,[0.         0.         0.         0.         0.06652508 0.         0.         0.         0.         0.         0.         0.         0.         0.         0.         0.         0.         0.         0.         0.         0.         0.         0.         0.         0.         0.01023509 0.         0.01039082 0.         0.         0.72524248],[0. 0. 0. 0. 1. 0. 0. 0. 0. 0. 0. 0. 0. 0. 0. 0. 0. 0. 0. 0. 0. 0. 0. 0. 0. 1. 0. 1. 0. 0. 1.],500,100,0.1,0.0025,1,15,best,92,best
459,0.015118640518207233,0.015118640518207233,0.002522222560629368,[0.         0.         0.         0.         0.06652508 0.         0.         0.         0.         0.         0.         0.         0.         0.         0.         0.         0.         0.         0.         0.         0.         0.         0.         0.         0.         0.01023509 0.         0.01039082 0.         0.         0.72524248],[0. 0. 0. 0. 1. 0. 0. 0. 0. 0. 0. 0. 0. 0. 0. 0. 0. 0. 0. 0. 0. 0. 0. 0. 0. 1. 0. 1. 0. 0. 1.],500,100,0.1,0.0025,1,15,best,92,best
460,0.015118640518207233,0.015118640518207233,0.002522222560629368,[0.         0.         0.         0.         0.06652508 0.         0.         0.         0.         0.         0.         0.         0.         0.         0.         0.         0.         0.         0.         0.         0.         0.         0.         0.         0.         0.01023509 0.         0.01039082 0.         0.         0.72524248],[0. 0. 0. 0. 1. 0. 0. 0. 0. 0. 0. 0. 0. 0. 0. 0. 0. 0. 0. 0. 0. 0. 0. 0. 0. 1. 0. 1. 0. 0. 1.],500,100,0.1,0.0025,1,15,best,92,best
461,0.015118640518207233,0.015118640518207233,0.002522222560629368,[0.         0.         0.         0.         0.06652508 0.         0.         0.         0.         0.         0.         0.         0.         0.         0.         0.         0.         0.         0.         0.         0.         0.         0.         0.         0.         0.01023509 0.         0.01039082 0.         0.         0.72524248],[0. 0. 0. 0. 1. 0. 0. 0. 0. 0. 0. 0. 0. 0. 0. 0. 0. 0. 0. 0. 0. 0. 0. 0. 0. 1. 0. 1. 0. 0. 1.],500,100,0.1,0.0025,1,15,best,92,best
462,0.015118640518207233,0.015118640518207233,0.002522222560629368,[0.         0.         0.         0.         0.06652508 0.         0.         0.         0.         0.         0.         0.         0.         0.         0.         0.         0.         0.         0.         0.         0.         0.         0.         0.         0.         0.01023509 0.         0.01039082 0.         0.         0.72524248],[0. 0. 0. 0. 1. 0. 0. 0. 0. 0. 0. 0. 0. 0. 0. 0. 0. 0. 0. 0. 0. 0. 0. 0. 0. 1. 0. 1. 0. 0. 1.],500,100,0.1,0.0025,1,15,best,92,best
463,0.015118640518207233,0.015118640518207233,0.002522222560629368,[0.         0.         0.         0.         0.06652508 0.         0.         0.         0.         0.         0.         0.         0.         0.         0.         0.         0.         0.         0.         0.         0.         0.         0.         0.         0.         0.01023509 0.         0.01039082 0.         0.         0.72524248],[0. 0. 0. 0. 1. 0. 0. 0. 0. 0. 0. 0. 0. 0. 0. 0. 0. 0. 0. 0. 0. 0. 0. 0. 0. 1. 0. 1. 0. 0. 1.],500,100,0.1,0.0025,1,15,best,92,best
464,0.015118640518207233,0.015118640518207233,0.002522222560629368,[0.         0.         0.         0.         0.06652508 0.         0.         0.         0.         0.         0.         0.         0.         0.         0.         0.         0.         0.         0.         0.         0.         0.         0.         0.         0.         0.01023509 0.         0.01039082 0.         0.         0.72524248],[0. 0. 0. 0. 1. 0. 0. 0. 0. 0. 0. 0. 0. 0. 0. 0. 0. 0. 0. 0. 0. 0. 0. 0. 0. 1. 0. 1. 0. 0. 1.],500,100,0.1,0.0025,1,15,best,92,best
465,0.015118640518207233,0.015118640518207233,0.002522222560629368,[0.         0.         0.         0.         0.06652508 0.         0.         0.         0.         0.         0.         0.         0.         0.         0.         0.         0.         0.         0.         0.         0.         0.         0.         0.         0.         0.01023509 0.         0.01039082 0.         0.         0.72524248],[0. 0. 0. 0. 1. 0. 0. 0. 0. 0. 0. 0. 0. 0. 0. 0. 0. 0. 0. 0. 0. 0. 0. 0. 0. 1. 0. 1. 0. 0. 1.],500,100,0.1,0.0025,1,15,best,92,best
466,0.015118640518207233,0.015118640518207233,0.002522222560629368,[0.         0.         0.         0.         0.06652508 0.         0.         0.         0.         0.         0.         0.         0.         0.         0.         0.         0.         0.         0.         0.         0.         0.         0.         0.         0.         0.01023509 0.         0.01039082 0.         0.         0.72524248],[0. 0. 0. 0. 1. 0. 0. 0. 0. 0. 0. 0. 0. 0. 0. 0. 0. 0. 0. 0. 0. 0. 0. 0. 0. 1. 0. 1. 0. 0. 1.],500,100,0.1,0.0025,1,15,best,92,best
467,0.015118640518207233,0.015118640518207233,0.002522222560629368,[0.         0.         0.         0.         0.06652508 0.         0.         0.         0.         0.         0.         0.         0.         0.         0.         0.         0.         0.         0.         0.         0.         0.         0.         0.         0.         0.01023509 0.         0.01039082 0.         0.         0.72524248],[0. 0. 0. 0. 1. 0. 0. 0. 0. 0. 0. 0. 0. 0. 0. 0. 0. 0. 0. 0. 0. 0. 0. 0. 0. 1. 0. 1. 0. 0. 1.],500,100,0.1,0.0025,1,15,best,92,best
468,0.015118640518207233,0.015118640518207233,0.002522222560629368,[0.         0.         0.         0.         0.06652508 0.         0.         0.         0.         0.         0.         0.         0.         0.         0.         0.         0.         0.         0.         0.         0.         0.         0.         0.         0.         0.01023509 0.         0.01039082 0.         0.         0.72524248],[0. 0. 0. 0. 1. 0. 0. 0. 0. 0. 0. 0. 0. 0. 0. 0. 0. 0. 0. 0. 0. 0. 0. 0. 0. 1. 0. 1. 0. 0. 1.],500,100,0.1,0.0025,1,15,best,92,best
469,0.015118640518207233,0.015118640518207233,0.002522222560629368,[0.         0.         0.         0.         0.06652508 0.         0.         0.         0.         0.         0.         0.         0.         0.         0.         0.         0.         0.         0.         0.         0.         0.         0.         0.         0.         0.01023509 0.         0.01039082 0.         0.         0.72524248],[0. 0. 0. 0. 1. 0. 0. 0. 0. 0. 0. 0. 0. 0. 0. 0. 0. 0. 0. 0. 0. 0. 0. 0. 0. 1. 0. 1. 0. 0. 1.],500,100,0.1,0.0025,1,15,best,92,best
470,0.015118640518207233,0.015118640518207233,0.002522222560629368,[0.         0.         0.         0.         0.06652508 0.         0.         0.         0.         0.         0.         0.         0.         0.         0.         0.         0.         0.         0.         0.         0.         0.         0.         0.         0.         0.01023509 0.         0.01039082 0.         0.         0.72524248],[0. 0. 0. 0. 1. 0. 0. 0. 0. 0. 0. 0. 0. 0. 0. 0. 0. 0. 0. 0. 0. 0. 0. 0. 0. 1. 0. 1. 0. 0. 1.],500,100,0.1,0.0025,1,15,best,92,best
471,0.015118640518207233,0.015118640518207233,0.002522222560629368,[0.         0.         0.         0.         0.06652508 0.         0.         0.         0.         0.         0.         0.         0.         0.         0.         0.         0.         0.         0.         0.         0.         0.         0.         0.         0.         0.01023509 0.         0.01039082 0.         0.         0.72524248],[0. 0. 0. 0. 1. 0. 0. 0. 0. 0. 0. 0. 0. 0. 0. 0. 0. 0. 0. 0. 0. 0. 0. 0. 0. 1. 0. 1. 0. 0. 1.],500,100,0.1,0.0025,1,15,best,92,best
472,0.015118640518207233,0.015118640518207233,0.002522222560629368,[0.         0.         0.         0.         0.06652508 0.         0.         0.         0.         0.         0.         0.         0.         0.         0.         0.         0.         0.         0.         0.         0.         0.         0.         0.         0.         0.01023509 0.         0.01039082 0.         0.         0.72524248],[0. 0. 0. 0. 1. 0. 0. 0. 0. 0. 0. 0. 0. 0. 0. 0. 0. 0. 0. 0. 0. 0. 0. 0. 0. 1. 0. 1. 0. 0. 1.],500,100,0.1,0.0025,1,15,best,92,best
473,0.015118640518207233,0.015118640518207233,0.002522222560629368,[0.         0.         0.         0.         0.06652508 0.         0.         0.         0.         0.         0.         0.         0.         0.         0.         0.         0.         0.         0.         0.         0.         0.         0.         0.         0.         0.01023509 0.         0.01039082 0.         0.         0.72524248],[0. 0. 0. 0. 1. 0. 0. 0. 0. 0. 0. 0. 0. 0. 0. 0. 0. 0. 0. 0. 0. 0. 0. 0. 0. 1. 0. 1. 0. 0. 1.],500,100,0.1,0.0025,1,15,best,92,best
474,0.015118640518207233,0.015118640518207233,0.002522222560629368,[0.         0.         0.         0.         0.06652508 0.         0.         0.         0.         0.         0.         0.         0.         0.         0.         0.         0.         0.         0.         0.         0.         0.         0.         0.         0.         0.01023509 0.         0.01039082 0.         0.         0.72524248],[0. 0. 0. 0. 1. 0. 0. 0. 0. 0. 0. 0. 0. 0. 0. 0. 0. 0. 0. 0. 0. 0. 0. 0. 0. 1. 0. 1. 0. 0. 1.],500,100,0.1,0.0025,1,15,best,92,best
475,0.015118640518207233,0.015118640518207233,0.002522222560629368,[0.         0.         0.         0.         0.06652508 0.         0.         0.         0.         0.         0.         0.         0.         0.         0.         0.         0.         0.         0.         0.         0.         0.         0.         0.         0.         0.01023509 0.         0.01039082 0.         0.         0.72524248],[0. 0. 0. 0. 1. 0. 0. 0. 0. 0. 0. 0. 0. 0. 0. 0. 0. 0. 0. 0. 0. 0. 0. 0. 0. 1. 0. 1. 0. 0. 1.],500,100,0.1,0.0025,1,15,best,92,best
476,0.015118640518207233,0.015118640518207233,0.002522222560629368,[0.         0.         0.         0.         0.06652508 0.         0.         0.         0.         0.         0.         0.         0.         0.         0.         0.         0.         0.         0.         0.         0.         0.         0.         0.         0.         0.01023509 0.         0.01039082 0.         0.         0.72524248],[0. 0. 0. 0. 1. 0. 0. 0. 0. 0. 0. 0. 0. 0. 0. 0. 0. 0. 0. 0. 0. 0. 0. 0. 0. 1. 0. 1. 0. 0. 1.],500,100,0.1,0.0025,1,15,best,92,best
477,0.015118640518207233,0.015118640518207233,0.002522222560629368,[0.         0.         0.         0.         0.06652508 0.         0.         0.         0.         0.         0.         0.         0.         0.         0.         0.         0.         0.         0.         0.         0.         0.         0.         0.         0.         0.01023509 0.         0.01039082 0.         0.         0.72524248],[0. 0. 0. 0. 1. 0. 0. 0. 0. 0. 0. 0. 0. 0. 0. 0. 0. 0. 0. 0. 0. 0. 0. 0. 0. 1. 0. 1. 0. 0. 1.],500,100,0.1,0.0025,1,15,best,92,best
478,0.015118640518207233,0.015118640518207233,0.002522222560629368,[0.         0.         0.         0.         0.06652508 0.         0.         0.         0.         0.         0.         0.         0.         0.         0.         0.         0.         0.         0.         0.         0.         0.         0.         0.         0.         0.01023509 0.         0.01039082 0.         0.         0.72524248],[0. 0. 0. 0. 1. 0. 0. 0. 0. 0. 0. 0. 0. 0. 0. 0. 0. 0. 0. 0. 0. 0. 0. 0. 0. 1. 0. 1. 0. 0. 1.],500,100,0.1,0.0025,1,15,best,92,best
479,0.015118640518207233,0.015118640518207233,0.002522222560629368,[0.         0.         0.         0.         0.06652508 0.         0.         0.         0.         0.         0.         0.         0.         0.         0.         0.         0.         0.         0.         0.         0.         0.         0.         0.         0.         0.01023509 0.         0.01039082 0.         0.         0.72524248],[0. 0. 0. 0. 1. 0. 0. 0. 0. 0. 0. 0. 0. 0. 0. 0. 0. 0. 0. 0. 0. 0. 0. 0. 0. 1. 0. 1. 0. 0. 1.],500,100,0.1,0.0025,1,15,best,92,best
480,0.015118640518207233,0.015118640518207233,0.002522222560629368,[0.         0.         0.         0.         0.06652508 0.         0.         0.         0.         0.         0.         0.         0.         0.         0.         0.         0.         0.         0.         0.         0.         0.         0.         0.         0.         0.01023509 0.         0.01039082 0.         0.         0.72524248],[0. 0. 0. 0. 1. 0. 0. 0. 0. 0. 0. 0. 0. 0. 0. 0. 0. 0. 0. 0. 0. 0. 0. 0. 0. 1. 0. 1. 0. 0. 1.],500,100,0.1,0.0025,1,15,best,92,best
481,0.015118640518207233,0.015118640518207233,0.002522222560629368,[0.         0.         0.         0.         0.06652508 0.         0.         0.         0.         0.         0.         0.         0.         0.         0.         0.         0.         0.         0.         0.         0.         0.         0.         0.         0.         0.01023509 0.         0.01039082 0.         0.         0.72524248],[0. 0. 0. 0. 1. 0. 0. 0. 0. 0. 0. 0. 0. 0. 0. 0. 0. 0. 0. 0. 0. 0. 0. 0. 0. 1. 0. 1. 0. 0. 1.],500,100,0.1,0.0025,1,15,best,92,best
482,0.015118640518207233,0.015118640518207233,0.002522222560629368,[0.         0.         0.         0.         0.06652508 0.         0.         0.         0.         0.         0.         0.         0.         0.         0.         0.         0.         0.         0.         0.         0.         0.         0.         0.         0.         0.01023509 0.         0.01039082 0.         0.         0.72524248],[0. 0. 0. 0. 1. 0. 0. 0. 0. 0. 0. 0. 0. 0. 0. 0. 0. 0. 0. 0. 0. 0. 0. 0. 0. 1. 0. 1. 0. 0. 1.],500,100,0.1,0.0025,1,15,best,92,best
483,0.015118640518207233,0.015118640518207233,0.002522222560629368,[0.         0.         0.         0.         0.06652508 0.         0.         0.         0.         0.         0.         0.         0.         0.         0.         0.         0.         0.         0.         0.         0.         0.         0.         0.         0.         0.01023509 0.         0.01039082 0.         0.         0.72524248],[0. 0. 0. 0. 1. 0. 0. 0. 0. 0. 0. 0. 0. 0. 0. 0. 0. 0. 0. 0. 0. 0. 0. 0. 0. 1. 0. 1. 0. 0. 1.],500,100,0.1,0.0025,1,15,best,92,best
484,0.015118640518207233,0.015118640518207233,0.002522222560629368,[0.         0.         0.         0.         0.06652508 0.         0.         0.         0.         0.         0.         0.         0.         0.         0.         0.         0.         0.         0.         0.         0.         0.         0.         0.         0.         0.01023509 0.         0.01039082 0.         0.         0.72524248],[0. 0. 0. 0. 1. 0. 0. 0. 0. 0. 0. 0. 0. 0. 0. 0. 0. 0. 0. 0. 0. 0. 0. 0. 0. 1. 0. 1. 0. 0. 1.],500,100,0.1,0.0025,1,15,best,92,best
485,0.015118640518207233,0.015118640518207233,0.002522222560629368,[0.         0.         0.         0.         0.06652508 0.         0.         0.         0.         0.         0.         0.         0.         0.         0.         0.         0.         0.         0.         0.         0.         0.         0.         0.         0.         0.01023509 0.         0.01039082 0.         0.         0.72524248],[0. 0. 0. 0. 1. 0. 0. 0. 0. 0. 0. 0. 0. 0. 0. 0. 0. 0. 0. 0. 0. 0. 0. 0. 0. 1. 0. 1. 0. 0. 1.],500,100,0.1,0.0025,1,15,best,92,best
486,0.015118640518207233,0.015118640518207233,0.002522222560629368,[0.         0.         0.         0.         0.06652508 0.         0.         0.         0.         0.         0.         0.         0.         0.         0.         0.         0.         0.         0.         0.         0.         0.         0.         0.         0.         0.01023509 0.         0.01039082 0.         0.         0.72524248],[0. 0. 0. 0. 1. 0. 0. 0. 0. 0. 0. 0. 0. 0. 0. 0. 0. 0. 0. 0. 0. 0. 0. 0. 0. 1. 0. 1. 0. 0. 1.],500,100,0.1,0.0025,1,15,best,92,best
487,0.015118640518207233,0.015118640518207233,0.002522222560629368,[0.         0.         0.         0.         0.06652508 0.         0.         0.         0.         0.         0.         0.         0.         0.         0.         0.         0.         0.         0.         0.         0.         0.         0.         0.         0.         0.01023509 0.         0.01039082 0.         0.         0.72524248],[0. 0. 0. 0. 1. 0. 0. 0. 0. 0. 0. 0. 0. 0. 0. 0. 0. 0. 0. 0. 0. 0. 0. 0. 0. 1. 0. 1. 0. 0. 1.],500,100,0.1,0.0025,1,15,best,92,best
488,0.015118640518207233,0.015118640518207233,0.002522222560629368,[0.         0.         0.         0.         0.06652508 0.         0.         0.         0.         0.         0.         0.         0.         0.         0.         0.         0.         0.         0.         0.         0.         0.         0.         0.         0.         0.01023509 0.         0.01039082 0.         0.         0.72524248],[0. 0. 0. 0. 1. 0. 0. 0. 0. 0. 0. 0. 0. 0. 0. 0. 0. 0. 0. 0. 0. 0. 0. 0. 0. 1. 0. 1. 0. 0. 1.],500,100,0.1,0.0025,1,15,best,92,best
489,0.015118640518207233,0.015118640518207233,0.002522222560629368,[0.         0.         0.         0.         0.06652508 0.         0.         0.         0.         0.         0.         0.         0.         0.         0.         0.         0.         0.         0.         0.         0.         0.         0.         0.         0.         0.01023509 0.         0.01039082 0.         0.         0.72524248],[0. 0. 0. 0. 1. 0. 0. 0. 0. 0. 0. 0. 0. 0. 0. 0. 0. 0. 0. 0. 0. 0. 0. 0. 0. 1. 0. 1. 0. 0. 1.],500,100,0.1,0.0025,1,15,best,92,best
490,0.015118640518207233,0.015118640518207233,0.002522222560629368,[0.         0.         0.         0.         0.06652508 0.         0.         0.         0.         0.         0.         0.         0.         0.         0.         0.         0.         0.         0.         0.         0.         0.         0.         0.         0.         0.01023509 0.         0.01039082 0.         0.         0.72524248],[0. 0. 0. 0. 1. 0. 0. 0. 0. 0. 0. 0. 0. 0. 0. 0. 0. 0. 0. 0. 0. 0. 0. 0. 0. 1. 0. 1. 0. 0. 1.],500,100,0.1,0.0025,1,15,best,92,best
491,0.015118640518207233,0.015118640518207233,0.002522222560629368,[0.         0.         0.         0.         0.06652508 0.         0.         0.         0.         0.         0.         0.         0.         0.         0.         0.         0.         0.         0.         0.         0.         0.         0.         0.         0.         0.01023509 0.         0.01039082 0.         0.         0.72524248],[0. 0. 0. 0. 1. 0. 0. 0. 0. 0. 0. 0. 0. 0. 0. 0. 0. 0. 0. 0. 0. 0. 0. 0. 0. 1. 0. 1. 0. 0. 1.],500,100,0.1,0.0025,1,15,best,92,best
492,0.015118640518207233,0.015118640518207233,0.002522222560629368,[0.         0.         0.         0.         0.06652508 0.         0.         0.         0.         0.         0.         0.         0.         0.         0.         0.         0.         0.         0.         0.         0.         0.         0.         0.         0.         0.01023509 0.         0.01039082 0.         0.         0.72524248],[0. 0. 0. 0. 1. 0. 0. 0. 0. 0. 0. 0. 0. 0. 0. 0. 0. 0. 0. 0. 0. 0. 0. 0. 0. 1. 0. 1. 0. 0. 1.],500,100,0.1,0.0025,1,15,best,92,best
493,0.015118640518207233,0.015118640518207233,0.002522222560629368,[0.         0.         0.         0.         0.06652508 0.         0.         0.         0.         0.         0.         0.         0.         0.         0.         0.         0.         0.         0.         0.         0.         0.         0.         0.         0.         0.01023509 0.         0.01039082 0.         0.         0.72524248],[0. 0. 0. 0. 1. 0. 0. 0. 0. 0. 0. 0. 0. 0. 0. 0. 0. 0. 0. 0. 0. 0. 0. 0. 0. 1. 0. 1. 0. 0. 1.],500,100,0.1,0.0025,1,15,best,92,best
494,0.015118640518207233,0.015118640518207233,0.002522222560629368,[0.         0.         0.         0.         0.06652508 0.         0.         0.         0.         0.         0.         0.         0.         0.         0.         0.         0.         0.         0.         0.         0.         0.         0.         0.         0.         0.01023509 0.         0.01039082 0.         0.         0.72524248],[0. 0. 0. 0. 1. 0. 0. 0. 0. 0. 0. 0. 0. 0. 0. 0. 0. 0. 0. 0. 0. 0. 0. 0. 0. 1. 0. 1. 0. 0. 1.],500,100,0.1,0.0025,1,15,best,92,best
495,0.015118640518207233,0.015118640518207233,0.002522222560629368,[0.         0.         0.         0.         0.06652508 0.         0.         0.         0.         0.         0.         0.         0.         0.         0.         0.         0.         0.         0.         0.         0.         0.         0.         0.         0.         0.01023509 0.         0.01039082 0.         0.         0.72524248],[0. 0. 0. 0. 1. 0. 0. 0. 0. 0. 0. 0. 0. 0. 0. 0. 0. 0. 0. 0. 0. 0. 0. 0. 0. 1. 0. 1. 0. 0. 1.],500,100,0.1,0.0025,1,15,best,92,best
496,0.015118640518207233,0.015118640518207233,0.002522222560629368,[0.         0.         0.         0.         0.06652508 0.         0.         0.         0.         0.         0.         0.         0.         0.         0.         0.         0.         0.         0.         0.         0.         0.         0.         0.         0.         0.01023509 0.         0.01039082 0.         0.         0.72524248],[0. 0. 0. 0. 1. 0. 0. 0. 0. 0. 0. 0. 0. 0. 0. 0. 0. 0. 0. 0. 0. 0. 0. 0. 0. 1. 0. 1. 0. 0. 1.],500,100,0.1,0.0025,1,15,best,92,best
497,0.015118640518207233,0.015118640518207233,0.002522222560629368,[0.         0.         0.         0.         0.06652508 0.         0.         0.         0.         0.         0.         0.         0.         0.         0.         0.         0.         0.         0.         0.         0.         0.         0.         0.         0.         0.01023509 0.         0.01039082 0.         0.         0.72524248],[0. 0. 0. 0. 1. 0. 0. 0. 0. 0. 0. 0. 0. 0. 0. 0. 0. 0. 0. 0. 0. 0. 0. 0. 0. 1. 0. 1. 0. 0. 1.],500,100,0.1,0.0025,1,15,best,92,best
498,0.015118640518207233,0.015118640518207233,0.002522222560629368,[0.         0.         0.         0.         0.06652508 0.         0.         0.         0.         0.         0.         0.         0.         0.         0.         0.         0.         0.         0.         0.         0.         0.         0.         0.         0.         0.01023509 0.         0.01039082 0.         0.         0.72524248],[0. 0. 0. 0. 1. 0. 0. 0. 0. 0. 0. 0. 0. 0. 0. 0. 0. 0. 0. 0. 0. 0. 0. 0. 0. 1. 0. 1. 0. 0. 1.],500,100,0.1,0.0025,1,15,best,92,best
499,0.015118640518207233,0.015118640518207233,0.002522222560629368,[0.         0.         0.         0.         0.06652508 0.         0.         0.         0.         0.         0.         0.         0.         0.         0.         0.         0.         0.         0.         0.         0.         0.         0.         0.         0.         0.01023509 0.         0.01039082 0.         0.         0.72524248],[0. 0. 0. 0. 1. 0. 0. 0. 0. 0. 0. 0. 0. 0. 0. 0. 0. 0. 0. 0. 0. 0. 0. 0. 0. 1. 0. 1. 0. 0. 1.],500,100,0.1,0.0025,1,15,best,92,best
