iter,obj,aug_obj,return,X,Z,max_iter,neighbours,alpha,exp_return,n_port,k,move_strategy,seed,selection_strategy
0,0.14652501190826173,0.14652501190826173,0.0037087660600000003,[0.       0.020949 0.       0.       0.100953 0.027025 0.042263 0.       0.       0.       0.028259 0.       0.062951 0.094989 0.048489 0.       0.       0.       0.010651 0.       0.       0.035401 0.       0.087882 0.049793 0.08134  0.       0.090769 0.029916 0.       0.049138],[0. 1. 0. 0. 1. 1. 1. 0. 0. 0. 1. 0. 1. 1. 1. 0. 0. 0. 1. 0. 0. 1. 0. 1. 1. 1. 0. 1. 1. 0. 1.],500,100,0.1,0.003,1,18,idID,20,first
1,0.1455782790184572,0.1455782790184572,0.0037128051937,[0.        0.020949  0.        0.        0.100953  0.027025  0.042263  0.        0.        0.        0.028259  0.        0.062951  0.094989  0.0436401 0.        0.        0.        0.010651  0.        0.        0.035401  0.        0.087882  0.049793  0.0861889 0.        0.090769  0.029916  0.        0.049138 ],[0. 1. 0. 0. 1. 1. 1. 0. 0. 0. 1. 0. 1. 1. 1. 0. 0. 0. 1. 0. 0. 1. 0. 1. 1. 1. 0. 1. 1. 0. 1.],500,100,0.1,0.003,1,18,idID,20,first
2,0.1101065524994566,0.1101065524994566,0.0033492598037,[0.        0.020949  0.        0.        0.100953  0.027025  0.042263  0.        0.        0.        0.028259  0.        0.062951  0.010651  0.0436401 0.        0.        0.        0.        0.        0.        0.035401  0.        0.087882  0.049793  0.0861889 0.        0.090769  0.029916  0.        0.049138 ],[0. 1. 0. 0. 1. 1. 1. 0. 0. 0. 1. 0. 1. 1. 1. 0. 0. 0. 0. 0. 0. 1. 0. 1. 1. 1. 0. 1. 1. 0. 1.],500,100,0.1,0.003,1,18,idID,20,first
3,0.1003572875123728,0.1003572875123728,0.0032736153176999997,[0.        0.020949  0.        0.        0.100953  0.027025  0.042263  0.        0.        0.        0.010651  0.        0.062951  0.        0.0436401 0.        0.        0.        0.        0.        0.        0.035401  0.        0.087882  0.049793  0.0861889 0.        0.090769  0.029916  0.        0.049138 ],[0. 1. 0. 0. 1. 1. 1. 0. 0. 0. 1. 0. 1. 0. 1. 0. 0. 0. 0. 0. 0. 1. 0. 1. 1. 1. 0. 1. 1. 0. 1.],500,100,0.1,0.003,1,18,idID,20,first
4,0.08330356296980519,0.08330356296980519,0.0031460307946999996,[0.        0.020949  0.        0.        0.100953  0.027025  0.042263  0.        0.        0.        0.        0.        0.062951  0.        0.0436401 0.        0.        0.        0.        0.        0.        0.035401  0.        0.087882  0.010651  0.0861889 0.        0.090769  0.029916  0.        0.049138 ],[0. 1. 0. 0. 1. 1. 1. 0. 0. 0. 0. 0. 1. 0. 1. 0. 0. 0. 0. 0. 0. 1. 0. 1. 1. 1. 0. 1. 1. 0. 1.],500,100,0.1,0.003,1,18,idID,20,first
5,0.07237429732419769,0.07237429732419769,0.0030708743546999998,[0.        0.020949  0.        0.        0.100953  0.027025  0.042263  0.        0.        0.        0.        0.        0.062951  0.        0.0436401 0.        0.        0.        0.        0.        0.        0.010651  0.        0.087882  0.        0.0861889 0.        0.090769  0.029916  0.        0.049138 ],[0. 1. 0. 0. 1. 1. 1. 0. 0. 0. 0. 0. 1. 0. 1. 0. 0. 0. 0. 0. 0. 1. 0. 1. 0. 1. 0. 1. 1. 0. 1.],500,100,0.1,0.003,1,18,idID,20,first
6,0.07193077830619246,0.07193077830619246,0.0030604665782999994,[0.        0.020949  0.        0.        0.100953  0.027025  0.042263  0.        0.        0.        0.        0.        0.062951  0.        0.0436401 0.        0.        0.        0.        0.        0.        0.010651  0.        0.087882  0.        0.0861889 0.        0.0937606 0.0269244 0.        0.049138 ],[0. 1. 0. 0. 1. 1. 1. 0. 0. 0. 0. 0. 1. 0. 1. 0. 0. 0. 0. 0. 0. 1. 0. 1. 0. 1. 0. 1. 1. 0. 1.],500,100,0.1,0.003,1,18,idID,20,first
7,0.07137599463754253,0.07137599463754253,0.00305338815408,[0.         0.020949   0.         0.         0.100953   0.027025   0.042263   0.         0.         0.         0.         0.         0.062951   0.         0.03927609 0.         0.         0.         0.         0.         0.         0.010651   0.         0.087882   0.         0.0861889  0.         0.09812461 0.0269244  0.         0.049138  ],[0. 1. 0. 0. 1. 1. 1. 0. 0. 0. 0. 0. 1. 0. 1. 0. 0. 0. 0. 0. 0. 1. 0. 1. 0. 1. 0. 1. 1. 0. 1.],500,100,0.1,0.003,1,18,idID,20,first
8,0.0706119933883119,0.0706119933883119,0.00303984739398,[0.         0.020949   0.         0.         0.100953   0.027025   0.042263   0.         0.         0.         0.         0.         0.0566559  0.         0.03927609 0.         0.         0.         0.         0.         0.         0.010651   0.         0.087882   0.         0.0861889  0.         0.10441971 0.0269244  0.         0.049138  ],[0. 1. 0. 0. 1. 1. 1. 0. 0. 0. 0. 0. 1. 0. 1. 0. 0. 0. 0. 0. 0. 1. 0. 1. 0. 1. 0. 1. 1. 0. 1.],500,100,0.1,0.003,1,18,idID,20,first
9,0.0700418589854565,0.0700418589854565,0.00302124416498,[0.         0.020949   0.         0.         0.100953   0.027025   0.042263   0.         0.         0.         0.         0.         0.0566559  0.         0.03927609 0.01       0.         0.         0.         0.         0.         0.         0.         0.087882   0.         0.0861889  0.         0.10441971 0.0269244  0.         0.049138  ],[0. 1. 0. 0. 1. 1. 1. 0. 0. 0. 0. 0. 1. 0. 1. 1. 0. 0. 0. 0. 0. 0. 0. 1. 0. 1. 0. 1. 1. 0. 1.],500,100,0.1,0.003,1,18,idID,20,first
10,0.06963518028735231,0.06963518028735231,0.0030294435499799996,[0.         0.020949   0.         0.         0.100953   0.0243225  0.042263   0.         0.         0.         0.         0.         0.0566559  0.         0.03927609 0.01       0.         0.         0.         0.         0.         0.         0.         0.087882   0.         0.0888914  0.         0.10441971 0.0269244  0.         0.049138  ],[0. 1. 0. 0. 1. 1. 1. 0. 0. 0. 0. 0. 1. 0. 1. 1. 0. 0. 0. 0. 0. 0. 0. 1. 0. 1. 0. 1. 1. 0. 1.],500,100,0.1,0.003,1,18,idID,20,first
11,0.06851809393029729,0.06851809393029729,0.0030378011281799997,[0.         0.020949   0.         0.         0.100953   0.0243225  0.042263   0.         0.         0.         0.         0.         0.0566559  0.         0.03927609 0.01       0.         0.         0.         0.         0.         0.         0.         0.0790938  0.         0.0976796  0.         0.10441971 0.0269244  0.         0.049138  ],[0. 1. 0. 0. 1. 1. 1. 0. 0. 0. 0. 0. 1. 0. 1. 1. 0. 0. 0. 0. 0. 0. 0. 1. 0. 1. 0. 1. 1. 0. 1.],500,100,0.1,0.003,1,18,idID,20,first
12,0.06751679688945976,0.06751679688945976,0.0030259054206599996,[0.         0.020949   0.         0.         0.100953   0.0243225  0.042263   0.         0.         0.         0.         0.         0.0566559  0.         0.03927609 0.01       0.         0.         0.         0.         0.         0.         0.         0.07118442 0.         0.0976796  0.         0.11232909 0.0269244  0.         0.049138  ],[0. 1. 0. 0. 1. 1. 1. 0. 0. 0. 0. 0. 1. 0. 1. 1. 0. 0. 0. 0. 0. 0. 0. 1. 0. 1. 0. 1. 1. 0. 1.],500,100,0.1,0.003,1,18,idID,20,first
13,0.06667576937663179,0.06667576937663179,0.003075898238826,[0.         0.020949   0.         0.         0.10807144 0.0243225  0.042263   0.         0.         0.         0.         0.         0.0566559  0.         0.03927609 0.01       0.         0.         0.         0.         0.         0.         0.         0.06406598 0.         0.0976796  0.         0.11232909 0.0269244  0.         0.049138  ],[0. 1. 0. 0. 1. 1. 1. 0. 0. 0. 0. 0. 1. 0. 1. 1. 0. 0. 0. 0. 0. 0. 0. 1. 0. 1. 0. 1. 1. 0. 1.],500,100,0.1,0.003,1,18,idID,20,first
14,0.06594460605046293,0.06594460605046293,0.003085191872526,[0.         0.020949   0.         0.         0.10807144 0.0243225  0.0380367  0.         0.         0.         0.         0.         0.0566559  0.         0.03927609 0.01       0.         0.         0.         0.         0.         0.         0.         0.06406598 0.         0.1019059  0.         0.11232909 0.0269244  0.         0.049138  ],[0. 1. 0. 0. 1. 1. 1. 0. 0. 0. 0. 0. 1. 0. 1. 1. 0. 0. 0. 0. 0. 0. 0. 1. 0. 1. 0. 1. 1. 0. 1.],500,100,0.1,0.003,1,18,idID,20,first
15,0.06040766344516426,0.06040766344516426,0.0030380478995259996,[0.         0.01       0.         0.         0.10807144 0.0243225  0.0380367  0.         0.         0.         0.         0.         0.0566559  0.         0.03927609 0.         0.         0.         0.         0.         0.         0.         0.         0.06406598 0.         0.1019059  0.         0.11232909 0.0269244  0.         0.049138  ],[0. 1. 0. 0. 1. 1. 1. 0. 0. 0. 0. 0. 1. 0. 1. 0. 0. 0. 0. 0. 0. 0. 0. 1. 0. 1. 0. 1. 1. 0. 1.],500,100,0.1,0.003,1,18,idID,20,first
16,0.059806593335295616,0.059806593335295616,0.003074171701366,[0.         0.01       0.         0.         0.11373703 0.0243225  0.0380367  0.         0.         0.         0.         0.         0.05099031 0.         0.03927609 0.         0.         0.         0.         0.         0.         0.         0.         0.06406598 0.         0.1019059  0.         0.11232909 0.0269244  0.         0.049138  ],[0. 1. 0. 0. 1. 1. 1. 0. 0. 0. 0. 0. 1. 0. 1. 0. 0. 0. 0. 0. 0. 0. 0. 1. 0. 1. 0. 1. 1. 0. 1.],500,100,0.1,0.003,1,18,idID,20,first
17,0.05917692752717842,0.05917692752717842,0.0030731979618459997,[0.         0.01       0.         0.         0.11373703 0.0243225  0.03423303 0.         0.         0.         0.         0.         0.05099031 0.         0.03927609 0.         0.         0.         0.         0.         0.         0.         0.         0.06406598 0.         0.1019059  0.         0.11613276 0.0269244  0.         0.049138  ],[0. 1. 0. 0. 1. 1. 1. 0. 0. 0. 0. 0. 1. 0. 1. 0. 0. 0. 0. 0. 0. 0. 0. 1. 0. 1. 0. 1. 1. 0. 1.],500,100,0.1,0.003,1,18,idID,20,first
18,0.0586845789248172,0.0586845789248172,0.003076469660143,[0.         0.01       0.         0.         0.11373703 0.0243225  0.03423303 0.         0.         0.         0.         0.         0.05099031 0.         0.03534848 0.         0.         0.         0.         0.         0.         0.         0.         0.06406598 0.         0.10583351 0.         0.11613276 0.0269244  0.         0.049138  ],[0. 1. 0. 0. 1. 1. 1. 0. 0. 0. 0. 0. 1. 0. 1. 0. 0. 0. 0. 0. 0. 0. 0. 1. 0. 1. 0. 1. 1. 0. 1.],500,100,0.1,0.003,1,18,idID,20,first
19,0.05807699951270078,0.05807699951270078,0.003037519660143,[0.         0.         0.         0.         0.11373703 0.0243225  0.03423303 0.         0.         0.         0.         0.         0.05099031 0.         0.03534848 0.         0.01       0.         0.         0.         0.         0.         0.         0.06406598 0.         0.10583351 0.         0.11613276 0.0269244  0.         0.049138  ],[0. 0. 0. 0. 1. 1. 1. 0. 0. 0. 0. 0. 1. 0. 1. 0. 1. 0. 0. 0. 0. 0. 0. 1. 0. 1. 0. 1. 1. 0. 1.],500,100,0.1,0.003,1,18,idID,20,first
20,0.05766139329298178,0.05766139329298178,0.0030493766595429996,[0.         0.         0.         0.         0.11373703 0.0243225  0.03423303 0.         0.         0.         0.         0.         0.05099031 0.         0.03534848 0.         0.01       0.         0.         0.         0.         0.         0.         0.06406598 0.         0.11074731 0.         0.11613276 0.0269244  0.         0.0442242 ],[0. 0. 0. 0. 1. 1. 1. 0. 0. 0. 0. 0. 1. 0. 1. 0. 1. 0. 0. 0. 0. 0. 0. 1. 0. 1. 0. 1. 1. 0. 1.],500,100,0.1,0.003,1,18,idID,20,first
21,0.05174712752516023,0.05174712752516023,0.0030213633820429997,[0.         0.         0.         0.         0.11373703 0.01       0.03423303 0.         0.         0.         0.         0.         0.05099031 0.         0.03534848 0.         0.         0.         0.         0.         0.         0.         0.         0.06406598 0.         0.11074731 0.         0.11613276 0.0269244  0.         0.0442242 ],[0. 0. 0. 0. 1. 1. 1. 0. 0. 0. 0. 0. 1. 0. 1. 0. 0. 0. 0. 0. 0. 0. 0. 1. 0. 1. 0. 1. 1. 0. 1.],500,100,0.1,0.003,1,18,idID,20,first
22,0.05117398896319693,0.05117398896319693,0.0030103953663619997,[0.         0.         0.         0.         0.11373703 0.01       0.03423303 0.         0.         0.         0.         0.         0.04589128 0.         0.03534848 0.         0.         0.         0.         0.         0.         0.         0.         0.06406598 0.         0.11074731 0.         0.12123179 0.0269244  0.         0.0442242 ],[0. 0. 0. 0. 1. 1. 1. 0. 0. 0. 0. 0. 1. 0. 1. 0. 0. 0. 0. 0. 0. 0. 0. 1. 0. 1. 0. 1. 1. 0. 1.],500,100,0.1,0.003,1,18,idID,20,first
23,0.05053198191180567,0.05053198191180567,0.003063955366362,[0.         0.         0.         0.         0.11373703 0.         0.03423303 0.         0.01       0.         0.         0.         0.04589128 0.         0.03534848 0.         0.         0.         0.         0.         0.         0.         0.         0.06406598 0.         0.11074731 0.         0.12123179 0.0269244  0.         0.0442242 ],[0. 0. 0. 0. 1. 0. 1. 0. 1. 0. 0. 0. 1. 0. 1. 0. 0. 0. 0. 0. 0. 0. 0. 1. 0. 1. 0. 1. 1. 0. 1.],500,100,0.1,0.003,1,18,idID,20,first
24,0.04998814410063308,0.04998814410063308,0.003063079000794,[0.         0.         0.         0.         0.11373703 0.         0.03080973 0.         0.01       0.         0.         0.         0.04589128 0.         0.03534848 0.         0.         0.         0.         0.         0.         0.         0.         0.06406598 0.         0.11074731 0.         0.12465509 0.0269244  0.         0.0442242 ],[0. 0. 0. 0. 1. 0. 1. 0. 1. 0. 0. 0. 1. 0. 1. 0. 0. 0. 0. 0. 0. 0. 0. 1. 0. 1. 0. 1. 1. 0. 1.],500,100,0.1,0.003,1,18,idID,20,first
25,0.049839840809719024,0.049839840809719024,0.0030665737879139996,[0.         0.         0.         0.         0.11373703 0.         0.03080973 0.         0.01269244 0.         0.         0.         0.04589128 0.         0.03534848 0.         0.         0.         0.         0.         0.         0.         0.         0.06406598 0.         0.11074731 0.         0.12465509 0.02423196 0.         0.0442242 ],[0. 0. 0. 0. 1. 0. 1. 0. 1. 0. 0. 0. 1. 0. 1. 0. 0. 0. 0. 0. 0. 0. 0. 1. 0. 1. 0. 1. 1. 0. 1.],500,100,0.1,0.003,1,18,idID,20,first
26,0.04928757747752018,0.04928757747752018,0.0030679688827955996,[0.         0.         0.         0.         0.11373703 0.         0.03080973 0.         0.01269244 0.         0.         0.         0.04130215 0.         0.03534848 0.         0.         0.         0.         0.         0.         0.         0.         0.06406598 0.         0.11533644 0.         0.12465509 0.02423196 0.         0.0442242 ],[0. 0. 0. 0. 1. 0. 1. 0. 1. 0. 0. 0. 1. 0. 1. 0. 0. 0. 0. 0. 0. 0. 0. 1. 0. 1. 0. 1. 1. 0. 1.],500,100,0.1,0.003,1,18,idID,20,first
27,0.04902761881241404,0.04902761881241404,0.0030673095546378,[0.         0.         0.         0.         0.11373703 0.         0.02772875 0.         0.01269244 0.         0.         0.         0.04130215 0.         0.03534848 0.         0.         0.         0.         0.         0.         0.         0.         0.06406598 0.         0.11533644 0.         0.12465509 0.02423196 0.         0.04730517],[0. 0. 0. 0. 1. 0. 1. 0. 1. 0. 0. 0. 1. 0. 1. 0. 0. 0. 0. 0. 0. 0. 0. 1. 0. 1. 0. 1. 1. 0. 1.],500,100,0.1,0.003,1,18,idID,20,first
28,0.04857766157567968,0.04857766157567968,0.00309364380617916,[0.         0.         0.         0.         0.11786725 0.         0.02772875 0.         0.01269244 0.         0.         0.         0.03717194 0.         0.03534848 0.         0.         0.         0.         0.         0.         0.         0.         0.06406598 0.         0.11533644 0.         0.12465509 0.02423196 0.         0.04730517],[0. 0. 0. 0. 1. 0. 1. 0. 1. 0. 0. 0. 1. 0. 1. 0. 0. 0. 0. 0. 0. 0. 0. 1. 0. 1. 0. 1. 1. 0. 1.],500,100,0.1,0.003,1,18,idID,20,first
29,0.04845381292126283,0.04845381292126283,0.00309889840511901,[0.         0.         0.         0.         0.11786725 0.         0.02495588 0.         0.01269244 0.         0.         0.         0.03994481 0.         0.03534848 0.         0.         0.         0.         0.         0.         0.         0.         0.06406598 0.         0.11533644 0.         0.12465509 0.02423196 0.         0.04730517],[0. 0. 0. 0. 1. 0. 1. 0. 1. 0. 0. 0. 1. 0. 1. 0. 0. 0. 0. 0. 0. 0. 0. 1. 0. 1. 0. 1. 1. 0. 1.],500,100,0.1,0.003,1,18,idID,20,first
30,0.04803051776275618,0.04803051776275618,0.0031043862028825226,[0.         0.         0.         0.         0.11786725 0.         0.02246029 0.         0.01269244 0.         0.         0.         0.03994481 0.         0.03534848 0.         0.         0.         0.         0.         0.         0.         0.         0.06406598 0.         0.11783202 0.         0.12465509 0.02423196 0.         0.04730517],[0. 0. 0. 0. 1. 0. 1. 0. 1. 0. 0. 0. 1. 0. 1. 0. 0. 0. 0. 0. 0. 0. 0. 1. 0. 1. 0. 1. 1. 0. 1.],500,100,0.1,0.003,1,18,idID,20,first
31,0.04727480615451736,0.04727480615451736,0.003110478877390323,[0.         0.         0.         0.         0.11786725 0.         0.02246029 0.         0.01269244 0.         0.         0.         0.03994481 0.         0.03534848 0.         0.         0.         0.         0.         0.         0.         0.         0.05765938 0.         0.12423862 0.         0.12465509 0.02423196 0.         0.04730517],[0. 0. 0. 0. 1. 0. 1. 0. 1. 0. 0. 0. 1. 0. 1. 0. 0. 0. 0. 0. 0. 0. 0. 1. 0. 1. 0. 1. 1. 0. 1.],500,100,0.1,0.003,1,18,idID,20,first
32,0.04657460020666588,0.04657460020666588,0.0031159622844473427,[0.         0.         0.         0.         0.11786725 0.         0.02246029 0.         0.01269244 0.         0.         0.         0.03994481 0.         0.03534848 0.         0.         0.         0.         0.         0.         0.         0.         0.05189344 0.         0.13000456 0.         0.12465509 0.02423196 0.         0.04730517],[0. 0. 0. 0. 1. 0. 1. 0. 1. 0. 0. 0. 1. 0. 1. 0. 0. 0. 0. 0. 0. 0. 0. 1. 0. 1. 0. 1. 1. 0. 1.],500,100,0.1,0.003,1,18,idID,20,first
33,0.04592816179824595,0.04592816179824595,0.003120897350798661,[0.         0.         0.         0.         0.11786725 0.         0.02246029 0.         0.01269244 0.         0.         0.         0.03994481 0.         0.03534848 0.         0.         0.         0.         0.         0.         0.         0.         0.0467041  0.         0.1351939  0.         0.12465509 0.02423196 0.         0.04730517],[0. 0. 0. 0. 1. 0. 1. 0. 1. 0. 0. 0. 1. 0. 1. 0. 0. 0. 0. 0. 0. 0. 0. 1. 0. 1. 0. 1. 1. 0. 1.],500,100,0.1,0.003,1,18,idID,20,first
34,0.04533320225583158,0.04533320225583158,0.003125338910514847,[0.         0.         0.         0.         0.11786725 0.         0.02246029 0.         0.01269244 0.         0.         0.         0.03994481 0.         0.03534848 0.         0.         0.         0.         0.         0.         0.         0.         0.04203369 0.         0.13986431 0.         0.12465509 0.02423196 0.         0.04730517],[0. 0. 0. 0. 1. 0. 1. 0. 1. 0. 0. 0. 1. 0. 1. 0. 0. 0. 0. 0. 0. 0. 0. 1. 0. 1. 0. 1. 1. 0. 1.],500,100,0.1,0.003,1,18,idID,20,first
35,0.04478707503804116,0.04478707503804116,0.003129336314259415,[0.         0.         0.         0.         0.11786725 0.         0.02246029 0.         0.01269244 0.         0.         0.         0.03994481 0.         0.03534848 0.         0.         0.         0.         0.         0.         0.         0.         0.03783032 0.         0.14406768 0.         0.12465509 0.02423196 0.         0.04730517],[0. 0. 0. 0. 1. 0. 1. 0. 1. 0. 0. 0. 1. 0. 1. 0. 0. 0. 0. 0. 0. 0. 0. 1. 0. 1. 0. 1. 1. 0. 1.],500,100,0.1,0.003,1,18,idID,20,first
36,0.044654779995200206,0.044654779995200206,0.003121007789607415,[0.         0.         0.         0.         0.11786725 0.         0.02246029 0.         0.01269244 0.         0.         0.         0.03994481 0.         0.03534848 0.         0.         0.         0.         0.         0.         0.         0.         0.03783032 0.         0.14406768 0.         0.12465509 0.02180876 0.         0.04972837],[0. 0. 0. 0. 1. 0. 1. 0. 1. 0. 0. 0. 1. 0. 1. 0. 0. 0. 0. 0. 0. 0. 0. 1. 0. 1. 0. 1. 1. 0. 1.],500,100,0.1,0.003,1,18,idID,20,first
37,0.044332163275682596,0.044332163275682596,0.003163202310449365,[0.         0.         0.         0.         0.12284008 0.         0.02246029 0.         0.01269244 0.         0.         0.         0.03994481 0.         0.03534848 0.         0.         0.         0.         0.         0.         0.         0.         0.03783032 0.         0.14406768 0.         0.12465509 0.02180876 0.         0.04475553],[0. 0. 0. 0. 1. 0. 1. 0. 1. 0. 0. 0. 1. 0. 1. 0. 0. 0. 0. 0. 0. 0. 0. 1. 0. 1. 0. 1. 1. 0. 1.],500,100,0.1,0.003,1,18,idID,20,first
38,0.04403209195418712,0.04403209195418712,0.0032011773792071196,[0.         0.         0.         0.         0.12731564 0.         0.02246029 0.         0.01269244 0.         0.         0.         0.03994481 0.         0.03534848 0.         0.         0.         0.         0.         0.         0.         0.         0.03783032 0.         0.14406768 0.         0.12465509 0.02180876 0.         0.04027998],[0. 0. 0. 0. 1. 0. 1. 0. 1. 0. 0. 0. 1. 0. 1. 0. 0. 0. 0. 0. 0. 0. 0. 1. 0. 1. 0. 1. 1. 0. 1.],500,100,0.1,0.003,1,18,idID,20,first
39,0.04354312673991221,0.04354312673991221,0.0032023917014742877,[0.         0.         0.         0.         0.12731564 0.         0.02246029 0.         0.01269244 0.         0.         0.         0.03595033 0.         0.03534848 0.         0.         0.         0.         0.         0.         0.         0.         0.03783032 0.         0.14806216 0.         0.12465509 0.02180876 0.         0.04027998],[0. 0. 0. 0. 1. 0. 1. 0. 1. 0. 0. 0. 1. 0. 1. 0. 0. 0. 0. 0. 0. 0. 0. 1. 0. 1. 0. 1. 1. 0. 1.],500,100,0.1,0.003,1,18,idID,20,first
40,0.04339645892755708,0.04339645892755708,0.0031948097768186574,[0.         0.         0.         0.         0.12731564 0.         0.02246029 0.         0.01269244 0.         0.         0.         0.0323553  0.         0.03534848 0.         0.         0.         0.         0.         0.         0.         0.         0.03783032 0.         0.14806216 0.         0.12465509 0.02180876 0.         0.04387501],[0. 0. 0. 0. 1. 0. 1. 0. 1. 0. 0. 0. 1. 0. 1. 0. 0. 0. 0. 0. 0. 0. 0. 1. 0. 1. 0. 1. 1. 0. 1.],500,100,0.1,0.003,1,18,idID,20,first
41,0.04301539040536763,0.04301539040536763,0.0031878501523801396,[0.         0.         0.         0.         0.12731564 0.         0.02246029 0.         0.01269244 0.         0.         0.         0.02911977 0.         0.03534848 0.         0.         0.         0.         0.         0.         0.         0.         0.03783032 0.         0.14806216 0.         0.12789062 0.02180876 0.         0.04387501],[0. 0. 0. 0. 1. 0. 1. 0. 1. 0. 0. 0. 1. 0. 1. 0. 0. 0. 0. 0. 0. 0. 0. 1. 0. 1. 0. 1. 1. 0. 1.],500,100,0.1,0.003,1,18,idID,20,first
42,0.042578711904403335,0.042578711904403335,0.003214418385659097,[0.         0.         0.         0.         0.13109867 0.         0.02246029 0.         0.01269244 0.         0.         0.         0.02911977 0.         0.03534848 0.         0.         0.         0.         0.         0.         0.         0.         0.03404729 0.         0.14806216 0.         0.12789062 0.02180876 0.         0.04387501],[0. 0. 0. 0. 1. 0. 1. 0. 1. 0. 0. 0. 1. 0. 1. 0. 0. 0. 0. 0. 0. 0. 0. 1. 0. 1. 0. 1. 1. 0. 1.],500,100,0.1,0.003,1,18,idID,20,first
43,0.04223076016154972,0.04223076016154972,0.00320815472366443,[0.         0.         0.         0.         0.13109867 0.         0.02246029 0.         0.01269244 0.         0.         0.         0.02620779 0.         0.03534848 0.         0.         0.         0.         0.         0.         0.         0.         0.03404729 0.         0.14806216 0.         0.1308026  0.02180876 0.         0.04387501],[0. 0. 0. 0. 1. 0. 1. 0. 1. 0. 0. 0. 1. 0. 1. 0. 0. 0. 0. 0. 0. 0. 0. 1. 0. 1. 0. 1. 1. 0. 1.],500,100,0.1,0.003,1,18,idID,20,first
44,0.04195570593758786,0.04195570593758786,0.00320056745466883,[0.         0.         0.         0.         0.13109867 0.         0.02246029 0.         0.01269244 0.         0.         0.         0.02620779 0.         0.03534848 0.         0.         0.         0.         0.         0.         0.         0.         0.03404729 0.         0.14806216 0.         0.13298348 0.01962789 0.         0.04387501],[0. 0. 0. 0. 1. 0. 1. 0. 1. 0. 0. 0. 1. 0. 1. 0. 0. 0. 0. 0. 0. 0. 0. 1. 0. 1. 0. 1. 1. 0. 1.],500,100,0.1,0.003,1,18,idID,20,first
45,0.041611788183142207,0.041611788183142207,0.0032191443613408697,[0.         0.         0.         0.         0.1333447  0.         0.02021426 0.         0.01269244 0.         0.         0.         0.02620779 0.         0.03534848 0.         0.         0.         0.         0.         0.         0.         0.         0.03404729 0.         0.14806216 0.         0.13298348 0.01962789 0.         0.04387501],[0. 0. 0. 0. 1. 0. 1. 0. 1. 0. 0. 0. 1. 0. 1. 0. 0. 0. 0. 0. 0. 0. 0. 1. 0. 1. 0. 1. 1. 0. 1.],500,100,0.1,0.003,1,18,idID,20,first
46,0.0412990174386457,0.0412990174386457,0.003235863577345705,[0.         0.         0.         0.         0.13536612 0.         0.01819284 0.         0.01269244 0.         0.         0.         0.02620779 0.         0.03534848 0.         0.         0.         0.         0.         0.         0.         0.         0.03404729 0.         0.14806216 0.         0.13298348 0.01962789 0.         0.04387501],[0. 0. 0. 0. 1. 0. 1. 0. 1. 0. 0. 0. 1. 0. 1. 0. 0. 0. 0. 0. 0. 0. 0. 1. 0. 1. 0. 1. 1. 0. 1.],500,100,0.1,0.003,1,18,idID,20,first
47,0.04096381055205584,0.04096381055205584,0.003236660294185194,[0.         0.         0.         0.         0.13536612 0.         0.01819284 0.         0.01269244 0.         0.         0.         0.02358701 0.         0.03534848 0.         0.         0.         0.         0.         0.         0.         0.         0.03404729 0.         0.15068294 0.         0.13298348 0.01962789 0.         0.04387501],[0. 0. 0. 0. 1. 0. 1. 0. 1. 0. 0. 0. 1. 0. 1. 0. 0. 0. 0. 0. 0. 0. 0. 1. 0. 1. 0. 1. 1. 0. 1.],500,100,0.1,0.003,1,18,idID,20,first
48,0.04052163466902989,0.04052163466902989,0.003239898191218294,[0.         0.         0.         0.         0.13536612 0.         0.01819284 0.         0.01269244 0.         0.         0.         0.02358701 0.         0.03534848 0.         0.         0.         0.         0.         0.         0.         0.         0.03064256 0.         0.15408767 0.         0.13298348 0.01962789 0.         0.04387501],[0. 0. 0. 0. 1. 0. 1. 0. 1. 0. 0. 0. 1. 0. 1. 0. 0. 0. 0. 0. 0. 0. 0. 1. 0. 1. 0. 1. 1. 0. 1.],500,100,0.1,0.003,1,18,idID,20,first
49,0.04010232975678758,0.04010232975678758,0.003242842719685594,[0.         0.         0.         0.         0.13536612 0.         0.01819284 0.         0.01269244 0.         0.         0.         0.02358701 0.         0.03181363 0.         0.         0.         0.         0.         0.         0.         0.         0.03064256 0.         0.15762252 0.         0.13298348 0.01962789 0.         0.04387501],[0. 0. 0. 0. 1. 0. 1. 0. 1. 0. 0. 0. 1. 0. 1. 0. 0. 0. 0. 0. 0. 0. 0. 1. 0. 1. 0. 1. 1. 0. 1.],500,100,0.1,0.003,1,18,idID,20,first
50,0.039721694077627635,0.039721694077627635,0.0032382340788611945,[0.         0.         0.         0.         0.13536612 0.         0.01819284 0.         0.01269244 0.         0.         0.         0.02358701 0.         0.03181363 0.         0.         0.         0.         0.         0.         0.         0.         0.0275783  0.         0.15762252 0.         0.13604773 0.01962789 0.         0.04387501],[0. 0. 0. 0. 1. 0. 1. 0. 1. 0. 0. 0. 1. 0. 1. 0. 0. 0. 0. 0. 0. 0. 0. 1. 0. 1. 0. 1. 1. 0. 1.],500,100,0.1,0.003,1,18,idID,20,first
51,0.0393400681446326,0.0393400681446326,0.0032408841544817645,[0.         0.         0.         0.         0.13536612 0.         0.01819284 0.         0.01269244 0.         0.         0.         0.02358701 0.         0.02863227 0.         0.         0.         0.         0.         0.         0.         0.         0.0275783  0.         0.16080388 0.         0.13604773 0.01962789 0.         0.04387501],[0. 0. 0. 0. 1. 0. 1. 0. 1. 0. 0. 0. 1. 0. 1. 0. 0. 0. 0. 0. 0. 0. 0. 1. 0. 1. 0. 1. 1. 0. 1.],500,100,0.1,0.003,1,18,idID,20,first
52,0.03904442217041437,0.03904442217041437,0.003278112101887832,[0.         0.         0.         0.         0.13975363 0.         0.01819284 0.         0.01269244 0.         0.         0.         0.02358701 0.         0.02863227 0.         0.         0.         0.         0.         0.         0.         0.         0.0275783  0.         0.16080388 0.         0.13604773 0.01962789 0.         0.03948751],[0. 0. 0. 0. 1. 0. 1. 0. 1. 0. 0. 0. 1. 0. 1. 0. 0. 0. 0. 0. 0. 0. 0. 1. 0. 1. 0. 1. 1. 0. 1.],500,100,0.1,0.003,1,18,idID,20,first
53,0.03877077724130833,0.03877077724130833,0.003311617254553293,[0.         0.         0.         0.         0.14370238 0.         0.01819284 0.         0.01269244 0.         0.         0.         0.02358701 0.         0.02863227 0.         0.         0.         0.         0.         0.         0.         0.         0.0275783  0.         0.16080388 0.         0.13604773 0.01962789 0.         0.03553876],[0. 0. 0. 0. 1. 0. 1. 0. 1. 0. 0. 0. 1. 0. 1. 0. 0. 0. 0. 0. 0. 0. 0. 1. 0. 1. 0. 1. 1. 0. 1.],500,100,0.1,0.003,1,18,idID,20,first
54,0.03846655626231526,0.03846655626231526,0.003312334299708833,[0.         0.         0.         0.         0.14370238 0.         0.01819284 0.         0.01269244 0.         0.         0.         0.02122831 0.         0.02863227 0.         0.         0.         0.         0.         0.         0.         0.         0.0275783  0.         0.16316258 0.         0.13604773 0.01962789 0.         0.03553876],[0. 0. 0. 0. 1. 0. 1. 0. 1. 0. 0. 0. 1. 0. 1. 0. 0. 0. 0. 0. 0. 0. 0. 1. 0. 1. 0. 1. 1. 0. 1.],500,100,0.1,0.003,1,18,idID,20,first
55,0.03833349046705461,0.03833349046705461,0.0033213606782171,[0.         0.         0.         0.         0.14370238 0.         0.01819284 0.         0.01545027 0.         0.         0.         0.02122831 0.         0.02863227 0.         0.         0.         0.         0.         0.         0.         0.         0.02482047 0.         0.16316258 0.         0.13604773 0.01962789 0.         0.03553876],[0. 0. 0. 0. 1. 0. 1. 0. 1. 0. 0. 0. 1. 0. 1. 0. 0. 0. 0. 0. 0. 0. 0. 1. 0. 1. 0. 1. 1. 0. 1.],500,100,0.1,0.003,1,18,idID,20,first
56,0.0380098754142262,0.0380098754142262,0.003316716524086358,[0.         0.         0.         0.         0.14370238 0.         0.01819284 0.         0.01545027 0.         0.         0.         0.02122831 0.         0.02576904 0.         0.         0.         0.         0.         0.         0.         0.         0.02482047 0.         0.16316258 0.         0.13891096 0.01962789 0.         0.03553876],[0. 0. 0. 0. 1. 0. 1. 0. 1. 0. 0. 0. 1. 0. 1. 0. 0. 0. 0. 0. 0. 0. 0. 1. 0. 1. 0. 1. 1. 0. 1.],500,100,0.1,0.003,1,18,idID,20,first
57,0.037696711668107445,0.037696711668107445,0.0033188630853390193,[0.         0.         0.         0.         0.14370238 0.         0.01819284 0.         0.01545027 0.         0.         0.         0.02122831 0.         0.02319214 0.         0.         0.         0.         0.         0.         0.         0.         0.02482047 0.         0.16573949 0.         0.13891096 0.01962789 0.         0.03553876],[0. 0. 0. 0. 1. 0. 1. 0. 1. 0. 0. 0. 1. 0. 1. 0. 0. 0. 0. 0. 0. 0. 0. 1. 0. 1. 0. 1. 1. 0. 1.],500,100,0.1,0.003,1,18,idID,20,first
58,0.03759675530892614,0.03759675530892614,0.0033244376396831094,[0.         0.         0.         0.         0.14370238 0.         0.01819284 0.         0.0175731  0.         0.         0.         0.01910548 0.         0.02319214 0.         0.         0.         0.         0.         0.         0.         0.         0.02482047 0.         0.16573949 0.         0.13891096 0.01962789 0.         0.03553876],[0. 0. 0. 0. 1. 0. 1. 0. 1. 0. 0. 0. 1. 0. 1. 0. 0. 0. 0. 0. 0. 0. 0. 1. 0. 1. 0. 1. 1. 0. 1.],500,100,0.1,0.003,1,18,idID,20,first
59,0.037299430350346434,0.037299430350346434,0.003333013142339984,[0.         0.         0.         0.         0.14370238 0.         0.01819284 0.         0.0175731  0.         0.         0.         0.01910548 0.         0.02319214 0.         0.         0.         0.         0.         0.         0.         0.         0.02482047 0.         0.16929337 0.         0.13891096 0.01962789 0.         0.03198488],[0. 0. 0. 0. 1. 0. 1. 0. 1. 0. 0. 0. 1. 0. 1. 0. 0. 0. 0. 0. 0. 0. 0. 1. 0. 1. 0. 1. 1. 0. 1.],500,100,0.1,0.003,1,18,idID,20,first
60,0.03697011907964226,0.03697011907964226,0.0033353735692771137,[0.         0.         0.         0.         0.14370238 0.         0.01819284 0.         0.0175731  0.         0.         0.         0.01910548 0.         0.02319214 0.         0.         0.         0.         0.         0.         0.         0.         0.02233843 0.         0.17177541 0.         0.13891096 0.01962789 0.         0.03198488],[0. 0. 0. 0. 1. 0. 1. 0. 1. 0. 0. 0. 1. 0. 1. 0. 0. 0. 0. 0. 0. 0. 0. 1. 0. 1. 0. 1. 1. 0. 1.],500,100,0.1,0.003,1,18,idID,20,first
61,0.03670261854771783,0.03670261854771783,0.0033510618453460052,[0.         0.         0.         0.         0.14593622 0.         0.01819284 0.         0.0175731  0.         0.         0.         0.01910548 0.         0.02319214 0.         0.         0.         0.         0.         0.         0.         0.         0.02010458 0.         0.17177541 0.         0.13891096 0.01962789 0.         0.03198488],[0. 0. 0. 0. 1. 0. 1. 0. 1. 0. 0. 0. 1. 0. 1. 0. 0. 0. 0. 0. 0. 0. 0. 1. 0. 1. 0. 1. 1. 0. 1.],500,100,0.1,0.003,1,18,idID,20,first
62,0.0364243463281762,0.0364243463281762,0.0033661091397503575,[0.         0.         0.         0.         0.1477555  0.         0.01637355 0.         0.0175731  0.         0.         0.         0.01910548 0.         0.02319214 0.         0.         0.         0.         0.         0.         0.         0.         0.02010458 0.         0.17177541 0.         0.13891096 0.01962789 0.         0.03198488],[0. 0. 0. 0. 1. 0. 1. 0. 1. 0. 0. 0. 1. 0. 1. 0. 0. 0. 0. 0. 0. 0. 0. 1. 0. 1. 0. 1. 1. 0. 1.],500,100,0.1,0.003,1,18,idID,20,first
63,0.03614947804803507,0.03614947804803507,0.003369709683862998,[0.         0.         0.         0.         0.1477555  0.         0.0147362  0.         0.0175731  0.         0.         0.         0.01910548 0.         0.02319214 0.         0.         0.         0.         0.         0.         0.         0.         0.02010458 0.         0.17341277 0.         0.13891096 0.01962789 0.         0.03198488],[0. 0. 0. 0. 1. 0. 1. 0. 1. 0. 0. 0. 1. 0. 1. 0. 0. 0. 0. 0. 0. 0. 0. 1. 0. 1. 0. 1. 1. 0. 1.],500,100,0.1,0.003,1,18,idID,20,first
64,0.035909432231445125,0.035909432231445125,0.0033628811417669583,[0.         0.         0.         0.         0.1477555  0.         0.0147362  0.         0.0175731  0.         0.         0.         0.01910548 0.         0.02319214 0.         0.         0.         0.         0.         0.         0.         0.         0.02010458 0.         0.17341277 0.         0.14087375 0.0176651  0.         0.03198488],[0. 0. 0. 0. 1. 0. 1. 0. 1. 0. 0. 0. 1. 0. 1. 0. 0. 0. 0. 0. 0. 0. 0. 1. 0. 1. 0. 1. 1. 0. 1.],500,100,0.1,0.003,1,18,idID,20,first
65,0.03567182877286474,0.03567182877286474,0.0033625038951259614,[0.         0.         0.         0.         0.1477555  0.         0.01326258 0.         0.0175731  0.         0.         0.         0.01910548 0.         0.02319214 0.         0.         0.         0.         0.         0.         0.         0.         0.02010458 0.         0.17341277 0.         0.14234737 0.0176651  0.         0.03198488],[0. 0. 0. 0. 1. 0. 1. 0. 1. 0. 0. 0. 1. 0. 1. 0. 0. 0. 0. 0. 0. 0. 0. 1. 0. 1. 0. 1. 1. 0. 1.],500,100,0.1,0.003,1,18,idID,20,first
66,0.035439910100437955,0.035439910100437955,0.003360694989004745,[0.         0.         0.         0.         0.1477555  0.         0.01326258 0.         0.0175731  0.         0.         0.         0.01910548 0.         0.02319214 0.         0.         0.         0.         0.         0.         0.         0.         0.02010458 0.         0.17517928 0.         0.14234737 0.01589859 0.         0.03198488],[0. 0. 0. 0. 1. 0. 1. 0. 1. 0. 0. 0. 1. 0. 1. 0. 0. 0. 0. 0. 0. 0. 0. 1. 0. 1. 0. 1. 1. 0. 1.],500,100,0.1,0.003,1,18,idID,20,first
67,0.03518634454561663,0.03518634454561663,0.0033576712597598564,[0.         0.         0.         0.         0.1477555  0.         0.01326258 0.         0.0175731  0.         0.         0.         0.01910548 0.         0.02319214 0.         0.         0.         0.         0.         0.         0.         0.         0.01809412 0.         0.17517928 0.         0.14435783 0.01589859 0.         0.03198488],[0. 0. 0. 0. 1. 0. 1. 0. 1. 0. 0. 0. 1. 0. 1. 0. 0. 0. 0. 0. 0. 0. 0. 1. 0. 1. 0. 1. 1. 0. 1.],500,100,0.1,0.003,1,18,idID,20,first
68,0.03493870051801115,0.03493870051801115,0.003357536923249111,[0.         0.         0.         0.         0.1477555  0.         0.01326258 0.         0.0175731  0.         0.         0.         0.01910548 0.         0.02319214 0.         0.         0.         0.         0.         0.         0.         0.         0.01809412 0.         0.17517928 0.         0.14755631 0.01589859 0.         0.0287864 ],[0. 0. 0. 0. 1. 0. 1. 0. 1. 0. 0. 0. 1. 0. 1. 0. 0. 0. 0. 0. 0. 0. 0. 1. 0. 1. 0. 1. 1. 0. 1.],500,100,0.1,0.003,1,18,idID,20,first
69,0.0347140696857587,0.0347140696857587,0.0033604533639803496,[0.         0.         0.         0.         0.1477555  0.         0.01193632 0.         0.0175731  0.         0.         0.         0.01910548 0.         0.02319214 0.         0.         0.         0.         0.         0.         0.         0.         0.01809412 0.         0.17650554 0.         0.14755631 0.01589859 0.         0.0287864 ],[0. 0. 0. 0. 1. 0. 1. 0. 1. 0. 0. 0. 1. 0. 1. 0. 0. 0. 0. 0. 0. 0. 0. 1. 0. 1. 0. 1. 1. 0. 1.],500,100,0.1,0.003,1,18,idID,20,first
70,0.034479525846610556,0.034479525846610556,0.003356343775345649,[0.         0.         0.         0.         0.1477555  0.         0.01193632 0.         0.0175731  0.         0.         0.         0.01719493 0.         0.02319214 0.         0.         0.         0.         0.         0.         0.         0.         0.01809412 0.         0.17650554 0.         0.14946686 0.01589859 0.         0.0287864 ],[0. 0. 0. 0. 1. 0. 1. 0. 1. 0. 0. 0. 1. 0. 1. 0. 0. 0. 0. 0. 0. 0. 0. 1. 0. 1. 0. 1. 1. 0. 1.],500,100,0.1,0.003,1,18,idID,20,first
71,0.03421291376533452,0.03421291376533452,0.003352582010499748,[0.         0.         0.         0.         0.1477555  0.         0.01193632 0.         0.0175731  0.         0.         0.         0.01719493 0.         0.02087292 0.         0.         0.         0.         0.         0.         0.         0.         0.01809412 0.         0.17650554 0.         0.15178608 0.01589859 0.         0.0287864 ],[0. 0. 0. 0. 1. 0. 1. 0. 1. 0. 0. 0. 1. 0. 1. 0. 0. 0. 0. 0. 0. 0. 0. 1. 0. 1. 0. 1. 1. 0. 1.],500,100,0.1,0.003,1,18,idID,20,first
72,0.03406727209912327,0.03406727209912327,0.0033485015363701924,[0.         0.         0.         0.         0.1477555  0.         0.01193632 0.         0.01581579 0.         0.         0.         0.01719493 0.         0.02087292 0.         0.         0.         0.         0.         0.         0.         0.         0.01809412 0.         0.17826285 0.         0.15178608 0.01589859 0.         0.0287864 ],[0. 0. 0. 0. 1. 0. 1. 0. 1. 0. 0. 0. 1. 0. 1. 0. 0. 0. 0. 0. 0. 0. 0. 1. 0. 1. 0. 1. 1. 0. 1.],500,100,0.1,0.003,1,18,idID,20,first
73,0.033839894269680815,0.033839894269680815,0.003348380633510521,[0.         0.         0.         0.         0.1477555  0.         0.01193632 0.         0.01581579 0.         0.         0.         0.01719493 0.         0.02087292 0.         0.         0.         0.         0.         0.         0.         0.         0.01809412 0.         0.17826285 0.         0.15466472 0.01589859 0.         0.02590776],[0. 0. 0. 0. 1. 0. 1. 0. 1. 0. 0. 0. 1. 0. 1. 0. 0. 0. 0. 0. 0. 0. 0. 1. 0. 1. 0. 1. 1. 0. 1.],500,100,0.1,0.003,1,18,idID,20,first
74,0.03361575099804895,0.03361575099804895,0.0033546321749473827,[0.         0.         0.         0.         0.1477555  0.         0.01193632 0.         0.01581579 0.         0.         0.         0.01719493 0.         0.02087292 0.         0.         0.         0.         0.         0.         0.         0.         0.01809412 0.         0.18085362 0.         0.15466472 0.01589859 0.         0.02331698],[0. 0. 0. 0. 1. 0. 1. 0. 1. 0. 0. 0. 1. 0. 1. 0. 0. 0. 0. 0. 0. 0. 0. 1. 0. 1. 0. 1. 1. 0. 1.],500,100,0.1,0.003,1,18,idID,20,first
75,0.033391238909112754,0.033391238909112754,0.0033551549008657713,[0.         0.         0.         0.         0.1477555  0.         0.01193632 0.         0.01581579 0.         0.         0.         0.01547544 0.         0.02087292 0.         0.         0.         0.         0.         0.         0.         0.         0.01809412 0.         0.18257311 0.         0.15466472 0.01589859 0.         0.02331698],[0. 0. 0. 0. 1. 0. 1. 0. 1. 0. 0. 0. 1. 0. 1. 0. 0. 0. 0. 0. 0. 0. 0. 1. 0. 1. 0. 1. 1. 0. 1.],500,100,0.1,0.003,1,18,idID,20,first
76,0.03318128164008501,0.03318128164008501,0.003353526885356677,[0.         0.         0.         0.         0.1477555  0.         0.01193632 0.         0.01581579 0.         0.         0.         0.01547544 0.         0.02087292 0.         0.         0.         0.         0.         0.         0.         0.         0.01809412 0.         0.18416297 0.         0.15466472 0.01430873 0.         0.02331698],[0. 0. 0. 0. 1. 0. 1. 0. 1. 0. 0. 0. 1. 0. 1. 0. 0. 0. 0. 0. 0. 0. 0. 1. 0. 1. 0. 1. 1. 0. 1.],500,100,0.1,0.003,1,18,idID,20,first
77,0.03290925592143798,0.03290925592143798,0.003263809744117371,[0.         0.         0.         0.         0.13297995 0.         0.01193632 0.         0.01581579 0.         0.         0.         0.01547544 0.         0.02087292 0.         0.         0.         0.         0.         0.         0.         0.         0.01809412 0.         0.19893852 0.         0.15466472 0.01430873 0.         0.02331698],[0. 0. 0. 0. 1. 0. 1. 0. 1. 0. 0. 0. 1. 0. 1. 0. 0. 0. 0. 0. 0. 0. 0. 1. 0. 1. 0. 1. 1. 0. 1.],500,100,0.1,0.003,1,18,idID,20,first
78,0.03271953369888153,0.03271953369888153,0.003260480977323264,[0.         0.         0.         0.         0.13297995 0.         0.01193632 0.         0.01581579 0.         0.         0.         0.01392789 0.         0.02087292 0.         0.         0.         0.         0.         0.         0.         0.         0.01809412 0.         0.19893852 0.         0.15621226 0.01430873 0.         0.02331698],[0. 0. 0. 0. 1. 0. 1. 0. 1. 0. 0. 0. 1. 0. 1. 0. 0. 0. 0. 0. 0. 0. 0. 1. 0. 1. 0. 1. 1. 0. 1.],500,100,0.1,0.003,1,18,idID,20,first
79,0.032412150839647456,0.032412150839647456,0.0031797355502078883,[0.         0.         0.         0.         0.11968196 0.         0.01193632 0.         0.01581579 0.         0.         0.         0.01392789 0.         0.02087292 0.         0.         0.         0.         0.         0.         0.         0.         0.01809412 0.         0.21223652 0.         0.15621226 0.01430873 0.         0.02331698],[0. 0. 0. 0. 1. 0. 1. 0. 1. 0. 0. 0. 1. 0. 1. 0. 0. 0. 0. 0. 0. 0. 0. 1. 0. 1. 0. 1. 1. 0. 1.],500,100,0.1,0.003,1,18,idID,20,first
80,0.032317580943732,0.032317580943732,0.003185666471907824,[0.         0.         0.         0.         0.12126354 0.         0.01193632 0.         0.01423421 0.         0.         0.         0.01392789 0.         0.02087292 0.         0.         0.         0.         0.         0.         0.         0.         0.01809412 0.         0.21223652 0.         0.15621226 0.01430873 0.         0.02331698],[0. 0. 0. 0. 1. 0. 1. 0. 1. 0. 0. 0. 1. 0. 1. 0. 0. 0. 0. 0. 0. 0. 0. 1. 0. 1. 0. 1. 1. 0. 1.],500,100,0.1,0.003,1,18,idID,20,first
81,0.03205777163922505,0.03205777163922505,0.00318740518652248,[0.         0.         0.         0.         0.12126354 0.         0.01193632 0.         0.01423421 0.         0.         0.         0.01392789 0.         0.01878563 0.         0.         0.         0.         0.         0.         0.         0.         0.01809412 0.         0.21432381 0.         0.15621226 0.01430873 0.         0.02331698],[0. 0. 0. 0. 1. 0. 1. 0. 1. 0. 0. 0. 1. 0. 1. 0. 0. 0. 0. 0. 0. 0. 0. 1. 0. 1. 0. 1. 1. 0. 1.],500,100,0.1,0.003,1,18,idID,20,first
82,0.03185526988521074,0.03185526988521074,0.003225755296333306,[0.         0.         0.         0.         0.12126354 0.         0.01193632 0.         0.01423421 0.         0.         0.         0.01392789 0.         0.01878563 0.         0.         0.         0.         0.         0.         0.         0.         0.01809412 0.         0.22994504 0.         0.14059103 0.01430873 0.         0.02331698],[0. 0. 0. 0. 1. 0. 1. 0. 1. 0. 0. 0. 1. 0. 1. 0. 0. 0. 0. 0. 0. 0. 0. 1. 0. 1. 0. 1. 1. 0. 1.],500,100,0.1,0.003,1,18,idID,20,first
83,0.03164628449976388,0.03164628449976388,0.003222708266808126,[0.         0.         0.         0.         0.12126354 0.         0.01193632 0.         0.01423421 0.         0.         0.         0.01392789 0.         0.01690707 0.         0.         0.         0.         0.         0.         0.         0.         0.01809412 0.         0.22994504 0.         0.1424696  0.01430873 0.         0.02331698],[0. 0. 0. 0. 1. 0. 1. 0. 1. 0. 0. 0. 1. 0. 1. 0. 0. 0. 0. 0. 0. 0. 0. 1. 0. 1. 0. 1. 1. 0. 1.],500,100,0.1,0.003,1,18,idID,20,first
84,0.03147999600821577,0.03147999600821577,0.003219712376693429,[0.         0.         0.         0.         0.12126354 0.         0.01193632 0.         0.01423421 0.         0.         0.         0.01253511 0.         0.01690707 0.         0.         0.         0.         0.         0.         0.         0.         0.01809412 0.         0.22994504 0.         0.14386239 0.01430873 0.         0.02331698],[0. 0. 0. 0. 1. 0. 1. 0. 1. 0. 0. 0. 1. 0. 1. 0. 0. 0. 0. 0. 0. 0. 0. 1. 0. 1. 0. 1. 1. 0. 1.],500,100,0.1,0.003,1,18,idID,20,first
85,0.03125632760439778,0.03125632760439778,0.0032253387639866052,[0.         0.         0.         0.         0.12126354 0.         0.01193632 0.         0.01423421 0.         0.         0.         0.01253511 0.         0.01690707 0.         0.         0.         0.         0.         0.         0.         0.         0.01809412 0.         0.23227673 0.         0.14386239 0.01430873 0.         0.02098528],[0. 0. 0. 0. 1. 0. 1. 0. 1. 0. 0. 0. 1. 0. 1. 0. 0. 0. 0. 0. 0. 0. 0. 1. 0. 1. 0. 1. 1. 0. 1.],500,100,0.1,0.003,1,18,idID,20,first
86,0.031013391395339367,0.031013391395339367,0.003260656979895044,[0.         0.         0.         0.         0.12126354 0.         0.01193632 0.         0.01423421 0.         0.         0.         0.01253511 0.         0.01690707 0.         0.         0.         0.         0.         0.         0.         0.         0.01809412 0.         0.24666297 0.         0.12947615 0.01430873 0.         0.02098528],[0. 0. 0. 0. 1. 0. 1. 0. 1. 0. 0. 0. 1. 0. 1. 0. 0. 0. 0. 0. 0. 0. 0. 1. 0. 1. 0. 1. 1. 0. 1.],500,100,0.1,0.003,1,18,idID,20,first
87,0.030829422633196088,0.030829422633196088,0.003257914653322382,[0.         0.         0.         0.         0.12126354 0.         0.01193632 0.         0.01423421 0.         0.         0.         0.01253511 0.         0.01521636 0.         0.         0.         0.         0.         0.         0.         0.         0.01809412 0.         0.24666297 0.         0.13116685 0.01430873 0.         0.02098528],[0. 0. 0. 0. 1. 0. 1. 0. 1. 0. 0. 0. 1. 0. 1. 0. 0. 0. 0. 0. 0. 0. 0. 1. 0. 1. 0. 1. 1. 0. 1.],500,100,0.1,0.003,1,18,idID,20,first
88,0.030444114224874815,0.030444114224874815,0.0031842834340768903,[0.         0.         0.         0.         0.10913718 0.         0.01193632 0.         0.01423421 0.         0.         0.         0.01253511 0.         0.01521636 0.         0.         0.         0.         0.         0.         0.         0.         0.01809412 0.         0.25878933 0.         0.13116685 0.01430873 0.         0.02098528],[0. 0. 0. 0. 1. 0. 1. 0. 1. 0. 0. 0. 1. 0. 1. 0. 0. 0. 0. 0. 0. 0. 0. 1. 0. 1. 0. 1. 1. 0. 1.],500,100,0.1,0.003,1,18,idID,20,first
89,0.030266034816294068,0.030266034816294068,0.0031793054268888766,[0.         0.         0.         0.         0.10913718 0.         0.01193632 0.         0.01423421 0.         0.         0.         0.01253511 0.         0.01521636 0.         0.         0.         0.         0.         0.         0.         0.         0.01809412 0.         0.25878933 0.         0.13259773 0.01287786 0.         0.02098528],[0. 0. 0. 0. 1. 0. 1. 0. 1. 0. 0. 0. 1. 0. 1. 0. 0. 0. 0. 0. 0. 0. 0. 1. 0. 1. 0. 1. 1. 0. 1.],500,100,0.1,0.003,1,18,idID,20,first
90,0.030137712568828075,0.030137712568828075,0.0031872978098894233,[0.         0.         0.         0.         0.11039069 0.         0.01193632 0.         0.01423421 0.         0.         0.         0.01128159 0.         0.01521636 0.         0.         0.         0.         0.         0.         0.         0.         0.01809412 0.         0.25878933 0.         0.13259773 0.01287786 0.         0.02098528],[0. 0. 0. 0. 1. 0. 1. 0. 1. 0. 0. 0. 1. 0. 1. 0. 0. 0. 0. 0. 0. 0. 0. 1. 0. 1. 0. 1. 1. 0. 1.],500,100,0.1,0.003,1,18,idID,20,first
91,0.02994576214729659,0.02994576214729659,0.0032000053135052254,[0.         0.         0.         0.         0.11220011 0.         0.01193632 0.         0.01423421 0.         0.         0.         0.01128159 0.         0.01521636 0.         0.         0.         0.         0.         0.         0.         0.         0.01628471 0.         0.25878933 0.         0.13259773 0.01287786 0.         0.02098528],[0. 0. 0. 0. 1. 0. 1. 0. 1. 0. 0. 0. 1. 0. 1. 0. 0. 0. 0. 0. 0. 0. 0. 1. 0. 1. 0. 1. 1. 0. 1.],500,100,0.1,0.003,1,18,idID,20,first
92,0.029657650879117543,0.029657650879117543,0.0032325580556868566,[0.         0.         0.         0.         0.11220011 0.         0.01193632 0.         0.01423421 0.         0.         0.         0.01128159 0.         0.01521636 0.         0.         0.         0.         0.         0.         0.         0.         0.01628471 0.         0.2720491  0.         0.11933796 0.01287786 0.         0.02098528],[0. 0. 0. 0. 1. 0. 1. 0. 1. 0. 0. 0. 1. 0. 1. 0. 0. 0. 0. 0. 0. 0. 0. 1. 0. 1. 0. 1. 1. 0. 1.],500,100,0.1,0.003,1,18,idID,20,first
93,0.02952839342554931,0.02952839342554931,0.0032301313846939523,[0.         0.         0.         0.         0.11220011 0.         0.01193632 0.         0.01423421 0.         0.         0.         0.01015344 0.         0.01521636 0.         0.         0.         0.         0.         0.         0.         0.         0.01628471 0.         0.2720491  0.         0.12046611 0.01287786 0.         0.02098528],[0. 0. 0. 0. 1. 0. 1. 0. 1. 0. 0. 0. 1. 0. 1. 0. 0. 0. 0. 0. 0. 0. 0. 1. 0. 1. 0. 1. 1. 0. 1.],500,100,0.1,0.003,1,18,idID,20,first
94,0.02933746698407136,0.02933746698407136,0.0032298258149147446,[0.         0.         0.         0.         0.11220011 0.         0.01074269 0.         0.01423421 0.         0.         0.         0.01015344 0.         0.01521636 0.         0.         0.         0.         0.         0.         0.         0.         0.01628471 0.         0.2720491  0.         0.12165975 0.01287786 0.         0.02098528],[0. 0. 0. 0. 1. 0. 1. 0. 1. 0. 0. 0. 1. 0. 1. 0. 0. 0. 0. 0. 0. 0. 0. 1. 0. 1. 0. 1. 1. 0. 1.],500,100,0.1,0.003,1,18,idID,20,first
95,0.025520146756361516,0.025520146756361516,0.0031584672489232907,[0.         0.         0.         0.         0.11220011 0.         0.01074269 0.         0.01423421 0.         0.         0.         0.         0.         0.01521636 0.         0.         0.         0.         0.         0.         0.         0.         0.01628471 0.         0.2720491  0.         0.12165975 0.01287786 0.         0.01015344],[0. 0. 0. 0. 1. 0. 1. 0. 1. 0. 0. 0. 0. 0. 1. 0. 0. 0. 0. 0. 0. 0. 0. 1. 0. 1. 0. 1. 1. 0. 1.],500,100,0.1,0.003,1,18,idID,20,first
96,0.022576775941690393,0.022576775941690393,0.0031181804364125883,[0.         0.         0.         0.         0.11220011 0.         0.         0.         0.01423421 0.         0.         0.         0.         0.         0.01521636 0.         0.         0.         0.         0.         0.         0.         0.         0.01628471 0.         0.2720491  0.         0.12165975 0.01074269 0.         0.01015344],[0. 0. 0. 0. 1. 0. 0. 0. 1. 0. 0. 0. 0. 0. 1. 0. 0. 0. 0. 0. 0. 0. 0. 1. 0. 1. 0. 1. 1. 0. 1.],500,100,0.1,0.003,1,18,idID,20,first
97,0.020058622405023322,0.020058622405023322,0.003030848025904727,[0.         0.         0.         0.         0.11220011 0.         0.         0.         0.01074269 0.         0.         0.         0.         0.         0.01521636 0.         0.         0.         0.         0.         0.         0.         0.         0.01628471 0.         0.2720491  0.         0.12165975 0.         0.         0.01015344],[0. 0. 0. 0. 1. 0. 0. 0. 1. 0. 0. 0. 0. 0. 1. 0. 0. 0. 0. 0. 0. 0. 0. 1. 0. 1. 0. 1. 0. 0. 1.],500,100,0.1,0.003,1,18,idID,20,first
98,0.019879247700980218,0.019879247700980218,0.003032115548858812,[0.         0.         0.         0.         0.11220011 0.         0.         0.         0.01074269 0.         0.         0.         0.         0.         0.01369473 0.         0.         0.         0.         0.         0.         0.         0.         0.01628471 0.         0.27357074 0.         0.12165975 0.         0.         0.01015344],[0. 0. 0. 0. 1. 0. 0. 0. 1. 0. 0. 0. 0. 0. 1. 0. 0. 0. 0. 0. 0. 0. 0. 1. 0. 1. 0. 1. 0. 0. 1.],500,100,0.1,0.003,1,18,idID,20,first
99,0.018294725789258726,0.018294725789258726,0.0030037578422164946,[0.         0.         0.         0.         0.11220011 0.         0.         0.         0.01015344 0.         0.         0.         0.         0.         0.01369473 0.         0.         0.         0.         0.         0.         0.         0.         0.01628471 0.         0.27357074 0.         0.12165975 0.         0.         0.        ],[0. 0. 0. 0. 1. 0. 0. 0. 1. 0. 0. 0. 0. 0. 1. 0. 0. 0. 0. 0. 0. 0. 0. 1. 0. 1. 0. 1. 0. 0. 0.],500,100,0.1,0.003,1,18,idID,20,first
100,0.018250447310754224,0.018250447310754224,0.0030080785282046362,[0.         0.         0.         0.         0.11220011 0.         0.         0.         0.01152291 0.         0.         0.         0.         0.         0.01232525 0.         0.         0.         0.         0.         0.         0.         0.         0.01628471 0.         0.27357074 0.         0.12165975 0.         0.         0.        ],[0. 0. 0. 0. 1. 0. 0. 0. 1. 0. 0. 0. 0. 0. 1. 0. 0. 0. 0. 0. 0. 0. 0. 1. 0. 1. 0. 1. 0. 0. 0.],500,100,0.1,0.003,1,18,idID,20,first
101,0.01795086250663507,0.01795086250663507,0.003037945995958633,[0.         0.         0.         0.         0.11220011 0.         0.         0.         0.01152291 0.         0.         0.         0.         0.         0.01232525 0.         0.         0.         0.         0.         0.         0.         0.         0.01628471 0.         0.28573671 0.         0.10949377 0.         0.         0.        ],[0. 0. 0. 0. 1. 0. 0. 0. 1. 0. 0. 0. 0. 0. 1. 0. 0. 0. 0. 0. 0. 0. 0. 1. 0. 1. 0. 1. 0. 0. 0.],500,100,0.1,0.003,1,18,idID,20,first
102,0.017791799377510145,0.017791799377510145,0.0030354967752702733,[0.         0.         0.         0.         0.11220011 0.         0.         0.         0.01152291 0.         0.         0.         0.         0.         0.01232525 0.         0.         0.         0.         0.         0.         0.         0.         0.01465624 0.         0.28573671 0.         0.11112224 0.         0.         0.        ],[0. 0. 0. 0. 1. 0. 0. 0. 1. 0. 0. 0. 0. 0. 1. 0. 0. 0. 0. 0. 0. 0. 0. 1. 0. 1. 0. 1. 0. 0. 0.],500,100,0.1,0.003,1,18,idID,20,first
103,0.017648035814334075,0.017648035814334075,0.0030365234688630818,[0.         0.         0.         0.         0.11220011 0.         0.         0.         0.01152291 0.         0.         0.         0.         0.         0.01109273 0.         0.         0.         0.         0.         0.         0.         0.         0.01465624 0.         0.28696924 0.         0.11112224 0.         0.         0.        ],[0. 0. 0. 0. 1. 0. 0. 0. 1. 0. 0. 0. 0. 0. 1. 0. 0. 0. 0. 0. 0. 0. 0. 1. 0. 1. 0. 1. 0. 0. 0.],500,100,0.1,0.003,1,18,idID,20,first
104,0.017340948797995102,0.017340948797995102,0.003063803979521859,[0.         0.         0.         0.         0.11220011 0.         0.         0.         0.01152291 0.         0.         0.         0.         0.         0.01109273 0.         0.         0.         0.         0.         0.         0.         0.         0.01465624 0.         0.29808146 0.         0.10001002 0.         0.         0.        ],[0. 0. 0. 0. 1. 0. 0. 0. 1. 0. 0. 0. 0. 0. 1. 0. 0. 0. 0. 0. 0. 0. 0. 1. 0. 1. 0. 1. 0. 0. 0.],500,100,0.1,0.003,1,18,idID,20,first
105,0.01705324956936487,0.01705324956936487,0.003022696777063654,[0.         0.         0.         0.         0.11220011 0.         0.         0.         0.01152291 0.         0.         0.         0.         0.         0.         0.         0.01       0.         0.         0.         0.         0.         0.         0.01465624 0.         0.29808146 0.         0.10001002 0.         0.         0.        ],[0. 0. 0. 0. 1. 0. 0. 0. 1. 0. 0. 0. 0. 0. 0. 0. 1. 0. 0. 0. 0. 0. 0. 1. 0. 1. 0. 1. 0. 0. 0.],500,100,0.1,0.003,1,18,idID,20,first
106,0.01705324956936487,0.01705324956936487,0.003022696777063654,[0.         0.         0.         0.         0.11220011 0.         0.         0.         0.01152291 0.         0.         0.         0.         0.         0.         0.         0.01       0.         0.         0.         0.         0.         0.         0.01465624 0.         0.29808146 0.         0.10001002 0.         0.         0.        ],[0. 0. 0. 0. 1. 0. 0. 0. 1. 0. 0. 0. 0. 0. 0. 0. 1. 0. 0. 0. 0. 0. 0. 1. 0. 1. 0. 1. 0. 0. 0.],500,100,0.1,0.003,1,18,idID,20,first
107,0.016956953831729682,0.016956953831729682,0.003020021157896597,[0.         0.         0.         0.         0.11220011 0.         0.         0.         0.01037062 0.         0.         0.         0.         0.         0.         0.         0.01       0.         0.         0.         0.         0.         0.         0.01465624 0.         0.29923375 0.         0.10001002 0.         0.         0.        ],[0. 0. 0. 0. 1. 0. 0. 0. 1. 0. 0. 0. 0. 0. 0. 0. 1. 0. 0. 0. 0. 0. 0. 1. 0. 1. 0. 1. 0. 0. 0.],500,100,0.1,0.003,1,18,idID,20,first
108,0.01665334669132468,0.01665334669132468,0.0030445736174894967,[0.         0.         0.         0.         0.11220011 0.         0.         0.         0.01037062 0.         0.         0.         0.         0.         0.         0.         0.01       0.         0.         0.         0.         0.         0.         0.01465624 0.         0.30923475 0.         0.09000902 0.         0.         0.        ],[0. 0. 0. 0. 1. 0. 0. 0. 1. 0. 0. 0. 0. 0. 0. 0. 1. 0. 0. 0. 0. 0. 0. 1. 0. 1. 0. 1. 0. 0. 0.],500,100,0.1,0.003,1,18,idID,20,first
109,0.015128064442452006,0.015128064442452006,0.003039116678056899,[0.         0.         0.         0.         0.11220011 0.         0.         0.         0.01       0.         0.         0.         0.         0.         0.         0.         0.         0.         0.         0.         0.         0.         0.         0.01465624 0.         0.30923475 0.         0.09000902 0.         0.         0.        ],[0. 0. 0. 0. 1. 0. 0. 0. 1. 0. 0. 0. 0. 0. 0. 0. 0. 0. 0. 0. 0. 0. 0. 1. 0. 1. 0. 1. 0. 0. 0.],500,100,0.1,0.003,1,18,idID,20,first
110,0.014948258661397484,0.014948258661397484,0.003040510486559004,[0.         0.         0.         0.         0.11220011 0.         0.         0.         0.01       0.         0.         0.         0.         0.         0.         0.         0.         0.         0.         0.         0.         0.         0.         0.01319062 0.         0.31070038 0.         0.09000902 0.         0.         0.        ],[0. 0. 0. 0. 1. 0. 0. 0. 1. 0. 0. 0. 0. 0. 0. 0. 0. 0. 0. 0. 0. 0. 0. 1. 0. 1. 0. 1. 0. 0. 0.],500,100,0.1,0.003,1,18,idID,20,first
111,0.014836884339877638,0.014836884339877638,0.003049774256694924,[0.         0.         0.         0.         0.11351917 0.         0.         0.         0.01       0.         0.         0.         0.         0.         0.         0.         0.         0.         0.         0.         0.         0.         0.         0.01187156 0.         0.31070038 0.         0.09000902 0.         0.         0.        ],[0. 0. 0. 0. 1. 0. 0. 0. 1. 0. 0. 0. 0. 0. 0. 0. 0. 0. 0. 0. 0. 0. 0. 1. 0. 1. 0. 1. 0. 0. 0.],500,100,0.1,0.003,1,18,idID,20,first
112,0.014836884339877638,0.014836884339877638,0.003049774256694924,[0.         0.         0.         0.         0.11351917 0.         0.         0.         0.01       0.         0.         0.         0.         0.         0.         0.         0.         0.         0.         0.         0.         0.         0.         0.01187156 0.         0.31070038 0.         0.09000902 0.         0.         0.        ],[0. 0. 0. 0. 1. 0. 0. 0. 1. 0. 0. 0. 0. 0. 0. 0. 0. 0. 0. 0. 0. 0. 0. 1. 0. 1. 0. 1. 0. 0. 0.],500,100,0.1,0.003,1,18,idID,20,first
113,0.014689637555447714,0.014689637555447714,0.00305090324158163,[0.         0.         0.         0.         0.11351917 0.         0.         0.         0.01       0.         0.         0.         0.         0.         0.         0.         0.         0.         0.         0.         0.         0.         0.         0.0106844  0.         0.31188753 0.         0.09000902 0.         0.         0.        ],[0. 0. 0. 0. 1. 0. 0. 0. 1. 0. 0. 0. 0. 0. 0. 0. 0. 0. 0. 0. 0. 0. 0. 1. 0. 1. 0. 1. 0. 0. 0.],500,100,0.1,0.003,1,18,idID,20,first
114,0.014397305695192087,0.014397305695192087,0.0030730004552152394,[0.         0.         0.         0.         0.11351917 0.         0.         0.         0.01       0.         0.         0.         0.         0.         0.         0.         0.         0.         0.         0.         0.         0.         0.         0.0106844  0.         0.32088843 0.         0.08100812 0.         0.         0.        ],[0. 0. 0. 0. 1. 0. 0. 0. 1. 0. 0. 0. 0. 0. 0. 0. 0. 0. 0. 0. 0. 0. 0. 1. 0. 1. 0. 1. 0. 0. 0.],500,100,0.1,0.003,1,18,idID,20,first
115,0.01391756970756144,0.01391756970756144,0.0030040716168274273,[0.         0.         0.         0.         0.10216725 0.         0.         0.         0.01       0.         0.         0.         0.         0.         0.         0.         0.         0.         0.         0.         0.         0.         0.         0.0106844  0.         0.33224035 0.         0.08100812 0.         0.         0.        ],[0. 0. 0. 0. 1. 0. 0. 0. 1. 0. 0. 0. 0. 0. 0. 0. 0. 0. 0. 0. 0. 0. 0. 1. 0. 1. 0. 1. 0. 0. 0.],500,100,0.1,0.003,1,18,idID,20,first
116,0.01391756970756144,0.01391756970756144,0.0030040716168274273,[0.         0.         0.         0.         0.10216725 0.         0.         0.         0.01       0.         0.         0.         0.         0.         0.         0.         0.         0.         0.         0.         0.         0.         0.         0.0106844  0.         0.33224035 0.         0.08100812 0.         0.         0.        ],[0. 0. 0. 0. 1. 0. 0. 0. 1. 0. 0. 0. 0. 0. 0. 0. 0. 0. 0. 0. 0. 0. 0. 1. 0. 1. 0. 1. 0. 0. 0.],500,100,0.1,0.003,1,18,idID,20,first
117,0.01391756970756144,0.01391756970756144,0.0030040716168274273,[0.         0.         0.         0.         0.10216725 0.         0.         0.         0.01       0.         0.         0.         0.         0.         0.         0.         0.         0.         0.         0.         0.         0.         0.         0.0106844  0.         0.33224035 0.         0.08100812 0.         0.         0.        ],[0. 0. 0. 0. 1. 0. 0. 0. 1. 0. 0. 0. 0. 0. 0. 0. 0. 0. 0. 0. 0. 0. 0. 1. 0. 1. 0. 1. 0. 0. 0.],500,100,0.1,0.003,1,18,idID,20,first
118,0.013777284956242097,0.013777284956242097,0.003015962153722793,[0.         0.         0.         0.         0.10216725 0.         0.         0.         0.01       0.         0.         0.         0.         0.         0.         0.         0.         0.         0.01       0.         0.         0.         0.         0.         0.         0.33224035 0.         0.08100812 0.         0.         0.        ],[0. 0. 0. 0. 1. 0. 0. 0. 1. 0. 0. 0. 0. 0. 0. 0. 0. 0. 1. 0. 0. 0. 0. 0. 0. 1. 0. 1. 0. 0. 0.],500,100,0.1,0.003,1,18,idID,20,first
119,0.013777284956242097,0.013777284956242097,0.003015962153722793,[0.         0.         0.         0.         0.10216725 0.         0.         0.         0.01       0.         0.         0.         0.         0.         0.         0.         0.         0.         0.01       0.         0.         0.         0.         0.         0.         0.33224035 0.         0.08100812 0.         0.         0.        ],[0. 0. 0. 0. 1. 0. 0. 0. 1. 0. 0. 0. 0. 0. 0. 0. 0. 0. 1. 0. 0. 0. 0. 0. 0. 1. 0. 1. 0. 0. 0.],500,100,0.1,0.003,1,18,idID,20,first
120,0.013487570958118398,0.013487570958118398,0.003035849645993042,[0.         0.         0.         0.         0.10216725 0.         0.         0.         0.01       0.         0.         0.         0.         0.         0.         0.         0.         0.         0.01       0.         0.         0.         0.         0.         0.         0.34034116 0.         0.0729073  0.         0.         0.        ],[0. 0. 0. 0. 1. 0. 0. 0. 1. 0. 0. 0. 0. 0. 0. 0. 0. 0. 1. 0. 0. 0. 0. 0. 0. 1. 0. 1. 0. 0. 0.],500,100,0.1,0.003,1,18,idID,20,first
121,0.013437470386551251,0.013437470386551251,0.0030098996459930415,[0.         0.         0.         0.         0.10216725 0.         0.         0.         0.01       0.         0.         0.         0.         0.         0.         0.         0.         0.         0.         0.         0.01       0.         0.         0.         0.         0.34034116 0.         0.0729073  0.         0.         0.        ],[0. 0. 0. 0. 1. 0. 0. 0. 1. 0. 0. 0. 0. 0. 0. 0. 0. 0. 0. 0. 1. 0. 0. 0. 0. 1. 0. 1. 0. 0. 0.],500,100,0.1,0.003,1,18,idID,20,first
122,0.01327347267611576,0.01327347267611576,0.0030067096459930414,[0.         0.         0.         0.         0.10216725 0.         0.         0.         0.01       0.         0.         0.         0.         0.         0.         0.         0.         0.         0.         0.         0.         0.         0.         0.         0.         0.34034116 0.         0.0729073  0.         0.         0.01      ],[0. 0. 0. 0. 1. 0. 0. 0. 1. 0. 0. 0. 0. 0. 0. 0. 0. 0. 0. 0. 0. 0. 0. 0. 0. 1. 0. 1. 0. 0. 1.],500,100,0.1,0.003,1,18,idID,20,first
123,0.012997337666497074,0.012997337666497074,0.0030246083890362657,[0.         0.         0.         0.         0.10216725 0.         0.         0.         0.01       0.         0.         0.         0.         0.         0.         0.         0.         0.         0.         0.         0.         0.         0.         0.         0.         0.34763189 0.         0.06561657 0.         0.         0.01      ],[0. 0. 0. 0. 1. 0. 0. 0. 1. 0. 0. 0. 0. 0. 0. 0. 0. 0. 0. 0. 0. 0. 0. 0. 0. 1. 0. 1. 0. 0. 1.],500,100,0.1,0.003,1,18,idID,20,first
124,0.012997337666497074,0.012997337666497074,0.0030246083890362657,[0.         0.         0.         0.         0.10216725 0.         0.         0.         0.01       0.         0.         0.         0.         0.         0.         0.         0.         0.         0.         0.         0.         0.         0.         0.         0.         0.34763189 0.         0.06561657 0.         0.         0.01      ],[0. 0. 0. 0. 1. 0. 0. 0. 1. 0. 0. 0. 0. 0. 0. 0. 0. 0. 0. 0. 0. 0. 0. 0. 0. 1. 0. 1. 0. 0. 1.],500,100,0.1,0.003,1,18,idID,20,first
125,0.012997337666497074,0.012997337666497074,0.0030246083890362657,[0.         0.         0.         0.         0.10216725 0.         0.         0.         0.01       0.         0.         0.         0.         0.         0.         0.         0.         0.         0.         0.         0.         0.         0.         0.         0.         0.34763189 0.         0.06561657 0.         0.         0.01      ],[0. 0. 0. 0. 1. 0. 0. 0. 1. 0. 0. 0. 0. 0. 0. 0. 0. 0. 0. 0. 0. 0. 0. 0. 0. 1. 0. 1. 0. 0. 1.],500,100,0.1,0.003,1,18,idID,20,first
126,0.012997337666497074,0.012997337666497074,0.0030246083890362657,[0.         0.         0.         0.         0.10216725 0.         0.         0.         0.01       0.         0.         0.         0.         0.         0.         0.         0.         0.         0.         0.         0.         0.         0.         0.         0.         0.34763189 0.         0.06561657 0.         0.         0.01      ],[0. 0. 0. 0. 1. 0. 0. 0. 1. 0. 0. 0. 0. 0. 0. 0. 0. 0. 0. 0. 0. 0. 0. 0. 0. 1. 0. 1. 0. 0. 1.],500,100,0.1,0.003,1,18,idID,20,first
127,0.012736132813293,0.012736132813293,0.003040717257775167,[0.         0.         0.         0.         0.10216725 0.         0.         0.         0.01       0.         0.         0.         0.         0.         0.         0.         0.         0.         0.         0.         0.         0.         0.         0.         0.         0.35419355 0.         0.05905492 0.         0.         0.01      ],[0. 0. 0. 0. 1. 0. 0. 0. 1. 0. 0. 0. 0. 0. 0. 0. 0. 0. 0. 0. 0. 0. 0. 0. 0. 1. 0. 1. 0. 0. 1.],500,100,0.1,0.003,1,18,idID,20,first
128,0.012736132813293,0.012736132813293,0.003040717257775167,[0.         0.         0.         0.         0.10216725 0.         0.         0.         0.01       0.         0.         0.         0.         0.         0.         0.         0.         0.         0.         0.         0.         0.         0.         0.         0.         0.35419355 0.         0.05905492 0.         0.         0.01      ],[0. 0. 0. 0. 1. 0. 0. 0. 1. 0. 0. 0. 0. 0. 0. 0. 0. 0. 0. 0. 0. 0. 0. 0. 0. 1. 0. 1. 0. 0. 1.],500,100,0.1,0.003,1,18,idID,20,first
129,0.012736132813293,0.012736132813293,0.003040717257775167,[0.         0.         0.         0.         0.10216725 0.         0.         0.         0.01       0.         0.         0.         0.         0.         0.         0.         0.         0.         0.         0.         0.         0.         0.         0.         0.         0.35419355 0.         0.05905492 0.         0.         0.01      ],[0. 0. 0. 0. 1. 0. 0. 0. 1. 0. 0. 0. 0. 0. 0. 0. 0. 0. 0. 0. 0. 0. 0. 0. 0. 1. 0. 1. 0. 0. 1.],500,100,0.1,0.003,1,18,idID,20,first
130,0.012736132813293,0.012736132813293,0.003040717257775167,[0.         0.         0.         0.         0.10216725 0.         0.         0.         0.01       0.         0.         0.         0.         0.         0.         0.         0.         0.         0.         0.         0.         0.         0.         0.         0.         0.35419355 0.         0.05905492 0.         0.         0.01      ],[0. 0. 0. 0. 1. 0. 0. 0. 1. 0. 0. 0. 0. 0. 0. 0. 0. 0. 0. 0. 0. 0. 0. 0. 0. 1. 0. 1. 0. 0. 1.],500,100,0.1,0.003,1,18,idID,20,first
131,0.012490774936326055,0.012490774936326055,0.0030552152396401784,[0.         0.         0.         0.         0.10216725 0.         0.         0.         0.01       0.         0.         0.         0.         0.         0.         0.         0.         0.         0.         0.         0.         0.         0.         0.         0.         0.36009904 0.         0.05314942 0.         0.         0.01      ],[0. 0. 0. 0. 1. 0. 0. 0. 1. 0. 0. 0. 0. 0. 0. 0. 0. 0. 0. 0. 0. 0. 0. 0. 0. 1. 0. 1. 0. 0. 1.],500,100,0.1,0.003,1,18,idID,20,first
132,0.012490774936326055,0.012490774936326055,0.0030552152396401784,[0.         0.         0.         0.         0.10216725 0.         0.         0.         0.01       0.         0.         0.         0.         0.         0.         0.         0.         0.         0.         0.         0.         0.         0.         0.         0.         0.36009904 0.         0.05314942 0.         0.         0.01      ],[0. 0. 0. 0. 1. 0. 0. 0. 1. 0. 0. 0. 0. 0. 0. 0. 0. 0. 0. 0. 0. 0. 0. 0. 0. 1. 0. 1. 0. 0. 1.],500,100,0.1,0.003,1,18,idID,20,first
133,0.011119369774035933,0.011119369774035933,0.0030314152396401783,[0.         0.         0.         0.         0.10216725 0.         0.         0.         0.01       0.         0.         0.         0.         0.         0.         0.         0.         0.         0.         0.         0.         0.         0.         0.         0.         0.36009904 0.         0.05314942 0.         0.         0.        ],[0. 0. 0. 0. 1. 0. 0. 0. 1. 0. 0. 0. 0. 0. 0. 0. 0. 0. 0. 0. 0. 0. 0. 0. 0. 1. 0. 1. 0. 0. 0.],500,100,0.1,0.003,1,18,idID,20,first
134,0.011119369774035933,0.011119369774035933,0.0030314152396401783,[0.         0.         0.         0.         0.10216725 0.         0.         0.         0.01       0.         0.         0.         0.         0.         0.         0.         0.         0.         0.         0.         0.         0.         0.         0.         0.         0.36009904 0.         0.05314942 0.         0.         0.        ],[0. 0. 0. 0. 1. 0. 0. 0. 1. 0. 0. 0. 0. 0. 0. 0. 0. 0. 0. 0. 0. 0. 0. 0. 0. 1. 0. 1. 0. 0. 0.],500,100,0.1,0.003,1,18,idID,20,first
135,0.011119369774035933,0.011119369774035933,0.0030314152396401783,[0.         0.         0.         0.         0.10216725 0.         0.         0.         0.01       0.         0.         0.         0.         0.         0.         0.         0.         0.         0.         0.         0.         0.         0.         0.         0.         0.36009904 0.         0.05314942 0.         0.         0.        ],[0. 0. 0. 0. 1. 0. 0. 0. 1. 0. 0. 0. 0. 0. 0. 0. 0. 0. 0. 0. 0. 0. 0. 0. 0. 1. 0. 1. 0. 0. 0.],500,100,0.1,0.003,1,18,idID,20,first
136,0.011119369774035933,0.011119369774035933,0.0030314152396401783,[0.         0.         0.         0.         0.10216725 0.         0.         0.         0.01       0.         0.         0.         0.         0.         0.         0.         0.         0.         0.         0.         0.         0.         0.         0.         0.         0.36009904 0.         0.05314942 0.         0.         0.        ],[0. 0. 0. 0. 1. 0. 0. 0. 1. 0. 0. 0. 0. 0. 0. 0. 0. 0. 0. 0. 0. 0. 0. 0. 0. 1. 0. 1. 0. 0. 0.],500,100,0.1,0.003,1,18,idID,20,first
137,0.011119369774035933,0.011119369774035933,0.0030314152396401783,[0.         0.         0.         0.         0.10216725 0.         0.         0.         0.01       0.         0.         0.         0.         0.         0.         0.         0.         0.         0.         0.         0.         0.         0.         0.         0.         0.36009904 0.         0.05314942 0.         0.         0.        ],[0. 0. 0. 0. 1. 0. 0. 0. 1. 0. 0. 0. 0. 0. 0. 0. 0. 0. 0. 0. 0. 0. 0. 0. 0. 1. 0. 1. 0. 0. 0.],500,100,0.1,0.003,1,18,idID,20,first
138,0.011119369774035933,0.011119369774035933,0.0030314152396401783,[0.         0.         0.         0.         0.10216725 0.         0.         0.         0.01       0.         0.         0.         0.         0.         0.         0.         0.         0.         0.         0.         0.         0.         0.         0.         0.         0.36009904 0.         0.05314942 0.         0.         0.        ],[0. 0. 0. 0. 1. 0. 0. 0. 1. 0. 0. 0. 0. 0. 0. 0. 0. 0. 0. 0. 0. 0. 0. 0. 0. 1. 0. 1. 0. 0. 0.],500,100,0.1,0.003,1,18,idID,20,first
139,0.010888415713566517,0.010888415713566517,0.0030444634233186886,[0.         0.         0.         0.         0.10216725 0.         0.         0.         0.01       0.         0.         0.         0.         0.         0.         0.         0.         0.         0.         0.         0.         0.         0.         0.         0.         0.36541398 0.         0.04783448 0.         0.         0.        ],[0. 0. 0. 0. 1. 0. 0. 0. 1. 0. 0. 0. 0. 0. 0. 0. 0. 0. 0. 0. 0. 0. 0. 0. 0. 1. 0. 1. 0. 0. 0.],500,100,0.1,0.003,1,18,idID,20,first
140,0.010888415713566517,0.010888415713566517,0.0030444634233186886,[0.         0.         0.         0.         0.10216725 0.         0.         0.         0.01       0.         0.         0.         0.         0.         0.         0.         0.         0.         0.         0.         0.         0.         0.         0.         0.         0.36541398 0.         0.04783448 0.         0.         0.        ],[0. 0. 0. 0. 1. 0. 0. 0. 1. 0. 0. 0. 0. 0. 0. 0. 0. 0. 0. 0. 0. 0. 0. 0. 0. 1. 0. 1. 0. 0. 0.],500,100,0.1,0.003,1,18,idID,20,first
141,0.010888415713566517,0.010888415713566517,0.0030444634233186886,[0.         0.         0.         0.         0.10216725 0.         0.         0.         0.01       0.         0.         0.         0.         0.         0.         0.         0.         0.         0.         0.         0.         0.         0.         0.         0.         0.36541398 0.         0.04783448 0.         0.         0.        ],[0. 0. 0. 0. 1. 0. 0. 0. 1. 0. 0. 0. 0. 0. 0. 0. 0. 0. 0. 0. 0. 0. 0. 0. 0. 1. 0. 1. 0. 0. 0.],500,100,0.1,0.003,1,18,idID,20,first
142,0.010888415713566517,0.010888415713566517,0.0030444634233186886,[0.         0.         0.         0.         0.10216725 0.         0.         0.         0.01       0.         0.         0.         0.         0.         0.         0.         0.         0.         0.         0.         0.         0.         0.         0.         0.         0.36541398 0.         0.04783448 0.         0.         0.        ],[0. 0. 0. 0. 1. 0. 0. 0. 1. 0. 0. 0. 0. 0. 0. 0. 0. 0. 0. 0. 0. 0. 0. 0. 0. 1. 0. 1. 0. 0. 0.],500,100,0.1,0.003,1,18,idID,20,first
143,0.010888415713566517,0.010888415713566517,0.0030444634233186886,[0.         0.         0.         0.         0.10216725 0.         0.         0.         0.01       0.         0.         0.         0.         0.         0.         0.         0.         0.         0.         0.         0.         0.         0.         0.         0.         0.36541398 0.         0.04783448 0.         0.         0.        ],[0. 0. 0. 0. 1. 0. 0. 0. 1. 0. 0. 0. 0. 0. 0. 0. 0. 0. 0. 0. 0. 0. 0. 0. 0. 1. 0. 1. 0. 0. 0.],500,100,0.1,0.003,1,18,idID,20,first
144,0.010888415713566517,0.010888415713566517,0.0030444634233186886,[0.         0.         0.         0.         0.10216725 0.         0.         0.         0.01       0.         0.         0.         0.         0.         0.         0.         0.         0.         0.         0.         0.         0.         0.         0.         0.         0.36541398 0.         0.04783448 0.         0.         0.        ],[0. 0. 0. 0. 1. 0. 0. 0. 1. 0. 0. 0. 0. 0. 0. 0. 0. 0. 0. 0. 0. 0. 0. 0. 0. 1. 0. 1. 0. 0. 0.],500,100,0.1,0.003,1,18,idID,20,first
145,0.010888415713566517,0.010888415713566517,0.0030444634233186886,[0.         0.         0.         0.         0.10216725 0.         0.         0.         0.01       0.         0.         0.         0.         0.         0.         0.         0.         0.         0.         0.         0.         0.         0.         0.         0.         0.36541398 0.         0.04783448 0.         0.         0.        ],[0. 0. 0. 0. 1. 0. 0. 0. 1. 0. 0. 0. 0. 0. 0. 0. 0. 0. 0. 0. 0. 0. 0. 0. 0. 1. 0. 1. 0. 0. 0.],500,100,0.1,0.003,1,18,idID,20,first
146,0.010888415713566517,0.010888415713566517,0.0030444634233186886,[0.         0.         0.         0.         0.10216725 0.         0.         0.         0.01       0.         0.         0.         0.         0.         0.         0.         0.         0.         0.         0.         0.         0.         0.         0.         0.         0.36541398 0.         0.04783448 0.         0.         0.        ],[0. 0. 0. 0. 1. 0. 0. 0. 1. 0. 0. 0. 0. 0. 0. 0. 0. 0. 0. 0. 0. 0. 0. 0. 0. 1. 0. 1. 0. 0. 0.],500,100,0.1,0.003,1,18,idID,20,first
147,0.010673816609834505,0.010673816609834505,0.003056206788629348,[0.         0.         0.         0.         0.10216725 0.         0.         0.         0.01       0.         0.         0.         0.         0.         0.         0.         0.         0.         0.         0.         0.         0.         0.         0.         0.         0.37019743 0.         0.04305103 0.         0.         0.        ],[0. 0. 0. 0. 1. 0. 0. 0. 1. 0. 0. 0. 0. 0. 0. 0. 0. 0. 0. 0. 0. 0. 0. 0. 0. 1. 0. 1. 0. 0. 0.],500,100,0.1,0.003,1,18,idID,20,first
148,0.01047521765253497,0.01047521765253497,0.003066775817408941,[0.         0.         0.         0.         0.10216725 0.         0.         0.         0.01       0.         0.         0.         0.         0.         0.         0.         0.         0.         0.         0.         0.         0.         0.         0.         0.         0.37450254 0.         0.03874593 0.         0.         0.        ],[0. 0. 0. 0. 1. 0. 0. 0. 1. 0. 0. 0. 0. 0. 0. 0. 0. 0. 0. 0. 0. 0. 0. 0. 0. 1. 0. 1. 0. 0. 0.],500,100,0.1,0.003,1,18,idID,20,first
149,0.009947318405072098,0.009947318405072098,0.00300473986285991,[0.         0.         0.         0.         0.09195053 0.         0.         0.         0.01       0.         0.         0.         0.         0.         0.         0.         0.         0.         0.         0.         0.         0.         0.         0.         0.         0.38471926 0.         0.03874593 0.         0.         0.        ],[0. 0. 0. 0. 1. 0. 0. 0. 1. 0. 0. 0. 0. 0. 0. 0. 0. 0. 0. 0. 0. 0. 0. 0. 0. 1. 0. 1. 0. 0. 0.],500,100,0.1,0.003,1,18,idID,20,first
150,0.009758346117304324,0.009758346117304324,0.003014251988761544,[0.         0.         0.         0.         0.09195053 0.         0.         0.         0.01       0.         0.         0.         0.         0.         0.         0.         0.         0.         0.         0.         0.         0.         0.         0.         0.         0.38859385 0.         0.03487134 0.         0.         0.        ],[0. 0. 0. 0. 1. 0. 0. 0. 1. 0. 0. 0. 0. 0. 0. 0. 0. 0. 0. 0. 0. 0. 0. 0. 0. 1. 0. 1. 0. 0. 0.],500,100,0.1,0.003,1,18,idID,20,first
151,0.009758346117304324,0.009758346117304324,0.003014251988761544,[0.         0.         0.         0.         0.09195053 0.         0.         0.         0.01       0.         0.         0.         0.         0.         0.         0.         0.         0.         0.         0.         0.         0.         0.         0.         0.         0.38859385 0.         0.03487134 0.         0.         0.        ],[0. 0. 0. 0. 1. 0. 0. 0. 1. 0. 0. 0. 0. 0. 0. 0. 0. 0. 0. 0. 0. 0. 0. 0. 0. 1. 0. 1. 0. 0. 0.],500,100,0.1,0.003,1,18,idID,20,first
152,0.009584688907191816,0.009584688907191816,0.0030228129020730145,[0.         0.         0.         0.         0.09195053 0.         0.         0.         0.01       0.         0.         0.         0.         0.         0.         0.         0.         0.         0.         0.         0.         0.         0.         0.         0.         0.39208099 0.         0.0313842  0.         0.         0.        ],[0. 0. 0. 0. 1. 0. 0. 0. 1. 0. 0. 0. 0. 0. 0. 0. 0. 0. 0. 0. 0. 0. 0. 0. 0. 1. 0. 1. 0. 0. 0.],500,100,0.1,0.003,1,18,idID,20,first
153,0.009584688907191816,0.009584688907191816,0.0030228129020730145,[0.         0.         0.         0.         0.09195053 0.         0.         0.         0.01       0.         0.         0.         0.         0.         0.         0.         0.         0.         0.         0.         0.         0.         0.         0.         0.         0.39208099 0.         0.0313842  0.         0.         0.        ],[0. 0. 0. 0. 1. 0. 0. 0. 1. 0. 0. 0. 0. 0. 0. 0. 0. 0. 0. 0. 0. 0. 0. 0. 0. 1. 0. 1. 0. 0. 0.],500,100,0.1,0.003,1,18,idID,20,first
154,0.009584688907191816,0.009584688907191816,0.0030228129020730145,[0.         0.         0.         0.         0.09195053 0.         0.         0.         0.01       0.         0.         0.         0.         0.         0.         0.         0.         0.         0.         0.         0.         0.         0.         0.         0.         0.39208099 0.         0.0313842  0.         0.         0.        ],[0. 0. 0. 0. 1. 0. 0. 0. 1. 0. 0. 0. 0. 0. 0. 0. 0. 0. 0. 0. 0. 0. 0. 0. 0. 1. 0. 1. 0. 0. 0.],500,100,0.1,0.003,1,18,idID,20,first
155,0.009584688907191816,0.009584688907191816,0.0030228129020730145,[0.         0.         0.         0.         0.09195053 0.         0.         0.         0.01       0.         0.         0.         0.         0.         0.         0.         0.         0.         0.         0.         0.         0.         0.         0.         0.         0.39208099 0.         0.0313842  0.         0.         0.        ],[0. 0. 0. 0. 1. 0. 0. 0. 1. 0. 0. 0. 0. 0. 0. 0. 0. 0. 0. 0. 0. 0. 0. 0. 0. 1. 0. 1. 0. 0. 0.],500,100,0.1,0.003,1,18,idID,20,first
156,0.009584688907191816,0.009584688907191816,0.0030228129020730145,[0.         0.         0.         0.         0.09195053 0.         0.         0.         0.01       0.         0.         0.         0.         0.         0.         0.         0.         0.         0.         0.         0.         0.         0.         0.         0.         0.39208099 0.         0.0313842  0.         0.         0.        ],[0. 0. 0. 0. 1. 0. 0. 0. 1. 0. 0. 0. 0. 0. 0. 0. 0. 0. 0. 0. 0. 0. 0. 0. 0. 1. 0. 1. 0. 0. 0.],500,100,0.1,0.003,1,18,idID,20,first
157,0.009584688907191816,0.009584688907191816,0.0030228129020730145,[0.         0.         0.         0.         0.09195053 0.         0.         0.         0.01       0.         0.         0.         0.         0.         0.         0.         0.         0.         0.         0.         0.         0.         0.         0.         0.         0.39208099 0.         0.0313842  0.         0.         0.        ],[0. 0. 0. 0. 1. 0. 0. 0. 1. 0. 0. 0. 0. 0. 0. 0. 0. 0. 0. 0. 0. 0. 0. 0. 0. 1. 0. 1. 0. 0. 0.],500,100,0.1,0.003,1,18,idID,20,first
158,0.009584688907191816,0.009584688907191816,0.0030228129020730145,[0.         0.         0.         0.         0.09195053 0.         0.         0.         0.01       0.         0.         0.         0.         0.         0.         0.         0.         0.         0.         0.         0.         0.         0.         0.         0.         0.39208099 0.         0.0313842  0.         0.         0.        ],[0. 0. 0. 0. 1. 0. 0. 0. 1. 0. 0. 0. 0. 0. 0. 0. 0. 0. 0. 0. 0. 0. 0. 0. 0. 1. 0. 1. 0. 0. 0.],500,100,0.1,0.003,1,18,idID,20,first
159,0.009425495875682137,0.009425495875682137,0.003030517724053338,[0.         0.         0.         0.         0.09195053 0.         0.         0.         0.01       0.         0.         0.         0.         0.         0.         0.         0.         0.         0.         0.         0.         0.         0.         0.         0.         0.39521941 0.         0.02824578 0.         0.         0.        ],[0. 0. 0. 0. 1. 0. 0. 0. 1. 0. 0. 0. 0. 0. 0. 0. 0. 0. 0. 0. 0. 0. 0. 0. 0. 1. 0. 1. 0. 0. 0.],500,100,0.1,0.003,1,18,idID,20,first
160,0.009279871897972603,0.009279871897972603,0.00303745206383563,[0.         0.         0.         0.         0.09195053 0.         0.         0.         0.01       0.         0.         0.         0.         0.         0.         0.         0.         0.         0.         0.         0.         0.         0.         0.         0.         0.39804399 0.         0.0254212  0.         0.         0.        ],[0. 0. 0. 0. 1. 0. 0. 0. 1. 0. 0. 0. 0. 0. 0. 0. 0. 0. 0. 0. 0. 0. 0. 0. 0. 1. 0. 1. 0. 0. 0.],500,100,0.1,0.003,1,18,idID,20,first
161,0.009279871897972603,0.009279871897972603,0.00303745206383563,[0.         0.         0.         0.         0.09195053 0.         0.         0.         0.01       0.         0.         0.         0.         0.         0.         0.         0.         0.         0.         0.         0.         0.         0.         0.         0.         0.39804399 0.         0.0254212  0.         0.         0.        ],[0. 0. 0. 0. 1. 0. 0. 0. 1. 0. 0. 0. 0. 0. 0. 0. 0. 0. 0. 0. 0. 0. 0. 0. 0. 1. 0. 1. 0. 0. 0.],500,100,0.1,0.003,1,18,idID,20,first
162,0.009279871897972603,0.009279871897972603,0.00303745206383563,[0.         0.         0.         0.         0.09195053 0.         0.         0.         0.01       0.         0.         0.         0.         0.         0.         0.         0.         0.         0.         0.         0.         0.         0.         0.         0.         0.39804399 0.         0.0254212  0.         0.         0.        ],[0. 0. 0. 0. 1. 0. 0. 0. 1. 0. 0. 0. 0. 0. 0. 0. 0. 0. 0. 0. 0. 0. 0. 0. 0. 1. 0. 1. 0. 0. 0.],500,100,0.1,0.003,1,18,idID,20,first
163,0.009279871897972603,0.009279871897972603,0.00303745206383563,[0.         0.         0.         0.         0.09195053 0.         0.         0.         0.01       0.         0.         0.         0.         0.         0.         0.         0.         0.         0.         0.         0.         0.         0.         0.         0.         0.39804399 0.         0.0254212  0.         0.         0.        ],[0. 0. 0. 0. 1. 0. 0. 0. 1. 0. 0. 0. 0. 0. 0. 0. 0. 0. 0. 0. 0. 0. 0. 0. 0. 1. 0. 1. 0. 0. 0.],500,100,0.1,0.003,1,18,idID,20,first
164,0.009279871897972603,0.009279871897972603,0.00303745206383563,[0.         0.         0.         0.         0.09195053 0.         0.         0.         0.01       0.         0.         0.         0.         0.         0.         0.         0.         0.         0.         0.         0.         0.         0.         0.         0.         0.39804399 0.         0.0254212  0.         0.         0.        ],[0. 0. 0. 0. 1. 0. 0. 0. 1. 0. 0. 0. 0. 0. 0. 0. 0. 0. 0. 0. 0. 0. 0. 0. 0. 1. 0. 1. 0. 0. 0.],500,100,0.1,0.003,1,18,idID,20,first
165,0.009279871897972603,0.009279871897972603,0.00303745206383563,[0.         0.         0.         0.         0.09195053 0.         0.         0.         0.01       0.         0.         0.         0.         0.         0.         0.         0.         0.         0.         0.         0.         0.         0.         0.         0.         0.39804399 0.         0.0254212  0.         0.         0.        ],[0. 0. 0. 0. 1. 0. 0. 0. 1. 0. 0. 0. 0. 0. 0. 0. 0. 0. 0. 0. 0. 0. 0. 0. 0. 1. 0. 1. 0. 0. 0.],500,100,0.1,0.003,1,18,idID,20,first
166,0.009146906616059857,0.009146906616059857,0.003043692969639691,[0.         0.         0.         0.         0.09195053 0.         0.         0.         0.01       0.         0.         0.         0.         0.         0.         0.         0.         0.         0.         0.         0.         0.         0.         0.         0.         0.40058611 0.         0.02287908 0.         0.         0.        ],[0. 0. 0. 0. 1. 0. 0. 0. 1. 0. 0. 0. 0. 0. 0. 0. 0. 0. 0. 0. 0. 0. 0. 0. 0. 1. 0. 1. 0. 0. 0.],500,100,0.1,0.003,1,18,idID,20,first
167,0.009025695863739311,0.009025695863739311,0.0030493097848633475,[0.         0.         0.         0.         0.09195053 0.         0.         0.         0.01       0.         0.         0.         0.         0.         0.         0.         0.         0.         0.         0.         0.         0.         0.         0.         0.         0.40287402 0.         0.02059118 0.         0.         0.        ],[0. 0. 0. 0. 1. 0. 0. 0. 1. 0. 0. 0. 0. 0. 0. 0. 0. 0. 0. 0. 0. 0. 0. 0. 0. 1. 0. 1. 0. 0. 0.],500,100,0.1,0.003,1,18,idID,20,first
168,0.009025695863739311,0.009025695863739311,0.0030493097848633475,[0.         0.         0.         0.         0.09195053 0.         0.         0.         0.01       0.         0.         0.         0.         0.         0.         0.         0.         0.         0.         0.         0.         0.         0.         0.         0.         0.40287402 0.         0.02059118 0.         0.         0.        ],[0. 0. 0. 0. 1. 0. 0. 0. 1. 0. 0. 0. 0. 0. 0. 0. 0. 0. 0. 0. 0. 0. 0. 0. 0. 1. 0. 1. 0. 0. 0.],500,100,0.1,0.003,1,18,idID,20,first
169,0.009025695863739311,0.009025695863739311,0.0030493097848633475,[0.         0.         0.         0.         0.09195053 0.         0.         0.         0.01       0.         0.         0.         0.         0.         0.         0.         0.         0.         0.         0.         0.         0.         0.         0.         0.         0.40287402 0.         0.02059118 0.         0.         0.        ],[0. 0. 0. 0. 1. 0. 0. 0. 1. 0. 0. 0. 0. 0. 0. 0. 0. 0. 0. 0. 0. 0. 0. 0. 0. 1. 0. 1. 0. 0. 0.],500,100,0.1,0.003,1,18,idID,20,first
170,0.008915357167785567,0.008915357167785567,0.0030543649185646375,[0.         0.         0.         0.         0.09195053 0.         0.         0.         0.01       0.         0.         0.         0.         0.         0.         0.         0.         0.         0.         0.         0.         0.         0.         0.         0.         0.40493313 0.         0.01853206 0.         0.         0.        ],[0. 0. 0. 0. 1. 0. 0. 0. 1. 0. 0. 0. 0. 0. 0. 0. 0. 0. 0. 0. 0. 0. 0. 0. 0. 1. 0. 1. 0. 0. 0.],500,100,0.1,0.003,1,18,idID,20,first
171,0.008915357167785567,0.008915357167785567,0.0030543649185646375,[0.         0.         0.         0.         0.09195053 0.         0.         0.         0.01       0.         0.         0.         0.         0.         0.         0.         0.         0.         0.         0.         0.         0.         0.         0.         0.         0.40493313 0.         0.01853206 0.         0.         0.        ],[0. 0. 0. 0. 1. 0. 0. 0. 1. 0. 0. 0. 0. 0. 0. 0. 0. 0. 0. 0. 0. 0. 0. 0. 0. 1. 0. 1. 0. 0. 0.],500,100,0.1,0.003,1,18,idID,20,first
172,0.008915357167785567,0.008915357167785567,0.0030543649185646375,[0.         0.         0.         0.         0.09195053 0.         0.         0.         0.01       0.         0.         0.         0.         0.         0.         0.         0.         0.         0.         0.         0.         0.         0.         0.         0.         0.40493313 0.         0.01853206 0.         0.         0.        ],[0. 0. 0. 0. 1. 0. 0. 0. 1. 0. 0. 0. 0. 0. 0. 0. 0. 0. 0. 0. 0. 0. 0. 0. 0. 1. 0. 1. 0. 0. 0.],500,100,0.1,0.003,1,18,idID,20,first
173,0.008815040636146347,0.008815040636146347,0.003058914538895799,[0.         0.         0.         0.         0.09195053 0.         0.         0.         0.01       0.         0.         0.         0.         0.         0.         0.         0.         0.         0.         0.         0.         0.         0.         0.         0.         0.40678634 0.         0.01667885 0.         0.         0.        ],[0. 0. 0. 0. 1. 0. 0. 0. 1. 0. 0. 0. 0. 0. 0. 0. 0. 0. 0. 0. 0. 0. 0. 0. 0. 1. 0. 1. 0. 0. 0.],500,100,0.1,0.003,1,18,idID,20,first
174,0.008279009340544315,0.008279009340544315,0.0030030821798016707,[0.         0.         0.         0.         0.08275547 0.         0.         0.         0.01       0.         0.         0.         0.         0.         0.         0.         0.         0.         0.         0.         0.         0.         0.         0.         0.         0.41598139 0.         0.01667885 0.         0.         0.        ],[0. 0. 0. 0. 1. 0. 0. 0. 1. 0. 0. 0. 0. 0. 0. 0. 0. 0. 0. 0. 0. 0. 0. 0. 0. 1. 0. 1. 0. 0. 0.],500,100,0.1,0.003,1,18,idID,20,first
175,0.008185653751070523,0.008185653751070523,0.0030071768380997162,[0.         0.         0.         0.         0.08275547 0.         0.         0.         0.01       0.         0.         0.         0.         0.         0.         0.         0.         0.         0.         0.         0.         0.         0.         0.         0.         0.41764928 0.         0.01501097 0.         0.         0.        ],[0. 0. 0. 0. 1. 0. 0. 0. 1. 0. 0. 0. 0. 0. 0. 0. 0. 0. 0. 0. 0. 0. 0. 0. 0. 1. 0. 1. 0. 0. 0.],500,100,0.1,0.003,1,18,idID,20,first
176,0.008185653751070523,0.008185653751070523,0.0030071768380997162,[0.         0.         0.         0.         0.08275547 0.         0.         0.         0.01       0.         0.         0.         0.         0.         0.         0.         0.         0.         0.         0.         0.         0.         0.         0.         0.         0.41764928 0.         0.01501097 0.         0.         0.        ],[0. 0. 0. 0. 1. 0. 0. 0. 1. 0. 0. 0. 0. 0. 0. 0. 0. 0. 0. 0. 0. 0. 0. 0. 0. 1. 0. 1. 0. 0. 0.],500,100,0.1,0.003,1,18,idID,20,first
177,0.008185653751070523,0.008185653751070523,0.0030071768380997162,[0.         0.         0.         0.         0.08275547 0.         0.         0.         0.01       0.         0.         0.         0.         0.         0.         0.         0.         0.         0.         0.         0.         0.         0.         0.         0.         0.41764928 0.         0.01501097 0.         0.         0.        ],[0. 0. 0. 0. 1. 0. 0. 0. 1. 0. 0. 0. 0. 0. 0. 0. 0. 0. 0. 0. 0. 0. 0. 0. 0. 1. 0. 1. 0. 0. 0.],500,100,0.1,0.003,1,18,idID,20,first
178,0.008185653751070523,0.008185653751070523,0.0030071768380997162,[0.         0.         0.         0.         0.08275547 0.         0.         0.         0.01       0.         0.         0.         0.         0.         0.         0.         0.         0.         0.         0.         0.         0.         0.         0.         0.         0.41764928 0.         0.01501097 0.         0.         0.        ],[0. 0. 0. 0. 1. 0. 0. 0. 1. 0. 0. 0. 0. 0. 0. 0. 0. 0. 0. 0. 0. 0. 0. 0. 0. 1. 0. 1. 0. 0. 0.],500,100,0.1,0.003,1,18,idID,20,first
179,0.008100969940709343,0.008100969940709343,0.0030108620305679566,[0.         0.         0.         0.         0.08275547 0.         0.         0.         0.01       0.         0.         0.         0.         0.         0.         0.         0.         0.         0.         0.         0.         0.         0.         0.         0.         0.41915037 0.         0.01350987 0.         0.         0.        ],[0. 0. 0. 0. 1. 0. 0. 0. 1. 0. 0. 0. 0. 0. 0. 0. 0. 0. 0. 0. 0. 0. 0. 0. 0. 1. 0. 1. 0. 0. 0.],500,100,0.1,0.003,1,18,idID,20,first
180,0.008100969940709343,0.008100969940709343,0.0030108620305679566,[0.         0.         0.         0.         0.08275547 0.         0.         0.         0.01       0.         0.         0.         0.         0.         0.         0.         0.         0.         0.         0.         0.         0.         0.         0.         0.         0.41915037 0.         0.01350987 0.         0.         0.        ],[0. 0. 0. 0. 1. 0. 0. 0. 1. 0. 0. 0. 0. 0. 0. 0. 0. 0. 0. 0. 0. 0. 0. 0. 0. 1. 0. 1. 0. 0. 0.],500,100,0.1,0.003,1,18,idID,20,first
181,0.008100969940709343,0.008100969940709343,0.0030108620305679566,[0.         0.         0.         0.         0.08275547 0.         0.         0.         0.01       0.         0.         0.         0.         0.         0.         0.         0.         0.         0.         0.         0.         0.         0.         0.         0.         0.41915037 0.         0.01350987 0.         0.         0.        ],[0. 0. 0. 0. 1. 0. 0. 0. 1. 0. 0. 0. 0. 0. 0. 0. 0. 0. 0. 0. 0. 0. 0. 0. 0. 1. 0. 1. 0. 0. 0.],500,100,0.1,0.003,1,18,idID,20,first
182,0.008024216849718118,0.008024216849718118,0.0030141787037893733,[0.         0.         0.         0.         0.08275547 0.         0.         0.         0.01       0.         0.         0.         0.         0.         0.         0.         0.         0.         0.         0.         0.         0.         0.         0.         0.         0.42050136 0.         0.01215888 0.         0.         0.        ],[0. 0. 0. 0. 1. 0. 0. 0. 1. 0. 0. 0. 0. 0. 0. 0. 0. 0. 0. 0. 0. 0. 0. 0. 0. 1. 0. 1. 0. 0. 0.],500,100,0.1,0.003,1,18,idID,20,first
183,0.008024216849718118,0.008024216849718118,0.0030141787037893733,[0.         0.         0.         0.         0.08275547 0.         0.         0.         0.01       0.         0.         0.         0.         0.         0.         0.         0.         0.         0.         0.         0.         0.         0.         0.         0.         0.42050136 0.         0.01215888 0.         0.         0.        ],[0. 0. 0. 0. 1. 0. 0. 0. 1. 0. 0. 0. 0. 0. 0. 0. 0. 0. 0. 0. 0. 0. 0. 0. 0. 1. 0. 1. 0. 0. 0.],500,100,0.1,0.003,1,18,idID,20,first
184,0.008024216849718118,0.008024216849718118,0.0030141787037893733,[0.         0.         0.         0.         0.08275547 0.         0.         0.         0.01       0.         0.         0.         0.         0.         0.         0.         0.         0.         0.         0.         0.         0.         0.         0.         0.         0.42050136 0.         0.01215888 0.         0.         0.        ],[0. 0. 0. 0. 1. 0. 0. 0. 1. 0. 0. 0. 0. 0. 0. 0. 0. 0. 0. 0. 0. 0. 0. 0. 0. 1. 0. 1. 0. 0. 0.],500,100,0.1,0.003,1,18,idID,20,first
185,0.007954703561876424,0.007954703561876424,0.003017163709688648,[0.         0.         0.         0.         0.08275547 0.         0.         0.         0.01       0.         0.         0.         0.         0.         0.         0.         0.         0.         0.         0.         0.         0.         0.         0.         0.         0.42171725 0.         0.010943   0.         0.         0.        ],[0. 0. 0. 0. 1. 0. 0. 0. 1. 0. 0. 0. 0. 0. 0. 0. 0. 0. 0. 0. 0. 0. 0. 0. 0. 1. 0. 1. 0. 0. 0.],500,100,0.1,0.003,1,18,idID,20,first
186,0.007954703561876424,0.007954703561876424,0.003017163709688648,[0.         0.         0.         0.         0.08275547 0.         0.         0.         0.01       0.         0.         0.         0.         0.         0.         0.         0.         0.         0.         0.         0.         0.         0.         0.         0.         0.42171725 0.         0.010943   0.         0.         0.        ],[0. 0. 0. 0. 1. 0. 0. 0. 1. 0. 0. 0. 0. 0. 0. 0. 0. 0. 0. 0. 0. 0. 0. 0. 0. 1. 0. 1. 0. 0. 0.],500,100,0.1,0.003,1,18,idID,20,first
187,0.007954703561876424,0.007954703561876424,0.003017163709688648,[0.         0.         0.         0.         0.08275547 0.         0.         0.         0.01       0.         0.         0.         0.         0.         0.         0.         0.         0.         0.         0.         0.         0.         0.         0.         0.         0.42171725 0.         0.010943   0.         0.         0.        ],[0. 0. 0. 0. 1. 0. 0. 0. 1. 0. 0. 0. 0. 0. 0. 0. 0. 0. 0. 0. 0. 0. 0. 0. 0. 1. 0. 1. 0. 0. 0.],500,100,0.1,0.003,1,18,idID,20,first
188,0.007954703561876424,0.007954703561876424,0.003017163709688648,[0.         0.         0.         0.         0.08275547 0.         0.         0.         0.01       0.         0.         0.         0.         0.         0.         0.         0.         0.         0.         0.         0.         0.         0.         0.         0.         0.42171725 0.         0.010943   0.         0.         0.        ],[0. 0. 0. 0. 1. 0. 0. 0. 1. 0. 0. 0. 0. 0. 0. 0. 0. 0. 0. 0. 0. 0. 0. 0. 0. 1. 0. 1. 0. 0. 0.],500,100,0.1,0.003,1,18,idID,20,first
189,0.007954703561876424,0.007954703561876424,0.003017163709688648,[0.         0.         0.         0.         0.08275547 0.         0.         0.         0.01       0.         0.         0.         0.         0.         0.         0.         0.         0.         0.         0.         0.         0.         0.         0.         0.         0.42171725 0.         0.010943   0.         0.         0.        ],[0. 0. 0. 0. 1. 0. 0. 0. 1. 0. 0. 0. 0. 0. 0. 0. 0. 0. 0. 0. 0. 0. 0. 0. 0. 1. 0. 1. 0. 0. 0.],500,100,0.1,0.003,1,18,idID,20,first
190,0.007954703561876424,0.007954703561876424,0.003017163709688648,[0.         0.         0.         0.         0.08275547 0.         0.         0.         0.01       0.         0.         0.         0.         0.         0.         0.         0.         0.         0.         0.         0.         0.         0.         0.         0.         0.42171725 0.         0.010943   0.         0.         0.        ],[0. 0. 0. 0. 1. 0. 0. 0. 1. 0. 0. 0. 0. 0. 0. 0. 0. 0. 0. 0. 0. 0. 0. 0. 0. 1. 0. 1. 0. 0. 0.],500,100,0.1,0.003,1,18,idID,20,first
191,0.007954703561876424,0.007954703561876424,0.003017163709688648,[0.         0.         0.         0.         0.08275547 0.         0.         0.         0.01       0.         0.         0.         0.         0.         0.         0.         0.         0.         0.         0.         0.         0.         0.         0.         0.         0.42171725 0.         0.010943   0.         0.         0.        ],[0. 0. 0. 0. 1. 0. 0. 0. 1. 0. 0. 0. 0. 0. 0. 0. 0. 0. 0. 0. 0. 0. 0. 0. 0. 1. 0. 1. 0. 0. 0.],500,100,0.1,0.003,1,18,idID,20,first
192,0.007954703561876424,0.007954703561876424,0.003017163709688648,[0.         0.         0.         0.         0.08275547 0.         0.         0.         0.01       0.         0.         0.         0.         0.         0.         0.         0.         0.         0.         0.         0.         0.         0.         0.         0.         0.42171725 0.         0.010943   0.         0.         0.        ],[0. 0. 0. 0. 1. 0. 0. 0. 1. 0. 0. 0. 0. 0. 0. 0. 0. 0. 0. 0. 0. 0. 0. 0. 0. 1. 0. 1. 0. 0. 0.],500,100,0.1,0.003,1,18,idID,20,first
193,0.007954703561876424,0.007954703561876424,0.003017163709688648,[0.         0.         0.         0.         0.08275547 0.         0.         0.         0.01       0.         0.         0.         0.         0.         0.         0.         0.         0.         0.         0.         0.         0.         0.         0.         0.         0.42171725 0.         0.010943   0.         0.         0.        ],[0. 0. 0. 0. 1. 0. 0. 0. 1. 0. 0. 0. 0. 0. 0. 0. 0. 0. 0. 0. 0. 0. 0. 0. 0. 1. 0. 1. 0. 0. 0.],500,100,0.1,0.003,1,18,idID,20,first
194,0.007954703561876424,0.007954703561876424,0.003017163709688648,[0.         0.         0.         0.         0.08275547 0.         0.         0.         0.01       0.         0.         0.         0.         0.         0.         0.         0.         0.         0.         0.         0.         0.         0.         0.         0.         0.42171725 0.         0.010943   0.         0.         0.        ],[0. 0. 0. 0. 1. 0. 0. 0. 1. 0. 0. 0. 0. 0. 0. 0. 0. 0. 0. 0. 0. 0. 0. 0. 0. 1. 0. 1. 0. 0. 0.],500,100,0.1,0.003,1,18,idID,20,first
195,0.007954703561876424,0.007954703561876424,0.003017163709688648,[0.         0.         0.         0.         0.08275547 0.         0.         0.         0.01       0.         0.         0.         0.         0.         0.         0.         0.         0.         0.         0.         0.         0.         0.         0.         0.         0.42171725 0.         0.010943   0.         0.         0.        ],[0. 0. 0. 0. 1. 0. 0. 0. 1. 0. 0. 0. 0. 0. 0. 0. 0. 0. 0. 0. 0. 0. 0. 0. 0. 1. 0. 1. 0. 0. 0.],500,100,0.1,0.003,1,18,idID,20,first
196,0.007954703561876424,0.007954703561876424,0.003017163709688648,[0.         0.         0.         0.         0.08275547 0.         0.         0.         0.01       0.         0.         0.         0.         0.         0.         0.         0.         0.         0.         0.         0.         0.         0.         0.         0.         0.42171725 0.         0.010943   0.         0.         0.        ],[0. 0. 0. 0. 1. 0. 0. 0. 1. 0. 0. 0. 0. 0. 0. 0. 0. 0. 0. 0. 0. 0. 0. 0. 0. 1. 0. 1. 0. 0. 0.],500,100,0.1,0.003,1,18,idID,20,first
197,0.007954703561876424,0.007954703561876424,0.003017163709688648,[0.         0.         0.         0.         0.08275547 0.         0.         0.         0.01       0.         0.         0.         0.         0.         0.         0.         0.         0.         0.         0.         0.         0.         0.         0.         0.         0.42171725 0.         0.010943   0.         0.         0.        ],[0. 0. 0. 0. 1. 0. 0. 0. 1. 0. 0. 0. 0. 0. 0. 0. 0. 0. 0. 0. 0. 0. 0. 0. 0. 1. 0. 1. 0. 0. 0.],500,100,0.1,0.003,1,18,idID,20,first
198,0.007954703561876424,0.007954703561876424,0.003017163709688648,[0.         0.         0.         0.         0.08275547 0.         0.         0.         0.01       0.         0.         0.         0.         0.         0.         0.         0.         0.         0.         0.         0.         0.         0.         0.         0.         0.42171725 0.         0.010943   0.         0.         0.        ],[0. 0. 0. 0. 1. 0. 0. 0. 1. 0. 0. 0. 0. 0. 0. 0. 0. 0. 0. 0. 0. 0. 0. 0. 0. 1. 0. 1. 0. 0. 0.],500,100,0.1,0.003,1,18,idID,20,first
199,0.007954703561876424,0.007954703561876424,0.003017163709688648,[0.         0.         0.         0.         0.08275547 0.         0.         0.         0.01       0.         0.         0.         0.         0.         0.         0.         0.         0.         0.         0.         0.         0.         0.         0.         0.         0.42171725 0.         0.010943   0.         0.         0.        ],[0. 0. 0. 0. 1. 0. 0. 0. 1. 0. 0. 0. 0. 0. 0. 0. 0. 0. 0. 0. 0. 0. 0. 0. 0. 1. 0. 1. 0. 0. 0.],500,100,0.1,0.003,1,18,idID,20,first
200,0.007954703561876424,0.007954703561876424,0.003017163709688648,[0.         0.         0.         0.         0.08275547 0.         0.         0.         0.01       0.         0.         0.         0.         0.         0.         0.         0.         0.         0.         0.         0.         0.         0.         0.         0.         0.42171725 0.         0.010943   0.         0.         0.        ],[0. 0. 0. 0. 1. 0. 0. 0. 1. 0. 0. 0. 0. 0. 0. 0. 0. 0. 0. 0. 0. 0. 0. 0. 0. 1. 0. 1. 0. 0. 0.],500,100,0.1,0.003,1,18,idID,20,first
201,0.007954703561876424,0.007954703561876424,0.003017163709688648,[0.         0.         0.         0.         0.08275547 0.         0.         0.         0.01       0.         0.         0.         0.         0.         0.         0.         0.         0.         0.         0.         0.         0.         0.         0.         0.         0.42171725 0.         0.010943   0.         0.         0.        ],[0. 0. 0. 0. 1. 0. 0. 0. 1. 0. 0. 0. 0. 0. 0. 0. 0. 0. 0. 0. 0. 0. 0. 0. 0. 1. 0. 1. 0. 0. 0.],500,100,0.1,0.003,1,18,idID,20,first
202,0.007954703561876424,0.007954703561876424,0.003017163709688648,[0.         0.         0.         0.         0.08275547 0.         0.         0.         0.01       0.         0.         0.         0.         0.         0.         0.         0.         0.         0.         0.         0.         0.         0.         0.         0.         0.42171725 0.         0.010943   0.         0.         0.        ],[0. 0. 0. 0. 1. 0. 0. 0. 1. 0. 0. 0. 0. 0. 0. 0. 0. 0. 0. 0. 0. 0. 0. 0. 0. 1. 0. 1. 0. 0. 0.],500,100,0.1,0.003,1,18,idID,20,first
203,0.007954703561876424,0.007954703561876424,0.003017163709688648,[0.         0.         0.         0.         0.08275547 0.         0.         0.         0.01       0.         0.         0.         0.         0.         0.         0.         0.         0.         0.         0.         0.         0.         0.         0.         0.         0.42171725 0.         0.010943   0.         0.         0.        ],[0. 0. 0. 0. 1. 0. 0. 0. 1. 0. 0. 0. 0. 0. 0. 0. 0. 0. 0. 0. 0. 0. 0. 0. 0. 1. 0. 1. 0. 0. 0.],500,100,0.1,0.003,1,18,idID,20,first
204,0.007954703561876424,0.007954703561876424,0.003017163709688648,[0.         0.         0.         0.         0.08275547 0.         0.         0.         0.01       0.         0.         0.         0.         0.         0.         0.         0.         0.         0.         0.         0.         0.         0.         0.         0.         0.42171725 0.         0.010943   0.         0.         0.        ],[0. 0. 0. 0. 1. 0. 0. 0. 1. 0. 0. 0. 0. 0. 0. 0. 0. 0. 0. 0. 0. 0. 0. 0. 0. 1. 0. 1. 0. 0. 0.],500,100,0.1,0.003,1,18,idID,20,first
205,0.007954703561876424,0.007954703561876424,0.003017163709688648,[0.         0.         0.         0.         0.08275547 0.         0.         0.         0.01       0.         0.         0.         0.         0.         0.         0.         0.         0.         0.         0.         0.         0.         0.         0.         0.         0.42171725 0.         0.010943   0.         0.         0.        ],[0. 0. 0. 0. 1. 0. 0. 0. 1. 0. 0. 0. 0. 0. 0. 0. 0. 0. 0. 0. 0. 0. 0. 0. 0. 1. 0. 1. 0. 0. 0.],500,100,0.1,0.003,1,18,idID,20,first
206,0.007954703561876424,0.007954703561876424,0.003017163709688648,[0.         0.         0.         0.         0.08275547 0.         0.         0.         0.01       0.         0.         0.         0.         0.         0.         0.         0.         0.         0.         0.         0.         0.         0.         0.         0.         0.42171725 0.         0.010943   0.         0.         0.        ],[0. 0. 0. 0. 1. 0. 0. 0. 1. 0. 0. 0. 0. 0. 0. 0. 0. 0. 0. 0. 0. 0. 0. 0. 0. 1. 0. 1. 0. 0. 0.],500,100,0.1,0.003,1,18,idID,20,first
207,0.007954703561876424,0.007954703561876424,0.003017163709688648,[0.         0.         0.         0.         0.08275547 0.         0.         0.         0.01       0.         0.         0.         0.         0.         0.         0.         0.         0.         0.         0.         0.         0.         0.         0.         0.         0.42171725 0.         0.010943   0.         0.         0.        ],[0. 0. 0. 0. 1. 0. 0. 0. 1. 0. 0. 0. 0. 0. 0. 0. 0. 0. 0. 0. 0. 0. 0. 0. 0. 1. 0. 1. 0. 0. 0.],500,100,0.1,0.003,1,18,idID,20,first
208,0.007954703561876424,0.007954703561876424,0.003017163709688648,[0.         0.         0.         0.         0.08275547 0.         0.         0.         0.01       0.         0.         0.         0.         0.         0.         0.         0.         0.         0.         0.         0.         0.         0.         0.         0.         0.42171725 0.         0.010943   0.         0.         0.        ],[0. 0. 0. 0. 1. 0. 0. 0. 1. 0. 0. 0. 0. 0. 0. 0. 0. 0. 0. 0. 0. 0. 0. 0. 0. 1. 0. 1. 0. 0. 0.],500,100,0.1,0.003,1,18,idID,20,first
209,0.007954703561876424,0.007954703561876424,0.003017163709688648,[0.         0.         0.         0.         0.08275547 0.         0.         0.         0.01       0.         0.         0.         0.         0.         0.         0.         0.         0.         0.         0.         0.         0.         0.         0.         0.         0.42171725 0.         0.010943   0.         0.         0.        ],[0. 0. 0. 0. 1. 0. 0. 0. 1. 0. 0. 0. 0. 0. 0. 0. 0. 0. 0. 0. 0. 0. 0. 0. 0. 1. 0. 1. 0. 0. 0.],500,100,0.1,0.003,1,18,idID,20,first
210,0.007954703561876424,0.007954703561876424,0.003017163709688648,[0.         0.         0.         0.         0.08275547 0.         0.         0.         0.01       0.         0.         0.         0.         0.         0.         0.         0.         0.         0.         0.         0.         0.         0.         0.         0.         0.42171725 0.         0.010943   0.         0.         0.        ],[0. 0. 0. 0. 1. 0. 0. 0. 1. 0. 0. 0. 0. 0. 0. 0. 0. 0. 0. 0. 0. 0. 0. 0. 0. 1. 0. 1. 0. 0. 0.],500,100,0.1,0.003,1,18,idID,20,first
211,0.007954703561876424,0.007954703561876424,0.003017163709688648,[0.         0.         0.         0.         0.08275547 0.         0.         0.         0.01       0.         0.         0.         0.         0.         0.         0.         0.         0.         0.         0.         0.         0.         0.         0.         0.         0.42171725 0.         0.010943   0.         0.         0.        ],[0. 0. 0. 0. 1. 0. 0. 0. 1. 0. 0. 0. 0. 0. 0. 0. 0. 0. 0. 0. 0. 0. 0. 0. 0. 1. 0. 1. 0. 0. 0.],500,100,0.1,0.003,1,18,idID,20,first
212,0.007954703561876424,0.007954703561876424,0.003017163709688648,[0.         0.         0.         0.         0.08275547 0.         0.         0.         0.01       0.         0.         0.         0.         0.         0.         0.         0.         0.         0.         0.         0.         0.         0.         0.         0.         0.42171725 0.         0.010943   0.         0.         0.        ],[0. 0. 0. 0. 1. 0. 0. 0. 1. 0. 0. 0. 0. 0. 0. 0. 0. 0. 0. 0. 0. 0. 0. 0. 0. 1. 0. 1. 0. 0. 0.],500,100,0.1,0.003,1,18,idID,20,first
213,0.007954703561876424,0.007954703561876424,0.003017163709688648,[0.         0.         0.         0.         0.08275547 0.         0.         0.         0.01       0.         0.         0.         0.         0.         0.         0.         0.         0.         0.         0.         0.         0.         0.         0.         0.         0.42171725 0.         0.010943   0.         0.         0.        ],[0. 0. 0. 0. 1. 0. 0. 0. 1. 0. 0. 0. 0. 0. 0. 0. 0. 0. 0. 0. 0. 0. 0. 0. 0. 1. 0. 1. 0. 0. 0.],500,100,0.1,0.003,1,18,idID,20,first
214,0.007954703561876424,0.007954703561876424,0.003017163709688648,[0.         0.         0.         0.         0.08275547 0.         0.         0.         0.01       0.         0.         0.         0.         0.         0.         0.         0.         0.         0.         0.         0.         0.         0.         0.         0.         0.42171725 0.         0.010943   0.         0.         0.        ],[0. 0. 0. 0. 1. 0. 0. 0. 1. 0. 0. 0. 0. 0. 0. 0. 0. 0. 0. 0. 0. 0. 0. 0. 0. 1. 0. 1. 0. 0. 0.],500,100,0.1,0.003,1,18,idID,20,first
215,0.007954703561876424,0.007954703561876424,0.003017163709688648,[0.         0.         0.         0.         0.08275547 0.         0.         0.         0.01       0.         0.         0.         0.         0.         0.         0.         0.         0.         0.         0.         0.         0.         0.         0.         0.         0.42171725 0.         0.010943   0.         0.         0.        ],[0. 0. 0. 0. 1. 0. 0. 0. 1. 0. 0. 0. 0. 0. 0. 0. 0. 0. 0. 0. 0. 0. 0. 0. 0. 1. 0. 1. 0. 0. 0.],500,100,0.1,0.003,1,18,idID,20,first
216,0.007954703561876424,0.007954703561876424,0.003017163709688648,[0.         0.         0.         0.         0.08275547 0.         0.         0.         0.01       0.         0.         0.         0.         0.         0.         0.         0.         0.         0.         0.         0.         0.         0.         0.         0.         0.42171725 0.         0.010943   0.         0.         0.        ],[0. 0. 0. 0. 1. 0. 0. 0. 1. 0. 0. 0. 0. 0. 0. 0. 0. 0. 0. 0. 0. 0. 0. 0. 0. 1. 0. 1. 0. 0. 0.],500,100,0.1,0.003,1,18,idID,20,first
217,0.007954703561876424,0.007954703561876424,0.003017163709688648,[0.         0.         0.         0.         0.08275547 0.         0.         0.         0.01       0.         0.         0.         0.         0.         0.         0.         0.         0.         0.         0.         0.         0.         0.         0.         0.         0.42171725 0.         0.010943   0.         0.         0.        ],[0. 0. 0. 0. 1. 0. 0. 0. 1. 0. 0. 0. 0. 0. 0. 0. 0. 0. 0. 0. 0. 0. 0. 0. 0. 1. 0. 1. 0. 0. 0.],500,100,0.1,0.003,1,18,idID,20,first
218,0.007954703561876424,0.007954703561876424,0.003017163709688648,[0.         0.         0.         0.         0.08275547 0.         0.         0.         0.01       0.         0.         0.         0.         0.         0.         0.         0.         0.         0.         0.         0.         0.         0.         0.         0.         0.42171725 0.         0.010943   0.         0.         0.        ],[0. 0. 0. 0. 1. 0. 0. 0. 1. 0. 0. 0. 0. 0. 0. 0. 0. 0. 0. 0. 0. 0. 0. 0. 0. 1. 0. 1. 0. 0. 0.],500,100,0.1,0.003,1,18,idID,20,first
219,0.007954703561876424,0.007954703561876424,0.003017163709688648,[0.         0.         0.         0.         0.08275547 0.         0.         0.         0.01       0.         0.         0.         0.         0.         0.         0.         0.         0.         0.         0.         0.         0.         0.         0.         0.         0.42171725 0.         0.010943   0.         0.         0.        ],[0. 0. 0. 0. 1. 0. 0. 0. 1. 0. 0. 0. 0. 0. 0. 0. 0. 0. 0. 0. 0. 0. 0. 0. 0. 1. 0. 1. 0. 0. 0.],500,100,0.1,0.003,1,18,idID,20,first
220,0.007954703561876424,0.007954703561876424,0.003017163709688648,[0.         0.         0.         0.         0.08275547 0.         0.         0.         0.01       0.         0.         0.         0.         0.         0.         0.         0.         0.         0.         0.         0.         0.         0.         0.         0.         0.42171725 0.         0.010943   0.         0.         0.        ],[0. 0. 0. 0. 1. 0. 0. 0. 1. 0. 0. 0. 0. 0. 0. 0. 0. 0. 0. 0. 0. 0. 0. 0. 0. 1. 0. 1. 0. 0. 0.],500,100,0.1,0.003,1,18,idID,20,first
221,0.007954703561876424,0.007954703561876424,0.003017163709688648,[0.         0.         0.         0.         0.08275547 0.         0.         0.         0.01       0.         0.         0.         0.         0.         0.         0.         0.         0.         0.         0.         0.         0.         0.         0.         0.         0.42171725 0.         0.010943   0.         0.         0.        ],[0. 0. 0. 0. 1. 0. 0. 0. 1. 0. 0. 0. 0. 0. 0. 0. 0. 0. 0. 0. 0. 0. 0. 0. 0. 1. 0. 1. 0. 0. 0.],500,100,0.1,0.003,1,18,idID,20,first
222,0.007954703561876424,0.007954703561876424,0.003017163709688648,[0.         0.         0.         0.         0.08275547 0.         0.         0.         0.01       0.         0.         0.         0.         0.         0.         0.         0.         0.         0.         0.         0.         0.         0.         0.         0.         0.42171725 0.         0.010943   0.         0.         0.        ],[0. 0. 0. 0. 1. 0. 0. 0. 1. 0. 0. 0. 0. 0. 0. 0. 0. 0. 0. 0. 0. 0. 0. 0. 0. 1. 0. 1. 0. 0. 0.],500,100,0.1,0.003,1,18,idID,20,first
223,0.007954703561876424,0.007954703561876424,0.003017163709688648,[0.         0.         0.         0.         0.08275547 0.         0.         0.         0.01       0.         0.         0.         0.         0.         0.         0.         0.         0.         0.         0.         0.         0.         0.         0.         0.         0.42171725 0.         0.010943   0.         0.         0.        ],[0. 0. 0. 0. 1. 0. 0. 0. 1. 0. 0. 0. 0. 0. 0. 0. 0. 0. 0. 0. 0. 0. 0. 0. 0. 1. 0. 1. 0. 0. 0.],500,100,0.1,0.003,1,18,idID,20,first
224,0.007954703561876424,0.007954703561876424,0.003017163709688648,[0.         0.         0.         0.         0.08275547 0.         0.         0.         0.01       0.         0.         0.         0.         0.         0.         0.         0.         0.         0.         0.         0.         0.         0.         0.         0.         0.42171725 0.         0.010943   0.         0.         0.        ],[0. 0. 0. 0. 1. 0. 0. 0. 1. 0. 0. 0. 0. 0. 0. 0. 0. 0. 0. 0. 0. 0. 0. 0. 0. 1. 0. 1. 0. 0. 0.],500,100,0.1,0.003,1,18,idID,20,first
225,0.007954703561876424,0.007954703561876424,0.003017163709688648,[0.         0.         0.         0.         0.08275547 0.         0.         0.         0.01       0.         0.         0.         0.         0.         0.         0.         0.         0.         0.         0.         0.         0.         0.         0.         0.         0.42171725 0.         0.010943   0.         0.         0.        ],[0. 0. 0. 0. 1. 0. 0. 0. 1. 0. 0. 0. 0. 0. 0. 0. 0. 0. 0. 0. 0. 0. 0. 0. 0. 1. 0. 1. 0. 0. 0.],500,100,0.1,0.003,1,18,idID,20,first
226,0.007954703561876424,0.007954703561876424,0.003017163709688648,[0.         0.         0.         0.         0.08275547 0.         0.         0.         0.01       0.         0.         0.         0.         0.         0.         0.         0.         0.         0.         0.         0.         0.         0.         0.         0.         0.42171725 0.         0.010943   0.         0.         0.        ],[0. 0. 0. 0. 1. 0. 0. 0. 1. 0. 0. 0. 0. 0. 0. 0. 0. 0. 0. 0. 0. 0. 0. 0. 0. 1. 0. 1. 0. 0. 0.],500,100,0.1,0.003,1,18,idID,20,first
227,0.007954703561876424,0.007954703561876424,0.003017163709688648,[0.         0.         0.         0.         0.08275547 0.         0.         0.         0.01       0.         0.         0.         0.         0.         0.         0.         0.         0.         0.         0.         0.         0.         0.         0.         0.         0.42171725 0.         0.010943   0.         0.         0.        ],[0. 0. 0. 0. 1. 0. 0. 0. 1. 0. 0. 0. 0. 0. 0. 0. 0. 0. 0. 0. 0. 0. 0. 0. 0. 1. 0. 1. 0. 0. 0.],500,100,0.1,0.003,1,18,idID,20,first
228,0.007954703561876424,0.007954703561876424,0.003017163709688648,[0.         0.         0.         0.         0.08275547 0.         0.         0.         0.01       0.         0.         0.         0.         0.         0.         0.         0.         0.         0.         0.         0.         0.         0.         0.         0.         0.42171725 0.         0.010943   0.         0.         0.        ],[0. 0. 0. 0. 1. 0. 0. 0. 1. 0. 0. 0. 0. 0. 0. 0. 0. 0. 0. 0. 0. 0. 0. 0. 0. 1. 0. 1. 0. 0. 0.],500,100,0.1,0.003,1,18,idID,20,first
229,0.007954703561876424,0.007954703561876424,0.003017163709688648,[0.         0.         0.         0.         0.08275547 0.         0.         0.         0.01       0.         0.         0.         0.         0.         0.         0.         0.         0.         0.         0.         0.         0.         0.         0.         0.         0.42171725 0.         0.010943   0.         0.         0.        ],[0. 0. 0. 0. 1. 0. 0. 0. 1. 0. 0. 0. 0. 0. 0. 0. 0. 0. 0. 0. 0. 0. 0. 0. 0. 1. 0. 1. 0. 0. 0.],500,100,0.1,0.003,1,18,idID,20,first
230,0.007954703561876424,0.007954703561876424,0.003017163709688648,[0.         0.         0.         0.         0.08275547 0.         0.         0.         0.01       0.         0.         0.         0.         0.         0.         0.         0.         0.         0.         0.         0.         0.         0.         0.         0.         0.42171725 0.         0.010943   0.         0.         0.        ],[0. 0. 0. 0. 1. 0. 0. 0. 1. 0. 0. 0. 0. 0. 0. 0. 0. 0. 0. 0. 0. 0. 0. 0. 0. 1. 0. 1. 0. 0. 0.],500,100,0.1,0.003,1,18,idID,20,first
231,0.007954703561876424,0.007954703561876424,0.003017163709688648,[0.         0.         0.         0.         0.08275547 0.         0.         0.         0.01       0.         0.         0.         0.         0.         0.         0.         0.         0.         0.         0.         0.         0.         0.         0.         0.         0.42171725 0.         0.010943   0.         0.         0.        ],[0. 0. 0. 0. 1. 0. 0. 0. 1. 0. 0. 0. 0. 0. 0. 0. 0. 0. 0. 0. 0. 0. 0. 0. 0. 1. 0. 1. 0. 0. 0.],500,100,0.1,0.003,1,18,idID,20,first
232,0.007954703561876424,0.007954703561876424,0.003017163709688648,[0.         0.         0.         0.         0.08275547 0.         0.         0.         0.01       0.         0.         0.         0.         0.         0.         0.         0.         0.         0.         0.         0.         0.         0.         0.         0.         0.42171725 0.         0.010943   0.         0.         0.        ],[0. 0. 0. 0. 1. 0. 0. 0. 1. 0. 0. 0. 0. 0. 0. 0. 0. 0. 0. 0. 0. 0. 0. 0. 0. 1. 0. 1. 0. 0. 0.],500,100,0.1,0.003,1,18,idID,20,first
233,0.007954703561876424,0.007954703561876424,0.003017163709688648,[0.         0.         0.         0.         0.08275547 0.         0.         0.         0.01       0.         0.         0.         0.         0.         0.         0.         0.         0.         0.         0.         0.         0.         0.         0.         0.         0.42171725 0.         0.010943   0.         0.         0.        ],[0. 0. 0. 0. 1. 0. 0. 0. 1. 0. 0. 0. 0. 0. 0. 0. 0. 0. 0. 0. 0. 0. 0. 0. 0. 1. 0. 1. 0. 0. 0.],500,100,0.1,0.003,1,18,idID,20,first
234,0.007954703561876424,0.007954703561876424,0.003017163709688648,[0.         0.         0.         0.         0.08275547 0.         0.         0.         0.01       0.         0.         0.         0.         0.         0.         0.         0.         0.         0.         0.         0.         0.         0.         0.         0.         0.42171725 0.         0.010943   0.         0.         0.        ],[0. 0. 0. 0. 1. 0. 0. 0. 1. 0. 0. 0. 0. 0. 0. 0. 0. 0. 0. 0. 0. 0. 0. 0. 0. 1. 0. 1. 0. 0. 0.],500,100,0.1,0.003,1,18,idID,20,first
235,0.007954703561876424,0.007954703561876424,0.003017163709688648,[0.         0.         0.         0.         0.08275547 0.         0.         0.         0.01       0.         0.         0.         0.         0.         0.         0.         0.         0.         0.         0.         0.         0.         0.         0.         0.         0.42171725 0.         0.010943   0.         0.         0.        ],[0. 0. 0. 0. 1. 0. 0. 0. 1. 0. 0. 0. 0. 0. 0. 0. 0. 0. 0. 0. 0. 0. 0. 0. 0. 1. 0. 1. 0. 0. 0.],500,100,0.1,0.003,1,18,idID,20,first
236,0.007954703561876424,0.007954703561876424,0.003017163709688648,[0.         0.         0.         0.         0.08275547 0.         0.         0.         0.01       0.         0.         0.         0.         0.         0.         0.         0.         0.         0.         0.         0.         0.         0.         0.         0.         0.42171725 0.         0.010943   0.         0.         0.        ],[0. 0. 0. 0. 1. 0. 0. 0. 1. 0. 0. 0. 0. 0. 0. 0. 0. 0. 0. 0. 0. 0. 0. 0. 0. 1. 0. 1. 0. 0. 0.],500,100,0.1,0.003,1,18,idID,20,first
237,0.007954703561876424,0.007954703561876424,0.003017163709688648,[0.         0.         0.         0.         0.08275547 0.         0.         0.         0.01       0.         0.         0.         0.         0.         0.         0.         0.         0.         0.         0.         0.         0.         0.         0.         0.         0.42171725 0.         0.010943   0.         0.         0.        ],[0. 0. 0. 0. 1. 0. 0. 0. 1. 0. 0. 0. 0. 0. 0. 0. 0. 0. 0. 0. 0. 0. 0. 0. 0. 1. 0. 1. 0. 0. 0.],500,100,0.1,0.003,1,18,idID,20,first
238,0.007954703561876424,0.007954703561876424,0.003017163709688648,[0.         0.         0.         0.         0.08275547 0.         0.         0.         0.01       0.         0.         0.         0.         0.         0.         0.         0.         0.         0.         0.         0.         0.         0.         0.         0.         0.42171725 0.         0.010943   0.         0.         0.        ],[0. 0. 0. 0. 1. 0. 0. 0. 1. 0. 0. 0. 0. 0. 0. 0. 0. 0. 0. 0. 0. 0. 0. 0. 0. 1. 0. 1. 0. 0. 0.],500,100,0.1,0.003,1,18,idID,20,first
239,0.007954703561876424,0.007954703561876424,0.003017163709688648,[0.         0.         0.         0.         0.08275547 0.         0.         0.         0.01       0.         0.         0.         0.         0.         0.         0.         0.         0.         0.         0.         0.         0.         0.         0.         0.         0.42171725 0.         0.010943   0.         0.         0.        ],[0. 0. 0. 0. 1. 0. 0. 0. 1. 0. 0. 0. 0. 0. 0. 0. 0. 0. 0. 0. 0. 0. 0. 0. 0. 1. 0. 1. 0. 0. 0.],500,100,0.1,0.003,1,18,idID,20,first
240,0.007954703561876424,0.007954703561876424,0.003017163709688648,[0.         0.         0.         0.         0.08275547 0.         0.         0.         0.01       0.         0.         0.         0.         0.         0.         0.         0.         0.         0.         0.         0.         0.         0.         0.         0.         0.42171725 0.         0.010943   0.         0.         0.        ],[0. 0. 0. 0. 1. 0. 0. 0. 1. 0. 0. 0. 0. 0. 0. 0. 0. 0. 0. 0. 0. 0. 0. 0. 0. 1. 0. 1. 0. 0. 0.],500,100,0.1,0.003,1,18,idID,20,first
241,0.007954703561876424,0.007954703561876424,0.003017163709688648,[0.         0.         0.         0.         0.08275547 0.         0.         0.         0.01       0.         0.         0.         0.         0.         0.         0.         0.         0.         0.         0.         0.         0.         0.         0.         0.         0.42171725 0.         0.010943   0.         0.         0.        ],[0. 0. 0. 0. 1. 0. 0. 0. 1. 0. 0. 0. 0. 0. 0. 0. 0. 0. 0. 0. 0. 0. 0. 0. 0. 1. 0. 1. 0. 0. 0.],500,100,0.1,0.003,1,18,idID,20,first
242,0.007954703561876424,0.007954703561876424,0.003017163709688648,[0.         0.         0.         0.         0.08275547 0.         0.         0.         0.01       0.         0.         0.         0.         0.         0.         0.         0.         0.         0.         0.         0.         0.         0.         0.         0.         0.42171725 0.         0.010943   0.         0.         0.        ],[0. 0. 0. 0. 1. 0. 0. 0. 1. 0. 0. 0. 0. 0. 0. 0. 0. 0. 0. 0. 0. 0. 0. 0. 0. 1. 0. 1. 0. 0. 0.],500,100,0.1,0.003,1,18,idID,20,first
243,0.007954703561876424,0.007954703561876424,0.003017163709688648,[0.         0.         0.         0.         0.08275547 0.         0.         0.         0.01       0.         0.         0.         0.         0.         0.         0.         0.         0.         0.         0.         0.         0.         0.         0.         0.         0.42171725 0.         0.010943   0.         0.         0.        ],[0. 0. 0. 0. 1. 0. 0. 0. 1. 0. 0. 0. 0. 0. 0. 0. 0. 0. 0. 0. 0. 0. 0. 0. 0. 1. 0. 1. 0. 0. 0.],500,100,0.1,0.003,1,18,idID,20,first
244,0.007954703561876424,0.007954703561876424,0.003017163709688648,[0.         0.         0.         0.         0.08275547 0.         0.         0.         0.01       0.         0.         0.         0.         0.         0.         0.         0.         0.         0.         0.         0.         0.         0.         0.         0.         0.42171725 0.         0.010943   0.         0.         0.        ],[0. 0. 0. 0. 1. 0. 0. 0. 1. 0. 0. 0. 0. 0. 0. 0. 0. 0. 0. 0. 0. 0. 0. 0. 0. 1. 0. 1. 0. 0. 0.],500,100,0.1,0.003,1,18,idID,20,first
245,0.007954703561876424,0.007954703561876424,0.003017163709688648,[0.         0.         0.         0.         0.08275547 0.         0.         0.         0.01       0.         0.         0.         0.         0.         0.         0.         0.         0.         0.         0.         0.         0.         0.         0.         0.         0.42171725 0.         0.010943   0.         0.         0.        ],[0. 0. 0. 0. 1. 0. 0. 0. 1. 0. 0. 0. 0. 0. 0. 0. 0. 0. 0. 0. 0. 0. 0. 0. 0. 1. 0. 1. 0. 0. 0.],500,100,0.1,0.003,1,18,idID,20,first
246,0.007954703561876424,0.007954703561876424,0.003017163709688648,[0.         0.         0.         0.         0.08275547 0.         0.         0.         0.01       0.         0.         0.         0.         0.         0.         0.         0.         0.         0.         0.         0.         0.         0.         0.         0.         0.42171725 0.         0.010943   0.         0.         0.        ],[0. 0. 0. 0. 1. 0. 0. 0. 1. 0. 0. 0. 0. 0. 0. 0. 0. 0. 0. 0. 0. 0. 0. 0. 0. 1. 0. 1. 0. 0. 0.],500,100,0.1,0.003,1,18,idID,20,first
247,0.007954703561876424,0.007954703561876424,0.003017163709688648,[0.         0.         0.         0.         0.08275547 0.         0.         0.         0.01       0.         0.         0.         0.         0.         0.         0.         0.         0.         0.         0.         0.         0.         0.         0.         0.         0.42171725 0.         0.010943   0.         0.         0.        ],[0. 0. 0. 0. 1. 0. 0. 0. 1. 0. 0. 0. 0. 0. 0. 0. 0. 0. 0. 0. 0. 0. 0. 0. 0. 1. 0. 1. 0. 0. 0.],500,100,0.1,0.003,1,18,idID,20,first
248,0.007954703561876424,0.007954703561876424,0.003017163709688648,[0.         0.         0.         0.         0.08275547 0.         0.         0.         0.01       0.         0.         0.         0.         0.         0.         0.         0.         0.         0.         0.         0.         0.         0.         0.         0.         0.42171725 0.         0.010943   0.         0.         0.        ],[0. 0. 0. 0. 1. 0. 0. 0. 1. 0. 0. 0. 0. 0. 0. 0. 0. 0. 0. 0. 0. 0. 0. 0. 0. 1. 0. 1. 0. 0. 0.],500,100,0.1,0.003,1,18,idID,20,first
249,0.007954703561876424,0.007954703561876424,0.003017163709688648,[0.         0.         0.         0.         0.08275547 0.         0.         0.         0.01       0.         0.         0.         0.         0.         0.         0.         0.         0.         0.         0.         0.         0.         0.         0.         0.         0.42171725 0.         0.010943   0.         0.         0.        ],[0. 0. 0. 0. 1. 0. 0. 0. 1. 0. 0. 0. 0. 0. 0. 0. 0. 0. 0. 0. 0. 0. 0. 0. 0. 1. 0. 1. 0. 0. 0.],500,100,0.1,0.003,1,18,idID,20,first
250,0.007954703561876424,0.007954703561876424,0.003017163709688648,[0.         0.         0.         0.         0.08275547 0.         0.         0.         0.01       0.         0.         0.         0.         0.         0.         0.         0.         0.         0.         0.         0.         0.         0.         0.         0.         0.42171725 0.         0.010943   0.         0.         0.        ],[0. 0. 0. 0. 1. 0. 0. 0. 1. 0. 0. 0. 0. 0. 0. 0. 0. 0. 0. 0. 0. 0. 0. 0. 0. 1. 0. 1. 0. 0. 0.],500,100,0.1,0.003,1,18,idID,20,first
251,0.007954703561876424,0.007954703561876424,0.003017163709688648,[0.         0.         0.         0.         0.08275547 0.         0.         0.         0.01       0.         0.         0.         0.         0.         0.         0.         0.         0.         0.         0.         0.         0.         0.         0.         0.         0.42171725 0.         0.010943   0.         0.         0.        ],[0. 0. 0. 0. 1. 0. 0. 0. 1. 0. 0. 0. 0. 0. 0. 0. 0. 0. 0. 0. 0. 0. 0. 0. 0. 1. 0. 1. 0. 0. 0.],500,100,0.1,0.003,1,18,idID,20,first
252,0.007954703561876424,0.007954703561876424,0.003017163709688648,[0.         0.         0.         0.         0.08275547 0.         0.         0.         0.01       0.         0.         0.         0.         0.         0.         0.         0.         0.         0.         0.         0.         0.         0.         0.         0.         0.42171725 0.         0.010943   0.         0.         0.        ],[0. 0. 0. 0. 1. 0. 0. 0. 1. 0. 0. 0. 0. 0. 0. 0. 0. 0. 0. 0. 0. 0. 0. 0. 0. 1. 0. 1. 0. 0. 0.],500,100,0.1,0.003,1,18,idID,20,first
253,0.007954703561876424,0.007954703561876424,0.003017163709688648,[0.         0.         0.         0.         0.08275547 0.         0.         0.         0.01       0.         0.         0.         0.         0.         0.         0.         0.         0.         0.         0.         0.         0.         0.         0.         0.         0.42171725 0.         0.010943   0.         0.         0.        ],[0. 0. 0. 0. 1. 0. 0. 0. 1. 0. 0. 0. 0. 0. 0. 0. 0. 0. 0. 0. 0. 0. 0. 0. 0. 1. 0. 1. 0. 0. 0.],500,100,0.1,0.003,1,18,idID,20,first
254,0.007954703561876424,0.007954703561876424,0.003017163709688648,[0.         0.         0.         0.         0.08275547 0.         0.         0.         0.01       0.         0.         0.         0.         0.         0.         0.         0.         0.         0.         0.         0.         0.         0.         0.         0.         0.42171725 0.         0.010943   0.         0.         0.        ],[0. 0. 0. 0. 1. 0. 0. 0. 1. 0. 0. 0. 0. 0. 0. 0. 0. 0. 0. 0. 0. 0. 0. 0. 0. 1. 0. 1. 0. 0. 0.],500,100,0.1,0.003,1,18,idID,20,first
255,0.007954703561876424,0.007954703561876424,0.003017163709688648,[0.         0.         0.         0.         0.08275547 0.         0.         0.         0.01       0.         0.         0.         0.         0.         0.         0.         0.         0.         0.         0.         0.         0.         0.         0.         0.         0.42171725 0.         0.010943   0.         0.         0.        ],[0. 0. 0. 0. 1. 0. 0. 0. 1. 0. 0. 0. 0. 0. 0. 0. 0. 0. 0. 0. 0. 0. 0. 0. 0. 1. 0. 1. 0. 0. 0.],500,100,0.1,0.003,1,18,idID,20,first
256,0.007954703561876424,0.007954703561876424,0.003017163709688648,[0.         0.         0.         0.         0.08275547 0.         0.         0.         0.01       0.         0.         0.         0.         0.         0.         0.         0.         0.         0.         0.         0.         0.         0.         0.         0.         0.42171725 0.         0.010943   0.         0.         0.        ],[0. 0. 0. 0. 1. 0. 0. 0. 1. 0. 0. 0. 0. 0. 0. 0. 0. 0. 0. 0. 0. 0. 0. 0. 0. 1. 0. 1. 0. 0. 0.],500,100,0.1,0.003,1,18,idID,20,first
257,0.007954703561876424,0.007954703561876424,0.003017163709688648,[0.         0.         0.         0.         0.08275547 0.         0.         0.         0.01       0.         0.         0.         0.         0.         0.         0.         0.         0.         0.         0.         0.         0.         0.         0.         0.         0.42171725 0.         0.010943   0.         0.         0.        ],[0. 0. 0. 0. 1. 0. 0. 0. 1. 0. 0. 0. 0. 0. 0. 0. 0. 0. 0. 0. 0. 0. 0. 0. 0. 1. 0. 1. 0. 0. 0.],500,100,0.1,0.003,1,18,idID,20,first
258,0.007954703561876424,0.007954703561876424,0.003017163709688648,[0.         0.         0.         0.         0.08275547 0.         0.         0.         0.01       0.         0.         0.         0.         0.         0.         0.         0.         0.         0.         0.         0.         0.         0.         0.         0.         0.42171725 0.         0.010943   0.         0.         0.        ],[0. 0. 0. 0. 1. 0. 0. 0. 1. 0. 0. 0. 0. 0. 0. 0. 0. 0. 0. 0. 0. 0. 0. 0. 0. 1. 0. 1. 0. 0. 0.],500,100,0.1,0.003,1,18,idID,20,first
259,0.007954703561876424,0.007954703561876424,0.003017163709688648,[0.         0.         0.         0.         0.08275547 0.         0.         0.         0.01       0.         0.         0.         0.         0.         0.         0.         0.         0.         0.         0.         0.         0.         0.         0.         0.         0.42171725 0.         0.010943   0.         0.         0.        ],[0. 0. 0. 0. 1. 0. 0. 0. 1. 0. 0. 0. 0. 0. 0. 0. 0. 0. 0. 0. 0. 0. 0. 0. 0. 1. 0. 1. 0. 0. 0.],500,100,0.1,0.003,1,18,idID,20,first
260,0.007954703561876424,0.007954703561876424,0.003017163709688648,[0.         0.         0.         0.         0.08275547 0.         0.         0.         0.01       0.         0.         0.         0.         0.         0.         0.         0.         0.         0.         0.         0.         0.         0.         0.         0.         0.42171725 0.         0.010943   0.         0.         0.        ],[0. 0. 0. 0. 1. 0. 0. 0. 1. 0. 0. 0. 0. 0. 0. 0. 0. 0. 0. 0. 0. 0. 0. 0. 0. 1. 0. 1. 0. 0. 0.],500,100,0.1,0.003,1,18,idID,20,first
261,0.007954703561876424,0.007954703561876424,0.003017163709688648,[0.         0.         0.         0.         0.08275547 0.         0.         0.         0.01       0.         0.         0.         0.         0.         0.         0.         0.         0.         0.         0.         0.         0.         0.         0.         0.         0.42171725 0.         0.010943   0.         0.         0.        ],[0. 0. 0. 0. 1. 0. 0. 0. 1. 0. 0. 0. 0. 0. 0. 0. 0. 0. 0. 0. 0. 0. 0. 0. 0. 1. 0. 1. 0. 0. 0.],500,100,0.1,0.003,1,18,idID,20,first
262,0.007954703561876424,0.007954703561876424,0.003017163709688648,[0.         0.         0.         0.         0.08275547 0.         0.         0.         0.01       0.         0.         0.         0.         0.         0.         0.         0.         0.         0.         0.         0.         0.         0.         0.         0.         0.42171725 0.         0.010943   0.         0.         0.        ],[0. 0. 0. 0. 1. 0. 0. 0. 1. 0. 0. 0. 0. 0. 0. 0. 0. 0. 0. 0. 0. 0. 0. 0. 0. 1. 0. 1. 0. 0. 0.],500,100,0.1,0.003,1,18,idID,20,first
263,0.007954703561876424,0.007954703561876424,0.003017163709688648,[0.         0.         0.         0.         0.08275547 0.         0.         0.         0.01       0.         0.         0.         0.         0.         0.         0.         0.         0.         0.         0.         0.         0.         0.         0.         0.         0.42171725 0.         0.010943   0.         0.         0.        ],[0. 0. 0. 0. 1. 0. 0. 0. 1. 0. 0. 0. 0. 0. 0. 0. 0. 0. 0. 0. 0. 0. 0. 0. 0. 1. 0. 1. 0. 0. 0.],500,100,0.1,0.003,1,18,idID,20,first
264,0.007954703561876424,0.007954703561876424,0.003017163709688648,[0.         0.         0.         0.         0.08275547 0.         0.         0.         0.01       0.         0.         0.         0.         0.         0.         0.         0.         0.         0.         0.         0.         0.         0.         0.         0.         0.42171725 0.         0.010943   0.         0.         0.        ],[0. 0. 0. 0. 1. 0. 0. 0. 1. 0. 0. 0. 0. 0. 0. 0. 0. 0. 0. 0. 0. 0. 0. 0. 0. 1. 0. 1. 0. 0. 0.],500,100,0.1,0.003,1,18,idID,20,first
265,0.007954703561876424,0.007954703561876424,0.003017163709688648,[0.         0.         0.         0.         0.08275547 0.         0.         0.         0.01       0.         0.         0.         0.         0.         0.         0.         0.         0.         0.         0.         0.         0.         0.         0.         0.         0.42171725 0.         0.010943   0.         0.         0.        ],[0. 0. 0. 0. 1. 0. 0. 0. 1. 0. 0. 0. 0. 0. 0. 0. 0. 0. 0. 0. 0. 0. 0. 0. 0. 1. 0. 1. 0. 0. 0.],500,100,0.1,0.003,1,18,idID,20,first
266,0.007954703561876424,0.007954703561876424,0.003017163709688648,[0.         0.         0.         0.         0.08275547 0.         0.         0.         0.01       0.         0.         0.         0.         0.         0.         0.         0.         0.         0.         0.         0.         0.         0.         0.         0.         0.42171725 0.         0.010943   0.         0.         0.        ],[0. 0. 0. 0. 1. 0. 0. 0. 1. 0. 0. 0. 0. 0. 0. 0. 0. 0. 0. 0. 0. 0. 0. 0. 0. 1. 0. 1. 0. 0. 0.],500,100,0.1,0.003,1,18,idID,20,first
267,0.007954703561876424,0.007954703561876424,0.003017163709688648,[0.         0.         0.         0.         0.08275547 0.         0.         0.         0.01       0.         0.         0.         0.         0.         0.         0.         0.         0.         0.         0.         0.         0.         0.         0.         0.         0.42171725 0.         0.010943   0.         0.         0.        ],[0. 0. 0. 0. 1. 0. 0. 0. 1. 0. 0. 0. 0. 0. 0. 0. 0. 0. 0. 0. 0. 0. 0. 0. 0. 1. 0. 1. 0. 0. 0.],500,100,0.1,0.003,1,18,idID,20,first
268,0.007954703561876424,0.007954703561876424,0.003017163709688648,[0.         0.         0.         0.         0.08275547 0.         0.         0.         0.01       0.         0.         0.         0.         0.         0.         0.         0.         0.         0.         0.         0.         0.         0.         0.         0.         0.42171725 0.         0.010943   0.         0.         0.        ],[0. 0. 0. 0. 1. 0. 0. 0. 1. 0. 0. 0. 0. 0. 0. 0. 0. 0. 0. 0. 0. 0. 0. 0. 0. 1. 0. 1. 0. 0. 0.],500,100,0.1,0.003,1,18,idID,20,first
269,0.007954703561876424,0.007954703561876424,0.003017163709688648,[0.         0.         0.         0.         0.08275547 0.         0.         0.         0.01       0.         0.         0.         0.         0.         0.         0.         0.         0.         0.         0.         0.         0.         0.         0.         0.         0.42171725 0.         0.010943   0.         0.         0.        ],[0. 0. 0. 0. 1. 0. 0. 0. 1. 0. 0. 0. 0. 0. 0. 0. 0. 0. 0. 0. 0. 0. 0. 0. 0. 1. 0. 1. 0. 0. 0.],500,100,0.1,0.003,1,18,idID,20,first
270,0.007954703561876424,0.007954703561876424,0.003017163709688648,[0.         0.         0.         0.         0.08275547 0.         0.         0.         0.01       0.         0.         0.         0.         0.         0.         0.         0.         0.         0.         0.         0.         0.         0.         0.         0.         0.42171725 0.         0.010943   0.         0.         0.        ],[0. 0. 0. 0. 1. 0. 0. 0. 1. 0. 0. 0. 0. 0. 0. 0. 0. 0. 0. 0. 0. 0. 0. 0. 0. 1. 0. 1. 0. 0. 0.],500,100,0.1,0.003,1,18,idID,20,first
271,0.007954703561876424,0.007954703561876424,0.003017163709688648,[0.         0.         0.         0.         0.08275547 0.         0.         0.         0.01       0.         0.         0.         0.         0.         0.         0.         0.         0.         0.         0.         0.         0.         0.         0.         0.         0.42171725 0.         0.010943   0.         0.         0.        ],[0. 0. 0. 0. 1. 0. 0. 0. 1. 0. 0. 0. 0. 0. 0. 0. 0. 0. 0. 0. 0. 0. 0. 0. 0. 1. 0. 1. 0. 0. 0.],500,100,0.1,0.003,1,18,idID,20,first
272,0.007954703561876424,0.007954703561876424,0.003017163709688648,[0.         0.         0.         0.         0.08275547 0.         0.         0.         0.01       0.         0.         0.         0.         0.         0.         0.         0.         0.         0.         0.         0.         0.         0.         0.         0.         0.42171725 0.         0.010943   0.         0.         0.        ],[0. 0. 0. 0. 1. 0. 0. 0. 1. 0. 0. 0. 0. 0. 0. 0. 0. 0. 0. 0. 0. 0. 0. 0. 0. 1. 0. 1. 0. 0. 0.],500,100,0.1,0.003,1,18,idID,20,first
273,0.007954703561876424,0.007954703561876424,0.003017163709688648,[0.         0.         0.         0.         0.08275547 0.         0.         0.         0.01       0.         0.         0.         0.         0.         0.         0.         0.         0.         0.         0.         0.         0.         0.         0.         0.         0.42171725 0.         0.010943   0.         0.         0.        ],[0. 0. 0. 0. 1. 0. 0. 0. 1. 0. 0. 0. 0. 0. 0. 0. 0. 0. 0. 0. 0. 0. 0. 0. 0. 1. 0. 1. 0. 0. 0.],500,100,0.1,0.003,1,18,idID,20,first
274,0.007954703561876424,0.007954703561876424,0.003017163709688648,[0.         0.         0.         0.         0.08275547 0.         0.         0.         0.01       0.         0.         0.         0.         0.         0.         0.         0.         0.         0.         0.         0.         0.         0.         0.         0.         0.42171725 0.         0.010943   0.         0.         0.        ],[0. 0. 0. 0. 1. 0. 0. 0. 1. 0. 0. 0. 0. 0. 0. 0. 0. 0. 0. 0. 0. 0. 0. 0. 0. 1. 0. 1. 0. 0. 0.],500,100,0.1,0.003,1,18,idID,20,first
275,0.007954703561876424,0.007954703561876424,0.003017163709688648,[0.         0.         0.         0.         0.08275547 0.         0.         0.         0.01       0.         0.         0.         0.         0.         0.         0.         0.         0.         0.         0.         0.         0.         0.         0.         0.         0.42171725 0.         0.010943   0.         0.         0.        ],[0. 0. 0. 0. 1. 0. 0. 0. 1. 0. 0. 0. 0. 0. 0. 0. 0. 0. 0. 0. 0. 0. 0. 0. 0. 1. 0. 1. 0. 0. 0.],500,100,0.1,0.003,1,18,idID,20,first
276,0.007954703561876424,0.007954703561876424,0.003017163709688648,[0.         0.         0.         0.         0.08275547 0.         0.         0.         0.01       0.         0.         0.         0.         0.         0.         0.         0.         0.         0.         0.         0.         0.         0.         0.         0.         0.42171725 0.         0.010943   0.         0.         0.        ],[0. 0. 0. 0. 1. 0. 0. 0. 1. 0. 0. 0. 0. 0. 0. 0. 0. 0. 0. 0. 0. 0. 0. 0. 0. 1. 0. 1. 0. 0. 0.],500,100,0.1,0.003,1,18,idID,20,first
277,0.007954703561876424,0.007954703561876424,0.003017163709688648,[0.         0.         0.         0.         0.08275547 0.         0.         0.         0.01       0.         0.         0.         0.         0.         0.         0.         0.         0.         0.         0.         0.         0.         0.         0.         0.         0.42171725 0.         0.010943   0.         0.         0.        ],[0. 0. 0. 0. 1. 0. 0. 0. 1. 0. 0. 0. 0. 0. 0. 0. 0. 0. 0. 0. 0. 0. 0. 0. 0. 1. 0. 1. 0. 0. 0.],500,100,0.1,0.003,1,18,idID,20,first
278,0.007954703561876424,0.007954703561876424,0.003017163709688648,[0.         0.         0.         0.         0.08275547 0.         0.         0.         0.01       0.         0.         0.         0.         0.         0.         0.         0.         0.         0.         0.         0.         0.         0.         0.         0.         0.42171725 0.         0.010943   0.         0.         0.        ],[0. 0. 0. 0. 1. 0. 0. 0. 1. 0. 0. 0. 0. 0. 0. 0. 0. 0. 0. 0. 0. 0. 0. 0. 0. 1. 0. 1. 0. 0. 0.],500,100,0.1,0.003,1,18,idID,20,first
279,0.007954703561876424,0.007954703561876424,0.003017163709688648,[0.         0.         0.         0.         0.08275547 0.         0.         0.         0.01       0.         0.         0.         0.         0.         0.         0.         0.         0.         0.         0.         0.         0.         0.         0.         0.         0.42171725 0.         0.010943   0.         0.         0.        ],[0. 0. 0. 0. 1. 0. 0. 0. 1. 0. 0. 0. 0. 0. 0. 0. 0. 0. 0. 0. 0. 0. 0. 0. 0. 1. 0. 1. 0. 0. 0.],500,100,0.1,0.003,1,18,idID,20,first
280,0.007954703561876424,0.007954703561876424,0.003017163709688648,[0.         0.         0.         0.         0.08275547 0.         0.         0.         0.01       0.         0.         0.         0.         0.         0.         0.         0.         0.         0.         0.         0.         0.         0.         0.         0.         0.42171725 0.         0.010943   0.         0.         0.        ],[0. 0. 0. 0. 1. 0. 0. 0. 1. 0. 0. 0. 0. 0. 0. 0. 0. 0. 0. 0. 0. 0. 0. 0. 0. 1. 0. 1. 0. 0. 0.],500,100,0.1,0.003,1,18,idID,20,first
281,0.007954703561876424,0.007954703561876424,0.003017163709688648,[0.         0.         0.         0.         0.08275547 0.         0.         0.         0.01       0.         0.         0.         0.         0.         0.         0.         0.         0.         0.         0.         0.         0.         0.         0.         0.         0.42171725 0.         0.010943   0.         0.         0.        ],[0. 0. 0. 0. 1. 0. 0. 0. 1. 0. 0. 0. 0. 0. 0. 0. 0. 0. 0. 0. 0. 0. 0. 0. 0. 1. 0. 1. 0. 0. 0.],500,100,0.1,0.003,1,18,idID,20,first
282,0.007954703561876424,0.007954703561876424,0.003017163709688648,[0.         0.         0.         0.         0.08275547 0.         0.         0.         0.01       0.         0.         0.         0.         0.         0.         0.         0.         0.         0.         0.         0.         0.         0.         0.         0.         0.42171725 0.         0.010943   0.         0.         0.        ],[0. 0. 0. 0. 1. 0. 0. 0. 1. 0. 0. 0. 0. 0. 0. 0. 0. 0. 0. 0. 0. 0. 0. 0. 0. 1. 0. 1. 0. 0. 0.],500,100,0.1,0.003,1,18,idID,20,first
283,0.007954703561876424,0.007954703561876424,0.003017163709688648,[0.         0.         0.         0.         0.08275547 0.         0.         0.         0.01       0.         0.         0.         0.         0.         0.         0.         0.         0.         0.         0.         0.         0.         0.         0.         0.         0.42171725 0.         0.010943   0.         0.         0.        ],[0. 0. 0. 0. 1. 0. 0. 0. 1. 0. 0. 0. 0. 0. 0. 0. 0. 0. 0. 0. 0. 0. 0. 0. 0. 1. 0. 1. 0. 0. 0.],500,100,0.1,0.003,1,18,idID,20,first
284,0.007954703561876424,0.007954703561876424,0.003017163709688648,[0.         0.         0.         0.         0.08275547 0.         0.         0.         0.01       0.         0.         0.         0.         0.         0.         0.         0.         0.         0.         0.         0.         0.         0.         0.         0.         0.42171725 0.         0.010943   0.         0.         0.        ],[0. 0. 0. 0. 1. 0. 0. 0. 1. 0. 0. 0. 0. 0. 0. 0. 0. 0. 0. 0. 0. 0. 0. 0. 0. 1. 0. 1. 0. 0. 0.],500,100,0.1,0.003,1,18,idID,20,first
285,0.007954703561876424,0.007954703561876424,0.003017163709688648,[0.         0.         0.         0.         0.08275547 0.         0.         0.         0.01       0.         0.         0.         0.         0.         0.         0.         0.         0.         0.         0.         0.         0.         0.         0.         0.         0.42171725 0.         0.010943   0.         0.         0.        ],[0. 0. 0. 0. 1. 0. 0. 0. 1. 0. 0. 0. 0. 0. 0. 0. 0. 0. 0. 0. 0. 0. 0. 0. 0. 1. 0. 1. 0. 0. 0.],500,100,0.1,0.003,1,18,idID,20,first
286,0.007954703561876424,0.007954703561876424,0.003017163709688648,[0.         0.         0.         0.         0.08275547 0.         0.         0.         0.01       0.         0.         0.         0.         0.         0.         0.         0.         0.         0.         0.         0.         0.         0.         0.         0.         0.42171725 0.         0.010943   0.         0.         0.        ],[0. 0. 0. 0. 1. 0. 0. 0. 1. 0. 0. 0. 0. 0. 0. 0. 0. 0. 0. 0. 0. 0. 0. 0. 0. 1. 0. 1. 0. 0. 0.],500,100,0.1,0.003,1,18,idID,20,first
287,0.007954703561876424,0.007954703561876424,0.003017163709688648,[0.         0.         0.         0.         0.08275547 0.         0.         0.         0.01       0.         0.         0.         0.         0.         0.         0.         0.         0.         0.         0.         0.         0.         0.         0.         0.         0.42171725 0.         0.010943   0.         0.         0.        ],[0. 0. 0. 0. 1. 0. 0. 0. 1. 0. 0. 0. 0. 0. 0. 0. 0. 0. 0. 0. 0. 0. 0. 0. 0. 1. 0. 1. 0. 0. 0.],500,100,0.1,0.003,1,18,idID,20,first
288,0.007954703561876424,0.007954703561876424,0.003017163709688648,[0.         0.         0.         0.         0.08275547 0.         0.         0.         0.01       0.         0.         0.         0.         0.         0.         0.         0.         0.         0.         0.         0.         0.         0.         0.         0.         0.42171725 0.         0.010943   0.         0.         0.        ],[0. 0. 0. 0. 1. 0. 0. 0. 1. 0. 0. 0. 0. 0. 0. 0. 0. 0. 0. 0. 0. 0. 0. 0. 0. 1. 0. 1. 0. 0. 0.],500,100,0.1,0.003,1,18,idID,20,first
289,0.007954703561876424,0.007954703561876424,0.003017163709688648,[0.         0.         0.         0.         0.08275547 0.         0.         0.         0.01       0.         0.         0.         0.         0.         0.         0.         0.         0.         0.         0.         0.         0.         0.         0.         0.         0.42171725 0.         0.010943   0.         0.         0.        ],[0. 0. 0. 0. 1. 0. 0. 0. 1. 0. 0. 0. 0. 0. 0. 0. 0. 0. 0. 0. 0. 0. 0. 0. 0. 1. 0. 1. 0. 0. 0.],500,100,0.1,0.003,1,18,idID,20,first
290,0.007954703561876424,0.007954703561876424,0.003017163709688648,[0.         0.         0.         0.         0.08275547 0.         0.         0.         0.01       0.         0.         0.         0.         0.         0.         0.         0.         0.         0.         0.         0.         0.         0.         0.         0.         0.42171725 0.         0.010943   0.         0.         0.        ],[0. 0. 0. 0. 1. 0. 0. 0. 1. 0. 0. 0. 0. 0. 0. 0. 0. 0. 0. 0. 0. 0. 0. 0. 0. 1. 0. 1. 0. 0. 0.],500,100,0.1,0.003,1,18,idID,20,first
291,0.007954703561876424,0.007954703561876424,0.003017163709688648,[0.         0.         0.         0.         0.08275547 0.         0.         0.         0.01       0.         0.         0.         0.         0.         0.         0.         0.         0.         0.         0.         0.         0.         0.         0.         0.         0.42171725 0.         0.010943   0.         0.         0.        ],[0. 0. 0. 0. 1. 0. 0. 0. 1. 0. 0. 0. 0. 0. 0. 0. 0. 0. 0. 0. 0. 0. 0. 0. 0. 1. 0. 1. 0. 0. 0.],500,100,0.1,0.003,1,18,idID,20,first
292,0.007954703561876424,0.007954703561876424,0.003017163709688648,[0.         0.         0.         0.         0.08275547 0.         0.         0.         0.01       0.         0.         0.         0.         0.         0.         0.         0.         0.         0.         0.         0.         0.         0.         0.         0.         0.42171725 0.         0.010943   0.         0.         0.        ],[0. 0. 0. 0. 1. 0. 0. 0. 1. 0. 0. 0. 0. 0. 0. 0. 0. 0. 0. 0. 0. 0. 0. 0. 0. 1. 0. 1. 0. 0. 0.],500,100,0.1,0.003,1,18,idID,20,first
293,0.007954703561876424,0.007954703561876424,0.003017163709688648,[0.         0.         0.         0.         0.08275547 0.         0.         0.         0.01       0.         0.         0.         0.         0.         0.         0.         0.         0.         0.         0.         0.         0.         0.         0.         0.         0.42171725 0.         0.010943   0.         0.         0.        ],[0. 0. 0. 0. 1. 0. 0. 0. 1. 0. 0. 0. 0. 0. 0. 0. 0. 0. 0. 0. 0. 0. 0. 0. 0. 1. 0. 1. 0. 0. 0.],500,100,0.1,0.003,1,18,idID,20,first
294,0.007954703561876424,0.007954703561876424,0.003017163709688648,[0.         0.         0.         0.         0.08275547 0.         0.         0.         0.01       0.         0.         0.         0.         0.         0.         0.         0.         0.         0.         0.         0.         0.         0.         0.         0.         0.42171725 0.         0.010943   0.         0.         0.        ],[0. 0. 0. 0. 1. 0. 0. 0. 1. 0. 0. 0. 0. 0. 0. 0. 0. 0. 0. 0. 0. 0. 0. 0. 0. 1. 0. 1. 0. 0. 0.],500,100,0.1,0.003,1,18,idID,20,first
295,0.007954703561876424,0.007954703561876424,0.003017163709688648,[0.         0.         0.         0.         0.08275547 0.         0.         0.         0.01       0.         0.         0.         0.         0.         0.         0.         0.         0.         0.         0.         0.         0.         0.         0.         0.         0.42171725 0.         0.010943   0.         0.         0.        ],[0. 0. 0. 0. 1. 0. 0. 0. 1. 0. 0. 0. 0. 0. 0. 0. 0. 0. 0. 0. 0. 0. 0. 0. 0. 1. 0. 1. 0. 0. 0.],500,100,0.1,0.003,1,18,idID,20,first
296,0.007954703561876424,0.007954703561876424,0.003017163709688648,[0.         0.         0.         0.         0.08275547 0.         0.         0.         0.01       0.         0.         0.         0.         0.         0.         0.         0.         0.         0.         0.         0.         0.         0.         0.         0.         0.42171725 0.         0.010943   0.         0.         0.        ],[0. 0. 0. 0. 1. 0. 0. 0. 1. 0. 0. 0. 0. 0. 0. 0. 0. 0. 0. 0. 0. 0. 0. 0. 0. 1. 0. 1. 0. 0. 0.],500,100,0.1,0.003,1,18,idID,20,first
297,0.007954703561876424,0.007954703561876424,0.003017163709688648,[0.         0.         0.         0.         0.08275547 0.         0.         0.         0.01       0.         0.         0.         0.         0.         0.         0.         0.         0.         0.         0.         0.         0.         0.         0.         0.         0.42171725 0.         0.010943   0.         0.         0.        ],[0. 0. 0. 0. 1. 0. 0. 0. 1. 0. 0. 0. 0. 0. 0. 0. 0. 0. 0. 0. 0. 0. 0. 0. 0. 1. 0. 1. 0. 0. 0.],500,100,0.1,0.003,1,18,idID,20,first
298,0.007954703561876424,0.007954703561876424,0.003017163709688648,[0.         0.         0.         0.         0.08275547 0.         0.         0.         0.01       0.         0.         0.         0.         0.         0.         0.         0.         0.         0.         0.         0.         0.         0.         0.         0.         0.42171725 0.         0.010943   0.         0.         0.        ],[0. 0. 0. 0. 1. 0. 0. 0. 1. 0. 0. 0. 0. 0. 0. 0. 0. 0. 0. 0. 0. 0. 0. 0. 0. 1. 0. 1. 0. 0. 0.],500,100,0.1,0.003,1,18,idID,20,first
299,0.007954703561876424,0.007954703561876424,0.003017163709688648,[0.         0.         0.         0.         0.08275547 0.         0.         0.         0.01       0.         0.         0.         0.         0.         0.         0.         0.         0.         0.         0.         0.         0.         0.         0.         0.         0.42171725 0.         0.010943   0.         0.         0.        ],[0. 0. 0. 0. 1. 0. 0. 0. 1. 0. 0. 0. 0. 0. 0. 0. 0. 0. 0. 0. 0. 0. 0. 0. 0. 1. 0. 1. 0. 0. 0.],500,100,0.1,0.003,1,18,idID,20,first
300,0.007954703561876424,0.007954703561876424,0.003017163709688648,[0.         0.         0.         0.         0.08275547 0.         0.         0.         0.01       0.         0.         0.         0.         0.         0.         0.         0.         0.         0.         0.         0.         0.         0.         0.         0.         0.42171725 0.         0.010943   0.         0.         0.        ],[0. 0. 0. 0. 1. 0. 0. 0. 1. 0. 0. 0. 0. 0. 0. 0. 0. 0. 0. 0. 0. 0. 0. 0. 0. 1. 0. 1. 0. 0. 0.],500,100,0.1,0.003,1,18,idID,20,first
301,0.007954703561876424,0.007954703561876424,0.003017163709688648,[0.         0.         0.         0.         0.08275547 0.         0.         0.         0.01       0.         0.         0.         0.         0.         0.         0.         0.         0.         0.         0.         0.         0.         0.         0.         0.         0.42171725 0.         0.010943   0.         0.         0.        ],[0. 0. 0. 0. 1. 0. 0. 0. 1. 0. 0. 0. 0. 0. 0. 0. 0. 0. 0. 0. 0. 0. 0. 0. 0. 1. 0. 1. 0. 0. 0.],500,100,0.1,0.003,1,18,idID,20,first
302,0.007954703561876424,0.007954703561876424,0.003017163709688648,[0.         0.         0.         0.         0.08275547 0.         0.         0.         0.01       0.         0.         0.         0.         0.         0.         0.         0.         0.         0.         0.         0.         0.         0.         0.         0.         0.42171725 0.         0.010943   0.         0.         0.        ],[0. 0. 0. 0. 1. 0. 0. 0. 1. 0. 0. 0. 0. 0. 0. 0. 0. 0. 0. 0. 0. 0. 0. 0. 0. 1. 0. 1. 0. 0. 0.],500,100,0.1,0.003,1,18,idID,20,first
303,0.007954703561876424,0.007954703561876424,0.003017163709688648,[0.         0.         0.         0.         0.08275547 0.         0.         0.         0.01       0.         0.         0.         0.         0.         0.         0.         0.         0.         0.         0.         0.         0.         0.         0.         0.         0.42171725 0.         0.010943   0.         0.         0.        ],[0. 0. 0. 0. 1. 0. 0. 0. 1. 0. 0. 0. 0. 0. 0. 0. 0. 0. 0. 0. 0. 0. 0. 0. 0. 1. 0. 1. 0. 0. 0.],500,100,0.1,0.003,1,18,idID,20,first
304,0.007954703561876424,0.007954703561876424,0.003017163709688648,[0.         0.         0.         0.         0.08275547 0.         0.         0.         0.01       0.         0.         0.         0.         0.         0.         0.         0.         0.         0.         0.         0.         0.         0.         0.         0.         0.42171725 0.         0.010943   0.         0.         0.        ],[0. 0. 0. 0. 1. 0. 0. 0. 1. 0. 0. 0. 0. 0. 0. 0. 0. 0. 0. 0. 0. 0. 0. 0. 0. 1. 0. 1. 0. 0. 0.],500,100,0.1,0.003,1,18,idID,20,first
305,0.007954703561876424,0.007954703561876424,0.003017163709688648,[0.         0.         0.         0.         0.08275547 0.         0.         0.         0.01       0.         0.         0.         0.         0.         0.         0.         0.         0.         0.         0.         0.         0.         0.         0.         0.         0.42171725 0.         0.010943   0.         0.         0.        ],[0. 0. 0. 0. 1. 0. 0. 0. 1. 0. 0. 0. 0. 0. 0. 0. 0. 0. 0. 0. 0. 0. 0. 0. 0. 1. 0. 1. 0. 0. 0.],500,100,0.1,0.003,1,18,idID,20,first
306,0.007954703561876424,0.007954703561876424,0.003017163709688648,[0.         0.         0.         0.         0.08275547 0.         0.         0.         0.01       0.         0.         0.         0.         0.         0.         0.         0.         0.         0.         0.         0.         0.         0.         0.         0.         0.42171725 0.         0.010943   0.         0.         0.        ],[0. 0. 0. 0. 1. 0. 0. 0. 1. 0. 0. 0. 0. 0. 0. 0. 0. 0. 0. 0. 0. 0. 0. 0. 0. 1. 0. 1. 0. 0. 0.],500,100,0.1,0.003,1,18,idID,20,first
307,0.007954703561876424,0.007954703561876424,0.003017163709688648,[0.         0.         0.         0.         0.08275547 0.         0.         0.         0.01       0.         0.         0.         0.         0.         0.         0.         0.         0.         0.         0.         0.         0.         0.         0.         0.         0.42171725 0.         0.010943   0.         0.         0.        ],[0. 0. 0. 0. 1. 0. 0. 0. 1. 0. 0. 0. 0. 0. 0. 0. 0. 0. 0. 0. 0. 0. 0. 0. 0. 1. 0. 1. 0. 0. 0.],500,100,0.1,0.003,1,18,idID,20,first
308,0.007954703561876424,0.007954703561876424,0.003017163709688648,[0.         0.         0.         0.         0.08275547 0.         0.         0.         0.01       0.         0.         0.         0.         0.         0.         0.         0.         0.         0.         0.         0.         0.         0.         0.         0.         0.42171725 0.         0.010943   0.         0.         0.        ],[0. 0. 0. 0. 1. 0. 0. 0. 1. 0. 0. 0. 0. 0. 0. 0. 0. 0. 0. 0. 0. 0. 0. 0. 0. 1. 0. 1. 0. 0. 0.],500,100,0.1,0.003,1,18,idID,20,first
309,0.007954703561876424,0.007954703561876424,0.003017163709688648,[0.         0.         0.         0.         0.08275547 0.         0.         0.         0.01       0.         0.         0.         0.         0.         0.         0.         0.         0.         0.         0.         0.         0.         0.         0.         0.         0.42171725 0.         0.010943   0.         0.         0.        ],[0. 0. 0. 0. 1. 0. 0. 0. 1. 0. 0. 0. 0. 0. 0. 0. 0. 0. 0. 0. 0. 0. 0. 0. 0. 1. 0. 1. 0. 0. 0.],500,100,0.1,0.003,1,18,idID,20,first
310,0.007954703561876424,0.007954703561876424,0.003017163709688648,[0.         0.         0.         0.         0.08275547 0.         0.         0.         0.01       0.         0.         0.         0.         0.         0.         0.         0.         0.         0.         0.         0.         0.         0.         0.         0.         0.42171725 0.         0.010943   0.         0.         0.        ],[0. 0. 0. 0. 1. 0. 0. 0. 1. 0. 0. 0. 0. 0. 0. 0. 0. 0. 0. 0. 0. 0. 0. 0. 0. 1. 0. 1. 0. 0. 0.],500,100,0.1,0.003,1,18,idID,20,first
311,0.007954703561876424,0.007954703561876424,0.003017163709688648,[0.         0.         0.         0.         0.08275547 0.         0.         0.         0.01       0.         0.         0.         0.         0.         0.         0.         0.         0.         0.         0.         0.         0.         0.         0.         0.         0.42171725 0.         0.010943   0.         0.         0.        ],[0. 0. 0. 0. 1. 0. 0. 0. 1. 0. 0. 0. 0. 0. 0. 0. 0. 0. 0. 0. 0. 0. 0. 0. 0. 1. 0. 1. 0. 0. 0.],500,100,0.1,0.003,1,18,idID,20,first
312,0.007954703561876424,0.007954703561876424,0.003017163709688648,[0.         0.         0.         0.         0.08275547 0.         0.         0.         0.01       0.         0.         0.         0.         0.         0.         0.         0.         0.         0.         0.         0.         0.         0.         0.         0.         0.42171725 0.         0.010943   0.         0.         0.        ],[0. 0. 0. 0. 1. 0. 0. 0. 1. 0. 0. 0. 0. 0. 0. 0. 0. 0. 0. 0. 0. 0. 0. 0. 0. 1. 0. 1. 0. 0. 0.],500,100,0.1,0.003,1,18,idID,20,first
313,0.007954703561876424,0.007954703561876424,0.003017163709688648,[0.         0.         0.         0.         0.08275547 0.         0.         0.         0.01       0.         0.         0.         0.         0.         0.         0.         0.         0.         0.         0.         0.         0.         0.         0.         0.         0.42171725 0.         0.010943   0.         0.         0.        ],[0. 0. 0. 0. 1. 0. 0. 0. 1. 0. 0. 0. 0. 0. 0. 0. 0. 0. 0. 0. 0. 0. 0. 0. 0. 1. 0. 1. 0. 0. 0.],500,100,0.1,0.003,1,18,idID,20,first
314,0.007954703561876424,0.007954703561876424,0.003017163709688648,[0.         0.         0.         0.         0.08275547 0.         0.         0.         0.01       0.         0.         0.         0.         0.         0.         0.         0.         0.         0.         0.         0.         0.         0.         0.         0.         0.42171725 0.         0.010943   0.         0.         0.        ],[0. 0. 0. 0. 1. 0. 0. 0. 1. 0. 0. 0. 0. 0. 0. 0. 0. 0. 0. 0. 0. 0. 0. 0. 0. 1. 0. 1. 0. 0. 0.],500,100,0.1,0.003,1,18,idID,20,first
315,0.007954703561876424,0.007954703561876424,0.003017163709688648,[0.         0.         0.         0.         0.08275547 0.         0.         0.         0.01       0.         0.         0.         0.         0.         0.         0.         0.         0.         0.         0.         0.         0.         0.         0.         0.         0.42171725 0.         0.010943   0.         0.         0.        ],[0. 0. 0. 0. 1. 0. 0. 0. 1. 0. 0. 0. 0. 0. 0. 0. 0. 0. 0. 0. 0. 0. 0. 0. 0. 1. 0. 1. 0. 0. 0.],500,100,0.1,0.003,1,18,idID,20,first
316,0.007954703561876424,0.007954703561876424,0.003017163709688648,[0.         0.         0.         0.         0.08275547 0.         0.         0.         0.01       0.         0.         0.         0.         0.         0.         0.         0.         0.         0.         0.         0.         0.         0.         0.         0.         0.42171725 0.         0.010943   0.         0.         0.        ],[0. 0. 0. 0. 1. 0. 0. 0. 1. 0. 0. 0. 0. 0. 0. 0. 0. 0. 0. 0. 0. 0. 0. 0. 0. 1. 0. 1. 0. 0. 0.],500,100,0.1,0.003,1,18,idID,20,first
317,0.007954703561876424,0.007954703561876424,0.003017163709688648,[0.         0.         0.         0.         0.08275547 0.         0.         0.         0.01       0.         0.         0.         0.         0.         0.         0.         0.         0.         0.         0.         0.         0.         0.         0.         0.         0.42171725 0.         0.010943   0.         0.         0.        ],[0. 0. 0. 0. 1. 0. 0. 0. 1. 0. 0. 0. 0. 0. 0. 0. 0. 0. 0. 0. 0. 0. 0. 0. 0. 1. 0. 1. 0. 0. 0.],500,100,0.1,0.003,1,18,idID,20,first
318,0.007954703561876424,0.007954703561876424,0.003017163709688648,[0.         0.         0.         0.         0.08275547 0.         0.         0.         0.01       0.         0.         0.         0.         0.         0.         0.         0.         0.         0.         0.         0.         0.         0.         0.         0.         0.42171725 0.         0.010943   0.         0.         0.        ],[0. 0. 0. 0. 1. 0. 0. 0. 1. 0. 0. 0. 0. 0. 0. 0. 0. 0. 0. 0. 0. 0. 0. 0. 0. 1. 0. 1. 0. 0. 0.],500,100,0.1,0.003,1,18,idID,20,first
319,0.007954703561876424,0.007954703561876424,0.003017163709688648,[0.         0.         0.         0.         0.08275547 0.         0.         0.         0.01       0.         0.         0.         0.         0.         0.         0.         0.         0.         0.         0.         0.         0.         0.         0.         0.         0.42171725 0.         0.010943   0.         0.         0.        ],[0. 0. 0. 0. 1. 0. 0. 0. 1. 0. 0. 0. 0. 0. 0. 0. 0. 0. 0. 0. 0. 0. 0. 0. 0. 1. 0. 1. 0. 0. 0.],500,100,0.1,0.003,1,18,idID,20,first
320,0.007954703561876424,0.007954703561876424,0.003017163709688648,[0.         0.         0.         0.         0.08275547 0.         0.         0.         0.01       0.         0.         0.         0.         0.         0.         0.         0.         0.         0.         0.         0.         0.         0.         0.         0.         0.42171725 0.         0.010943   0.         0.         0.        ],[0. 0. 0. 0. 1. 0. 0. 0. 1. 0. 0. 0. 0. 0. 0. 0. 0. 0. 0. 0. 0. 0. 0. 0. 0. 1. 0. 1. 0. 0. 0.],500,100,0.1,0.003,1,18,idID,20,first
321,0.007954703561876424,0.007954703561876424,0.003017163709688648,[0.         0.         0.         0.         0.08275547 0.         0.         0.         0.01       0.         0.         0.         0.         0.         0.         0.         0.         0.         0.         0.         0.         0.         0.         0.         0.         0.42171725 0.         0.010943   0.         0.         0.        ],[0. 0. 0. 0. 1. 0. 0. 0. 1. 0. 0. 0. 0. 0. 0. 0. 0. 0. 0. 0. 0. 0. 0. 0. 0. 1. 0. 1. 0. 0. 0.],500,100,0.1,0.003,1,18,idID,20,first
322,0.007954703561876424,0.007954703561876424,0.003017163709688648,[0.         0.         0.         0.         0.08275547 0.         0.         0.         0.01       0.         0.         0.         0.         0.         0.         0.         0.         0.         0.         0.         0.         0.         0.         0.         0.         0.42171725 0.         0.010943   0.         0.         0.        ],[0. 0. 0. 0. 1. 0. 0. 0. 1. 0. 0. 0. 0. 0. 0. 0. 0. 0. 0. 0. 0. 0. 0. 0. 0. 1. 0. 1. 0. 0. 0.],500,100,0.1,0.003,1,18,idID,20,first
323,0.007954703561876424,0.007954703561876424,0.003017163709688648,[0.         0.         0.         0.         0.08275547 0.         0.         0.         0.01       0.         0.         0.         0.         0.         0.         0.         0.         0.         0.         0.         0.         0.         0.         0.         0.         0.42171725 0.         0.010943   0.         0.         0.        ],[0. 0. 0. 0. 1. 0. 0. 0. 1. 0. 0. 0. 0. 0. 0. 0. 0. 0. 0. 0. 0. 0. 0. 0. 0. 1. 0. 1. 0. 0. 0.],500,100,0.1,0.003,1,18,idID,20,first
324,0.007954703561876424,0.007954703561876424,0.003017163709688648,[0.         0.         0.         0.         0.08275547 0.         0.         0.         0.01       0.         0.         0.         0.         0.         0.         0.         0.         0.         0.         0.         0.         0.         0.         0.         0.         0.42171725 0.         0.010943   0.         0.         0.        ],[0. 0. 0. 0. 1. 0. 0. 0. 1. 0. 0. 0. 0. 0. 0. 0. 0. 0. 0. 0. 0. 0. 0. 0. 0. 1. 0. 1. 0. 0. 0.],500,100,0.1,0.003,1,18,idID,20,first
325,0.007954703561876424,0.007954703561876424,0.003017163709688648,[0.         0.         0.         0.         0.08275547 0.         0.         0.         0.01       0.         0.         0.         0.         0.         0.         0.         0.         0.         0.         0.         0.         0.         0.         0.         0.         0.42171725 0.         0.010943   0.         0.         0.        ],[0. 0. 0. 0. 1. 0. 0. 0. 1. 0. 0. 0. 0. 0. 0. 0. 0. 0. 0. 0. 0. 0. 0. 0. 0. 1. 0. 1. 0. 0. 0.],500,100,0.1,0.003,1,18,idID,20,first
326,0.007954703561876424,0.007954703561876424,0.003017163709688648,[0.         0.         0.         0.         0.08275547 0.         0.         0.         0.01       0.         0.         0.         0.         0.         0.         0.         0.         0.         0.         0.         0.         0.         0.         0.         0.         0.42171725 0.         0.010943   0.         0.         0.        ],[0. 0. 0. 0. 1. 0. 0. 0. 1. 0. 0. 0. 0. 0. 0. 0. 0. 0. 0. 0. 0. 0. 0. 0. 0. 1. 0. 1. 0. 0. 0.],500,100,0.1,0.003,1,18,idID,20,first
327,0.007954703561876424,0.007954703561876424,0.003017163709688648,[0.         0.         0.         0.         0.08275547 0.         0.         0.         0.01       0.         0.         0.         0.         0.         0.         0.         0.         0.         0.         0.         0.         0.         0.         0.         0.         0.42171725 0.         0.010943   0.         0.         0.        ],[0. 0. 0. 0. 1. 0. 0. 0. 1. 0. 0. 0. 0. 0. 0. 0. 0. 0. 0. 0. 0. 0. 0. 0. 0. 1. 0. 1. 0. 0. 0.],500,100,0.1,0.003,1,18,idID,20,first
328,0.007954703561876424,0.007954703561876424,0.003017163709688648,[0.         0.         0.         0.         0.08275547 0.         0.         0.         0.01       0.         0.         0.         0.         0.         0.         0.         0.         0.         0.         0.         0.         0.         0.         0.         0.         0.42171725 0.         0.010943   0.         0.         0.        ],[0. 0. 0. 0. 1. 0. 0. 0. 1. 0. 0. 0. 0. 0. 0. 0. 0. 0. 0. 0. 0. 0. 0. 0. 0. 1. 0. 1. 0. 0. 0.],500,100,0.1,0.003,1,18,idID,20,first
329,0.007954703561876424,0.007954703561876424,0.003017163709688648,[0.         0.         0.         0.         0.08275547 0.         0.         0.         0.01       0.         0.         0.         0.         0.         0.         0.         0.         0.         0.         0.         0.         0.         0.         0.         0.         0.42171725 0.         0.010943   0.         0.         0.        ],[0. 0. 0. 0. 1. 0. 0. 0. 1. 0. 0. 0. 0. 0. 0. 0. 0. 0. 0. 0. 0. 0. 0. 0. 0. 1. 0. 1. 0. 0. 0.],500,100,0.1,0.003,1,18,idID,20,first
330,0.007954703561876424,0.007954703561876424,0.003017163709688648,[0.         0.         0.         0.         0.08275547 0.         0.         0.         0.01       0.         0.         0.         0.         0.         0.         0.         0.         0.         0.         0.         0.         0.         0.         0.         0.         0.42171725 0.         0.010943   0.         0.         0.        ],[0. 0. 0. 0. 1. 0. 0. 0. 1. 0. 0. 0. 0. 0. 0. 0. 0. 0. 0. 0. 0. 0. 0. 0. 0. 1. 0. 1. 0. 0. 0.],500,100,0.1,0.003,1,18,idID,20,first
331,0.007954703561876424,0.007954703561876424,0.003017163709688648,[0.         0.         0.         0.         0.08275547 0.         0.         0.         0.01       0.         0.         0.         0.         0.         0.         0.         0.         0.         0.         0.         0.         0.         0.         0.         0.         0.42171725 0.         0.010943   0.         0.         0.        ],[0. 0. 0. 0. 1. 0. 0. 0. 1. 0. 0. 0. 0. 0. 0. 0. 0. 0. 0. 0. 0. 0. 0. 0. 0. 1. 0. 1. 0. 0. 0.],500,100,0.1,0.003,1,18,idID,20,first
332,0.007954703561876424,0.007954703561876424,0.003017163709688648,[0.         0.         0.         0.         0.08275547 0.         0.         0.         0.01       0.         0.         0.         0.         0.         0.         0.         0.         0.         0.         0.         0.         0.         0.         0.         0.         0.42171725 0.         0.010943   0.         0.         0.        ],[0. 0. 0. 0. 1. 0. 0. 0. 1. 0. 0. 0. 0. 0. 0. 0. 0. 0. 0. 0. 0. 0. 0. 0. 0. 1. 0. 1. 0. 0. 0.],500,100,0.1,0.003,1,18,idID,20,first
333,0.007954703561876424,0.007954703561876424,0.003017163709688648,[0.         0.         0.         0.         0.08275547 0.         0.         0.         0.01       0.         0.         0.         0.         0.         0.         0.         0.         0.         0.         0.         0.         0.         0.         0.         0.         0.42171725 0.         0.010943   0.         0.         0.        ],[0. 0. 0. 0. 1. 0. 0. 0. 1. 0. 0. 0. 0. 0. 0. 0. 0. 0. 0. 0. 0. 0. 0. 0. 0. 1. 0. 1. 0. 0. 0.],500,100,0.1,0.003,1,18,idID,20,first
334,0.007954703561876424,0.007954703561876424,0.003017163709688648,[0.         0.         0.         0.         0.08275547 0.         0.         0.         0.01       0.         0.         0.         0.         0.         0.         0.         0.         0.         0.         0.         0.         0.         0.         0.         0.         0.42171725 0.         0.010943   0.         0.         0.        ],[0. 0. 0. 0. 1. 0. 0. 0. 1. 0. 0. 0. 0. 0. 0. 0. 0. 0. 0. 0. 0. 0. 0. 0. 0. 1. 0. 1. 0. 0. 0.],500,100,0.1,0.003,1,18,idID,20,first
335,0.007954703561876424,0.007954703561876424,0.003017163709688648,[0.         0.         0.         0.         0.08275547 0.         0.         0.         0.01       0.         0.         0.         0.         0.         0.         0.         0.         0.         0.         0.         0.         0.         0.         0.         0.         0.42171725 0.         0.010943   0.         0.         0.        ],[0. 0. 0. 0. 1. 0. 0. 0. 1. 0. 0. 0. 0. 0. 0. 0. 0. 0. 0. 0. 0. 0. 0. 0. 0. 1. 0. 1. 0. 0. 0.],500,100,0.1,0.003,1,18,idID,20,first
336,0.007954703561876424,0.007954703561876424,0.003017163709688648,[0.         0.         0.         0.         0.08275547 0.         0.         0.         0.01       0.         0.         0.         0.         0.         0.         0.         0.         0.         0.         0.         0.         0.         0.         0.         0.         0.42171725 0.         0.010943   0.         0.         0.        ],[0. 0. 0. 0. 1. 0. 0. 0. 1. 0. 0. 0. 0. 0. 0. 0. 0. 0. 0. 0. 0. 0. 0. 0. 0. 1. 0. 1. 0. 0. 0.],500,100,0.1,0.003,1,18,idID,20,first
337,0.007954703561876424,0.007954703561876424,0.003017163709688648,[0.         0.         0.         0.         0.08275547 0.         0.         0.         0.01       0.         0.         0.         0.         0.         0.         0.         0.         0.         0.         0.         0.         0.         0.         0.         0.         0.42171725 0.         0.010943   0.         0.         0.        ],[0. 0. 0. 0. 1. 0. 0. 0. 1. 0. 0. 0. 0. 0. 0. 0. 0. 0. 0. 0. 0. 0. 0. 0. 0. 1. 0. 1. 0. 0. 0.],500,100,0.1,0.003,1,18,idID,20,first
338,0.007954703561876424,0.007954703561876424,0.003017163709688648,[0.         0.         0.         0.         0.08275547 0.         0.         0.         0.01       0.         0.         0.         0.         0.         0.         0.         0.         0.         0.         0.         0.         0.         0.         0.         0.         0.42171725 0.         0.010943   0.         0.         0.        ],[0. 0. 0. 0. 1. 0. 0. 0. 1. 0. 0. 0. 0. 0. 0. 0. 0. 0. 0. 0. 0. 0. 0. 0. 0. 1. 0. 1. 0. 0. 0.],500,100,0.1,0.003,1,18,idID,20,first
339,0.007954703561876424,0.007954703561876424,0.003017163709688648,[0.         0.         0.         0.         0.08275547 0.         0.         0.         0.01       0.         0.         0.         0.         0.         0.         0.         0.         0.         0.         0.         0.         0.         0.         0.         0.         0.42171725 0.         0.010943   0.         0.         0.        ],[0. 0. 0. 0. 1. 0. 0. 0. 1. 0. 0. 0. 0. 0. 0. 0. 0. 0. 0. 0. 0. 0. 0. 0. 0. 1. 0. 1. 0. 0. 0.],500,100,0.1,0.003,1,18,idID,20,first
340,0.007954703561876424,0.007954703561876424,0.003017163709688648,[0.         0.         0.         0.         0.08275547 0.         0.         0.         0.01       0.         0.         0.         0.         0.         0.         0.         0.         0.         0.         0.         0.         0.         0.         0.         0.         0.42171725 0.         0.010943   0.         0.         0.        ],[0. 0. 0. 0. 1. 0. 0. 0. 1. 0. 0. 0. 0. 0. 0. 0. 0. 0. 0. 0. 0. 0. 0. 0. 0. 1. 0. 1. 0. 0. 0.],500,100,0.1,0.003,1,18,idID,20,first
341,0.007954703561876424,0.007954703561876424,0.003017163709688648,[0.         0.         0.         0.         0.08275547 0.         0.         0.         0.01       0.         0.         0.         0.         0.         0.         0.         0.         0.         0.         0.         0.         0.         0.         0.         0.         0.42171725 0.         0.010943   0.         0.         0.        ],[0. 0. 0. 0. 1. 0. 0. 0. 1. 0. 0. 0. 0. 0. 0. 0. 0. 0. 0. 0. 0. 0. 0. 0. 0. 1. 0. 1. 0. 0. 0.],500,100,0.1,0.003,1,18,idID,20,first
342,0.007954703561876424,0.007954703561876424,0.003017163709688648,[0.         0.         0.         0.         0.08275547 0.         0.         0.         0.01       0.         0.         0.         0.         0.         0.         0.         0.         0.         0.         0.         0.         0.         0.         0.         0.         0.42171725 0.         0.010943   0.         0.         0.        ],[0. 0. 0. 0. 1. 0. 0. 0. 1. 0. 0. 0. 0. 0. 0. 0. 0. 0. 0. 0. 0. 0. 0. 0. 0. 1. 0. 1. 0. 0. 0.],500,100,0.1,0.003,1,18,idID,20,first
343,0.007954703561876424,0.007954703561876424,0.003017163709688648,[0.         0.         0.         0.         0.08275547 0.         0.         0.         0.01       0.         0.         0.         0.         0.         0.         0.         0.         0.         0.         0.         0.         0.         0.         0.         0.         0.42171725 0.         0.010943   0.         0.         0.        ],[0. 0. 0. 0. 1. 0. 0. 0. 1. 0. 0. 0. 0. 0. 0. 0. 0. 0. 0. 0. 0. 0. 0. 0. 0. 1. 0. 1. 0. 0. 0.],500,100,0.1,0.003,1,18,idID,20,first
344,0.007954703561876424,0.007954703561876424,0.003017163709688648,[0.         0.         0.         0.         0.08275547 0.         0.         0.         0.01       0.         0.         0.         0.         0.         0.         0.         0.         0.         0.         0.         0.         0.         0.         0.         0.         0.42171725 0.         0.010943   0.         0.         0.        ],[0. 0. 0. 0. 1. 0. 0. 0. 1. 0. 0. 0. 0. 0. 0. 0. 0. 0. 0. 0. 0. 0. 0. 0. 0. 1. 0. 1. 0. 0. 0.],500,100,0.1,0.003,1,18,idID,20,first
345,0.007954703561876424,0.007954703561876424,0.003017163709688648,[0.         0.         0.         0.         0.08275547 0.         0.         0.         0.01       0.         0.         0.         0.         0.         0.         0.         0.         0.         0.         0.         0.         0.         0.         0.         0.         0.42171725 0.         0.010943   0.         0.         0.        ],[0. 0. 0. 0. 1. 0. 0. 0. 1. 0. 0. 0. 0. 0. 0. 0. 0. 0. 0. 0. 0. 0. 0. 0. 0. 1. 0. 1. 0. 0. 0.],500,100,0.1,0.003,1,18,idID,20,first
346,0.007954703561876424,0.007954703561876424,0.003017163709688648,[0.         0.         0.         0.         0.08275547 0.         0.         0.         0.01       0.         0.         0.         0.         0.         0.         0.         0.         0.         0.         0.         0.         0.         0.         0.         0.         0.42171725 0.         0.010943   0.         0.         0.        ],[0. 0. 0. 0. 1. 0. 0. 0. 1. 0. 0. 0. 0. 0. 0. 0. 0. 0. 0. 0. 0. 0. 0. 0. 0. 1. 0. 1. 0. 0. 0.],500,100,0.1,0.003,1,18,idID,20,first
347,0.007954703561876424,0.007954703561876424,0.003017163709688648,[0.         0.         0.         0.         0.08275547 0.         0.         0.         0.01       0.         0.         0.         0.         0.         0.         0.         0.         0.         0.         0.         0.         0.         0.         0.         0.         0.42171725 0.         0.010943   0.         0.         0.        ],[0. 0. 0. 0. 1. 0. 0. 0. 1. 0. 0. 0. 0. 0. 0. 0. 0. 0. 0. 0. 0. 0. 0. 0. 0. 1. 0. 1. 0. 0. 0.],500,100,0.1,0.003,1,18,idID,20,first
348,0.007954703561876424,0.007954703561876424,0.003017163709688648,[0.         0.         0.         0.         0.08275547 0.         0.         0.         0.01       0.         0.         0.         0.         0.         0.         0.         0.         0.         0.         0.         0.         0.         0.         0.         0.         0.42171725 0.         0.010943   0.         0.         0.        ],[0. 0. 0. 0. 1. 0. 0. 0. 1. 0. 0. 0. 0. 0. 0. 0. 0. 0. 0. 0. 0. 0. 0. 0. 0. 1. 0. 1. 0. 0. 0.],500,100,0.1,0.003,1,18,idID,20,first
349,0.007954703561876424,0.007954703561876424,0.003017163709688648,[0.         0.         0.         0.         0.08275547 0.         0.         0.         0.01       0.         0.         0.         0.         0.         0.         0.         0.         0.         0.         0.         0.         0.         0.         0.         0.         0.42171725 0.         0.010943   0.         0.         0.        ],[0. 0. 0. 0. 1. 0. 0. 0. 1. 0. 0. 0. 0. 0. 0. 0. 0. 0. 0. 0. 0. 0. 0. 0. 0. 1. 0. 1. 0. 0. 0.],500,100,0.1,0.003,1,18,idID,20,first
350,0.007954703561876424,0.007954703561876424,0.003017163709688648,[0.         0.         0.         0.         0.08275547 0.         0.         0.         0.01       0.         0.         0.         0.         0.         0.         0.         0.         0.         0.         0.         0.         0.         0.         0.         0.         0.42171725 0.         0.010943   0.         0.         0.        ],[0. 0. 0. 0. 1. 0. 0. 0. 1. 0. 0. 0. 0. 0. 0. 0. 0. 0. 0. 0. 0. 0. 0. 0. 0. 1. 0. 1. 0. 0. 0.],500,100,0.1,0.003,1,18,idID,20,first
351,0.007954703561876424,0.007954703561876424,0.003017163709688648,[0.         0.         0.         0.         0.08275547 0.         0.         0.         0.01       0.         0.         0.         0.         0.         0.         0.         0.         0.         0.         0.         0.         0.         0.         0.         0.         0.42171725 0.         0.010943   0.         0.         0.        ],[0. 0. 0. 0. 1. 0. 0. 0. 1. 0. 0. 0. 0. 0. 0. 0. 0. 0. 0. 0. 0. 0. 0. 0. 0. 1. 0. 1. 0. 0. 0.],500,100,0.1,0.003,1,18,idID,20,first
352,0.007954703561876424,0.007954703561876424,0.003017163709688648,[0.         0.         0.         0.         0.08275547 0.         0.         0.         0.01       0.         0.         0.         0.         0.         0.         0.         0.         0.         0.         0.         0.         0.         0.         0.         0.         0.42171725 0.         0.010943   0.         0.         0.        ],[0. 0. 0. 0. 1. 0. 0. 0. 1. 0. 0. 0. 0. 0. 0. 0. 0. 0. 0. 0. 0. 0. 0. 0. 0. 1. 0. 1. 0. 0. 0.],500,100,0.1,0.003,1,18,idID,20,first
353,0.007954703561876424,0.007954703561876424,0.003017163709688648,[0.         0.         0.         0.         0.08275547 0.         0.         0.         0.01       0.         0.         0.         0.         0.         0.         0.         0.         0.         0.         0.         0.         0.         0.         0.         0.         0.42171725 0.         0.010943   0.         0.         0.        ],[0. 0. 0. 0. 1. 0. 0. 0. 1. 0. 0. 0. 0. 0. 0. 0. 0. 0. 0. 0. 0. 0. 0. 0. 0. 1. 0. 1. 0. 0. 0.],500,100,0.1,0.003,1,18,idID,20,first
354,0.007954703561876424,0.007954703561876424,0.003017163709688648,[0.         0.         0.         0.         0.08275547 0.         0.         0.         0.01       0.         0.         0.         0.         0.         0.         0.         0.         0.         0.         0.         0.         0.         0.         0.         0.         0.42171725 0.         0.010943   0.         0.         0.        ],[0. 0. 0. 0. 1. 0. 0. 0. 1. 0. 0. 0. 0. 0. 0. 0. 0. 0. 0. 0. 0. 0. 0. 0. 0. 1. 0. 1. 0. 0. 0.],500,100,0.1,0.003,1,18,idID,20,first
355,0.007954703561876424,0.007954703561876424,0.003017163709688648,[0.         0.         0.         0.         0.08275547 0.         0.         0.         0.01       0.         0.         0.         0.         0.         0.         0.         0.         0.         0.         0.         0.         0.         0.         0.         0.         0.42171725 0.         0.010943   0.         0.         0.        ],[0. 0. 0. 0. 1. 0. 0. 0. 1. 0. 0. 0. 0. 0. 0. 0. 0. 0. 0. 0. 0. 0. 0. 0. 0. 1. 0. 1. 0. 0. 0.],500,100,0.1,0.003,1,18,idID,20,first
356,0.007954703561876424,0.007954703561876424,0.003017163709688648,[0.         0.         0.         0.         0.08275547 0.         0.         0.         0.01       0.         0.         0.         0.         0.         0.         0.         0.         0.         0.         0.         0.         0.         0.         0.         0.         0.42171725 0.         0.010943   0.         0.         0.        ],[0. 0. 0. 0. 1. 0. 0. 0. 1. 0. 0. 0. 0. 0. 0. 0. 0. 0. 0. 0. 0. 0. 0. 0. 0. 1. 0. 1. 0. 0. 0.],500,100,0.1,0.003,1,18,idID,20,first
357,0.007954703561876424,0.007954703561876424,0.003017163709688648,[0.         0.         0.         0.         0.08275547 0.         0.         0.         0.01       0.         0.         0.         0.         0.         0.         0.         0.         0.         0.         0.         0.         0.         0.         0.         0.         0.42171725 0.         0.010943   0.         0.         0.        ],[0. 0. 0. 0. 1. 0. 0. 0. 1. 0. 0. 0. 0. 0. 0. 0. 0. 0. 0. 0. 0. 0. 0. 0. 0. 1. 0. 1. 0. 0. 0.],500,100,0.1,0.003,1,18,idID,20,first
358,0.007954703561876424,0.007954703561876424,0.003017163709688648,[0.         0.         0.         0.         0.08275547 0.         0.         0.         0.01       0.         0.         0.         0.         0.         0.         0.         0.         0.         0.         0.         0.         0.         0.         0.         0.         0.42171725 0.         0.010943   0.         0.         0.        ],[0. 0. 0. 0. 1. 0. 0. 0. 1. 0. 0. 0. 0. 0. 0. 0. 0. 0. 0. 0. 0. 0. 0. 0. 0. 1. 0. 1. 0. 0. 0.],500,100,0.1,0.003,1,18,idID,20,first
359,0.007954703561876424,0.007954703561876424,0.003017163709688648,[0.         0.         0.         0.         0.08275547 0.         0.         0.         0.01       0.         0.         0.         0.         0.         0.         0.         0.         0.         0.         0.         0.         0.         0.         0.         0.         0.42171725 0.         0.010943   0.         0.         0.        ],[0. 0. 0. 0. 1. 0. 0. 0. 1. 0. 0. 0. 0. 0. 0. 0. 0. 0. 0. 0. 0. 0. 0. 0. 0. 1. 0. 1. 0. 0. 0.],500,100,0.1,0.003,1,18,idID,20,first
360,0.007954703561876424,0.007954703561876424,0.003017163709688648,[0.         0.         0.         0.         0.08275547 0.         0.         0.         0.01       0.         0.         0.         0.         0.         0.         0.         0.         0.         0.         0.         0.         0.         0.         0.         0.         0.42171725 0.         0.010943   0.         0.         0.        ],[0. 0. 0. 0. 1. 0. 0. 0. 1. 0. 0. 0. 0. 0. 0. 0. 0. 0. 0. 0. 0. 0. 0. 0. 0. 1. 0. 1. 0. 0. 0.],500,100,0.1,0.003,1,18,idID,20,first
361,0.007954703561876424,0.007954703561876424,0.003017163709688648,[0.         0.         0.         0.         0.08275547 0.         0.         0.         0.01       0.         0.         0.         0.         0.         0.         0.         0.         0.         0.         0.         0.         0.         0.         0.         0.         0.42171725 0.         0.010943   0.         0.         0.        ],[0. 0. 0. 0. 1. 0. 0. 0. 1. 0. 0. 0. 0. 0. 0. 0. 0. 0. 0. 0. 0. 0. 0. 0. 0. 1. 0. 1. 0. 0. 0.],500,100,0.1,0.003,1,18,idID,20,first
362,0.007954703561876424,0.007954703561876424,0.003017163709688648,[0.         0.         0.         0.         0.08275547 0.         0.         0.         0.01       0.         0.         0.         0.         0.         0.         0.         0.         0.         0.         0.         0.         0.         0.         0.         0.         0.42171725 0.         0.010943   0.         0.         0.        ],[0. 0. 0. 0. 1. 0. 0. 0. 1. 0. 0. 0. 0. 0. 0. 0. 0. 0. 0. 0. 0. 0. 0. 0. 0. 1. 0. 1. 0. 0. 0.],500,100,0.1,0.003,1,18,idID,20,first
363,0.007954703561876424,0.007954703561876424,0.003017163709688648,[0.         0.         0.         0.         0.08275547 0.         0.         0.         0.01       0.         0.         0.         0.         0.         0.         0.         0.         0.         0.         0.         0.         0.         0.         0.         0.         0.42171725 0.         0.010943   0.         0.         0.        ],[0. 0. 0. 0. 1. 0. 0. 0. 1. 0. 0. 0. 0. 0. 0. 0. 0. 0. 0. 0. 0. 0. 0. 0. 0. 1. 0. 1. 0. 0. 0.],500,100,0.1,0.003,1,18,idID,20,first
364,0.007954703561876424,0.007954703561876424,0.003017163709688648,[0.         0.         0.         0.         0.08275547 0.         0.         0.         0.01       0.         0.         0.         0.         0.         0.         0.         0.         0.         0.         0.         0.         0.         0.         0.         0.         0.42171725 0.         0.010943   0.         0.         0.        ],[0. 0. 0. 0. 1. 0. 0. 0. 1. 0. 0. 0. 0. 0. 0. 0. 0. 0. 0. 0. 0. 0. 0. 0. 0. 1. 0. 1. 0. 0. 0.],500,100,0.1,0.003,1,18,idID,20,first
365,0.007954703561876424,0.007954703561876424,0.003017163709688648,[0.         0.         0.         0.         0.08275547 0.         0.         0.         0.01       0.         0.         0.         0.         0.         0.         0.         0.         0.         0.         0.         0.         0.         0.         0.         0.         0.42171725 0.         0.010943   0.         0.         0.        ],[0. 0. 0. 0. 1. 0. 0. 0. 1. 0. 0. 0. 0. 0. 0. 0. 0. 0. 0. 0. 0. 0. 0. 0. 0. 1. 0. 1. 0. 0. 0.],500,100,0.1,0.003,1,18,idID,20,first
366,0.007954703561876424,0.007954703561876424,0.003017163709688648,[0.         0.         0.         0.         0.08275547 0.         0.         0.         0.01       0.         0.         0.         0.         0.         0.         0.         0.         0.         0.         0.         0.         0.         0.         0.         0.         0.42171725 0.         0.010943   0.         0.         0.        ],[0. 0. 0. 0. 1. 0. 0. 0. 1. 0. 0. 0. 0. 0. 0. 0. 0. 0. 0. 0. 0. 0. 0. 0. 0. 1. 0. 1. 0. 0. 0.],500,100,0.1,0.003,1,18,idID,20,first
367,0.007954703561876424,0.007954703561876424,0.003017163709688648,[0.         0.         0.         0.         0.08275547 0.         0.         0.         0.01       0.         0.         0.         0.         0.         0.         0.         0.         0.         0.         0.         0.         0.         0.         0.         0.         0.42171725 0.         0.010943   0.         0.         0.        ],[0. 0. 0. 0. 1. 0. 0. 0. 1. 0. 0. 0. 0. 0. 0. 0. 0. 0. 0. 0. 0. 0. 0. 0. 0. 1. 0. 1. 0. 0. 0.],500,100,0.1,0.003,1,18,idID,20,first
368,0.007954703561876424,0.007954703561876424,0.003017163709688648,[0.         0.         0.         0.         0.08275547 0.         0.         0.         0.01       0.         0.         0.         0.         0.         0.         0.         0.         0.         0.         0.         0.         0.         0.         0.         0.         0.42171725 0.         0.010943   0.         0.         0.        ],[0. 0. 0. 0. 1. 0. 0. 0. 1. 0. 0. 0. 0. 0. 0. 0. 0. 0. 0. 0. 0. 0. 0. 0. 0. 1. 0. 1. 0. 0. 0.],500,100,0.1,0.003,1,18,idID,20,first
369,0.007954703561876424,0.007954703561876424,0.003017163709688648,[0.         0.         0.         0.         0.08275547 0.         0.         0.         0.01       0.         0.         0.         0.         0.         0.         0.         0.         0.         0.         0.         0.         0.         0.         0.         0.         0.42171725 0.         0.010943   0.         0.         0.        ],[0. 0. 0. 0. 1. 0. 0. 0. 1. 0. 0. 0. 0. 0. 0. 0. 0. 0. 0. 0. 0. 0. 0. 0. 0. 1. 0. 1. 0. 0. 0.],500,100,0.1,0.003,1,18,idID,20,first
370,0.007954703561876424,0.007954703561876424,0.003017163709688648,[0.         0.         0.         0.         0.08275547 0.         0.         0.         0.01       0.         0.         0.         0.         0.         0.         0.         0.         0.         0.         0.         0.         0.         0.         0.         0.         0.42171725 0.         0.010943   0.         0.         0.        ],[0. 0. 0. 0. 1. 0. 0. 0. 1. 0. 0. 0. 0. 0. 0. 0. 0. 0. 0. 0. 0. 0. 0. 0. 0. 1. 0. 1. 0. 0. 0.],500,100,0.1,0.003,1,18,idID,20,first
371,0.007954703561876424,0.007954703561876424,0.003017163709688648,[0.         0.         0.         0.         0.08275547 0.         0.         0.         0.01       0.         0.         0.         0.         0.         0.         0.         0.         0.         0.         0.         0.         0.         0.         0.         0.         0.42171725 0.         0.010943   0.         0.         0.        ],[0. 0. 0. 0. 1. 0. 0. 0. 1. 0. 0. 0. 0. 0. 0. 0. 0. 0. 0. 0. 0. 0. 0. 0. 0. 1. 0. 1. 0. 0. 0.],500,100,0.1,0.003,1,18,idID,20,first
372,0.007954703561876424,0.007954703561876424,0.003017163709688648,[0.         0.         0.         0.         0.08275547 0.         0.         0.         0.01       0.         0.         0.         0.         0.         0.         0.         0.         0.         0.         0.         0.         0.         0.         0.         0.         0.42171725 0.         0.010943   0.         0.         0.        ],[0. 0. 0. 0. 1. 0. 0. 0. 1. 0. 0. 0. 0. 0. 0. 0. 0. 0. 0. 0. 0. 0. 0. 0. 0. 1. 0. 1. 0. 0. 0.],500,100,0.1,0.003,1,18,idID,20,first
373,0.007954703561876424,0.007954703561876424,0.003017163709688648,[0.         0.         0.         0.         0.08275547 0.         0.         0.         0.01       0.         0.         0.         0.         0.         0.         0.         0.         0.         0.         0.         0.         0.         0.         0.         0.         0.42171725 0.         0.010943   0.         0.         0.        ],[0. 0. 0. 0. 1. 0. 0. 0. 1. 0. 0. 0. 0. 0. 0. 0. 0. 0. 0. 0. 0. 0. 0. 0. 0. 1. 0. 1. 0. 0. 0.],500,100,0.1,0.003,1,18,idID,20,first
374,0.007954703561876424,0.007954703561876424,0.003017163709688648,[0.         0.         0.         0.         0.08275547 0.         0.         0.         0.01       0.         0.         0.         0.         0.         0.         0.         0.         0.         0.         0.         0.         0.         0.         0.         0.         0.42171725 0.         0.010943   0.         0.         0.        ],[0. 0. 0. 0. 1. 0. 0. 0. 1. 0. 0. 0. 0. 0. 0. 0. 0. 0. 0. 0. 0. 0. 0. 0. 0. 1. 0. 1. 0. 0. 0.],500,100,0.1,0.003,1,18,idID,20,first
375,0.007954703561876424,0.007954703561876424,0.003017163709688648,[0.         0.         0.         0.         0.08275547 0.         0.         0.         0.01       0.         0.         0.         0.         0.         0.         0.         0.         0.         0.         0.         0.         0.         0.         0.         0.         0.42171725 0.         0.010943   0.         0.         0.        ],[0. 0. 0. 0. 1. 0. 0. 0. 1. 0. 0. 0. 0. 0. 0. 0. 0. 0. 0. 0. 0. 0. 0. 0. 0. 1. 0. 1. 0. 0. 0.],500,100,0.1,0.003,1,18,idID,20,first
376,0.007954703561876424,0.007954703561876424,0.003017163709688648,[0.         0.         0.         0.         0.08275547 0.         0.         0.         0.01       0.         0.         0.         0.         0.         0.         0.         0.         0.         0.         0.         0.         0.         0.         0.         0.         0.42171725 0.         0.010943   0.         0.         0.        ],[0. 0. 0. 0. 1. 0. 0. 0. 1. 0. 0. 0. 0. 0. 0. 0. 0. 0. 0. 0. 0. 0. 0. 0. 0. 1. 0. 1. 0. 0. 0.],500,100,0.1,0.003,1,18,idID,20,first
377,0.007954703561876424,0.007954703561876424,0.003017163709688648,[0.         0.         0.         0.         0.08275547 0.         0.         0.         0.01       0.         0.         0.         0.         0.         0.         0.         0.         0.         0.         0.         0.         0.         0.         0.         0.         0.42171725 0.         0.010943   0.         0.         0.        ],[0. 0. 0. 0. 1. 0. 0. 0. 1. 0. 0. 0. 0. 0. 0. 0. 0. 0. 0. 0. 0. 0. 0. 0. 0. 1. 0. 1. 0. 0. 0.],500,100,0.1,0.003,1,18,idID,20,first
378,0.007954703561876424,0.007954703561876424,0.003017163709688648,[0.         0.         0.         0.         0.08275547 0.         0.         0.         0.01       0.         0.         0.         0.         0.         0.         0.         0.         0.         0.         0.         0.         0.         0.         0.         0.         0.42171725 0.         0.010943   0.         0.         0.        ],[0. 0. 0. 0. 1. 0. 0. 0. 1. 0. 0. 0. 0. 0. 0. 0. 0. 0. 0. 0. 0. 0. 0. 0. 0. 1. 0. 1. 0. 0. 0.],500,100,0.1,0.003,1,18,idID,20,first
379,0.007954703561876424,0.007954703561876424,0.003017163709688648,[0.         0.         0.         0.         0.08275547 0.         0.         0.         0.01       0.         0.         0.         0.         0.         0.         0.         0.         0.         0.         0.         0.         0.         0.         0.         0.         0.42171725 0.         0.010943   0.         0.         0.        ],[0. 0. 0. 0. 1. 0. 0. 0. 1. 0. 0. 0. 0. 0. 0. 0. 0. 0. 0. 0. 0. 0. 0. 0. 0. 1. 0. 1. 0. 0. 0.],500,100,0.1,0.003,1,18,idID,20,first
380,0.007954703561876424,0.007954703561876424,0.003017163709688648,[0.         0.         0.         0.         0.08275547 0.         0.         0.         0.01       0.         0.         0.         0.         0.         0.         0.         0.         0.         0.         0.         0.         0.         0.         0.         0.         0.42171725 0.         0.010943   0.         0.         0.        ],[0. 0. 0. 0. 1. 0. 0. 0. 1. 0. 0. 0. 0. 0. 0. 0. 0. 0. 0. 0. 0. 0. 0. 0. 0. 1. 0. 1. 0. 0. 0.],500,100,0.1,0.003,1,18,idID,20,first
381,0.007954703561876424,0.007954703561876424,0.003017163709688648,[0.         0.         0.         0.         0.08275547 0.         0.         0.         0.01       0.         0.         0.         0.         0.         0.         0.         0.         0.         0.         0.         0.         0.         0.         0.         0.         0.42171725 0.         0.010943   0.         0.         0.        ],[0. 0. 0. 0. 1. 0. 0. 0. 1. 0. 0. 0. 0. 0. 0. 0. 0. 0. 0. 0. 0. 0. 0. 0. 0. 1. 0. 1. 0. 0. 0.],500,100,0.1,0.003,1,18,idID,20,first
382,0.007954703561876424,0.007954703561876424,0.003017163709688648,[0.         0.         0.         0.         0.08275547 0.         0.         0.         0.01       0.         0.         0.         0.         0.         0.         0.         0.         0.         0.         0.         0.         0.         0.         0.         0.         0.42171725 0.         0.010943   0.         0.         0.        ],[0. 0. 0. 0. 1. 0. 0. 0. 1. 0. 0. 0. 0. 0. 0. 0. 0. 0. 0. 0. 0. 0. 0. 0. 0. 1. 0. 1. 0. 0. 0.],500,100,0.1,0.003,1,18,idID,20,first
383,0.007954703561876424,0.007954703561876424,0.003017163709688648,[0.         0.         0.         0.         0.08275547 0.         0.         0.         0.01       0.         0.         0.         0.         0.         0.         0.         0.         0.         0.         0.         0.         0.         0.         0.         0.         0.42171725 0.         0.010943   0.         0.         0.        ],[0. 0. 0. 0. 1. 0. 0. 0. 1. 0. 0. 0. 0. 0. 0. 0. 0. 0. 0. 0. 0. 0. 0. 0. 0. 1. 0. 1. 0. 0. 0.],500,100,0.1,0.003,1,18,idID,20,first
384,0.007954703561876424,0.007954703561876424,0.003017163709688648,[0.         0.         0.         0.         0.08275547 0.         0.         0.         0.01       0.         0.         0.         0.         0.         0.         0.         0.         0.         0.         0.         0.         0.         0.         0.         0.         0.42171725 0.         0.010943   0.         0.         0.        ],[0. 0. 0. 0. 1. 0. 0. 0. 1. 0. 0. 0. 0. 0. 0. 0. 0. 0. 0. 0. 0. 0. 0. 0. 0. 1. 0. 1. 0. 0. 0.],500,100,0.1,0.003,1,18,idID,20,first
385,0.007954703561876424,0.007954703561876424,0.003017163709688648,[0.         0.         0.         0.         0.08275547 0.         0.         0.         0.01       0.         0.         0.         0.         0.         0.         0.         0.         0.         0.         0.         0.         0.         0.         0.         0.         0.42171725 0.         0.010943   0.         0.         0.        ],[0. 0. 0. 0. 1. 0. 0. 0. 1. 0. 0. 0. 0. 0. 0. 0. 0. 0. 0. 0. 0. 0. 0. 0. 0. 1. 0. 1. 0. 0. 0.],500,100,0.1,0.003,1,18,idID,20,first
386,0.007954703561876424,0.007954703561876424,0.003017163709688648,[0.         0.         0.         0.         0.08275547 0.         0.         0.         0.01       0.         0.         0.         0.         0.         0.         0.         0.         0.         0.         0.         0.         0.         0.         0.         0.         0.42171725 0.         0.010943   0.         0.         0.        ],[0. 0. 0. 0. 1. 0. 0. 0. 1. 0. 0. 0. 0. 0. 0. 0. 0. 0. 0. 0. 0. 0. 0. 0. 0. 1. 0. 1. 0. 0. 0.],500,100,0.1,0.003,1,18,idID,20,first
387,0.007954703561876424,0.007954703561876424,0.003017163709688648,[0.         0.         0.         0.         0.08275547 0.         0.         0.         0.01       0.         0.         0.         0.         0.         0.         0.         0.         0.         0.         0.         0.         0.         0.         0.         0.         0.42171725 0.         0.010943   0.         0.         0.        ],[0. 0. 0. 0. 1. 0. 0. 0. 1. 0. 0. 0. 0. 0. 0. 0. 0. 0. 0. 0. 0. 0. 0. 0. 0. 1. 0. 1. 0. 0. 0.],500,100,0.1,0.003,1,18,idID,20,first
388,0.007954703561876424,0.007954703561876424,0.003017163709688648,[0.         0.         0.         0.         0.08275547 0.         0.         0.         0.01       0.         0.         0.         0.         0.         0.         0.         0.         0.         0.         0.         0.         0.         0.         0.         0.         0.42171725 0.         0.010943   0.         0.         0.        ],[0. 0. 0. 0. 1. 0. 0. 0. 1. 0. 0. 0. 0. 0. 0. 0. 0. 0. 0. 0. 0. 0. 0. 0. 0. 1. 0. 1. 0. 0. 0.],500,100,0.1,0.003,1,18,idID,20,first
389,0.007954703561876424,0.007954703561876424,0.003017163709688648,[0.         0.         0.         0.         0.08275547 0.         0.         0.         0.01       0.         0.         0.         0.         0.         0.         0.         0.         0.         0.         0.         0.         0.         0.         0.         0.         0.42171725 0.         0.010943   0.         0.         0.        ],[0. 0. 0. 0. 1. 0. 0. 0. 1. 0. 0. 0. 0. 0. 0. 0. 0. 0. 0. 0. 0. 0. 0. 0. 0. 1. 0. 1. 0. 0. 0.],500,100,0.1,0.003,1,18,idID,20,first
390,0.007954703561876424,0.007954703561876424,0.003017163709688648,[0.         0.         0.         0.         0.08275547 0.         0.         0.         0.01       0.         0.         0.         0.         0.         0.         0.         0.         0.         0.         0.         0.         0.         0.         0.         0.         0.42171725 0.         0.010943   0.         0.         0.        ],[0. 0. 0. 0. 1. 0. 0. 0. 1. 0. 0. 0. 0. 0. 0. 0. 0. 0. 0. 0. 0. 0. 0. 0. 0. 1. 0. 1. 0. 0. 0.],500,100,0.1,0.003,1,18,idID,20,first
391,0.007954703561876424,0.007954703561876424,0.003017163709688648,[0.         0.         0.         0.         0.08275547 0.         0.         0.         0.01       0.         0.         0.         0.         0.         0.         0.         0.         0.         0.         0.         0.         0.         0.         0.         0.         0.42171725 0.         0.010943   0.         0.         0.        ],[0. 0. 0. 0. 1. 0. 0. 0. 1. 0. 0. 0. 0. 0. 0. 0. 0. 0. 0. 0. 0. 0. 0. 0. 0. 1. 0. 1. 0. 0. 0.],500,100,0.1,0.003,1,18,idID,20,first
392,0.007954703561876424,0.007954703561876424,0.003017163709688648,[0.         0.         0.         0.         0.08275547 0.         0.         0.         0.01       0.         0.         0.         0.         0.         0.         0.         0.         0.         0.         0.         0.         0.         0.         0.         0.         0.42171725 0.         0.010943   0.         0.         0.        ],[0. 0. 0. 0. 1. 0. 0. 0. 1. 0. 0. 0. 0. 0. 0. 0. 0. 0. 0. 0. 0. 0. 0. 0. 0. 1. 0. 1. 0. 0. 0.],500,100,0.1,0.003,1,18,idID,20,first
393,0.007954703561876424,0.007954703561876424,0.003017163709688648,[0.         0.         0.         0.         0.08275547 0.         0.         0.         0.01       0.         0.         0.         0.         0.         0.         0.         0.         0.         0.         0.         0.         0.         0.         0.         0.         0.42171725 0.         0.010943   0.         0.         0.        ],[0. 0. 0. 0. 1. 0. 0. 0. 1. 0. 0. 0. 0. 0. 0. 0. 0. 0. 0. 0. 0. 0. 0. 0. 0. 1. 0. 1. 0. 0. 0.],500,100,0.1,0.003,1,18,idID,20,first
394,0.007954703561876424,0.007954703561876424,0.003017163709688648,[0.         0.         0.         0.         0.08275547 0.         0.         0.         0.01       0.         0.         0.         0.         0.         0.         0.         0.         0.         0.         0.         0.         0.         0.         0.         0.         0.42171725 0.         0.010943   0.         0.         0.        ],[0. 0. 0. 0. 1. 0. 0. 0. 1. 0. 0. 0. 0. 0. 0. 0. 0. 0. 0. 0. 0. 0. 0. 0. 0. 1. 0. 1. 0. 0. 0.],500,100,0.1,0.003,1,18,idID,20,first
395,0.007954703561876424,0.007954703561876424,0.003017163709688648,[0.         0.         0.         0.         0.08275547 0.         0.         0.         0.01       0.         0.         0.         0.         0.         0.         0.         0.         0.         0.         0.         0.         0.         0.         0.         0.         0.42171725 0.         0.010943   0.         0.         0.        ],[0. 0. 0. 0. 1. 0. 0. 0. 1. 0. 0. 0. 0. 0. 0. 0. 0. 0. 0. 0. 0. 0. 0. 0. 0. 1. 0. 1. 0. 0. 0.],500,100,0.1,0.003,1,18,idID,20,first
396,0.007954703561876424,0.007954703561876424,0.003017163709688648,[0.         0.         0.         0.         0.08275547 0.         0.         0.         0.01       0.         0.         0.         0.         0.         0.         0.         0.         0.         0.         0.         0.         0.         0.         0.         0.         0.42171725 0.         0.010943   0.         0.         0.        ],[0. 0. 0. 0. 1. 0. 0. 0. 1. 0. 0. 0. 0. 0. 0. 0. 0. 0. 0. 0. 0. 0. 0. 0. 0. 1. 0. 1. 0. 0. 0.],500,100,0.1,0.003,1,18,idID,20,first
397,0.007954703561876424,0.007954703561876424,0.003017163709688648,[0.         0.         0.         0.         0.08275547 0.         0.         0.         0.01       0.         0.         0.         0.         0.         0.         0.         0.         0.         0.         0.         0.         0.         0.         0.         0.         0.42171725 0.         0.010943   0.         0.         0.        ],[0. 0. 0. 0. 1. 0. 0. 0. 1. 0. 0. 0. 0. 0. 0. 0. 0. 0. 0. 0. 0. 0. 0. 0. 0. 1. 0. 1. 0. 0. 0.],500,100,0.1,0.003,1,18,idID,20,first
398,0.007954703561876424,0.007954703561876424,0.003017163709688648,[0.         0.         0.         0.         0.08275547 0.         0.         0.         0.01       0.         0.         0.         0.         0.         0.         0.         0.         0.         0.         0.         0.         0.         0.         0.         0.         0.42171725 0.         0.010943   0.         0.         0.        ],[0. 0. 0. 0. 1. 0. 0. 0. 1. 0. 0. 0. 0. 0. 0. 0. 0. 0. 0. 0. 0. 0. 0. 0. 0. 1. 0. 1. 0. 0. 0.],500,100,0.1,0.003,1,18,idID,20,first
399,0.007954703561876424,0.007954703561876424,0.003017163709688648,[0.         0.         0.         0.         0.08275547 0.         0.         0.         0.01       0.         0.         0.         0.         0.         0.         0.         0.         0.         0.         0.         0.         0.         0.         0.         0.         0.42171725 0.         0.010943   0.         0.         0.        ],[0. 0. 0. 0. 1. 0. 0. 0. 1. 0. 0. 0. 0. 0. 0. 0. 0. 0. 0. 0. 0. 0. 0. 0. 0. 1. 0. 1. 0. 0. 0.],500,100,0.1,0.003,1,18,idID,20,first
400,0.007954703561876424,0.007954703561876424,0.003017163709688648,[0.         0.         0.         0.         0.08275547 0.         0.         0.         0.01       0.         0.         0.         0.         0.         0.         0.         0.         0.         0.         0.         0.         0.         0.         0.         0.         0.42171725 0.         0.010943   0.         0.         0.        ],[0. 0. 0. 0. 1. 0. 0. 0. 1. 0. 0. 0. 0. 0. 0. 0. 0. 0. 0. 0. 0. 0. 0. 0. 0. 1. 0. 1. 0. 0. 0.],500,100,0.1,0.003,1,18,idID,20,first
401,0.007954703561876424,0.007954703561876424,0.003017163709688648,[0.         0.         0.         0.         0.08275547 0.         0.         0.         0.01       0.         0.         0.         0.         0.         0.         0.         0.         0.         0.         0.         0.         0.         0.         0.         0.         0.42171725 0.         0.010943   0.         0.         0.        ],[0. 0. 0. 0. 1. 0. 0. 0. 1. 0. 0. 0. 0. 0. 0. 0. 0. 0. 0. 0. 0. 0. 0. 0. 0. 1. 0. 1. 0. 0. 0.],500,100,0.1,0.003,1,18,idID,20,first
402,0.007954703561876424,0.007954703561876424,0.003017163709688648,[0.         0.         0.         0.         0.08275547 0.         0.         0.         0.01       0.         0.         0.         0.         0.         0.         0.         0.         0.         0.         0.         0.         0.         0.         0.         0.         0.42171725 0.         0.010943   0.         0.         0.        ],[0. 0. 0. 0. 1. 0. 0. 0. 1. 0. 0. 0. 0. 0. 0. 0. 0. 0. 0. 0. 0. 0. 0. 0. 0. 1. 0. 1. 0. 0. 0.],500,100,0.1,0.003,1,18,idID,20,first
403,0.007954703561876424,0.007954703561876424,0.003017163709688648,[0.         0.         0.         0.         0.08275547 0.         0.         0.         0.01       0.         0.         0.         0.         0.         0.         0.         0.         0.         0.         0.         0.         0.         0.         0.         0.         0.42171725 0.         0.010943   0.         0.         0.        ],[0. 0. 0. 0. 1. 0. 0. 0. 1. 0. 0. 0. 0. 0. 0. 0. 0. 0. 0. 0. 0. 0. 0. 0. 0. 1. 0. 1. 0. 0. 0.],500,100,0.1,0.003,1,18,idID,20,first
404,0.007954703561876424,0.007954703561876424,0.003017163709688648,[0.         0.         0.         0.         0.08275547 0.         0.         0.         0.01       0.         0.         0.         0.         0.         0.         0.         0.         0.         0.         0.         0.         0.         0.         0.         0.         0.42171725 0.         0.010943   0.         0.         0.        ],[0. 0. 0. 0. 1. 0. 0. 0. 1. 0. 0. 0. 0. 0. 0. 0. 0. 0. 0. 0. 0. 0. 0. 0. 0. 1. 0. 1. 0. 0. 0.],500,100,0.1,0.003,1,18,idID,20,first
405,0.007954703561876424,0.007954703561876424,0.003017163709688648,[0.         0.         0.         0.         0.08275547 0.         0.         0.         0.01       0.         0.         0.         0.         0.         0.         0.         0.         0.         0.         0.         0.         0.         0.         0.         0.         0.42171725 0.         0.010943   0.         0.         0.        ],[0. 0. 0. 0. 1. 0. 0. 0. 1. 0. 0. 0. 0. 0. 0. 0. 0. 0. 0. 0. 0. 0. 0. 0. 0. 1. 0. 1. 0. 0. 0.],500,100,0.1,0.003,1,18,idID,20,first
406,0.007954703561876424,0.007954703561876424,0.003017163709688648,[0.         0.         0.         0.         0.08275547 0.         0.         0.         0.01       0.         0.         0.         0.         0.         0.         0.         0.         0.         0.         0.         0.         0.         0.         0.         0.         0.42171725 0.         0.010943   0.         0.         0.        ],[0. 0. 0. 0. 1. 0. 0. 0. 1. 0. 0. 0. 0. 0. 0. 0. 0. 0. 0. 0. 0. 0. 0. 0. 0. 1. 0. 1. 0. 0. 0.],500,100,0.1,0.003,1,18,idID,20,first
407,0.007954703561876424,0.007954703561876424,0.003017163709688648,[0.         0.         0.         0.         0.08275547 0.         0.         0.         0.01       0.         0.         0.         0.         0.         0.         0.         0.         0.         0.         0.         0.         0.         0.         0.         0.         0.42171725 0.         0.010943   0.         0.         0.        ],[0. 0. 0. 0. 1. 0. 0. 0. 1. 0. 0. 0. 0. 0. 0. 0. 0. 0. 0. 0. 0. 0. 0. 0. 0. 1. 0. 1. 0. 0. 0.],500,100,0.1,0.003,1,18,idID,20,first
408,0.007954703561876424,0.007954703561876424,0.003017163709688648,[0.         0.         0.         0.         0.08275547 0.         0.         0.         0.01       0.         0.         0.         0.         0.         0.         0.         0.         0.         0.         0.         0.         0.         0.         0.         0.         0.42171725 0.         0.010943   0.         0.         0.        ],[0. 0. 0. 0. 1. 0. 0. 0. 1. 0. 0. 0. 0. 0. 0. 0. 0. 0. 0. 0. 0. 0. 0. 0. 0. 1. 0. 1. 0. 0. 0.],500,100,0.1,0.003,1,18,idID,20,first
409,0.007954703561876424,0.007954703561876424,0.003017163709688648,[0.         0.         0.         0.         0.08275547 0.         0.         0.         0.01       0.         0.         0.         0.         0.         0.         0.         0.         0.         0.         0.         0.         0.         0.         0.         0.         0.42171725 0.         0.010943   0.         0.         0.        ],[0. 0. 0. 0. 1. 0. 0. 0. 1. 0. 0. 0. 0. 0. 0. 0. 0. 0. 0. 0. 0. 0. 0. 0. 0. 1. 0. 1. 0. 0. 0.],500,100,0.1,0.003,1,18,idID,20,first
410,0.007954703561876424,0.007954703561876424,0.003017163709688648,[0.         0.         0.         0.         0.08275547 0.         0.         0.         0.01       0.         0.         0.         0.         0.         0.         0.         0.         0.         0.         0.         0.         0.         0.         0.         0.         0.42171725 0.         0.010943   0.         0.         0.        ],[0. 0. 0. 0. 1. 0. 0. 0. 1. 0. 0. 0. 0. 0. 0. 0. 0. 0. 0. 0. 0. 0. 0. 0. 0. 1. 0. 1. 0. 0. 0.],500,100,0.1,0.003,1,18,idID,20,first
411,0.007954703561876424,0.007954703561876424,0.003017163709688648,[0.         0.         0.         0.         0.08275547 0.         0.         0.         0.01       0.         0.         0.         0.         0.         0.         0.         0.         0.         0.         0.         0.         0.         0.         0.         0.         0.42171725 0.         0.010943   0.         0.         0.        ],[0. 0. 0. 0. 1. 0. 0. 0. 1. 0. 0. 0. 0. 0. 0. 0. 0. 0. 0. 0. 0. 0. 0. 0. 0. 1. 0. 1. 0. 0. 0.],500,100,0.1,0.003,1,18,idID,20,first
412,0.007954703561876424,0.007954703561876424,0.003017163709688648,[0.         0.         0.         0.         0.08275547 0.         0.         0.         0.01       0.         0.         0.         0.         0.         0.         0.         0.         0.         0.         0.         0.         0.         0.         0.         0.         0.42171725 0.         0.010943   0.         0.         0.        ],[0. 0. 0. 0. 1. 0. 0. 0. 1. 0. 0. 0. 0. 0. 0. 0. 0. 0. 0. 0. 0. 0. 0. 0. 0. 1. 0. 1. 0. 0. 0.],500,100,0.1,0.003,1,18,idID,20,first
413,0.007954703561876424,0.007954703561876424,0.003017163709688648,[0.         0.         0.         0.         0.08275547 0.         0.         0.         0.01       0.         0.         0.         0.         0.         0.         0.         0.         0.         0.         0.         0.         0.         0.         0.         0.         0.42171725 0.         0.010943   0.         0.         0.        ],[0. 0. 0. 0. 1. 0. 0. 0. 1. 0. 0. 0. 0. 0. 0. 0. 0. 0. 0. 0. 0. 0. 0. 0. 0. 1. 0. 1. 0. 0. 0.],500,100,0.1,0.003,1,18,idID,20,first
414,0.007954703561876424,0.007954703561876424,0.003017163709688648,[0.         0.         0.         0.         0.08275547 0.         0.         0.         0.01       0.         0.         0.         0.         0.         0.         0.         0.         0.         0.         0.         0.         0.         0.         0.         0.         0.42171725 0.         0.010943   0.         0.         0.        ],[0. 0. 0. 0. 1. 0. 0. 0. 1. 0. 0. 0. 0. 0. 0. 0. 0. 0. 0. 0. 0. 0. 0. 0. 0. 1. 0. 1. 0. 0. 0.],500,100,0.1,0.003,1,18,idID,20,first
415,0.007954703561876424,0.007954703561876424,0.003017163709688648,[0.         0.         0.         0.         0.08275547 0.         0.         0.         0.01       0.         0.         0.         0.         0.         0.         0.         0.         0.         0.         0.         0.         0.         0.         0.         0.         0.42171725 0.         0.010943   0.         0.         0.        ],[0. 0. 0. 0. 1. 0. 0. 0. 1. 0. 0. 0. 0. 0. 0. 0. 0. 0. 0. 0. 0. 0. 0. 0. 0. 1. 0. 1. 0. 0. 0.],500,100,0.1,0.003,1,18,idID,20,first
416,0.007954703561876424,0.007954703561876424,0.003017163709688648,[0.         0.         0.         0.         0.08275547 0.         0.         0.         0.01       0.         0.         0.         0.         0.         0.         0.         0.         0.         0.         0.         0.         0.         0.         0.         0.         0.42171725 0.         0.010943   0.         0.         0.        ],[0. 0. 0. 0. 1. 0. 0. 0. 1. 0. 0. 0. 0. 0. 0. 0. 0. 0. 0. 0. 0. 0. 0. 0. 0. 1. 0. 1. 0. 0. 0.],500,100,0.1,0.003,1,18,idID,20,first
417,0.007954703561876424,0.007954703561876424,0.003017163709688648,[0.         0.         0.         0.         0.08275547 0.         0.         0.         0.01       0.         0.         0.         0.         0.         0.         0.         0.         0.         0.         0.         0.         0.         0.         0.         0.         0.42171725 0.         0.010943   0.         0.         0.        ],[0. 0. 0. 0. 1. 0. 0. 0. 1. 0. 0. 0. 0. 0. 0. 0. 0. 0. 0. 0. 0. 0. 0. 0. 0. 1. 0. 1. 0. 0. 0.],500,100,0.1,0.003,1,18,idID,20,first
418,0.007954703561876424,0.007954703561876424,0.003017163709688648,[0.         0.         0.         0.         0.08275547 0.         0.         0.         0.01       0.         0.         0.         0.         0.         0.         0.         0.         0.         0.         0.         0.         0.         0.         0.         0.         0.42171725 0.         0.010943   0.         0.         0.        ],[0. 0. 0. 0. 1. 0. 0. 0. 1. 0. 0. 0. 0. 0. 0. 0. 0. 0. 0. 0. 0. 0. 0. 0. 0. 1. 0. 1. 0. 0. 0.],500,100,0.1,0.003,1,18,idID,20,first
419,0.007954703561876424,0.007954703561876424,0.003017163709688648,[0.         0.         0.         0.         0.08275547 0.         0.         0.         0.01       0.         0.         0.         0.         0.         0.         0.         0.         0.         0.         0.         0.         0.         0.         0.         0.         0.42171725 0.         0.010943   0.         0.         0.        ],[0. 0. 0. 0. 1. 0. 0. 0. 1. 0. 0. 0. 0. 0. 0. 0. 0. 0. 0. 0. 0. 0. 0. 0. 0. 1. 0. 1. 0. 0. 0.],500,100,0.1,0.003,1,18,idID,20,first
420,0.007954703561876424,0.007954703561876424,0.003017163709688648,[0.         0.         0.         0.         0.08275547 0.         0.         0.         0.01       0.         0.         0.         0.         0.         0.         0.         0.         0.         0.         0.         0.         0.         0.         0.         0.         0.42171725 0.         0.010943   0.         0.         0.        ],[0. 0. 0. 0. 1. 0. 0. 0. 1. 0. 0. 0. 0. 0. 0. 0. 0. 0. 0. 0. 0. 0. 0. 0. 0. 1. 0. 1. 0. 0. 0.],500,100,0.1,0.003,1,18,idID,20,first
421,0.007954703561876424,0.007954703561876424,0.003017163709688648,[0.         0.         0.         0.         0.08275547 0.         0.         0.         0.01       0.         0.         0.         0.         0.         0.         0.         0.         0.         0.         0.         0.         0.         0.         0.         0.         0.42171725 0.         0.010943   0.         0.         0.        ],[0. 0. 0. 0. 1. 0. 0. 0. 1. 0. 0. 0. 0. 0. 0. 0. 0. 0. 0. 0. 0. 0. 0. 0. 0. 1. 0. 1. 0. 0. 0.],500,100,0.1,0.003,1,18,idID,20,first
422,0.007954703561876424,0.007954703561876424,0.003017163709688648,[0.         0.         0.         0.         0.08275547 0.         0.         0.         0.01       0.         0.         0.         0.         0.         0.         0.         0.         0.         0.         0.         0.         0.         0.         0.         0.         0.42171725 0.         0.010943   0.         0.         0.        ],[0. 0. 0. 0. 1. 0. 0. 0. 1. 0. 0. 0. 0. 0. 0. 0. 0. 0. 0. 0. 0. 0. 0. 0. 0. 1. 0. 1. 0. 0. 0.],500,100,0.1,0.003,1,18,idID,20,first
423,0.007954703561876424,0.007954703561876424,0.003017163709688648,[0.         0.         0.         0.         0.08275547 0.         0.         0.         0.01       0.         0.         0.         0.         0.         0.         0.         0.         0.         0.         0.         0.         0.         0.         0.         0.         0.42171725 0.         0.010943   0.         0.         0.        ],[0. 0. 0. 0. 1. 0. 0. 0. 1. 0. 0. 0. 0. 0. 0. 0. 0. 0. 0. 0. 0. 0. 0. 0. 0. 1. 0. 1. 0. 0. 0.],500,100,0.1,0.003,1,18,idID,20,first
424,0.007954703561876424,0.007954703561876424,0.003017163709688648,[0.         0.         0.         0.         0.08275547 0.         0.         0.         0.01       0.         0.         0.         0.         0.         0.         0.         0.         0.         0.         0.         0.         0.         0.         0.         0.         0.42171725 0.         0.010943   0.         0.         0.        ],[0. 0. 0. 0. 1. 0. 0. 0. 1. 0. 0. 0. 0. 0. 0. 0. 0. 0. 0. 0. 0. 0. 0. 0. 0. 1. 0. 1. 0. 0. 0.],500,100,0.1,0.003,1,18,idID,20,first
425,0.007954703561876424,0.007954703561876424,0.003017163709688648,[0.         0.         0.         0.         0.08275547 0.         0.         0.         0.01       0.         0.         0.         0.         0.         0.         0.         0.         0.         0.         0.         0.         0.         0.         0.         0.         0.42171725 0.         0.010943   0.         0.         0.        ],[0. 0. 0. 0. 1. 0. 0. 0. 1. 0. 0. 0. 0. 0. 0. 0. 0. 0. 0. 0. 0. 0. 0. 0. 0. 1. 0. 1. 0. 0. 0.],500,100,0.1,0.003,1,18,idID,20,first
426,0.007954703561876424,0.007954703561876424,0.003017163709688648,[0.         0.         0.         0.         0.08275547 0.         0.         0.         0.01       0.         0.         0.         0.         0.         0.         0.         0.         0.         0.         0.         0.         0.         0.         0.         0.         0.42171725 0.         0.010943   0.         0.         0.        ],[0. 0. 0. 0. 1. 0. 0. 0. 1. 0. 0. 0. 0. 0. 0. 0. 0. 0. 0. 0. 0. 0. 0. 0. 0. 1. 0. 1. 0. 0. 0.],500,100,0.1,0.003,1,18,idID,20,first
427,0.007954703561876424,0.007954703561876424,0.003017163709688648,[0.         0.         0.         0.         0.08275547 0.         0.         0.         0.01       0.         0.         0.         0.         0.         0.         0.         0.         0.         0.         0.         0.         0.         0.         0.         0.         0.42171725 0.         0.010943   0.         0.         0.        ],[0. 0. 0. 0. 1. 0. 0. 0. 1. 0. 0. 0. 0. 0. 0. 0. 0. 0. 0. 0. 0. 0. 0. 0. 0. 1. 0. 1. 0. 0. 0.],500,100,0.1,0.003,1,18,idID,20,first
428,0.007954703561876424,0.007954703561876424,0.003017163709688648,[0.         0.         0.         0.         0.08275547 0.         0.         0.         0.01       0.         0.         0.         0.         0.         0.         0.         0.         0.         0.         0.         0.         0.         0.         0.         0.         0.42171725 0.         0.010943   0.         0.         0.        ],[0. 0. 0. 0. 1. 0. 0. 0. 1. 0. 0. 0. 0. 0. 0. 0. 0. 0. 0. 0. 0. 0. 0. 0. 0. 1. 0. 1. 0. 0. 0.],500,100,0.1,0.003,1,18,idID,20,first
429,0.007954703561876424,0.007954703561876424,0.003017163709688648,[0.         0.         0.         0.         0.08275547 0.         0.         0.         0.01       0.         0.         0.         0.         0.         0.         0.         0.         0.         0.         0.         0.         0.         0.         0.         0.         0.42171725 0.         0.010943   0.         0.         0.        ],[0. 0. 0. 0. 1. 0. 0. 0. 1. 0. 0. 0. 0. 0. 0. 0. 0. 0. 0. 0. 0. 0. 0. 0. 0. 1. 0. 1. 0. 0. 0.],500,100,0.1,0.003,1,18,idID,20,first
430,0.007954703561876424,0.007954703561876424,0.003017163709688648,[0.         0.         0.         0.         0.08275547 0.         0.         0.         0.01       0.         0.         0.         0.         0.         0.         0.         0.         0.         0.         0.         0.         0.         0.         0.         0.         0.42171725 0.         0.010943   0.         0.         0.        ],[0. 0. 0. 0. 1. 0. 0. 0. 1. 0. 0. 0. 0. 0. 0. 0. 0. 0. 0. 0. 0. 0. 0. 0. 0. 1. 0. 1. 0. 0. 0.],500,100,0.1,0.003,1,18,idID,20,first
431,0.007954703561876424,0.007954703561876424,0.003017163709688648,[0.         0.         0.         0.         0.08275547 0.         0.         0.         0.01       0.         0.         0.         0.         0.         0.         0.         0.         0.         0.         0.         0.         0.         0.         0.         0.         0.42171725 0.         0.010943   0.         0.         0.        ],[0. 0. 0. 0. 1. 0. 0. 0. 1. 0. 0. 0. 0. 0. 0. 0. 0. 0. 0. 0. 0. 0. 0. 0. 0. 1. 0. 1. 0. 0. 0.],500,100,0.1,0.003,1,18,idID,20,first
432,0.007954703561876424,0.007954703561876424,0.003017163709688648,[0.         0.         0.         0.         0.08275547 0.         0.         0.         0.01       0.         0.         0.         0.         0.         0.         0.         0.         0.         0.         0.         0.         0.         0.         0.         0.         0.42171725 0.         0.010943   0.         0.         0.        ],[0. 0. 0. 0. 1. 0. 0. 0. 1. 0. 0. 0. 0. 0. 0. 0. 0. 0. 0. 0. 0. 0. 0. 0. 0. 1. 0. 1. 0. 0. 0.],500,100,0.1,0.003,1,18,idID,20,first
433,0.007954703561876424,0.007954703561876424,0.003017163709688648,[0.         0.         0.         0.         0.08275547 0.         0.         0.         0.01       0.         0.         0.         0.         0.         0.         0.         0.         0.         0.         0.         0.         0.         0.         0.         0.         0.42171725 0.         0.010943   0.         0.         0.        ],[0. 0. 0. 0. 1. 0. 0. 0. 1. 0. 0. 0. 0. 0. 0. 0. 0. 0. 0. 0. 0. 0. 0. 0. 0. 1. 0. 1. 0. 0. 0.],500,100,0.1,0.003,1,18,idID,20,first
434,0.007954703561876424,0.007954703561876424,0.003017163709688648,[0.         0.         0.         0.         0.08275547 0.         0.         0.         0.01       0.         0.         0.         0.         0.         0.         0.         0.         0.         0.         0.         0.         0.         0.         0.         0.         0.42171725 0.         0.010943   0.         0.         0.        ],[0. 0. 0. 0. 1. 0. 0. 0. 1. 0. 0. 0. 0. 0. 0. 0. 0. 0. 0. 0. 0. 0. 0. 0. 0. 1. 0. 1. 0. 0. 0.],500,100,0.1,0.003,1,18,idID,20,first
435,0.007954703561876424,0.007954703561876424,0.003017163709688648,[0.         0.         0.         0.         0.08275547 0.         0.         0.         0.01       0.         0.         0.         0.         0.         0.         0.         0.         0.         0.         0.         0.         0.         0.         0.         0.         0.42171725 0.         0.010943   0.         0.         0.        ],[0. 0. 0. 0. 1. 0. 0. 0. 1. 0. 0. 0. 0. 0. 0. 0. 0. 0. 0. 0. 0. 0. 0. 0. 0. 1. 0. 1. 0. 0. 0.],500,100,0.1,0.003,1,18,idID,20,first
436,0.007954703561876424,0.007954703561876424,0.003017163709688648,[0.         0.         0.         0.         0.08275547 0.         0.         0.         0.01       0.         0.         0.         0.         0.         0.         0.         0.         0.         0.         0.         0.         0.         0.         0.         0.         0.42171725 0.         0.010943   0.         0.         0.        ],[0. 0. 0. 0. 1. 0. 0. 0. 1. 0. 0. 0. 0. 0. 0. 0. 0. 0. 0. 0. 0. 0. 0. 0. 0. 1. 0. 1. 0. 0. 0.],500,100,0.1,0.003,1,18,idID,20,first
437,0.007954703561876424,0.007954703561876424,0.003017163709688648,[0.         0.         0.         0.         0.08275547 0.         0.         0.         0.01       0.         0.         0.         0.         0.         0.         0.         0.         0.         0.         0.         0.         0.         0.         0.         0.         0.42171725 0.         0.010943   0.         0.         0.        ],[0. 0. 0. 0. 1. 0. 0. 0. 1. 0. 0. 0. 0. 0. 0. 0. 0. 0. 0. 0. 0. 0. 0. 0. 0. 1. 0. 1. 0. 0. 0.],500,100,0.1,0.003,1,18,idID,20,first
438,0.007954703561876424,0.007954703561876424,0.003017163709688648,[0.         0.         0.         0.         0.08275547 0.         0.         0.         0.01       0.         0.         0.         0.         0.         0.         0.         0.         0.         0.         0.         0.         0.         0.         0.         0.         0.42171725 0.         0.010943   0.         0.         0.        ],[0. 0. 0. 0. 1. 0. 0. 0. 1. 0. 0. 0. 0. 0. 0. 0. 0. 0. 0. 0. 0. 0. 0. 0. 0. 1. 0. 1. 0. 0. 0.],500,100,0.1,0.003,1,18,idID,20,first
439,0.007954703561876424,0.007954703561876424,0.003017163709688648,[0.         0.         0.         0.         0.08275547 0.         0.         0.         0.01       0.         0.         0.         0.         0.         0.         0.         0.         0.         0.         0.         0.         0.         0.         0.         0.         0.42171725 0.         0.010943   0.         0.         0.        ],[0. 0. 0. 0. 1. 0. 0. 0. 1. 0. 0. 0. 0. 0. 0. 0. 0. 0. 0. 0. 0. 0. 0. 0. 0. 1. 0. 1. 0. 0. 0.],500,100,0.1,0.003,1,18,idID,20,first
440,0.007954703561876424,0.007954703561876424,0.003017163709688648,[0.         0.         0.         0.         0.08275547 0.         0.         0.         0.01       0.         0.         0.         0.         0.         0.         0.         0.         0.         0.         0.         0.         0.         0.         0.         0.         0.42171725 0.         0.010943   0.         0.         0.        ],[0. 0. 0. 0. 1. 0. 0. 0. 1. 0. 0. 0. 0. 0. 0. 0. 0. 0. 0. 0. 0. 0. 0. 0. 0. 1. 0. 1. 0. 0. 0.],500,100,0.1,0.003,1,18,idID,20,first
441,0.007954703561876424,0.007954703561876424,0.003017163709688648,[0.         0.         0.         0.         0.08275547 0.         0.         0.         0.01       0.         0.         0.         0.         0.         0.         0.         0.         0.         0.         0.         0.         0.         0.         0.         0.         0.42171725 0.         0.010943   0.         0.         0.        ],[0. 0. 0. 0. 1. 0. 0. 0. 1. 0. 0. 0. 0. 0. 0. 0. 0. 0. 0. 0. 0. 0. 0. 0. 0. 1. 0. 1. 0. 0. 0.],500,100,0.1,0.003,1,18,idID,20,first
442,0.007954703561876424,0.007954703561876424,0.003017163709688648,[0.         0.         0.         0.         0.08275547 0.         0.         0.         0.01       0.         0.         0.         0.         0.         0.         0.         0.         0.         0.         0.         0.         0.         0.         0.         0.         0.42171725 0.         0.010943   0.         0.         0.        ],[0. 0. 0. 0. 1. 0. 0. 0. 1. 0. 0. 0. 0. 0. 0. 0. 0. 0. 0. 0. 0. 0. 0. 0. 0. 1. 0. 1. 0. 0. 0.],500,100,0.1,0.003,1,18,idID,20,first
443,0.007954703561876424,0.007954703561876424,0.003017163709688648,[0.         0.         0.         0.         0.08275547 0.         0.         0.         0.01       0.         0.         0.         0.         0.         0.         0.         0.         0.         0.         0.         0.         0.         0.         0.         0.         0.42171725 0.         0.010943   0.         0.         0.        ],[0. 0. 0. 0. 1. 0. 0. 0. 1. 0. 0. 0. 0. 0. 0. 0. 0. 0. 0. 0. 0. 0. 0. 0. 0. 1. 0. 1. 0. 0. 0.],500,100,0.1,0.003,1,18,idID,20,first
444,0.007954703561876424,0.007954703561876424,0.003017163709688648,[0.         0.         0.         0.         0.08275547 0.         0.         0.         0.01       0.         0.         0.         0.         0.         0.         0.         0.         0.         0.         0.         0.         0.         0.         0.         0.         0.42171725 0.         0.010943   0.         0.         0.        ],[0. 0. 0. 0. 1. 0. 0. 0. 1. 0. 0. 0. 0. 0. 0. 0. 0. 0. 0. 0. 0. 0. 0. 0. 0. 1. 0. 1. 0. 0. 0.],500,100,0.1,0.003,1,18,idID,20,first
445,0.007954703561876424,0.007954703561876424,0.003017163709688648,[0.         0.         0.         0.         0.08275547 0.         0.         0.         0.01       0.         0.         0.         0.         0.         0.         0.         0.         0.         0.         0.         0.         0.         0.         0.         0.         0.42171725 0.         0.010943   0.         0.         0.        ],[0. 0. 0. 0. 1. 0. 0. 0. 1. 0. 0. 0. 0. 0. 0. 0. 0. 0. 0. 0. 0. 0. 0. 0. 0. 1. 0. 1. 0. 0. 0.],500,100,0.1,0.003,1,18,idID,20,first
446,0.007954703561876424,0.007954703561876424,0.003017163709688648,[0.         0.         0.         0.         0.08275547 0.         0.         0.         0.01       0.         0.         0.         0.         0.         0.         0.         0.         0.         0.         0.         0.         0.         0.         0.         0.         0.42171725 0.         0.010943   0.         0.         0.        ],[0. 0. 0. 0. 1. 0. 0. 0. 1. 0. 0. 0. 0. 0. 0. 0. 0. 0. 0. 0. 0. 0. 0. 0. 0. 1. 0. 1. 0. 0. 0.],500,100,0.1,0.003,1,18,idID,20,first
447,0.007954703561876424,0.007954703561876424,0.003017163709688648,[0.         0.         0.         0.         0.08275547 0.         0.         0.         0.01       0.         0.         0.         0.         0.         0.         0.         0.         0.         0.         0.         0.         0.         0.         0.         0.         0.42171725 0.         0.010943   0.         0.         0.        ],[0. 0. 0. 0. 1. 0. 0. 0. 1. 0. 0. 0. 0. 0. 0. 0. 0. 0. 0. 0. 0. 0. 0. 0. 0. 1. 0. 1. 0. 0. 0.],500,100,0.1,0.003,1,18,idID,20,first
448,0.007954703561876424,0.007954703561876424,0.003017163709688648,[0.         0.         0.         0.         0.08275547 0.         0.         0.         0.01       0.         0.         0.         0.         0.         0.         0.         0.         0.         0.         0.         0.         0.         0.         0.         0.         0.42171725 0.         0.010943   0.         0.         0.        ],[0. 0. 0. 0. 1. 0. 0. 0. 1. 0. 0. 0. 0. 0. 0. 0. 0. 0. 0. 0. 0. 0. 0. 0. 0. 1. 0. 1. 0. 0. 0.],500,100,0.1,0.003,1,18,idID,20,first
449,0.007954703561876424,0.007954703561876424,0.003017163709688648,[0.         0.         0.         0.         0.08275547 0.         0.         0.         0.01       0.         0.         0.         0.         0.         0.         0.         0.         0.         0.         0.         0.         0.         0.         0.         0.         0.42171725 0.         0.010943   0.         0.         0.        ],[0. 0. 0. 0. 1. 0. 0. 0. 1. 0. 0. 0. 0. 0. 0. 0. 0. 0. 0. 0. 0. 0. 0. 0. 0. 1. 0. 1. 0. 0. 0.],500,100,0.1,0.003,1,18,idID,20,first
450,0.007954703561876424,0.007954703561876424,0.003017163709688648,[0.         0.         0.         0.         0.08275547 0.         0.         0.         0.01       0.         0.         0.         0.         0.         0.         0.         0.         0.         0.         0.         0.         0.         0.         0.         0.         0.42171725 0.         0.010943   0.         0.         0.        ],[0. 0. 0. 0. 1. 0. 0. 0. 1. 0. 0. 0. 0. 0. 0. 0. 0. 0. 0. 0. 0. 0. 0. 0. 0. 1. 0. 1. 0. 0. 0.],500,100,0.1,0.003,1,18,idID,20,first
451,0.007954703561876424,0.007954703561876424,0.003017163709688648,[0.         0.         0.         0.         0.08275547 0.         0.         0.         0.01       0.         0.         0.         0.         0.         0.         0.         0.         0.         0.         0.         0.         0.         0.         0.         0.         0.42171725 0.         0.010943   0.         0.         0.        ],[0. 0. 0. 0. 1. 0. 0. 0. 1. 0. 0. 0. 0. 0. 0. 0. 0. 0. 0. 0. 0. 0. 0. 0. 0. 1. 0. 1. 0. 0. 0.],500,100,0.1,0.003,1,18,idID,20,first
452,0.007954703561876424,0.007954703561876424,0.003017163709688648,[0.         0.         0.         0.         0.08275547 0.         0.         0.         0.01       0.         0.         0.         0.         0.         0.         0.         0.         0.         0.         0.         0.         0.         0.         0.         0.         0.42171725 0.         0.010943   0.         0.         0.        ],[0. 0. 0. 0. 1. 0. 0. 0. 1. 0. 0. 0. 0. 0. 0. 0. 0. 0. 0. 0. 0. 0. 0. 0. 0. 1. 0. 1. 0. 0. 0.],500,100,0.1,0.003,1,18,idID,20,first
453,0.007954703561876424,0.007954703561876424,0.003017163709688648,[0.         0.         0.         0.         0.08275547 0.         0.         0.         0.01       0.         0.         0.         0.         0.         0.         0.         0.         0.         0.         0.         0.         0.         0.         0.         0.         0.42171725 0.         0.010943   0.         0.         0.        ],[0. 0. 0. 0. 1. 0. 0. 0. 1. 0. 0. 0. 0. 0. 0. 0. 0. 0. 0. 0. 0. 0. 0. 0. 0. 1. 0. 1. 0. 0. 0.],500,100,0.1,0.003,1,18,idID,20,first
454,0.007954703561876424,0.007954703561876424,0.003017163709688648,[0.         0.         0.         0.         0.08275547 0.         0.         0.         0.01       0.         0.         0.         0.         0.         0.         0.         0.         0.         0.         0.         0.         0.         0.         0.         0.         0.42171725 0.         0.010943   0.         0.         0.        ],[0. 0. 0. 0. 1. 0. 0. 0. 1. 0. 0. 0. 0. 0. 0. 0. 0. 0. 0. 0. 0. 0. 0. 0. 0. 1. 0. 1. 0. 0. 0.],500,100,0.1,0.003,1,18,idID,20,first
455,0.007954703561876424,0.007954703561876424,0.003017163709688648,[0.         0.         0.         0.         0.08275547 0.         0.         0.         0.01       0.         0.         0.         0.         0.         0.         0.         0.         0.         0.         0.         0.         0.         0.         0.         0.         0.42171725 0.         0.010943   0.         0.         0.        ],[0. 0. 0. 0. 1. 0. 0. 0. 1. 0. 0. 0. 0. 0. 0. 0. 0. 0. 0. 0. 0. 0. 0. 0. 0. 1. 0. 1. 0. 0. 0.],500,100,0.1,0.003,1,18,idID,20,first
456,0.007954703561876424,0.007954703561876424,0.003017163709688648,[0.         0.         0.         0.         0.08275547 0.         0.         0.         0.01       0.         0.         0.         0.         0.         0.         0.         0.         0.         0.         0.         0.         0.         0.         0.         0.         0.42171725 0.         0.010943   0.         0.         0.        ],[0. 0. 0. 0. 1. 0. 0. 0. 1. 0. 0. 0. 0. 0. 0. 0. 0. 0. 0. 0. 0. 0. 0. 0. 0. 1. 0. 1. 0. 0. 0.],500,100,0.1,0.003,1,18,idID,20,first
457,0.007954703561876424,0.007954703561876424,0.003017163709688648,[0.         0.         0.         0.         0.08275547 0.         0.         0.         0.01       0.         0.         0.         0.         0.         0.         0.         0.         0.         0.         0.         0.         0.         0.         0.         0.         0.42171725 0.         0.010943   0.         0.         0.        ],[0. 0. 0. 0. 1. 0. 0. 0. 1. 0. 0. 0. 0. 0. 0. 0. 0. 0. 0. 0. 0. 0. 0. 0. 0. 1. 0. 1. 0. 0. 0.],500,100,0.1,0.003,1,18,idID,20,first
458,0.007954703561876424,0.007954703561876424,0.003017163709688648,[0.         0.         0.         0.         0.08275547 0.         0.         0.         0.01       0.         0.         0.         0.         0.         0.         0.         0.         0.         0.         0.         0.         0.         0.         0.         0.         0.42171725 0.         0.010943   0.         0.         0.        ],[0. 0. 0. 0. 1. 0. 0. 0. 1. 0. 0. 0. 0. 0. 0. 0. 0. 0. 0. 0. 0. 0. 0. 0. 0. 1. 0. 1. 0. 0. 0.],500,100,0.1,0.003,1,18,idID,20,first
459,0.007954703561876424,0.007954703561876424,0.003017163709688648,[0.         0.         0.         0.         0.08275547 0.         0.         0.         0.01       0.         0.         0.         0.         0.         0.         0.         0.         0.         0.         0.         0.         0.         0.         0.         0.         0.42171725 0.         0.010943   0.         0.         0.        ],[0. 0. 0. 0. 1. 0. 0. 0. 1. 0. 0. 0. 0. 0. 0. 0. 0. 0. 0. 0. 0. 0. 0. 0. 0. 1. 0. 1. 0. 0. 0.],500,100,0.1,0.003,1,18,idID,20,first
460,0.007954703561876424,0.007954703561876424,0.003017163709688648,[0.         0.         0.         0.         0.08275547 0.         0.         0.         0.01       0.         0.         0.         0.         0.         0.         0.         0.         0.         0.         0.         0.         0.         0.         0.         0.         0.42171725 0.         0.010943   0.         0.         0.        ],[0. 0. 0. 0. 1. 0. 0. 0. 1. 0. 0. 0. 0. 0. 0. 0. 0. 0. 0. 0. 0. 0. 0. 0. 0. 1. 0. 1. 0. 0. 0.],500,100,0.1,0.003,1,18,idID,20,first
461,0.007954703561876424,0.007954703561876424,0.003017163709688648,[0.         0.         0.         0.         0.08275547 0.         0.         0.         0.01       0.         0.         0.         0.         0.         0.         0.         0.         0.         0.         0.         0.         0.         0.         0.         0.         0.42171725 0.         0.010943   0.         0.         0.        ],[0. 0. 0. 0. 1. 0. 0. 0. 1. 0. 0. 0. 0. 0. 0. 0. 0. 0. 0. 0. 0. 0. 0. 0. 0. 1. 0. 1. 0. 0. 0.],500,100,0.1,0.003,1,18,idID,20,first
462,0.007954703561876424,0.007954703561876424,0.003017163709688648,[0.         0.         0.         0.         0.08275547 0.         0.         0.         0.01       0.         0.         0.         0.         0.         0.         0.         0.         0.         0.         0.         0.         0.         0.         0.         0.         0.42171725 0.         0.010943   0.         0.         0.        ],[0. 0. 0. 0. 1. 0. 0. 0. 1. 0. 0. 0. 0. 0. 0. 0. 0. 0. 0. 0. 0. 0. 0. 0. 0. 1. 0. 1. 0. 0. 0.],500,100,0.1,0.003,1,18,idID,20,first
463,0.007954703561876424,0.007954703561876424,0.003017163709688648,[0.         0.         0.         0.         0.08275547 0.         0.         0.         0.01       0.         0.         0.         0.         0.         0.         0.         0.         0.         0.         0.         0.         0.         0.         0.         0.         0.42171725 0.         0.010943   0.         0.         0.        ],[0. 0. 0. 0. 1. 0. 0. 0. 1. 0. 0. 0. 0. 0. 0. 0. 0. 0. 0. 0. 0. 0. 0. 0. 0. 1. 0. 1. 0. 0. 0.],500,100,0.1,0.003,1,18,idID,20,first
464,0.007954703561876424,0.007954703561876424,0.003017163709688648,[0.         0.         0.         0.         0.08275547 0.         0.         0.         0.01       0.         0.         0.         0.         0.         0.         0.         0.         0.         0.         0.         0.         0.         0.         0.         0.         0.42171725 0.         0.010943   0.         0.         0.        ],[0. 0. 0. 0. 1. 0. 0. 0. 1. 0. 0. 0. 0. 0. 0. 0. 0. 0. 0. 0. 0. 0. 0. 0. 0. 1. 0. 1. 0. 0. 0.],500,100,0.1,0.003,1,18,idID,20,first
465,0.007954703561876424,0.007954703561876424,0.003017163709688648,[0.         0.         0.         0.         0.08275547 0.         0.         0.         0.01       0.         0.         0.         0.         0.         0.         0.         0.         0.         0.         0.         0.         0.         0.         0.         0.         0.42171725 0.         0.010943   0.         0.         0.        ],[0. 0. 0. 0. 1. 0. 0. 0. 1. 0. 0. 0. 0. 0. 0. 0. 0. 0. 0. 0. 0. 0. 0. 0. 0. 1. 0. 1. 0. 0. 0.],500,100,0.1,0.003,1,18,idID,20,first
466,0.007954703561876424,0.007954703561876424,0.003017163709688648,[0.         0.         0.         0.         0.08275547 0.         0.         0.         0.01       0.         0.         0.         0.         0.         0.         0.         0.         0.         0.         0.         0.         0.         0.         0.         0.         0.42171725 0.         0.010943   0.         0.         0.        ],[0. 0. 0. 0. 1. 0. 0. 0. 1. 0. 0. 0. 0. 0. 0. 0. 0. 0. 0. 0. 0. 0. 0. 0. 0. 1. 0. 1. 0. 0. 0.],500,100,0.1,0.003,1,18,idID,20,first
467,0.007954703561876424,0.007954703561876424,0.003017163709688648,[0.         0.         0.         0.         0.08275547 0.         0.         0.         0.01       0.         0.         0.         0.         0.         0.         0.         0.         0.         0.         0.         0.         0.         0.         0.         0.         0.42171725 0.         0.010943   0.         0.         0.        ],[0. 0. 0. 0. 1. 0. 0. 0. 1. 0. 0. 0. 0. 0. 0. 0. 0. 0. 0. 0. 0. 0. 0. 0. 0. 1. 0. 1. 0. 0. 0.],500,100,0.1,0.003,1,18,idID,20,first
468,0.007954703561876424,0.007954703561876424,0.003017163709688648,[0.         0.         0.         0.         0.08275547 0.         0.         0.         0.01       0.         0.         0.         0.         0.         0.         0.         0.         0.         0.         0.         0.         0.         0.         0.         0.         0.42171725 0.         0.010943   0.         0.         0.        ],[0. 0. 0. 0. 1. 0. 0. 0. 1. 0. 0. 0. 0. 0. 0. 0. 0. 0. 0. 0. 0. 0. 0. 0. 0. 1. 0. 1. 0. 0. 0.],500,100,0.1,0.003,1,18,idID,20,first
469,0.007954703561876424,0.007954703561876424,0.003017163709688648,[0.         0.         0.         0.         0.08275547 0.         0.         0.         0.01       0.         0.         0.         0.         0.         0.         0.         0.         0.         0.         0.         0.         0.         0.         0.         0.         0.42171725 0.         0.010943   0.         0.         0.        ],[0. 0. 0. 0. 1. 0. 0. 0. 1. 0. 0. 0. 0. 0. 0. 0. 0. 0. 0. 0. 0. 0. 0. 0. 0. 1. 0. 1. 0. 0. 0.],500,100,0.1,0.003,1,18,idID,20,first
470,0.007954703561876424,0.007954703561876424,0.003017163709688648,[0.         0.         0.         0.         0.08275547 0.         0.         0.         0.01       0.         0.         0.         0.         0.         0.         0.         0.         0.         0.         0.         0.         0.         0.         0.         0.         0.42171725 0.         0.010943   0.         0.         0.        ],[0. 0. 0. 0. 1. 0. 0. 0. 1. 0. 0. 0. 0. 0. 0. 0. 0. 0. 0. 0. 0. 0. 0. 0. 0. 1. 0. 1. 0. 0. 0.],500,100,0.1,0.003,1,18,idID,20,first
471,0.007954703561876424,0.007954703561876424,0.003017163709688648,[0.         0.         0.         0.         0.08275547 0.         0.         0.         0.01       0.         0.         0.         0.         0.         0.         0.         0.         0.         0.         0.         0.         0.         0.         0.         0.         0.42171725 0.         0.010943   0.         0.         0.        ],[0. 0. 0. 0. 1. 0. 0. 0. 1. 0. 0. 0. 0. 0. 0. 0. 0. 0. 0. 0. 0. 0. 0. 0. 0. 1. 0. 1. 0. 0. 0.],500,100,0.1,0.003,1,18,idID,20,first
472,0.007954703561876424,0.007954703561876424,0.003017163709688648,[0.         0.         0.         0.         0.08275547 0.         0.         0.         0.01       0.         0.         0.         0.         0.         0.         0.         0.         0.         0.         0.         0.         0.         0.         0.         0.         0.42171725 0.         0.010943   0.         0.         0.        ],[0. 0. 0. 0. 1. 0. 0. 0. 1. 0. 0. 0. 0. 0. 0. 0. 0. 0. 0. 0. 0. 0. 0. 0. 0. 1. 0. 1. 0. 0. 0.],500,100,0.1,0.003,1,18,idID,20,first
473,0.007954703561876424,0.007954703561876424,0.003017163709688648,[0.         0.         0.         0.         0.08275547 0.         0.         0.         0.01       0.         0.         0.         0.         0.         0.         0.         0.         0.         0.         0.         0.         0.         0.         0.         0.         0.42171725 0.         0.010943   0.         0.         0.        ],[0. 0. 0. 0. 1. 0. 0. 0. 1. 0. 0. 0. 0. 0. 0. 0. 0. 0. 0. 0. 0. 0. 0. 0. 0. 1. 0. 1. 0. 0. 0.],500,100,0.1,0.003,1,18,idID,20,first
474,0.007954703561876424,0.007954703561876424,0.003017163709688648,[0.         0.         0.         0.         0.08275547 0.         0.         0.         0.01       0.         0.         0.         0.         0.         0.         0.         0.         0.         0.         0.         0.         0.         0.         0.         0.         0.42171725 0.         0.010943   0.         0.         0.        ],[0. 0. 0. 0. 1. 0. 0. 0. 1. 0. 0. 0. 0. 0. 0. 0. 0. 0. 0. 0. 0. 0. 0. 0. 0. 1. 0. 1. 0. 0. 0.],500,100,0.1,0.003,1,18,idID,20,first
475,0.007954703561876424,0.007954703561876424,0.003017163709688648,[0.         0.         0.         0.         0.08275547 0.         0.         0.         0.01       0.         0.         0.         0.         0.         0.         0.         0.         0.         0.         0.         0.         0.         0.         0.         0.         0.42171725 0.         0.010943   0.         0.         0.        ],[0. 0. 0. 0. 1. 0. 0. 0. 1. 0. 0. 0. 0. 0. 0. 0. 0. 0. 0. 0. 0. 0. 0. 0. 0. 1. 0. 1. 0. 0. 0.],500,100,0.1,0.003,1,18,idID,20,first
476,0.007954703561876424,0.007954703561876424,0.003017163709688648,[0.         0.         0.         0.         0.08275547 0.         0.         0.         0.01       0.         0.         0.         0.         0.         0.         0.         0.         0.         0.         0.         0.         0.         0.         0.         0.         0.42171725 0.         0.010943   0.         0.         0.        ],[0. 0. 0. 0. 1. 0. 0. 0. 1. 0. 0. 0. 0. 0. 0. 0. 0. 0. 0. 0. 0. 0. 0. 0. 0. 1. 0. 1. 0. 0. 0.],500,100,0.1,0.003,1,18,idID,20,first
477,0.007954703561876424,0.007954703561876424,0.003017163709688648,[0.         0.         0.         0.         0.08275547 0.         0.         0.         0.01       0.         0.         0.         0.         0.         0.         0.         0.         0.         0.         0.         0.         0.         0.         0.         0.         0.42171725 0.         0.010943   0.         0.         0.        ],[0. 0. 0. 0. 1. 0. 0. 0. 1. 0. 0. 0. 0. 0. 0. 0. 0. 0. 0. 0. 0. 0. 0. 0. 0. 1. 0. 1. 0. 0. 0.],500,100,0.1,0.003,1,18,idID,20,first
478,0.007954703561876424,0.007954703561876424,0.003017163709688648,[0.         0.         0.         0.         0.08275547 0.         0.         0.         0.01       0.         0.         0.         0.         0.         0.         0.         0.         0.         0.         0.         0.         0.         0.         0.         0.         0.42171725 0.         0.010943   0.         0.         0.        ],[0. 0. 0. 0. 1. 0. 0. 0. 1. 0. 0. 0. 0. 0. 0. 0. 0. 0. 0. 0. 0. 0. 0. 0. 0. 1. 0. 1. 0. 0. 0.],500,100,0.1,0.003,1,18,idID,20,first
479,0.007954703561876424,0.007954703561876424,0.003017163709688648,[0.         0.         0.         0.         0.08275547 0.         0.         0.         0.01       0.         0.         0.         0.         0.         0.         0.         0.         0.         0.         0.         0.         0.         0.         0.         0.         0.42171725 0.         0.010943   0.         0.         0.        ],[0. 0. 0. 0. 1. 0. 0. 0. 1. 0. 0. 0. 0. 0. 0. 0. 0. 0. 0. 0. 0. 0. 0. 0. 0. 1. 0. 1. 0. 0. 0.],500,100,0.1,0.003,1,18,idID,20,first
480,0.007954703561876424,0.007954703561876424,0.003017163709688648,[0.         0.         0.         0.         0.08275547 0.         0.         0.         0.01       0.         0.         0.         0.         0.         0.         0.         0.         0.         0.         0.         0.         0.         0.         0.         0.         0.42171725 0.         0.010943   0.         0.         0.        ],[0. 0. 0. 0. 1. 0. 0. 0. 1. 0. 0. 0. 0. 0. 0. 0. 0. 0. 0. 0. 0. 0. 0. 0. 0. 1. 0. 1. 0. 0. 0.],500,100,0.1,0.003,1,18,idID,20,first
481,0.007954703561876424,0.007954703561876424,0.003017163709688648,[0.         0.         0.         0.         0.08275547 0.         0.         0.         0.01       0.         0.         0.         0.         0.         0.         0.         0.         0.         0.         0.         0.         0.         0.         0.         0.         0.42171725 0.         0.010943   0.         0.         0.        ],[0. 0. 0. 0. 1. 0. 0. 0. 1. 0. 0. 0. 0. 0. 0. 0. 0. 0. 0. 0. 0. 0. 0. 0. 0. 1. 0. 1. 0. 0. 0.],500,100,0.1,0.003,1,18,idID,20,first
482,0.007954703561876424,0.007954703561876424,0.003017163709688648,[0.         0.         0.         0.         0.08275547 0.         0.         0.         0.01       0.         0.         0.         0.         0.         0.         0.         0.         0.         0.         0.         0.         0.         0.         0.         0.         0.42171725 0.         0.010943   0.         0.         0.        ],[0. 0. 0. 0. 1. 0. 0. 0. 1. 0. 0. 0. 0. 0. 0. 0. 0. 0. 0. 0. 0. 0. 0. 0. 0. 1. 0. 1. 0. 0. 0.],500,100,0.1,0.003,1,18,idID,20,first
483,0.007954703561876424,0.007954703561876424,0.003017163709688648,[0.         0.         0.         0.         0.08275547 0.         0.         0.         0.01       0.         0.         0.         0.         0.         0.         0.         0.         0.         0.         0.         0.         0.         0.         0.         0.         0.42171725 0.         0.010943   0.         0.         0.        ],[0. 0. 0. 0. 1. 0. 0. 0. 1. 0. 0. 0. 0. 0. 0. 0. 0. 0. 0. 0. 0. 0. 0. 0. 0. 1. 0. 1. 0. 0. 0.],500,100,0.1,0.003,1,18,idID,20,first
484,0.007954703561876424,0.007954703561876424,0.003017163709688648,[0.         0.         0.         0.         0.08275547 0.         0.         0.         0.01       0.         0.         0.         0.         0.         0.         0.         0.         0.         0.         0.         0.         0.         0.         0.         0.         0.42171725 0.         0.010943   0.         0.         0.        ],[0. 0. 0. 0. 1. 0. 0. 0. 1. 0. 0. 0. 0. 0. 0. 0. 0. 0. 0. 0. 0. 0. 0. 0. 0. 1. 0. 1. 0. 0. 0.],500,100,0.1,0.003,1,18,idID,20,first
485,0.007954703561876424,0.007954703561876424,0.003017163709688648,[0.         0.         0.         0.         0.08275547 0.         0.         0.         0.01       0.         0.         0.         0.         0.         0.         0.         0.         0.         0.         0.         0.         0.         0.         0.         0.         0.42171725 0.         0.010943   0.         0.         0.        ],[0. 0. 0. 0. 1. 0. 0. 0. 1. 0. 0. 0. 0. 0. 0. 0. 0. 0. 0. 0. 0. 0. 0. 0. 0. 1. 0. 1. 0. 0. 0.],500,100,0.1,0.003,1,18,idID,20,first
486,0.007954703561876424,0.007954703561876424,0.003017163709688648,[0.         0.         0.         0.         0.08275547 0.         0.         0.         0.01       0.         0.         0.         0.         0.         0.         0.         0.         0.         0.         0.         0.         0.         0.         0.         0.         0.42171725 0.         0.010943   0.         0.         0.        ],[0. 0. 0. 0. 1. 0. 0. 0. 1. 0. 0. 0. 0. 0. 0. 0. 0. 0. 0. 0. 0. 0. 0. 0. 0. 1. 0. 1. 0. 0. 0.],500,100,0.1,0.003,1,18,idID,20,first
487,0.007954703561876424,0.007954703561876424,0.003017163709688648,[0.         0.         0.         0.         0.08275547 0.         0.         0.         0.01       0.         0.         0.         0.         0.         0.         0.         0.         0.         0.         0.         0.         0.         0.         0.         0.         0.42171725 0.         0.010943   0.         0.         0.        ],[0. 0. 0. 0. 1. 0. 0. 0. 1. 0. 0. 0. 0. 0. 0. 0. 0. 0. 0. 0. 0. 0. 0. 0. 0. 1. 0. 1. 0. 0. 0.],500,100,0.1,0.003,1,18,idID,20,first
488,0.007954703561876424,0.007954703561876424,0.003017163709688648,[0.         0.         0.         0.         0.08275547 0.         0.         0.         0.01       0.         0.         0.         0.         0.         0.         0.         0.         0.         0.         0.         0.         0.         0.         0.         0.         0.42171725 0.         0.010943   0.         0.         0.        ],[0. 0. 0. 0. 1. 0. 0. 0. 1. 0. 0. 0. 0. 0. 0. 0. 0. 0. 0. 0. 0. 0. 0. 0. 0. 1. 0. 1. 0. 0. 0.],500,100,0.1,0.003,1,18,idID,20,first
489,0.007954703561876424,0.007954703561876424,0.003017163709688648,[0.         0.         0.         0.         0.08275547 0.         0.         0.         0.01       0.         0.         0.         0.         0.         0.         0.         0.         0.         0.         0.         0.         0.         0.         0.         0.         0.42171725 0.         0.010943   0.         0.         0.        ],[0. 0. 0. 0. 1. 0. 0. 0. 1. 0. 0. 0. 0. 0. 0. 0. 0. 0. 0. 0. 0. 0. 0. 0. 0. 1. 0. 1. 0. 0. 0.],500,100,0.1,0.003,1,18,idID,20,first
490,0.007954703561876424,0.007954703561876424,0.003017163709688648,[0.         0.         0.         0.         0.08275547 0.         0.         0.         0.01       0.         0.         0.         0.         0.         0.         0.         0.         0.         0.         0.         0.         0.         0.         0.         0.         0.42171725 0.         0.010943   0.         0.         0.        ],[0. 0. 0. 0. 1. 0. 0. 0. 1. 0. 0. 0. 0. 0. 0. 0. 0. 0. 0. 0. 0. 0. 0. 0. 0. 1. 0. 1. 0. 0. 0.],500,100,0.1,0.003,1,18,idID,20,first
491,0.007954703561876424,0.007954703561876424,0.003017163709688648,[0.         0.         0.         0.         0.08275547 0.         0.         0.         0.01       0.         0.         0.         0.         0.         0.         0.         0.         0.         0.         0.         0.         0.         0.         0.         0.         0.42171725 0.         0.010943   0.         0.         0.        ],[0. 0. 0. 0. 1. 0. 0. 0. 1. 0. 0. 0. 0. 0. 0. 0. 0. 0. 0. 0. 0. 0. 0. 0. 0. 1. 0. 1. 0. 0. 0.],500,100,0.1,0.003,1,18,idID,20,first
492,0.007954703561876424,0.007954703561876424,0.003017163709688648,[0.         0.         0.         0.         0.08275547 0.         0.         0.         0.01       0.         0.         0.         0.         0.         0.         0.         0.         0.         0.         0.         0.         0.         0.         0.         0.         0.42171725 0.         0.010943   0.         0.         0.        ],[0. 0. 0. 0. 1. 0. 0. 0. 1. 0. 0. 0. 0. 0. 0. 0. 0. 0. 0. 0. 0. 0. 0. 0. 0. 1. 0. 1. 0. 0. 0.],500,100,0.1,0.003,1,18,idID,20,first
493,0.007954703561876424,0.007954703561876424,0.003017163709688648,[0.         0.         0.         0.         0.08275547 0.         0.         0.         0.01       0.         0.         0.         0.         0.         0.         0.         0.         0.         0.         0.         0.         0.         0.         0.         0.         0.42171725 0.         0.010943   0.         0.         0.        ],[0. 0. 0. 0. 1. 0. 0. 0. 1. 0. 0. 0. 0. 0. 0. 0. 0. 0. 0. 0. 0. 0. 0. 0. 0. 1. 0. 1. 0. 0. 0.],500,100,0.1,0.003,1,18,idID,20,first
494,0.007954703561876424,0.007954703561876424,0.003017163709688648,[0.         0.         0.         0.         0.08275547 0.         0.         0.         0.01       0.         0.         0.         0.         0.         0.         0.         0.         0.         0.         0.         0.         0.         0.         0.         0.         0.42171725 0.         0.010943   0.         0.         0.        ],[0. 0. 0. 0. 1. 0. 0. 0. 1. 0. 0. 0. 0. 0. 0. 0. 0. 0. 0. 0. 0. 0. 0. 0. 0. 1. 0. 1. 0. 0. 0.],500,100,0.1,0.003,1,18,idID,20,first
495,0.007954703561876424,0.007954703561876424,0.003017163709688648,[0.         0.         0.         0.         0.08275547 0.         0.         0.         0.01       0.         0.         0.         0.         0.         0.         0.         0.         0.         0.         0.         0.         0.         0.         0.         0.         0.42171725 0.         0.010943   0.         0.         0.        ],[0. 0. 0. 0. 1. 0. 0. 0. 1. 0. 0. 0. 0. 0. 0. 0. 0. 0. 0. 0. 0. 0. 0. 0. 0. 1. 0. 1. 0. 0. 0.],500,100,0.1,0.003,1,18,idID,20,first
496,0.007954703561876424,0.007954703561876424,0.003017163709688648,[0.         0.         0.         0.         0.08275547 0.         0.         0.         0.01       0.         0.         0.         0.         0.         0.         0.         0.         0.         0.         0.         0.         0.         0.         0.         0.         0.42171725 0.         0.010943   0.         0.         0.        ],[0. 0. 0. 0. 1. 0. 0. 0. 1. 0. 0. 0. 0. 0. 0. 0. 0. 0. 0. 0. 0. 0. 0. 0. 0. 1. 0. 1. 0. 0. 0.],500,100,0.1,0.003,1,18,idID,20,first
497,0.007954703561876424,0.007954703561876424,0.003017163709688648,[0.         0.         0.         0.         0.08275547 0.         0.         0.         0.01       0.         0.         0.         0.         0.         0.         0.         0.         0.         0.         0.         0.         0.         0.         0.         0.         0.42171725 0.         0.010943   0.         0.         0.        ],[0. 0. 0. 0. 1. 0. 0. 0. 1. 0. 0. 0. 0. 0. 0. 0. 0. 0. 0. 0. 0. 0. 0. 0. 0. 1. 0. 1. 0. 0. 0.],500,100,0.1,0.003,1,18,idID,20,first
498,0.007954703561876424,0.007954703561876424,0.003017163709688648,[0.         0.         0.         0.         0.08275547 0.         0.         0.         0.01       0.         0.         0.         0.         0.         0.         0.         0.         0.         0.         0.         0.         0.         0.         0.         0.         0.42171725 0.         0.010943   0.         0.         0.        ],[0. 0. 0. 0. 1. 0. 0. 0. 1. 0. 0. 0. 0. 0. 0. 0. 0. 0. 0. 0. 0. 0. 0. 0. 0. 1. 0. 1. 0. 0. 0.],500,100,0.1,0.003,1,18,idID,20,first
499,0.007954703561876424,0.007954703561876424,0.003017163709688648,[0.         0.         0.         0.         0.08275547 0.         0.         0.         0.01       0.         0.         0.         0.         0.         0.         0.         0.         0.         0.         0.         0.         0.         0.         0.         0.         0.42171725 0.         0.010943   0.         0.         0.        ],[0. 0. 0. 0. 1. 0. 0. 0. 1. 0. 0. 0. 0. 0. 0. 0. 0. 0. 0. 0. 0. 0. 0. 0. 0. 1. 0. 1. 0. 0. 0.],500,100,0.1,0.003,1,18,idID,20,first
