iter,move,improve,obj,return,n_assets,X,Z,qN,qNv,iter_time,max_iter,neighbours,alpha,exp_return,n_port,k_min,k_max,move_strategy,seed,selection_strategy
0,TID,False,0.2417210603122303,0.0031111478450896062,10,"[0.12003002 0.13438364 0.08876672 0.07531684 0.02992176 0.12972251
 0.12331491 0.10854341 0.08723126 0.10276892]",[ 1  2  3  5  7 12 13 20 21 27],100,0,0.013346,1000,100,0.001,0.004,1,10,10,random,10,first
1,iDR,False,0.2417210603122303,0.0031111478450896062,10,"[0.12003002 0.13438364 0.08876672 0.07531684 0.02992176 0.12972251
 0.12331491 0.10854341 0.08723126 0.10276892]",[ 1  2  3  5  7 12 13 20 21 27],100,0,0.015345,1000,100,0.001,0.004,1,10,10,random,10,first
2,idID,True,0.20854466923514614,0.004011847573046249,10,"[0.06123736 0.06856035 0.04528734 0.03842543 0.50508188 0.06618231
 0.06291326 0.05537708 0.04450397 0.05243103]",[ 1  2  3  5  7 12 13 20 21 27],100,3,0.015462,1000,100,0.001,0.004,1,10,10,random,10,first
3,idID,True,0.1599632727537211,0.004318212688594144,10,"[0.04123955 0.04617113 0.0304982  0.02587713 0.66670343 0.04456967
 0.04236817 0.03729302 0.02997066 0.03530904]",[ 1  2  3  5  7 12 13 20 21 27],100,70,0.017843,1000,100,0.001,0.004,1,10,10,random,10,first
4,TID,True,0.1599460624930886,0.00431829663518404,10,"[0.04123955 0.04617113 0.0304982  0.02587713 0.66674072 0.04456967
 0.04236817 0.03725573 0.02997066 0.03530904]",[ 1  2  3  5  7 12 13 20 21 27],100,29,0.014301,1000,100,0.001,0.004,1,10,10,random,10,first
5,iDR,True,0.15986628962891752,0.004318717536908149,10,"[0.04121208 0.04614037 0.03047788 0.02585989 0.66696277 0.04453997
 0.04233994 0.0372309  0.02995069 0.03528551]",[ 1  2  3  5  7 12 13 20 21 27],100,100,0.018886,1000,100,0.001,0.004,1,10,10,random,10,first
6,TID,True,0.1598490993417367,0.0043188013436740716,10,"[0.04121208 0.04614037 0.03047788 0.02585989 0.667      0.04453997
 0.04233994 0.03719367 0.02995069 0.03528551]",[ 1  2  3  5  7 12 13 20 21 27],100,33,0.014555,1000,100,0.001,0.004,1,10,10,random,10,first
7,TID,True,0.15983488784426003,0.004318821876602379,10,"[0.04121208 0.04614037 0.03047788 0.02585989 0.66704454 0.04449543
 0.04233994 0.03719367 0.02995069 0.03528551]",[ 1  2  3  5  7 12 13 20 21 27],100,29,0.014309,1000,100,0.001,0.004,1,10,10,random,10,first
8,TID,True,0.15981955299692305,0.004318861142053293,10,"[0.04121208 0.04609422 0.03047788 0.02585989 0.66704454 0.04449543
 0.04233994 0.03719367 0.02995069 0.03533165]",[ 1  2  3  5  7 12 13 20 21 27],100,29,0.014321,1000,100,0.001,0.004,1,10,10,random,10,first
9,iDR,True,0.1597397778145694,0.004319281859145801,10,"[0.0411846  0.0460635  0.03045757 0.02584265 0.66726649 0.04446577
 0.04231171 0.03716888 0.02993072 0.0353081 ]",[ 1  2  3  5  7 12 13 20 21 27],100,100,0.018846,1000,100,0.001,0.004,1,10,10,random,10,first
10,iDR,True,0.15965999361884048,0.004319702435588418,10,"[0.04115714 0.04603278 0.03043726 0.02582542 0.66748836 0.04443612
 0.0422835  0.0371441  0.02991076 0.03528456]",[ 1  2  3  5  7 12 13 20 21 27],100,100,0.018898,1000,100,0.001,0.004,1,10,10,random,10,first
11,iDR,True,0.15958020047200244,0.00432012287124169,10,"[0.04112969 0.04600208 0.03041695 0.02580819 0.66771016 0.04440648
 0.04225529 0.03711932 0.02989081 0.03526102]",[ 1  2  3  5  7 12 13 20 21 27],100,100,0.01903,1000,100,0.001,0.004,1,10,10,random,10,first
12,iDR,True,0.1595003984363119,0.004320543165966398,10,"[0.04110224 0.04597138 0.03039666 0.02579097 0.66793189 0.04437685
 0.0422271  0.03709455 0.02987087 0.03523749]",[ 1  2  3  5  7 12 13 20 21 27],100,100,0.018839,1000,100,0.001,0.004,1,10,10,random,10,first
13,iDR,True,0.1594205875740164,0.004320963319623557,10,"[0.04107481 0.0459407  0.03037637 0.02577376 0.66815354 0.04434723
 0.04219891 0.03706979 0.02985093 0.03521397]",[ 1  2  3  5  7 12 13 20 21 27],100,100,0.01883,1000,100,0.001,0.004,1,10,10,random,10,first
14,idID,True,0.12795481002172357,0.0044741227339447735,10,"[0.03107381 0.03475494 0.02298025 0.0194983  0.74895234 0.03354946
 0.03192422 0.02804395 0.02258275 0.02663999]",[ 1  2  3  5  7 12 13 20 21 27],100,69,0.017918,1000,100,0.001,0.004,1,10,10,random,10,first
15,idID,True,0.11602455918820247,0.004588982118250925,10,"[0.03186257 0.02356357 0.01999323 0.76796322 0.03440105 0.03273456
 0.01025383 0.02875579 0.02315597 0.0273162 ]",[ 1  3  5  7 12 13 18 20 21 27],100,56,0.01681,1000,100,0.001,0.004,1,10,10,random,10,first
16,TID,True,0.11600928260214886,0.004589024935052149,10,"[0.03186257 0.02356357 0.01999323 0.76799596 0.03440105 0.03270182
 0.01025383 0.02875579 0.02315597 0.0273162 ]",[ 1  3  5  7 12 13 18 20 21 27],100,34,0.015372,1000,100,0.001,0.004,1,10,10,random,10,first
17,iDR,True,0.11593503559679463,0.004589301949696963,10,"[0.03183812 0.02354549 0.01997789 0.768174   0.03437465 0.03267673
 0.01024596 0.02873373 0.0231382  0.02729523]",[ 1  3  5  7 12 13 18 20 21 27],100,100,0.019541,1000,100,0.001,0.004,1,10,10,random,10,first
18,idID,True,0.10391602783835321,0.004708609421975193,10,"[0.03244595 0.023995   0.01019091 0.02035929 0.7828395  0.03503091
 0.03330057 0.01044157 0.02357995 0.02781634]",[ 1  3  4  5  7 12 13 18 21 27],100,66,0.017031,1000,100,0.001,0.004,1,10,10,random,10,first
19,TID,True,0.10390314927551277,0.004708619859801149,10,"[0.03244595 0.02397101 0.01019091 0.02035929 0.7828635  0.03503091
 0.03330057 0.01044157 0.02357995 0.02781634]",[ 1  3  4  5  7 12 13 18 21 27],100,33,0.014603,1000,100,0.001,0.004,1,10,10,random,10,first
20,idID,True,0.09315478537478102,0.004721144544013372,10,"[0.03321999 0.02454287 0.01043403 0.02084499 0.80153983 0.03586663
 0.01069067 0.02414248 0.02847994 0.01023856]",[ 1  3  4  5  7 12 18 21 27 30],100,69,0.017162,1000,100,0.001,0.004,1,10,10,random,10,first
21,TID,True,0.09314074379633637,0.004721170223068976,10,"[0.03318677 0.02454287 0.01043403 0.02084499 0.80157305 0.03586663
 0.01069067 0.02414248 0.02847994 0.01023856]",[ 1  3  4  5  7 12 18 21 27 30],100,34,0.014666,1000,100,0.001,0.004,1,10,10,random,10,first
22,TID,True,0.09312567014507113,0.004721186757583347,10,"[0.03318677 0.02454287 0.01043403 0.02084499 0.80160892 0.03583076
 0.01069067 0.02414248 0.02847994 0.01023856]",[ 1  3  4  5  7 12 18 21 27 30],100,30,0.014393,1000,100,0.001,0.004,1,10,10,random,10,first
23,idID,True,0.08382886744955798,0.004701721515772038,10,"[0.03406674 0.02519364 0.0107107  0.02139771 0.82286412 0.01097414
 0.02478263 0.0292351  0.01026516 0.01051005]",[ 1  3  4  5  7 18 21 27 29 30],100,67,0.017028,1000,100,0.001,0.004,1,10,10,random,10,first
24,iDR,True,0.08376874031507109,0.004701925647256677,10,"[0.03403873 0.02517293 0.01070189 0.02138012 0.82300976 0.01096512
 0.02476226 0.02921106 0.01025672 0.01050141]",[ 1  3  4  5  7 18 21 27 29 30],100,100,0.018881,1000,100,0.001,0.004,1,10,10,random,10,first
25,idID,True,0.07370300620987393,0.004674945630267355,10,"[0.02579296 0.01096549 0.02190673 0.84328117 0.01024631 0.0112352
 0.02537217 0.02993056 0.01050935 0.01076006]",[ 3  4  5  7 16 18 21 27 29 30],100,68,0.017108,1000,100,0.001,0.004,1,10,10,random,10,first
26,iDR,True,0.07364791025942667,0.004675177383006524,10,"[0.02577122 0.01095625 0.02188827 0.84341322 0.01023768 0.01122573
 0.02535079 0.02990534 0.01050049 0.010751  ]",[ 3  4  5  7 16 18 21 27 29 30],100,100,0.018846,1000,100,0.001,0.004,1,10,10,random,10,first
27,idID,True,0.06390560976527189,0.004674309895163856,10,"[0.01016024 0.01113181 0.02223901 0.85692803 0.01040172 0.01140561
 0.02575701 0.03038454 0.01066875 0.01092327]",[ 1  4  5  7 16 18 21 27 29 30],100,56,0.016462,1000,100,0.001,0.004,1,10,10,random,10,first
28,TID,True,0.06389318214989907,0.004674388994952646,10,"[0.01016024 0.01113181 0.02223901 0.85695378 0.01040172 0.01140561
 0.02573126 0.03038454 0.01066875 0.01092327]",[ 1  4  5  7 16 18 21 27 29 30],100,29,0.014291,1000,100,0.001,0.004,1,10,10,random,10,first
29,idID,True,0.057274961268787714,0.004759076212868128,10,"[0.01032263 0.01130973 0.02259445 0.8706502  0.01056797 0.01158791
 0.03087017 0.01015983 0.01083927 0.01109785]",[ 1  4  5  7 16 18 27 28 29 30],100,59,0.01658,1000,100,0.001,0.004,1,10,10,random,10,first
30,TID,True,0.05726274776423809,0.0047591483117514445,10,"[0.01032263 0.01130973 0.02257185 0.8706728  0.01056797 0.01158791
 0.03087017 0.01015983 0.01083927 0.01109785]",[ 1  4  5  7 16 18 27 28 29 30],100,31,0.014385,1000,100,0.001,0.004,1,10,10,random,10,first
31,idID,True,0.05020479066608321,0.004824993533201121,10,"[0.01045405 0.01145372 0.88175813 0.01012732 0.01070252 0.01173544
 0.0312632  0.01028918 0.01097727 0.01123915]",[ 1  4  7 12 16 18 27 28 29 30],100,64,0.016905,1000,100,0.001,0.004,1,10,10,random,10,first
32,iDR,True,0.050164316141447084,0.004825103661563277,10,"[0.01044484 0.01144363 0.8818623  0.0101184  0.01069309 0.0117251
 0.03123566 0.01028012 0.0109676  0.01122925]",[ 1  4  7 12 16 18 27 28 29 30],100,100,0.018815,1000,100,0.001,0.004,1,10,10,random,10,first
33,iDR,True,0.050123865886613266,0.004825213705891799,10,"[0.01043564 0.01143355 0.88196639 0.01010948 0.01068367 0.01171477
 0.03120814 0.01027106 0.01095794 0.01121936]",[ 1  4  7 12 16 18 27 28 29 30],100,100,0.018895,1000,100,0.001,0.004,1,10,10,random,10,first
34,iDR,True,0.05008343990156536,0.004825323666227932,10,"[0.01042645 0.01142347 0.8820704  0.01010057 0.01067426 0.01170445
 0.03118064 0.01026201 0.01094828 0.01120947]",[ 1  4  7 12 16 18 27 28 29 30],100,100,0.018873,1000,100,0.001,0.004,1,10,10,random,10,first
35,idID,True,0.047611060161620825,0.0048283978007056284,10,"[0.01042749 0.01142462 0.88215912 0.01067533 0.01170563 0.01000101
 0.03118378 0.01026304 0.01094938 0.0112106 ]",[ 1  4  7 16 18 25 27 28 29 30],100,65,0.017731,1000,100,0.001,0.004,1,10,10,random,10,first
36,TID,True,0.047605543919203325,0.004828388902649839,10,"[0.01042749 0.01142462 0.88216939 0.01067533 0.01170563 0.01000101
 0.03118378 0.01025278 0.01094938 0.0112106 ]",[ 1  4  7 16 18 25 27 28 29 30],100,37,0.015544,1000,100,0.001,0.004,1,10,10,random,10,first
37,TID,True,0.04760024655228118,0.004828421279977685,10,"[0.01042749 0.01142462 0.88218034 0.01067533 0.01170563 0.01000101
 0.03118378 0.01025278 0.01093843 0.0112106 ]",[ 1  4  7 16 18 25 27 28 29 30],100,38,0.015068,1000,100,0.001,0.004,1,10,10,random,10,first
38,TID,True,0.04759473562056532,0.00482841239081995,10,"[0.01042749 0.01142462 0.88219059 0.01067533 0.01170563 0.01000101
 0.03118378 0.01024252 0.01093843 0.0112106 ]",[ 1  4  7 16 18 25 27 28 29 30],100,32,0.014478,1000,100,0.001,0.004,1,10,10,random,10,first
39,idID,True,0.046181933205852684,0.004895632707426748,10,"[0.01065317 0.01167188 0.90128317 0.01021642 0.01090637 0.01195896
 0.01021745 0.0104642  0.01117517 0.01145322]",[ 1  4  7 13 16 18 25 28 29 30],100,65,0.016968,1000,100,0.001,0.004,1,10,10,random,10,first
40,iDR,True,0.04614311417882416,0.004895681663629042,10,"[0.01064358 0.01166137 0.90137206 0.01020722 0.01089655 0.01194819
 0.01020825 0.01045477 0.0111651  0.01144291]",[ 1  4  7 13 16 18 25 28 29 30],100,100,0.018794,1000,100,0.001,0.004,1,10,10,random,10,first
41,idID,True,0.04368468918900156,0.004865286446054735,10,"[0.01066435 0.01168413 0.90313154 0.01022715 0.01091782 0.01022818
 0.01001952 0.01047518 0.0111869  0.01146524]",[ 1  4  7 13 16 25 27 28 29 30],100,59,0.016667,1000,100,0.001,0.004,1,10,10,random,10,first
42,iDR,True,0.043647968763338145,0.00486536288450287,10,"[0.01065473 0.01167359 0.90321894 0.01021792 0.01090797 0.01021895
 0.01001048 0.01046573 0.0111768  0.0114549 ]",[ 1  4  7 13 16 25 27 28 29 30],100,100,0.019766,1000,100,0.001,0.004,1,10,10,random,10,first
43,TID,True,0.043642220167526,0.004865353810716235,10,"[0.01065473 0.01167359 0.90322941 0.01021792 0.01090797 0.01021895
 0.01001048 0.01045526 0.0111768  0.0114549 ]",[ 1  4  7 13 16 25 27 28 29 30],100,36,0.015064,1000,100,0.001,0.004,1,10,10,random,10,first
44,iDR,True,0.043605528575632255,0.004865430196649642,10,"[0.01064511 0.01166305 0.90331674 0.0102087  0.01089812 0.01020973
 0.01000145 0.01044583 0.01116672 0.01144456]",[ 1  4  7 13 16 25 27 28 29 30],100,100,0.018826,1000,100,0.001,0.004,1,10,10,random,10,first
45,TID,True,0.043602534609365286,0.004865393855614649,10,"[0.01064511 0.01166305 0.90331674 0.0102087  0.01089812 0.01020973
 0.01001189 0.01043538 0.01116672 0.01144456]",[ 1  4  7 13 16 25 27 28 29 30],100,28,0.01429,1000,100,0.001,0.004,1,10,10,random,10,first
46,TID,True,0.043597288238102744,0.0048654232681349125,10,"[0.01064511 0.01166305 0.90332818 0.0102087  0.01089812 0.01020973
 0.01001189 0.01043538 0.01116672 0.01143312]",[ 1  4  7 13 16 25 27 28 29 30],100,32,0.014457,1000,100,0.001,0.004,1,10,10,random,10,first
47,iDR,True,0.04356062755860562,0.004865499599727672,10,"[0.01063551 0.01165253 0.90341543 0.01019948 0.01088829 0.01020051
 0.01000286 0.01042596 0.01115664 0.0114228 ]",[ 1  4  7 13 16 25 27 28 29 30],100,100,0.018863,1000,100,0.001,0.004,1,10,10,random,10,first
48,iDR,True,0.04355520789788619,0.0048655120789206086,10,"[0.01063562 0.01165265 0.90342464 0.01018939 0.0108884  0.01020061
 0.01000296 0.01042607 0.01115675 0.01142291]",[ 1  4  7 13 16 25 27 28 29 30],100,92,0.0193,1000,100,0.001,0.004,1,10,10,random,10,first
49,iDR,True,0.04354979342699249,0.0048655245458885405,10,"[0.01063572 0.01165276 0.90343385 0.0101793  0.01088851 0.01020072
 0.01000306 0.01042618 0.01115687 0.01142303]",[ 1  4  7 13 16 25 27 28 29 30],100,87,0.018967,1000,100,0.001,0.004,1,10,10,random,10,first
50,idID,True,0.042005461498470564,0.004808334676427062,10,"[0.01064026 0.01165773 0.90381903 0.01018364 0.01000426 0.01089315
 0.01020507 0.01000732 0.01116162 0.0114279 ]",[ 1  4  7 13 15 16 25 27 29 30],100,62,0.016755,1000,100,0.001,0.004,1,10,10,random,10,first
51,TID,True,0.04199989775185155,0.0048083676813489755,10,"[0.01064026 0.01165773 0.9038302  0.01018364 0.01000426 0.01089315
 0.01020507 0.01000732 0.01115046 0.0114279 ]",[ 1  4  7 13 15 16 25 27 29 30],100,37,0.014779,1000,100,0.001,0.004,1,10,10,random,10,first
52,iDR,True,0.04199446241321436,0.004808379559342798,10,"[0.01064037 0.01165785 0.9038394  0.01017356 0.01000437 0.01089326
 0.01020517 0.01000743 0.01115058 0.01142802]",[ 1  4  7 13 15 16 25 27 29 30],100,82,0.017778,1000,100,0.001,0.004,1,10,10,random,10,first
53,TID,True,0.04198890397020823,0.004808412531595566,10,"[0.01064037 0.01165785 0.90385055 0.01017356 0.01000437 0.01089326
 0.01020517 0.01000743 0.01113943 0.01142802]",[ 1  4  7 13 15 16 25 27 29 30],100,40,0.014926,1000,100,0.001,0.004,1,10,10,random,10,first
54,TID,True,0.041983350946570804,0.004808445470876083,10,"[0.01064037 0.01165785 0.90386169 0.01017356 0.01000437 0.01089326
 0.01020517 0.01000743 0.01112829 0.01142802]",[ 1  4  7 13 15 16 25 27 29 30],100,35,0.014606,1000,100,0.001,0.004,1,10,10,random,10,first
55,idID,True,0.04107368061069915,0.004820027244342874,10,"[0.01166532 0.90444086 0.01018008 0.01001078 0.01090024 0.01000641
 0.01021171 0.01001384 0.01113542 0.01143534]",[ 4  7 13 15 16 18 25 27 29 30],100,63,0.01686,1000,100,0.001,0.004,1,10,10,random,10,first
56,TID,True,0.041068124087109574,0.00482006017176975,10,"[0.01166532 0.904452   0.01018008 0.01001078 0.01090024 0.01000641
 0.01021171 0.01001384 0.01112428 0.01143534]",[ 4  7 13 15 16 18 25 27 29 30],100,33,0.014466,1000,100,0.001,0.004,1,10,10,random,10,first
57,idID,True,0.04078290132859359,0.004844687836109788,10,"[0.01168209 0.90575206 0.01001437 0.01019472 0.01002517 0.01091591
 0.01002079 0.01022639 0.01002823 0.01114027]",[ 4  7 12 13 15 16 18 25 27 29],100,66,0.017017,1000,100,0.001,0.004,1,10,10,random,10,first
58,iDR,True,0.04074844044224107,0.004844783136500754,10,"[0.01167152 0.90583735 0.01000531 0.01018549 0.01001609 0.01090603
 0.01001172 0.01021714 0.01001916 0.01113019]",[ 4  7 12 13 15 16 18 25 27 29],100,100,0.018799,1000,100,0.001,0.004,1,10,10,random,10,first
59,iDR,True,0.04074297783133119,0.004844795387561119,10,"[0.01167164 0.90584658 0.01000541 0.01017541 0.0100162  0.01090614
 0.01001182 0.01021724 0.01001926 0.0111303 ]",[ 4  7 12 13 15 16 18 25 27 29],100,89,0.018265,1000,100,0.001,0.004,1,10,10,random,10,first
60,TID,True,0.04036560694249742,0.004871031085878717,10,"[0.01167164 0.90584658 0.01       0.01017541 0.0100162  0.01090614
 0.01001182 0.01021724 0.01001926 0.0111303 ]",[ 4  7  8 13 15 16 18 25 27 29],100,36,0.014663,1000,100,0.001,0.004,1,10,10,random,10,first
61,idID,True,0.03946189737105892,0.004878188633079053,10,"[0.01168491 0.90687653 0.01001137 0.01018698 0.01002758 0.01091854
 0.01002321 0.01022886 0.01003065 0.01001137]",[ 4  7  8 13 15 16 18 25 27 30],100,67,0.01706,1000,100,0.001,0.004,1,10,10,random,10,first
62,idID,True,0.03875653977051758,0.004881600410652208,10,"[0.01168709 0.90704613 0.01001324 0.01000187 0.01002946 0.01092059
 0.01002508 0.01023077 0.01003253 0.01001324]",[ 4  7  8 14 15 16 18 25 27 30],100,58,0.016565,1000,100,0.001,0.004,1,10,10,random,10,first
63,TID,True,0.03859387780403987,0.004845913004952522,10,"[0.01168709 0.90704613 0.01001324 0.01002946 0.01092059 0.01
 0.01002508 0.01023077 0.01003253 0.01001324]",[ 4  7  8 15 16 17 18 25 27 30],100,34,0.014702,1000,100,0.001,0.004,1,10,10,random,10,first
64,idID,True,0.0385581196444697,0.004886892144057475,10,"[0.01168711 0.90704782 0.01001326 0.01000002 0.01002948 0.01092061
 0.0100251  0.01023079 0.01003255 0.01001326]",[ 4  7  8 12 15 16 18 25 27 30],100,66,0.016847,1000,100,0.001,0.004,1,10,10,random,10,first
65,TID,True,0.038555428707834835,0.00488691834906906,10,"[0.01168711 0.90705786 0.01001326 0.01000002 0.01002948 0.01092061
 0.0100251  0.01023079 0.01002251 0.01001326]",[ 4  7  8 12 15 16 18 25 27 30],100,19,0.013653,1000,100,0.001,0.004,1,10,10,random,10,first
66,TID,True,0.038551083587881764,0.004886914900434112,10,"[0.01168711 0.90706788 0.01001326 0.01000002 0.01002948 0.01092061
 0.01001508 0.01023079 0.01002251 0.01001326]",[ 4  7  8 12 15 16 18 25 27 30],100,41,0.014998,1000,100,0.001,0.004,1,10,10,random,10,first
67,iDR,True,0.03854682504892685,0.00488694000307883,10,"[0.01168723 0.90707696 0.01001336 0.01000012 0.01002958 0.01092072
 0.01001518 0.01023089 0.01002261 0.01000335]",[ 4  7  8 12 15 16 18 25 27 30],100,47,0.015842,1000,100,0.001,0.004,1,10,10,random,10,first
68,idID,True,0.038542593874708125,0.004886917692485616,10,"[0.01168735 0.90708605 0.01000345 0.01000022 0.01002968 0.01092082
 0.01001528 0.01023099 0.01002271 0.01000345]",[ 4  7  8 12 15 16 18 25 27 30],100,61,0.016512,1000,100,0.001,0.004,1,10,10,random,10,first
69,idID,True,0.038538612843863965,0.004886913615402686,10,"[0.01168747 0.90709513 0.01000355 0.01000032 0.01002978 0.01092093
 0.01000536 0.0102311  0.01002282 0.01000355]",[ 4  7  8 12 15 16 18 25 27 30],100,61,0.016534,1000,100,0.001,0.004,1,10,10,random,10,first
70,TID,True,0.03853490881413793,0.004886844484044104,10,"[0.01167578 0.90710682 0.01000355 0.01000032 0.01002978 0.01092093
 0.01000536 0.0102311  0.01002282 0.01000355]",[ 4  7  8 12 15 16 18 25 27 30],100,45,0.015179,1000,100,0.001,0.004,1,10,10,random,10,first
71,TID,True,0.03853120838811437,0.00488677542181688,10,"[0.0116641  0.9071185  0.01000355 0.01000032 0.01002978 0.01092093
 0.01000536 0.0102311  0.01002282 0.01000355]",[ 4  7  8 12 15 16 18 25 27 30],100,46,0.015267,1000,100,0.001,0.004,1,10,10,random,10,first
72,idID,True,0.03852734444047164,0.0048868230213745,10,"[0.01166422 0.90712759 0.01000365 0.01000042 0.01001985 0.01092104
 0.01000546 0.0102312  0.01002292 0.01000365]",[ 4  7  8 12 15 16 18 25 27 30],100,56,0.016623,1000,100,0.001,0.004,1,10,10,random,10,first
73,idID,True,0.038523484194246095,0.004886870574285974,10,"[0.01166434 0.90713668 0.01000375 0.01000052 0.01000993 0.01092115
 0.01000556 0.0102313  0.01002302 0.01000375]",[ 4  7  8 12 15 16 18 25 27 30],100,54,0.016408,1000,100,0.001,0.004,1,10,10,random,10,first
74,idID,True,0.038519631414061076,0.004886920865330873,10,"[0.01166446 0.90714659 0.01000386 0.01000063 0.01001004 0.01091035
 0.01000567 0.01023141 0.01002313 0.01000386]",[ 4  7  8 12 15 16 18 25 27 30],100,38,0.015285,1000,100,0.001,0.004,1,10,10,random,10,first
75,iDR,True,0.03851577473196383,0.004886968372663227,10,"[0.01166458 0.90715567 0.01000396 0.01000073 0.01000013 0.01091046
 0.01000577 0.01023152 0.01002323 0.01000396]",[ 4  7  8 12 15 16 18 25 27 30],100,76,0.017404,1000,100,0.001,0.004,1,10,10,random,10,first
76,TID,True,0.03851446055764343,0.00488699080456924,10,"[0.01166458 0.90715567 0.01000396 0.01000073 0.01000013 0.01089955
 0.01000577 0.01023152 0.01003414 0.01000396]",[ 4  7  8 12 15 16 18 25 27 30],100,43,0.015565,1000,100,0.001,0.004,1,10,10,random,10,first
77,TID,True,0.03851076333416008,0.004886921808576776,10,"[0.01165292 0.90716734 0.01000396 0.01000073 0.01000013 0.01089955
 0.01000577 0.01023152 0.01003414 0.01000396]",[ 4  7  8 12 15 16 18 25 27 30],100,54,0.016261,1000,100,0.001,0.004,1,10,10,random,10,first
78,TID,True,0.03850945039646157,0.004886944218050883,10,"[0.01165292 0.90716734 0.01000396 0.01000073 0.01000013 0.01088865
 0.01000577 0.01023152 0.01004504 0.01000396]",[ 4  7  8 12 15 16 18 25 27 30],100,57,0.01657,1000,100,0.001,0.004,1,10,10,random,10,first
79,TID,True,0.03850521748865986,0.004886995046269611,10,"[0.01165292 0.90717822 0.01000396 0.01000073 0.01000013 0.01087776
 0.01000577 0.01023152 0.01004504 0.01000396]",[ 4  7  8 12 15 16 18 25 27 30],100,50,0.016069,1000,100,0.001,0.004,1,10,10,random,10,first
80,iDR,True,0.03850137940761409,0.004887045138852159,10,"[0.01165304 0.90718809 0.01000407 0.01000084 0.01000024 0.010867
 0.01000588 0.01023163 0.01004515 0.01000407]",[ 4  7  8 12 15 16 18 25 27 30],100,65,0.017389,1000,100,0.001,0.004,1,10,10,random,10,first
81,iDR,True,0.038497544988797275,0.004887095182430306,10,"[0.01165317 0.90719795 0.01000418 0.01000095 0.01000035 0.01085625
 0.01000599 0.01023174 0.01004525 0.01000418]",[ 4  7  8 12 15 16 18 25 27 30],100,69,0.017416,1000,100,0.001,0.004,1,10,10,random,10,first
82,TID,True,0.038497400454393364,0.004887119843529606,10,"[0.01165317 0.90719795 0.01000418 0.01000095 0.01000035 0.01085625
 0.01000599 0.01024178 0.01003521 0.01000418]",[ 4  7  8 12 15 16 18 25 27 30],100,46,0.015288,1000,100,0.001,0.004,1,10,10,random,10,first
83,iDR,True,0.03849356969894403,0.004887169838417943,10,"[0.0116533  0.9072078  0.01000428 0.01000105 0.01000046 0.01084551
 0.0100061  0.01024189 0.01003532 0.01000428]",[ 4  7  8 12 15 16 18 25 27 30],100,71,0.017602,1000,100,0.001,0.004,1,10,10,random,10,first
84,iDR,True,0.03848974259908321,0.004887219784395301,10,"[0.01165342 0.90721764 0.01000439 0.01000116 0.01000056 0.01083479
 0.01000621 0.01024201 0.01003543 0.01000439]",[ 4  7  8 12 15 16 18 25 27 30],100,69,0.017483,1000,100,0.001,0.004,1,10,10,random,10,first
85,iDR,True,0.03848591915149683,0.004887269681508462,10,"[0.01165355 0.90722747 0.0100045  0.01000127 0.01000067 0.01082407
 0.01000632 0.01024212 0.01003554 0.0100045 ]",[ 4  7  8 12 15 16 18 25 27 30],100,78,0.017671,1000,100,0.001,0.004,1,10,10,random,10,first
86,idID,True,0.03848209935287342,0.004887319529804161,10,"[0.01165367 0.90723729 0.01000461 0.01000138 0.01000078 0.01081336
 0.01000642 0.01024223 0.01003564 0.01000461]",[ 4  7  8 12 15 16 18 25 27 30],100,44,0.015403,1000,100,0.001,0.004,1,10,10,random,10,first
87,iDR,True,0.038478283199904165,0.004887369329329089,10,"[0.0116538  0.9072471  0.01000472 0.01000149 0.01000089 0.01080267
 0.01000653 0.01024234 0.01003575 0.01000472]",[ 4  7  8 12 15 16 18 25 27 30],100,74,0.017277,1000,100,0.001,0.004,1,10,10,random,10,first
88,idID,True,0.03847447068928295,0.004887419080129905,10,"[0.01165393 0.9072569  0.01000483 0.0100016  0.010001   0.01079198
 0.01000664 0.01024245 0.01003586 0.01000483]",[ 4  7  8 12 15 16 18 25 27 30],100,50,0.015856,1000,100,0.001,0.004,1,10,10,random,10,first
89,TID,True,0.03847077618082984,0.004887350147155694,10,"[0.01164227 0.90726855 0.01000483 0.0100016  0.010001   0.01079198
 0.01000664 0.01024245 0.01003586 0.01000483]",[ 4  7  8 12 15 16 18 25 27 30],100,45,0.015167,1000,100,0.001,0.004,1,10,10,random,10,first
90,TID,True,0.0384680832725863,0.004887376360824945,10,"[0.01164227 0.90727859 0.01000483 0.0100016  0.010001   0.01079198
 0.01000664 0.01024245 0.01002583 0.01000483]",[ 4  7  8 12 15 16 18 25 27 30],100,55,0.015831,1000,100,0.001,0.004,1,10,10,random,10,first
91,TID,True,0.03846439229811915,0.0048873074967837075,10,"[0.01163063 0.90729023 0.01000483 0.0100016  0.010001   0.01079198
 0.01000664 0.01024245 0.01002583 0.01000483]",[ 4  7  8 12 15 16 18 25 27 30],100,54,0.015763,1000,100,0.001,0.004,1,10,10,random,10,first
92,iDR,True,0.038460583153239275,0.004887357197702797,10,"[0.01163076 0.90730002 0.01000493 0.0100017  0.01000111 0.0107813
 0.01000675 0.01024256 0.01002593 0.01000493]",[ 4  7  8 12 15 16 18 25 27 30],100,67,0.01692,1000,100,0.001,0.004,1,10,10,random,10,first
93,idID,True,0.03845677764436699,0.004887406849992124,10,"[0.01163088 0.90730981 0.01000504 0.01000181 0.01000121 0.01077064
 0.01000686 0.01024267 0.01002604 0.01000504]",[ 4  7  8 12 15 16 18 25 27 30],100,49,0.015762,1000,100,0.001,0.004,1,10,10,random,10,first
94,TID,True,0.03845532468774388,0.004887455436341906,10,"[0.01163088 0.90730981 0.01000504 0.01000181 0.01000121 0.01075987
 0.01000686 0.01025344 0.01002604 0.01000504]",[ 4  7  8 12 15 16 18 25 27 30],100,42,0.014971,1000,100,0.001,0.004,1,10,10,random,10,first
95,idID,True,0.0384515265534726,0.004887504990966544,10,"[0.01163101 0.90731957 0.01000515 0.01000192 0.01000132 0.01074922
 0.01000696 0.01025355 0.01002615 0.01000515]",[ 4  7  8 12 15 16 18 25 27 30],100,54,0.016009,1000,100,0.001,0.004,1,10,10,random,10,first
96,idID,True,0.038447732045215295,0.004887554497101381,10,"[0.01163113 0.90732932 0.01000526 0.01000203 0.01000143 0.01073859
 0.01000707 0.01025366 0.01002626 0.01000526]",[ 4  7  8 12 15 16 18 25 27 30],100,46,0.015508,1000,100,0.001,0.004,1,10,10,random,10,first
97,idID,True,0.03844394115968157,0.004887603954792818,10,"[0.01163126 0.90733906 0.01000536 0.01000213 0.01000154 0.01072797
 0.01000718 0.01025377 0.01002636 0.01000536]",[ 4  7  8 12 15 16 18 25 27 30],100,48,0.015692,1000,100,0.001,0.004,1,10,10,random,10,first
98,idID,True,0.03844015389358364,0.004887653364087203,10,"[0.01163138 0.9073488  0.01000547 0.01000224 0.01000164 0.01071735
 0.01000729 0.01025388 0.01002647 0.01000547]",[ 4  7  8 12 15 16 18 25 27 30],100,48,0.015628,1000,100,0.001,0.004,1,10,10,random,10,first
99,idID,True,0.038436370243636435,0.004887702725030849,10,"[0.01163151 0.90735852 0.01000558 0.01000235 0.01000175 0.01070675
 0.01000739 0.01025399 0.01002658 0.01000558]",[ 4  7  8 12 15 16 18 25 27 30],100,55,0.016106,1000,100,0.001,0.004,1,10,10,random,10,first
100,iDR,True,0.03843259020655749,0.004887752037670026,10,"[0.01163163 0.90736824 0.01000569 0.01000246 0.01000186 0.01069616
 0.0100075  0.0102541  0.01002669 0.01000569]",[ 4  7  8 12 15 16 18 25 27 30],100,69,0.017054,1000,100,0.001,0.004,1,10,10,random,10,first
101,iDR,True,0.03842881377906695,0.0048878013020509595,10,"[0.01163175 0.90737794 0.01000579 0.01000256 0.01000196 0.01068558
 0.01000761 0.01025421 0.01002679 0.01000579]",[ 4  7  8 12 15 16 18 25 27 30],100,64,0.01691,1000,100,0.001,0.004,1,10,10,random,10,first
102,iDR,True,0.03842504095788762,0.004887850518219832,10,"[0.01163188 0.90738764 0.0100059  0.01000267 0.01000207 0.01067501
 0.01000771 0.01025432 0.0100269  0.0100059 ]",[ 4  7  8 12 15 16 18 25 27 30],100,58,0.01717,1000,100,0.001,0.004,1,10,10,random,10,first
103,TID,True,0.03842088905496719,0.004887900349143958,10,"[0.01163188 0.90739831 0.0100059  0.01000267 0.01000207 0.01066433
 0.01000771 0.01025432 0.0100269  0.0100059 ]",[ 4  7  8 12 15 16 18 25 27 30],100,58,0.016515,1000,100,0.001,0.004,1,10,10,random,10,first
104,TID,True,0.03841674120278537,0.0048879501302371625,10,"[0.01163188 0.90740898 0.0100059  0.01000267 0.01000207 0.01065367
 0.01000771 0.01025432 0.0100269  0.0100059 ]",[ 4  7  8 12 15 16 18 25 27 30],100,48,0.015592,1000,100,0.001,0.004,1,10,10,random,10,first
105,iDR,True,0.03841297924156532,0.004887999201013479,10,"[0.011632   0.90741865 0.01000601 0.01000278 0.01000218 0.01064313
 0.01000782 0.01025443 0.01002701 0.01000601]",[ 4  7  8 12 15 16 18 25 27 30],100,76,0.017479,1000,100,0.001,0.004,1,10,10,random,10,first
106,idID,True,0.03840922087351997,0.004888048223763039,10,"[0.01163213 0.9074283  0.01000611 0.01000288 0.01000228 0.0106326
 0.01000793 0.01025454 0.01002712 0.01000611]",[ 4  7  8 12 15 16 18 25 27 30],100,48,0.015659,1000,100,0.001,0.004,1,10,10,random,10,first
107,iDR,True,0.03840546609538537,0.004888097198531819,10,"[0.01163225 0.90743795 0.01000622 0.01000299 0.01000239 0.01062208
 0.01000803 0.01025465 0.01002722 0.01000622]",[ 4  7  8 12 15 16 18 25 27 30],100,70,0.017116,1000,100,0.001,0.004,1,10,10,random,10,first
108,TID,True,0.03840133429462549,0.004888146782382302,10,"[0.01163225 0.90744857 0.01000622 0.01000299 0.01000239 0.01061145
 0.01000803 0.01025465 0.01002722 0.01000622]",[ 4  7  8 12 15 16 18 25 27 30],100,40,0.014919,1000,100,0.001,0.004,1,10,10,random,10,first
109,idID,True,0.0383975867166175,0.0048881956608150395,10,"[0.01163237 0.9074582  0.01000633 0.0100031  0.0100025  0.01060095
 0.01000814 0.01025476 0.01002733 0.01000633]",[ 4  7  8 12 15 16 18 25 27 30],100,49,0.015877,1000,100,0.001,0.004,1,10,10,random,10,first
110,TID,True,0.03839489524100606,0.00488822185219632,10,"[0.01163237 0.90746823 0.01000633 0.0100031  0.0100025  0.01060095
 0.01000814 0.01025476 0.0100173  0.01000633]",[ 4  7  8 12 15 16 18 25 27 30],100,45,0.015094,1000,100,0.001,0.004,1,10,10,random,10,first
111,TID,True,0.03839120619619266,0.0048881530467062015,10,"[0.01162074 0.90747986 0.01000633 0.0100031  0.0100025  0.01060095
 0.01000814 0.01025476 0.0100173  0.01000633]",[ 4  7  8 12 15 16 18 25 27 30],100,50,0.015568,1000,100,0.001,0.004,1,10,10,random,10,first
112,iDR,True,0.038387462028938106,0.0048882018768445605,10,"[0.01162086 0.90748948 0.01000643 0.0100032  0.0100026  0.01059047
 0.01000825 0.01025486 0.01001741 0.01000643]",[ 4  7  8 12 15 16 18 25 27 30],100,72,0.01713,1000,100,0.001,0.004,1,10,10,random,10,first
113,idID,True,0.03838372143870145,0.004888250659186545,10,"[0.01162099 0.9074991  0.01000654 0.01000331 0.01000271 0.01057999
 0.01000835 0.01025497 0.01001751 0.01000654]",[ 4  7  8 12 15 16 18 25 27 30],100,51,0.015835,1000,100,0.001,0.004,1,10,10,random,10,first
114,idID,True,0.03837998442223168,0.00488829939377791,10,"[0.01162111 0.9075087  0.01000664 0.01000341 0.01000281 0.01056952
 0.01000846 0.01025508 0.01001762 0.01000664]",[ 4  7  8 12 15 16 18 25 27 30],100,49,0.015779,1000,100,0.001,0.004,1,10,10,random,10,first
115,idID,True,0.038376250976280495,0.004888348080664388,10,"[0.01162123 0.90751829 0.01000675 0.01000352 0.01000292 0.01055906
 0.01000856 0.01025519 0.01001773 0.01000675]",[ 4  7  8 12 15 16 18 25 27 30],100,48,0.015641,1000,100,0.001,0.004,1,10,10,random,10,first
116,iDR,True,0.03837252109760212,0.0048883967198916495,10,"[0.01162136 0.90752787 0.01000686 0.01000362 0.01000303 0.01054861
 0.01000867 0.0102553  0.01001783 0.01000686]",[ 4  7  8 12 15 16 18 25 27 30],100,67,0.016922,1000,100,0.001,0.004,1,10,10,random,10,first
117,idID,True,0.03836879478295346,0.004888445311505333,10,"[0.01162148 0.90753744 0.01000696 0.01000373 0.01000313 0.01053818
 0.01000877 0.01025541 0.01001794 0.01000696]",[ 4  7  8 12 15 16 18 25 27 30],100,41,0.015226,1000,100,0.001,0.004,1,10,10,random,10,first
118,idID,True,0.03836507202909405,0.004888493855551037,10,"[0.0116216  0.90754701 0.01000707 0.01000384 0.01000324 0.01052775
 0.01000888 0.01025551 0.01001804 0.01000707]",[ 4  7  8 12 15 16 18 25 27 30],100,50,0.015709,1000,100,0.001,0.004,1,10,10,random,10,first
119,iDR,True,0.03836135283278598,0.004888542352074313,10,"[0.01162172 0.90755656 0.01000717 0.01000394 0.01000334 0.01051733
 0.01000899 0.01025562 0.01001815 0.01000717]",[ 4  7  8 12 15 16 18 25 27 30],100,68,0.017024,1000,100,0.001,0.004,1,10,10,random,10,first
120,idID,True,0.03835763719079405,0.0048885908011206776,10,"[0.01162185 0.90756611 0.01000728 0.01000405 0.01000345 0.01050693
 0.01000909 0.01025573 0.01001825 0.01000728]",[ 4  7  8 12 15 16 18 25 27 30],100,62,0.016501,1000,100,0.001,0.004,1,10,10,random,10,first
121,idID,True,0.03835436681434077,0.00488852134340807,10,"[0.01161036 0.90757666 0.01000739 0.01000416 0.01000356 0.01050705
 0.01000921 0.01025585 0.01001837 0.01000739]",[ 4  7  8 12 15 16 18 25 27 30],100,42,0.015283,1000,100,0.001,0.004,1,10,10,random,10,first
122,TID,True,0.0383517608678129,0.004888522953576449,10,"[0.01161036 0.90758691 0.01000739 0.01000416 0.01000356 0.01050705
 0.01000921 0.01024559 0.01001837 0.01000739]",[ 4  7  8 12 15 16 18 25 27 30],100,52,0.015743,1000,100,0.001,0.004,1,10,10,random,10,first
123,idID,True,0.03834804857048678,0.004888571355041012,10,"[0.01161048 0.90759645 0.0100075  0.01000427 0.01000367 0.01049665
 0.01000931 0.0102457  0.01001847 0.0100075 ]",[ 4  7  8 12 15 16 18 25 27 30],100,50,0.01591,1000,100,0.001,0.004,1,10,10,random,10,first
124,iDR,True,0.038344339821211174,0.004888619709119718,10,"[0.0116106  0.90760597 0.0100076  0.01000437 0.01000377 0.01048626
 0.01000942 0.01024581 0.01001858 0.0100076 ]",[ 4  7  8 12 15 16 18 25 27 30],100,73,0.017394,1000,100,0.001,0.004,1,10,10,random,10,first
125,iDR,True,0.038340634616758414,0.00488866801585796,10,"[0.01161072 0.90761549 0.01000771 0.01000448 0.01000388 0.01047589
 0.01000952 0.01024592 0.01001868 0.01000771]",[ 4  7  8 12 15 16 18 25 27 30],100,67,0.017016,1000,100,0.001,0.004,1,10,10,random,10,first
126,iDR,True,0.03833693295390352,0.004888716275301076,10,"[0.01161085 0.907625   0.01000781 0.01000458 0.01000398 0.01046552
 0.01000963 0.01024602 0.01001879 0.01000781]",[ 4  7  8 12 15 16 18 25 27 30],100,76,0.017485,1000,100,0.001,0.004,1,10,10,random,10,first
127,idID,True,0.038333234829424204,0.004888764487494376,10,"[0.01161097 0.9076345  0.01000792 0.01000469 0.01000409 0.01045517
 0.01000973 0.01024613 0.01001889 0.01000792]",[ 4  7  8 12 15 16 18 25 27 30],100,54,0.016022,1000,100,0.001,0.004,1,10,10,random,10,first
128,idID,True,0.03832954024010059,0.0048888126524831215,10,"[0.01161109 0.90764399 0.01000802 0.01000479 0.01000419 0.01044482
 0.01000984 0.01024624 0.010019   0.01000802]",[ 4  7  8 12 15 16 18 25 27 30],100,53,0.015935,1000,100,0.001,0.004,1,10,10,random,10,first
129,idID,True,0.03832584918271554,0.004888860770312535,10,"[0.01161121 0.90765347 0.01000813 0.0100049  0.0100043  0.01043448
 0.01000994 0.01024635 0.0100191  0.01000813]",[ 4  7  8 12 15 16 18 25 27 30],100,55,0.01603,1000,100,0.001,0.004,1,10,10,random,10,first
130,iDR,True,0.03832216165405456,0.004888908841027801,10,"[0.01161133 0.90766294 0.01000823 0.010005   0.0100044  0.01042416
 0.01001005 0.01024645 0.01001921 0.01000823]",[ 4  7  8 12 15 16 18 25 27 30],100,78,0.017565,1000,100,0.001,0.004,1,10,10,random,10,first
131,iDR,True,0.03831817789887149,0.004888904786006155,10,"[0.01161145 0.90767203 0.01000833 0.0100051  0.0100045  0.01042426
 0.01000014 0.01024655 0.01001931 0.01000833]",[ 4  7  8 12 15 16 18 25 27 30],100,81,0.017728,1000,100,0.001,0.004,1,10,10,random,10,first
132,TID,True,0.038316770266032044,0.004888951809853597,10,"[0.01161145 0.90767203 0.01000833 0.0100051  0.0100045  0.01041384
 0.01000014 0.01025698 0.01001931 0.01000833]",[ 4  7  8 12 15 16 18 25 27 30],100,54,0.015777,1000,100,0.001,0.004,1,10,10,random,10,first
133,TID,True,0.03831271740964547,0.004889000421649772,10,"[0.01161145 0.90768244 0.01000833 0.0100051  0.0100045  0.01040342
 0.01000014 0.01025698 0.01001931 0.01000833]",[ 4  7  8 12 15 16 18 25 27 30],100,51,0.01561,1000,100,0.001,0.004,1,10,10,random,10,first
134,iDR,True,0.03830904045938069,0.004889048350728286,10,"[0.01161157 0.90769188 0.01000844 0.0100052  0.01000461 0.01039313
 0.01000024 0.01025709 0.01001941 0.01000844]",[ 4  7  8 12 15 16 18 25 27 30],100,67,0.016947,1000,100,0.001,0.004,1,10,10,random,10,first
135,TID,True,0.03830499547629542,0.004889096865854203,10,"[0.01161157 0.90770228 0.01000844 0.0100052  0.01000461 0.01038274
 0.01000024 0.01025709 0.01001941 0.01000844]",[ 4  7  8 12 15 16 18 25 27 30],100,56,0.015879,1000,100,0.001,0.004,1,10,10,random,10,first
136,idID,True,0.038301325583460055,0.004889144700620496,10,"[0.01161169 0.9077117  0.01000854 0.01000531 0.01000471 0.01037246
 0.01000034 0.01025719 0.01001952 0.01000854]",[ 4  7  8 12 15 16 18 25 27 30],100,50,0.015781,1000,100,0.001,0.004,1,10,10,random,10,first
137,idID,True,0.03829765920008144,0.004889192488543867,10,"[0.01161181 0.90772112 0.01000864 0.01000541 0.01000481 0.0103622
 0.01000045 0.0102573  0.01001962 0.01000864]",[ 4  7  8 12 15 16 18 25 27 30],100,43,0.015321,1000,100,0.001,0.004,1,10,10,random,10,first
138,idID,True,0.038293996322963174,0.004889240229669208,10,"[0.01161193 0.90773052 0.01000875 0.01000552 0.01000492 0.01035194
 0.01000055 0.0102574  0.01001972 0.01000875]",[ 4  7  8 12 15 16 18 25 27 30],100,50,0.015744,1000,100,0.001,0.004,1,10,10,random,10,first
139,iDR,True,0.03829033694891151,0.004889287924041362,10,"[0.01161205 0.90773992 0.01000885 0.01000562 0.01000502 0.0103417
 0.01000065 0.01025751 0.01001983 0.01000885]",[ 4  7  8 12 15 16 18 25 27 30],100,69,0.017127,1000,100,0.001,0.004,1,10,10,random,10,first
140,iDR,True,0.038286681074735304,0.004889335571705144,10,"[0.01161217 0.90774931 0.01000895 0.01000572 0.01000512 0.01033146
 0.01000076 0.01025762 0.01001993 0.01000895]",[ 4  7  8 12 15 16 18 25 27 30],100,62,0.016596,1000,100,0.001,0.004,1,10,10,random,10,first
141,iDR,True,0.03828302869724601,0.004889383172705321,10,"[0.01161229 0.90775868 0.01000906 0.01000583 0.01000523 0.01032124
 0.01000086 0.01025772 0.01002004 0.01000906]",[ 4  7  8 12 15 16 18 25 27 30],100,74,0.017336,1000,100,0.001,0.004,1,10,10,random,10,first
142,iDR,True,0.03827937981325757,0.0048894307270866185,10,"[0.01161241 0.90776805 0.01000916 0.01000593 0.01000533 0.01031102
 0.01000096 0.01025783 0.01002014 0.01000916]",[ 4  7  8 12 15 16 18 25 27 30],100,66,0.016821,1000,100,0.001,0.004,1,10,10,random,10,first
143,idID,True,0.03827573441958661,0.00488947823489372,10,"[0.01161253 0.90777741 0.01000926 0.01000603 0.01000543 0.01030082
 0.01000107 0.01025793 0.01002024 0.01000926]",[ 4  7  8 12 15 16 18 25 27 30],100,54,0.016048,1000,100,0.001,0.004,1,10,10,random,10,first
144,TID,True,0.03827312691539037,0.004889479845389449,10,"[0.01161253 0.90778767 0.01000926 0.01000603 0.01000543 0.01030082
 0.01000107 0.01024768 0.01002024 0.01000926]",[ 4  7  8 12 15 16 18 25 27 30],100,47,0.015306,1000,100,0.001,0.004,1,10,10,random,10,first
145,TID,True,0.03827188340632298,0.004889501023868549,10,"[0.01161253 0.90778767 0.01000926 0.01000603 0.01000543 0.01029052
 0.01000107 0.01024768 0.01003054 0.01000926]",[ 4  7  8 12 15 16 18 25 27 30],100,55,0.015844,1000,100,0.001,0.004,1,10,10,random,10,first
146,TID,True,0.03826927844388087,0.004889502632753782,10,"[0.01161253 0.90779792 0.01000926 0.01000603 0.01000543 0.01029052
 0.01000107 0.01023743 0.01003054 0.01000926]",[ 4  7  8 12 15 16 18 25 27 30],100,52,0.015613,1000,100,0.001,0.004,1,10,10,random,10,first
147,iDR,True,0.03826563997136898,0.004889550046820642,10,"[0.01161265 0.90780726 0.01000937 0.01000614 0.01000554 0.01028033
 0.01000117 0.01023753 0.01003065 0.01000937]",[ 4  7  8 12 15 16 18 25 27 30],100,74,0.017359,1000,100,0.001,0.004,1,10,10,random,10,first
148,iDR,True,0.03826200497969005,0.004889597414447822,10,"[0.01161277 0.90781659 0.01000947 0.01000624 0.01000564 0.01027016
 0.01000127 0.01023764 0.01003075 0.01000947]",[ 4  7  8 12 15 16 18 25 27 30],100,60,0.016544,1000,100,0.001,0.004,1,10,10,random,10,first
149,idID,True,0.038258373465671,0.004889644735679844,10,"[0.01161289 0.90782592 0.01000957 0.01000634 0.01000574 0.01025999
 0.01000138 0.01023774 0.01003085 0.01000957]",[ 4  7  8 12 15 16 18 25 27 30],100,51,0.015743,1000,100,0.001,0.004,1,10,10,random,10,first
150,TID,True,0.038255770821842866,0.004889646343005763,10,"[0.01161289 0.90783616 0.01000957 0.01000634 0.01000574 0.01025999
 0.01000138 0.01022751 0.01003085 0.01000957]",[ 4  7  8 12 15 16 18 25 27 30],100,48,0.015404,1000,100,0.001,0.004,1,10,10,random,10,first
151,idID,True,0.038252142708316665,0.004889693617903599,10,"[0.01161301 0.90784547 0.01000968 0.01000644 0.01000584 0.01024984
 0.01000148 0.01022761 0.01003096 0.01000968]",[ 4  7  8 12 15 16 18 25 27 30],100,52,0.015883,1000,100,0.001,0.004,1,10,10,random,10,first
152,iDR,True,0.03824851806618341,0.004889740846495184,10,"[0.01161313 0.90785478 0.01000978 0.01000655 0.01000595 0.01023969
 0.01000158 0.01022772 0.01003106 0.01000978]",[ 4  7  8 12 15 16 18 25 27 30],100,65,0.01676,1000,100,0.001,0.004,1,10,10,random,10,first
153,idID,True,0.038244896892277565,0.004889788028824915,10,"[0.01161324 0.90786407 0.01000988 0.01000665 0.01000605 0.01022956
 0.01000168 0.01022782 0.01003116 0.01000988]",[ 4  7  8 12 15 16 18 25 27 30],100,46,0.015668,1000,100,0.001,0.004,1,10,10,random,10,first
154,TID,True,0.03824091404168503,0.004889835780396758,10,"[0.01161324 0.9078743  0.01000988 0.01000665 0.01000605 0.01021933
 0.01000168 0.01022782 0.01003116 0.01000988]",[ 4  7  8 12 15 16 18 25 27 30],100,49,0.015437,1000,100,0.001,0.004,1,10,10,random,10,first
155,idID,True,0.0382372998227522,0.004889882869860395,10,"[0.01161336 0.90788358 0.01000998 0.01000675 0.01000615 0.01020921
 0.01000179 0.01022793 0.01003126 0.01000998]",[ 4  7  8 12 15 16 18 25 27 30],100,50,0.015854,1000,100,0.001,0.004,1,10,10,random,10,first
156,iDR,True,0.038233689062540835,0.004889929913195591,10,"[0.01161348 0.90789285 0.01001009 0.01000685 0.01000625 0.01019911
 0.01000189 0.01022803 0.01003137 0.01001009]",[ 4  7  8 12 15 16 18 25 27 30],100,69,0.016993,1000,100,0.001,0.004,1,10,10,random,10,first
157,iDR,True,0.03822942396801275,0.004889955038059011,10,"[0.0116136  0.90790194 0.01001019 0.01000695 0.01000635 0.01019921
 0.01000199 0.01022813 0.01003147 0.01000018]",[ 4  7  8 12 15 16 18 25 27 30],100,81,0.017803,1000,100,0.001,0.004,1,10,10,random,10,first
158,idID,True,0.03822518637740773,0.004889932764723769,10,"[0.01161371 0.90791102 0.01000028 0.01000705 0.01000645 0.01019931
 0.01000209 0.01022824 0.01003157 0.01000028]",[ 4  7  8 12 15 16 18 25 27 30],100,58,0.016272,1000,100,0.001,0.004,1,10,10,random,10,first
159,idID,True,0.03822157881044391,0.0048899797629447656,10,"[0.01161383 0.90792028 0.01000038 0.01000716 0.01000656 0.01018922
 0.01000219 0.01022834 0.01003167 0.01000038]",[ 4  7  8 12 15 16 18 25 27 30],100,57,0.016243,1000,100,0.001,0.004,1,10,10,random,10,first
160,iDR,True,0.038217974696143964,0.004890026715124822,10,"[0.01161395 0.90792954 0.01000048 0.01000726 0.01000666 0.01017913
 0.01000229 0.01022844 0.01003177 0.01000048]",[ 4  7  8 12 15 16 18 25 27 30],100,75,0.017484,1000,100,0.001,0.004,1,10,10,random,10,first
161,TID,True,0.0382165992123285,0.004890072633183024,10,"[0.01161395 0.90792954 0.01000048 0.01000726 0.01000666 0.01016895
 0.01000229 0.01023862 0.01003177 0.01000048]",[ 4  7  8 12 15 16 18 25 27 30],100,52,0.015797,1000,100,0.001,0.004,1,10,10,random,10,first
162,idID,True,0.03821300209458328,0.004890119492926577,10,"[0.01161407 0.90793877 0.01000058 0.01000736 0.01000676 0.01015889
 0.01000239 0.01023873 0.01003187 0.01000058]",[ 4  7  8 12 15 16 18 25 27 30],100,45,0.015572,1000,100,0.001,0.004,1,10,10,random,10,first
163,iDR,True,0.03820940841996361,0.004890166306762008,10,"[0.01161419 0.90794799 0.01000068 0.01000746 0.01000686 0.01014883
 0.0100025  0.01023883 0.01003198 0.01000068]",[ 4  7  8 12 15 16 18 25 27 30],100,65,0.016846,1000,100,0.001,0.004,1,10,10,random,10,first
164,TID,True,0.03820572212783987,0.004890097608843186,10,"[0.01160257 0.90795961 0.01000068 0.01000746 0.01000686 0.01014883
 0.0100025  0.01023883 0.01003198 0.01000068]",[ 4  7  8 12 15 16 18 25 27 30],100,50,0.015466,1000,100,0.001,0.004,1,10,10,random,10,first
165,TID,True,0.038203666239473376,0.004886944113923872,10,"[0.01       0.01160257 0.90795961 0.01000068 0.01000686 0.01014883
 0.0100025  0.01023883 0.01003198 0.01000068]",[ 1  4  7  8 15 16 18 25 27 30],100,52,0.015579,1000,100,0.001,0.004,1,10,10,random,10,first
166,iDR,True,0.03820064373656807,0.004887027314385389,10,"[0.01000018 0.01160278 0.9079756  0.01000086 0.01000704 0.01013886
 0.01000267 0.01023901 0.01003215 0.01000086]",[ 1  4  7  8 15 16 18 25 27 30],100,35,0.01509,1000,100,0.001,0.004,1,10,10,random,10,first
167,iDR,True,0.03819705454892472,0.00488707400458496,10,"[0.01000028 0.0116029  0.9079848  0.01000096 0.01000714 0.01012882
 0.01000277 0.01023912 0.01003225 0.01000096]",[ 1  4  7  8 15 16 18 25 27 30],100,77,0.017497,1000,100,0.001,0.004,1,10,10,random,10,first
168,TID,True,0.03819582500164246,0.004887094829446295,10,"[0.01000028 0.0116029  0.9079848  0.01000096 0.01000714 0.01011869
 0.01000277 0.01023912 0.01004238 0.01000096]",[ 1  4  7  8 15 16 18 25 27 30],100,45,0.015228,1000,100,0.001,0.004,1,10,10,random,10,first
169,iDR,True,0.03819224277833145,0.004887141427466832,10,"[0.01000038 0.01160301 0.90799399 0.01000106 0.01000724 0.01010868
 0.01000287 0.01023922 0.01004248 0.01000106]",[ 1  4  7  8 15 16 18 25 27 30],100,69,0.017016,1000,100,0.001,0.004,1,10,10,random,10,first
170,iDR,True,0.038188663984657624,0.004887187979830974,10,"[0.01000048 0.01160313 0.90800317 0.01000116 0.01000734 0.01009867
 0.01000298 0.01023932 0.01004259 0.01000116]",[ 1  4  7  8 15 16 18 25 27 30],100,68,0.017002,1000,100,0.001,0.004,1,10,10,random,10,first
171,idID,True,0.03818508861748935,0.004887234486582528,10,"[0.01000058 0.01160325 0.90801234 0.01000126 0.01000744 0.01008867
 0.01000308 0.01023943 0.01004269 0.01000126]",[ 1  4  7  8 15 16 18 25 27 30],100,62,0.016457,1000,100,0.001,0.004,1,10,10,random,10,first
172,TID,True,0.038182394119956144,0.0048872607180812065,10,"[0.01000058 0.01160325 0.90802238 0.01000126 0.01000744 0.01008867
 0.01000308 0.01023943 0.01003264 0.01000126]",[ 1  4  7  8 15 16 18 25 27 30],100,51,0.01563,1000,100,0.001,0.004,1,10,10,random,10,first
173,iDR,True,0.038178822108992996,0.004887307179528575,10,"[0.01000068 0.01160336 0.90803154 0.01000136 0.01000754 0.01007869
 0.01000318 0.01023953 0.01003275 0.01000136]",[ 1  4  7  8 15 16 18 25 27 30],100,69,0.017013,1000,100,0.001,0.004,1,10,10,random,10,first
174,idID,True,0.03817525351834476,0.004887353595450577,10,"[0.01000078 0.01160348 0.90804069 0.01000146 0.01000765 0.01006871
 0.01000328 0.01023963 0.01003285 0.01000146]",[ 1  4  7  8 15 16 18 25 27 30],100,45,0.01543,1000,100,0.001,0.004,1,10,10,random,10,first
175,idID,True,0.03817197791400648,0.004887284233138483,10,"[0.0100009  0.01159201 0.90805123 0.01000158 0.01000776 0.01006883
 0.01000339 0.01023975 0.01003296 0.01000158]",[ 1  4  7  8 15 16 18 25 27 30],100,41,0.015226,1000,100,0.001,0.004,1,10,10,random,10,first
176,TID,True,0.0381682921952633,0.004887215666386583,10,"[0.0100009  0.01158042 0.90806282 0.01000158 0.01000776 0.01006883
 0.01000339 0.01023975 0.01003296 0.01000158]",[ 1  4  7  8 15 16 18 25 27 30],100,53,0.015719,1000,100,0.001,0.004,1,10,10,random,10,first
177,TID,True,0.0381643679072789,0.00488726266767392,10,"[0.0100009  0.01158042 0.90807289 0.01000158 0.01000776 0.01005876
 0.01000339 0.01023975 0.01003296 0.01000158]",[ 1  4  7  8 15 16 18 25 27 30],100,50,0.015524,1000,100,0.001,0.004,1,10,10,random,10,first
178,iDR,True,0.03816080595631696,0.004887308991366238,10,"[0.010001   0.01158054 0.90808203 0.01000168 0.01000786 0.0100488
 0.01000349 0.01023985 0.01003306 0.01000168]",[ 1  4  7  8 15 16 18 25 27 30],100,73,0.017252,1000,100,0.001,0.004,1,10,10,random,10,first
179,TID,True,0.03815688929939167,0.004887355899169836,10,"[0.010001   0.01158054 0.90809207 0.01000168 0.01000786 0.01003875
 0.01000349 0.01023985 0.01003306 0.01000168]",[ 1  4  7  8 15 16 18 25 27 30],100,53,0.015725,1000,100,0.001,0.004,1,10,10,random,10,first
180,idID,True,0.03815333419469729,0.004887402131661134,10,"[0.0100011  0.01158065 0.90810119 0.01000178 0.01000796 0.01002881
 0.0100036  0.01023996 0.01003316 0.01000178]",[ 1  4  7  8 15 16 18 25 27 30],100,54,0.016059,1000,100,0.001,0.004,1,10,10,random,10,first
181,TID,True,0.038149651751330366,0.004887333632099322,10,"[0.0100011  0.01156907 0.90811277 0.01000178 0.01000796 0.01002881
 0.0100036  0.01023996 0.01003316 0.01000178]",[ 1  4  7  8 15 16 18 25 27 30],100,39,0.014807,1000,100,0.001,0.004,1,10,10,random,10,first
182,idID,True,0.03814609995821436,0.004887379818598014,10,"[0.0100012  0.01156919 0.90812188 0.01000188 0.01000806 0.01001889
 0.0100037  0.01024006 0.01003327 0.01000188]",[ 1  4  7  8 15 16 18 25 27 30],100,59,0.016312,1000,100,0.001,0.004,1,10,10,random,10,first
183,iDR,True,0.03814255156695772,0.004887425959835229,10,"[0.0100013  0.0115693  0.90813098 0.01000198 0.01000816 0.01000897
 0.0100038  0.01024016 0.01003337 0.01000198]",[ 1  4  7  8 15 16 18 25 27 30],100,61,0.01658,1000,100,0.001,0.004,1,10,10,random,10,first
184,TID,True,0.03813993791175936,0.004887427567540668,10,"[0.0100013  0.0115693  0.90814122 0.01000198 0.01000816 0.01000897
 0.0100038  0.01022992 0.01003337 0.01000198]",[ 1  4  7  8 15 16 18 25 27 30],100,53,0.015678,1000,100,0.001,0.004,1,10,10,random,10,first
185,TID,False,0.03813993791175936,0.004887427567540668,10,"[0.0100013  0.0115693  0.90814122 0.01000198 0.01000816 0.01000897
 0.0100038  0.01022992 0.01003337 0.01000198]",[ 1  4  7  8 15 16 18 25 27 30],100,41,0.014877,1000,100,0.001,0.004,1,10,10,random,10,first
186,TID,True,0.03813625880698183,0.004887359135106512,10,"[0.0100013  0.01155773 0.90815279 0.01000198 0.01000816 0.01000897
 0.0100038  0.01022992 0.01003337 0.01000198]",[ 1  4  7  8 15 16 18 25 27 30],100,51,0.015669,1000,100,0.001,0.004,1,10,10,random,10,first
187,TID,True,0.03813258328300022,0.004887290771104791,10,"[0.0100013  0.01154618 0.90816434 0.01000198 0.01000816 0.01000897
 0.0100038  0.01022992 0.01003337 0.01000198]",[ 1  4  7  8 15 16 18 25 27 30],100,54,0.015892,1000,100,0.001,0.004,1,10,10,random,10,first
188,TID,True,0.03812891133643023,0.004887222475467071,10,"[0.0100013  0.01153463 0.90817589 0.01000198 0.01000816 0.01000897
 0.0100038  0.01022992 0.01003337 0.01000198]",[ 1  4  7  8 15 16 18 25 27 30],100,50,0.015604,1000,100,0.001,0.004,1,10,10,random,10,first
189,TID,True,0.038126218540326044,0.004887248682618908,10,"[0.0100013  0.01153463 0.90818592 0.01000198 0.01000816 0.01000897
 0.0100038  0.01022992 0.01002333 0.01000198]",[ 1  4  7  8 15 16 18 25 27 30],100,49,0.015539,1000,100,0.001,0.004,1,10,10,random,10,first
190,TID,True,0.03812352837278407,0.004887274863563593,10,"[0.0100013  0.01153463 0.90819595 0.01000198 0.01000816 0.01000897
 0.0100038  0.01022992 0.01001331 0.01000198]",[ 1  4  7  8 15 16 18 25 27 30],100,53,0.015672,1000,100,0.001,0.004,1,10,10,random,10,first
191,idID,True,0.03812027059027911,0.004887205911914877,10,"[0.01000142 0.01152323 0.90820642 0.0100021  0.01000828 0.01000908
 0.01000391 0.01023004 0.01001342 0.0100021 ]",[ 1  4  7  8 15 16 18 25 27 30],100,44,0.015339,1000,100,0.001,0.004,1,10,10,random,10,first
192,iDR,True,0.03811701590533871,0.004887137027629498,10,"[0.01000153 0.01151184 0.90821689 0.01000221 0.01000839 0.0100092
 0.01000403 0.01023016 0.01001354 0.01000221]",[ 1  4  7  8 15 16 18 25 27 30],100,74,0.017299,1000,100,0.001,0.004,1,10,10,random,10,first
193,TID,True,0.03811335447941819,0.0048870689351038134,10,"[0.01000153 0.01150033 0.9082284  0.01000221 0.01000839 0.0100092
 0.01000403 0.01023016 0.01001354 0.01000221]",[ 1  4  7  8 15 16 18 25 27 30],100,55,0.015793,1000,100,0.001,0.004,1,10,10,random,10,first
194,TID,True,0.03810969661758892,0.004887000910670655,10,"[0.01000153 0.01148883 0.9082399  0.01000221 0.01000839 0.0100092
 0.01000403 0.01023016 0.01001354 0.01000221]",[ 1  4  7  8 15 16 18 25 27 30],100,53,0.015644,1000,100,0.001,0.004,1,10,10,random,10,first
195,iDR,True,0.03810645126209295,0.004886932229687261,10,"[0.01000165 0.01147747 0.90825034 0.01000233 0.01000851 0.01000931
 0.01000414 0.01023028 0.01001366 0.01000233]",[ 1  4  7  8 15 16 18 25 27 30],100,62,0.016644,1000,100,0.001,0.004,1,10,10,random,10,first
196,TID,True,0.038102800482951935,0.004886864340454976,10,"[0.01000165 0.01146599 0.90826181 0.01000233 0.01000851 0.01000931
 0.01000414 0.01023028 0.01001366 0.01000233]",[ 1  4  7  8 15 16 18 25 27 30],100,61,0.016146,1000,100,0.001,0.004,1,10,10,random,10,first
197,TID,True,0.03809915325783572,0.004886796519111925,10,"[0.01000165 0.01145453 0.90827328 0.01000233 0.01000851 0.01000931
 0.01000414 0.01023028 0.01001366 0.01000233]",[ 1  4  7  8 15 16 18 25 27 30],100,62,0.016277,1000,100,0.001,0.004,1,10,10,random,10,first
198,idID,True,0.038095917206328864,0.004886728040839909,10,"[0.01000176 0.0114432  0.90828368 0.01000244 0.01000862 0.01000943
 0.01000426 0.01023039 0.01001377 0.01000244]",[ 1  4  7  8 15 16 18 25 27 30],100,47,0.015502,1000,100,0.001,0.004,1,10,10,random,10,first
199,idID,True,0.03809268423283875,0.004886659629479712,10,"[0.01000187 0.01143189 0.90829408 0.01000256 0.01000874 0.01000954
 0.01000437 0.01023051 0.01001388 0.01000256]",[ 1  4  7  8 15 16 18 25 27 30],100,43,0.015246,1000,100,0.001,0.004,1,10,10,random,10,first
200,idID,True,0.0380894543345949,0.004886591284967495,10,"[0.01000199 0.01142059 0.90830446 0.01000267 0.01000885 0.01000966
 0.01000448 0.01023063 0.010014   0.01000267]",[ 1  4  7  8 15 16 18 25 27 30],100,37,0.014969,1000,100,0.001,0.004,1,10,10,random,10,first
201,idID,True,0.03808622750882915,0.004886523007239485,10,"[0.0100021  0.0114093  0.90831483 0.01000279 0.01000897 0.01000977
 0.0100046  0.01023074 0.01001411 0.01000279]",[ 1  4  7  8 15 16 18 25 27 30],100,38,0.0151,1000,100,0.001,0.004,1,10,10,random,10,first
202,iDR,True,0.03808300375277546,0.0048864547962319625,10,"[0.01000222 0.01139802 0.9083252  0.0100029  0.01000908 0.01000989
 0.01000471 0.01023086 0.01001423 0.0100029 ]",[ 1  4  7  8 15 16 18 25 27 30],100,63,0.01666,1000,100,0.001,0.004,1,10,10,random,10,first
203,iDR,True,0.03807978306366991,0.004886386651881265,10,"[0.01000233 0.01138675 0.90833555 0.01000301 0.01000919 0.01001
 0.01000483 0.01023098 0.01001434 0.01000301]",[ 1  4  7  8 15 16 18 25 27 30],100,63,0.01668,1000,100,0.001,0.004,1,10,10,random,10,first
204,iDR,True,0.0380765654387509,0.004886318574123792,10,"[0.01000245 0.01137549 0.90834589 0.01000313 0.01000931 0.01001011
 0.01000494 0.01023109 0.01001446 0.01000313]",[ 1  4  7  8 15 16 18 25 27 30],100,68,0.017034,1000,100,0.001,0.004,1,10,10,random,10,first
205,TID,True,0.03807294628091365,0.00488625128807733,10,"[0.01000245 0.01136412 0.90835727 0.01000313 0.01000931 0.01001011
 0.01000494 0.01023109 0.01001446 0.01000313]",[ 1  4  7  8 15 16 18 25 27 30],100,48,0.015455,1000,100,0.001,0.004,1,10,10,random,10,first
206,TID,True,0.038069837273035784,0.00488936107474498,10,"[0.01136412 0.90835727 0.01000313 0.01       0.01000931 0.01001011
 0.01000494 0.01023109 0.01001446 0.01000313]",[ 4  7  8 12 15 16 18 25 27 30],100,50,0.015476,1000,100,0.001,0.004,1,10,10,random,10,first
207,iDR,True,0.03806647841203663,0.004889419150826647,10,"[0.01136426 0.90836858 0.01000325 0.01000012 0.01000943 0.01000023
 0.01000507 0.01023122 0.01001458 0.01000325]",[ 4  7  8 12 15 16 18 25 27 30],100,22,0.014358,1000,100,0.001,0.004,1,10,10,random,10,first
208,TID,True,0.03806378604685401,0.004889445308910866,10,"[0.01136426 0.9083786  0.01000325 0.01000012 0.01000943 0.01000023
 0.01000507 0.01023122 0.01000457 0.01000325]",[ 4  7  8 12 15 16 18 25 27 30],100,61,0.016206,1000,100,0.001,0.004,1,10,10,random,10,first
209,idID,True,0.03806057980260777,0.004889377400382232,10,"[0.01135302 0.90838892 0.01000337 0.01000024 0.01000955 0.01000034
 0.01000518 0.01023134 0.01000468 0.01000337]",[ 4  7  8 12 15 16 18 25 27 30],100,37,0.014873,1000,100,0.001,0.004,1,10,10,random,10,first
210,idID,True,0.038057376609256496,0.004889309558220947,10,"[0.0113418  0.90839923 0.01000348 0.01000035 0.01000966 0.01000045
 0.01000529 0.01023145 0.01000479 0.01000348]",[ 4  7  8 12 15 16 18 25 27 30],100,51,0.015761,1000,100,0.001,0.004,1,10,10,random,10,first
211,idID,True,0.038054176464051785,0.004889241782363669,10,"[0.01133059 0.90840954 0.01000359 0.01000047 0.01000977 0.01000057
 0.01000541 0.01023157 0.01000491 0.01000359]",[ 4  7  8 12 15 16 18 25 27 30],100,47,0.015565,1000,100,0.001,0.004,1,10,10,random,10,first
212,idID,True,0.03805097936424733,0.0048891740727471196,10,"[0.01131938 0.90841983 0.01000371 0.01000058 0.01000989 0.01000068
 0.01000552 0.01023169 0.01000502 0.01000371]",[ 4  7  8 12 15 16 18 25 27 30],100,46,0.015461,1000,100,0.001,0.004,1,10,10,random,10,first
213,idID,True,0.03804778530709904,0.0048891064293080716,10,"[0.01130819 0.90843011 0.01000382 0.01000069 0.01001    0.01000079
 0.01000563 0.0102318  0.01000513 0.01000382]",[ 4  7  8 12 15 16 18 25 27 30],100,42,0.015206,1000,100,0.001,0.004,1,10,10,random,10,first
214,iDR,True,0.038044594289865,0.004889038851983363,10,"[0.01129701 0.90844039 0.01000393 0.0100008  0.01001011 0.01000091
 0.01000575 0.01023192 0.01000525 0.01000393]",[ 4  7  8 12 15 16 18 25 27 30],100,67,0.016953,1000,100,0.001,0.004,1,10,10,random,10,first
215,idID,True,0.03804140630980541,0.004888971340709882,10,"[0.01128584 0.90845065 0.01000405 0.01000092 0.01001023 0.01000102
 0.01000586 0.01023203 0.01000536 0.01000405]",[ 4  7  8 12 15 16 18 25 27 30],100,42,0.015078,1000,100,0.001,0.004,1,10,10,random,10,first
216,idID,True,0.03803753781825115,0.004889018869458829,10,"[0.01128596 0.90845974 0.01000415 0.01000102 0.01000032 0.01000112
 0.01000596 0.01023213 0.01000546 0.01000415]",[ 4  7  8 12 15 16 18 25 27 30],100,36,0.014885,1000,100,0.001,0.004,1,10,10,random,10,first
217,TID,True,0.03803682457824607,0.004888950341131184,10,"[0.01127467 0.90845974 0.01000415 0.01000102 0.01000032 0.01000112
 0.01000596 0.01024342 0.01000546 0.01000415]",[ 4  7  8 12 15 16 18 25 27 30],100,59,0.016057,1000,100,0.001,0.004,1,10,10,random,10,first
218,idID,True,0.03803364265070363,0.004888882962380671,10,"[0.01126352 0.90846998 0.01000426 0.01000113 0.01000043 0.01000123
 0.01000607 0.01024354 0.01000557 0.01000426]",[ 4  7  8 12 15 16 18 25 27 30],100,47,0.015672,1000,100,0.001,0.004,1,10,10,random,10,first
219,TID,True,0.038032930753954086,0.004888814570270054,10,"[0.01125226 0.90846998 0.01000426 0.01000113 0.01000043 0.01000123
 0.01000607 0.0102548  0.01000557 0.01000426]",[ 4  7  8 12 15 16 18 25 27 30],100,57,0.015949,1000,100,0.001,0.004,1,10,10,random,10,first
220,TID,True,0.038030320485450554,0.00488881618027358,10,"[0.01125226 0.90848024 0.01000426 0.01000113 0.01000043 0.01000123
 0.01000607 0.01024454 0.01000557 0.01000426]",[ 4  7  8 12 15 16 18 25 27 30],100,57,0.015985,1000,100,0.001,0.004,1,10,10,random,10,first
221,idID,True,0.038027144646679556,0.004888748933946905,10,"[0.01124113 0.90849046 0.01000437 0.01000124 0.01000054 0.01000135
 0.01000619 0.01024466 0.01000568 0.01000437]",[ 4  7  8 12 15 16 18 25 27 30],100,50,0.015787,1000,100,0.001,0.004,1,10,10,random,10,first
222,idID,True,0.03802397183139991,0.004888681753355447,10,"[0.01123002 0.90850067 0.01000448 0.01000136 0.01000066 0.01000146
 0.0100063  0.01024478 0.0100058  0.01000448]",[ 4  7  8 12 15 16 18 25 27 30],100,40,0.015034,1000,100,0.001,0.004,1,10,10,random,10,first
223,TID,True,0.038021363947275025,0.004888683361785147,10,"[0.01123002 0.90851092 0.01000448 0.01000136 0.01000066 0.01000146
 0.0100063  0.01023453 0.0100058  0.01000448]",[ 4  7  8 12 15 16 18 25 27 30],100,61,0.016141,1000,100,0.001,0.004,1,10,10,random,10,first
224,idID,True,0.03801819407194105,0.0048886162468842025,10,"[0.01121891 0.90852112 0.0100046  0.01000147 0.01000077 0.01000157
 0.01000641 0.01023465 0.01000591 0.0100046 ]",[ 4  7  8 12 15 16 18 25 27 30],100,42,0.015098,1000,100,0.001,0.004,1,10,10,random,10,first
225,TID,True,0.03801462891191689,0.004888549887004287,10,"[0.0112077  0.90853234 0.0100046  0.01000147 0.01000077 0.01000157
 0.01000641 0.01023465 0.01000591 0.0100046 ]",[ 4  7  8 12 15 16 18 25 27 30],100,53,0.015624,1000,100,0.001,0.004,1,10,10,random,10,first
226,idID,True,0.03801146509547157,0.00488848290401936,10,"[0.01119661 0.90854252 0.01000471 0.01000158 0.01000088 0.01000168
 0.01000652 0.01023476 0.01000602 0.01000471]",[ 4  7  8 12 15 16 18 25 27 30],100,39,0.015123,1000,100,0.001,0.004,1,10,10,random,10,first
227,iDR,True,0.03800830429167872,0.004888415986518186,10,"[0.01118554 0.9085527  0.01000482 0.01000169 0.01000099 0.0100018
 0.01000663 0.01023487 0.01000613 0.01000482]",[ 4  7  8 12 15 16 18 25 27 30],100,64,0.016735,1000,100,0.001,0.004,1,10,10,random,10,first
228,idID,True,0.03800514649782011,0.004888349134438226,10,"[0.01117448 0.90856286 0.01000493 0.0100018  0.0100011  0.01000191
 0.01000675 0.01023499 0.01000625 0.01000493]",[ 4  7  8 12 15 16 18 25 27 30],100,42,0.01525,1000,100,0.001,0.004,1,10,10,random,10,first
229,TID,True,0.03800159510841211,0.004888283037379772,10,"[0.01116331 0.90857403 0.01000493 0.0100018  0.0100011  0.01000191
 0.01000675 0.01023499 0.01000625 0.01000493]",[ 4  7  8 12 15 16 18 25 27 30],100,54,0.01572,1000,100,0.001,0.004,1,10,10,random,10,first
230,iDR,True,0.037998443351460943,0.004888216316708146,10,"[0.01115227 0.90858418 0.01000504 0.01000192 0.01000121 0.01000202
 0.01000686 0.0102351  0.01000636 0.01000504]",[ 4  7  8 12 15 16 18 25 27 30],100,66,0.016872,1000,100,0.001,0.004,1,10,10,random,10,first
231,iDR,True,0.03799529459628004,0.004888149661269745,10,"[0.01114124 0.90859431 0.01000516 0.01000203 0.01000133 0.01000213
 0.01000697 0.01023522 0.01000647 0.01000516]",[ 4  7  8 12 15 16 18 25 27 30],100,60,0.016562,1000,100,0.001,0.004,1,10,10,random,10,first
232,TID,True,0.03799459011361477,0.004888082011658922,10,"[0.0111301  0.90859431 0.01000516 0.01000203 0.01000133 0.01000213
 0.01000697 0.01024636 0.01000647 0.01000516]",[ 4  7  8 12 15 16 18 25 27 30],100,48,0.015311,1000,100,0.001,0.004,1,10,10,random,10,first
233,TID,False,0.03799459011361477,0.004888082011658922,10,"[0.0111301  0.90859431 0.01000516 0.01000203 0.01000133 0.01000213
 0.01000697 0.01024636 0.01000647 0.01000516]",[ 4  7  8 12 15 16 18 25 27 30],100,48,0.015304,1000,100,0.001,0.004,1,10,10,random,10,first
234,iDR,True,0.03799144746601106,0.004888015487229491,10,"[0.01111909 0.90860442 0.01000527 0.01000214 0.01000144 0.01000224
 0.01000708 0.01024647 0.01000658 0.01000527]",[ 4  7  8 12 15 16 18 25 27 30],100,56,0.016264,1000,100,0.001,0.004,1,10,10,random,10,first
235,iDR,True,0.037988307811949215,0.004887949027845831,10,"[0.0111081  0.90861453 0.01000538 0.01000225 0.01000155 0.01000235
 0.01000719 0.01024659 0.01000669 0.01000538]",[ 4  7  8 12 15 16 18 25 27 30],100,58,0.016458,1000,100,0.001,0.004,1,10,10,random,10,first
236,iDR,True,0.0379851711487261,0.0048878826334458015,10,"[0.01109711 0.90862462 0.01000549 0.01000236 0.01000166 0.01000246
 0.0100073  0.0102467  0.0100068  0.01000549]",[ 4  7  8 12 15 16 18 25 27 30],100,61,0.01664,1000,100,0.001,0.004,1,10,10,random,10,first
237,idID,True,0.03798203747364075,0.004887816303967317,10,"[0.01108614 0.9086347  0.0100056  0.01000247 0.01000177 0.01000257
 0.01000741 0.01024681 0.01000691 0.0100056 ]",[ 4  7  8 12 15 16 18 25 27 30],100,42,0.015243,1000,100,0.001,0.004,1,10,10,random,10,first
238,idID,True,0.03797890678399447,0.004887750039348358,10,"[0.01107517 0.90864477 0.01000571 0.01000258 0.01000188 0.01000269
 0.01000753 0.01024693 0.01000703 0.01000571]",[ 4  7  8 12 15 16 18 25 27 30],100,34,0.014667,1000,100,0.001,0.004,1,10,10,random,10,first
239,TID,False,0.03797890678399447,0.004887750039348358,10,"[0.01107517 0.90864477 0.01000571 0.01000258 0.01000188 0.01000269
 0.01000753 0.01024693 0.01000703 0.01000571]",[ 4  7  8 12 15 16 18 25 27 30],100,59,0.016032,1000,100,0.001,0.004,1,10,10,random,10,first
240,TID,True,0.037978206289649895,0.004887682790886876,10,"[0.0110641  0.90864477 0.01000571 0.01000258 0.01000188 0.01000269
 0.01000753 0.010258   0.01000703 0.01000571]",[ 4  7  8 12 15 16 18 25 27 30],100,62,0.016243,1000,100,0.001,0.004,1,10,10,random,10,first
241,TID,False,0.037978206289649895,0.004887682790886876,10,"[0.0110641  0.90864477 0.01000571 0.01000258 0.01000188 0.01000269
 0.01000753 0.010258   0.01000703 0.01000571]",[ 4  7  8 12 15 16 18 25 27 30],100,67,0.016533,1000,100,0.001,0.004,1,10,10,random,10,first
242,iDR,True,0.03797508167364953,0.00488761665652197,10,"[0.01105316 0.90865483 0.01000582 0.01000269 0.01000199 0.0100028
 0.01000764 0.01025812 0.01000714 0.01000582]",[ 4  7  8 12 15 16 18 25 27 30],100,62,0.016632,1000,100,0.001,0.004,1,10,10,random,10,first
243,iDR,True,0.03797196003489979,0.004887550586830157,10,"[0.01104223 0.90866487 0.01000593 0.0100028  0.0100021  0.01000291
 0.01000775 0.01025823 0.01000725 0.01000593]",[ 4  7  8 12 15 16 18 25 27 30],100,64,0.016717,1000,100,0.001,0.004,1,10,10,random,10,first
244,iDR,True,0.03796884137071058,0.004887484581749633,10,"[0.01103131 0.90867491 0.01000604 0.01000291 0.01000221 0.01000302
 0.01000786 0.01025834 0.01000736 0.01000604]",[ 4  7  8 12 15 16 18 25 27 30],100,59,0.016463,1000,100,0.001,0.004,1,10,10,random,10,first
245,TID,True,0.037968301962346115,0.004887390517800712,10,"[0.01102028 0.90867491 0.01000604 0.01000291 0.01000221 0.01000302
 0.01000786 0.01025834 0.01001839 0.01000604]",[ 4  7  8 12 15 16 18 25 27 30],100,53,0.01567,1000,100,0.001,0.004,1,10,10,random,10,first
246,TID,True,0.03796776305275993,0.00488729654791574,10,"[0.01100925 0.90867491 0.01000604 0.01000291 0.01000221 0.01000302
 0.01000786 0.01025834 0.01002941 0.01000604]",[ 4  7  8 12 15 16 18 25 27 30],100,55,0.015842,1000,100,0.001,0.004,1,10,10,random,10,first
247,TID,True,0.03796426313629861,0.004887231428174008,10,"[0.01099825 0.90868591 0.01000604 0.01000291 0.01000221 0.01000302
 0.01000786 0.01025834 0.01002941 0.01000604]",[ 4  7  8 12 15 16 18 25 27 30],100,57,0.015939,1000,100,0.001,0.004,1,10,10,random,10,first
248,iDR,True,0.037961156596143755,0.0048871656824847716,10,"[0.01098737 0.90869591 0.01000615 0.01000302 0.01000232 0.01000313
 0.01000797 0.01025846 0.01002952 0.01000615]",[ 4  7  8 12 15 16 18 25 27 30],100,69,0.017012,1000,100,0.001,0.004,1,10,10,random,10,first
249,iDR,True,0.03795805301689321,0.004887100001097186,10,"[0.0109765  0.90870589 0.01000626 0.01000313 0.01000243 0.01000324
 0.01000808 0.01025857 0.01002963 0.01000626]",[ 4  7  8 12 15 16 18 25 27 30],100,67,0.017096,1000,100,0.001,0.004,1,10,10,random,10,first
250,iDR,True,0.03795495239586988,0.004887034383949789,10,"[0.01096565 0.90871587 0.01000637 0.01000324 0.01000254 0.01000335
 0.01000819 0.01025868 0.01002974 0.01000637]",[ 4  7  8 12 15 16 18 25 27 30],100,60,0.016597,1000,100,0.001,0.004,1,10,10,random,10,first
251,iDR,True,0.03795185473039873,0.004886968830981172,10,"[0.0109548  0.90872583 0.01000648 0.01000335 0.01000265 0.01000346
 0.0100083  0.01025879 0.01002985 0.01000648]",[ 4  7  8 12 15 16 18 25 27 30],100,64,0.016855,1000,100,0.001,0.004,1,10,10,random,10,first
252,idID,True,0.03794876001780697,0.004886903342129989,10,"[0.01094396 0.90873579 0.01000659 0.01000346 0.01000276 0.01000357
 0.01000841 0.01025891 0.01002996 0.01000659]",[ 4  7  8 12 15 16 18 25 27 30],100,45,0.015384,1000,100,0.001,0.004,1,10,10,random,10,first
253,TID,True,0.03794806747392223,0.004886836890376083,10,"[0.01093302 0.90873579 0.01000659 0.01000346 0.01000276 0.01000357
 0.01000841 0.01026985 0.01002996 0.01000659]",[ 4  7  8 12 15 16 18 25 27 30],100,58,0.016016,1000,100,0.001,0.004,1,10,10,random,10,first
254,TID,False,0.03794806747392223,0.004886836890376083,10,"[0.01093302 0.90873579 0.01000659 0.01000346 0.01000276 0.01000357
 0.01000841 0.01026985 0.01002996 0.01000659]",[ 4  7  8 12 15 16 18 25 27 30],100,60,0.016166,1000,100,0.001,0.004,1,10,10,random,10,first
255,iDR,True,0.03794497876735741,0.004886771530280021,10,"[0.01092221 0.90874572 0.0100067  0.01000357 0.01000287 0.01000368
 0.01000852 0.01026996 0.01003007 0.0100067 ]",[ 4  7  8 12 15 16 18 25 27 30],100,69,0.017069,1000,100,0.001,0.004,1,10,10,random,10,first
256,idID,True,0.03794189300556371,0.0048867062341169994,10,"[0.0109114  0.90875565 0.01000681 0.01000368 0.01000298 0.01000379
 0.01000862 0.01027007 0.01003018 0.01000681]",[ 4  7  8 12 15 16 18 25 27 30],100,51,0.015736,1000,100,0.001,0.004,1,10,10,random,10,first
257,idID,True,0.037938810185876894,0.004886641001825894,10,"[0.01090061 0.90876556 0.01000692 0.01000379 0.01000309 0.01000389
 0.01000873 0.01027019 0.01003029 0.01000692]",[ 4  7  8 12 15 16 18 25 27 30],100,40,0.015294,1000,100,0.001,0.004,1,10,10,random,10,first
258,TID,True,0.0379361115400355,0.004886667200936985,10,"[0.01090061 0.90877559 0.01000692 0.01000379 0.01000309 0.01000389
 0.01000873 0.01027019 0.01002026 0.01000692]",[ 4  7  8 12 15 16 18 25 27 30],100,53,0.016311,1000,100,0.001,0.004,1,10,10,random,10,first
259,iDR,True,0.03793303157902555,0.004886602032742312,10,"[0.01088983 0.9087855  0.01000703 0.0100039  0.0100032  0.010004
 0.01000884 0.0102703  0.01002037 0.01000703]",[ 4  7  8 12 15 16 18 25 27 30],100,67,0.01691,1000,100,0.001,0.004,1,10,10,random,10,first
260,idID,True,0.037929954554878256,0.004886536928297184,10,"[0.01087906 0.9087954  0.01000714 0.01000401 0.01000331 0.01000411
 0.01000895 0.01027041 0.01002048 0.01000714]",[ 4  7  8 12 15 16 18 25 27 30],100,53,0.015926,1000,100,0.001,0.004,1,10,10,random,10,first
261,iDR,True,0.0379268804649356,0.004886471887540646,10,"[0.0108683  0.90880528 0.01000725 0.01000412 0.01000342 0.01000422
 0.01000906 0.01027052 0.01002058 0.01000725]",[ 4  7  8 12 15 16 18 25 27 30],100,67,0.016946,1000,100,0.001,0.004,1,10,10,random,10,first
262,iDR,True,0.03792380930654182,0.0048864069104117905,10,"[0.01085755 0.90881516 0.01000736 0.01000423 0.01000353 0.01000433
 0.01000917 0.01027063 0.01002069 0.01000736]",[ 4  7  8 12 15 16 18 25 27 30],100,60,0.016537,1000,100,0.001,0.004,1,10,10,random,10,first
263,idID,True,0.03792074107704317,0.004886341996849771,10,"[0.01084681 0.90882503 0.01000746 0.01000434 0.01000363 0.01000444
 0.01000928 0.01027075 0.0100208  0.01000746]",[ 4  7  8 12 15 16 18 25 27 30],100,56,0.016112,1000,100,0.001,0.004,1,10,10,random,10,first
264,idID,True,0.037917675773788045,0.004886277146793789,10,"[0.01083608 0.90883489 0.01000757 0.01000444 0.01000374 0.01000455
 0.01000939 0.01027086 0.01002091 0.01000757]",[ 4  7  8 12 15 16 18 25 27 30],100,34,0.014835,1000,100,0.001,0.004,1,10,10,random,10,first
265,iDR,True,0.03791461339412701,0.004886212360183113,10,"[0.01082536 0.90884474 0.01000768 0.01000455 0.01000385 0.01000466
 0.0100095  0.01027097 0.01002102 0.01000768]",[ 4  7  8 12 15 16 18 25 27 30],100,68,0.016964,1000,100,0.001,0.004,1,10,10,random,10,first
266,idID,True,0.03791155393541262,0.004886147636957054,10,"[0.01081465 0.90885457 0.01000779 0.01000466 0.01000396 0.01000476
 0.0100096  0.01027108 0.01002113 0.01000779]",[ 4  7  8 12 15 16 18 25 27 30],100,55,0.016068,1000,100,0.001,0.004,1,10,10,random,10,first
267,idID,True,0.03790849739499976,0.004886082977054993,10,"[0.01080395 0.9088644  0.0100079  0.01000477 0.01000407 0.01000487
 0.01000971 0.01027119 0.01002124 0.0100079 ]",[ 4  7  8 12 15 16 18 25 27 30],100,49,0.015614,1000,100,0.001,0.004,1,10,10,random,10,first
268,idID,True,0.03790544377024521,0.00488601838041635,10,"[0.01079327 0.90887422 0.01000801 0.01000488 0.01000418 0.01000498
 0.01000982 0.0102713  0.01002134 0.01000801]",[ 4  7  8 12 15 16 18 25 27 30],100,50,0.015659,1000,100,0.001,0.004,1,10,10,random,10,first
269,idID,True,0.037902393058507976,0.004885953846980609,10,"[0.01078259 0.90888403 0.01000811 0.01000498 0.01000428 0.01000509
 0.01000993 0.01027141 0.01002145 0.01000811]",[ 4  7  8 12 15 16 18 25 27 30],100,47,0.01568,1000,100,0.001,0.004,1,10,10,random,10,first
270,TID,True,0.037899696163812495,0.004885980023015626,10,"[0.01078259 0.90889405 0.01000811 0.01000498 0.01000428 0.01000509
 0.01000993 0.01027141 0.01001143 0.01000811]",[ 4  7  8 12 15 16 18 25 27 30],100,48,0.015406,1000,100,0.001,0.004,1,10,10,random,10,first
271,iDR,True,0.0378966482826172,0.004885915553004575,10,"[0.01077192 0.90890385 0.01000822 0.01000509 0.01000439 0.0100052
 0.01001004 0.01027152 0.01001154 0.01000822]",[ 4  7  8 12 15 16 18 25 27 30],100,70,0.017511,1000,100,0.001,0.004,1,10,10,random,10,first
272,TID,True,0.037893953940976936,0.004885941703145522,10,"[0.01077192 0.90891387 0.01000822 0.01000509 0.01000439 0.0100052
 0.01001004 0.01027152 0.01000153 0.01000822]",[ 4  7  8 12 15 16 18 25 27 30],100,59,0.016925,1000,100,0.001,0.004,1,10,10,random,10,first
273,idID,True,0.03788996183536619,0.004885937618426227,10,"[0.01077203 0.90892296 0.01000832 0.01000519 0.01000449 0.0100053
 0.01000013 0.01027163 0.01000163 0.01000832]",[ 4  7  8 12 15 16 18 25 27 30],100,52,0.01625,1000,100,0.001,0.004,1,10,10,random,10,first
274,TID,False,0.03788996183536619,0.004885937618426227,10,"[0.01077203 0.90892296 0.01000832 0.01000519 0.01000449 0.0100053
 0.01000013 0.01027163 0.01000163 0.01000832]",[ 4  7  8 12 15 16 18 25 27 30],100,64,0.016319,1000,100,0.001,0.004,1,10,10,random,10,first
275,iDR,True,0.03788691668707497,0.004885873211089899,10,"[0.01076137 0.90893276 0.01000843 0.0100053  0.0100046  0.0100054
 0.01000023 0.01027174 0.01000174 0.01000843]",[ 4  7  8 12 15 16 18 25 27 30],100,70,0.017144,1000,100,0.001,0.004,1,10,10,random,10,first
276,TID,True,0.037883493577656975,0.004885809557560181,10,"[0.01075061 0.90894352 0.01000843 0.0100053  0.0100046  0.0100054
 0.01000023 0.01027174 0.01000174 0.01000843]",[ 4  7  8 12 15 16 18 25 27 30],100,57,0.015921,1000,100,0.001,0.004,1,10,10,random,10,first
277,iDR,True,0.037880454260876564,0.004885745276906326,10,"[0.01073998 0.90895329 0.01000854 0.01000541 0.01000471 0.01000551
 0.01000034 0.01027185 0.01000184 0.01000854]",[ 4  7  8 12 15 16 18 25 27 30],100,61,0.016577,1000,100,0.001,0.004,1,10,10,random,10,first
278,idID,True,0.0378774178441633,0.00488568105915306,10,"[0.01072935 0.90896305 0.01000864 0.01000552 0.01000481 0.01000562
 0.01000045 0.01027196 0.01000195 0.01000864]",[ 4  7  8 12 15 16 18 25 27 30],100,50,0.015698,1000,100,0.001,0.004,1,10,10,random,10,first
279,iDR,True,0.03787438432488855,0.0048856169042401885,10,"[0.01071874 0.9089728  0.01000875 0.01000562 0.01000492 0.01000573
 0.01000056 0.01027207 0.01000206 0.01000875]",[ 4  7  8 12 15 16 18 25 27 30],100,55,0.016197,1000,100,0.001,0.004,1,10,10,random,10,first
280,iDR,True,0.03787135370042589,0.004885552812107582,10,"[0.01070813 0.90898255 0.01000886 0.01000573 0.01000503 0.01000583
 0.01000066 0.01027218 0.01000217 0.01000886]",[ 4  7  8 12 15 16 18 25 27 30],100,52,0.01602,1000,100,0.001,0.004,1,10,10,random,10,first
281,iDR,True,0.037868325968150984,0.004885488782695166,10,"[0.01069754 0.90899228 0.01000897 0.01000584 0.01000514 0.01000594
 0.01000077 0.01027229 0.01000227 0.01000897]",[ 4  7  8 12 15 16 18 25 27 30],100,57,0.016301,1000,100,0.001,0.004,1,10,10,random,10,first
282,TID,True,0.03786570860822982,0.004885490395444297,10,"[0.01069754 0.90900255 0.01000897 0.01000584 0.01000514 0.01000594
 0.01000077 0.01026202 0.01000227 0.01000897]",[ 4  7  8 12 15 16 18 25 27 30],100,72,0.016858,1000,100,0.001,0.004,1,10,10,random,10,first
283,iDR,True,0.03786268368827397,0.004885426428709303,10,"[0.01068696 0.90901228 0.01000907 0.01000594 0.01000524 0.01000605
 0.01000088 0.01026212 0.01000238 0.01000907]",[ 4  7  8 12 15 16 18 25 27 30],100,58,0.016399,1000,100,0.001,0.004,1,10,10,random,10,first
284,TID,True,0.03786098382211566,0.004882279744440446,10,"[0.01       0.01068696 0.90901228 0.01000907 0.01000524 0.01000605
 0.01000088 0.01026212 0.01000238 0.01000907]",[ 1  4  7  8 15 16 18 25 27 30],100,53,0.015606,1000,100,0.001,0.004,1,10,10,random,10,first
285,TID,True,0.03786031078464265,0.0048822148532312116,10,"[0.01       0.01067627 0.90901228 0.01000907 0.01000524 0.01000605
 0.01000088 0.01027281 0.01000238 0.01000907]",[ 1  4  7  8 15 16 18 25 27 30],100,73,0.016927,1000,100,0.001,0.004,1,10,10,random,10,first
286,iDR,True,0.037857736635846996,0.004882180000498597,10,"[0.01000017 0.01066577 0.90902739 0.01000924 0.01000541 0.01000621
 0.01000104 0.01027298 0.01000255 0.01000924]",[ 1  4  7  8 15 16 18 25 27 30],100,20,0.014166,1000,100,0.001,0.004,1,10,10,random,10,first
287,TID,True,0.03785720516103273,0.004882089053460024,10,"[0.01000017 0.01065511 0.90902739 0.01000924 0.01000541 0.01000621
 0.01000104 0.01027298 0.01001321 0.01000924]",[ 1  4  7  8 15 16 18 25 27 30],100,58,0.015992,1000,100,0.001,0.004,1,10,10,random,10,first
288,iDR,True,0.037854186774771224,0.004882025304228573,10,"[0.01000027 0.01064456 0.90903707 0.01000935 0.01000552 0.01000632
 0.01000115 0.01027309 0.01001332 0.01000935]",[ 1  4  7  8 15 16 18 25 27 30],100,58,0.016374,1000,100,0.001,0.004,1,10,10,random,10,first
289,TID,True,0.03785351628667674,0.004881960670432163,10,"[0.01000027 0.01063392 0.90903707 0.01000935 0.01000552 0.01000632
 0.01000115 0.01028374 0.01001332 0.01000935]",[ 1  4  7  8 15 16 18 25 27 30],100,58,0.016051,1000,100,0.001,0.004,1,10,10,random,10,first
290,idID,True,0.037850503763329574,0.004881897046593637,10,"[0.01000038 0.0106234  0.90904674 0.01000945 0.01000562 0.01000643
 0.01000126 0.01028385 0.01001342 0.01000945]",[ 1  4  7  8 15 16 18 25 27 30],100,43,0.015507,1000,100,0.001,0.004,1,10,10,random,10,first
291,iDR,True,0.03784749411600628,0.004881833485027808,10,"[0.01000049 0.01061289 0.9090564  0.01000956 0.01000573 0.01000653
 0.01000136 0.01028396 0.01001353 0.01000956]",[ 1  4  7  8 15 16 18 25 27 30],100,71,0.017279,1000,100,0.001,0.004,1,10,10,random,10,first
292,idID,True,0.03784448734209705,0.004881769985675063,10,"[0.01000059 0.01060239 0.90906604 0.01000967 0.01000584 0.01000664
 0.01000147 0.01028406 0.01001364 0.01000967]",[ 1  4  7  8 15 16 18 25 27 30],100,46,0.015501,1000,100,0.001,0.004,1,10,10,random,10,first
293,TID,True,0.03784185775777237,0.0048817716002731775,10,"[0.01000059 0.01060239 0.90907633 0.01000967 0.01000584 0.01000664
 0.01000147 0.01027378 0.01001364 0.01000967]",[ 1  4  7  8 15 16 18 25 27 30],100,50,0.015497,1000,100,0.001,0.004,1,10,10,random,10,first
294,iDR,True,0.037838853777826795,0.004881708163091071,10,"[0.0100007  0.0105919  0.90908597 0.01000977 0.01000594 0.01000675
 0.01000158 0.01027389 0.01001374 0.01000977]",[ 1  4  7  8 15 16 18 25 27 30],100,62,0.016628,1000,100,0.001,0.004,1,10,10,random,10,first
295,idID,True,0.037835852666156126,0.004881644788002967,10,"[0.0100008  0.01058142 0.90909559 0.01000988 0.01000605 0.01000685
 0.01000168 0.010274   0.01001385 0.01000988]",[ 1  4  7  8 15 16 18 25 27 30],100,45,0.015507,1000,100,0.001,0.004,1,10,10,random,10,first
296,idID,True,0.03783285442015677,0.00488158147494941,10,"[0.01000091 0.01057095 0.90910521 0.01000998 0.01000615 0.01000696
 0.01000179 0.01027411 0.01001396 0.01000998]",[ 1  4  7  8 15 16 18 25 27 30],100,49,0.015618,1000,100,0.001,0.004,1,10,10,random,10,first
297,iDR,True,0.03782985903722723,0.004881518223871003,10,"[0.01000101 0.01056049 0.90911482 0.01001009 0.01000626 0.01000706
 0.01000189 0.01027422 0.01001406 0.01001009]",[ 1  4  7  8 15 16 18 25 27 30],100,62,0.016615,1000,100,0.001,0.004,1,10,10,random,10,first
298,TID,True,0.03782716650582069,0.004881544380598886,10,"[0.01000101 0.01056049 0.90912484 0.01001009 0.01000626 0.01000706
 0.01000189 0.01027422 0.01000405 0.01001009]",[ 1  4  7  8 15 16 18 25 27 30],100,53,0.015826,1000,100,0.001,0.004,1,10,10,random,10,first
299,idID,True,0.037822890339688955,0.004881569421533436,10,"[0.01000112 0.0105606  0.90913394 0.01001019 0.01000636 0.01000716
 0.01000199 0.01027432 0.01000415 0.01000018]",[ 1  4  7  8 15 16 18 25 27 30],100,47,0.01566,1000,100,0.001,0.004,1,10,10,random,10,first
300,iDR,True,0.03781864014398816,0.004881547064245187,10,"[0.01000122 0.0105607  0.90914304 0.01000028 0.01000646 0.01000726
 0.01000209 0.01027442 0.01000425 0.01000028]",[ 1  4  7  8 15 16 18 25 27 30],100,69,0.016998,1000,100,0.001,0.004,1,10,10,random,10,first
301,iDR,True,0.037815647285271696,0.004881483874122068,10,"[0.01000132 0.01055025 0.90915264 0.01000039 0.01000657 0.01000737
 0.0100022  0.01027453 0.01000435 0.01000039]",[ 1  4  7  8 15 16 18 25 27 30],100,60,0.016502,1000,100,0.001,0.004,1,10,10,random,10,first
302,TID,True,0.03781350715937202,0.004884598357012939,10,"[0.01055025 0.90915264 0.01000039 0.01       0.01000657 0.01000737
 0.0100022  0.01027453 0.01000435 0.01000039]",[ 4  7  8 12 15 16 18 25 27 30],100,53,0.015625,1000,100,0.001,0.004,1,10,10,random,10,first
303,iDR,True,0.03781062212089409,0.00488454171332607,10,"[0.01053983 0.90916343 0.0100005  0.01000012 0.01000668 0.01000749
 0.01000232 0.01027465 0.01000447 0.0100005 ]",[ 4  7  8 12 15 16 18 25 27 30],100,18,0.014083,1000,100,0.001,0.004,1,10,10,random,10,first
304,iDR,True,0.03780764004249066,0.004884478679670082,10,"[0.0105294  0.90917302 0.01000061 0.01000022 0.01000679 0.01000759
 0.01000242 0.01027476 0.01000458 0.01000061]",[ 4  7  8 12 15 16 18 25 27 30],100,55,0.016211,1000,100,0.001,0.004,1,10,10,random,10,first
305,TID,True,0.03780502110832744,0.004884480292807387,10,"[0.0105294  0.90918329 0.01000061 0.01000022 0.01000679 0.01000759
 0.01000242 0.01026449 0.01000458 0.01000061]",[ 4  7  8 12 15 16 18 25 27 30],100,57,0.01587,1000,100,0.001,0.004,1,10,10,random,10,first
306,idID,True,0.03780204180200645,0.0048844173208752745,10,"[0.01051898 0.90919286 0.01000071 0.01000033 0.01000689 0.0100077
 0.01000253 0.01026459 0.01000468 0.01000071]",[ 4  7  8 12 15 16 18 25 27 30],100,42,0.015296,1000,100,0.001,0.004,1,10,10,random,10,first
307,TID,True,0.03780137509541157,0.004884353449635832,10,"[0.01050846 0.90919286 0.01000071 0.01000033 0.01000689 0.0100077
 0.01000253 0.01027511 0.01000468 0.01000071]",[ 4  7  8 12 15 16 18 25 27 30],100,51,0.015523,1000,100,0.001,0.004,1,10,10,random,10,first
308,TID,False,0.03780137509541157,0.004884353449635832,10,"[0.01050846 0.90919286 0.01000071 0.01000033 0.01000689 0.0100077
 0.01000253 0.01027511 0.01000468 0.01000071]",[ 4  7  8 12 15 16 18 25 27 30],100,56,0.015805,1000,100,0.001,0.004,1,10,10,random,10,first
309,TID,False,0.03780137509541157,0.004884353449635832,10,"[0.01050846 0.90919286 0.01000071 0.01000033 0.01000689 0.0100077
 0.01000253 0.01027511 0.01000468 0.01000071]",[ 4  7  8 12 15 16 18 25 27 30],100,59,0.016011,1000,100,0.001,0.004,1,10,10,random,10,first
310,iDR,True,0.03779840157796198,0.004884290601591252,10,"[0.01049806 0.90920242 0.01000082 0.01000043 0.010007   0.0100078
 0.01000263 0.01027522 0.01000479 0.01000082]",[ 4  7  8 12 15 16 18 25 27 30],100,57,0.016323,1000,100,0.001,0.004,1,10,10,random,10,first
311,idID,True,0.037795430900889125,0.004884227815075796,10,"[0.01048767 0.90921196 0.01000093 0.01000054 0.0100071  0.01000791
 0.01000274 0.01027533 0.01000489 0.01000093]",[ 4  7  8 12 15 16 18 25 27 30],100,45,0.015435,1000,100,0.001,0.004,1,10,10,random,10,first
312,TID,True,0.03779281162434125,0.0048842294283022985,10,"[0.01048767 0.90922224 0.01000093 0.01000054 0.0100071  0.01000791
 0.01000274 0.01026505 0.01000489 0.01000093]",[ 4  7  8 12 15 16 18 25 27 30],100,52,0.0157,1000,100,0.001,0.004,1,10,10,random,10,first
313,iDR,True,0.037789843709287216,0.004884166703273954,10,"[0.0104773  0.90923177 0.01000103 0.01000064 0.01000721 0.01000801
 0.01000284 0.01026516 0.010005   0.01000103]",[ 4  7  8 12 15 16 18 25 27 30],100,58,0.016541,1000,100,0.001,0.004,1,10,10,random,10,first
314,iDR,True,0.03778687862952393,0.004884104039656902,10,"[0.01046693 0.9092413  0.01000113 0.01000075 0.01000731 0.01000812
 0.01000295 0.01026527 0.0100051  0.01000113]",[ 4  7  8 12 15 16 18 25 27 30],100,68,0.017124,1000,100,0.001,0.004,1,10,10,random,10,first
315,TID,True,0.03778426175664518,0.004884105651303967,10,"[0.01046693 0.90925157 0.01000113 0.01000075 0.01000731 0.01000812
 0.01000295 0.010255   0.0100051  0.01000113]",[ 4  7  8 12 15 16 18 25 27 30],100,63,0.016365,1000,100,0.001,0.004,1,10,10,random,10,first
316,iDR,True,0.037781299434039364,0.004884043049056253,10,"[0.01045657 0.90926108 0.01000124 0.01000085 0.01000742 0.01000822
 0.01000305 0.01025511 0.01000521 0.01000124]",[ 4  7  8 12 15 16 18 25 27 30],100,59,0.016425,1000,100,0.001,0.004,1,10,10,random,10,first
317,iDR,True,0.03777833994164622,0.004883980508102218,10,"[0.01044622 0.90927059 0.01000134 0.01000096 0.01000752 0.01000833
 0.01000316 0.01025522 0.01000531 0.01000134]",[ 4  7  8 12 15 16 18 25 27 30],100,56,0.016384,1000,100,0.001,0.004,1,10,10,random,10,first
318,idID,True,0.03777608749097473,0.004883981441136661,10,"[0.01044633 0.90927992 0.01000145 0.01000106 0.01000763 0.01000843
 0.01000326 0.01024507 0.01000541 0.01000145]",[ 4  7  8 12 15 16 18 25 27 30],100,34,0.01544,1000,100,0.001,0.004,1,10,10,random,10,first
319,idID,True,0.037773130729111454,0.004883918960786576,10,"[0.01043599 0.90928941 0.01000155 0.01000117 0.01000773 0.01000854
 0.01000336 0.01024517 0.01000552 0.01000155]",[ 4  7  8 12 15 16 18 25 27 30],100,44,0.015793,1000,100,0.001,0.004,1,10,10,random,10,first
320,TID,True,0.037772469097845526,0.004883855593435129,10,"[0.01042556 0.90928941 0.01000155 0.01000117 0.01000773 0.01000854
 0.01000336 0.01025561 0.01000552 0.01000155]",[ 4  7  8 12 15 16 18 25 27 30],100,61,0.016319,1000,100,0.001,0.004,1,10,10,random,10,first
321,TID,True,0.03776915010765572,0.004883793926263534,10,"[0.01041513 0.90929984 0.01000155 0.01000117 0.01000773 0.01000854
 0.01000336 0.01025561 0.01000552 0.01000155]",[ 4  7  8 12 15 16 18 25 27 30],100,60,0.016094,1000,100,0.001,0.004,1,10,10,random,10,first
322,idID,True,0.037766201934188504,0.00488373163056531,10,"[0.01040483 0.90930931 0.01000166 0.01000127 0.01000784 0.01000864
 0.01000347 0.01025572 0.01000562 0.01000166]",[ 4  7  8 12 15 16 18 25 27 30],100,46,0.015388,1000,100,0.001,0.004,1,10,10,random,10,first
323,TID,True,0.03776288939009091,0.0048836700860253966,10,"[0.01039442 0.90931972 0.01000166 0.01000127 0.01000784 0.01000864
 0.01000347 0.01025572 0.01000562 0.01000166]",[ 4  7  8 12 15 16 18 25 27 30],100,53,0.015668,1000,100,0.001,0.004,1,10,10,random,10,first
324,idID,True,0.03775994687075196,0.004883607912922775,10,"[0.01038413 0.90932917 0.01000176 0.01000137 0.01000794 0.01000874
 0.01000357 0.01025582 0.01000573 0.01000176]",[ 4  7  8 12 15 16 18 25 27 30],100,44,0.015507,1000,100,0.001,0.004,1,10,10,random,10,first
325,iDR,True,0.03775700716362128,0.004883545800702659,10,"[0.01037386 0.90933861 0.01000186 0.01000148 0.01000804 0.01000885
 0.01000368 0.01025593 0.01000583 0.01000186]",[ 4  7  8 12 15 16 18 25 27 30],100,58,0.016506,1000,100,0.001,0.004,1,10,10,random,10,first
326,idID,True,0.037754070266140985,0.00488348374930671,10,"[0.01036359 0.90934804 0.01000197 0.01000158 0.01000815 0.01000895
 0.01000378 0.01025604 0.01000593 0.01000197]",[ 4  7  8 12 15 16 18 25 27 30],100,46,0.015438,1000,100,0.001,0.004,1,10,10,random,10,first
327,iDR,True,0.03775113617575518,0.0048834217586766334,10,"[0.01035333 0.90935747 0.01000207 0.01000168 0.01000825 0.01000906
 0.01000388 0.01025614 0.01000604 0.01000207]",[ 4  7  8 12 15 16 18 25 27 30],100,63,0.016695,1000,100,0.001,0.004,1,10,10,random,10,first
328,TID,True,0.03775047956833352,0.00488335889322865,10,"[0.01034298 0.90935747 0.01000207 0.01000168 0.01000825 0.01000906
 0.01000388 0.0102665  0.01000604 0.01000207]",[ 4  7  8 12 15 16 18 25 27 30],100,60,0.016158,1000,100,0.001,0.004,1,10,10,random,10,first
329,iDR,True,0.03774755118157559,0.004883297024586554,10,"[0.01033275 0.90936687 0.01000217 0.01000179 0.01000835 0.01000916
 0.01000399 0.0102666  0.01000614 0.01000217]",[ 4  7  8 12 15 16 18 25 27 30],100,57,0.016366,1000,100,0.001,0.004,1,10,10,random,10,first
330,idID,True,0.037744625594164846,0.004883235216535178,10,"[0.01032252 0.90937627 0.01000228 0.01000189 0.01000846 0.01000926
 0.01000409 0.01026671 0.01000625 0.01000228]",[ 4  7  8 12 15 16 18 25 27 30],100,42,0.015253,1000,100,0.001,0.004,1,10,10,random,10,first
331,iDR,True,0.03774170280355378,0.00488317346901645,10,"[0.0103123  0.90938566 0.01000238 0.01000199 0.01000856 0.01000937
 0.01000419 0.01026681 0.01000635 0.01000238]",[ 4  7  8 12 15 16 18 25 27 30],100,59,0.016418,1000,100,0.001,0.004,1,10,10,random,10,first
332,idID,True,0.03773878280719696,0.004883111781972346,10,"[0.0103021  0.90939504 0.01000248 0.0100021  0.01000866 0.01000947
 0.0100043  0.01026692 0.01000645 0.01000248]",[ 4  7  8 12 15 16 18 25 27 30],100,40,0.015101,1000,100,0.001,0.004,1,10,10,random,10,first
333,TID,True,0.0377361647336122,0.004883113393878812,10,"[0.0103021  0.9094053  0.01000248 0.0100021  0.01000866 0.01000947
 0.0100043  0.01025665 0.01000645 0.01000248]",[ 4  7  8 12 15 16 18 25 27 30],100,56,0.0158,1000,100,0.001,0.004,1,10,10,random,10,first
334,TID,True,0.03773354921393145,0.004883115004173371,10,"[0.0103021  0.90941556 0.01000248 0.0100021  0.01000866 0.01000947
 0.0100043  0.0102464  0.01000645 0.01000248]",[ 4  7  8 12 15 16 18 25 27 30],100,58,0.015988,1000,100,0.001,0.004,1,10,10,random,10,first
335,iDR,True,0.03773063186056872,0.004883053377579118,10,"[0.0102919  0.90942493 0.01000259 0.0100022  0.01000877 0.01000957
 0.0100044  0.0102465  0.01000656 0.01000259]",[ 4  7  8 12 15 16 18 25 27 30],100,52,0.016046,1000,100,0.001,0.004,1,10,10,random,10,first
336,iDR,True,0.03772771729651921,0.00488299181134357,10,"[0.01028171 0.90943429 0.01000269 0.0100023  0.01000887 0.01000967
 0.0100045  0.01024661 0.01000666 0.01000269]",[ 4  7  8 12 15 16 18 25 27 30],100,58,0.016385,1000,100,0.001,0.004,1,10,10,random,10,first
337,iDR,True,0.03772480551924355,0.0048829303054088655,10,"[0.01027154 0.90944364 0.01000279 0.01000241 0.01000897 0.01000978
 0.01000461 0.01024671 0.01000676 0.01000279]",[ 4  7  8 12 15 16 18 25 27 30],100,66,0.016896,1000,100,0.001,0.004,1,10,10,random,10,first
338,iDR,True,0.03772189652620438,0.004882868859717193,10,"[0.01026137 0.90945298 0.0100029  0.01000251 0.01000908 0.01000988
 0.01000471 0.01024682 0.01000686 0.0100029 ]",[ 4  7  8 12 15 16 18 25 27 30],100,62,0.016701,1000,100,0.001,0.004,1,10,10,random,10,first
339,TID,True,0.03771928326143687,0.004882870468467652,10,"[0.01026137 0.90946323 0.0100029  0.01000251 0.01000908 0.01000988
 0.01000471 0.01023657 0.01000686 0.0100029 ]",[ 4  7  8 12 15 16 18 25 27 30],100,55,0.015931,1000,100,0.001,0.004,1,10,10,random,10,first
340,iDR,True,0.037716376976136626,0.004882809082977764,10,"[0.01025122 0.90947256 0.010003   0.01000261 0.01000918 0.01000998
 0.01000481 0.01023668 0.01000697 0.010003  ]",[ 4  7  8 12 15 16 18 25 27 30],100,59,0.01653,1000,100,0.001,0.004,1,10,10,random,10,first
341,iDR,True,0.03771347347007582,0.004882747757615428,10,"[0.01024107 0.90948188 0.0100031  0.01000271 0.01000928 0.01001009
 0.01000491 0.01023678 0.01000707 0.0100031 ]",[ 4  7  8 12 15 16 18 25 27 30],100,58,0.016359,1000,100,0.001,0.004,1,10,10,random,10,first
342,TID,True,0.03771021178465402,0.004882687181685352,10,"[0.01023083 0.90949212 0.0100031  0.01000271 0.01000928 0.01001009
 0.01000491 0.01023678 0.01000707 0.0100031 ]",[ 4  7  8 12 15 16 18 25 27 30],100,60,0.016158,1000,100,0.001,0.004,1,10,10,random,10,first
343,TID,True,0.03770695328388606,0.004882626666331206,10,"[0.0102206  0.90950235 0.0100031  0.01000271 0.01000928 0.01001009
 0.01000491 0.01023678 0.01000707 0.0100031 ]",[ 4  7  8 12 15 16 18 25 27 30],100,48,0.015291,1000,100,0.001,0.004,1,10,10,random,10,first
344,idID,True,0.037703399088127025,0.004882672719460848,10,"[0.0102207  0.90951146 0.0100032  0.01000281 0.01000938 0.01000018
 0.01000501 0.01023688 0.01000717 0.0100032 ]",[ 4  7  8 12 15 16 18 25 27 30],100,59,0.016159,1000,100,0.001,0.004,1,10,10,random,10,first
345,idID,True,0.037700503837245214,0.004882611575259981,10,"[0.01021058 0.90952075 0.0100033  0.01000292 0.01000948 0.01000028
 0.01000512 0.01023699 0.01000727 0.0100033 ]",[ 4  7  8 12 15 16 18 25 27 30],100,46,0.015507,1000,100,0.001,0.004,1,10,10,random,10,first
346,iDR,True,0.037697611355557034,0.004882550490955288,10,"[0.01020048 0.90953004 0.0100034  0.01000302 0.01000959 0.01000038
 0.01000522 0.01023709 0.01000737 0.0100034 ]",[ 4  7  8 12 15 16 18 25 27 30],100,61,0.016467,1000,100,0.001,0.004,1,10,10,random,10,first
347,idID,True,0.037694721640539434,0.004882489466489333,10,"[0.01019038 0.90953932 0.01000351 0.01000312 0.01000969 0.01000048
 0.01000532 0.0102372  0.01000748 0.01000351]",[ 4  7  8 12 15 16 18 25 27 30],100,47,0.015433,1000,100,0.001,0.004,1,10,10,random,10,first
348,TID,True,0.03769147568199844,0.004882429190384057,10,"[0.01018019 0.90954951 0.01000351 0.01000312 0.01000969 0.01000048
 0.01000532 0.0102372  0.01000748 0.01000351]",[ 4  7  8 12 15 16 18 25 27 30],100,64,0.016392,1000,100,0.001,0.004,1,10,10,random,10,first
349,TID,True,0.037690829652603286,0.004882367376264917,10,"[0.01017001 0.90954951 0.01000351 0.01000312 0.01000969 0.01000048
 0.01000532 0.01024738 0.01000748 0.01000351]",[ 4  7  8 12 15 16 18 25 27 30],100,65,0.016433,1000,100,0.001,0.004,1,10,10,random,10,first
350,idID,True,0.03768794833753266,0.004882306532208285,10,"[0.01015994 0.90955876 0.01000361 0.01000322 0.01000979 0.01000058
 0.01000542 0.01024748 0.01000758 0.01000361]",[ 4  7  8 12 15 16 18 25 27 30],100,49,0.015654,1000,100,0.001,0.004,1,10,10,random,10,first
351,idID,True,0.03768506977895259,0.004882245747759968,10,"[0.01014989 0.909568   0.01000371 0.01000332 0.01000989 0.01000069
 0.01000552 0.01024759 0.01000768 0.01000371]",[ 4  7  8 12 15 16 18 25 27 30],100,42,0.015352,1000,100,0.001,0.004,1,10,10,random,10,first
352,iDR,True,0.03768219397435032,0.004882185022862797,10,"[0.01013984 0.90957723 0.01000381 0.01000343 0.01000999 0.01000079
 0.01000563 0.01024769 0.01000778 0.01000381]",[ 4  7  8 12 15 16 18 25 27 30],100,58,0.016447,1000,100,0.001,0.004,1,10,10,random,10,first
353,idID,True,0.03767932092121505,0.004882124357459642,10,"[0.0101298  0.90958646 0.01000391 0.01000353 0.0100101  0.01000089
 0.01000573 0.01024779 0.01000788 0.01000391]",[ 4  7  8 12 15 16 18 25 27 30],100,41,0.015011,1000,100,0.001,0.004,1,10,10,random,10,first
354,TID,True,0.03767509039296411,0.004882172496006502,10,"[0.0101298  0.90959647 0.01000391 0.01000353 0.01000008 0.01000089
 0.01000573 0.01024779 0.01000788 0.01000391]",[ 4  7  8 12 15 16 18 25 27 30],100,51,0.015508,1000,100,0.001,0.004,1,10,10,random,10,first
355,idID,True,0.037672219993509434,0.004882111890527934,10,"[0.01011978 0.90960568 0.01000401 0.01000363 0.01000019 0.01000099
 0.01000583 0.0102479  0.01000798 0.01000401]",[ 4  7  8 12 15 16 18 25 27 30],100,41,0.015142,1000,100,0.001,0.004,1,10,10,random,10,first
356,idID,True,0.03766935234059874,0.00488205134442882,10,"[0.01010976 0.90961489 0.01000412 0.01000373 0.01000029 0.01000109
 0.01000593 0.010248   0.01000808 0.01000412]",[ 4  7  8 12 15 16 18 25 27 30],100,36,0.014937,1000,100,0.001,0.004,1,10,10,random,10,first
357,iDR,True,0.03766648743172734,0.0048819908576521924,10,"[0.01009975 0.90962408 0.01000422 0.01000383 0.01000039 0.01000119
 0.01000603 0.0102481  0.01000819 0.01000422]",[ 4  7  8 12 15 16 18 25 27 30],100,53,0.016074,1000,100,0.001,0.004,1,10,10,random,10,first
358,iDR,True,0.03766362526439248,0.004881930430141133,10,"[0.01008975 0.90963327 0.01000432 0.01000393 0.01000049 0.01000129
 0.01000613 0.01024821 0.01000829 0.01000432]",[ 4  7  8 12 15 16 18 25 27 30],100,55,0.016388,1000,100,0.001,0.004,1,10,10,random,10,first
359,TID,False,0.03766362526439248,0.004881930430141133,10,"[0.01008975 0.90963327 0.01000432 0.01000393 0.01000049 0.01000129
 0.01000613 0.01024821 0.01000829 0.01000432]",[ 4  7  8 12 15 16 18 25 27 30],100,48,0.015349,1000,100,0.001,0.004,1,10,10,random,10,first
360,TID,True,0.03766041064031315,0.004881870749253026,10,"[0.01007966 0.90964336 0.01000432 0.01000393 0.01000049 0.01000129
 0.01000613 0.01024821 0.01000829 0.01000432]",[ 4  7  8 12 15 16 18 25 27 30],100,60,0.016018,1000,100,0.001,0.004,1,10,10,random,10,first
361,idID,True,0.037657553969292955,0.004881810440718021,10,"[0.01006968 0.90965253 0.01000442 0.01000403 0.01000059 0.01000139
 0.01000623 0.01024831 0.01000839 0.01000442]",[ 4  7  8 12 15 16 18 25 27 30],100,48,0.015637,1000,100,0.001,0.004,1,10,10,random,10,first
362,idID,True,0.037654700032295076,0.004881750191277573,10,"[0.01005972 0.90966169 0.01000452 0.01000413 0.01000069 0.01000149
 0.01000633 0.01024841 0.01000849 0.01000452]",[ 4  7  8 12 15 16 18 25 27 30],100,38,0.014931,1000,100,0.001,0.004,1,10,10,random,10,first
363,TID,True,0.03765149476418517,0.0048816906880542014,10,"[0.01004966 0.90967175 0.01000452 0.01000413 0.01000069 0.01000149
 0.01000633 0.01024841 0.01000849 0.01000452]",[ 4  7  8 12 15 16 18 25 27 30],100,59,0.016414,1000,100,0.001,0.004,1,10,10,random,10,first
364,iDR,True,0.0376486463083739,0.0048816305572446156,10,"[0.01003971 0.90968089 0.01000462 0.01000423 0.01000079 0.0100016
 0.01000643 0.01024852 0.01000859 0.01000462]",[ 4  7  8 12 15 16 18 25 27 30],100,60,0.017311,1000,100,0.001,0.004,1,10,10,random,10,first
365,TID,True,0.03764603145283064,0.004881632166261941,10,"[0.01003971 0.90969114 0.01000462 0.01000423 0.01000079 0.0100016
 0.01000643 0.01023827 0.01000859 0.01000462]",[ 4  7  8 12 15 16 18 25 27 30],100,63,0.016831,1000,100,0.001,0.004,1,10,10,random,10,first
366,idID,True,0.0376431856511461,0.004881572094392517,10,"[0.01002977 0.90970027 0.01000472 0.01000433 0.01000089 0.0100017
 0.01000653 0.01023837 0.01000869 0.01000472]",[ 4  7  8 12 15 16 18 25 27 30],100,42,0.015265,1000,100,0.001,0.004,1,10,10,random,10,first
367,TID,True,0.037642002121379387,0.004878432634852785,10,"[0.01       0.01002977 0.90970027 0.01000472 0.01000089 0.0100017
 0.01000653 0.01023837 0.01000869 0.01000472]",[ 1  4  7  8 15 16 18 25 27 30],100,59,0.015947,1000,100,0.001,0.004,1,10,10,random,10,first
368,idID,True,0.037639480506017696,0.004878393738112258,10,"[0.01000014 0.01001988 0.90971334 0.01000486 0.01000104 0.01000184
 0.01000668 0.01023852 0.01000883 0.01000486]",[ 1  4  7  8 15 16 18 25 27 30],100,42,0.015218,1000,100,0.001,0.004,1,10,10,random,10,first
369,TID,True,0.03763884789845951,0.004878332897381345,10,"[0.01000014 0.01000986 0.90971334 0.01000486 0.01000104 0.01000184
 0.01000668 0.01024854 0.01000883 0.01000486]",[ 1  4  7  8 15 16 18 25 27 30],100,52,0.015514,1000,100,0.001,0.004,1,10,10,random,10,first
370,idID,True,0.03763658476935081,0.004878333771927852,10,"[0.01000025 0.01000997 0.90972266 0.01000497 0.01000114 0.01000194
 0.01000678 0.0102384  0.01000894 0.01000497]",[ 1  4  7  8 15 16 18 25 27 30],100,42,0.015456,1000,100,0.001,0.004,1,10,10,random,10,first
371,TID,True,0.03763396345410126,0.004878335379355963,10,"[0.01000025 0.01000997 0.9097329  0.01000497 0.01000114 0.01000194
 0.01000678 0.01022816 0.01000894 0.01000497]",[ 1  4  7  8 15 16 18 25 27 30],100,62,0.017016,1000,100,0.001,0.004,1,10,10,random,10,first
372,idID,True,0.03763170466305838,0.004878336252188567,10,"[0.01000035 0.01001007 0.9097422  0.01000507 0.01000124 0.01000204
 0.01000688 0.01021803 0.01000904 0.01000507]",[ 1  4  7  8 15 16 18 25 27 30],100,35,0.015027,1000,100,0.001,0.004,1,10,10,random,10,first
373,idID,True,0.03762886197658054,0.00487827632467563,10,"[0.01000045 0.01000016 0.90975131 0.01000517 0.01000134 0.01000214
 0.01000698 0.01021814 0.01000914 0.01000517]",[ 1  4  7  8 15 16 18 25 27 30],100,37,0.014974,1000,100,0.001,0.004,1,10,10,random,10,first
374,TID,False,0.03762886197658054,0.00487827632467563,10,"[0.01000045 0.01000016 0.90975131 0.01000517 0.01000134 0.01000214
 0.01000698 0.01021814 0.01000914 0.01000517]",[ 1  4  7  8 15 16 18 25 27 30],100,64,0.016332,1000,100,0.001,0.004,1,10,10,random,10,first
375,iDR,True,0.037626605251060034,0.004878277196049606,10,"[0.01000055 0.01000026 0.90976061 0.01000527 0.01000144 0.01000225
 0.01000709 0.01020802 0.01000924 0.01000527]",[ 1  4  7  8 15 16 18 25 27 30],100,58,0.016376,1000,100,0.001,0.004,1,10,10,random,10,first
376,idID,True,0.03762435068231665,0.004878278066569987,10,"[0.01000065 0.01000036 0.90976989 0.01000537 0.01000154 0.01000235
 0.01000719 0.01019792 0.01000934 0.01000537]",[ 1  4  7  8 15 16 18 25 27 30],100,37,0.014828,1000,100,0.001,0.004,1,10,10,random,10,first
377,idID,True,0.03762209826838875,0.004878278936237594,10,"[0.01000075 0.01000046 0.90977917 0.01000548 0.01000165 0.01000245
 0.01000729 0.01018782 0.01000945 0.01000548]",[ 1  4  7  8 15 16 18 25 27 30],100,47,0.015537,1000,100,0.001,0.004,1,10,10,random,10,first
378,iDR,True,0.03761984800731621,0.004878279805053246,10,"[0.01000086 0.01000057 0.90978844 0.01000558 0.01000175 0.01000255
 0.01000739 0.01017774 0.01000955 0.01000558]",[ 1  4  7  8 15 16 18 25 27 30],100,46,0.015757,1000,100,0.001,0.004,1,10,10,random,10,first
379,idID,True,0.037617599897140516,0.0048782806730177574,10,"[0.01000096 0.01000067 0.9097977  0.01000568 0.01000185 0.01000265
 0.01000749 0.01016767 0.01000965 0.01000568]",[ 1  4  7  8 15 16 18 25 27 30],100,46,0.015419,1000,100,0.001,0.004,1,10,10,random,10,first
380,idID,True,0.037615353935904795,0.0048782815401319495,10,"[0.01000106 0.01000077 0.90980695 0.01000578 0.01000195 0.01000276
 0.0100076  0.0101576  0.01000975 0.01000578]",[ 1  4  7  8 15 16 18 25 27 30],100,36,0.014758,1000,100,0.001,0.004,1,10,10,random,10,first
381,TID,False,0.037615353935904795,0.0048782815401319495,10,"[0.01000106 0.01000077 0.90980695 0.01000578 0.01000195 0.01000276
 0.0100076  0.0101576  0.01000975 0.01000578]",[ 1  4  7  8 15 16 18 25 27 30],100,60,0.016057,1000,100,0.001,0.004,1,10,10,random,10,first
382,idID,True,0.03761311012165361,0.004878282406396632,10,"[0.01000116 0.01000087 0.90981619 0.01000588 0.01000205 0.01000286
 0.0100077  0.01014755 0.01000985 0.01000588]",[ 1  4  7  8 15 16 18 25 27 30],100,37,0.014927,1000,100,0.001,0.004,1,10,10,random,10,first
383,TID,False,0.03761311012165361,0.004878282406396632,10,"[0.01000116 0.01000087 0.90981619 0.01000588 0.01000205 0.01000286
 0.0100077  0.01014755 0.01000985 0.01000588]",[ 1  4  7  8 15 16 18 25 27 30],100,64,0.016572,1000,100,0.001,0.004,1,10,10,random,10,first
384,TID,False,0.03761311012165361,0.004878282406396632,10,"[0.01000116 0.01000087 0.90981619 0.01000588 0.01000205 0.01000286
 0.0100077  0.01014755 0.01000985 0.01000588]",[ 1  4  7  8 15 16 18 25 27 30],100,61,0.016737,1000,100,0.001,0.004,1,10,10,random,10,first
385,iDR,True,0.03761086845243327,0.004878283271812621,10,"[0.01000126 0.01000097 0.90982543 0.01000598 0.01000216 0.01000296
 0.0100078  0.0101375  0.01000995 0.01000598]",[ 1  4  7  8 15 16 18 25 27 30],100,56,0.016647,1000,100,0.001,0.004,1,10,10,random,10,first
386,TID,False,0.03761086845243327,0.004878283271812621,10,"[0.01000126 0.01000097 0.90982543 0.01000598 0.01000216 0.01000296
 0.0100078  0.0101375  0.01000995 0.01000598]",[ 1  4  7  8 15 16 18 25 27 30],100,69,0.016746,1000,100,0.001,0.004,1,10,10,random,10,first
387,idID,True,0.03760862892629155,0.0048782841363807315,10,"[0.01000136 0.01000107 0.90983465 0.01000609 0.01000226 0.01000306
 0.0100079  0.01012747 0.01001006 0.01000609]",[ 1  4  7  8 15 16 18 25 27 30],100,37,0.01493,1000,100,0.001,0.004,1,10,10,random,10,first
388,TID,True,0.03760593377289586,0.004878310282646261,10,"[0.01000136 0.01000107 0.90984466 0.01000609 0.01000226 0.01000306
 0.0100079  0.01012747 0.01000005 0.01000609]",[ 1  4  7  8 15 16 18 25 27 30],100,66,0.016488,1000,100,0.001,0.004,1,10,10,random,10,first
389,idID,True,0.03760369631653331,0.004878311146632106,10,"[0.01000147 0.01000118 0.90985387 0.01000619 0.01000236 0.01000316
 0.010008   0.01011744 0.01000015 0.01000619]",[ 1  4  7  8 15 16 18 25 27 30],100,48,0.01558,1000,100,0.001,0.004,1,10,10,random,10,first
390,TID,False,0.03760369631653331,0.004878311146632106,10,"[0.01000147 0.01000118 0.90985387 0.01000619 0.01000236 0.01000316
 0.010008   0.01011744 0.01000015 0.01000619]",[ 1  4  7  8 15 16 18 25 27 30],100,63,0.016215,1000,100,0.001,0.004,1,10,10,random,10,first
391,iDR,True,0.037601460999418815,0.004878312009771442,10,"[0.01000157 0.01000128 0.90986308 0.01000629 0.01000246 0.01000326
 0.0100081  0.01010743 0.01000025 0.01000629]",[ 1  4  7  8 15 16 18 25 27 30],100,56,0.016261,1000,100,0.001,0.004,1,10,10,random,10,first
392,TID,False,0.037601460999418815,0.004878312009771442,10,"[0.01000157 0.01000128 0.90986308 0.01000629 0.01000246 0.01000326
 0.0100081  0.01010743 0.01000025 0.01000629]",[ 1  4  7  8 15 16 18 25 27 30],100,65,0.016382,1000,100,0.001,0.004,1,10,10,random,10,first
393,TID,False,0.037601460999418815,0.004878312009771442,10,"[0.01000157 0.01000128 0.90986308 0.01000629 0.01000246 0.01000326
 0.0100081  0.01010743 0.01000025 0.01000629]",[ 1  4  7  8 15 16 18 25 27 30],100,62,0.016259,1000,100,0.001,0.004,1,10,10,random,10,first
394,TID,False,0.037601460999418815,0.004878312009771442,10,"[0.01000157 0.01000128 0.90986308 0.01000629 0.01000246 0.01000326
 0.0100081  0.01010743 0.01000025 0.01000629]",[ 1  4  7  8 15 16 18 25 27 30],100,72,0.016929,1000,100,0.001,0.004,1,10,10,random,10,first
395,idID,True,0.037599227819604814,0.004878312872065073,10,"[0.01000167 0.01000138 0.90987228 0.01000639 0.01000256 0.01000336
 0.0100082  0.01009742 0.01000035 0.01000639]",[ 1  4  7  8 15 16 18 25 27 30],100,33,0.014904,1000,100,0.001,0.004,1,10,10,random,10,first
396,idID,True,0.037596996775145414,0.004878313733513819,10,"[0.01000177 0.01000148 0.90988146 0.01000649 0.01000266 0.01000347
 0.0100083  0.01008743 0.01000045 0.01000649]",[ 1  4  7  8 15 16 18 25 27 30],100,39,0.015754,1000,100,0.001,0.004,1,10,10,random,10,first
397,TID,False,0.037596996775145414,0.004878313733513819,10,"[0.01000177 0.01000148 0.90988146 0.01000649 0.01000266 0.01000347
 0.0100083  0.01008743 0.01000045 0.01000649]",[ 1  4  7  8 15 16 18 25 27 30],100,64,0.016673,1000,100,0.001,0.004,1,10,10,random,10,first
398,TID,True,0.037594413150420704,0.004878315317239725,10,"[0.01000177 0.01000148 0.90989155 0.01000649 0.01000266 0.01000347
 0.0100083  0.01007734 0.01000045 0.01000649]",[ 1  4  7  8 15 16 18 25 27 30],100,58,0.015938,1000,100,0.001,0.004,1,10,10,random,10,first
399,iDR,True,0.03759218638526956,0.004878316176999741,10,"[0.01000187 0.01000158 0.90990072 0.01000659 0.01000276 0.01000357
 0.01000841 0.01006736 0.01000055 0.01000659]",[ 1  4  7  8 15 16 18 25 27 30],100,54,0.016134,1000,100,0.001,0.004,1,10,10,random,10,first
400,idID,True,0.03758996174963194,0.004878317035917294,10,"[0.01000197 0.01000168 0.90990988 0.01000669 0.01000286 0.01000367
 0.01000851 0.0100574  0.01000065 0.01000669]",[ 1  4  7  8 15 16 18 25 27 30],100,41,0.015127,1000,100,0.001,0.004,1,10,10,random,10,first
401,iDR,True,0.03758773924156825,0.004878317893993203,10,"[0.01000207 0.01000178 0.90991903 0.01000679 0.01000296 0.01000377
 0.01000861 0.01004744 0.01000075 0.01000679]",[ 1  4  7  8 15 16 18 25 27 30],100,51,0.015972,1000,100,0.001,0.004,1,10,10,random,10,first
402,iDR,True,0.03758551885914043,0.00487831875122827,10,"[0.01000217 0.01000188 0.90992817 0.01000689 0.01000306 0.01000387
 0.01000871 0.01003749 0.01000085 0.01000689]",[ 1  4  7  8 15 16 18 25 27 30],100,57,0.016313,1000,100,0.001,0.004,1,10,10,random,10,first
403,TID,False,0.03758551885914043,0.00487831875122827,10,"[0.01000217 0.01000188 0.90992817 0.01000689 0.01000306 0.01000387
 0.01000871 0.01003749 0.01000085 0.01000689]",[ 1  4  7  8 15 16 18 25 27 30],100,56,0.015758,1000,100,0.001,0.004,1,10,10,random,10,first
404,iDR,True,0.03758330060041199,0.0048783196076233,10,"[0.01000227 0.01000198 0.90993731 0.01000699 0.01000316 0.01000397
 0.01000881 0.01002756 0.01000095 0.01000699]",[ 1  4  7  8 15 16 18 25 27 30],100,52,0.01606,1000,100,0.001,0.004,1,10,10,random,10,first
405,TID,True,0.03758073196521775,0.0048783211819497406,10,"[0.01000227 0.01000198 0.90994734 0.01000699 0.01000316 0.01000397
 0.01000881 0.01001753 0.01000095 0.01000699]",[ 1  4  7  8 15 16 18 25 27 30],100,66,0.016513,1000,100,0.001,0.004,1,10,10,random,10,first
406,iDR,True,0.0375785179623533,0.004878322036665751,10,"[0.01000237 0.01000208 0.90995645 0.01000709 0.01000326 0.01000407
 0.01000891 0.01000761 0.01000105 0.01000709]",[ 1  4  7  8 15 16 18 25 27 30],100,59,0.016426,1000,100,0.001,0.004,1,10,10,random,10,first
407,iDR,False,0.0375785179623533,0.004878322036665751,10,"[0.01000237 0.01000208 0.90995645 0.01000709 0.01000326 0.01000407
 0.01000891 0.01000761 0.01000105 0.01000709]",[ 1  4  7  8 15 16 18 25 27 30],100,49,0.015906,1000,100,0.001,0.004,1,10,10,random,10,first
408,TID,True,0.03757630938835337,0.004881432127354948,10,"[0.01000208 0.90995645 0.01000709 0.01       0.01000326 0.01000407
 0.01000891 0.01000761 0.01000105 0.01000709]",[ 4  7  8 12 15 16 18 25 27 30],100,64,0.016335,1000,100,0.001,0.004,1,10,10,random,10,first
409,TID,False,0.03757630938835337,0.004881432127354948,10,"[0.01000208 0.90995645 0.01000709 0.01       0.01000326 0.01000407
 0.01000891 0.01000761 0.01000105 0.01000709]",[ 4  7  8 12 15 16 18 25 27 30],100,69,0.016729,1000,100,0.001,0.004,1,10,10,random,10,first
410,iDR,False,0.03757630938835337,0.004881432127354948,10,"[0.01000208 0.90995645 0.01000709 0.01       0.01000326 0.01000407
 0.01000891 0.01000761 0.01000105 0.01000709]",[ 4  7  8 12 15 16 18 25 27 30],100,12,0.013871,1000,100,0.001,0.004,1,10,10,random,10,first
411,idID,False,0.03757630938835337,0.004881432127354948,10,"[0.01000208 0.90995645 0.01000709 0.01       0.01000326 0.01000407
 0.01000891 0.01000761 0.01000105 0.01000709]",[ 4  7  8 12 15 16 18 25 27 30],100,37,0.015032,1000,100,0.001,0.004,1,10,10,random,10,first
412,idID,False,0.03757630938835337,0.004881432127354948,10,"[0.01000208 0.90995645 0.01000709 0.01       0.01000326 0.01000407
 0.01000891 0.01000761 0.01000105 0.01000709]",[ 4  7  8 12 15 16 18 25 27 30],100,21,0.013893,1000,100,0.001,0.004,1,10,10,random,10,first
413,TID,False,0.03757630938835337,0.004881432127354948,10,"[0.01000208 0.90995645 0.01000709 0.01       0.01000326 0.01000407
 0.01000891 0.01000761 0.01000105 0.01000709]",[ 4  7  8 12 15 16 18 25 27 30],100,72,0.016936,1000,100,0.001,0.004,1,10,10,random,10,first
414,iDR,False,0.03757630938835337,0.004881432127354948,10,"[0.01000208 0.90995645 0.01000709 0.01       0.01000326 0.01000407
 0.01000891 0.01000761 0.01000105 0.01000709]",[ 4  7  8 12 15 16 18 25 27 30],100,11,0.013669,1000,100,0.001,0.004,1,10,10,random,10,first
415,TID,False,0.03757630938835337,0.004881432127354948,10,"[0.01000208 0.90995645 0.01000709 0.01       0.01000326 0.01000407
 0.01000891 0.01000761 0.01000105 0.01000709]",[ 4  7  8 12 15 16 18 25 27 30],100,71,0.016749,1000,100,0.001,0.004,1,10,10,random,10,first
416,TID,False,0.03757630938835337,0.004881432127354948,10,"[0.01000208 0.90995645 0.01000709 0.01       0.01000326 0.01000407
 0.01000891 0.01000761 0.01000105 0.01000709]",[ 4  7  8 12 15 16 18 25 27 30],100,65,0.016362,1000,100,0.001,0.004,1,10,10,random,10,first
417,TID,False,0.03757630938835337,0.004881432127354948,10,"[0.01000208 0.90995645 0.01000709 0.01       0.01000326 0.01000407
 0.01000891 0.01000761 0.01000105 0.01000709]",[ 4  7  8 12 15 16 18 25 27 30],100,61,0.01614,1000,100,0.001,0.004,1,10,10,random,10,first
418,idID,False,0.03757630938835337,0.004881432127354948,10,"[0.01000208 0.90995645 0.01000709 0.01       0.01000326 0.01000407
 0.01000891 0.01000761 0.01000105 0.01000709]",[ 4  7  8 12 15 16 18 25 27 30],100,32,0.014476,1000,100,0.001,0.004,1,10,10,random,10,first
419,iDR,False,0.03757630938835337,0.004881432127354948,10,"[0.01000208 0.90995645 0.01000709 0.01       0.01000326 0.01000407
 0.01000891 0.01000761 0.01000105 0.01000709]",[ 4  7  8 12 15 16 18 25 27 30],100,9,0.013555,1000,100,0.001,0.004,1,10,10,random,10,first
420,TID,False,0.03757630938835337,0.004881432127354948,10,"[0.01000208 0.90995645 0.01000709 0.01       0.01000326 0.01000407
 0.01000891 0.01000761 0.01000105 0.01000709]",[ 4  7  8 12 15 16 18 25 27 30],100,67,0.016551,1000,100,0.001,0.004,1,10,10,random,10,first
421,TID,False,0.03757630938835337,0.004881432127354948,10,"[0.01000208 0.90995645 0.01000709 0.01       0.01000326 0.01000407
 0.01000891 0.01000761 0.01000105 0.01000709]",[ 4  7  8 12 15 16 18 25 27 30],100,63,0.016192,1000,100,0.001,0.004,1,10,10,random,10,first
422,iDR,False,0.03757630938835337,0.004881432127354948,10,"[0.01000208 0.90995645 0.01000709 0.01       0.01000326 0.01000407
 0.01000891 0.01000761 0.01000105 0.01000709]",[ 4  7  8 12 15 16 18 25 27 30],100,12,0.013675,1000,100,0.001,0.004,1,10,10,random,10,first
423,iDR,False,0.03757630938835337,0.004881432127354948,10,"[0.01000208 0.90995645 0.01000709 0.01       0.01000326 0.01000407
 0.01000891 0.01000761 0.01000105 0.01000709]",[ 4  7  8 12 15 16 18 25 27 30],100,10,0.013665,1000,100,0.001,0.004,1,10,10,random,10,first
424,iDR,False,0.03757630938835337,0.004881432127354948,10,"[0.01000208 0.90995645 0.01000709 0.01       0.01000326 0.01000407
 0.01000891 0.01000761 0.01000105 0.01000709]",[ 4  7  8 12 15 16 18 25 27 30],100,15,0.013863,1000,100,0.001,0.004,1,10,10,random,10,first
425,TID,False,0.03757630938835337,0.004881432127354948,10,"[0.01000208 0.90995645 0.01000709 0.01       0.01000326 0.01000407
 0.01000891 0.01000761 0.01000105 0.01000709]",[ 4  7  8 12 15 16 18 25 27 30],100,72,0.016834,1000,100,0.001,0.004,1,10,10,random,10,first
426,TID,False,0.03757630938835337,0.004881432127354948,10,"[0.01000208 0.90995645 0.01000709 0.01       0.01000326 0.01000407
 0.01000891 0.01000761 0.01000105 0.01000709]",[ 4  7  8 12 15 16 18 25 27 30],100,65,0.016428,1000,100,0.001,0.004,1,10,10,random,10,first
427,TID,False,0.03757630938835337,0.004881432127354948,10,"[0.01000208 0.90995645 0.01000709 0.01       0.01000326 0.01000407
 0.01000891 0.01000761 0.01000105 0.01000709]",[ 4  7  8 12 15 16 18 25 27 30],100,66,0.016418,1000,100,0.001,0.004,1,10,10,random,10,first
428,iDR,False,0.03757630938835337,0.004881432127354948,10,"[0.01000208 0.90995645 0.01000709 0.01       0.01000326 0.01000407
 0.01000891 0.01000761 0.01000105 0.01000709]",[ 4  7  8 12 15 16 18 25 27 30],100,8,0.013839,1000,100,0.001,0.004,1,10,10,random,10,first
429,TID,False,0.03757630938835337,0.004881432127354948,10,"[0.01000208 0.90995645 0.01000709 0.01       0.01000326 0.01000407
 0.01000891 0.01000761 0.01000105 0.01000709]",[ 4  7  8 12 15 16 18 25 27 30],100,64,0.017149,1000,100,0.001,0.004,1,10,10,random,10,first
430,iDR,False,0.03757630938835337,0.004881432127354948,10,"[0.01000208 0.90995645 0.01000709 0.01       0.01000326 0.01000407
 0.01000891 0.01000761 0.01000105 0.01000709]",[ 4  7  8 12 15 16 18 25 27 30],100,12,0.01436,1000,100,0.001,0.004,1,10,10,random,10,first
431,TID,False,0.03757630938835337,0.004881432127354948,10,"[0.01000208 0.90995645 0.01000709 0.01       0.01000326 0.01000407
 0.01000891 0.01000761 0.01000105 0.01000709]",[ 4  7  8 12 15 16 18 25 27 30],100,67,0.01655,1000,100,0.001,0.004,1,10,10,random,10,first
432,TID,False,0.03757630938835337,0.004881432127354948,10,"[0.01000208 0.90995645 0.01000709 0.01       0.01000326 0.01000407
 0.01000891 0.01000761 0.01000105 0.01000709]",[ 4  7  8 12 15 16 18 25 27 30],100,64,0.016283,1000,100,0.001,0.004,1,10,10,random,10,first
433,idID,False,0.03757630938835337,0.004881432127354948,10,"[0.01000208 0.90995645 0.01000709 0.01       0.01000326 0.01000407
 0.01000891 0.01000761 0.01000105 0.01000709]",[ 4  7  8 12 15 16 18 25 27 30],100,34,0.014796,1000,100,0.001,0.004,1,10,10,random,10,first
434,TID,False,0.03757630938835337,0.004881432127354948,10,"[0.01000208 0.90995645 0.01000709 0.01       0.01000326 0.01000407
 0.01000891 0.01000761 0.01000105 0.01000709]",[ 4  7  8 12 15 16 18 25 27 30],100,66,0.016393,1000,100,0.001,0.004,1,10,10,random,10,first
435,idID,False,0.03757630938835337,0.004881432127354948,10,"[0.01000208 0.90995645 0.01000709 0.01       0.01000326 0.01000407
 0.01000891 0.01000761 0.01000105 0.01000709]",[ 4  7  8 12 15 16 18 25 27 30],100,26,0.014236,1000,100,0.001,0.004,1,10,10,random,10,first
436,iDR,False,0.03757630938835337,0.004881432127354948,10,"[0.01000208 0.90995645 0.01000709 0.01       0.01000326 0.01000407
 0.01000891 0.01000761 0.01000105 0.01000709]",[ 4  7  8 12 15 16 18 25 27 30],100,8,0.013484,1000,100,0.001,0.004,1,10,10,random,10,first
437,TID,False,0.03757630938835337,0.004881432127354948,10,"[0.01000208 0.90995645 0.01000709 0.01       0.01000326 0.01000407
 0.01000891 0.01000761 0.01000105 0.01000709]",[ 4  7  8 12 15 16 18 25 27 30],100,71,0.016769,1000,100,0.001,0.004,1,10,10,random,10,first
438,TID,False,0.03757630938835337,0.004881432127354948,10,"[0.01000208 0.90995645 0.01000709 0.01       0.01000326 0.01000407
 0.01000891 0.01000761 0.01000105 0.01000709]",[ 4  7  8 12 15 16 18 25 27 30],100,71,0.016851,1000,100,0.001,0.004,1,10,10,random,10,first
439,idID,False,0.03757630938835337,0.004881432127354948,10,"[0.01000208 0.90995645 0.01000709 0.01       0.01000326 0.01000407
 0.01000891 0.01000761 0.01000105 0.01000709]",[ 4  7  8 12 15 16 18 25 27 30],100,38,0.014973,1000,100,0.001,0.004,1,10,10,random,10,first
440,iDR,False,0.03757630938835337,0.004881432127354948,10,"[0.01000208 0.90995645 0.01000709 0.01       0.01000326 0.01000407
 0.01000891 0.01000761 0.01000105 0.01000709]",[ 4  7  8 12 15 16 18 25 27 30],100,5,0.013335,1000,100,0.001,0.004,1,10,10,random,10,first
441,TID,False,0.03757630938835337,0.004881432127354948,10,"[0.01000208 0.90995645 0.01000709 0.01       0.01000326 0.01000407
 0.01000891 0.01000761 0.01000105 0.01000709]",[ 4  7  8 12 15 16 18 25 27 30],100,63,0.016102,1000,100,0.001,0.004,1,10,10,random,10,first
442,idID,False,0.03757630938835337,0.004881432127354948,10,"[0.01000208 0.90995645 0.01000709 0.01       0.01000326 0.01000407
 0.01000891 0.01000761 0.01000105 0.01000709]",[ 4  7  8 12 15 16 18 25 27 30],100,31,0.014492,1000,100,0.001,0.004,1,10,10,random,10,first
443,iDR,False,0.03757630938835337,0.004881432127354948,10,"[0.01000208 0.90995645 0.01000709 0.01       0.01000326 0.01000407
 0.01000891 0.01000761 0.01000105 0.01000709]",[ 4  7  8 12 15 16 18 25 27 30],100,11,0.013742,1000,100,0.001,0.004,1,10,10,random,10,first
444,idID,False,0.03757630938835337,0.004881432127354948,10,"[0.01000208 0.90995645 0.01000709 0.01       0.01000326 0.01000407
 0.01000891 0.01000761 0.01000105 0.01000709]",[ 4  7  8 12 15 16 18 25 27 30],100,32,0.014689,1000,100,0.001,0.004,1,10,10,random,10,first
445,idID,False,0.03757630938835337,0.004881432127354948,10,"[0.01000208 0.90995645 0.01000709 0.01       0.01000326 0.01000407
 0.01000891 0.01000761 0.01000105 0.01000709]",[ 4  7  8 12 15 16 18 25 27 30],100,35,0.014727,1000,100,0.001,0.004,1,10,10,random,10,first
446,idID,False,0.03757630938835337,0.004881432127354948,10,"[0.01000208 0.90995645 0.01000709 0.01       0.01000326 0.01000407
 0.01000891 0.01000761 0.01000105 0.01000709]",[ 4  7  8 12 15 16 18 25 27 30],100,42,0.015096,1000,100,0.001,0.004,1,10,10,random,10,first
447,TID,False,0.03757630938835337,0.004881432127354948,10,"[0.01000208 0.90995645 0.01000709 0.01       0.01000326 0.01000407
 0.01000891 0.01000761 0.01000105 0.01000709]",[ 4  7  8 12 15 16 18 25 27 30],100,61,0.016081,1000,100,0.001,0.004,1,10,10,random,10,first
448,TID,False,0.03757630938835337,0.004881432127354948,10,"[0.01000208 0.90995645 0.01000709 0.01       0.01000326 0.01000407
 0.01000891 0.01000761 0.01000105 0.01000709]",[ 4  7  8 12 15 16 18 25 27 30],100,64,0.016312,1000,100,0.001,0.004,1,10,10,random,10,first
449,TID,False,0.03757630938835337,0.004881432127354948,10,"[0.01000208 0.90995645 0.01000709 0.01       0.01000326 0.01000407
 0.01000891 0.01000761 0.01000105 0.01000709]",[ 4  7  8 12 15 16 18 25 27 30],100,72,0.016905,1000,100,0.001,0.004,1,10,10,random,10,first
450,iDR,False,0.03757630938835337,0.004881432127354948,10,"[0.01000208 0.90995645 0.01000709 0.01       0.01000326 0.01000407
 0.01000891 0.01000761 0.01000105 0.01000709]",[ 4  7  8 12 15 16 18 25 27 30],100,12,0.013734,1000,100,0.001,0.004,1,10,10,random,10,first
451,TID,False,0.03757630938835337,0.004881432127354948,10,"[0.01000208 0.90995645 0.01000709 0.01       0.01000326 0.01000407
 0.01000891 0.01000761 0.01000105 0.01000709]",[ 4  7  8 12 15 16 18 25 27 30],100,64,0.016283,1000,100,0.001,0.004,1,10,10,random,10,first
452,TID,False,0.03757630938835337,0.004881432127354948,10,"[0.01000208 0.90995645 0.01000709 0.01       0.01000326 0.01000407
 0.01000891 0.01000761 0.01000105 0.01000709]",[ 4  7  8 12 15 16 18 25 27 30],100,65,0.016438,1000,100,0.001,0.004,1,10,10,random,10,first
453,iDR,False,0.03757630938835337,0.004881432127354948,10,"[0.01000208 0.90995645 0.01000709 0.01       0.01000326 0.01000407
 0.01000891 0.01000761 0.01000105 0.01000709]",[ 4  7  8 12 15 16 18 25 27 30],100,11,0.013669,1000,100,0.001,0.004,1,10,10,random,10,first
454,idID,False,0.03757630938835337,0.004881432127354948,10,"[0.01000208 0.90995645 0.01000709 0.01       0.01000326 0.01000407
 0.01000891 0.01000761 0.01000105 0.01000709]",[ 4  7  8 12 15 16 18 25 27 30],100,46,0.015487,1000,100,0.001,0.004,1,10,10,random,10,first
455,TID,False,0.03757630938835337,0.004881432127354948,10,"[0.01000208 0.90995645 0.01000709 0.01       0.01000326 0.01000407
 0.01000891 0.01000761 0.01000105 0.01000709]",[ 4  7  8 12 15 16 18 25 27 30],100,65,0.016321,1000,100,0.001,0.004,1,10,10,random,10,first
456,idID,False,0.03757630938835337,0.004881432127354948,10,"[0.01000208 0.90995645 0.01000709 0.01       0.01000326 0.01000407
 0.01000891 0.01000761 0.01000105 0.01000709]",[ 4  7  8 12 15 16 18 25 27 30],100,31,0.014493,1000,100,0.001,0.004,1,10,10,random,10,first
457,TID,False,0.03757630938835337,0.004881432127354948,10,"[0.01000208 0.90995645 0.01000709 0.01       0.01000326 0.01000407
 0.01000891 0.01000761 0.01000105 0.01000709]",[ 4  7  8 12 15 16 18 25 27 30],100,59,0.015935,1000,100,0.001,0.004,1,10,10,random,10,first
458,TID,False,0.03757630938835337,0.004881432127354948,10,"[0.01000208 0.90995645 0.01000709 0.01       0.01000326 0.01000407
 0.01000891 0.01000761 0.01000105 0.01000709]",[ 4  7  8 12 15 16 18 25 27 30],100,65,0.01636,1000,100,0.001,0.004,1,10,10,random,10,first
459,idID,False,0.03757630938835337,0.004881432127354948,10,"[0.01000208 0.90995645 0.01000709 0.01       0.01000326 0.01000407
 0.01000891 0.01000761 0.01000105 0.01000709]",[ 4  7  8 12 15 16 18 25 27 30],100,31,0.014469,1000,100,0.001,0.004,1,10,10,random,10,first
