iter,obj,aug_obj,return,X,Z,max_iter,neighbours,alpha,exp_return,n_port,k,move_strategy,seed,selection_strategy
0,0.1145824855238485,0.1145824855238485,0.004121562053000001,[0.       0.       0.       0.       0.       0.234893 0.       0.262595 0.       0.       0.       0.       0.       0.       0.       0.       0.       0.       0.       0.       0.       0.       0.       0.       0.       0.502512 0.       0.       0.       0.       0.      ],[0. 0. 0. 0. 0. 1. 0. 1. 0. 0. 0. 0. 0. 0. 0. 0. 0. 0. 0. 0. 0. 0. 0. 0. 0. 1. 0. 0. 0. 0. 0.],500,100,0.1,0.003,1,3,best,79,first
1,0.08433345974868427,0.08433345974868427,0.004344623877000001,[0.       0.       0.       0.       0.       0.156858 0.       0.175357 0.       0.       0.       0.       0.       0.       0.       0.       0.       0.       0.       0.       0.       0.       0.       0.       0.       0.667785 0.       0.       0.       0.       0.      ],[0. 0. 0. 0. 0. 1. 0. 1. 0. 0. 0. 0. 0. 0. 0. 0. 0. 0. 0. 0. 0. 0. 0. 0. 0. 1. 0. 0. 0. 0. 0.],500,100,0.1,0.003,1,3,best,79,first
2,0.06624431965083023,0.06624431965083023,0.0044564363680000005,[0.       0.       0.       0.       0.       0.117742 0.       0.131628 0.       0.       0.       0.       0.       0.       0.       0.       0.       0.       0.       0.       0.       0.       0.       0.       0.       0.75063  0.       0.       0.       0.       0.      ],[0. 0. 0. 0. 0. 1. 0. 1. 0. 0. 0. 0. 0. 0. 0. 0. 0. 0. 0. 0. 0. 0. 0. 0. 0. 1. 0. 0. 0. 0. 0.],500,100,0.1,0.003,1,3,best,79,first
3,0.05443636416735222,0.05443636416735222,0.004523608748000001,[0.       0.       0.       0.       0.       0.094241 0.       0.105355 0.       0.       0.       0.       0.       0.       0.       0.       0.       0.       0.       0.       0.       0.       0.       0.       0.       0.800403 0.       0.       0.       0.       0.      ],[0. 0. 0. 0. 0. 1. 0. 1. 0. 0. 0. 0. 0. 0. 0. 0. 0. 0. 0. 0. 0. 0. 0. 0. 0. 1. 0. 0. 0. 0. 0.],500,100,0.1,0.003,1,3,best,79,first
4,0.046165651376415526,0.046165651376415526,0.004568434451,[0.       0.       0.       0.       0.       0.078561 0.       0.087825 0.       0.       0.       0.       0.       0.       0.       0.       0.       0.       0.       0.       0.       0.       0.       0.       0.       0.833614 0.       0.       0.       0.       0.      ],[0. 0. 0. 0. 0. 1. 0. 1. 0. 0. 0. 0. 0. 0. 0. 0. 0. 0. 0. 0. 0. 0. 0. 0. 0. 1. 0. 0. 0. 0. 0.],500,100,0.1,0.003,1,3,best,79,first
5,0.04006215084684935,0.04006215084684935,0.004600469593,[0.       0.       0.       0.       0.       0.067354 0.       0.075297 0.       0.       0.       0.       0.       0.       0.       0.       0.       0.       0.       0.       0.       0.       0.       0.       0.       0.857349 0.       0.       0.       0.       0.      ],[0. 0. 0. 0. 0. 1. 0. 1. 0. 0. 0. 0. 0. 0. 0. 0. 0. 0. 0. 0. 0. 0. 0. 0. 0. 1. 0. 0. 0. 0. 0.],500,100,0.1,0.003,1,3,best,79,first
6,0.035377199607425705,0.035377199607425705,0.004624506699,[0.       0.       0.       0.       0.       0.058945 0.       0.065897 0.       0.       0.       0.       0.       0.       0.       0.       0.       0.       0.       0.       0.       0.       0.       0.       0.       0.875158 0.       0.       0.       0.       0.      ],[0. 0. 0. 0. 0. 1. 0. 1. 0. 0. 0. 0. 0. 0. 0. 0. 0. 0. 0. 0. 0. 0. 0. 0. 0. 1. 0. 0. 0. 0. 0.],500,100,0.1,0.003,1,3,best,79,first
7,0.031669684187380226,0.031669684187380226,0.004643206829,[0.       0.       0.       0.       0.       0.052403 0.       0.058583 0.       0.       0.       0.       0.       0.       0.       0.       0.       0.       0.       0.       0.       0.       0.       0.       0.       0.889014 0.       0.       0.       0.       0.      ],[0. 0. 0. 0. 0. 1. 0. 1. 0. 0. 0. 0. 0. 0. 0. 0. 0. 0. 0. 0. 0. 0. 0. 0. 0. 1. 0. 0. 0. 0. 0.],500,100,0.1,0.003,1,3,best,79,first
8,0.028663712777457558,0.028663712777457558,0.004658171055,[0.       0.       0.       0.       0.       0.047168 0.       0.052731 0.       0.       0.       0.       0.       0.       0.       0.       0.       0.       0.       0.       0.       0.       0.       0.       0.       0.900101 0.       0.       0.       0.       0.      ],[0. 0. 0. 0. 0. 1. 0. 1. 0. 0. 0. 0. 0. 0. 0. 0. 0. 0. 0. 0. 0. 0. 0. 0. 0. 1. 0. 0. 0. 0. 0.],500,100,0.1,0.003,1,3,best,79,first
9,0.026177747476527916,0.026177747476527916,0.004670416838,[0.       0.       0.       0.       0.       0.042884 0.       0.047942 0.       0.       0.       0.       0.       0.       0.       0.       0.       0.       0.       0.       0.       0.       0.       0.       0.       0.909174 0.       0.       0.       0.       0.      ],[0. 0. 0. 0. 0. 1. 0. 1. 0. 0. 0. 0. 0. 0. 0. 0. 0. 0. 0. 0. 0. 0. 0. 0. 0. 1. 0. 0. 0. 0. 0.],500,100,0.1,0.003,1,3,best,79,first
10,0.02408563484546007,0.02408563484546007,0.004680628189,[0.       0.       0.       0.       0.       0.03931  0.       0.043946 0.       0.       0.       0.       0.       0.       0.       0.       0.       0.       0.       0.       0.       0.       0.       0.       0.       0.916743 0.       0.       0.       0.       0.      ],[0. 0. 0. 0. 0. 1. 0. 1. 0. 0. 0. 0. 0. 0. 0. 0. 0. 0. 0. 0. 0. 0. 0. 0. 0. 1. 0. 0. 0. 0. 0.],500,100,0.1,0.003,1,3,best,79,first
11,0.022139096826163888,0.022139096826163888,0.004690068886,[0.       0.       0.       0.       0.       0.036009 0.       0.040256 0.       0.       0.       0.       0.       0.       0.       0.       0.       0.       0.       0.       0.       0.       0.       0.       0.       0.923735 0.       0.       0.       0.       0.      ],[0. 0. 0. 0. 0. 1. 0. 1. 0. 0. 0. 0. 0. 0. 0. 0. 0. 0. 0. 0. 0. 0. 0. 0. 0. 1. 0. 0. 0. 0. 0.],500,100,0.1,0.003,1,3,best,79,first
12,0.020331107191226258,0.020331107191226258,0.004698772988000001,[0.       0.       0.       0.       0.       0.032964 0.       0.036852 0.       0.       0.       0.       0.       0.       0.       0.       0.       0.       0.       0.       0.       0.       0.       0.       0.       0.930184 0.       0.       0.       0.       0.      ],[0. 0. 0. 0. 0. 1. 0. 1. 0. 0. 0. 0. 0. 0. 0. 0. 0. 0. 0. 0. 0. 0. 0. 0. 0. 1. 0. 0. 0. 0. 0.],500,100,0.1,0.003,1,3,best,79,first
13,0.018655075173106564,0.018655075173106564,0.0047067957990000004,[0.       0.       0.       0.       0.       0.030159 0.       0.033716 0.       0.       0.       0.       0.       0.       0.       0.       0.       0.       0.       0.       0.       0.       0.       0.       0.       0.936126 0.       0.       0.       0.       0.      ],[0. 0. 0. 0. 0. 1. 0. 1. 0. 0. 0. 0. 0. 0. 0. 0. 0. 0. 0. 0. 0. 0. 0. 0. 0. 1. 0. 0. 0. 0. 0.],500,100,0.1,0.003,1,3,best,79,first
14,0.017103565548427065,0.017103565548427065,0.004714171692,[0.       0.       0.       0.       0.       0.027577 0.       0.03083  0.       0.       0.       0.       0.       0.       0.       0.       0.       0.       0.       0.       0.       0.       0.       0.       0.       0.941593 0.       0.       0.       0.       0.      ],[0. 0. 0. 0. 0. 1. 0. 1. 0. 0. 0. 0. 0. 0. 0. 0. 0. 0. 0. 0. 0. 0. 0. 0. 0. 1. 0. 0. 0. 0. 0.],500,100,0.1,0.003,1,3,best,79,first
15,0.0156699777599603,0.0156699777599603,0.004720954853,[0.       0.       0.       0.       0.       0.025204 0.       0.028177 0.       0.       0.       0.       0.       0.       0.       0.       0.       0.       0.       0.       0.       0.       0.       0.       0.       0.946619 0.       0.       0.       0.       0.      ],[0. 0. 0. 0. 0. 1. 0. 1. 0. 0. 0. 0. 0. 0. 0. 0. 0. 0. 0. 0. 0. 0. 0. 0. 0. 1. 0. 0. 0. 0. 0.],500,100,0.1,0.003,1,3,best,79,first
16,0.01434669815086478,0.01434669815086478,0.004727181571,[0.       0.       0.       0.       0.       0.023024 0.       0.02574  0.       0.       0.       0.       0.       0.       0.       0.       0.       0.       0.       0.       0.       0.       0.       0.       0.       0.951235 0.       0.       0.       0.       0.      ],[0. 0. 0. 0. 0. 1. 0. 1. 0. 0. 0. 0. 0. 0. 0. 0. 0. 0. 0. 0. 0. 0. 0. 0. 0. 1. 0. 0. 0. 0. 0.],500,100,0.1,0.003,1,3,best,79,first
17,0.013127305549628161,0.013127305549628161,0.004732903312000001,[0.       0.       0.       0.       0.       0.021024 0.       0.023504 0.       0.       0.       0.       0.       0.       0.       0.       0.       0.       0.       0.       0.       0.       0.       0.       0.       0.955472 0.       0.       0.       0.       0.      ],[0. 0. 0. 0. 0. 1. 0. 1. 0. 0. 0. 0. 0. 0. 0. 0. 0. 0. 0. 0. 0. 0. 0. 0. 0. 1. 0. 0. 0. 0. 0.],500,100,0.1,0.003,1,3,best,79,first
18,0.01200472650564206,0.01200472650564206,0.004738141025000001,[0.       0.       0.       0.       0.       0.01919  0.       0.021454 0.       0.       0.       0.       0.       0.       0.       0.       0.       0.       0.       0.       0.       0.       0.       0.       0.       0.959355 0.       0.       0.       0.       0.      ],[0. 0. 0. 0. 0. 1. 0. 1. 0. 0. 0. 0. 0. 0. 0. 0. 0. 0. 0. 0. 0. 0. 0. 0. 0. 1. 0. 0. 0. 0. 0.],500,100,0.1,0.003,1,3,best,79,first
19,0.010972623433250476,0.010972623433250476,0.004742948092,[0.       0.       0.       0.       0.       0.01751  0.       0.019576 0.       0.       0.       0.       0.       0.       0.       0.       0.       0.       0.       0.       0.       0.       0.       0.       0.       0.962914 0.       0.       0.       0.       0.      ],[0. 0. 0. 0. 0. 1. 0. 1. 0. 0. 0. 0. 0. 0. 0. 0. 0. 0. 0. 0. 0. 0. 0. 0. 0. 1. 0. 0. 0. 0. 0.],500,100,0.1,0.003,1,3,best,79,first
20,0.010024663799740607,0.010024663799740607,0.004747344501,[0.       0.       0.       0.       0.       0.015972 0.       0.017857 0.       0.       0.       0.       0.       0.       0.       0.       0.       0.       0.       0.       0.       0.       0.       0.       0.       0.966171 0.       0.       0.       0.       0.      ],[0. 0. 0. 0. 0. 1. 0. 1. 0. 0. 0. 0. 0. 0. 0. 0. 0. 0. 0. 0. 0. 0. 0. 0. 0. 1. 0. 0. 0. 0. 0.],500,100,0.1,0.003,1,3,best,79,first
21,0.00915467848927733,0.00915467848927733,0.004751366378,[0.       0.       0.       0.       0.       0.014565 0.       0.016284 0.       0.       0.       0.       0.       0.       0.       0.       0.       0.       0.       0.       0.       0.       0.       0.       0.       0.969151 0.       0.       0.       0.       0.      ],[0. 0. 0. 0. 0. 1. 0. 1. 0. 0. 0. 0. 0. 0. 0. 0. 0. 0. 0. 0. 0. 0. 0. 0. 0. 1. 0. 0. 0. 0. 0.],500,100,0.1,0.003,1,3,best,79,first
22,0.008356631286090314,0.008356631286090314,0.004755045213,[0.       0.       0.       0.       0.       0.013278 0.       0.014845 0.       0.       0.       0.       0.       0.       0.       0.       0.       0.       0.       0.       0.       0.       0.       0.       0.       0.971877 0.       0.       0.       0.       0.      ],[0. 0. 0. 0. 0. 1. 0. 1. 0. 0. 0. 0. 0. 0. 0. 0. 0. 0. 0. 0. 0. 0. 0. 0. 0. 1. 0. 0. 0. 0. 0.],500,100,0.1,0.003,1,3,best,79,first
23,0.0076255307094305405,0.0076255307094305405,0.004758406742000001,[0.       0.       0.       0.       0.       0.012102 0.       0.01353  0.       0.       0.       0.       0.       0.       0.       0.       0.       0.       0.       0.       0.       0.       0.       0.       0.       0.974368 0.       0.       0.       0.       0.      ],[0. 0. 0. 0. 0. 1. 0. 1. 0. 0. 0. 0. 0. 0. 0. 0. 0. 0. 0. 0. 0. 0. 0. 0. 0. 1. 0. 0. 0. 0. 0.],500,100,0.1,0.003,1,3,best,79,first
24,0.006956288602086479,0.006956288602086479,0.004761481494,[0.       0.       0.       0.       0.       0.011028 0.       0.012329 0.       0.       0.       0.       0.       0.       0.       0.       0.       0.       0.       0.       0.       0.       0.       0.       0.       0.976644 0.       0.       0.       0.       0.      ],[0. 0. 0. 0. 0. 1. 0. 1. 0. 0. 0. 0. 0. 0. 0. 0. 0. 0. 0. 0. 0. 0. 0. 0. 0. 1. 0. 0. 0. 0. 0.],500,100,0.1,0.003,1,3,best,79,first
25,0.0037527506410061167,0.0037527506410061167,0.004794957162,[0.       0.       0.       0.       0.       0.       0.       0.012466 0.       0.       0.       0.       0.       0.       0.       0.       0.       0.       0.       0.       0.       0.       0.       0.       0.       0.987534 0.       0.       0.       0.       0.      ],[0. 0. 0. 0. 0. 0. 0. 1. 0. 0. 0. 0. 0. 0. 0. 0. 0. 0. 0. 0. 0. 0. 0. 0. 0. 1. 0. 0. 0. 0. 0.],500,100,0.1,0.003,1,3,best,79,first
26,0.003381739086874954,0.003381739086874954,0.0047947614458,[0.        0.        0.        0.        0.        0.        0.        0.0112194 0.        0.        0.        0.        0.        0.        0.        0.        0.        0.        0.        0.        0.        0.        0.        0.        0.        0.9887806 0.        0.        0.        0.        0.       ],[0. 0. 0. 0. 0. 0. 0. 1. 0. 0. 0. 0. 0. 0. 0. 0. 0. 0. 0. 0. 0. 0. 0. 0. 0. 1. 0. 0. 0. 0. 0.],500,100,0.1,0.003,1,3,best,79,first
27,0.0030470186212627126,0.0030470186212627126,0.004794585301220001,[0.         0.         0.         0.         0.         0.         0.         0.01009746 0.         0.         0.         0.         0.         0.         0.         0.         0.         0.         0.         0.         0.         0.         0.         0.         0.         0.98990254 0.         0.         0.         0.         0.        ],[0. 0. 0. 0. 0. 0. 0. 1. 0. 0. 0. 0. 0. 0. 0. 0. 0. 0. 0. 0. 0. 0. 0. 0. 0. 1. 0. 0. 0. 0. 0.],500,100,0.1,0.003,1,3,best,79,first
28,0.0017271665549455557,0.0017271665549455557,0.004853726072,[0.       0.       0.       0.       0.010001 0.       0.       0.       0.       0.       0.       0.       0.       0.       0.       0.       0.       0.       0.       0.       0.       0.       0.       0.       0.       0.989999 0.       0.       0.       0.       0.      ],[0. 0. 0. 0. 1. 0. 0. 0. 0. 0. 0. 0. 0. 0. 0. 0. 0. 0. 0. 0. 0. 0. 0. 0. 0. 1. 0. 0. 0. 0. 0.],500,100,0.1,0.003,1,3,best,79,first
29,0.0013814347046099999,0.0013814347046099999,0.004768445207,[0.       0.       0.       0.       0.       0.       0.       0.       0.       0.       0.       0.       0.       0.       0.       0.       0.       0.       0.       0.       0.       0.       0.       0.       0.       0.989999 0.       0.01     0.       0.       0.      ],[0. 0. 0. 0. 0. 0. 0. 0. 0. 0. 0. 0. 0. 0. 0. 0. 0. 0. 0. 0. 0. 0. 0. 0. 0. 1. 0. 1. 0. 0. 0.],500,100,0.1,0.003,1,3,best,79,first
30,0.0013814347046099999,0.0013814347046099999,0.004768445207,[0.       0.       0.       0.       0.       0.       0.       0.       0.       0.       0.       0.       0.       0.       0.       0.       0.       0.       0.       0.       0.       0.       0.       0.       0.       0.989999 0.       0.01     0.       0.       0.      ],[0. 0. 0. 0. 0. 0. 0. 0. 0. 0. 0. 0. 0. 0. 0. 0. 0. 0. 0. 0. 0. 0. 0. 0. 0. 1. 0. 1. 0. 0. 0.],500,100,0.1,0.003,1,3,best,79,first
31,0.0013814347046099999,0.0013814347046099999,0.004768445207,[0.       0.       0.       0.       0.       0.       0.       0.       0.       0.       0.       0.       0.       0.       0.       0.       0.       0.       0.       0.       0.       0.       0.       0.       0.       0.989999 0.       0.01     0.       0.       0.      ],[0. 0. 0. 0. 0. 0. 0. 0. 0. 0. 0. 0. 0. 0. 0. 0. 0. 0. 0. 0. 0. 0. 0. 0. 0. 1. 0. 1. 0. 0. 0.],500,100,0.1,0.003,1,3,best,79,first
32,0.0013814347046099999,0.0013814347046099999,0.004768445207,[0.       0.       0.       0.       0.       0.       0.       0.       0.       0.       0.       0.       0.       0.       0.       0.       0.       0.       0.       0.       0.       0.       0.       0.       0.       0.989999 0.       0.01     0.       0.       0.      ],[0. 0. 0. 0. 0. 0. 0. 0. 0. 0. 0. 0. 0. 0. 0. 0. 0. 0. 0. 0. 0. 0. 0. 0. 0. 1. 0. 1. 0. 0. 0.],500,100,0.1,0.003,1,3,best,79,first
33,0.0013814347046099999,0.0013814347046099999,0.004768445207,[0.       0.       0.       0.       0.       0.       0.       0.       0.       0.       0.       0.       0.       0.       0.       0.       0.       0.       0.       0.       0.       0.       0.       0.       0.       0.989999 0.       0.01     0.       0.       0.      ],[0. 0. 0. 0. 0. 0. 0. 0. 0. 0. 0. 0. 0. 0. 0. 0. 0. 0. 0. 0. 0. 0. 0. 0. 0. 1. 0. 1. 0. 0. 0.],500,100,0.1,0.003,1,3,best,79,first
34,0.0013814347046099999,0.0013814347046099999,0.004768445207,[0.       0.       0.       0.       0.       0.       0.       0.       0.       0.       0.       0.       0.       0.       0.       0.       0.       0.       0.       0.       0.       0.       0.       0.       0.       0.989999 0.       0.01     0.       0.       0.      ],[0. 0. 0. 0. 0. 0. 0. 0. 0. 0. 0. 0. 0. 0. 0. 0. 0. 0. 0. 0. 0. 0. 0. 0. 0. 1. 0. 1. 0. 0. 0.],500,100,0.1,0.003,1,3,best,79,first
35,0.0013814347046099999,0.0013814347046099999,0.004768445207,[0.       0.       0.       0.       0.       0.       0.       0.       0.       0.       0.       0.       0.       0.       0.       0.       0.       0.       0.       0.       0.       0.       0.       0.       0.       0.989999 0.       0.01     0.       0.       0.      ],[0. 0. 0. 0. 0. 0. 0. 0. 0. 0. 0. 0. 0. 0. 0. 0. 0. 0. 0. 0. 0. 0. 0. 0. 0. 1. 0. 1. 0. 0. 0.],500,100,0.1,0.003,1,3,best,79,first
36,0.0013814347046099999,0.0013814347046099999,0.004768445207,[0.       0.       0.       0.       0.       0.       0.       0.       0.       0.       0.       0.       0.       0.       0.       0.       0.       0.       0.       0.       0.       0.       0.       0.       0.       0.989999 0.       0.01     0.       0.       0.      ],[0. 0. 0. 0. 0. 0. 0. 0. 0. 0. 0. 0. 0. 0. 0. 0. 0. 0. 0. 0. 0. 0. 0. 0. 0. 1. 0. 1. 0. 0. 0.],500,100,0.1,0.003,1,3,best,79,first
37,0.0013814347046099999,0.0013814347046099999,0.004768445207,[0.       0.       0.       0.       0.       0.       0.       0.       0.       0.       0.       0.       0.       0.       0.       0.       0.       0.       0.       0.       0.       0.       0.       0.       0.       0.989999 0.       0.01     0.       0.       0.      ],[0. 0. 0. 0. 0. 0. 0. 0. 0. 0. 0. 0. 0. 0. 0. 0. 0. 0. 0. 0. 0. 0. 0. 0. 0. 1. 0. 1. 0. 0. 0.],500,100,0.1,0.003,1,3,best,79,first
38,0.0013814347046099999,0.0013814347046099999,0.004768445207,[0.       0.       0.       0.       0.       0.       0.       0.       0.       0.       0.       0.       0.       0.       0.       0.       0.       0.       0.       0.       0.       0.       0.       0.       0.       0.989999 0.       0.01     0.       0.       0.      ],[0. 0. 0. 0. 0. 0. 0. 0. 0. 0. 0. 0. 0. 0. 0. 0. 0. 0. 0. 0. 0. 0. 0. 0. 0. 1. 0. 1. 0. 0. 0.],500,100,0.1,0.003,1,3,best,79,first
39,0.0013814347046099999,0.0013814347046099999,0.004768445207,[0.       0.       0.       0.       0.       0.       0.       0.       0.       0.       0.       0.       0.       0.       0.       0.       0.       0.       0.       0.       0.       0.       0.       0.       0.       0.989999 0.       0.01     0.       0.       0.      ],[0. 0. 0. 0. 0. 0. 0. 0. 0. 0. 0. 0. 0. 0. 0. 0. 0. 0. 0. 0. 0. 0. 0. 0. 0. 1. 0. 1. 0. 0. 0.],500,100,0.1,0.003,1,3,best,79,first
40,0.0013814347046099999,0.0013814347046099999,0.004768445207,[0.       0.       0.       0.       0.       0.       0.       0.       0.       0.       0.       0.       0.       0.       0.       0.       0.       0.       0.       0.       0.       0.       0.       0.       0.       0.989999 0.       0.01     0.       0.       0.      ],[0. 0. 0. 0. 0. 0. 0. 0. 0. 0. 0. 0. 0. 0. 0. 0. 0. 0. 0. 0. 0. 0. 0. 0. 0. 1. 0. 1. 0. 0. 0.],500,100,0.1,0.003,1,3,best,79,first
41,0.0013814347046099999,0.0013814347046099999,0.004768445207,[0.       0.       0.       0.       0.       0.       0.       0.       0.       0.       0.       0.       0.       0.       0.       0.       0.       0.       0.       0.       0.       0.       0.       0.       0.       0.989999 0.       0.01     0.       0.       0.      ],[0. 0. 0. 0. 0. 0. 0. 0. 0. 0. 0. 0. 0. 0. 0. 0. 0. 0. 0. 0. 0. 0. 0. 0. 0. 1. 0. 1. 0. 0. 0.],500,100,0.1,0.003,1,3,best,79,first
42,0.0013814347046099999,0.0013814347046099999,0.004768445207,[0.       0.       0.       0.       0.       0.       0.       0.       0.       0.       0.       0.       0.       0.       0.       0.       0.       0.       0.       0.       0.       0.       0.       0.       0.       0.989999 0.       0.01     0.       0.       0.      ],[0. 0. 0. 0. 0. 0. 0. 0. 0. 0. 0. 0. 0. 0. 0. 0. 0. 0. 0. 0. 0. 0. 0. 0. 0. 1. 0. 1. 0. 0. 0.],500,100,0.1,0.003,1,3,best,79,first
43,0.0013814347046099999,0.0013814347046099999,0.004768445207,[0.       0.       0.       0.       0.       0.       0.       0.       0.       0.       0.       0.       0.       0.       0.       0.       0.       0.       0.       0.       0.       0.       0.       0.       0.       0.989999 0.       0.01     0.       0.       0.      ],[0. 0. 0. 0. 0. 0. 0. 0. 0. 0. 0. 0. 0. 0. 0. 0. 0. 0. 0. 0. 0. 0. 0. 0. 0. 1. 0. 1. 0. 0. 0.],500,100,0.1,0.003,1,3,best,79,first
44,0.0013814347046099999,0.0013814347046099999,0.004768445207,[0.       0.       0.       0.       0.       0.       0.       0.       0.       0.       0.       0.       0.       0.       0.       0.       0.       0.       0.       0.       0.       0.       0.       0.       0.       0.989999 0.       0.01     0.       0.       0.      ],[0. 0. 0. 0. 0. 0. 0. 0. 0. 0. 0. 0. 0. 0. 0. 0. 0. 0. 0. 0. 0. 0. 0. 0. 0. 1. 0. 1. 0. 0. 0.],500,100,0.1,0.003,1,3,best,79,first
45,0.0013814347046099999,0.0013814347046099999,0.004768445207,[0.       0.       0.       0.       0.       0.       0.       0.       0.       0.       0.       0.       0.       0.       0.       0.       0.       0.       0.       0.       0.       0.       0.       0.       0.       0.989999 0.       0.01     0.       0.       0.      ],[0. 0. 0. 0. 0. 0. 0. 0. 0. 0. 0. 0. 0. 0. 0. 0. 0. 0. 0. 0. 0. 0. 0. 0. 0. 1. 0. 1. 0. 0. 0.],500,100,0.1,0.003,1,3,best,79,first
46,0.0013814347046099999,0.0013814347046099999,0.004768445207,[0.       0.       0.       0.       0.       0.       0.       0.       0.       0.       0.       0.       0.       0.       0.       0.       0.       0.       0.       0.       0.       0.       0.       0.       0.       0.989999 0.       0.01     0.       0.       0.      ],[0. 0. 0. 0. 0. 0. 0. 0. 0. 0. 0. 0. 0. 0. 0. 0. 0. 0. 0. 0. 0. 0. 0. 0. 0. 1. 0. 1. 0. 0. 0.],500,100,0.1,0.003,1,3,best,79,first
47,0.0013814347046099999,0.0013814347046099999,0.004768445207,[0.       0.       0.       0.       0.       0.       0.       0.       0.       0.       0.       0.       0.       0.       0.       0.       0.       0.       0.       0.       0.       0.       0.       0.       0.       0.989999 0.       0.01     0.       0.       0.      ],[0. 0. 0. 0. 0. 0. 0. 0. 0. 0. 0. 0. 0. 0. 0. 0. 0. 0. 0. 0. 0. 0. 0. 0. 0. 1. 0. 1. 0. 0. 0.],500,100,0.1,0.003,1,3,best,79,first
48,0.0013814347046099999,0.0013814347046099999,0.004768445207,[0.       0.       0.       0.       0.       0.       0.       0.       0.       0.       0.       0.       0.       0.       0.       0.       0.       0.       0.       0.       0.       0.       0.       0.       0.       0.989999 0.       0.01     0.       0.       0.      ],[0. 0. 0. 0. 0. 0. 0. 0. 0. 0. 0. 0. 0. 0. 0. 0. 0. 0. 0. 0. 0. 0. 0. 0. 0. 1. 0. 1. 0. 0. 0.],500,100,0.1,0.003,1,3,best,79,first
49,0.0013814347046099999,0.0013814347046099999,0.004768445207,[0.       0.       0.       0.       0.       0.       0.       0.       0.       0.       0.       0.       0.       0.       0.       0.       0.       0.       0.       0.       0.       0.       0.       0.       0.       0.989999 0.       0.01     0.       0.       0.      ],[0. 0. 0. 0. 0. 0. 0. 0. 0. 0. 0. 0. 0. 0. 0. 0. 0. 0. 0. 0. 0. 0. 0. 0. 0. 1. 0. 1. 0. 0. 0.],500,100,0.1,0.003,1,3,best,79,first
50,0.0013814347046099999,0.0013814347046099999,0.004768445207,[0.       0.       0.       0.       0.       0.       0.       0.       0.       0.       0.       0.       0.       0.       0.       0.       0.       0.       0.       0.       0.       0.       0.       0.       0.       0.989999 0.       0.01     0.       0.       0.      ],[0. 0. 0. 0. 0. 0. 0. 0. 0. 0. 0. 0. 0. 0. 0. 0. 0. 0. 0. 0. 0. 0. 0. 0. 0. 1. 0. 1. 0. 0. 0.],500,100,0.1,0.003,1,3,best,79,first
51,0.0013814347046099999,0.0013814347046099999,0.004768445207,[0.       0.       0.       0.       0.       0.       0.       0.       0.       0.       0.       0.       0.       0.       0.       0.       0.       0.       0.       0.       0.       0.       0.       0.       0.       0.989999 0.       0.01     0.       0.       0.      ],[0. 0. 0. 0. 0. 0. 0. 0. 0. 0. 0. 0. 0. 0. 0. 0. 0. 0. 0. 0. 0. 0. 0. 0. 0. 1. 0. 1. 0. 0. 0.],500,100,0.1,0.003,1,3,best,79,first
52,0.0013814347046099999,0.0013814347046099999,0.004768445207,[0.       0.       0.       0.       0.       0.       0.       0.       0.       0.       0.       0.       0.       0.       0.       0.       0.       0.       0.       0.       0.       0.       0.       0.       0.       0.989999 0.       0.01     0.       0.       0.      ],[0. 0. 0. 0. 0. 0. 0. 0. 0. 0. 0. 0. 0. 0. 0. 0. 0. 0. 0. 0. 0. 0. 0. 0. 0. 1. 0. 1. 0. 0. 0.],500,100,0.1,0.003,1,3,best,79,first
53,0.0013814347046099999,0.0013814347046099999,0.004768445207,[0.       0.       0.       0.       0.       0.       0.       0.       0.       0.       0.       0.       0.       0.       0.       0.       0.       0.       0.       0.       0.       0.       0.       0.       0.       0.989999 0.       0.01     0.       0.       0.      ],[0. 0. 0. 0. 0. 0. 0. 0. 0. 0. 0. 0. 0. 0. 0. 0. 0. 0. 0. 0. 0. 0. 0. 0. 0. 1. 0. 1. 0. 0. 0.],500,100,0.1,0.003,1,3,best,79,first
54,0.0013814347046099999,0.0013814347046099999,0.004768445207,[0.       0.       0.       0.       0.       0.       0.       0.       0.       0.       0.       0.       0.       0.       0.       0.       0.       0.       0.       0.       0.       0.       0.       0.       0.       0.989999 0.       0.01     0.       0.       0.      ],[0. 0. 0. 0. 0. 0. 0. 0. 0. 0. 0. 0. 0. 0. 0. 0. 0. 0. 0. 0. 0. 0. 0. 0. 0. 1. 0. 1. 0. 0. 0.],500,100,0.1,0.003,1,3,best,79,first
55,0.0013814347046099999,0.0013814347046099999,0.004768445207,[0.       0.       0.       0.       0.       0.       0.       0.       0.       0.       0.       0.       0.       0.       0.       0.       0.       0.       0.       0.       0.       0.       0.       0.       0.       0.989999 0.       0.01     0.       0.       0.      ],[0. 0. 0. 0. 0. 0. 0. 0. 0. 0. 0. 0. 0. 0. 0. 0. 0. 0. 0. 0. 0. 0. 0. 0. 0. 1. 0. 1. 0. 0. 0.],500,100,0.1,0.003,1,3,best,79,first
56,0.0013814347046099999,0.0013814347046099999,0.004768445207,[0.       0.       0.       0.       0.       0.       0.       0.       0.       0.       0.       0.       0.       0.       0.       0.       0.       0.       0.       0.       0.       0.       0.       0.       0.       0.989999 0.       0.01     0.       0.       0.      ],[0. 0. 0. 0. 0. 0. 0. 0. 0. 0. 0. 0. 0. 0. 0. 0. 0. 0. 0. 0. 0. 0. 0. 0. 0. 1. 0. 1. 0. 0. 0.],500,100,0.1,0.003,1,3,best,79,first
57,0.0013814347046099999,0.0013814347046099999,0.004768445207,[0.       0.       0.       0.       0.       0.       0.       0.       0.       0.       0.       0.       0.       0.       0.       0.       0.       0.       0.       0.       0.       0.       0.       0.       0.       0.989999 0.       0.01     0.       0.       0.      ],[0. 0. 0. 0. 0. 0. 0. 0. 0. 0. 0. 0. 0. 0. 0. 0. 0. 0. 0. 0. 0. 0. 0. 0. 0. 1. 0. 1. 0. 0. 0.],500,100,0.1,0.003,1,3,best,79,first
58,0.0013814347046099999,0.0013814347046099999,0.004768445207,[0.       0.       0.       0.       0.       0.       0.       0.       0.       0.       0.       0.       0.       0.       0.       0.       0.       0.       0.       0.       0.       0.       0.       0.       0.       0.989999 0.       0.01     0.       0.       0.      ],[0. 0. 0. 0. 0. 0. 0. 0. 0. 0. 0. 0. 0. 0. 0. 0. 0. 0. 0. 0. 0. 0. 0. 0. 0. 1. 0. 1. 0. 0. 0.],500,100,0.1,0.003,1,3,best,79,first
59,0.0013814347046099999,0.0013814347046099999,0.004768445207,[0.       0.       0.       0.       0.       0.       0.       0.       0.       0.       0.       0.       0.       0.       0.       0.       0.       0.       0.       0.       0.       0.       0.       0.       0.       0.989999 0.       0.01     0.       0.       0.      ],[0. 0. 0. 0. 0. 0. 0. 0. 0. 0. 0. 0. 0. 0. 0. 0. 0. 0. 0. 0. 0. 0. 0. 0. 0. 1. 0. 1. 0. 0. 0.],500,100,0.1,0.003,1,3,best,79,first
60,0.0013814347046099999,0.0013814347046099999,0.004768445207,[0.       0.       0.       0.       0.       0.       0.       0.       0.       0.       0.       0.       0.       0.       0.       0.       0.       0.       0.       0.       0.       0.       0.       0.       0.       0.989999 0.       0.01     0.       0.       0.      ],[0. 0. 0. 0. 0. 0. 0. 0. 0. 0. 0. 0. 0. 0. 0. 0. 0. 0. 0. 0. 0. 0. 0. 0. 0. 1. 0. 1. 0. 0. 0.],500,100,0.1,0.003,1,3,best,79,first
61,0.0013814347046099999,0.0013814347046099999,0.004768445207,[0.       0.       0.       0.       0.       0.       0.       0.       0.       0.       0.       0.       0.       0.       0.       0.       0.       0.       0.       0.       0.       0.       0.       0.       0.       0.989999 0.       0.01     0.       0.       0.      ],[0. 0. 0. 0. 0. 0. 0. 0. 0. 0. 0. 0. 0. 0. 0. 0. 0. 0. 0. 0. 0. 0. 0. 0. 0. 1. 0. 1. 0. 0. 0.],500,100,0.1,0.003,1,3,best,79,first
62,0.0013814347046099999,0.0013814347046099999,0.004768445207,[0.       0.       0.       0.       0.       0.       0.       0.       0.       0.       0.       0.       0.       0.       0.       0.       0.       0.       0.       0.       0.       0.       0.       0.       0.       0.989999 0.       0.01     0.       0.       0.      ],[0. 0. 0. 0. 0. 0. 0. 0. 0. 0. 0. 0. 0. 0. 0. 0. 0. 0. 0. 0. 0. 0. 0. 0. 0. 1. 0. 1. 0. 0. 0.],500,100,0.1,0.003,1,3,best,79,first
63,0.0013814347046099999,0.0013814347046099999,0.004768445207,[0.       0.       0.       0.       0.       0.       0.       0.       0.       0.       0.       0.       0.       0.       0.       0.       0.       0.       0.       0.       0.       0.       0.       0.       0.       0.989999 0.       0.01     0.       0.       0.      ],[0. 0. 0. 0. 0. 0. 0. 0. 0. 0. 0. 0. 0. 0. 0. 0. 0. 0. 0. 0. 0. 0. 0. 0. 0. 1. 0. 1. 0. 0. 0.],500,100,0.1,0.003,1,3,best,79,first
64,0.0013814347046099999,0.0013814347046099999,0.004768445207,[0.       0.       0.       0.       0.       0.       0.       0.       0.       0.       0.       0.       0.       0.       0.       0.       0.       0.       0.       0.       0.       0.       0.       0.       0.       0.989999 0.       0.01     0.       0.       0.      ],[0. 0. 0. 0. 0. 0. 0. 0. 0. 0. 0. 0. 0. 0. 0. 0. 0. 0. 0. 0. 0. 0. 0. 0. 0. 1. 0. 1. 0. 0. 0.],500,100,0.1,0.003,1,3,best,79,first
65,0.0013814347046099999,0.0013814347046099999,0.004768445207,[0.       0.       0.       0.       0.       0.       0.       0.       0.       0.       0.       0.       0.       0.       0.       0.       0.       0.       0.       0.       0.       0.       0.       0.       0.       0.989999 0.       0.01     0.       0.       0.      ],[0. 0. 0. 0. 0. 0. 0. 0. 0. 0. 0. 0. 0. 0. 0. 0. 0. 0. 0. 0. 0. 0. 0. 0. 0. 1. 0. 1. 0. 0. 0.],500,100,0.1,0.003,1,3,best,79,first
66,0.0013814347046099999,0.0013814347046099999,0.004768445207,[0.       0.       0.       0.       0.       0.       0.       0.       0.       0.       0.       0.       0.       0.       0.       0.       0.       0.       0.       0.       0.       0.       0.       0.       0.       0.989999 0.       0.01     0.       0.       0.      ],[0. 0. 0. 0. 0. 0. 0. 0. 0. 0. 0. 0. 0. 0. 0. 0. 0. 0. 0. 0. 0. 0. 0. 0. 0. 1. 0. 1. 0. 0. 0.],500,100,0.1,0.003,1,3,best,79,first
67,0.0013814347046099999,0.0013814347046099999,0.004768445207,[0.       0.       0.       0.       0.       0.       0.       0.       0.       0.       0.       0.       0.       0.       0.       0.       0.       0.       0.       0.       0.       0.       0.       0.       0.       0.989999 0.       0.01     0.       0.       0.      ],[0. 0. 0. 0. 0. 0. 0. 0. 0. 0. 0. 0. 0. 0. 0. 0. 0. 0. 0. 0. 0. 0. 0. 0. 0. 1. 0. 1. 0. 0. 0.],500,100,0.1,0.003,1,3,best,79,first
68,0.0013814347046099999,0.0013814347046099999,0.004768445207,[0.       0.       0.       0.       0.       0.       0.       0.       0.       0.       0.       0.       0.       0.       0.       0.       0.       0.       0.       0.       0.       0.       0.       0.       0.       0.989999 0.       0.01     0.       0.       0.      ],[0. 0. 0. 0. 0. 0. 0. 0. 0. 0. 0. 0. 0. 0. 0. 0. 0. 0. 0. 0. 0. 0. 0. 0. 0. 1. 0. 1. 0. 0. 0.],500,100,0.1,0.003,1,3,best,79,first
69,0.0013814347046099999,0.0013814347046099999,0.004768445207,[0.       0.       0.       0.       0.       0.       0.       0.       0.       0.       0.       0.       0.       0.       0.       0.       0.       0.       0.       0.       0.       0.       0.       0.       0.       0.989999 0.       0.01     0.       0.       0.      ],[0. 0. 0. 0. 0. 0. 0. 0. 0. 0. 0. 0. 0. 0. 0. 0. 0. 0. 0. 0. 0. 0. 0. 0. 0. 1. 0. 1. 0. 0. 0.],500,100,0.1,0.003,1,3,best,79,first
70,0.0013814347046099999,0.0013814347046099999,0.004768445207,[0.       0.       0.       0.       0.       0.       0.       0.       0.       0.       0.       0.       0.       0.       0.       0.       0.       0.       0.       0.       0.       0.       0.       0.       0.       0.989999 0.       0.01     0.       0.       0.      ],[0. 0. 0. 0. 0. 0. 0. 0. 0. 0. 0. 0. 0. 0. 0. 0. 0. 0. 0. 0. 0. 0. 0. 0. 0. 1. 0. 1. 0. 0. 0.],500,100,0.1,0.003,1,3,best,79,first
71,0.0013814347046099999,0.0013814347046099999,0.004768445207,[0.       0.       0.       0.       0.       0.       0.       0.       0.       0.       0.       0.       0.       0.       0.       0.       0.       0.       0.       0.       0.       0.       0.       0.       0.       0.989999 0.       0.01     0.       0.       0.      ],[0. 0. 0. 0. 0. 0. 0. 0. 0. 0. 0. 0. 0. 0. 0. 0. 0. 0. 0. 0. 0. 0. 0. 0. 0. 1. 0. 1. 0. 0. 0.],500,100,0.1,0.003,1,3,best,79,first
72,0.0013814347046099999,0.0013814347046099999,0.004768445207,[0.       0.       0.       0.       0.       0.       0.       0.       0.       0.       0.       0.       0.       0.       0.       0.       0.       0.       0.       0.       0.       0.       0.       0.       0.       0.989999 0.       0.01     0.       0.       0.      ],[0. 0. 0. 0. 0. 0. 0. 0. 0. 0. 0. 0. 0. 0. 0. 0. 0. 0. 0. 0. 0. 0. 0. 0. 0. 1. 0. 1. 0. 0. 0.],500,100,0.1,0.003,1,3,best,79,first
73,0.0013814347046099999,0.0013814347046099999,0.004768445207,[0.       0.       0.       0.       0.       0.       0.       0.       0.       0.       0.       0.       0.       0.       0.       0.       0.       0.       0.       0.       0.       0.       0.       0.       0.       0.989999 0.       0.01     0.       0.       0.      ],[0. 0. 0. 0. 0. 0. 0. 0. 0. 0. 0. 0. 0. 0. 0. 0. 0. 0. 0. 0. 0. 0. 0. 0. 0. 1. 0. 1. 0. 0. 0.],500,100,0.1,0.003,1,3,best,79,first
74,0.0013814347046099999,0.0013814347046099999,0.004768445207,[0.       0.       0.       0.       0.       0.       0.       0.       0.       0.       0.       0.       0.       0.       0.       0.       0.       0.       0.       0.       0.       0.       0.       0.       0.       0.989999 0.       0.01     0.       0.       0.      ],[0. 0. 0. 0. 0. 0. 0. 0. 0. 0. 0. 0. 0. 0. 0. 0. 0. 0. 0. 0. 0. 0. 0. 0. 0. 1. 0. 1. 0. 0. 0.],500,100,0.1,0.003,1,3,best,79,first
75,0.0013814347046099999,0.0013814347046099999,0.004768445207,[0.       0.       0.       0.       0.       0.       0.       0.       0.       0.       0.       0.       0.       0.       0.       0.       0.       0.       0.       0.       0.       0.       0.       0.       0.       0.989999 0.       0.01     0.       0.       0.      ],[0. 0. 0. 0. 0. 0. 0. 0. 0. 0. 0. 0. 0. 0. 0. 0. 0. 0. 0. 0. 0. 0. 0. 0. 0. 1. 0. 1. 0. 0. 0.],500,100,0.1,0.003,1,3,best,79,first
76,0.0013814347046099999,0.0013814347046099999,0.004768445207,[0.       0.       0.       0.       0.       0.       0.       0.       0.       0.       0.       0.       0.       0.       0.       0.       0.       0.       0.       0.       0.       0.       0.       0.       0.       0.989999 0.       0.01     0.       0.       0.      ],[0. 0. 0. 0. 0. 0. 0. 0. 0. 0. 0. 0. 0. 0. 0. 0. 0. 0. 0. 0. 0. 0. 0. 0. 0. 1. 0. 1. 0. 0. 0.],500,100,0.1,0.003,1,3,best,79,first
77,0.0013814347046099999,0.0013814347046099999,0.004768445207,[0.       0.       0.       0.       0.       0.       0.       0.       0.       0.       0.       0.       0.       0.       0.       0.       0.       0.       0.       0.       0.       0.       0.       0.       0.       0.989999 0.       0.01     0.       0.       0.      ],[0. 0. 0. 0. 0. 0. 0. 0. 0. 0. 0. 0. 0. 0. 0. 0. 0. 0. 0. 0. 0. 0. 0. 0. 0. 1. 0. 1. 0. 0. 0.],500,100,0.1,0.003,1,3,best,79,first
78,0.0013814347046099999,0.0013814347046099999,0.004768445207,[0.       0.       0.       0.       0.       0.       0.       0.       0.       0.       0.       0.       0.       0.       0.       0.       0.       0.       0.       0.       0.       0.       0.       0.       0.       0.989999 0.       0.01     0.       0.       0.      ],[0. 0. 0. 0. 0. 0. 0. 0. 0. 0. 0. 0. 0. 0. 0. 0. 0. 0. 0. 0. 0. 0. 0. 0. 0. 1. 0. 1. 0. 0. 0.],500,100,0.1,0.003,1,3,best,79,first
79,0.0013814347046099999,0.0013814347046099999,0.004768445207,[0.       0.       0.       0.       0.       0.       0.       0.       0.       0.       0.       0.       0.       0.       0.       0.       0.       0.       0.       0.       0.       0.       0.       0.       0.       0.989999 0.       0.01     0.       0.       0.      ],[0. 0. 0. 0. 0. 0. 0. 0. 0. 0. 0. 0. 0. 0. 0. 0. 0. 0. 0. 0. 0. 0. 0. 0. 0. 1. 0. 1. 0. 0. 0.],500,100,0.1,0.003,1,3,best,79,first
80,0.0013814347046099999,0.0013814347046099999,0.004768445207,[0.       0.       0.       0.       0.       0.       0.       0.       0.       0.       0.       0.       0.       0.       0.       0.       0.       0.       0.       0.       0.       0.       0.       0.       0.       0.989999 0.       0.01     0.       0.       0.      ],[0. 0. 0. 0. 0. 0. 0. 0. 0. 0. 0. 0. 0. 0. 0. 0. 0. 0. 0. 0. 0. 0. 0. 0. 0. 1. 0. 1. 0. 0. 0.],500,100,0.1,0.003,1,3,best,79,first
81,0.0013814347046099999,0.0013814347046099999,0.004768445207,[0.       0.       0.       0.       0.       0.       0.       0.       0.       0.       0.       0.       0.       0.       0.       0.       0.       0.       0.       0.       0.       0.       0.       0.       0.       0.989999 0.       0.01     0.       0.       0.      ],[0. 0. 0. 0. 0. 0. 0. 0. 0. 0. 0. 0. 0. 0. 0. 0. 0. 0. 0. 0. 0. 0. 0. 0. 0. 1. 0. 1. 0. 0. 0.],500,100,0.1,0.003,1,3,best,79,first
82,0.0013814347046099999,0.0013814347046099999,0.004768445207,[0.       0.       0.       0.       0.       0.       0.       0.       0.       0.       0.       0.       0.       0.       0.       0.       0.       0.       0.       0.       0.       0.       0.       0.       0.       0.989999 0.       0.01     0.       0.       0.      ],[0. 0. 0. 0. 0. 0. 0. 0. 0. 0. 0. 0. 0. 0. 0. 0. 0. 0. 0. 0. 0. 0. 0. 0. 0. 1. 0. 1. 0. 0. 0.],500,100,0.1,0.003,1,3,best,79,first
83,0.0013814347046099999,0.0013814347046099999,0.004768445207,[0.       0.       0.       0.       0.       0.       0.       0.       0.       0.       0.       0.       0.       0.       0.       0.       0.       0.       0.       0.       0.       0.       0.       0.       0.       0.989999 0.       0.01     0.       0.       0.      ],[0. 0. 0. 0. 0. 0. 0. 0. 0. 0. 0. 0. 0. 0. 0. 0. 0. 0. 0. 0. 0. 0. 0. 0. 0. 1. 0. 1. 0. 0. 0.],500,100,0.1,0.003,1,3,best,79,first
84,0.0013814347046099999,0.0013814347046099999,0.004768445207,[0.       0.       0.       0.       0.       0.       0.       0.       0.       0.       0.       0.       0.       0.       0.       0.       0.       0.       0.       0.       0.       0.       0.       0.       0.       0.989999 0.       0.01     0.       0.       0.      ],[0. 0. 0. 0. 0. 0. 0. 0. 0. 0. 0. 0. 0. 0. 0. 0. 0. 0. 0. 0. 0. 0. 0. 0. 0. 1. 0. 1. 0. 0. 0.],500,100,0.1,0.003,1,3,best,79,first
85,0.0013814347046099999,0.0013814347046099999,0.004768445207,[0.       0.       0.       0.       0.       0.       0.       0.       0.       0.       0.       0.       0.       0.       0.       0.       0.       0.       0.       0.       0.       0.       0.       0.       0.       0.989999 0.       0.01     0.       0.       0.      ],[0. 0. 0. 0. 0. 0. 0. 0. 0. 0. 0. 0. 0. 0. 0. 0. 0. 0. 0. 0. 0. 0. 0. 0. 0. 1. 0. 1. 0. 0. 0.],500,100,0.1,0.003,1,3,best,79,first
86,0.0013814347046099999,0.0013814347046099999,0.004768445207,[0.       0.       0.       0.       0.       0.       0.       0.       0.       0.       0.       0.       0.       0.       0.       0.       0.       0.       0.       0.       0.       0.       0.       0.       0.       0.989999 0.       0.01     0.       0.       0.      ],[0. 0. 0. 0. 0. 0. 0. 0. 0. 0. 0. 0. 0. 0. 0. 0. 0. 0. 0. 0. 0. 0. 0. 0. 0. 1. 0. 1. 0. 0. 0.],500,100,0.1,0.003,1,3,best,79,first
87,0.0013814347046099999,0.0013814347046099999,0.004768445207,[0.       0.       0.       0.       0.       0.       0.       0.       0.       0.       0.       0.       0.       0.       0.       0.       0.       0.       0.       0.       0.       0.       0.       0.       0.       0.989999 0.       0.01     0.       0.       0.      ],[0. 0. 0. 0. 0. 0. 0. 0. 0. 0. 0. 0. 0. 0. 0. 0. 0. 0. 0. 0. 0. 0. 0. 0. 0. 1. 0. 1. 0. 0. 0.],500,100,0.1,0.003,1,3,best,79,first
88,0.0013814347046099999,0.0013814347046099999,0.004768445207,[0.       0.       0.       0.       0.       0.       0.       0.       0.       0.       0.       0.       0.       0.       0.       0.       0.       0.       0.       0.       0.       0.       0.       0.       0.       0.989999 0.       0.01     0.       0.       0.      ],[0. 0. 0. 0. 0. 0. 0. 0. 0. 0. 0. 0. 0. 0. 0. 0. 0. 0. 0. 0. 0. 0. 0. 0. 0. 1. 0. 1. 0. 0. 0.],500,100,0.1,0.003,1,3,best,79,first
89,0.0013814347046099999,0.0013814347046099999,0.004768445207,[0.       0.       0.       0.       0.       0.       0.       0.       0.       0.       0.       0.       0.       0.       0.       0.       0.       0.       0.       0.       0.       0.       0.       0.       0.       0.989999 0.       0.01     0.       0.       0.      ],[0. 0. 0. 0. 0. 0. 0. 0. 0. 0. 0. 0. 0. 0. 0. 0. 0. 0. 0. 0. 0. 0. 0. 0. 0. 1. 0. 1. 0. 0. 0.],500,100,0.1,0.003,1,3,best,79,first
90,0.0013814347046099999,0.0013814347046099999,0.004768445207,[0.       0.       0.       0.       0.       0.       0.       0.       0.       0.       0.       0.       0.       0.       0.       0.       0.       0.       0.       0.       0.       0.       0.       0.       0.       0.989999 0.       0.01     0.       0.       0.      ],[0. 0. 0. 0. 0. 0. 0. 0. 0. 0. 0. 0. 0. 0. 0. 0. 0. 0. 0. 0. 0. 0. 0. 0. 0. 1. 0. 1. 0. 0. 0.],500,100,0.1,0.003,1,3,best,79,first
91,0.0013814347046099999,0.0013814347046099999,0.004768445207,[0.       0.       0.       0.       0.       0.       0.       0.       0.       0.       0.       0.       0.       0.       0.       0.       0.       0.       0.       0.       0.       0.       0.       0.       0.       0.989999 0.       0.01     0.       0.       0.      ],[0. 0. 0. 0. 0. 0. 0. 0. 0. 0. 0. 0. 0. 0. 0. 0. 0. 0. 0. 0. 0. 0. 0. 0. 0. 1. 0. 1. 0. 0. 0.],500,100,0.1,0.003,1,3,best,79,first
92,0.0013814347046099999,0.0013814347046099999,0.004768445207,[0.       0.       0.       0.       0.       0.       0.       0.       0.       0.       0.       0.       0.       0.       0.       0.       0.       0.       0.       0.       0.       0.       0.       0.       0.       0.989999 0.       0.01     0.       0.       0.      ],[0. 0. 0. 0. 0. 0. 0. 0. 0. 0. 0. 0. 0. 0. 0. 0. 0. 0. 0. 0. 0. 0. 0. 0. 0. 1. 0. 1. 0. 0. 0.],500,100,0.1,0.003,1,3,best,79,first
93,0.0013814347046099999,0.0013814347046099999,0.004768445207,[0.       0.       0.       0.       0.       0.       0.       0.       0.       0.       0.       0.       0.       0.       0.       0.       0.       0.       0.       0.       0.       0.       0.       0.       0.       0.989999 0.       0.01     0.       0.       0.      ],[0. 0. 0. 0. 0. 0. 0. 0. 0. 0. 0. 0. 0. 0. 0. 0. 0. 0. 0. 0. 0. 0. 0. 0. 0. 1. 0. 1. 0. 0. 0.],500,100,0.1,0.003,1,3,best,79,first
94,0.0013814347046099999,0.0013814347046099999,0.004768445207,[0.       0.       0.       0.       0.       0.       0.       0.       0.       0.       0.       0.       0.       0.       0.       0.       0.       0.       0.       0.       0.       0.       0.       0.       0.       0.989999 0.       0.01     0.       0.       0.      ],[0. 0. 0. 0. 0. 0. 0. 0. 0. 0. 0. 0. 0. 0. 0. 0. 0. 0. 0. 0. 0. 0. 0. 0. 0. 1. 0. 1. 0. 0. 0.],500,100,0.1,0.003,1,3,best,79,first
95,0.0013814347046099999,0.0013814347046099999,0.004768445207,[0.       0.       0.       0.       0.       0.       0.       0.       0.       0.       0.       0.       0.       0.       0.       0.       0.       0.       0.       0.       0.       0.       0.       0.       0.       0.989999 0.       0.01     0.       0.       0.      ],[0. 0. 0. 0. 0. 0. 0. 0. 0. 0. 0. 0. 0. 0. 0. 0. 0. 0. 0. 0. 0. 0. 0. 0. 0. 1. 0. 1. 0. 0. 0.],500,100,0.1,0.003,1,3,best,79,first
96,0.0013814347046099999,0.0013814347046099999,0.004768445207,[0.       0.       0.       0.       0.       0.       0.       0.       0.       0.       0.       0.       0.       0.       0.       0.       0.       0.       0.       0.       0.       0.       0.       0.       0.       0.989999 0.       0.01     0.       0.       0.      ],[0. 0. 0. 0. 0. 0. 0. 0. 0. 0. 0. 0. 0. 0. 0. 0. 0. 0. 0. 0. 0. 0. 0. 0. 0. 1. 0. 1. 0. 0. 0.],500,100,0.1,0.003,1,3,best,79,first
97,0.0013814347046099999,0.0013814347046099999,0.004768445207,[0.       0.       0.       0.       0.       0.       0.       0.       0.       0.       0.       0.       0.       0.       0.       0.       0.       0.       0.       0.       0.       0.       0.       0.       0.       0.989999 0.       0.01     0.       0.       0.      ],[0. 0. 0. 0. 0. 0. 0. 0. 0. 0. 0. 0. 0. 0. 0. 0. 0. 0. 0. 0. 0. 0. 0. 0. 0. 1. 0. 1. 0. 0. 0.],500,100,0.1,0.003,1,3,best,79,first
98,0.0013814347046099999,0.0013814347046099999,0.004768445207,[0.       0.       0.       0.       0.       0.       0.       0.       0.       0.       0.       0.       0.       0.       0.       0.       0.       0.       0.       0.       0.       0.       0.       0.       0.       0.989999 0.       0.01     0.       0.       0.      ],[0. 0. 0. 0. 0. 0. 0. 0. 0. 0. 0. 0. 0. 0. 0. 0. 0. 0. 0. 0. 0. 0. 0. 0. 0. 1. 0. 1. 0. 0. 0.],500,100,0.1,0.003,1,3,best,79,first
99,0.0013814347046099999,0.0013814347046099999,0.004768445207,[0.       0.       0.       0.       0.       0.       0.       0.       0.       0.       0.       0.       0.       0.       0.       0.       0.       0.       0.       0.       0.       0.       0.       0.       0.       0.989999 0.       0.01     0.       0.       0.      ],[0. 0. 0. 0. 0. 0. 0. 0. 0. 0. 0. 0. 0. 0. 0. 0. 0. 0. 0. 0. 0. 0. 0. 0. 0. 1. 0. 1. 0. 0. 0.],500,100,0.1,0.003,1,3,best,79,first
100,0.0013814347046099999,0.0013814347046099999,0.004768445207,[0.       0.       0.       0.       0.       0.       0.       0.       0.       0.       0.       0.       0.       0.       0.       0.       0.       0.       0.       0.       0.       0.       0.       0.       0.       0.989999 0.       0.01     0.       0.       0.      ],[0. 0. 0. 0. 0. 0. 0. 0. 0. 0. 0. 0. 0. 0. 0. 0. 0. 0. 0. 0. 0. 0. 0. 0. 0. 1. 0. 1. 0. 0. 0.],500,100,0.1,0.003,1,3,best,79,first
101,0.0013814347046099999,0.0013814347046099999,0.004768445207,[0.       0.       0.       0.       0.       0.       0.       0.       0.       0.       0.       0.       0.       0.       0.       0.       0.       0.       0.       0.       0.       0.       0.       0.       0.       0.989999 0.       0.01     0.       0.       0.      ],[0. 0. 0. 0. 0. 0. 0. 0. 0. 0. 0. 0. 0. 0. 0. 0. 0. 0. 0. 0. 0. 0. 0. 0. 0. 1. 0. 1. 0. 0. 0.],500,100,0.1,0.003,1,3,best,79,first
102,0.0013814347046099999,0.0013814347046099999,0.004768445207,[0.       0.       0.       0.       0.       0.       0.       0.       0.       0.       0.       0.       0.       0.       0.       0.       0.       0.       0.       0.       0.       0.       0.       0.       0.       0.989999 0.       0.01     0.       0.       0.      ],[0. 0. 0. 0. 0. 0. 0. 0. 0. 0. 0. 0. 0. 0. 0. 0. 0. 0. 0. 0. 0. 0. 0. 0. 0. 1. 0. 1. 0. 0. 0.],500,100,0.1,0.003,1,3,best,79,first
103,0.0013814347046099999,0.0013814347046099999,0.004768445207,[0.       0.       0.       0.       0.       0.       0.       0.       0.       0.       0.       0.       0.       0.       0.       0.       0.       0.       0.       0.       0.       0.       0.       0.       0.       0.989999 0.       0.01     0.       0.       0.      ],[0. 0. 0. 0. 0. 0. 0. 0. 0. 0. 0. 0. 0. 0. 0. 0. 0. 0. 0. 0. 0. 0. 0. 0. 0. 1. 0. 1. 0. 0. 0.],500,100,0.1,0.003,1,3,best,79,first
104,0.0013814347046099999,0.0013814347046099999,0.004768445207,[0.       0.       0.       0.       0.       0.       0.       0.       0.       0.       0.       0.       0.       0.       0.       0.       0.       0.       0.       0.       0.       0.       0.       0.       0.       0.989999 0.       0.01     0.       0.       0.      ],[0. 0. 0. 0. 0. 0. 0. 0. 0. 0. 0. 0. 0. 0. 0. 0. 0. 0. 0. 0. 0. 0. 0. 0. 0. 1. 0. 1. 0. 0. 0.],500,100,0.1,0.003,1,3,best,79,first
105,0.0013814347046099999,0.0013814347046099999,0.004768445207,[0.       0.       0.       0.       0.       0.       0.       0.       0.       0.       0.       0.       0.       0.       0.       0.       0.       0.       0.       0.       0.       0.       0.       0.       0.       0.989999 0.       0.01     0.       0.       0.      ],[0. 0. 0. 0. 0. 0. 0. 0. 0. 0. 0. 0. 0. 0. 0. 0. 0. 0. 0. 0. 0. 0. 0. 0. 0. 1. 0. 1. 0. 0. 0.],500,100,0.1,0.003,1,3,best,79,first
106,0.0013814347046099999,0.0013814347046099999,0.004768445207,[0.       0.       0.       0.       0.       0.       0.       0.       0.       0.       0.       0.       0.       0.       0.       0.       0.       0.       0.       0.       0.       0.       0.       0.       0.       0.989999 0.       0.01     0.       0.       0.      ],[0. 0. 0. 0. 0. 0. 0. 0. 0. 0. 0. 0. 0. 0. 0. 0. 0. 0. 0. 0. 0. 0. 0. 0. 0. 1. 0. 1. 0. 0. 0.],500,100,0.1,0.003,1,3,best,79,first
107,0.0013814347046099999,0.0013814347046099999,0.004768445207,[0.       0.       0.       0.       0.       0.       0.       0.       0.       0.       0.       0.       0.       0.       0.       0.       0.       0.       0.       0.       0.       0.       0.       0.       0.       0.989999 0.       0.01     0.       0.       0.      ],[0. 0. 0. 0. 0. 0. 0. 0. 0. 0. 0. 0. 0. 0. 0. 0. 0. 0. 0. 0. 0. 0. 0. 0. 0. 1. 0. 1. 0. 0. 0.],500,100,0.1,0.003,1,3,best,79,first
108,0.0013814347046099999,0.0013814347046099999,0.004768445207,[0.       0.       0.       0.       0.       0.       0.       0.       0.       0.       0.       0.       0.       0.       0.       0.       0.       0.       0.       0.       0.       0.       0.       0.       0.       0.989999 0.       0.01     0.       0.       0.      ],[0. 0. 0. 0. 0. 0. 0. 0. 0. 0. 0. 0. 0. 0. 0. 0. 0. 0. 0. 0. 0. 0. 0. 0. 0. 1. 0. 1. 0. 0. 0.],500,100,0.1,0.003,1,3,best,79,first
109,0.0013814347046099999,0.0013814347046099999,0.004768445207,[0.       0.       0.       0.       0.       0.       0.       0.       0.       0.       0.       0.       0.       0.       0.       0.       0.       0.       0.       0.       0.       0.       0.       0.       0.       0.989999 0.       0.01     0.       0.       0.      ],[0. 0. 0. 0. 0. 0. 0. 0. 0. 0. 0. 0. 0. 0. 0. 0. 0. 0. 0. 0. 0. 0. 0. 0. 0. 1. 0. 1. 0. 0. 0.],500,100,0.1,0.003,1,3,best,79,first
110,0.0013814347046099999,0.0013814347046099999,0.004768445207,[0.       0.       0.       0.       0.       0.       0.       0.       0.       0.       0.       0.       0.       0.       0.       0.       0.       0.       0.       0.       0.       0.       0.       0.       0.       0.989999 0.       0.01     0.       0.       0.      ],[0. 0. 0. 0. 0. 0. 0. 0. 0. 0. 0. 0. 0. 0. 0. 0. 0. 0. 0. 0. 0. 0. 0. 0. 0. 1. 0. 1. 0. 0. 0.],500,100,0.1,0.003,1,3,best,79,first
111,0.0013814347046099999,0.0013814347046099999,0.004768445207,[0.       0.       0.       0.       0.       0.       0.       0.       0.       0.       0.       0.       0.       0.       0.       0.       0.       0.       0.       0.       0.       0.       0.       0.       0.       0.989999 0.       0.01     0.       0.       0.      ],[0. 0. 0. 0. 0. 0. 0. 0. 0. 0. 0. 0. 0. 0. 0. 0. 0. 0. 0. 0. 0. 0. 0. 0. 0. 1. 0. 1. 0. 0. 0.],500,100,0.1,0.003,1,3,best,79,first
112,0.0013814347046099999,0.0013814347046099999,0.004768445207,[0.       0.       0.       0.       0.       0.       0.       0.       0.       0.       0.       0.       0.       0.       0.       0.       0.       0.       0.       0.       0.       0.       0.       0.       0.       0.989999 0.       0.01     0.       0.       0.      ],[0. 0. 0. 0. 0. 0. 0. 0. 0. 0. 0. 0. 0. 0. 0. 0. 0. 0. 0. 0. 0. 0. 0. 0. 0. 1. 0. 1. 0. 0. 0.],500,100,0.1,0.003,1,3,best,79,first
113,0.0013814347046099999,0.0013814347046099999,0.004768445207,[0.       0.       0.       0.       0.       0.       0.       0.       0.       0.       0.       0.       0.       0.       0.       0.       0.       0.       0.       0.       0.       0.       0.       0.       0.       0.989999 0.       0.01     0.       0.       0.      ],[0. 0. 0. 0. 0. 0. 0. 0. 0. 0. 0. 0. 0. 0. 0. 0. 0. 0. 0. 0. 0. 0. 0. 0. 0. 1. 0. 1. 0. 0. 0.],500,100,0.1,0.003,1,3,best,79,first
114,0.0013814347046099999,0.0013814347046099999,0.004768445207,[0.       0.       0.       0.       0.       0.       0.       0.       0.       0.       0.       0.       0.       0.       0.       0.       0.       0.       0.       0.       0.       0.       0.       0.       0.       0.989999 0.       0.01     0.       0.       0.      ],[0. 0. 0. 0. 0. 0. 0. 0. 0. 0. 0. 0. 0. 0. 0. 0. 0. 0. 0. 0. 0. 0. 0. 0. 0. 1. 0. 1. 0. 0. 0.],500,100,0.1,0.003,1,3,best,79,first
115,0.0013814347046099999,0.0013814347046099999,0.004768445207,[0.       0.       0.       0.       0.       0.       0.       0.       0.       0.       0.       0.       0.       0.       0.       0.       0.       0.       0.       0.       0.       0.       0.       0.       0.       0.989999 0.       0.01     0.       0.       0.      ],[0. 0. 0. 0. 0. 0. 0. 0. 0. 0. 0. 0. 0. 0. 0. 0. 0. 0. 0. 0. 0. 0. 0. 0. 0. 1. 0. 1. 0. 0. 0.],500,100,0.1,0.003,1,3,best,79,first
116,0.0013814347046099999,0.0013814347046099999,0.004768445207,[0.       0.       0.       0.       0.       0.       0.       0.       0.       0.       0.       0.       0.       0.       0.       0.       0.       0.       0.       0.       0.       0.       0.       0.       0.       0.989999 0.       0.01     0.       0.       0.      ],[0. 0. 0. 0. 0. 0. 0. 0. 0. 0. 0. 0. 0. 0. 0. 0. 0. 0. 0. 0. 0. 0. 0. 0. 0. 1. 0. 1. 0. 0. 0.],500,100,0.1,0.003,1,3,best,79,first
117,0.0013814347046099999,0.0013814347046099999,0.004768445207,[0.       0.       0.       0.       0.       0.       0.       0.       0.       0.       0.       0.       0.       0.       0.       0.       0.       0.       0.       0.       0.       0.       0.       0.       0.       0.989999 0.       0.01     0.       0.       0.      ],[0. 0. 0. 0. 0. 0. 0. 0. 0. 0. 0. 0. 0. 0. 0. 0. 0. 0. 0. 0. 0. 0. 0. 0. 0. 1. 0. 1. 0. 0. 0.],500,100,0.1,0.003,1,3,best,79,first
118,0.0013814347046099999,0.0013814347046099999,0.004768445207,[0.       0.       0.       0.       0.       0.       0.       0.       0.       0.       0.       0.       0.       0.       0.       0.       0.       0.       0.       0.       0.       0.       0.       0.       0.       0.989999 0.       0.01     0.       0.       0.      ],[0. 0. 0. 0. 0. 0. 0. 0. 0. 0. 0. 0. 0. 0. 0. 0. 0. 0. 0. 0. 0. 0. 0. 0. 0. 1. 0. 1. 0. 0. 0.],500,100,0.1,0.003,1,3,best,79,first
119,0.0013814347046099999,0.0013814347046099999,0.004768445207,[0.       0.       0.       0.       0.       0.       0.       0.       0.       0.       0.       0.       0.       0.       0.       0.       0.       0.       0.       0.       0.       0.       0.       0.       0.       0.989999 0.       0.01     0.       0.       0.      ],[0. 0. 0. 0. 0. 0. 0. 0. 0. 0. 0. 0. 0. 0. 0. 0. 0. 0. 0. 0. 0. 0. 0. 0. 0. 1. 0. 1. 0. 0. 0.],500,100,0.1,0.003,1,3,best,79,first
120,0.0013814347046099999,0.0013814347046099999,0.004768445207,[0.       0.       0.       0.       0.       0.       0.       0.       0.       0.       0.       0.       0.       0.       0.       0.       0.       0.       0.       0.       0.       0.       0.       0.       0.       0.989999 0.       0.01     0.       0.       0.      ],[0. 0. 0. 0. 0. 0. 0. 0. 0. 0. 0. 0. 0. 0. 0. 0. 0. 0. 0. 0. 0. 0. 0. 0. 0. 1. 0. 1. 0. 0. 0.],500,100,0.1,0.003,1,3,best,79,first
121,0.0013814347046099999,0.0013814347046099999,0.004768445207,[0.       0.       0.       0.       0.       0.       0.       0.       0.       0.       0.       0.       0.       0.       0.       0.       0.       0.       0.       0.       0.       0.       0.       0.       0.       0.989999 0.       0.01     0.       0.       0.      ],[0. 0. 0. 0. 0. 0. 0. 0. 0. 0. 0. 0. 0. 0. 0. 0. 0. 0. 0. 0. 0. 0. 0. 0. 0. 1. 0. 1. 0. 0. 0.],500,100,0.1,0.003,1,3,best,79,first
122,0.0013814347046099999,0.0013814347046099999,0.004768445207,[0.       0.       0.       0.       0.       0.       0.       0.       0.       0.       0.       0.       0.       0.       0.       0.       0.       0.       0.       0.       0.       0.       0.       0.       0.       0.989999 0.       0.01     0.       0.       0.      ],[0. 0. 0. 0. 0. 0. 0. 0. 0. 0. 0. 0. 0. 0. 0. 0. 0. 0. 0. 0. 0. 0. 0. 0. 0. 1. 0. 1. 0. 0. 0.],500,100,0.1,0.003,1,3,best,79,first
123,0.0013814347046099999,0.0013814347046099999,0.004768445207,[0.       0.       0.       0.       0.       0.       0.       0.       0.       0.       0.       0.       0.       0.       0.       0.       0.       0.       0.       0.       0.       0.       0.       0.       0.       0.989999 0.       0.01     0.       0.       0.      ],[0. 0. 0. 0. 0. 0. 0. 0. 0. 0. 0. 0. 0. 0. 0. 0. 0. 0. 0. 0. 0. 0. 0. 0. 0. 1. 0. 1. 0. 0. 0.],500,100,0.1,0.003,1,3,best,79,first
124,0.0013814347046099999,0.0013814347046099999,0.004768445207,[0.       0.       0.       0.       0.       0.       0.       0.       0.       0.       0.       0.       0.       0.       0.       0.       0.       0.       0.       0.       0.       0.       0.       0.       0.       0.989999 0.       0.01     0.       0.       0.      ],[0. 0. 0. 0. 0. 0. 0. 0. 0. 0. 0. 0. 0. 0. 0. 0. 0. 0. 0. 0. 0. 0. 0. 0. 0. 1. 0. 1. 0. 0. 0.],500,100,0.1,0.003,1,3,best,79,first
125,0.0013814347046099999,0.0013814347046099999,0.004768445207,[0.       0.       0.       0.       0.       0.       0.       0.       0.       0.       0.       0.       0.       0.       0.       0.       0.       0.       0.       0.       0.       0.       0.       0.       0.       0.989999 0.       0.01     0.       0.       0.      ],[0. 0. 0. 0. 0. 0. 0. 0. 0. 0. 0. 0. 0. 0. 0. 0. 0. 0. 0. 0. 0. 0. 0. 0. 0. 1. 0. 1. 0. 0. 0.],500,100,0.1,0.003,1,3,best,79,first
126,0.0013814347046099999,0.0013814347046099999,0.004768445207,[0.       0.       0.       0.       0.       0.       0.       0.       0.       0.       0.       0.       0.       0.       0.       0.       0.       0.       0.       0.       0.       0.       0.       0.       0.       0.989999 0.       0.01     0.       0.       0.      ],[0. 0. 0. 0. 0. 0. 0. 0. 0. 0. 0. 0. 0. 0. 0. 0. 0. 0. 0. 0. 0. 0. 0. 0. 0. 1. 0. 1. 0. 0. 0.],500,100,0.1,0.003,1,3,best,79,first
127,0.0013814347046099999,0.0013814347046099999,0.004768445207,[0.       0.       0.       0.       0.       0.       0.       0.       0.       0.       0.       0.       0.       0.       0.       0.       0.       0.       0.       0.       0.       0.       0.       0.       0.       0.989999 0.       0.01     0.       0.       0.      ],[0. 0. 0. 0. 0. 0. 0. 0. 0. 0. 0. 0. 0. 0. 0. 0. 0. 0. 0. 0. 0. 0. 0. 0. 0. 1. 0. 1. 0. 0. 0.],500,100,0.1,0.003,1,3,best,79,first
128,0.0013814347046099999,0.0013814347046099999,0.004768445207,[0.       0.       0.       0.       0.       0.       0.       0.       0.       0.       0.       0.       0.       0.       0.       0.       0.       0.       0.       0.       0.       0.       0.       0.       0.       0.989999 0.       0.01     0.       0.       0.      ],[0. 0. 0. 0. 0. 0. 0. 0. 0. 0. 0. 0. 0. 0. 0. 0. 0. 0. 0. 0. 0. 0. 0. 0. 0. 1. 0. 1. 0. 0. 0.],500,100,0.1,0.003,1,3,best,79,first
129,0.0013814347046099999,0.0013814347046099999,0.004768445207,[0.       0.       0.       0.       0.       0.       0.       0.       0.       0.       0.       0.       0.       0.       0.       0.       0.       0.       0.       0.       0.       0.       0.       0.       0.       0.989999 0.       0.01     0.       0.       0.      ],[0. 0. 0. 0. 0. 0. 0. 0. 0. 0. 0. 0. 0. 0. 0. 0. 0. 0. 0. 0. 0. 0. 0. 0. 0. 1. 0. 1. 0. 0. 0.],500,100,0.1,0.003,1,3,best,79,first
130,0.0013814347046099999,0.0013814347046099999,0.004768445207,[0.       0.       0.       0.       0.       0.       0.       0.       0.       0.       0.       0.       0.       0.       0.       0.       0.       0.       0.       0.       0.       0.       0.       0.       0.       0.989999 0.       0.01     0.       0.       0.      ],[0. 0. 0. 0. 0. 0. 0. 0. 0. 0. 0. 0. 0. 0. 0. 0. 0. 0. 0. 0. 0. 0. 0. 0. 0. 1. 0. 1. 0. 0. 0.],500,100,0.1,0.003,1,3,best,79,first
131,0.0013814347046099999,0.0013814347046099999,0.004768445207,[0.       0.       0.       0.       0.       0.       0.       0.       0.       0.       0.       0.       0.       0.       0.       0.       0.       0.       0.       0.       0.       0.       0.       0.       0.       0.989999 0.       0.01     0.       0.       0.      ],[0. 0. 0. 0. 0. 0. 0. 0. 0. 0. 0. 0. 0. 0. 0. 0. 0. 0. 0. 0. 0. 0. 0. 0. 0. 1. 0. 1. 0. 0. 0.],500,100,0.1,0.003,1,3,best,79,first
132,0.0013814347046099999,0.0013814347046099999,0.004768445207,[0.       0.       0.       0.       0.       0.       0.       0.       0.       0.       0.       0.       0.       0.       0.       0.       0.       0.       0.       0.       0.       0.       0.       0.       0.       0.989999 0.       0.01     0.       0.       0.      ],[0. 0. 0. 0. 0. 0. 0. 0. 0. 0. 0. 0. 0. 0. 0. 0. 0. 0. 0. 0. 0. 0. 0. 0. 0. 1. 0. 1. 0. 0. 0.],500,100,0.1,0.003,1,3,best,79,first
133,0.0013814347046099999,0.0013814347046099999,0.004768445207,[0.       0.       0.       0.       0.       0.       0.       0.       0.       0.       0.       0.       0.       0.       0.       0.       0.       0.       0.       0.       0.       0.       0.       0.       0.       0.989999 0.       0.01     0.       0.       0.      ],[0. 0. 0. 0. 0. 0. 0. 0. 0. 0. 0. 0. 0. 0. 0. 0. 0. 0. 0. 0. 0. 0. 0. 0. 0. 1. 0. 1. 0. 0. 0.],500,100,0.1,0.003,1,3,best,79,first
134,0.0013814347046099999,0.0013814347046099999,0.004768445207,[0.       0.       0.       0.       0.       0.       0.       0.       0.       0.       0.       0.       0.       0.       0.       0.       0.       0.       0.       0.       0.       0.       0.       0.       0.       0.989999 0.       0.01     0.       0.       0.      ],[0. 0. 0. 0. 0. 0. 0. 0. 0. 0. 0. 0. 0. 0. 0. 0. 0. 0. 0. 0. 0. 0. 0. 0. 0. 1. 0. 1. 0. 0. 0.],500,100,0.1,0.003,1,3,best,79,first
135,0.0013814347046099999,0.0013814347046099999,0.004768445207,[0.       0.       0.       0.       0.       0.       0.       0.       0.       0.       0.       0.       0.       0.       0.       0.       0.       0.       0.       0.       0.       0.       0.       0.       0.       0.989999 0.       0.01     0.       0.       0.      ],[0. 0. 0. 0. 0. 0. 0. 0. 0. 0. 0. 0. 0. 0. 0. 0. 0. 0. 0. 0. 0. 0. 0. 0. 0. 1. 0. 1. 0. 0. 0.],500,100,0.1,0.003,1,3,best,79,first
136,0.0013814347046099999,0.0013814347046099999,0.004768445207,[0.       0.       0.       0.       0.       0.       0.       0.       0.       0.       0.       0.       0.       0.       0.       0.       0.       0.       0.       0.       0.       0.       0.       0.       0.       0.989999 0.       0.01     0.       0.       0.      ],[0. 0. 0. 0. 0. 0. 0. 0. 0. 0. 0. 0. 0. 0. 0. 0. 0. 0. 0. 0. 0. 0. 0. 0. 0. 1. 0. 1. 0. 0. 0.],500,100,0.1,0.003,1,3,best,79,first
137,0.0013814347046099999,0.0013814347046099999,0.004768445207,[0.       0.       0.       0.       0.       0.       0.       0.       0.       0.       0.       0.       0.       0.       0.       0.       0.       0.       0.       0.       0.       0.       0.       0.       0.       0.989999 0.       0.01     0.       0.       0.      ],[0. 0. 0. 0. 0. 0. 0. 0. 0. 0. 0. 0. 0. 0. 0. 0. 0. 0. 0. 0. 0. 0. 0. 0. 0. 1. 0. 1. 0. 0. 0.],500,100,0.1,0.003,1,3,best,79,first
138,0.0013814347046099999,0.0013814347046099999,0.004768445207,[0.       0.       0.       0.       0.       0.       0.       0.       0.       0.       0.       0.       0.       0.       0.       0.       0.       0.       0.       0.       0.       0.       0.       0.       0.       0.989999 0.       0.01     0.       0.       0.      ],[0. 0. 0. 0. 0. 0. 0. 0. 0. 0. 0. 0. 0. 0. 0. 0. 0. 0. 0. 0. 0. 0. 0. 0. 0. 1. 0. 1. 0. 0. 0.],500,100,0.1,0.003,1,3,best,79,first
139,0.0013814347046099999,0.0013814347046099999,0.004768445207,[0.       0.       0.       0.       0.       0.       0.       0.       0.       0.       0.       0.       0.       0.       0.       0.       0.       0.       0.       0.       0.       0.       0.       0.       0.       0.989999 0.       0.01     0.       0.       0.      ],[0. 0. 0. 0. 0. 0. 0. 0. 0. 0. 0. 0. 0. 0. 0. 0. 0. 0. 0. 0. 0. 0. 0. 0. 0. 1. 0. 1. 0. 0. 0.],500,100,0.1,0.003,1,3,best,79,first
140,0.0013814347046099999,0.0013814347046099999,0.004768445207,[0.       0.       0.       0.       0.       0.       0.       0.       0.       0.       0.       0.       0.       0.       0.       0.       0.       0.       0.       0.       0.       0.       0.       0.       0.       0.989999 0.       0.01     0.       0.       0.      ],[0. 0. 0. 0. 0. 0. 0. 0. 0. 0. 0. 0. 0. 0. 0. 0. 0. 0. 0. 0. 0. 0. 0. 0. 0. 1. 0. 1. 0. 0. 0.],500,100,0.1,0.003,1,3,best,79,first
141,0.0013814347046099999,0.0013814347046099999,0.004768445207,[0.       0.       0.       0.       0.       0.       0.       0.       0.       0.       0.       0.       0.       0.       0.       0.       0.       0.       0.       0.       0.       0.       0.       0.       0.       0.989999 0.       0.01     0.       0.       0.      ],[0. 0. 0. 0. 0. 0. 0. 0. 0. 0. 0. 0. 0. 0. 0. 0. 0. 0. 0. 0. 0. 0. 0. 0. 0. 1. 0. 1. 0. 0. 0.],500,100,0.1,0.003,1,3,best,79,first
142,0.0013814347046099999,0.0013814347046099999,0.004768445207,[0.       0.       0.       0.       0.       0.       0.       0.       0.       0.       0.       0.       0.       0.       0.       0.       0.       0.       0.       0.       0.       0.       0.       0.       0.       0.989999 0.       0.01     0.       0.       0.      ],[0. 0. 0. 0. 0. 0. 0. 0. 0. 0. 0. 0. 0. 0. 0. 0. 0. 0. 0. 0. 0. 0. 0. 0. 0. 1. 0. 1. 0. 0. 0.],500,100,0.1,0.003,1,3,best,79,first
143,0.0013814347046099999,0.0013814347046099999,0.004768445207,[0.       0.       0.       0.       0.       0.       0.       0.       0.       0.       0.       0.       0.       0.       0.       0.       0.       0.       0.       0.       0.       0.       0.       0.       0.       0.989999 0.       0.01     0.       0.       0.      ],[0. 0. 0. 0. 0. 0. 0. 0. 0. 0. 0. 0. 0. 0. 0. 0. 0. 0. 0. 0. 0. 0. 0. 0. 0. 1. 0. 1. 0. 0. 0.],500,100,0.1,0.003,1,3,best,79,first
144,0.0013814347046099999,0.0013814347046099999,0.004768445207,[0.       0.       0.       0.       0.       0.       0.       0.       0.       0.       0.       0.       0.       0.       0.       0.       0.       0.       0.       0.       0.       0.       0.       0.       0.       0.989999 0.       0.01     0.       0.       0.      ],[0. 0. 0. 0. 0. 0. 0. 0. 0. 0. 0. 0. 0. 0. 0. 0. 0. 0. 0. 0. 0. 0. 0. 0. 0. 1. 0. 1. 0. 0. 0.],500,100,0.1,0.003,1,3,best,79,first
145,0.0013814347046099999,0.0013814347046099999,0.004768445207,[0.       0.       0.       0.       0.       0.       0.       0.       0.       0.       0.       0.       0.       0.       0.       0.       0.       0.       0.       0.       0.       0.       0.       0.       0.       0.989999 0.       0.01     0.       0.       0.      ],[0. 0. 0. 0. 0. 0. 0. 0. 0. 0. 0. 0. 0. 0. 0. 0. 0. 0. 0. 0. 0. 0. 0. 0. 0. 1. 0. 1. 0. 0. 0.],500,100,0.1,0.003,1,3,best,79,first
146,0.0013814347046099999,0.0013814347046099999,0.004768445207,[0.       0.       0.       0.       0.       0.       0.       0.       0.       0.       0.       0.       0.       0.       0.       0.       0.       0.       0.       0.       0.       0.       0.       0.       0.       0.989999 0.       0.01     0.       0.       0.      ],[0. 0. 0. 0. 0. 0. 0. 0. 0. 0. 0. 0. 0. 0. 0. 0. 0. 0. 0. 0. 0. 0. 0. 0. 0. 1. 0. 1. 0. 0. 0.],500,100,0.1,0.003,1,3,best,79,first
147,0.0013814347046099999,0.0013814347046099999,0.004768445207,[0.       0.       0.       0.       0.       0.       0.       0.       0.       0.       0.       0.       0.       0.       0.       0.       0.       0.       0.       0.       0.       0.       0.       0.       0.       0.989999 0.       0.01     0.       0.       0.      ],[0. 0. 0. 0. 0. 0. 0. 0. 0. 0. 0. 0. 0. 0. 0. 0. 0. 0. 0. 0. 0. 0. 0. 0. 0. 1. 0. 1. 0. 0. 0.],500,100,0.1,0.003,1,3,best,79,first
148,0.0013814347046099999,0.0013814347046099999,0.004768445207,[0.       0.       0.       0.       0.       0.       0.       0.       0.       0.       0.       0.       0.       0.       0.       0.       0.       0.       0.       0.       0.       0.       0.       0.       0.       0.989999 0.       0.01     0.       0.       0.      ],[0. 0. 0. 0. 0. 0. 0. 0. 0. 0. 0. 0. 0. 0. 0. 0. 0. 0. 0. 0. 0. 0. 0. 0. 0. 1. 0. 1. 0. 0. 0.],500,100,0.1,0.003,1,3,best,79,first
149,0.0013814347046099999,0.0013814347046099999,0.004768445207,[0.       0.       0.       0.       0.       0.       0.       0.       0.       0.       0.       0.       0.       0.       0.       0.       0.       0.       0.       0.       0.       0.       0.       0.       0.       0.989999 0.       0.01     0.       0.       0.      ],[0. 0. 0. 0. 0. 0. 0. 0. 0. 0. 0. 0. 0. 0. 0. 0. 0. 0. 0. 0. 0. 0. 0. 0. 0. 1. 0. 1. 0. 0. 0.],500,100,0.1,0.003,1,3,best,79,first
150,0.0013814347046099999,0.0013814347046099999,0.004768445207,[0.       0.       0.       0.       0.       0.       0.       0.       0.       0.       0.       0.       0.       0.       0.       0.       0.       0.       0.       0.       0.       0.       0.       0.       0.       0.989999 0.       0.01     0.       0.       0.      ],[0. 0. 0. 0. 0. 0. 0. 0. 0. 0. 0. 0. 0. 0. 0. 0. 0. 0. 0. 0. 0. 0. 0. 0. 0. 1. 0. 1. 0. 0. 0.],500,100,0.1,0.003,1,3,best,79,first
151,0.0013814347046099999,0.0013814347046099999,0.004768445207,[0.       0.       0.       0.       0.       0.       0.       0.       0.       0.       0.       0.       0.       0.       0.       0.       0.       0.       0.       0.       0.       0.       0.       0.       0.       0.989999 0.       0.01     0.       0.       0.      ],[0. 0. 0. 0. 0. 0. 0. 0. 0. 0. 0. 0. 0. 0. 0. 0. 0. 0. 0. 0. 0. 0. 0. 0. 0. 1. 0. 1. 0. 0. 0.],500,100,0.1,0.003,1,3,best,79,first
152,0.0013814347046099999,0.0013814347046099999,0.004768445207,[0.       0.       0.       0.       0.       0.       0.       0.       0.       0.       0.       0.       0.       0.       0.       0.       0.       0.       0.       0.       0.       0.       0.       0.       0.       0.989999 0.       0.01     0.       0.       0.      ],[0. 0. 0. 0. 0. 0. 0. 0. 0. 0. 0. 0. 0. 0. 0. 0. 0. 0. 0. 0. 0. 0. 0. 0. 0. 1. 0. 1. 0. 0. 0.],500,100,0.1,0.003,1,3,best,79,first
153,0.0013814347046099999,0.0013814347046099999,0.004768445207,[0.       0.       0.       0.       0.       0.       0.       0.       0.       0.       0.       0.       0.       0.       0.       0.       0.       0.       0.       0.       0.       0.       0.       0.       0.       0.989999 0.       0.01     0.       0.       0.      ],[0. 0. 0. 0. 0. 0. 0. 0. 0. 0. 0. 0. 0. 0. 0. 0. 0. 0. 0. 0. 0. 0. 0. 0. 0. 1. 0. 1. 0. 0. 0.],500,100,0.1,0.003,1,3,best,79,first
154,0.0013814347046099999,0.0013814347046099999,0.004768445207,[0.       0.       0.       0.       0.       0.       0.       0.       0.       0.       0.       0.       0.       0.       0.       0.       0.       0.       0.       0.       0.       0.       0.       0.       0.       0.989999 0.       0.01     0.       0.       0.      ],[0. 0. 0. 0. 0. 0. 0. 0. 0. 0. 0. 0. 0. 0. 0. 0. 0. 0. 0. 0. 0. 0. 0. 0. 0. 1. 0. 1. 0. 0. 0.],500,100,0.1,0.003,1,3,best,79,first
155,0.0013814347046099999,0.0013814347046099999,0.004768445207,[0.       0.       0.       0.       0.       0.       0.       0.       0.       0.       0.       0.       0.       0.       0.       0.       0.       0.       0.       0.       0.       0.       0.       0.       0.       0.989999 0.       0.01     0.       0.       0.      ],[0. 0. 0. 0. 0. 0. 0. 0. 0. 0. 0. 0. 0. 0. 0. 0. 0. 0. 0. 0. 0. 0. 0. 0. 0. 1. 0. 1. 0. 0. 0.],500,100,0.1,0.003,1,3,best,79,first
156,0.0013814347046099999,0.0013814347046099999,0.004768445207,[0.       0.       0.       0.       0.       0.       0.       0.       0.       0.       0.       0.       0.       0.       0.       0.       0.       0.       0.       0.       0.       0.       0.       0.       0.       0.989999 0.       0.01     0.       0.       0.      ],[0. 0. 0. 0. 0. 0. 0. 0. 0. 0. 0. 0. 0. 0. 0. 0. 0. 0. 0. 0. 0. 0. 0. 0. 0. 1. 0. 1. 0. 0. 0.],500,100,0.1,0.003,1,3,best,79,first
157,0.0013814347046099999,0.0013814347046099999,0.004768445207,[0.       0.       0.       0.       0.       0.       0.       0.       0.       0.       0.       0.       0.       0.       0.       0.       0.       0.       0.       0.       0.       0.       0.       0.       0.       0.989999 0.       0.01     0.       0.       0.      ],[0. 0. 0. 0. 0. 0. 0. 0. 0. 0. 0. 0. 0. 0. 0. 0. 0. 0. 0. 0. 0. 0. 0. 0. 0. 1. 0. 1. 0. 0. 0.],500,100,0.1,0.003,1,3,best,79,first
158,0.0013814347046099999,0.0013814347046099999,0.004768445207,[0.       0.       0.       0.       0.       0.       0.       0.       0.       0.       0.       0.       0.       0.       0.       0.       0.       0.       0.       0.       0.       0.       0.       0.       0.       0.989999 0.       0.01     0.       0.       0.      ],[0. 0. 0. 0. 0. 0. 0. 0. 0. 0. 0. 0. 0. 0. 0. 0. 0. 0. 0. 0. 0. 0. 0. 0. 0. 1. 0. 1. 0. 0. 0.],500,100,0.1,0.003,1,3,best,79,first
159,0.0013814347046099999,0.0013814347046099999,0.004768445207,[0.       0.       0.       0.       0.       0.       0.       0.       0.       0.       0.       0.       0.       0.       0.       0.       0.       0.       0.       0.       0.       0.       0.       0.       0.       0.989999 0.       0.01     0.       0.       0.      ],[0. 0. 0. 0. 0. 0. 0. 0. 0. 0. 0. 0. 0. 0. 0. 0. 0. 0. 0. 0. 0. 0. 0. 0. 0. 1. 0. 1. 0. 0. 0.],500,100,0.1,0.003,1,3,best,79,first
160,0.0013814347046099999,0.0013814347046099999,0.004768445207,[0.       0.       0.       0.       0.       0.       0.       0.       0.       0.       0.       0.       0.       0.       0.       0.       0.       0.       0.       0.       0.       0.       0.       0.       0.       0.989999 0.       0.01     0.       0.       0.      ],[0. 0. 0. 0. 0. 0. 0. 0. 0. 0. 0. 0. 0. 0. 0. 0. 0. 0. 0. 0. 0. 0. 0. 0. 0. 1. 0. 1. 0. 0. 0.],500,100,0.1,0.003,1,3,best,79,first
161,0.0013814347046099999,0.0013814347046099999,0.004768445207,[0.       0.       0.       0.       0.       0.       0.       0.       0.       0.       0.       0.       0.       0.       0.       0.       0.       0.       0.       0.       0.       0.       0.       0.       0.       0.989999 0.       0.01     0.       0.       0.      ],[0. 0. 0. 0. 0. 0. 0. 0. 0. 0. 0. 0. 0. 0. 0. 0. 0. 0. 0. 0. 0. 0. 0. 0. 0. 1. 0. 1. 0. 0. 0.],500,100,0.1,0.003,1,3,best,79,first
162,0.0013814347046099999,0.0013814347046099999,0.004768445207,[0.       0.       0.       0.       0.       0.       0.       0.       0.       0.       0.       0.       0.       0.       0.       0.       0.       0.       0.       0.       0.       0.       0.       0.       0.       0.989999 0.       0.01     0.       0.       0.      ],[0. 0. 0. 0. 0. 0. 0. 0. 0. 0. 0. 0. 0. 0. 0. 0. 0. 0. 0. 0. 0. 0. 0. 0. 0. 1. 0. 1. 0. 0. 0.],500,100,0.1,0.003,1,3,best,79,first
163,0.0013814347046099999,0.0013814347046099999,0.004768445207,[0.       0.       0.       0.       0.       0.       0.       0.       0.       0.       0.       0.       0.       0.       0.       0.       0.       0.       0.       0.       0.       0.       0.       0.       0.       0.989999 0.       0.01     0.       0.       0.      ],[0. 0. 0. 0. 0. 0. 0. 0. 0. 0. 0. 0. 0. 0. 0. 0. 0. 0. 0. 0. 0. 0. 0. 0. 0. 1. 0. 1. 0. 0. 0.],500,100,0.1,0.003,1,3,best,79,first
164,0.0013814347046099999,0.0013814347046099999,0.004768445207,[0.       0.       0.       0.       0.       0.       0.       0.       0.       0.       0.       0.       0.       0.       0.       0.       0.       0.       0.       0.       0.       0.       0.       0.       0.       0.989999 0.       0.01     0.       0.       0.      ],[0. 0. 0. 0. 0. 0. 0. 0. 0. 0. 0. 0. 0. 0. 0. 0. 0. 0. 0. 0. 0. 0. 0. 0. 0. 1. 0. 1. 0. 0. 0.],500,100,0.1,0.003,1,3,best,79,first
165,0.0013814347046099999,0.0013814347046099999,0.004768445207,[0.       0.       0.       0.       0.       0.       0.       0.       0.       0.       0.       0.       0.       0.       0.       0.       0.       0.       0.       0.       0.       0.       0.       0.       0.       0.989999 0.       0.01     0.       0.       0.      ],[0. 0. 0. 0. 0. 0. 0. 0. 0. 0. 0. 0. 0. 0. 0. 0. 0. 0. 0. 0. 0. 0. 0. 0. 0. 1. 0. 1. 0. 0. 0.],500,100,0.1,0.003,1,3,best,79,first
166,0.0013814347046099999,0.0013814347046099999,0.004768445207,[0.       0.       0.       0.       0.       0.       0.       0.       0.       0.       0.       0.       0.       0.       0.       0.       0.       0.       0.       0.       0.       0.       0.       0.       0.       0.989999 0.       0.01     0.       0.       0.      ],[0. 0. 0. 0. 0. 0. 0. 0. 0. 0. 0. 0. 0. 0. 0. 0. 0. 0. 0. 0. 0. 0. 0. 0. 0. 1. 0. 1. 0. 0. 0.],500,100,0.1,0.003,1,3,best,79,first
167,0.0013814347046099999,0.0013814347046099999,0.004768445207,[0.       0.       0.       0.       0.       0.       0.       0.       0.       0.       0.       0.       0.       0.       0.       0.       0.       0.       0.       0.       0.       0.       0.       0.       0.       0.989999 0.       0.01     0.       0.       0.      ],[0. 0. 0. 0. 0. 0. 0. 0. 0. 0. 0. 0. 0. 0. 0. 0. 0. 0. 0. 0. 0. 0. 0. 0. 0. 1. 0. 1. 0. 0. 0.],500,100,0.1,0.003,1,3,best,79,first
168,0.0013814347046099999,0.0013814347046099999,0.004768445207,[0.       0.       0.       0.       0.       0.       0.       0.       0.       0.       0.       0.       0.       0.       0.       0.       0.       0.       0.       0.       0.       0.       0.       0.       0.       0.989999 0.       0.01     0.       0.       0.      ],[0. 0. 0. 0. 0. 0. 0. 0. 0. 0. 0. 0. 0. 0. 0. 0. 0. 0. 0. 0. 0. 0. 0. 0. 0. 1. 0. 1. 0. 0. 0.],500,100,0.1,0.003,1,3,best,79,first
169,0.0013814347046099999,0.0013814347046099999,0.004768445207,[0.       0.       0.       0.       0.       0.       0.       0.       0.       0.       0.       0.       0.       0.       0.       0.       0.       0.       0.       0.       0.       0.       0.       0.       0.       0.989999 0.       0.01     0.       0.       0.      ],[0. 0. 0. 0. 0. 0. 0. 0. 0. 0. 0. 0. 0. 0. 0. 0. 0. 0. 0. 0. 0. 0. 0. 0. 0. 1. 0. 1. 0. 0. 0.],500,100,0.1,0.003,1,3,best,79,first
170,0.0013814347046099999,0.0013814347046099999,0.004768445207,[0.       0.       0.       0.       0.       0.       0.       0.       0.       0.       0.       0.       0.       0.       0.       0.       0.       0.       0.       0.       0.       0.       0.       0.       0.       0.989999 0.       0.01     0.       0.       0.      ],[0. 0. 0. 0. 0. 0. 0. 0. 0. 0. 0. 0. 0. 0. 0. 0. 0. 0. 0. 0. 0. 0. 0. 0. 0. 1. 0. 1. 0. 0. 0.],500,100,0.1,0.003,1,3,best,79,first
171,0.0013814347046099999,0.0013814347046099999,0.004768445207,[0.       0.       0.       0.       0.       0.       0.       0.       0.       0.       0.       0.       0.       0.       0.       0.       0.       0.       0.       0.       0.       0.       0.       0.       0.       0.989999 0.       0.01     0.       0.       0.      ],[0. 0. 0. 0. 0. 0. 0. 0. 0. 0. 0. 0. 0. 0. 0. 0. 0. 0. 0. 0. 0. 0. 0. 0. 0. 1. 0. 1. 0. 0. 0.],500,100,0.1,0.003,1,3,best,79,first
172,0.0013814347046099999,0.0013814347046099999,0.004768445207,[0.       0.       0.       0.       0.       0.       0.       0.       0.       0.       0.       0.       0.       0.       0.       0.       0.       0.       0.       0.       0.       0.       0.       0.       0.       0.989999 0.       0.01     0.       0.       0.      ],[0. 0. 0. 0. 0. 0. 0. 0. 0. 0. 0. 0. 0. 0. 0. 0. 0. 0. 0. 0. 0. 0. 0. 0. 0. 1. 0. 1. 0. 0. 0.],500,100,0.1,0.003,1,3,best,79,first
173,0.0013814347046099999,0.0013814347046099999,0.004768445207,[0.       0.       0.       0.       0.       0.       0.       0.       0.       0.       0.       0.       0.       0.       0.       0.       0.       0.       0.       0.       0.       0.       0.       0.       0.       0.989999 0.       0.01     0.       0.       0.      ],[0. 0. 0. 0. 0. 0. 0. 0. 0. 0. 0. 0. 0. 0. 0. 0. 0. 0. 0. 0. 0. 0. 0. 0. 0. 1. 0. 1. 0. 0. 0.],500,100,0.1,0.003,1,3,best,79,first
174,0.0013814347046099999,0.0013814347046099999,0.004768445207,[0.       0.       0.       0.       0.       0.       0.       0.       0.       0.       0.       0.       0.       0.       0.       0.       0.       0.       0.       0.       0.       0.       0.       0.       0.       0.989999 0.       0.01     0.       0.       0.      ],[0. 0. 0. 0. 0. 0. 0. 0. 0. 0. 0. 0. 0. 0. 0. 0. 0. 0. 0. 0. 0. 0. 0. 0. 0. 1. 0. 1. 0. 0. 0.],500,100,0.1,0.003,1,3,best,79,first
175,0.0013814347046099999,0.0013814347046099999,0.004768445207,[0.       0.       0.       0.       0.       0.       0.       0.       0.       0.       0.       0.       0.       0.       0.       0.       0.       0.       0.       0.       0.       0.       0.       0.       0.       0.989999 0.       0.01     0.       0.       0.      ],[0. 0. 0. 0. 0. 0. 0. 0. 0. 0. 0. 0. 0. 0. 0. 0. 0. 0. 0. 0. 0. 0. 0. 0. 0. 1. 0. 1. 0. 0. 0.],500,100,0.1,0.003,1,3,best,79,first
176,0.0013814347046099999,0.0013814347046099999,0.004768445207,[0.       0.       0.       0.       0.       0.       0.       0.       0.       0.       0.       0.       0.       0.       0.       0.       0.       0.       0.       0.       0.       0.       0.       0.       0.       0.989999 0.       0.01     0.       0.       0.      ],[0. 0. 0. 0. 0. 0. 0. 0. 0. 0. 0. 0. 0. 0. 0. 0. 0. 0. 0. 0. 0. 0. 0. 0. 0. 1. 0. 1. 0. 0. 0.],500,100,0.1,0.003,1,3,best,79,first
177,0.0013814347046099999,0.0013814347046099999,0.004768445207,[0.       0.       0.       0.       0.       0.       0.       0.       0.       0.       0.       0.       0.       0.       0.       0.       0.       0.       0.       0.       0.       0.       0.       0.       0.       0.989999 0.       0.01     0.       0.       0.      ],[0. 0. 0. 0. 0. 0. 0. 0. 0. 0. 0. 0. 0. 0. 0. 0. 0. 0. 0. 0. 0. 0. 0. 0. 0. 1. 0. 1. 0. 0. 0.],500,100,0.1,0.003,1,3,best,79,first
178,0.0013814347046099999,0.0013814347046099999,0.004768445207,[0.       0.       0.       0.       0.       0.       0.       0.       0.       0.       0.       0.       0.       0.       0.       0.       0.       0.       0.       0.       0.       0.       0.       0.       0.       0.989999 0.       0.01     0.       0.       0.      ],[0. 0. 0. 0. 0. 0. 0. 0. 0. 0. 0. 0. 0. 0. 0. 0. 0. 0. 0. 0. 0. 0. 0. 0. 0. 1. 0. 1. 0. 0. 0.],500,100,0.1,0.003,1,3,best,79,first
179,0.0013814347046099999,0.0013814347046099999,0.004768445207,[0.       0.       0.       0.       0.       0.       0.       0.       0.       0.       0.       0.       0.       0.       0.       0.       0.       0.       0.       0.       0.       0.       0.       0.       0.       0.989999 0.       0.01     0.       0.       0.      ],[0. 0. 0. 0. 0. 0. 0. 0. 0. 0. 0. 0. 0. 0. 0. 0. 0. 0. 0. 0. 0. 0. 0. 0. 0. 1. 0. 1. 0. 0. 0.],500,100,0.1,0.003,1,3,best,79,first
180,0.0013814347046099999,0.0013814347046099999,0.004768445207,[0.       0.       0.       0.       0.       0.       0.       0.       0.       0.       0.       0.       0.       0.       0.       0.       0.       0.       0.       0.       0.       0.       0.       0.       0.       0.989999 0.       0.01     0.       0.       0.      ],[0. 0. 0. 0. 0. 0. 0. 0. 0. 0. 0. 0. 0. 0. 0. 0. 0. 0. 0. 0. 0. 0. 0. 0. 0. 1. 0. 1. 0. 0. 0.],500,100,0.1,0.003,1,3,best,79,first
181,0.0013814347046099999,0.0013814347046099999,0.004768445207,[0.       0.       0.       0.       0.       0.       0.       0.       0.       0.       0.       0.       0.       0.       0.       0.       0.       0.       0.       0.       0.       0.       0.       0.       0.       0.989999 0.       0.01     0.       0.       0.      ],[0. 0. 0. 0. 0. 0. 0. 0. 0. 0. 0. 0. 0. 0. 0. 0. 0. 0. 0. 0. 0. 0. 0. 0. 0. 1. 0. 1. 0. 0. 0.],500,100,0.1,0.003,1,3,best,79,first
182,0.0013814347046099999,0.0013814347046099999,0.004768445207,[0.       0.       0.       0.       0.       0.       0.       0.       0.       0.       0.       0.       0.       0.       0.       0.       0.       0.       0.       0.       0.       0.       0.       0.       0.       0.989999 0.       0.01     0.       0.       0.      ],[0. 0. 0. 0. 0. 0. 0. 0. 0. 0. 0. 0. 0. 0. 0. 0. 0. 0. 0. 0. 0. 0. 0. 0. 0. 1. 0. 1. 0. 0. 0.],500,100,0.1,0.003,1,3,best,79,first
183,0.0013814347046099999,0.0013814347046099999,0.004768445207,[0.       0.       0.       0.       0.       0.       0.       0.       0.       0.       0.       0.       0.       0.       0.       0.       0.       0.       0.       0.       0.       0.       0.       0.       0.       0.989999 0.       0.01     0.       0.       0.      ],[0. 0. 0. 0. 0. 0. 0. 0. 0. 0. 0. 0. 0. 0. 0. 0. 0. 0. 0. 0. 0. 0. 0. 0. 0. 1. 0. 1. 0. 0. 0.],500,100,0.1,0.003,1,3,best,79,first
184,0.0013814347046099999,0.0013814347046099999,0.004768445207,[0.       0.       0.       0.       0.       0.       0.       0.       0.       0.       0.       0.       0.       0.       0.       0.       0.       0.       0.       0.       0.       0.       0.       0.       0.       0.989999 0.       0.01     0.       0.       0.      ],[0. 0. 0. 0. 0. 0. 0. 0. 0. 0. 0. 0. 0. 0. 0. 0. 0. 0. 0. 0. 0. 0. 0. 0. 0. 1. 0. 1. 0. 0. 0.],500,100,0.1,0.003,1,3,best,79,first
185,0.0013814347046099999,0.0013814347046099999,0.004768445207,[0.       0.       0.       0.       0.       0.       0.       0.       0.       0.       0.       0.       0.       0.       0.       0.       0.       0.       0.       0.       0.       0.       0.       0.       0.       0.989999 0.       0.01     0.       0.       0.      ],[0. 0. 0. 0. 0. 0. 0. 0. 0. 0. 0. 0. 0. 0. 0. 0. 0. 0. 0. 0. 0. 0. 0. 0. 0. 1. 0. 1. 0. 0. 0.],500,100,0.1,0.003,1,3,best,79,first
186,0.0013814347046099999,0.0013814347046099999,0.004768445207,[0.       0.       0.       0.       0.       0.       0.       0.       0.       0.       0.       0.       0.       0.       0.       0.       0.       0.       0.       0.       0.       0.       0.       0.       0.       0.989999 0.       0.01     0.       0.       0.      ],[0. 0. 0. 0. 0. 0. 0. 0. 0. 0. 0. 0. 0. 0. 0. 0. 0. 0. 0. 0. 0. 0. 0. 0. 0. 1. 0. 1. 0. 0. 0.],500,100,0.1,0.003,1,3,best,79,first
187,0.0013814347046099999,0.0013814347046099999,0.004768445207,[0.       0.       0.       0.       0.       0.       0.       0.       0.       0.       0.       0.       0.       0.       0.       0.       0.       0.       0.       0.       0.       0.       0.       0.       0.       0.989999 0.       0.01     0.       0.       0.      ],[0. 0. 0. 0. 0. 0. 0. 0. 0. 0. 0. 0. 0. 0. 0. 0. 0. 0. 0. 0. 0. 0. 0. 0. 0. 1. 0. 1. 0. 0. 0.],500,100,0.1,0.003,1,3,best,79,first
188,0.0013814347046099999,0.0013814347046099999,0.004768445207,[0.       0.       0.       0.       0.       0.       0.       0.       0.       0.       0.       0.       0.       0.       0.       0.       0.       0.       0.       0.       0.       0.       0.       0.       0.       0.989999 0.       0.01     0.       0.       0.      ],[0. 0. 0. 0. 0. 0. 0. 0. 0. 0. 0. 0. 0. 0. 0. 0. 0. 0. 0. 0. 0. 0. 0. 0. 0. 1. 0. 1. 0. 0. 0.],500,100,0.1,0.003,1,3,best,79,first
189,0.0013814347046099999,0.0013814347046099999,0.004768445207,[0.       0.       0.       0.       0.       0.       0.       0.       0.       0.       0.       0.       0.       0.       0.       0.       0.       0.       0.       0.       0.       0.       0.       0.       0.       0.989999 0.       0.01     0.       0.       0.      ],[0. 0. 0. 0. 0. 0. 0. 0. 0. 0. 0. 0. 0. 0. 0. 0. 0. 0. 0. 0. 0. 0. 0. 0. 0. 1. 0. 1. 0. 0. 0.],500,100,0.1,0.003,1,3,best,79,first
190,0.0013814347046099999,0.0013814347046099999,0.004768445207,[0.       0.       0.       0.       0.       0.       0.       0.       0.       0.       0.       0.       0.       0.       0.       0.       0.       0.       0.       0.       0.       0.       0.       0.       0.       0.989999 0.       0.01     0.       0.       0.      ],[0. 0. 0. 0. 0. 0. 0. 0. 0. 0. 0. 0. 0. 0. 0. 0. 0. 0. 0. 0. 0. 0. 0. 0. 0. 1. 0. 1. 0. 0. 0.],500,100,0.1,0.003,1,3,best,79,first
191,0.0013814347046099999,0.0013814347046099999,0.004768445207,[0.       0.       0.       0.       0.       0.       0.       0.       0.       0.       0.       0.       0.       0.       0.       0.       0.       0.       0.       0.       0.       0.       0.       0.       0.       0.989999 0.       0.01     0.       0.       0.      ],[0. 0. 0. 0. 0. 0. 0. 0. 0. 0. 0. 0. 0. 0. 0. 0. 0. 0. 0. 0. 0. 0. 0. 0. 0. 1. 0. 1. 0. 0. 0.],500,100,0.1,0.003,1,3,best,79,first
192,0.0013814347046099999,0.0013814347046099999,0.004768445207,[0.       0.       0.       0.       0.       0.       0.       0.       0.       0.       0.       0.       0.       0.       0.       0.       0.       0.       0.       0.       0.       0.       0.       0.       0.       0.989999 0.       0.01     0.       0.       0.      ],[0. 0. 0. 0. 0. 0. 0. 0. 0. 0. 0. 0. 0. 0. 0. 0. 0. 0. 0. 0. 0. 0. 0. 0. 0. 1. 0. 1. 0. 0. 0.],500,100,0.1,0.003,1,3,best,79,first
193,0.0013814347046099999,0.0013814347046099999,0.004768445207,[0.       0.       0.       0.       0.       0.       0.       0.       0.       0.       0.       0.       0.       0.       0.       0.       0.       0.       0.       0.       0.       0.       0.       0.       0.       0.989999 0.       0.01     0.       0.       0.      ],[0. 0. 0. 0. 0. 0. 0. 0. 0. 0. 0. 0. 0. 0. 0. 0. 0. 0. 0. 0. 0. 0. 0. 0. 0. 1. 0. 1. 0. 0. 0.],500,100,0.1,0.003,1,3,best,79,first
194,0.0013814347046099999,0.0013814347046099999,0.004768445207,[0.       0.       0.       0.       0.       0.       0.       0.       0.       0.       0.       0.       0.       0.       0.       0.       0.       0.       0.       0.       0.       0.       0.       0.       0.       0.989999 0.       0.01     0.       0.       0.      ],[0. 0. 0. 0. 0. 0. 0. 0. 0. 0. 0. 0. 0. 0. 0. 0. 0. 0. 0. 0. 0. 0. 0. 0. 0. 1. 0. 1. 0. 0. 0.],500,100,0.1,0.003,1,3,best,79,first
195,0.0013814347046099999,0.0013814347046099999,0.004768445207,[0.       0.       0.       0.       0.       0.       0.       0.       0.       0.       0.       0.       0.       0.       0.       0.       0.       0.       0.       0.       0.       0.       0.       0.       0.       0.989999 0.       0.01     0.       0.       0.      ],[0. 0. 0. 0. 0. 0. 0. 0. 0. 0. 0. 0. 0. 0. 0. 0. 0. 0. 0. 0. 0. 0. 0. 0. 0. 1. 0. 1. 0. 0. 0.],500,100,0.1,0.003,1,3,best,79,first
196,0.0013814347046099999,0.0013814347046099999,0.004768445207,[0.       0.       0.       0.       0.       0.       0.       0.       0.       0.       0.       0.       0.       0.       0.       0.       0.       0.       0.       0.       0.       0.       0.       0.       0.       0.989999 0.       0.01     0.       0.       0.      ],[0. 0. 0. 0. 0. 0. 0. 0. 0. 0. 0. 0. 0. 0. 0. 0. 0. 0. 0. 0. 0. 0. 0. 0. 0. 1. 0. 1. 0. 0. 0.],500,100,0.1,0.003,1,3,best,79,first
197,0.0013814347046099999,0.0013814347046099999,0.004768445207,[0.       0.       0.       0.       0.       0.       0.       0.       0.       0.       0.       0.       0.       0.       0.       0.       0.       0.       0.       0.       0.       0.       0.       0.       0.       0.989999 0.       0.01     0.       0.       0.      ],[0. 0. 0. 0. 0. 0. 0. 0. 0. 0. 0. 0. 0. 0. 0. 0. 0. 0. 0. 0. 0. 0. 0. 0. 0. 1. 0. 1. 0. 0. 0.],500,100,0.1,0.003,1,3,best,79,first
198,0.0013814347046099999,0.0013814347046099999,0.004768445207,[0.       0.       0.       0.       0.       0.       0.       0.       0.       0.       0.       0.       0.       0.       0.       0.       0.       0.       0.       0.       0.       0.       0.       0.       0.       0.989999 0.       0.01     0.       0.       0.      ],[0. 0. 0. 0. 0. 0. 0. 0. 0. 0. 0. 0. 0. 0. 0. 0. 0. 0. 0. 0. 0. 0. 0. 0. 0. 1. 0. 1. 0. 0. 0.],500,100,0.1,0.003,1,3,best,79,first
199,0.0013814347046099999,0.0013814347046099999,0.004768445207,[0.       0.       0.       0.       0.       0.       0.       0.       0.       0.       0.       0.       0.       0.       0.       0.       0.       0.       0.       0.       0.       0.       0.       0.       0.       0.989999 0.       0.01     0.       0.       0.      ],[0. 0. 0. 0. 0. 0. 0. 0. 0. 0. 0. 0. 0. 0. 0. 0. 0. 0. 0. 0. 0. 0. 0. 0. 0. 1. 0. 1. 0. 0. 0.],500,100,0.1,0.003,1,3,best,79,first
200,0.0013814347046099999,0.0013814347046099999,0.004768445207,[0.       0.       0.       0.       0.       0.       0.       0.       0.       0.       0.       0.       0.       0.       0.       0.       0.       0.       0.       0.       0.       0.       0.       0.       0.       0.989999 0.       0.01     0.       0.       0.      ],[0. 0. 0. 0. 0. 0. 0. 0. 0. 0. 0. 0. 0. 0. 0. 0. 0. 0. 0. 0. 0. 0. 0. 0. 0. 1. 0. 1. 0. 0. 0.],500,100,0.1,0.003,1,3,best,79,first
201,0.0013814347046099999,0.0013814347046099999,0.004768445207,[0.       0.       0.       0.       0.       0.       0.       0.       0.       0.       0.       0.       0.       0.       0.       0.       0.       0.       0.       0.       0.       0.       0.       0.       0.       0.989999 0.       0.01     0.       0.       0.      ],[0. 0. 0. 0. 0. 0. 0. 0. 0. 0. 0. 0. 0. 0. 0. 0. 0. 0. 0. 0. 0. 0. 0. 0. 0. 1. 0. 1. 0. 0. 0.],500,100,0.1,0.003,1,3,best,79,first
202,0.0013814347046099999,0.0013814347046099999,0.004768445207,[0.       0.       0.       0.       0.       0.       0.       0.       0.       0.       0.       0.       0.       0.       0.       0.       0.       0.       0.       0.       0.       0.       0.       0.       0.       0.989999 0.       0.01     0.       0.       0.      ],[0. 0. 0. 0. 0. 0. 0. 0. 0. 0. 0. 0. 0. 0. 0. 0. 0. 0. 0. 0. 0. 0. 0. 0. 0. 1. 0. 1. 0. 0. 0.],500,100,0.1,0.003,1,3,best,79,first
203,0.0013814347046099999,0.0013814347046099999,0.004768445207,[0.       0.       0.       0.       0.       0.       0.       0.       0.       0.       0.       0.       0.       0.       0.       0.       0.       0.       0.       0.       0.       0.       0.       0.       0.       0.989999 0.       0.01     0.       0.       0.      ],[0. 0. 0. 0. 0. 0. 0. 0. 0. 0. 0. 0. 0. 0. 0. 0. 0. 0. 0. 0. 0. 0. 0. 0. 0. 1. 0. 1. 0. 0. 0.],500,100,0.1,0.003,1,3,best,79,first
204,0.0013814347046099999,0.0013814347046099999,0.004768445207,[0.       0.       0.       0.       0.       0.       0.       0.       0.       0.       0.       0.       0.       0.       0.       0.       0.       0.       0.       0.       0.       0.       0.       0.       0.       0.989999 0.       0.01     0.       0.       0.      ],[0. 0. 0. 0. 0. 0. 0. 0. 0. 0. 0. 0. 0. 0. 0. 0. 0. 0. 0. 0. 0. 0. 0. 0. 0. 1. 0. 1. 0. 0. 0.],500,100,0.1,0.003,1,3,best,79,first
205,0.0013814347046099999,0.0013814347046099999,0.004768445207,[0.       0.       0.       0.       0.       0.       0.       0.       0.       0.       0.       0.       0.       0.       0.       0.       0.       0.       0.       0.       0.       0.       0.       0.       0.       0.989999 0.       0.01     0.       0.       0.      ],[0. 0. 0. 0. 0. 0. 0. 0. 0. 0. 0. 0. 0. 0. 0. 0. 0. 0. 0. 0. 0. 0. 0. 0. 0. 1. 0. 1. 0. 0. 0.],500,100,0.1,0.003,1,3,best,79,first
206,0.0013814347046099999,0.0013814347046099999,0.004768445207,[0.       0.       0.       0.       0.       0.       0.       0.       0.       0.       0.       0.       0.       0.       0.       0.       0.       0.       0.       0.       0.       0.       0.       0.       0.       0.989999 0.       0.01     0.       0.       0.      ],[0. 0. 0. 0. 0. 0. 0. 0. 0. 0. 0. 0. 0. 0. 0. 0. 0. 0. 0. 0. 0. 0. 0. 0. 0. 1. 0. 1. 0. 0. 0.],500,100,0.1,0.003,1,3,best,79,first
207,0.0013814347046099999,0.0013814347046099999,0.004768445207,[0.       0.       0.       0.       0.       0.       0.       0.       0.       0.       0.       0.       0.       0.       0.       0.       0.       0.       0.       0.       0.       0.       0.       0.       0.       0.989999 0.       0.01     0.       0.       0.      ],[0. 0. 0. 0. 0. 0. 0. 0. 0. 0. 0. 0. 0. 0. 0. 0. 0. 0. 0. 0. 0. 0. 0. 0. 0. 1. 0. 1. 0. 0. 0.],500,100,0.1,0.003,1,3,best,79,first
208,0.0013814347046099999,0.0013814347046099999,0.004768445207,[0.       0.       0.       0.       0.       0.       0.       0.       0.       0.       0.       0.       0.       0.       0.       0.       0.       0.       0.       0.       0.       0.       0.       0.       0.       0.989999 0.       0.01     0.       0.       0.      ],[0. 0. 0. 0. 0. 0. 0. 0. 0. 0. 0. 0. 0. 0. 0. 0. 0. 0. 0. 0. 0. 0. 0. 0. 0. 1. 0. 1. 0. 0. 0.],500,100,0.1,0.003,1,3,best,79,first
209,0.0013814347046099999,0.0013814347046099999,0.004768445207,[0.       0.       0.       0.       0.       0.       0.       0.       0.       0.       0.       0.       0.       0.       0.       0.       0.       0.       0.       0.       0.       0.       0.       0.       0.       0.989999 0.       0.01     0.       0.       0.      ],[0. 0. 0. 0. 0. 0. 0. 0. 0. 0. 0. 0. 0. 0. 0. 0. 0. 0. 0. 0. 0. 0. 0. 0. 0. 1. 0. 1. 0. 0. 0.],500,100,0.1,0.003,1,3,best,79,first
210,0.0013814347046099999,0.0013814347046099999,0.004768445207,[0.       0.       0.       0.       0.       0.       0.       0.       0.       0.       0.       0.       0.       0.       0.       0.       0.       0.       0.       0.       0.       0.       0.       0.       0.       0.989999 0.       0.01     0.       0.       0.      ],[0. 0. 0. 0. 0. 0. 0. 0. 0. 0. 0. 0. 0. 0. 0. 0. 0. 0. 0. 0. 0. 0. 0. 0. 0. 1. 0. 1. 0. 0. 0.],500,100,0.1,0.003,1,3,best,79,first
211,0.0013814347046099999,0.0013814347046099999,0.004768445207,[0.       0.       0.       0.       0.       0.       0.       0.       0.       0.       0.       0.       0.       0.       0.       0.       0.       0.       0.       0.       0.       0.       0.       0.       0.       0.989999 0.       0.01     0.       0.       0.      ],[0. 0. 0. 0. 0. 0. 0. 0. 0. 0. 0. 0. 0. 0. 0. 0. 0. 0. 0. 0. 0. 0. 0. 0. 0. 1. 0. 1. 0. 0. 0.],500,100,0.1,0.003,1,3,best,79,first
212,0.0013814347046099999,0.0013814347046099999,0.004768445207,[0.       0.       0.       0.       0.       0.       0.       0.       0.       0.       0.       0.       0.       0.       0.       0.       0.       0.       0.       0.       0.       0.       0.       0.       0.       0.989999 0.       0.01     0.       0.       0.      ],[0. 0. 0. 0. 0. 0. 0. 0. 0. 0. 0. 0. 0. 0. 0. 0. 0. 0. 0. 0. 0. 0. 0. 0. 0. 1. 0. 1. 0. 0. 0.],500,100,0.1,0.003,1,3,best,79,first
213,0.0013814347046099999,0.0013814347046099999,0.004768445207,[0.       0.       0.       0.       0.       0.       0.       0.       0.       0.       0.       0.       0.       0.       0.       0.       0.       0.       0.       0.       0.       0.       0.       0.       0.       0.989999 0.       0.01     0.       0.       0.      ],[0. 0. 0. 0. 0. 0. 0. 0. 0. 0. 0. 0. 0. 0. 0. 0. 0. 0. 0. 0. 0. 0. 0. 0. 0. 1. 0. 1. 0. 0. 0.],500,100,0.1,0.003,1,3,best,79,first
214,0.0013814347046099999,0.0013814347046099999,0.004768445207,[0.       0.       0.       0.       0.       0.       0.       0.       0.       0.       0.       0.       0.       0.       0.       0.       0.       0.       0.       0.       0.       0.       0.       0.       0.       0.989999 0.       0.01     0.       0.       0.      ],[0. 0. 0. 0. 0. 0. 0. 0. 0. 0. 0. 0. 0. 0. 0. 0. 0. 0. 0. 0. 0. 0. 0. 0. 0. 1. 0. 1. 0. 0. 0.],500,100,0.1,0.003,1,3,best,79,first
215,0.0013814347046099999,0.0013814347046099999,0.004768445207,[0.       0.       0.       0.       0.       0.       0.       0.       0.       0.       0.       0.       0.       0.       0.       0.       0.       0.       0.       0.       0.       0.       0.       0.       0.       0.989999 0.       0.01     0.       0.       0.      ],[0. 0. 0. 0. 0. 0. 0. 0. 0. 0. 0. 0. 0. 0. 0. 0. 0. 0. 0. 0. 0. 0. 0. 0. 0. 1. 0. 1. 0. 0. 0.],500,100,0.1,0.003,1,3,best,79,first
216,0.0013814347046099999,0.0013814347046099999,0.004768445207,[0.       0.       0.       0.       0.       0.       0.       0.       0.       0.       0.       0.       0.       0.       0.       0.       0.       0.       0.       0.       0.       0.       0.       0.       0.       0.989999 0.       0.01     0.       0.       0.      ],[0. 0. 0. 0. 0. 0. 0. 0. 0. 0. 0. 0. 0. 0. 0. 0. 0. 0. 0. 0. 0. 0. 0. 0. 0. 1. 0. 1. 0. 0. 0.],500,100,0.1,0.003,1,3,best,79,first
217,0.0013814347046099999,0.0013814347046099999,0.004768445207,[0.       0.       0.       0.       0.       0.       0.       0.       0.       0.       0.       0.       0.       0.       0.       0.       0.       0.       0.       0.       0.       0.       0.       0.       0.       0.989999 0.       0.01     0.       0.       0.      ],[0. 0. 0. 0. 0. 0. 0. 0. 0. 0. 0. 0. 0. 0. 0. 0. 0. 0. 0. 0. 0. 0. 0. 0. 0. 1. 0. 1. 0. 0. 0.],500,100,0.1,0.003,1,3,best,79,first
218,0.0013814347046099999,0.0013814347046099999,0.004768445207,[0.       0.       0.       0.       0.       0.       0.       0.       0.       0.       0.       0.       0.       0.       0.       0.       0.       0.       0.       0.       0.       0.       0.       0.       0.       0.989999 0.       0.01     0.       0.       0.      ],[0. 0. 0. 0. 0. 0. 0. 0. 0. 0. 0. 0. 0. 0. 0. 0. 0. 0. 0. 0. 0. 0. 0. 0. 0. 1. 0. 1. 0. 0. 0.],500,100,0.1,0.003,1,3,best,79,first
219,0.0013814347046099999,0.0013814347046099999,0.004768445207,[0.       0.       0.       0.       0.       0.       0.       0.       0.       0.       0.       0.       0.       0.       0.       0.       0.       0.       0.       0.       0.       0.       0.       0.       0.       0.989999 0.       0.01     0.       0.       0.      ],[0. 0. 0. 0. 0. 0. 0. 0. 0. 0. 0. 0. 0. 0. 0. 0. 0. 0. 0. 0. 0. 0. 0. 0. 0. 1. 0. 1. 0. 0. 0.],500,100,0.1,0.003,1,3,best,79,first
220,0.0013814347046099999,0.0013814347046099999,0.004768445207,[0.       0.       0.       0.       0.       0.       0.       0.       0.       0.       0.       0.       0.       0.       0.       0.       0.       0.       0.       0.       0.       0.       0.       0.       0.       0.989999 0.       0.01     0.       0.       0.      ],[0. 0. 0. 0. 0. 0. 0. 0. 0. 0. 0. 0. 0. 0. 0. 0. 0. 0. 0. 0. 0. 0. 0. 0. 0. 1. 0. 1. 0. 0. 0.],500,100,0.1,0.003,1,3,best,79,first
221,0.0013814347046099999,0.0013814347046099999,0.004768445207,[0.       0.       0.       0.       0.       0.       0.       0.       0.       0.       0.       0.       0.       0.       0.       0.       0.       0.       0.       0.       0.       0.       0.       0.       0.       0.989999 0.       0.01     0.       0.       0.      ],[0. 0. 0. 0. 0. 0. 0. 0. 0. 0. 0. 0. 0. 0. 0. 0. 0. 0. 0. 0. 0. 0. 0. 0. 0. 1. 0. 1. 0. 0. 0.],500,100,0.1,0.003,1,3,best,79,first
222,0.0013814347046099999,0.0013814347046099999,0.004768445207,[0.       0.       0.       0.       0.       0.       0.       0.       0.       0.       0.       0.       0.       0.       0.       0.       0.       0.       0.       0.       0.       0.       0.       0.       0.       0.989999 0.       0.01     0.       0.       0.      ],[0. 0. 0. 0. 0. 0. 0. 0. 0. 0. 0. 0. 0. 0. 0. 0. 0. 0. 0. 0. 0. 0. 0. 0. 0. 1. 0. 1. 0. 0. 0.],500,100,0.1,0.003,1,3,best,79,first
223,0.0013814347046099999,0.0013814347046099999,0.004768445207,[0.       0.       0.       0.       0.       0.       0.       0.       0.       0.       0.       0.       0.       0.       0.       0.       0.       0.       0.       0.       0.       0.       0.       0.       0.       0.989999 0.       0.01     0.       0.       0.      ],[0. 0. 0. 0. 0. 0. 0. 0. 0. 0. 0. 0. 0. 0. 0. 0. 0. 0. 0. 0. 0. 0. 0. 0. 0. 1. 0. 1. 0. 0. 0.],500,100,0.1,0.003,1,3,best,79,first
224,0.0013814347046099999,0.0013814347046099999,0.004768445207,[0.       0.       0.       0.       0.       0.       0.       0.       0.       0.       0.       0.       0.       0.       0.       0.       0.       0.       0.       0.       0.       0.       0.       0.       0.       0.989999 0.       0.01     0.       0.       0.      ],[0. 0. 0. 0. 0. 0. 0. 0. 0. 0. 0. 0. 0. 0. 0. 0. 0. 0. 0. 0. 0. 0. 0. 0. 0. 1. 0. 1. 0. 0. 0.],500,100,0.1,0.003,1,3,best,79,first
225,0.0013814347046099999,0.0013814347046099999,0.004768445207,[0.       0.       0.       0.       0.       0.       0.       0.       0.       0.       0.       0.       0.       0.       0.       0.       0.       0.       0.       0.       0.       0.       0.       0.       0.       0.989999 0.       0.01     0.       0.       0.      ],[0. 0. 0. 0. 0. 0. 0. 0. 0. 0. 0. 0. 0. 0. 0. 0. 0. 0. 0. 0. 0. 0. 0. 0. 0. 1. 0. 1. 0. 0. 0.],500,100,0.1,0.003,1,3,best,79,first
226,0.0013814347046099999,0.0013814347046099999,0.004768445207,[0.       0.       0.       0.       0.       0.       0.       0.       0.       0.       0.       0.       0.       0.       0.       0.       0.       0.       0.       0.       0.       0.       0.       0.       0.       0.989999 0.       0.01     0.       0.       0.      ],[0. 0. 0. 0. 0. 0. 0. 0. 0. 0. 0. 0. 0. 0. 0. 0. 0. 0. 0. 0. 0. 0. 0. 0. 0. 1. 0. 1. 0. 0. 0.],500,100,0.1,0.003,1,3,best,79,first
227,0.0013814347046099999,0.0013814347046099999,0.004768445207,[0.       0.       0.       0.       0.       0.       0.       0.       0.       0.       0.       0.       0.       0.       0.       0.       0.       0.       0.       0.       0.       0.       0.       0.       0.       0.989999 0.       0.01     0.       0.       0.      ],[0. 0. 0. 0. 0. 0. 0. 0. 0. 0. 0. 0. 0. 0. 0. 0. 0. 0. 0. 0. 0. 0. 0. 0. 0. 1. 0. 1. 0. 0. 0.],500,100,0.1,0.003,1,3,best,79,first
228,0.0013814347046099999,0.0013814347046099999,0.004768445207,[0.       0.       0.       0.       0.       0.       0.       0.       0.       0.       0.       0.       0.       0.       0.       0.       0.       0.       0.       0.       0.       0.       0.       0.       0.       0.989999 0.       0.01     0.       0.       0.      ],[0. 0. 0. 0. 0. 0. 0. 0. 0. 0. 0. 0. 0. 0. 0. 0. 0. 0. 0. 0. 0. 0. 0. 0. 0. 1. 0. 1. 0. 0. 0.],500,100,0.1,0.003,1,3,best,79,first
229,0.0013814347046099999,0.0013814347046099999,0.004768445207,[0.       0.       0.       0.       0.       0.       0.       0.       0.       0.       0.       0.       0.       0.       0.       0.       0.       0.       0.       0.       0.       0.       0.       0.       0.       0.989999 0.       0.01     0.       0.       0.      ],[0. 0. 0. 0. 0. 0. 0. 0. 0. 0. 0. 0. 0. 0. 0. 0. 0. 0. 0. 0. 0. 0. 0. 0. 0. 1. 0. 1. 0. 0. 0.],500,100,0.1,0.003,1,3,best,79,first
230,0.0013814347046099999,0.0013814347046099999,0.004768445207,[0.       0.       0.       0.       0.       0.       0.       0.       0.       0.       0.       0.       0.       0.       0.       0.       0.       0.       0.       0.       0.       0.       0.       0.       0.       0.989999 0.       0.01     0.       0.       0.      ],[0. 0. 0. 0. 0. 0. 0. 0. 0. 0. 0. 0. 0. 0. 0. 0. 0. 0. 0. 0. 0. 0. 0. 0. 0. 1. 0. 1. 0. 0. 0.],500,100,0.1,0.003,1,3,best,79,first
231,0.0013814347046099999,0.0013814347046099999,0.004768445207,[0.       0.       0.       0.       0.       0.       0.       0.       0.       0.       0.       0.       0.       0.       0.       0.       0.       0.       0.       0.       0.       0.       0.       0.       0.       0.989999 0.       0.01     0.       0.       0.      ],[0. 0. 0. 0. 0. 0. 0. 0. 0. 0. 0. 0. 0. 0. 0. 0. 0. 0. 0. 0. 0. 0. 0. 0. 0. 1. 0. 1. 0. 0. 0.],500,100,0.1,0.003,1,3,best,79,first
232,0.0013814347046099999,0.0013814347046099999,0.004768445207,[0.       0.       0.       0.       0.       0.       0.       0.       0.       0.       0.       0.       0.       0.       0.       0.       0.       0.       0.       0.       0.       0.       0.       0.       0.       0.989999 0.       0.01     0.       0.       0.      ],[0. 0. 0. 0. 0. 0. 0. 0. 0. 0. 0. 0. 0. 0. 0. 0. 0. 0. 0. 0. 0. 0. 0. 0. 0. 1. 0. 1. 0. 0. 0.],500,100,0.1,0.003,1,3,best,79,first
233,0.0013814347046099999,0.0013814347046099999,0.004768445207,[0.       0.       0.       0.       0.       0.       0.       0.       0.       0.       0.       0.       0.       0.       0.       0.       0.       0.       0.       0.       0.       0.       0.       0.       0.       0.989999 0.       0.01     0.       0.       0.      ],[0. 0. 0. 0. 0. 0. 0. 0. 0. 0. 0. 0. 0. 0. 0. 0. 0. 0. 0. 0. 0. 0. 0. 0. 0. 1. 0. 1. 0. 0. 0.],500,100,0.1,0.003,1,3,best,79,first
234,0.0013814347046099999,0.0013814347046099999,0.004768445207,[0.       0.       0.       0.       0.       0.       0.       0.       0.       0.       0.       0.       0.       0.       0.       0.       0.       0.       0.       0.       0.       0.       0.       0.       0.       0.989999 0.       0.01     0.       0.       0.      ],[0. 0. 0. 0. 0. 0. 0. 0. 0. 0. 0. 0. 0. 0. 0. 0. 0. 0. 0. 0. 0. 0. 0. 0. 0. 1. 0. 1. 0. 0. 0.],500,100,0.1,0.003,1,3,best,79,first
235,0.0013814347046099999,0.0013814347046099999,0.004768445207,[0.       0.       0.       0.       0.       0.       0.       0.       0.       0.       0.       0.       0.       0.       0.       0.       0.       0.       0.       0.       0.       0.       0.       0.       0.       0.989999 0.       0.01     0.       0.       0.      ],[0. 0. 0. 0. 0. 0. 0. 0. 0. 0. 0. 0. 0. 0. 0. 0. 0. 0. 0. 0. 0. 0. 0. 0. 0. 1. 0. 1. 0. 0. 0.],500,100,0.1,0.003,1,3,best,79,first
236,0.0013814347046099999,0.0013814347046099999,0.004768445207,[0.       0.       0.       0.       0.       0.       0.       0.       0.       0.       0.       0.       0.       0.       0.       0.       0.       0.       0.       0.       0.       0.       0.       0.       0.       0.989999 0.       0.01     0.       0.       0.      ],[0. 0. 0. 0. 0. 0. 0. 0. 0. 0. 0. 0. 0. 0. 0. 0. 0. 0. 0. 0. 0. 0. 0. 0. 0. 1. 0. 1. 0. 0. 0.],500,100,0.1,0.003,1,3,best,79,first
237,0.0013814347046099999,0.0013814347046099999,0.004768445207,[0.       0.       0.       0.       0.       0.       0.       0.       0.       0.       0.       0.       0.       0.       0.       0.       0.       0.       0.       0.       0.       0.       0.       0.       0.       0.989999 0.       0.01     0.       0.       0.      ],[0. 0. 0. 0. 0. 0. 0. 0. 0. 0. 0. 0. 0. 0. 0. 0. 0. 0. 0. 0. 0. 0. 0. 0. 0. 1. 0. 1. 0. 0. 0.],500,100,0.1,0.003,1,3,best,79,first
238,0.0013814347046099999,0.0013814347046099999,0.004768445207,[0.       0.       0.       0.       0.       0.       0.       0.       0.       0.       0.       0.       0.       0.       0.       0.       0.       0.       0.       0.       0.       0.       0.       0.       0.       0.989999 0.       0.01     0.       0.       0.      ],[0. 0. 0. 0. 0. 0. 0. 0. 0. 0. 0. 0. 0. 0. 0. 0. 0. 0. 0. 0. 0. 0. 0. 0. 0. 1. 0. 1. 0. 0. 0.],500,100,0.1,0.003,1,3,best,79,first
239,0.0013814347046099999,0.0013814347046099999,0.004768445207,[0.       0.       0.       0.       0.       0.       0.       0.       0.       0.       0.       0.       0.       0.       0.       0.       0.       0.       0.       0.       0.       0.       0.       0.       0.       0.989999 0.       0.01     0.       0.       0.      ],[0. 0. 0. 0. 0. 0. 0. 0. 0. 0. 0. 0. 0. 0. 0. 0. 0. 0. 0. 0. 0. 0. 0. 0. 0. 1. 0. 1. 0. 0. 0.],500,100,0.1,0.003,1,3,best,79,first
240,0.0013814347046099999,0.0013814347046099999,0.004768445207,[0.       0.       0.       0.       0.       0.       0.       0.       0.       0.       0.       0.       0.       0.       0.       0.       0.       0.       0.       0.       0.       0.       0.       0.       0.       0.989999 0.       0.01     0.       0.       0.      ],[0. 0. 0. 0. 0. 0. 0. 0. 0. 0. 0. 0. 0. 0. 0. 0. 0. 0. 0. 0. 0. 0. 0. 0. 0. 1. 0. 1. 0. 0. 0.],500,100,0.1,0.003,1,3,best,79,first
241,0.0013814347046099999,0.0013814347046099999,0.004768445207,[0.       0.       0.       0.       0.       0.       0.       0.       0.       0.       0.       0.       0.       0.       0.       0.       0.       0.       0.       0.       0.       0.       0.       0.       0.       0.989999 0.       0.01     0.       0.       0.      ],[0. 0. 0. 0. 0. 0. 0. 0. 0. 0. 0. 0. 0. 0. 0. 0. 0. 0. 0. 0. 0. 0. 0. 0. 0. 1. 0. 1. 0. 0. 0.],500,100,0.1,0.003,1,3,best,79,first
242,0.0013814347046099999,0.0013814347046099999,0.004768445207,[0.       0.       0.       0.       0.       0.       0.       0.       0.       0.       0.       0.       0.       0.       0.       0.       0.       0.       0.       0.       0.       0.       0.       0.       0.       0.989999 0.       0.01     0.       0.       0.      ],[0. 0. 0. 0. 0. 0. 0. 0. 0. 0. 0. 0. 0. 0. 0. 0. 0. 0. 0. 0. 0. 0. 0. 0. 0. 1. 0. 1. 0. 0. 0.],500,100,0.1,0.003,1,3,best,79,first
243,0.0013814347046099999,0.0013814347046099999,0.004768445207,[0.       0.       0.       0.       0.       0.       0.       0.       0.       0.       0.       0.       0.       0.       0.       0.       0.       0.       0.       0.       0.       0.       0.       0.       0.       0.989999 0.       0.01     0.       0.       0.      ],[0. 0. 0. 0. 0. 0. 0. 0. 0. 0. 0. 0. 0. 0. 0. 0. 0. 0. 0. 0. 0. 0. 0. 0. 0. 1. 0. 1. 0. 0. 0.],500,100,0.1,0.003,1,3,best,79,first
244,0.0013814347046099999,0.0013814347046099999,0.004768445207,[0.       0.       0.       0.       0.       0.       0.       0.       0.       0.       0.       0.       0.       0.       0.       0.       0.       0.       0.       0.       0.       0.       0.       0.       0.       0.989999 0.       0.01     0.       0.       0.      ],[0. 0. 0. 0. 0. 0. 0. 0. 0. 0. 0. 0. 0. 0. 0. 0. 0. 0. 0. 0. 0. 0. 0. 0. 0. 1. 0. 1. 0. 0. 0.],500,100,0.1,0.003,1,3,best,79,first
245,0.0013814347046099999,0.0013814347046099999,0.004768445207,[0.       0.       0.       0.       0.       0.       0.       0.       0.       0.       0.       0.       0.       0.       0.       0.       0.       0.       0.       0.       0.       0.       0.       0.       0.       0.989999 0.       0.01     0.       0.       0.      ],[0. 0. 0. 0. 0. 0. 0. 0. 0. 0. 0. 0. 0. 0. 0. 0. 0. 0. 0. 0. 0. 0. 0. 0. 0. 1. 0. 1. 0. 0. 0.],500,100,0.1,0.003,1,3,best,79,first
246,0.0013814347046099999,0.0013814347046099999,0.004768445207,[0.       0.       0.       0.       0.       0.       0.       0.       0.       0.       0.       0.       0.       0.       0.       0.       0.       0.       0.       0.       0.       0.       0.       0.       0.       0.989999 0.       0.01     0.       0.       0.      ],[0. 0. 0. 0. 0. 0. 0. 0. 0. 0. 0. 0. 0. 0. 0. 0. 0. 0. 0. 0. 0. 0. 0. 0. 0. 1. 0. 1. 0. 0. 0.],500,100,0.1,0.003,1,3,best,79,first
247,0.0013814347046099999,0.0013814347046099999,0.004768445207,[0.       0.       0.       0.       0.       0.       0.       0.       0.       0.       0.       0.       0.       0.       0.       0.       0.       0.       0.       0.       0.       0.       0.       0.       0.       0.989999 0.       0.01     0.       0.       0.      ],[0. 0. 0. 0. 0. 0. 0. 0. 0. 0. 0. 0. 0. 0. 0. 0. 0. 0. 0. 0. 0. 0. 0. 0. 0. 1. 0. 1. 0. 0. 0.],500,100,0.1,0.003,1,3,best,79,first
248,0.0013814347046099999,0.0013814347046099999,0.004768445207,[0.       0.       0.       0.       0.       0.       0.       0.       0.       0.       0.       0.       0.       0.       0.       0.       0.       0.       0.       0.       0.       0.       0.       0.       0.       0.989999 0.       0.01     0.       0.       0.      ],[0. 0. 0. 0. 0. 0. 0. 0. 0. 0. 0. 0. 0. 0. 0. 0. 0. 0. 0. 0. 0. 0. 0. 0. 0. 1. 0. 1. 0. 0. 0.],500,100,0.1,0.003,1,3,best,79,first
249,0.0013814347046099999,0.0013814347046099999,0.004768445207,[0.       0.       0.       0.       0.       0.       0.       0.       0.       0.       0.       0.       0.       0.       0.       0.       0.       0.       0.       0.       0.       0.       0.       0.       0.       0.989999 0.       0.01     0.       0.       0.      ],[0. 0. 0. 0. 0. 0. 0. 0. 0. 0. 0. 0. 0. 0. 0. 0. 0. 0. 0. 0. 0. 0. 0. 0. 0. 1. 0. 1. 0. 0. 0.],500,100,0.1,0.003,1,3,best,79,first
250,0.0013814347046099999,0.0013814347046099999,0.004768445207,[0.       0.       0.       0.       0.       0.       0.       0.       0.       0.       0.       0.       0.       0.       0.       0.       0.       0.       0.       0.       0.       0.       0.       0.       0.       0.989999 0.       0.01     0.       0.       0.      ],[0. 0. 0. 0. 0. 0. 0. 0. 0. 0. 0. 0. 0. 0. 0. 0. 0. 0. 0. 0. 0. 0. 0. 0. 0. 1. 0. 1. 0. 0. 0.],500,100,0.1,0.003,1,3,best,79,first
251,0.0013814347046099999,0.0013814347046099999,0.004768445207,[0.       0.       0.       0.       0.       0.       0.       0.       0.       0.       0.       0.       0.       0.       0.       0.       0.       0.       0.       0.       0.       0.       0.       0.       0.       0.989999 0.       0.01     0.       0.       0.      ],[0. 0. 0. 0. 0. 0. 0. 0. 0. 0. 0. 0. 0. 0. 0. 0. 0. 0. 0. 0. 0. 0. 0. 0. 0. 1. 0. 1. 0. 0. 0.],500,100,0.1,0.003,1,3,best,79,first
252,0.0013814347046099999,0.0013814347046099999,0.004768445207,[0.       0.       0.       0.       0.       0.       0.       0.       0.       0.       0.       0.       0.       0.       0.       0.       0.       0.       0.       0.       0.       0.       0.       0.       0.       0.989999 0.       0.01     0.       0.       0.      ],[0. 0. 0. 0. 0. 0. 0. 0. 0. 0. 0. 0. 0. 0. 0. 0. 0. 0. 0. 0. 0. 0. 0. 0. 0. 1. 0. 1. 0. 0. 0.],500,100,0.1,0.003,1,3,best,79,first
253,0.0013814347046099999,0.0013814347046099999,0.004768445207,[0.       0.       0.       0.       0.       0.       0.       0.       0.       0.       0.       0.       0.       0.       0.       0.       0.       0.       0.       0.       0.       0.       0.       0.       0.       0.989999 0.       0.01     0.       0.       0.      ],[0. 0. 0. 0. 0. 0. 0. 0. 0. 0. 0. 0. 0. 0. 0. 0. 0. 0. 0. 0. 0. 0. 0. 0. 0. 1. 0. 1. 0. 0. 0.],500,100,0.1,0.003,1,3,best,79,first
254,0.0013814347046099999,0.0013814347046099999,0.004768445207,[0.       0.       0.       0.       0.       0.       0.       0.       0.       0.       0.       0.       0.       0.       0.       0.       0.       0.       0.       0.       0.       0.       0.       0.       0.       0.989999 0.       0.01     0.       0.       0.      ],[0. 0. 0. 0. 0. 0. 0. 0. 0. 0. 0. 0. 0. 0. 0. 0. 0. 0. 0. 0. 0. 0. 0. 0. 0. 1. 0. 1. 0. 0. 0.],500,100,0.1,0.003,1,3,best,79,first
255,0.0013814347046099999,0.0013814347046099999,0.004768445207,[0.       0.       0.       0.       0.       0.       0.       0.       0.       0.       0.       0.       0.       0.       0.       0.       0.       0.       0.       0.       0.       0.       0.       0.       0.       0.989999 0.       0.01     0.       0.       0.      ],[0. 0. 0. 0. 0. 0. 0. 0. 0. 0. 0. 0. 0. 0. 0. 0. 0. 0. 0. 0. 0. 0. 0. 0. 0. 1. 0. 1. 0. 0. 0.],500,100,0.1,0.003,1,3,best,79,first
256,0.0013814347046099999,0.0013814347046099999,0.004768445207,[0.       0.       0.       0.       0.       0.       0.       0.       0.       0.       0.       0.       0.       0.       0.       0.       0.       0.       0.       0.       0.       0.       0.       0.       0.       0.989999 0.       0.01     0.       0.       0.      ],[0. 0. 0. 0. 0. 0. 0. 0. 0. 0. 0. 0. 0. 0. 0. 0. 0. 0. 0. 0. 0. 0. 0. 0. 0. 1. 0. 1. 0. 0. 0.],500,100,0.1,0.003,1,3,best,79,first
257,0.0013814347046099999,0.0013814347046099999,0.004768445207,[0.       0.       0.       0.       0.       0.       0.       0.       0.       0.       0.       0.       0.       0.       0.       0.       0.       0.       0.       0.       0.       0.       0.       0.       0.       0.989999 0.       0.01     0.       0.       0.      ],[0. 0. 0. 0. 0. 0. 0. 0. 0. 0. 0. 0. 0. 0. 0. 0. 0. 0. 0. 0. 0. 0. 0. 0. 0. 1. 0. 1. 0. 0. 0.],500,100,0.1,0.003,1,3,best,79,first
258,0.0013814347046099999,0.0013814347046099999,0.004768445207,[0.       0.       0.       0.       0.       0.       0.       0.       0.       0.       0.       0.       0.       0.       0.       0.       0.       0.       0.       0.       0.       0.       0.       0.       0.       0.989999 0.       0.01     0.       0.       0.      ],[0. 0. 0. 0. 0. 0. 0. 0. 0. 0. 0. 0. 0. 0. 0. 0. 0. 0. 0. 0. 0. 0. 0. 0. 0. 1. 0. 1. 0. 0. 0.],500,100,0.1,0.003,1,3,best,79,first
259,0.0013814347046099999,0.0013814347046099999,0.004768445207,[0.       0.       0.       0.       0.       0.       0.       0.       0.       0.       0.       0.       0.       0.       0.       0.       0.       0.       0.       0.       0.       0.       0.       0.       0.       0.989999 0.       0.01     0.       0.       0.      ],[0. 0. 0. 0. 0. 0. 0. 0. 0. 0. 0. 0. 0. 0. 0. 0. 0. 0. 0. 0. 0. 0. 0. 0. 0. 1. 0. 1. 0. 0. 0.],500,100,0.1,0.003,1,3,best,79,first
260,0.0013814347046099999,0.0013814347046099999,0.004768445207,[0.       0.       0.       0.       0.       0.       0.       0.       0.       0.       0.       0.       0.       0.       0.       0.       0.       0.       0.       0.       0.       0.       0.       0.       0.       0.989999 0.       0.01     0.       0.       0.      ],[0. 0. 0. 0. 0. 0. 0. 0. 0. 0. 0. 0. 0. 0. 0. 0. 0. 0. 0. 0. 0. 0. 0. 0. 0. 1. 0. 1. 0. 0. 0.],500,100,0.1,0.003,1,3,best,79,first
261,0.0013814347046099999,0.0013814347046099999,0.004768445207,[0.       0.       0.       0.       0.       0.       0.       0.       0.       0.       0.       0.       0.       0.       0.       0.       0.       0.       0.       0.       0.       0.       0.       0.       0.       0.989999 0.       0.01     0.       0.       0.      ],[0. 0. 0. 0. 0. 0. 0. 0. 0. 0. 0. 0. 0. 0. 0. 0. 0. 0. 0. 0. 0. 0. 0. 0. 0. 1. 0. 1. 0. 0. 0.],500,100,0.1,0.003,1,3,best,79,first
262,0.0013814347046099999,0.0013814347046099999,0.004768445207,[0.       0.       0.       0.       0.       0.       0.       0.       0.       0.       0.       0.       0.       0.       0.       0.       0.       0.       0.       0.       0.       0.       0.       0.       0.       0.989999 0.       0.01     0.       0.       0.      ],[0. 0. 0. 0. 0. 0. 0. 0. 0. 0. 0. 0. 0. 0. 0. 0. 0. 0. 0. 0. 0. 0. 0. 0. 0. 1. 0. 1. 0. 0. 0.],500,100,0.1,0.003,1,3,best,79,first
263,0.0013814347046099999,0.0013814347046099999,0.004768445207,[0.       0.       0.       0.       0.       0.       0.       0.       0.       0.       0.       0.       0.       0.       0.       0.       0.       0.       0.       0.       0.       0.       0.       0.       0.       0.989999 0.       0.01     0.       0.       0.      ],[0. 0. 0. 0. 0. 0. 0. 0. 0. 0. 0. 0. 0. 0. 0. 0. 0. 0. 0. 0. 0. 0. 0. 0. 0. 1. 0. 1. 0. 0. 0.],500,100,0.1,0.003,1,3,best,79,first
264,0.0013814347046099999,0.0013814347046099999,0.004768445207,[0.       0.       0.       0.       0.       0.       0.       0.       0.       0.       0.       0.       0.       0.       0.       0.       0.       0.       0.       0.       0.       0.       0.       0.       0.       0.989999 0.       0.01     0.       0.       0.      ],[0. 0. 0. 0. 0. 0. 0. 0. 0. 0. 0. 0. 0. 0. 0. 0. 0. 0. 0. 0. 0. 0. 0. 0. 0. 1. 0. 1. 0. 0. 0.],500,100,0.1,0.003,1,3,best,79,first
265,0.0013814347046099999,0.0013814347046099999,0.004768445207,[0.       0.       0.       0.       0.       0.       0.       0.       0.       0.       0.       0.       0.       0.       0.       0.       0.       0.       0.       0.       0.       0.       0.       0.       0.       0.989999 0.       0.01     0.       0.       0.      ],[0. 0. 0. 0. 0. 0. 0. 0. 0. 0. 0. 0. 0. 0. 0. 0. 0. 0. 0. 0. 0. 0. 0. 0. 0. 1. 0. 1. 0. 0. 0.],500,100,0.1,0.003,1,3,best,79,first
266,0.0013814347046099999,0.0013814347046099999,0.004768445207,[0.       0.       0.       0.       0.       0.       0.       0.       0.       0.       0.       0.       0.       0.       0.       0.       0.       0.       0.       0.       0.       0.       0.       0.       0.       0.989999 0.       0.01     0.       0.       0.      ],[0. 0. 0. 0. 0. 0. 0. 0. 0. 0. 0. 0. 0. 0. 0. 0. 0. 0. 0. 0. 0. 0. 0. 0. 0. 1. 0. 1. 0. 0. 0.],500,100,0.1,0.003,1,3,best,79,first
267,0.0013814347046099999,0.0013814347046099999,0.004768445207,[0.       0.       0.       0.       0.       0.       0.       0.       0.       0.       0.       0.       0.       0.       0.       0.       0.       0.       0.       0.       0.       0.       0.       0.       0.       0.989999 0.       0.01     0.       0.       0.      ],[0. 0. 0. 0. 0. 0. 0. 0. 0. 0. 0. 0. 0. 0. 0. 0. 0. 0. 0. 0. 0. 0. 0. 0. 0. 1. 0. 1. 0. 0. 0.],500,100,0.1,0.003,1,3,best,79,first
268,0.0013814347046099999,0.0013814347046099999,0.004768445207,[0.       0.       0.       0.       0.       0.       0.       0.       0.       0.       0.       0.       0.       0.       0.       0.       0.       0.       0.       0.       0.       0.       0.       0.       0.       0.989999 0.       0.01     0.       0.       0.      ],[0. 0. 0. 0. 0. 0. 0. 0. 0. 0. 0. 0. 0. 0. 0. 0. 0. 0. 0. 0. 0. 0. 0. 0. 0. 1. 0. 1. 0. 0. 0.],500,100,0.1,0.003,1,3,best,79,first
269,0.0013814347046099999,0.0013814347046099999,0.004768445207,[0.       0.       0.       0.       0.       0.       0.       0.       0.       0.       0.       0.       0.       0.       0.       0.       0.       0.       0.       0.       0.       0.       0.       0.       0.       0.989999 0.       0.01     0.       0.       0.      ],[0. 0. 0. 0. 0. 0. 0. 0. 0. 0. 0. 0. 0. 0. 0. 0. 0. 0. 0. 0. 0. 0. 0. 0. 0. 1. 0. 1. 0. 0. 0.],500,100,0.1,0.003,1,3,best,79,first
270,0.0013814347046099999,0.0013814347046099999,0.004768445207,[0.       0.       0.       0.       0.       0.       0.       0.       0.       0.       0.       0.       0.       0.       0.       0.       0.       0.       0.       0.       0.       0.       0.       0.       0.       0.989999 0.       0.01     0.       0.       0.      ],[0. 0. 0. 0. 0. 0. 0. 0. 0. 0. 0. 0. 0. 0. 0. 0. 0. 0. 0. 0. 0. 0. 0. 0. 0. 1. 0. 1. 0. 0. 0.],500,100,0.1,0.003,1,3,best,79,first
271,0.0013814347046099999,0.0013814347046099999,0.004768445207,[0.       0.       0.       0.       0.       0.       0.       0.       0.       0.       0.       0.       0.       0.       0.       0.       0.       0.       0.       0.       0.       0.       0.       0.       0.       0.989999 0.       0.01     0.       0.       0.      ],[0. 0. 0. 0. 0. 0. 0. 0. 0. 0. 0. 0. 0. 0. 0. 0. 0. 0. 0. 0. 0. 0. 0. 0. 0. 1. 0. 1. 0. 0. 0.],500,100,0.1,0.003,1,3,best,79,first
272,0.0013814347046099999,0.0013814347046099999,0.004768445207,[0.       0.       0.       0.       0.       0.       0.       0.       0.       0.       0.       0.       0.       0.       0.       0.       0.       0.       0.       0.       0.       0.       0.       0.       0.       0.989999 0.       0.01     0.       0.       0.      ],[0. 0. 0. 0. 0. 0. 0. 0. 0. 0. 0. 0. 0. 0. 0. 0. 0. 0. 0. 0. 0. 0. 0. 0. 0. 1. 0. 1. 0. 0. 0.],500,100,0.1,0.003,1,3,best,79,first
273,0.0013814347046099999,0.0013814347046099999,0.004768445207,[0.       0.       0.       0.       0.       0.       0.       0.       0.       0.       0.       0.       0.       0.       0.       0.       0.       0.       0.       0.       0.       0.       0.       0.       0.       0.989999 0.       0.01     0.       0.       0.      ],[0. 0. 0. 0. 0. 0. 0. 0. 0. 0. 0. 0. 0. 0. 0. 0. 0. 0. 0. 0. 0. 0. 0. 0. 0. 1. 0. 1. 0. 0. 0.],500,100,0.1,0.003,1,3,best,79,first
274,0.0013814347046099999,0.0013814347046099999,0.004768445207,[0.       0.       0.       0.       0.       0.       0.       0.       0.       0.       0.       0.       0.       0.       0.       0.       0.       0.       0.       0.       0.       0.       0.       0.       0.       0.989999 0.       0.01     0.       0.       0.      ],[0. 0. 0. 0. 0. 0. 0. 0. 0. 0. 0. 0. 0. 0. 0. 0. 0. 0. 0. 0. 0. 0. 0. 0. 0. 1. 0. 1. 0. 0. 0.],500,100,0.1,0.003,1,3,best,79,first
275,0.0013814347046099999,0.0013814347046099999,0.004768445207,[0.       0.       0.       0.       0.       0.       0.       0.       0.       0.       0.       0.       0.       0.       0.       0.       0.       0.       0.       0.       0.       0.       0.       0.       0.       0.989999 0.       0.01     0.       0.       0.      ],[0. 0. 0. 0. 0. 0. 0. 0. 0. 0. 0. 0. 0. 0. 0. 0. 0. 0. 0. 0. 0. 0. 0. 0. 0. 1. 0. 1. 0. 0. 0.],500,100,0.1,0.003,1,3,best,79,first
276,0.0013814347046099999,0.0013814347046099999,0.004768445207,[0.       0.       0.       0.       0.       0.       0.       0.       0.       0.       0.       0.       0.       0.       0.       0.       0.       0.       0.       0.       0.       0.       0.       0.       0.       0.989999 0.       0.01     0.       0.       0.      ],[0. 0. 0. 0. 0. 0. 0. 0. 0. 0. 0. 0. 0. 0. 0. 0. 0. 0. 0. 0. 0. 0. 0. 0. 0. 1. 0. 1. 0. 0. 0.],500,100,0.1,0.003,1,3,best,79,first
277,0.0013814347046099999,0.0013814347046099999,0.004768445207,[0.       0.       0.       0.       0.       0.       0.       0.       0.       0.       0.       0.       0.       0.       0.       0.       0.       0.       0.       0.       0.       0.       0.       0.       0.       0.989999 0.       0.01     0.       0.       0.      ],[0. 0. 0. 0. 0. 0. 0. 0. 0. 0. 0. 0. 0. 0. 0. 0. 0. 0. 0. 0. 0. 0. 0. 0. 0. 1. 0. 1. 0. 0. 0.],500,100,0.1,0.003,1,3,best,79,first
278,0.0013814347046099999,0.0013814347046099999,0.004768445207,[0.       0.       0.       0.       0.       0.       0.       0.       0.       0.       0.       0.       0.       0.       0.       0.       0.       0.       0.       0.       0.       0.       0.       0.       0.       0.989999 0.       0.01     0.       0.       0.      ],[0. 0. 0. 0. 0. 0. 0. 0. 0. 0. 0. 0. 0. 0. 0. 0. 0. 0. 0. 0. 0. 0. 0. 0. 0. 1. 0. 1. 0. 0. 0.],500,100,0.1,0.003,1,3,best,79,first
279,0.0013814347046099999,0.0013814347046099999,0.004768445207,[0.       0.       0.       0.       0.       0.       0.       0.       0.       0.       0.       0.       0.       0.       0.       0.       0.       0.       0.       0.       0.       0.       0.       0.       0.       0.989999 0.       0.01     0.       0.       0.      ],[0. 0. 0. 0. 0. 0. 0. 0. 0. 0. 0. 0. 0. 0. 0. 0. 0. 0. 0. 0. 0. 0. 0. 0. 0. 1. 0. 1. 0. 0. 0.],500,100,0.1,0.003,1,3,best,79,first
280,0.0013814347046099999,0.0013814347046099999,0.004768445207,[0.       0.       0.       0.       0.       0.       0.       0.       0.       0.       0.       0.       0.       0.       0.       0.       0.       0.       0.       0.       0.       0.       0.       0.       0.       0.989999 0.       0.01     0.       0.       0.      ],[0. 0. 0. 0. 0. 0. 0. 0. 0. 0. 0. 0. 0. 0. 0. 0. 0. 0. 0. 0. 0. 0. 0. 0. 0. 1. 0. 1. 0. 0. 0.],500,100,0.1,0.003,1,3,best,79,first
281,0.0013814347046099999,0.0013814347046099999,0.004768445207,[0.       0.       0.       0.       0.       0.       0.       0.       0.       0.       0.       0.       0.       0.       0.       0.       0.       0.       0.       0.       0.       0.       0.       0.       0.       0.989999 0.       0.01     0.       0.       0.      ],[0. 0. 0. 0. 0. 0. 0. 0. 0. 0. 0. 0. 0. 0. 0. 0. 0. 0. 0. 0. 0. 0. 0. 0. 0. 1. 0. 1. 0. 0. 0.],500,100,0.1,0.003,1,3,best,79,first
282,0.0013814347046099999,0.0013814347046099999,0.004768445207,[0.       0.       0.       0.       0.       0.       0.       0.       0.       0.       0.       0.       0.       0.       0.       0.       0.       0.       0.       0.       0.       0.       0.       0.       0.       0.989999 0.       0.01     0.       0.       0.      ],[0. 0. 0. 0. 0. 0. 0. 0. 0. 0. 0. 0. 0. 0. 0. 0. 0. 0. 0. 0. 0. 0. 0. 0. 0. 1. 0. 1. 0. 0. 0.],500,100,0.1,0.003,1,3,best,79,first
283,0.0013814347046099999,0.0013814347046099999,0.004768445207,[0.       0.       0.       0.       0.       0.       0.       0.       0.       0.       0.       0.       0.       0.       0.       0.       0.       0.       0.       0.       0.       0.       0.       0.       0.       0.989999 0.       0.01     0.       0.       0.      ],[0. 0. 0. 0. 0. 0. 0. 0. 0. 0. 0. 0. 0. 0. 0. 0. 0. 0. 0. 0. 0. 0. 0. 0. 0. 1. 0. 1. 0. 0. 0.],500,100,0.1,0.003,1,3,best,79,first
284,0.0013814347046099999,0.0013814347046099999,0.004768445207,[0.       0.       0.       0.       0.       0.       0.       0.       0.       0.       0.       0.       0.       0.       0.       0.       0.       0.       0.       0.       0.       0.       0.       0.       0.       0.989999 0.       0.01     0.       0.       0.      ],[0. 0. 0. 0. 0. 0. 0. 0. 0. 0. 0. 0. 0. 0. 0. 0. 0. 0. 0. 0. 0. 0. 0. 0. 0. 1. 0. 1. 0. 0. 0.],500,100,0.1,0.003,1,3,best,79,first
285,0.0013814347046099999,0.0013814347046099999,0.004768445207,[0.       0.       0.       0.       0.       0.       0.       0.       0.       0.       0.       0.       0.       0.       0.       0.       0.       0.       0.       0.       0.       0.       0.       0.       0.       0.989999 0.       0.01     0.       0.       0.      ],[0. 0. 0. 0. 0. 0. 0. 0. 0. 0. 0. 0. 0. 0. 0. 0. 0. 0. 0. 0. 0. 0. 0. 0. 0. 1. 0. 1. 0. 0. 0.],500,100,0.1,0.003,1,3,best,79,first
286,0.0013814347046099999,0.0013814347046099999,0.004768445207,[0.       0.       0.       0.       0.       0.       0.       0.       0.       0.       0.       0.       0.       0.       0.       0.       0.       0.       0.       0.       0.       0.       0.       0.       0.       0.989999 0.       0.01     0.       0.       0.      ],[0. 0. 0. 0. 0. 0. 0. 0. 0. 0. 0. 0. 0. 0. 0. 0. 0. 0. 0. 0. 0. 0. 0. 0. 0. 1. 0. 1. 0. 0. 0.],500,100,0.1,0.003,1,3,best,79,first
287,0.0013814347046099999,0.0013814347046099999,0.004768445207,[0.       0.       0.       0.       0.       0.       0.       0.       0.       0.       0.       0.       0.       0.       0.       0.       0.       0.       0.       0.       0.       0.       0.       0.       0.       0.989999 0.       0.01     0.       0.       0.      ],[0. 0. 0. 0. 0. 0. 0. 0. 0. 0. 0. 0. 0. 0. 0. 0. 0. 0. 0. 0. 0. 0. 0. 0. 0. 1. 0. 1. 0. 0. 0.],500,100,0.1,0.003,1,3,best,79,first
288,0.0013814347046099999,0.0013814347046099999,0.004768445207,[0.       0.       0.       0.       0.       0.       0.       0.       0.       0.       0.       0.       0.       0.       0.       0.       0.       0.       0.       0.       0.       0.       0.       0.       0.       0.989999 0.       0.01     0.       0.       0.      ],[0. 0. 0. 0. 0. 0. 0. 0. 0. 0. 0. 0. 0. 0. 0. 0. 0. 0. 0. 0. 0. 0. 0. 0. 0. 1. 0. 1. 0. 0. 0.],500,100,0.1,0.003,1,3,best,79,first
289,0.0013814347046099999,0.0013814347046099999,0.004768445207,[0.       0.       0.       0.       0.       0.       0.       0.       0.       0.       0.       0.       0.       0.       0.       0.       0.       0.       0.       0.       0.       0.       0.       0.       0.       0.989999 0.       0.01     0.       0.       0.      ],[0. 0. 0. 0. 0. 0. 0. 0. 0. 0. 0. 0. 0. 0. 0. 0. 0. 0. 0. 0. 0. 0. 0. 0. 0. 1. 0. 1. 0. 0. 0.],500,100,0.1,0.003,1,3,best,79,first
290,0.0013814347046099999,0.0013814347046099999,0.004768445207,[0.       0.       0.       0.       0.       0.       0.       0.       0.       0.       0.       0.       0.       0.       0.       0.       0.       0.       0.       0.       0.       0.       0.       0.       0.       0.989999 0.       0.01     0.       0.       0.      ],[0. 0. 0. 0. 0. 0. 0. 0. 0. 0. 0. 0. 0. 0. 0. 0. 0. 0. 0. 0. 0. 0. 0. 0. 0. 1. 0. 1. 0. 0. 0.],500,100,0.1,0.003,1,3,best,79,first
291,0.0013814347046099999,0.0013814347046099999,0.004768445207,[0.       0.       0.       0.       0.       0.       0.       0.       0.       0.       0.       0.       0.       0.       0.       0.       0.       0.       0.       0.       0.       0.       0.       0.       0.       0.989999 0.       0.01     0.       0.       0.      ],[0. 0. 0. 0. 0. 0. 0. 0. 0. 0. 0. 0. 0. 0. 0. 0. 0. 0. 0. 0. 0. 0. 0. 0. 0. 1. 0. 1. 0. 0. 0.],500,100,0.1,0.003,1,3,best,79,first
292,0.0013814347046099999,0.0013814347046099999,0.004768445207,[0.       0.       0.       0.       0.       0.       0.       0.       0.       0.       0.       0.       0.       0.       0.       0.       0.       0.       0.       0.       0.       0.       0.       0.       0.       0.989999 0.       0.01     0.       0.       0.      ],[0. 0. 0. 0. 0. 0. 0. 0. 0. 0. 0. 0. 0. 0. 0. 0. 0. 0. 0. 0. 0. 0. 0. 0. 0. 1. 0. 1. 0. 0. 0.],500,100,0.1,0.003,1,3,best,79,first
293,0.0013814347046099999,0.0013814347046099999,0.004768445207,[0.       0.       0.       0.       0.       0.       0.       0.       0.       0.       0.       0.       0.       0.       0.       0.       0.       0.       0.       0.       0.       0.       0.       0.       0.       0.989999 0.       0.01     0.       0.       0.      ],[0. 0. 0. 0. 0. 0. 0. 0. 0. 0. 0. 0. 0. 0. 0. 0. 0. 0. 0. 0. 0. 0. 0. 0. 0. 1. 0. 1. 0. 0. 0.],500,100,0.1,0.003,1,3,best,79,first
294,0.0013814347046099999,0.0013814347046099999,0.004768445207,[0.       0.       0.       0.       0.       0.       0.       0.       0.       0.       0.       0.       0.       0.       0.       0.       0.       0.       0.       0.       0.       0.       0.       0.       0.       0.989999 0.       0.01     0.       0.       0.      ],[0. 0. 0. 0. 0. 0. 0. 0. 0. 0. 0. 0. 0. 0. 0. 0. 0. 0. 0. 0. 0. 0. 0. 0. 0. 1. 0. 1. 0. 0. 0.],500,100,0.1,0.003,1,3,best,79,first
295,0.0013814347046099999,0.0013814347046099999,0.004768445207,[0.       0.       0.       0.       0.       0.       0.       0.       0.       0.       0.       0.       0.       0.       0.       0.       0.       0.       0.       0.       0.       0.       0.       0.       0.       0.989999 0.       0.01     0.       0.       0.      ],[0. 0. 0. 0. 0. 0. 0. 0. 0. 0. 0. 0. 0. 0. 0. 0. 0. 0. 0. 0. 0. 0. 0. 0. 0. 1. 0. 1. 0. 0. 0.],500,100,0.1,0.003,1,3,best,79,first
296,0.0013814347046099999,0.0013814347046099999,0.004768445207,[0.       0.       0.       0.       0.       0.       0.       0.       0.       0.       0.       0.       0.       0.       0.       0.       0.       0.       0.       0.       0.       0.       0.       0.       0.       0.989999 0.       0.01     0.       0.       0.      ],[0. 0. 0. 0. 0. 0. 0. 0. 0. 0. 0. 0. 0. 0. 0. 0. 0. 0. 0. 0. 0. 0. 0. 0. 0. 1. 0. 1. 0. 0. 0.],500,100,0.1,0.003,1,3,best,79,first
297,0.0013814347046099999,0.0013814347046099999,0.004768445207,[0.       0.       0.       0.       0.       0.       0.       0.       0.       0.       0.       0.       0.       0.       0.       0.       0.       0.       0.       0.       0.       0.       0.       0.       0.       0.989999 0.       0.01     0.       0.       0.      ],[0. 0. 0. 0. 0. 0. 0. 0. 0. 0. 0. 0. 0. 0. 0. 0. 0. 0. 0. 0. 0. 0. 0. 0. 0. 1. 0. 1. 0. 0. 0.],500,100,0.1,0.003,1,3,best,79,first
298,0.0013814347046099999,0.0013814347046099999,0.004768445207,[0.       0.       0.       0.       0.       0.       0.       0.       0.       0.       0.       0.       0.       0.       0.       0.       0.       0.       0.       0.       0.       0.       0.       0.       0.       0.989999 0.       0.01     0.       0.       0.      ],[0. 0. 0. 0. 0. 0. 0. 0. 0. 0. 0. 0. 0. 0. 0. 0. 0. 0. 0. 0. 0. 0. 0. 0. 0. 1. 0. 1. 0. 0. 0.],500,100,0.1,0.003,1,3,best,79,first
299,0.0013814347046099999,0.0013814347046099999,0.004768445207,[0.       0.       0.       0.       0.       0.       0.       0.       0.       0.       0.       0.       0.       0.       0.       0.       0.       0.       0.       0.       0.       0.       0.       0.       0.       0.989999 0.       0.01     0.       0.       0.      ],[0. 0. 0. 0. 0. 0. 0. 0. 0. 0. 0. 0. 0. 0. 0. 0. 0. 0. 0. 0. 0. 0. 0. 0. 0. 1. 0. 1. 0. 0. 0.],500,100,0.1,0.003,1,3,best,79,first
300,0.0013814347046099999,0.0013814347046099999,0.004768445207,[0.       0.       0.       0.       0.       0.       0.       0.       0.       0.       0.       0.       0.       0.       0.       0.       0.       0.       0.       0.       0.       0.       0.       0.       0.       0.989999 0.       0.01     0.       0.       0.      ],[0. 0. 0. 0. 0. 0. 0. 0. 0. 0. 0. 0. 0. 0. 0. 0. 0. 0. 0. 0. 0. 0. 0. 0. 0. 1. 0. 1. 0. 0. 0.],500,100,0.1,0.003,1,3,best,79,first
301,0.0013814347046099999,0.0013814347046099999,0.004768445207,[0.       0.       0.       0.       0.       0.       0.       0.       0.       0.       0.       0.       0.       0.       0.       0.       0.       0.       0.       0.       0.       0.       0.       0.       0.       0.989999 0.       0.01     0.       0.       0.      ],[0. 0. 0. 0. 0. 0. 0. 0. 0. 0. 0. 0. 0. 0. 0. 0. 0. 0. 0. 0. 0. 0. 0. 0. 0. 1. 0. 1. 0. 0. 0.],500,100,0.1,0.003,1,3,best,79,first
302,0.0013814347046099999,0.0013814347046099999,0.004768445207,[0.       0.       0.       0.       0.       0.       0.       0.       0.       0.       0.       0.       0.       0.       0.       0.       0.       0.       0.       0.       0.       0.       0.       0.       0.       0.989999 0.       0.01     0.       0.       0.      ],[0. 0. 0. 0. 0. 0. 0. 0. 0. 0. 0. 0. 0. 0. 0. 0. 0. 0. 0. 0. 0. 0. 0. 0. 0. 1. 0. 1. 0. 0. 0.],500,100,0.1,0.003,1,3,best,79,first
303,0.0013814347046099999,0.0013814347046099999,0.004768445207,[0.       0.       0.       0.       0.       0.       0.       0.       0.       0.       0.       0.       0.       0.       0.       0.       0.       0.       0.       0.       0.       0.       0.       0.       0.       0.989999 0.       0.01     0.       0.       0.      ],[0. 0. 0. 0. 0. 0. 0. 0. 0. 0. 0. 0. 0. 0. 0. 0. 0. 0. 0. 0. 0. 0. 0. 0. 0. 1. 0. 1. 0. 0. 0.],500,100,0.1,0.003,1,3,best,79,first
304,0.0013814347046099999,0.0013814347046099999,0.004768445207,[0.       0.       0.       0.       0.       0.       0.       0.       0.       0.       0.       0.       0.       0.       0.       0.       0.       0.       0.       0.       0.       0.       0.       0.       0.       0.989999 0.       0.01     0.       0.       0.      ],[0. 0. 0. 0. 0. 0. 0. 0. 0. 0. 0. 0. 0. 0. 0. 0. 0. 0. 0. 0. 0. 0. 0. 0. 0. 1. 0. 1. 0. 0. 0.],500,100,0.1,0.003,1,3,best,79,first
305,0.0013814347046099999,0.0013814347046099999,0.004768445207,[0.       0.       0.       0.       0.       0.       0.       0.       0.       0.       0.       0.       0.       0.       0.       0.       0.       0.       0.       0.       0.       0.       0.       0.       0.       0.989999 0.       0.01     0.       0.       0.      ],[0. 0. 0. 0. 0. 0. 0. 0. 0. 0. 0. 0. 0. 0. 0. 0. 0. 0. 0. 0. 0. 0. 0. 0. 0. 1. 0. 1. 0. 0. 0.],500,100,0.1,0.003,1,3,best,79,first
306,0.0013814347046099999,0.0013814347046099999,0.004768445207,[0.       0.       0.       0.       0.       0.       0.       0.       0.       0.       0.       0.       0.       0.       0.       0.       0.       0.       0.       0.       0.       0.       0.       0.       0.       0.989999 0.       0.01     0.       0.       0.      ],[0. 0. 0. 0. 0. 0. 0. 0. 0. 0. 0. 0. 0. 0. 0. 0. 0. 0. 0. 0. 0. 0. 0. 0. 0. 1. 0. 1. 0. 0. 0.],500,100,0.1,0.003,1,3,best,79,first
307,0.0013814347046099999,0.0013814347046099999,0.004768445207,[0.       0.       0.       0.       0.       0.       0.       0.       0.       0.       0.       0.       0.       0.       0.       0.       0.       0.       0.       0.       0.       0.       0.       0.       0.       0.989999 0.       0.01     0.       0.       0.      ],[0. 0. 0. 0. 0. 0. 0. 0. 0. 0. 0. 0. 0. 0. 0. 0. 0. 0. 0. 0. 0. 0. 0. 0. 0. 1. 0. 1. 0. 0. 0.],500,100,0.1,0.003,1,3,best,79,first
308,0.0013814347046099999,0.0013814347046099999,0.004768445207,[0.       0.       0.       0.       0.       0.       0.       0.       0.       0.       0.       0.       0.       0.       0.       0.       0.       0.       0.       0.       0.       0.       0.       0.       0.       0.989999 0.       0.01     0.       0.       0.      ],[0. 0. 0. 0. 0. 0. 0. 0. 0. 0. 0. 0. 0. 0. 0. 0. 0. 0. 0. 0. 0. 0. 0. 0. 0. 1. 0. 1. 0. 0. 0.],500,100,0.1,0.003,1,3,best,79,first
309,0.0013814347046099999,0.0013814347046099999,0.004768445207,[0.       0.       0.       0.       0.       0.       0.       0.       0.       0.       0.       0.       0.       0.       0.       0.       0.       0.       0.       0.       0.       0.       0.       0.       0.       0.989999 0.       0.01     0.       0.       0.      ],[0. 0. 0. 0. 0. 0. 0. 0. 0. 0. 0. 0. 0. 0. 0. 0. 0. 0. 0. 0. 0. 0. 0. 0. 0. 1. 0. 1. 0. 0. 0.],500,100,0.1,0.003,1,3,best,79,first
310,0.0013814347046099999,0.0013814347046099999,0.004768445207,[0.       0.       0.       0.       0.       0.       0.       0.       0.       0.       0.       0.       0.       0.       0.       0.       0.       0.       0.       0.       0.       0.       0.       0.       0.       0.989999 0.       0.01     0.       0.       0.      ],[0. 0. 0. 0. 0. 0. 0. 0. 0. 0. 0. 0. 0. 0. 0. 0. 0. 0. 0. 0. 0. 0. 0. 0. 0. 1. 0. 1. 0. 0. 0.],500,100,0.1,0.003,1,3,best,79,first
311,0.0013814347046099999,0.0013814347046099999,0.004768445207,[0.       0.       0.       0.       0.       0.       0.       0.       0.       0.       0.       0.       0.       0.       0.       0.       0.       0.       0.       0.       0.       0.       0.       0.       0.       0.989999 0.       0.01     0.       0.       0.      ],[0. 0. 0. 0. 0. 0. 0. 0. 0. 0. 0. 0. 0. 0. 0. 0. 0. 0. 0. 0. 0. 0. 0. 0. 0. 1. 0. 1. 0. 0. 0.],500,100,0.1,0.003,1,3,best,79,first
312,0.0013814347046099999,0.0013814347046099999,0.004768445207,[0.       0.       0.       0.       0.       0.       0.       0.       0.       0.       0.       0.       0.       0.       0.       0.       0.       0.       0.       0.       0.       0.       0.       0.       0.       0.989999 0.       0.01     0.       0.       0.      ],[0. 0. 0. 0. 0. 0. 0. 0. 0. 0. 0. 0. 0. 0. 0. 0. 0. 0. 0. 0. 0. 0. 0. 0. 0. 1. 0. 1. 0. 0. 0.],500,100,0.1,0.003,1,3,best,79,first
313,0.0013814347046099999,0.0013814347046099999,0.004768445207,[0.       0.       0.       0.       0.       0.       0.       0.       0.       0.       0.       0.       0.       0.       0.       0.       0.       0.       0.       0.       0.       0.       0.       0.       0.       0.989999 0.       0.01     0.       0.       0.      ],[0. 0. 0. 0. 0. 0. 0. 0. 0. 0. 0. 0. 0. 0. 0. 0. 0. 0. 0. 0. 0. 0. 0. 0. 0. 1. 0. 1. 0. 0. 0.],500,100,0.1,0.003,1,3,best,79,first
314,0.0013814347046099999,0.0013814347046099999,0.004768445207,[0.       0.       0.       0.       0.       0.       0.       0.       0.       0.       0.       0.       0.       0.       0.       0.       0.       0.       0.       0.       0.       0.       0.       0.       0.       0.989999 0.       0.01     0.       0.       0.      ],[0. 0. 0. 0. 0. 0. 0. 0. 0. 0. 0. 0. 0. 0. 0. 0. 0. 0. 0. 0. 0. 0. 0. 0. 0. 1. 0. 1. 0. 0. 0.],500,100,0.1,0.003,1,3,best,79,first
315,0.0013814347046099999,0.0013814347046099999,0.004768445207,[0.       0.       0.       0.       0.       0.       0.       0.       0.       0.       0.       0.       0.       0.       0.       0.       0.       0.       0.       0.       0.       0.       0.       0.       0.       0.989999 0.       0.01     0.       0.       0.      ],[0. 0. 0. 0. 0. 0. 0. 0. 0. 0. 0. 0. 0. 0. 0. 0. 0. 0. 0. 0. 0. 0. 0. 0. 0. 1. 0. 1. 0. 0. 0.],500,100,0.1,0.003,1,3,best,79,first
316,0.0013814347046099999,0.0013814347046099999,0.004768445207,[0.       0.       0.       0.       0.       0.       0.       0.       0.       0.       0.       0.       0.       0.       0.       0.       0.       0.       0.       0.       0.       0.       0.       0.       0.       0.989999 0.       0.01     0.       0.       0.      ],[0. 0. 0. 0. 0. 0. 0. 0. 0. 0. 0. 0. 0. 0. 0. 0. 0. 0. 0. 0. 0. 0. 0. 0. 0. 1. 0. 1. 0. 0. 0.],500,100,0.1,0.003,1,3,best,79,first
317,0.0013814347046099999,0.0013814347046099999,0.004768445207,[0.       0.       0.       0.       0.       0.       0.       0.       0.       0.       0.       0.       0.       0.       0.       0.       0.       0.       0.       0.       0.       0.       0.       0.       0.       0.989999 0.       0.01     0.       0.       0.      ],[0. 0. 0. 0. 0. 0. 0. 0. 0. 0. 0. 0. 0. 0. 0. 0. 0. 0. 0. 0. 0. 0. 0. 0. 0. 1. 0. 1. 0. 0. 0.],500,100,0.1,0.003,1,3,best,79,first
318,0.0013814347046099999,0.0013814347046099999,0.004768445207,[0.       0.       0.       0.       0.       0.       0.       0.       0.       0.       0.       0.       0.       0.       0.       0.       0.       0.       0.       0.       0.       0.       0.       0.       0.       0.989999 0.       0.01     0.       0.       0.      ],[0. 0. 0. 0. 0. 0. 0. 0. 0. 0. 0. 0. 0. 0. 0. 0. 0. 0. 0. 0. 0. 0. 0. 0. 0. 1. 0. 1. 0. 0. 0.],500,100,0.1,0.003,1,3,best,79,first
319,0.0013814347046099999,0.0013814347046099999,0.004768445207,[0.       0.       0.       0.       0.       0.       0.       0.       0.       0.       0.       0.       0.       0.       0.       0.       0.       0.       0.       0.       0.       0.       0.       0.       0.       0.989999 0.       0.01     0.       0.       0.      ],[0. 0. 0. 0. 0. 0. 0. 0. 0. 0. 0. 0. 0. 0. 0. 0. 0. 0. 0. 0. 0. 0. 0. 0. 0. 1. 0. 1. 0. 0. 0.],500,100,0.1,0.003,1,3,best,79,first
320,0.0013814347046099999,0.0013814347046099999,0.004768445207,[0.       0.       0.       0.       0.       0.       0.       0.       0.       0.       0.       0.       0.       0.       0.       0.       0.       0.       0.       0.       0.       0.       0.       0.       0.       0.989999 0.       0.01     0.       0.       0.      ],[0. 0. 0. 0. 0. 0. 0. 0. 0. 0. 0. 0. 0. 0. 0. 0. 0. 0. 0. 0. 0. 0. 0. 0. 0. 1. 0. 1. 0. 0. 0.],500,100,0.1,0.003,1,3,best,79,first
321,0.0013814347046099999,0.0013814347046099999,0.004768445207,[0.       0.       0.       0.       0.       0.       0.       0.       0.       0.       0.       0.       0.       0.       0.       0.       0.       0.       0.       0.       0.       0.       0.       0.       0.       0.989999 0.       0.01     0.       0.       0.      ],[0. 0. 0. 0. 0. 0. 0. 0. 0. 0. 0. 0. 0. 0. 0. 0. 0. 0. 0. 0. 0. 0. 0. 0. 0. 1. 0. 1. 0. 0. 0.],500,100,0.1,0.003,1,3,best,79,first
322,0.0013814347046099999,0.0013814347046099999,0.004768445207,[0.       0.       0.       0.       0.       0.       0.       0.       0.       0.       0.       0.       0.       0.       0.       0.       0.       0.       0.       0.       0.       0.       0.       0.       0.       0.989999 0.       0.01     0.       0.       0.      ],[0. 0. 0. 0. 0. 0. 0. 0. 0. 0. 0. 0. 0. 0. 0. 0. 0. 0. 0. 0. 0. 0. 0. 0. 0. 1. 0. 1. 0. 0. 0.],500,100,0.1,0.003,1,3,best,79,first
323,0.0013814347046099999,0.0013814347046099999,0.004768445207,[0.       0.       0.       0.       0.       0.       0.       0.       0.       0.       0.       0.       0.       0.       0.       0.       0.       0.       0.       0.       0.       0.       0.       0.       0.       0.989999 0.       0.01     0.       0.       0.      ],[0. 0. 0. 0. 0. 0. 0. 0. 0. 0. 0. 0. 0. 0. 0. 0. 0. 0. 0. 0. 0. 0. 0. 0. 0. 1. 0. 1. 0. 0. 0.],500,100,0.1,0.003,1,3,best,79,first
324,0.0013814347046099999,0.0013814347046099999,0.004768445207,[0.       0.       0.       0.       0.       0.       0.       0.       0.       0.       0.       0.       0.       0.       0.       0.       0.       0.       0.       0.       0.       0.       0.       0.       0.       0.989999 0.       0.01     0.       0.       0.      ],[0. 0. 0. 0. 0. 0. 0. 0. 0. 0. 0. 0. 0. 0. 0. 0. 0. 0. 0. 0. 0. 0. 0. 0. 0. 1. 0. 1. 0. 0. 0.],500,100,0.1,0.003,1,3,best,79,first
325,0.0013814347046099999,0.0013814347046099999,0.004768445207,[0.       0.       0.       0.       0.       0.       0.       0.       0.       0.       0.       0.       0.       0.       0.       0.       0.       0.       0.       0.       0.       0.       0.       0.       0.       0.989999 0.       0.01     0.       0.       0.      ],[0. 0. 0. 0. 0. 0. 0. 0. 0. 0. 0. 0. 0. 0. 0. 0. 0. 0. 0. 0. 0. 0. 0. 0. 0. 1. 0. 1. 0. 0. 0.],500,100,0.1,0.003,1,3,best,79,first
326,0.0013814347046099999,0.0013814347046099999,0.004768445207,[0.       0.       0.       0.       0.       0.       0.       0.       0.       0.       0.       0.       0.       0.       0.       0.       0.       0.       0.       0.       0.       0.       0.       0.       0.       0.989999 0.       0.01     0.       0.       0.      ],[0. 0. 0. 0. 0. 0. 0. 0. 0. 0. 0. 0. 0. 0. 0. 0. 0. 0. 0. 0. 0. 0. 0. 0. 0. 1. 0. 1. 0. 0. 0.],500,100,0.1,0.003,1,3,best,79,first
327,0.0013814347046099999,0.0013814347046099999,0.004768445207,[0.       0.       0.       0.       0.       0.       0.       0.       0.       0.       0.       0.       0.       0.       0.       0.       0.       0.       0.       0.       0.       0.       0.       0.       0.       0.989999 0.       0.01     0.       0.       0.      ],[0. 0. 0. 0. 0. 0. 0. 0. 0. 0. 0. 0. 0. 0. 0. 0. 0. 0. 0. 0. 0. 0. 0. 0. 0. 1. 0. 1. 0. 0. 0.],500,100,0.1,0.003,1,3,best,79,first
328,0.0013814347046099999,0.0013814347046099999,0.004768445207,[0.       0.       0.       0.       0.       0.       0.       0.       0.       0.       0.       0.       0.       0.       0.       0.       0.       0.       0.       0.       0.       0.       0.       0.       0.       0.989999 0.       0.01     0.       0.       0.      ],[0. 0. 0. 0. 0. 0. 0. 0. 0. 0. 0. 0. 0. 0. 0. 0. 0. 0. 0. 0. 0. 0. 0. 0. 0. 1. 0. 1. 0. 0. 0.],500,100,0.1,0.003,1,3,best,79,first
329,0.0013814347046099999,0.0013814347046099999,0.004768445207,[0.       0.       0.       0.       0.       0.       0.       0.       0.       0.       0.       0.       0.       0.       0.       0.       0.       0.       0.       0.       0.       0.       0.       0.       0.       0.989999 0.       0.01     0.       0.       0.      ],[0. 0. 0. 0. 0. 0. 0. 0. 0. 0. 0. 0. 0. 0. 0. 0. 0. 0. 0. 0. 0. 0. 0. 0. 0. 1. 0. 1. 0. 0. 0.],500,100,0.1,0.003,1,3,best,79,first
330,0.0013814347046099999,0.0013814347046099999,0.004768445207,[0.       0.       0.       0.       0.       0.       0.       0.       0.       0.       0.       0.       0.       0.       0.       0.       0.       0.       0.       0.       0.       0.       0.       0.       0.       0.989999 0.       0.01     0.       0.       0.      ],[0. 0. 0. 0. 0. 0. 0. 0. 0. 0. 0. 0. 0. 0. 0. 0. 0. 0. 0. 0. 0. 0. 0. 0. 0. 1. 0. 1. 0. 0. 0.],500,100,0.1,0.003,1,3,best,79,first
331,0.0013814347046099999,0.0013814347046099999,0.004768445207,[0.       0.       0.       0.       0.       0.       0.       0.       0.       0.       0.       0.       0.       0.       0.       0.       0.       0.       0.       0.       0.       0.       0.       0.       0.       0.989999 0.       0.01     0.       0.       0.      ],[0. 0. 0. 0. 0. 0. 0. 0. 0. 0. 0. 0. 0. 0. 0. 0. 0. 0. 0. 0. 0. 0. 0. 0. 0. 1. 0. 1. 0. 0. 0.],500,100,0.1,0.003,1,3,best,79,first
332,0.0013814347046099999,0.0013814347046099999,0.004768445207,[0.       0.       0.       0.       0.       0.       0.       0.       0.       0.       0.       0.       0.       0.       0.       0.       0.       0.       0.       0.       0.       0.       0.       0.       0.       0.989999 0.       0.01     0.       0.       0.      ],[0. 0. 0. 0. 0. 0. 0. 0. 0. 0. 0. 0. 0. 0. 0. 0. 0. 0. 0. 0. 0. 0. 0. 0. 0. 1. 0. 1. 0. 0. 0.],500,100,0.1,0.003,1,3,best,79,first
333,0.0013814347046099999,0.0013814347046099999,0.004768445207,[0.       0.       0.       0.       0.       0.       0.       0.       0.       0.       0.       0.       0.       0.       0.       0.       0.       0.       0.       0.       0.       0.       0.       0.       0.       0.989999 0.       0.01     0.       0.       0.      ],[0. 0. 0. 0. 0. 0. 0. 0. 0. 0. 0. 0. 0. 0. 0. 0. 0. 0. 0. 0. 0. 0. 0. 0. 0. 1. 0. 1. 0. 0. 0.],500,100,0.1,0.003,1,3,best,79,first
334,0.0013814347046099999,0.0013814347046099999,0.004768445207,[0.       0.       0.       0.       0.       0.       0.       0.       0.       0.       0.       0.       0.       0.       0.       0.       0.       0.       0.       0.       0.       0.       0.       0.       0.       0.989999 0.       0.01     0.       0.       0.      ],[0. 0. 0. 0. 0. 0. 0. 0. 0. 0. 0. 0. 0. 0. 0. 0. 0. 0. 0. 0. 0. 0. 0. 0. 0. 1. 0. 1. 0. 0. 0.],500,100,0.1,0.003,1,3,best,79,first
335,0.0013814347046099999,0.0013814347046099999,0.004768445207,[0.       0.       0.       0.       0.       0.       0.       0.       0.       0.       0.       0.       0.       0.       0.       0.       0.       0.       0.       0.       0.       0.       0.       0.       0.       0.989999 0.       0.01     0.       0.       0.      ],[0. 0. 0. 0. 0. 0. 0. 0. 0. 0. 0. 0. 0. 0. 0. 0. 0. 0. 0. 0. 0. 0. 0. 0. 0. 1. 0. 1. 0. 0. 0.],500,100,0.1,0.003,1,3,best,79,first
336,0.0013814347046099999,0.0013814347046099999,0.004768445207,[0.       0.       0.       0.       0.       0.       0.       0.       0.       0.       0.       0.       0.       0.       0.       0.       0.       0.       0.       0.       0.       0.       0.       0.       0.       0.989999 0.       0.01     0.       0.       0.      ],[0. 0. 0. 0. 0. 0. 0. 0. 0. 0. 0. 0. 0. 0. 0. 0. 0. 0. 0. 0. 0. 0. 0. 0. 0. 1. 0. 1. 0. 0. 0.],500,100,0.1,0.003,1,3,best,79,first
337,0.0013814347046099999,0.0013814347046099999,0.004768445207,[0.       0.       0.       0.       0.       0.       0.       0.       0.       0.       0.       0.       0.       0.       0.       0.       0.       0.       0.       0.       0.       0.       0.       0.       0.       0.989999 0.       0.01     0.       0.       0.      ],[0. 0. 0. 0. 0. 0. 0. 0. 0. 0. 0. 0. 0. 0. 0. 0. 0. 0. 0. 0. 0. 0. 0. 0. 0. 1. 0. 1. 0. 0. 0.],500,100,0.1,0.003,1,3,best,79,first
338,0.0013814347046099999,0.0013814347046099999,0.004768445207,[0.       0.       0.       0.       0.       0.       0.       0.       0.       0.       0.       0.       0.       0.       0.       0.       0.       0.       0.       0.       0.       0.       0.       0.       0.       0.989999 0.       0.01     0.       0.       0.      ],[0. 0. 0. 0. 0. 0. 0. 0. 0. 0. 0. 0. 0. 0. 0. 0. 0. 0. 0. 0. 0. 0. 0. 0. 0. 1. 0. 1. 0. 0. 0.],500,100,0.1,0.003,1,3,best,79,first
339,0.0013814347046099999,0.0013814347046099999,0.004768445207,[0.       0.       0.       0.       0.       0.       0.       0.       0.       0.       0.       0.       0.       0.       0.       0.       0.       0.       0.       0.       0.       0.       0.       0.       0.       0.989999 0.       0.01     0.       0.       0.      ],[0. 0. 0. 0. 0. 0. 0. 0. 0. 0. 0. 0. 0. 0. 0. 0. 0. 0. 0. 0. 0. 0. 0. 0. 0. 1. 0. 1. 0. 0. 0.],500,100,0.1,0.003,1,3,best,79,first
340,0.0013814347046099999,0.0013814347046099999,0.004768445207,[0.       0.       0.       0.       0.       0.       0.       0.       0.       0.       0.       0.       0.       0.       0.       0.       0.       0.       0.       0.       0.       0.       0.       0.       0.       0.989999 0.       0.01     0.       0.       0.      ],[0. 0. 0. 0. 0. 0. 0. 0. 0. 0. 0. 0. 0. 0. 0. 0. 0. 0. 0. 0. 0. 0. 0. 0. 0. 1. 0. 1. 0. 0. 0.],500,100,0.1,0.003,1,3,best,79,first
341,0.0013814347046099999,0.0013814347046099999,0.004768445207,[0.       0.       0.       0.       0.       0.       0.       0.       0.       0.       0.       0.       0.       0.       0.       0.       0.       0.       0.       0.       0.       0.       0.       0.       0.       0.989999 0.       0.01     0.       0.       0.      ],[0. 0. 0. 0. 0. 0. 0. 0. 0. 0. 0. 0. 0. 0. 0. 0. 0. 0. 0. 0. 0. 0. 0. 0. 0. 1. 0. 1. 0. 0. 0.],500,100,0.1,0.003,1,3,best,79,first
342,0.0013814347046099999,0.0013814347046099999,0.004768445207,[0.       0.       0.       0.       0.       0.       0.       0.       0.       0.       0.       0.       0.       0.       0.       0.       0.       0.       0.       0.       0.       0.       0.       0.       0.       0.989999 0.       0.01     0.       0.       0.      ],[0. 0. 0. 0. 0. 0. 0. 0. 0. 0. 0. 0. 0. 0. 0. 0. 0. 0. 0. 0. 0. 0. 0. 0. 0. 1. 0. 1. 0. 0. 0.],500,100,0.1,0.003,1,3,best,79,first
343,0.0013814347046099999,0.0013814347046099999,0.004768445207,[0.       0.       0.       0.       0.       0.       0.       0.       0.       0.       0.       0.       0.       0.       0.       0.       0.       0.       0.       0.       0.       0.       0.       0.       0.       0.989999 0.       0.01     0.       0.       0.      ],[0. 0. 0. 0. 0. 0. 0. 0. 0. 0. 0. 0. 0. 0. 0. 0. 0. 0. 0. 0. 0. 0. 0. 0. 0. 1. 0. 1. 0. 0. 0.],500,100,0.1,0.003,1,3,best,79,first
344,0.0013814347046099999,0.0013814347046099999,0.004768445207,[0.       0.       0.       0.       0.       0.       0.       0.       0.       0.       0.       0.       0.       0.       0.       0.       0.       0.       0.       0.       0.       0.       0.       0.       0.       0.989999 0.       0.01     0.       0.       0.      ],[0. 0. 0. 0. 0. 0. 0. 0. 0. 0. 0. 0. 0. 0. 0. 0. 0. 0. 0. 0. 0. 0. 0. 0. 0. 1. 0. 1. 0. 0. 0.],500,100,0.1,0.003,1,3,best,79,first
345,0.0013814347046099999,0.0013814347046099999,0.004768445207,[0.       0.       0.       0.       0.       0.       0.       0.       0.       0.       0.       0.       0.       0.       0.       0.       0.       0.       0.       0.       0.       0.       0.       0.       0.       0.989999 0.       0.01     0.       0.       0.      ],[0. 0. 0. 0. 0. 0. 0. 0. 0. 0. 0. 0. 0. 0. 0. 0. 0. 0. 0. 0. 0. 0. 0. 0. 0. 1. 0. 1. 0. 0. 0.],500,100,0.1,0.003,1,3,best,79,first
346,0.0013814347046099999,0.0013814347046099999,0.004768445207,[0.       0.       0.       0.       0.       0.       0.       0.       0.       0.       0.       0.       0.       0.       0.       0.       0.       0.       0.       0.       0.       0.       0.       0.       0.       0.989999 0.       0.01     0.       0.       0.      ],[0. 0. 0. 0. 0. 0. 0. 0. 0. 0. 0. 0. 0. 0. 0. 0. 0. 0. 0. 0. 0. 0. 0. 0. 0. 1. 0. 1. 0. 0. 0.],500,100,0.1,0.003,1,3,best,79,first
347,0.0013814347046099999,0.0013814347046099999,0.004768445207,[0.       0.       0.       0.       0.       0.       0.       0.       0.       0.       0.       0.       0.       0.       0.       0.       0.       0.       0.       0.       0.       0.       0.       0.       0.       0.989999 0.       0.01     0.       0.       0.      ],[0. 0. 0. 0. 0. 0. 0. 0. 0. 0. 0. 0. 0. 0. 0. 0. 0. 0. 0. 0. 0. 0. 0. 0. 0. 1. 0. 1. 0. 0. 0.],500,100,0.1,0.003,1,3,best,79,first
348,0.0013814347046099999,0.0013814347046099999,0.004768445207,[0.       0.       0.       0.       0.       0.       0.       0.       0.       0.       0.       0.       0.       0.       0.       0.       0.       0.       0.       0.       0.       0.       0.       0.       0.       0.989999 0.       0.01     0.       0.       0.      ],[0. 0. 0. 0. 0. 0. 0. 0. 0. 0. 0. 0. 0. 0. 0. 0. 0. 0. 0. 0. 0. 0. 0. 0. 0. 1. 0. 1. 0. 0. 0.],500,100,0.1,0.003,1,3,best,79,first
349,0.0013814347046099999,0.0013814347046099999,0.004768445207,[0.       0.       0.       0.       0.       0.       0.       0.       0.       0.       0.       0.       0.       0.       0.       0.       0.       0.       0.       0.       0.       0.       0.       0.       0.       0.989999 0.       0.01     0.       0.       0.      ],[0. 0. 0. 0. 0. 0. 0. 0. 0. 0. 0. 0. 0. 0. 0. 0. 0. 0. 0. 0. 0. 0. 0. 0. 0. 1. 0. 1. 0. 0. 0.],500,100,0.1,0.003,1,3,best,79,first
350,0.0013814347046099999,0.0013814347046099999,0.004768445207,[0.       0.       0.       0.       0.       0.       0.       0.       0.       0.       0.       0.       0.       0.       0.       0.       0.       0.       0.       0.       0.       0.       0.       0.       0.       0.989999 0.       0.01     0.       0.       0.      ],[0. 0. 0. 0. 0. 0. 0. 0. 0. 0. 0. 0. 0. 0. 0. 0. 0. 0. 0. 0. 0. 0. 0. 0. 0. 1. 0. 1. 0. 0. 0.],500,100,0.1,0.003,1,3,best,79,first
351,0.0013814347046099999,0.0013814347046099999,0.004768445207,[0.       0.       0.       0.       0.       0.       0.       0.       0.       0.       0.       0.       0.       0.       0.       0.       0.       0.       0.       0.       0.       0.       0.       0.       0.       0.989999 0.       0.01     0.       0.       0.      ],[0. 0. 0. 0. 0. 0. 0. 0. 0. 0. 0. 0. 0. 0. 0. 0. 0. 0. 0. 0. 0. 0. 0. 0. 0. 1. 0. 1. 0. 0. 0.],500,100,0.1,0.003,1,3,best,79,first
352,0.0013814347046099999,0.0013814347046099999,0.004768445207,[0.       0.       0.       0.       0.       0.       0.       0.       0.       0.       0.       0.       0.       0.       0.       0.       0.       0.       0.       0.       0.       0.       0.       0.       0.       0.989999 0.       0.01     0.       0.       0.      ],[0. 0. 0. 0. 0. 0. 0. 0. 0. 0. 0. 0. 0. 0. 0. 0. 0. 0. 0. 0. 0. 0. 0. 0. 0. 1. 0. 1. 0. 0. 0.],500,100,0.1,0.003,1,3,best,79,first
353,0.0013814347046099999,0.0013814347046099999,0.004768445207,[0.       0.       0.       0.       0.       0.       0.       0.       0.       0.       0.       0.       0.       0.       0.       0.       0.       0.       0.       0.       0.       0.       0.       0.       0.       0.989999 0.       0.01     0.       0.       0.      ],[0. 0. 0. 0. 0. 0. 0. 0. 0. 0. 0. 0. 0. 0. 0. 0. 0. 0. 0. 0. 0. 0. 0. 0. 0. 1. 0. 1. 0. 0. 0.],500,100,0.1,0.003,1,3,best,79,first
354,0.0013814347046099999,0.0013814347046099999,0.004768445207,[0.       0.       0.       0.       0.       0.       0.       0.       0.       0.       0.       0.       0.       0.       0.       0.       0.       0.       0.       0.       0.       0.       0.       0.       0.       0.989999 0.       0.01     0.       0.       0.      ],[0. 0. 0. 0. 0. 0. 0. 0. 0. 0. 0. 0. 0. 0. 0. 0. 0. 0. 0. 0. 0. 0. 0. 0. 0. 1. 0. 1. 0. 0. 0.],500,100,0.1,0.003,1,3,best,79,first
355,0.0013814347046099999,0.0013814347046099999,0.004768445207,[0.       0.       0.       0.       0.       0.       0.       0.       0.       0.       0.       0.       0.       0.       0.       0.       0.       0.       0.       0.       0.       0.       0.       0.       0.       0.989999 0.       0.01     0.       0.       0.      ],[0. 0. 0. 0. 0. 0. 0. 0. 0. 0. 0. 0. 0. 0. 0. 0. 0. 0. 0. 0. 0. 0. 0. 0. 0. 1. 0. 1. 0. 0. 0.],500,100,0.1,0.003,1,3,best,79,first
356,0.0013814347046099999,0.0013814347046099999,0.004768445207,[0.       0.       0.       0.       0.       0.       0.       0.       0.       0.       0.       0.       0.       0.       0.       0.       0.       0.       0.       0.       0.       0.       0.       0.       0.       0.989999 0.       0.01     0.       0.       0.      ],[0. 0. 0. 0. 0. 0. 0. 0. 0. 0. 0. 0. 0. 0. 0. 0. 0. 0. 0. 0. 0. 0. 0. 0. 0. 1. 0. 1. 0. 0. 0.],500,100,0.1,0.003,1,3,best,79,first
357,0.0013814347046099999,0.0013814347046099999,0.004768445207,[0.       0.       0.       0.       0.       0.       0.       0.       0.       0.       0.       0.       0.       0.       0.       0.       0.       0.       0.       0.       0.       0.       0.       0.       0.       0.989999 0.       0.01     0.       0.       0.      ],[0. 0. 0. 0. 0. 0. 0. 0. 0. 0. 0. 0. 0. 0. 0. 0. 0. 0. 0. 0. 0. 0. 0. 0. 0. 1. 0. 1. 0. 0. 0.],500,100,0.1,0.003,1,3,best,79,first
358,0.0013814347046099999,0.0013814347046099999,0.004768445207,[0.       0.       0.       0.       0.       0.       0.       0.       0.       0.       0.       0.       0.       0.       0.       0.       0.       0.       0.       0.       0.       0.       0.       0.       0.       0.989999 0.       0.01     0.       0.       0.      ],[0. 0. 0. 0. 0. 0. 0. 0. 0. 0. 0. 0. 0. 0. 0. 0. 0. 0. 0. 0. 0. 0. 0. 0. 0. 1. 0. 1. 0. 0. 0.],500,100,0.1,0.003,1,3,best,79,first
359,0.0013814347046099999,0.0013814347046099999,0.004768445207,[0.       0.       0.       0.       0.       0.       0.       0.       0.       0.       0.       0.       0.       0.       0.       0.       0.       0.       0.       0.       0.       0.       0.       0.       0.       0.989999 0.       0.01     0.       0.       0.      ],[0. 0. 0. 0. 0. 0. 0. 0. 0. 0. 0. 0. 0. 0. 0. 0. 0. 0. 0. 0. 0. 0. 0. 0. 0. 1. 0. 1. 0. 0. 0.],500,100,0.1,0.003,1,3,best,79,first
360,0.0013814347046099999,0.0013814347046099999,0.004768445207,[0.       0.       0.       0.       0.       0.       0.       0.       0.       0.       0.       0.       0.       0.       0.       0.       0.       0.       0.       0.       0.       0.       0.       0.       0.       0.989999 0.       0.01     0.       0.       0.      ],[0. 0. 0. 0. 0. 0. 0. 0. 0. 0. 0. 0. 0. 0. 0. 0. 0. 0. 0. 0. 0. 0. 0. 0. 0. 1. 0. 1. 0. 0. 0.],500,100,0.1,0.003,1,3,best,79,first
361,0.0013814347046099999,0.0013814347046099999,0.004768445207,[0.       0.       0.       0.       0.       0.       0.       0.       0.       0.       0.       0.       0.       0.       0.       0.       0.       0.       0.       0.       0.       0.       0.       0.       0.       0.989999 0.       0.01     0.       0.       0.      ],[0. 0. 0. 0. 0. 0. 0. 0. 0. 0. 0. 0. 0. 0. 0. 0. 0. 0. 0. 0. 0. 0. 0. 0. 0. 1. 0. 1. 0. 0. 0.],500,100,0.1,0.003,1,3,best,79,first
362,0.0013814347046099999,0.0013814347046099999,0.004768445207,[0.       0.       0.       0.       0.       0.       0.       0.       0.       0.       0.       0.       0.       0.       0.       0.       0.       0.       0.       0.       0.       0.       0.       0.       0.       0.989999 0.       0.01     0.       0.       0.      ],[0. 0. 0. 0. 0. 0. 0. 0. 0. 0. 0. 0. 0. 0. 0. 0. 0. 0. 0. 0. 0. 0. 0. 0. 0. 1. 0. 1. 0. 0. 0.],500,100,0.1,0.003,1,3,best,79,first
363,0.0013814347046099999,0.0013814347046099999,0.004768445207,[0.       0.       0.       0.       0.       0.       0.       0.       0.       0.       0.       0.       0.       0.       0.       0.       0.       0.       0.       0.       0.       0.       0.       0.       0.       0.989999 0.       0.01     0.       0.       0.      ],[0. 0. 0. 0. 0. 0. 0. 0. 0. 0. 0. 0. 0. 0. 0. 0. 0. 0. 0. 0. 0. 0. 0. 0. 0. 1. 0. 1. 0. 0. 0.],500,100,0.1,0.003,1,3,best,79,first
364,0.0013814347046099999,0.0013814347046099999,0.004768445207,[0.       0.       0.       0.       0.       0.       0.       0.       0.       0.       0.       0.       0.       0.       0.       0.       0.       0.       0.       0.       0.       0.       0.       0.       0.       0.989999 0.       0.01     0.       0.       0.      ],[0. 0. 0. 0. 0. 0. 0. 0. 0. 0. 0. 0. 0. 0. 0. 0. 0. 0. 0. 0. 0. 0. 0. 0. 0. 1. 0. 1. 0. 0. 0.],500,100,0.1,0.003,1,3,best,79,first
365,0.0013814347046099999,0.0013814347046099999,0.004768445207,[0.       0.       0.       0.       0.       0.       0.       0.       0.       0.       0.       0.       0.       0.       0.       0.       0.       0.       0.       0.       0.       0.       0.       0.       0.       0.989999 0.       0.01     0.       0.       0.      ],[0. 0. 0. 0. 0. 0. 0. 0. 0. 0. 0. 0. 0. 0. 0. 0. 0. 0. 0. 0. 0. 0. 0. 0. 0. 1. 0. 1. 0. 0. 0.],500,100,0.1,0.003,1,3,best,79,first
366,0.0013814347046099999,0.0013814347046099999,0.004768445207,[0.       0.       0.       0.       0.       0.       0.       0.       0.       0.       0.       0.       0.       0.       0.       0.       0.       0.       0.       0.       0.       0.       0.       0.       0.       0.989999 0.       0.01     0.       0.       0.      ],[0. 0. 0. 0. 0. 0. 0. 0. 0. 0. 0. 0. 0. 0. 0. 0. 0. 0. 0. 0. 0. 0. 0. 0. 0. 1. 0. 1. 0. 0. 0.],500,100,0.1,0.003,1,3,best,79,first
367,0.0013814347046099999,0.0013814347046099999,0.004768445207,[0.       0.       0.       0.       0.       0.       0.       0.       0.       0.       0.       0.       0.       0.       0.       0.       0.       0.       0.       0.       0.       0.       0.       0.       0.       0.989999 0.       0.01     0.       0.       0.      ],[0. 0. 0. 0. 0. 0. 0. 0. 0. 0. 0. 0. 0. 0. 0. 0. 0. 0. 0. 0. 0. 0. 0. 0. 0. 1. 0. 1. 0. 0. 0.],500,100,0.1,0.003,1,3,best,79,first
368,0.0013814347046099999,0.0013814347046099999,0.004768445207,[0.       0.       0.       0.       0.       0.       0.       0.       0.       0.       0.       0.       0.       0.       0.       0.       0.       0.       0.       0.       0.       0.       0.       0.       0.       0.989999 0.       0.01     0.       0.       0.      ],[0. 0. 0. 0. 0. 0. 0. 0. 0. 0. 0. 0. 0. 0. 0. 0. 0. 0. 0. 0. 0. 0. 0. 0. 0. 1. 0. 1. 0. 0. 0.],500,100,0.1,0.003,1,3,best,79,first
369,0.0013814347046099999,0.0013814347046099999,0.004768445207,[0.       0.       0.       0.       0.       0.       0.       0.       0.       0.       0.       0.       0.       0.       0.       0.       0.       0.       0.       0.       0.       0.       0.       0.       0.       0.989999 0.       0.01     0.       0.       0.      ],[0. 0. 0. 0. 0. 0. 0. 0. 0. 0. 0. 0. 0. 0. 0. 0. 0. 0. 0. 0. 0. 0. 0. 0. 0. 1. 0. 1. 0. 0. 0.],500,100,0.1,0.003,1,3,best,79,first
370,0.0013814347046099999,0.0013814347046099999,0.004768445207,[0.       0.       0.       0.       0.       0.       0.       0.       0.       0.       0.       0.       0.       0.       0.       0.       0.       0.       0.       0.       0.       0.       0.       0.       0.       0.989999 0.       0.01     0.       0.       0.      ],[0. 0. 0. 0. 0. 0. 0. 0. 0. 0. 0. 0. 0. 0. 0. 0. 0. 0. 0. 0. 0. 0. 0. 0. 0. 1. 0. 1. 0. 0. 0.],500,100,0.1,0.003,1,3,best,79,first
371,0.0013814347046099999,0.0013814347046099999,0.004768445207,[0.       0.       0.       0.       0.       0.       0.       0.       0.       0.       0.       0.       0.       0.       0.       0.       0.       0.       0.       0.       0.       0.       0.       0.       0.       0.989999 0.       0.01     0.       0.       0.      ],[0. 0. 0. 0. 0. 0. 0. 0. 0. 0. 0. 0. 0. 0. 0. 0. 0. 0. 0. 0. 0. 0. 0. 0. 0. 1. 0. 1. 0. 0. 0.],500,100,0.1,0.003,1,3,best,79,first
372,0.0013814347046099999,0.0013814347046099999,0.004768445207,[0.       0.       0.       0.       0.       0.       0.       0.       0.       0.       0.       0.       0.       0.       0.       0.       0.       0.       0.       0.       0.       0.       0.       0.       0.       0.989999 0.       0.01     0.       0.       0.      ],[0. 0. 0. 0. 0. 0. 0. 0. 0. 0. 0. 0. 0. 0. 0. 0. 0. 0. 0. 0. 0. 0. 0. 0. 0. 1. 0. 1. 0. 0. 0.],500,100,0.1,0.003,1,3,best,79,first
373,0.0013814347046099999,0.0013814347046099999,0.004768445207,[0.       0.       0.       0.       0.       0.       0.       0.       0.       0.       0.       0.       0.       0.       0.       0.       0.       0.       0.       0.       0.       0.       0.       0.       0.       0.989999 0.       0.01     0.       0.       0.      ],[0. 0. 0. 0. 0. 0. 0. 0. 0. 0. 0. 0. 0. 0. 0. 0. 0. 0. 0. 0. 0. 0. 0. 0. 0. 1. 0. 1. 0. 0. 0.],500,100,0.1,0.003,1,3,best,79,first
374,0.0013814347046099999,0.0013814347046099999,0.004768445207,[0.       0.       0.       0.       0.       0.       0.       0.       0.       0.       0.       0.       0.       0.       0.       0.       0.       0.       0.       0.       0.       0.       0.       0.       0.       0.989999 0.       0.01     0.       0.       0.      ],[0. 0. 0. 0. 0. 0. 0. 0. 0. 0. 0. 0. 0. 0. 0. 0. 0. 0. 0. 0. 0. 0. 0. 0. 0. 1. 0. 1. 0. 0. 0.],500,100,0.1,0.003,1,3,best,79,first
375,0.0013814347046099999,0.0013814347046099999,0.004768445207,[0.       0.       0.       0.       0.       0.       0.       0.       0.       0.       0.       0.       0.       0.       0.       0.       0.       0.       0.       0.       0.       0.       0.       0.       0.       0.989999 0.       0.01     0.       0.       0.      ],[0. 0. 0. 0. 0. 0. 0. 0. 0. 0. 0. 0. 0. 0. 0. 0. 0. 0. 0. 0. 0. 0. 0. 0. 0. 1. 0. 1. 0. 0. 0.],500,100,0.1,0.003,1,3,best,79,first
376,0.0013814347046099999,0.0013814347046099999,0.004768445207,[0.       0.       0.       0.       0.       0.       0.       0.       0.       0.       0.       0.       0.       0.       0.       0.       0.       0.       0.       0.       0.       0.       0.       0.       0.       0.989999 0.       0.01     0.       0.       0.      ],[0. 0. 0. 0. 0. 0. 0. 0. 0. 0. 0. 0. 0. 0. 0. 0. 0. 0. 0. 0. 0. 0. 0. 0. 0. 1. 0. 1. 0. 0. 0.],500,100,0.1,0.003,1,3,best,79,first
377,0.0013814347046099999,0.0013814347046099999,0.004768445207,[0.       0.       0.       0.       0.       0.       0.       0.       0.       0.       0.       0.       0.       0.       0.       0.       0.       0.       0.       0.       0.       0.       0.       0.       0.       0.989999 0.       0.01     0.       0.       0.      ],[0. 0. 0. 0. 0. 0. 0. 0. 0. 0. 0. 0. 0. 0. 0. 0. 0. 0. 0. 0. 0. 0. 0. 0. 0. 1. 0. 1. 0. 0. 0.],500,100,0.1,0.003,1,3,best,79,first
378,0.0013814347046099999,0.0013814347046099999,0.004768445207,[0.       0.       0.       0.       0.       0.       0.       0.       0.       0.       0.       0.       0.       0.       0.       0.       0.       0.       0.       0.       0.       0.       0.       0.       0.       0.989999 0.       0.01     0.       0.       0.      ],[0. 0. 0. 0. 0. 0. 0. 0. 0. 0. 0. 0. 0. 0. 0. 0. 0. 0. 0. 0. 0. 0. 0. 0. 0. 1. 0. 1. 0. 0. 0.],500,100,0.1,0.003,1,3,best,79,first
379,0.0013814347046099999,0.0013814347046099999,0.004768445207,[0.       0.       0.       0.       0.       0.       0.       0.       0.       0.       0.       0.       0.       0.       0.       0.       0.       0.       0.       0.       0.       0.       0.       0.       0.       0.989999 0.       0.01     0.       0.       0.      ],[0. 0. 0. 0. 0. 0. 0. 0. 0. 0. 0. 0. 0. 0. 0. 0. 0. 0. 0. 0. 0. 0. 0. 0. 0. 1. 0. 1. 0. 0. 0.],500,100,0.1,0.003,1,3,best,79,first
380,0.0013814347046099999,0.0013814347046099999,0.004768445207,[0.       0.       0.       0.       0.       0.       0.       0.       0.       0.       0.       0.       0.       0.       0.       0.       0.       0.       0.       0.       0.       0.       0.       0.       0.       0.989999 0.       0.01     0.       0.       0.      ],[0. 0. 0. 0. 0. 0. 0. 0. 0. 0. 0. 0. 0. 0. 0. 0. 0. 0. 0. 0. 0. 0. 0. 0. 0. 1. 0. 1. 0. 0. 0.],500,100,0.1,0.003,1,3,best,79,first
381,0.0013814347046099999,0.0013814347046099999,0.004768445207,[0.       0.       0.       0.       0.       0.       0.       0.       0.       0.       0.       0.       0.       0.       0.       0.       0.       0.       0.       0.       0.       0.       0.       0.       0.       0.989999 0.       0.01     0.       0.       0.      ],[0. 0. 0. 0. 0. 0. 0. 0. 0. 0. 0. 0. 0. 0. 0. 0. 0. 0. 0. 0. 0. 0. 0. 0. 0. 1. 0. 1. 0. 0. 0.],500,100,0.1,0.003,1,3,best,79,first
382,0.0013814347046099999,0.0013814347046099999,0.004768445207,[0.       0.       0.       0.       0.       0.       0.       0.       0.       0.       0.       0.       0.       0.       0.       0.       0.       0.       0.       0.       0.       0.       0.       0.       0.       0.989999 0.       0.01     0.       0.       0.      ],[0. 0. 0. 0. 0. 0. 0. 0. 0. 0. 0. 0. 0. 0. 0. 0. 0. 0. 0. 0. 0. 0. 0. 0. 0. 1. 0. 1. 0. 0. 0.],500,100,0.1,0.003,1,3,best,79,first
383,0.0013814347046099999,0.0013814347046099999,0.004768445207,[0.       0.       0.       0.       0.       0.       0.       0.       0.       0.       0.       0.       0.       0.       0.       0.       0.       0.       0.       0.       0.       0.       0.       0.       0.       0.989999 0.       0.01     0.       0.       0.      ],[0. 0. 0. 0. 0. 0. 0. 0. 0. 0. 0. 0. 0. 0. 0. 0. 0. 0. 0. 0. 0. 0. 0. 0. 0. 1. 0. 1. 0. 0. 0.],500,100,0.1,0.003,1,3,best,79,first
384,0.0013814347046099999,0.0013814347046099999,0.004768445207,[0.       0.       0.       0.       0.       0.       0.       0.       0.       0.       0.       0.       0.       0.       0.       0.       0.       0.       0.       0.       0.       0.       0.       0.       0.       0.989999 0.       0.01     0.       0.       0.      ],[0. 0. 0. 0. 0. 0. 0. 0. 0. 0. 0. 0. 0. 0. 0. 0. 0. 0. 0. 0. 0. 0. 0. 0. 0. 1. 0. 1. 0. 0. 0.],500,100,0.1,0.003,1,3,best,79,first
385,0.0013814347046099999,0.0013814347046099999,0.004768445207,[0.       0.       0.       0.       0.       0.       0.       0.       0.       0.       0.       0.       0.       0.       0.       0.       0.       0.       0.       0.       0.       0.       0.       0.       0.       0.989999 0.       0.01     0.       0.       0.      ],[0. 0. 0. 0. 0. 0. 0. 0. 0. 0. 0. 0. 0. 0. 0. 0. 0. 0. 0. 0. 0. 0. 0. 0. 0. 1. 0. 1. 0. 0. 0.],500,100,0.1,0.003,1,3,best,79,first
386,0.0013814347046099999,0.0013814347046099999,0.004768445207,[0.       0.       0.       0.       0.       0.       0.       0.       0.       0.       0.       0.       0.       0.       0.       0.       0.       0.       0.       0.       0.       0.       0.       0.       0.       0.989999 0.       0.01     0.       0.       0.      ],[0. 0. 0. 0. 0. 0. 0. 0. 0. 0. 0. 0. 0. 0. 0. 0. 0. 0. 0. 0. 0. 0. 0. 0. 0. 1. 0. 1. 0. 0. 0.],500,100,0.1,0.003,1,3,best,79,first
387,0.0013814347046099999,0.0013814347046099999,0.004768445207,[0.       0.       0.       0.       0.       0.       0.       0.       0.       0.       0.       0.       0.       0.       0.       0.       0.       0.       0.       0.       0.       0.       0.       0.       0.       0.989999 0.       0.01     0.       0.       0.      ],[0. 0. 0. 0. 0. 0. 0. 0. 0. 0. 0. 0. 0. 0. 0. 0. 0. 0. 0. 0. 0. 0. 0. 0. 0. 1. 0. 1. 0. 0. 0.],500,100,0.1,0.003,1,3,best,79,first
388,0.0013814347046099999,0.0013814347046099999,0.004768445207,[0.       0.       0.       0.       0.       0.       0.       0.       0.       0.       0.       0.       0.       0.       0.       0.       0.       0.       0.       0.       0.       0.       0.       0.       0.       0.989999 0.       0.01     0.       0.       0.      ],[0. 0. 0. 0. 0. 0. 0. 0. 0. 0. 0. 0. 0. 0. 0. 0. 0. 0. 0. 0. 0. 0. 0. 0. 0. 1. 0. 1. 0. 0. 0.],500,100,0.1,0.003,1,3,best,79,first
389,0.0013814347046099999,0.0013814347046099999,0.004768445207,[0.       0.       0.       0.       0.       0.       0.       0.       0.       0.       0.       0.       0.       0.       0.       0.       0.       0.       0.       0.       0.       0.       0.       0.       0.       0.989999 0.       0.01     0.       0.       0.      ],[0. 0. 0. 0. 0. 0. 0. 0. 0. 0. 0. 0. 0. 0. 0. 0. 0. 0. 0. 0. 0. 0. 0. 0. 0. 1. 0. 1. 0. 0. 0.],500,100,0.1,0.003,1,3,best,79,first
390,0.0013814347046099999,0.0013814347046099999,0.004768445207,[0.       0.       0.       0.       0.       0.       0.       0.       0.       0.       0.       0.       0.       0.       0.       0.       0.       0.       0.       0.       0.       0.       0.       0.       0.       0.989999 0.       0.01     0.       0.       0.      ],[0. 0. 0. 0. 0. 0. 0. 0. 0. 0. 0. 0. 0. 0. 0. 0. 0. 0. 0. 0. 0. 0. 0. 0. 0. 1. 0. 1. 0. 0. 0.],500,100,0.1,0.003,1,3,best,79,first
391,0.0013814347046099999,0.0013814347046099999,0.004768445207,[0.       0.       0.       0.       0.       0.       0.       0.       0.       0.       0.       0.       0.       0.       0.       0.       0.       0.       0.       0.       0.       0.       0.       0.       0.       0.989999 0.       0.01     0.       0.       0.      ],[0. 0. 0. 0. 0. 0. 0. 0. 0. 0. 0. 0. 0. 0. 0. 0. 0. 0. 0. 0. 0. 0. 0. 0. 0. 1. 0. 1. 0. 0. 0.],500,100,0.1,0.003,1,3,best,79,first
392,0.0013814347046099999,0.0013814347046099999,0.004768445207,[0.       0.       0.       0.       0.       0.       0.       0.       0.       0.       0.       0.       0.       0.       0.       0.       0.       0.       0.       0.       0.       0.       0.       0.       0.       0.989999 0.       0.01     0.       0.       0.      ],[0. 0. 0. 0. 0. 0. 0. 0. 0. 0. 0. 0. 0. 0. 0. 0. 0. 0. 0. 0. 0. 0. 0. 0. 0. 1. 0. 1. 0. 0. 0.],500,100,0.1,0.003,1,3,best,79,first
393,0.0013814347046099999,0.0013814347046099999,0.004768445207,[0.       0.       0.       0.       0.       0.       0.       0.       0.       0.       0.       0.       0.       0.       0.       0.       0.       0.       0.       0.       0.       0.       0.       0.       0.       0.989999 0.       0.01     0.       0.       0.      ],[0. 0. 0. 0. 0. 0. 0. 0. 0. 0. 0. 0. 0. 0. 0. 0. 0. 0. 0. 0. 0. 0. 0. 0. 0. 1. 0. 1. 0. 0. 0.],500,100,0.1,0.003,1,3,best,79,first
394,0.0013814347046099999,0.0013814347046099999,0.004768445207,[0.       0.       0.       0.       0.       0.       0.       0.       0.       0.       0.       0.       0.       0.       0.       0.       0.       0.       0.       0.       0.       0.       0.       0.       0.       0.989999 0.       0.01     0.       0.       0.      ],[0. 0. 0. 0. 0. 0. 0. 0. 0. 0. 0. 0. 0. 0. 0. 0. 0. 0. 0. 0. 0. 0. 0. 0. 0. 1. 0. 1. 0. 0. 0.],500,100,0.1,0.003,1,3,best,79,first
395,0.0013814347046099999,0.0013814347046099999,0.004768445207,[0.       0.       0.       0.       0.       0.       0.       0.       0.       0.       0.       0.       0.       0.       0.       0.       0.       0.       0.       0.       0.       0.       0.       0.       0.       0.989999 0.       0.01     0.       0.       0.      ],[0. 0. 0. 0. 0. 0. 0. 0. 0. 0. 0. 0. 0. 0. 0. 0. 0. 0. 0. 0. 0. 0. 0. 0. 0. 1. 0. 1. 0. 0. 0.],500,100,0.1,0.003,1,3,best,79,first
396,0.0013814347046099999,0.0013814347046099999,0.004768445207,[0.       0.       0.       0.       0.       0.       0.       0.       0.       0.       0.       0.       0.       0.       0.       0.       0.       0.       0.       0.       0.       0.       0.       0.       0.       0.989999 0.       0.01     0.       0.       0.      ],[0. 0. 0. 0. 0. 0. 0. 0. 0. 0. 0. 0. 0. 0. 0. 0. 0. 0. 0. 0. 0. 0. 0. 0. 0. 1. 0. 1. 0. 0. 0.],500,100,0.1,0.003,1,3,best,79,first
397,0.0013814347046099999,0.0013814347046099999,0.004768445207,[0.       0.       0.       0.       0.       0.       0.       0.       0.       0.       0.       0.       0.       0.       0.       0.       0.       0.       0.       0.       0.       0.       0.       0.       0.       0.989999 0.       0.01     0.       0.       0.      ],[0. 0. 0. 0. 0. 0. 0. 0. 0. 0. 0. 0. 0. 0. 0. 0. 0. 0. 0. 0. 0. 0. 0. 0. 0. 1. 0. 1. 0. 0. 0.],500,100,0.1,0.003,1,3,best,79,first
398,0.0013814347046099999,0.0013814347046099999,0.004768445207,[0.       0.       0.       0.       0.       0.       0.       0.       0.       0.       0.       0.       0.       0.       0.       0.       0.       0.       0.       0.       0.       0.       0.       0.       0.       0.989999 0.       0.01     0.       0.       0.      ],[0. 0. 0. 0. 0. 0. 0. 0. 0. 0. 0. 0. 0. 0. 0. 0. 0. 0. 0. 0. 0. 0. 0. 0. 0. 1. 0. 1. 0. 0. 0.],500,100,0.1,0.003,1,3,best,79,first
399,0.0013814347046099999,0.0013814347046099999,0.004768445207,[0.       0.       0.       0.       0.       0.       0.       0.       0.       0.       0.       0.       0.       0.       0.       0.       0.       0.       0.       0.       0.       0.       0.       0.       0.       0.989999 0.       0.01     0.       0.       0.      ],[0. 0. 0. 0. 0. 0. 0. 0. 0. 0. 0. 0. 0. 0. 0. 0. 0. 0. 0. 0. 0. 0. 0. 0. 0. 1. 0. 1. 0. 0. 0.],500,100,0.1,0.003,1,3,best,79,first
400,0.0013814347046099999,0.0013814347046099999,0.004768445207,[0.       0.       0.       0.       0.       0.       0.       0.       0.       0.       0.       0.       0.       0.       0.       0.       0.       0.       0.       0.       0.       0.       0.       0.       0.       0.989999 0.       0.01     0.       0.       0.      ],[0. 0. 0. 0. 0. 0. 0. 0. 0. 0. 0. 0. 0. 0. 0. 0. 0. 0. 0. 0. 0. 0. 0. 0. 0. 1. 0. 1. 0. 0. 0.],500,100,0.1,0.003,1,3,best,79,first
401,0.0013814347046099999,0.0013814347046099999,0.004768445207,[0.       0.       0.       0.       0.       0.       0.       0.       0.       0.       0.       0.       0.       0.       0.       0.       0.       0.       0.       0.       0.       0.       0.       0.       0.       0.989999 0.       0.01     0.       0.       0.      ],[0. 0. 0. 0. 0. 0. 0. 0. 0. 0. 0. 0. 0. 0. 0. 0. 0. 0. 0. 0. 0. 0. 0. 0. 0. 1. 0. 1. 0. 0. 0.],500,100,0.1,0.003,1,3,best,79,first
402,0.0013814347046099999,0.0013814347046099999,0.004768445207,[0.       0.       0.       0.       0.       0.       0.       0.       0.       0.       0.       0.       0.       0.       0.       0.       0.       0.       0.       0.       0.       0.       0.       0.       0.       0.989999 0.       0.01     0.       0.       0.      ],[0. 0. 0. 0. 0. 0. 0. 0. 0. 0. 0. 0. 0. 0. 0. 0. 0. 0. 0. 0. 0. 0. 0. 0. 0. 1. 0. 1. 0. 0. 0.],500,100,0.1,0.003,1,3,best,79,first
403,0.0013814347046099999,0.0013814347046099999,0.004768445207,[0.       0.       0.       0.       0.       0.       0.       0.       0.       0.       0.       0.       0.       0.       0.       0.       0.       0.       0.       0.       0.       0.       0.       0.       0.       0.989999 0.       0.01     0.       0.       0.      ],[0. 0. 0. 0. 0. 0. 0. 0. 0. 0. 0. 0. 0. 0. 0. 0. 0. 0. 0. 0. 0. 0. 0. 0. 0. 1. 0. 1. 0. 0. 0.],500,100,0.1,0.003,1,3,best,79,first
404,0.0013814347046099999,0.0013814347046099999,0.004768445207,[0.       0.       0.       0.       0.       0.       0.       0.       0.       0.       0.       0.       0.       0.       0.       0.       0.       0.       0.       0.       0.       0.       0.       0.       0.       0.989999 0.       0.01     0.       0.       0.      ],[0. 0. 0. 0. 0. 0. 0. 0. 0. 0. 0. 0. 0. 0. 0. 0. 0. 0. 0. 0. 0. 0. 0. 0. 0. 1. 0. 1. 0. 0. 0.],500,100,0.1,0.003,1,3,best,79,first
405,0.0013814347046099999,0.0013814347046099999,0.004768445207,[0.       0.       0.       0.       0.       0.       0.       0.       0.       0.       0.       0.       0.       0.       0.       0.       0.       0.       0.       0.       0.       0.       0.       0.       0.       0.989999 0.       0.01     0.       0.       0.      ],[0. 0. 0. 0. 0. 0. 0. 0. 0. 0. 0. 0. 0. 0. 0. 0. 0. 0. 0. 0. 0. 0. 0. 0. 0. 1. 0. 1. 0. 0. 0.],500,100,0.1,0.003,1,3,best,79,first
406,0.0013814347046099999,0.0013814347046099999,0.004768445207,[0.       0.       0.       0.       0.       0.       0.       0.       0.       0.       0.       0.       0.       0.       0.       0.       0.       0.       0.       0.       0.       0.       0.       0.       0.       0.989999 0.       0.01     0.       0.       0.      ],[0. 0. 0. 0. 0. 0. 0. 0. 0. 0. 0. 0. 0. 0. 0. 0. 0. 0. 0. 0. 0. 0. 0. 0. 0. 1. 0. 1. 0. 0. 0.],500,100,0.1,0.003,1,3,best,79,first
407,0.0013814347046099999,0.0013814347046099999,0.004768445207,[0.       0.       0.       0.       0.       0.       0.       0.       0.       0.       0.       0.       0.       0.       0.       0.       0.       0.       0.       0.       0.       0.       0.       0.       0.       0.989999 0.       0.01     0.       0.       0.      ],[0. 0. 0. 0. 0. 0. 0. 0. 0. 0. 0. 0. 0. 0. 0. 0. 0. 0. 0. 0. 0. 0. 0. 0. 0. 1. 0. 1. 0. 0. 0.],500,100,0.1,0.003,1,3,best,79,first
408,0.0013814347046099999,0.0013814347046099999,0.004768445207,[0.       0.       0.       0.       0.       0.       0.       0.       0.       0.       0.       0.       0.       0.       0.       0.       0.       0.       0.       0.       0.       0.       0.       0.       0.       0.989999 0.       0.01     0.       0.       0.      ],[0. 0. 0. 0. 0. 0. 0. 0. 0. 0. 0. 0. 0. 0. 0. 0. 0. 0. 0. 0. 0. 0. 0. 0. 0. 1. 0. 1. 0. 0. 0.],500,100,0.1,0.003,1,3,best,79,first
409,0.0013814347046099999,0.0013814347046099999,0.004768445207,[0.       0.       0.       0.       0.       0.       0.       0.       0.       0.       0.       0.       0.       0.       0.       0.       0.       0.       0.       0.       0.       0.       0.       0.       0.       0.989999 0.       0.01     0.       0.       0.      ],[0. 0. 0. 0. 0. 0. 0. 0. 0. 0. 0. 0. 0. 0. 0. 0. 0. 0. 0. 0. 0. 0. 0. 0. 0. 1. 0. 1. 0. 0. 0.],500,100,0.1,0.003,1,3,best,79,first
410,0.0013814347046099999,0.0013814347046099999,0.004768445207,[0.       0.       0.       0.       0.       0.       0.       0.       0.       0.       0.       0.       0.       0.       0.       0.       0.       0.       0.       0.       0.       0.       0.       0.       0.       0.989999 0.       0.01     0.       0.       0.      ],[0. 0. 0. 0. 0. 0. 0. 0. 0. 0. 0. 0. 0. 0. 0. 0. 0. 0. 0. 0. 0. 0. 0. 0. 0. 1. 0. 1. 0. 0. 0.],500,100,0.1,0.003,1,3,best,79,first
411,0.0013814347046099999,0.0013814347046099999,0.004768445207,[0.       0.       0.       0.       0.       0.       0.       0.       0.       0.       0.       0.       0.       0.       0.       0.       0.       0.       0.       0.       0.       0.       0.       0.       0.       0.989999 0.       0.01     0.       0.       0.      ],[0. 0. 0. 0. 0. 0. 0. 0. 0. 0. 0. 0. 0. 0. 0. 0. 0. 0. 0. 0. 0. 0. 0. 0. 0. 1. 0. 1. 0. 0. 0.],500,100,0.1,0.003,1,3,best,79,first
412,0.0013814347046099999,0.0013814347046099999,0.004768445207,[0.       0.       0.       0.       0.       0.       0.       0.       0.       0.       0.       0.       0.       0.       0.       0.       0.       0.       0.       0.       0.       0.       0.       0.       0.       0.989999 0.       0.01     0.       0.       0.      ],[0. 0. 0. 0. 0. 0. 0. 0. 0. 0. 0. 0. 0. 0. 0. 0. 0. 0. 0. 0. 0. 0. 0. 0. 0. 1. 0. 1. 0. 0. 0.],500,100,0.1,0.003,1,3,best,79,first
413,0.0013814347046099999,0.0013814347046099999,0.004768445207,[0.       0.       0.       0.       0.       0.       0.       0.       0.       0.       0.       0.       0.       0.       0.       0.       0.       0.       0.       0.       0.       0.       0.       0.       0.       0.989999 0.       0.01     0.       0.       0.      ],[0. 0. 0. 0. 0. 0. 0. 0. 0. 0. 0. 0. 0. 0. 0. 0. 0. 0. 0. 0. 0. 0. 0. 0. 0. 1. 0. 1. 0. 0. 0.],500,100,0.1,0.003,1,3,best,79,first
414,0.0013814347046099999,0.0013814347046099999,0.004768445207,[0.       0.       0.       0.       0.       0.       0.       0.       0.       0.       0.       0.       0.       0.       0.       0.       0.       0.       0.       0.       0.       0.       0.       0.       0.       0.989999 0.       0.01     0.       0.       0.      ],[0. 0. 0. 0. 0. 0. 0. 0. 0. 0. 0. 0. 0. 0. 0. 0. 0. 0. 0. 0. 0. 0. 0. 0. 0. 1. 0. 1. 0. 0. 0.],500,100,0.1,0.003,1,3,best,79,first
415,0.0013814347046099999,0.0013814347046099999,0.004768445207,[0.       0.       0.       0.       0.       0.       0.       0.       0.       0.       0.       0.       0.       0.       0.       0.       0.       0.       0.       0.       0.       0.       0.       0.       0.       0.989999 0.       0.01     0.       0.       0.      ],[0. 0. 0. 0. 0. 0. 0. 0. 0. 0. 0. 0. 0. 0. 0. 0. 0. 0. 0. 0. 0. 0. 0. 0. 0. 1. 0. 1. 0. 0. 0.],500,100,0.1,0.003,1,3,best,79,first
416,0.0013814347046099999,0.0013814347046099999,0.004768445207,[0.       0.       0.       0.       0.       0.       0.       0.       0.       0.       0.       0.       0.       0.       0.       0.       0.       0.       0.       0.       0.       0.       0.       0.       0.       0.989999 0.       0.01     0.       0.       0.      ],[0. 0. 0. 0. 0. 0. 0. 0. 0. 0. 0. 0. 0. 0. 0. 0. 0. 0. 0. 0. 0. 0. 0. 0. 0. 1. 0. 1. 0. 0. 0.],500,100,0.1,0.003,1,3,best,79,first
417,0.0013814347046099999,0.0013814347046099999,0.004768445207,[0.       0.       0.       0.       0.       0.       0.       0.       0.       0.       0.       0.       0.       0.       0.       0.       0.       0.       0.       0.       0.       0.       0.       0.       0.       0.989999 0.       0.01     0.       0.       0.      ],[0. 0. 0. 0. 0. 0. 0. 0. 0. 0. 0. 0. 0. 0. 0. 0. 0. 0. 0. 0. 0. 0. 0. 0. 0. 1. 0. 1. 0. 0. 0.],500,100,0.1,0.003,1,3,best,79,first
418,0.0013814347046099999,0.0013814347046099999,0.004768445207,[0.       0.       0.       0.       0.       0.       0.       0.       0.       0.       0.       0.       0.       0.       0.       0.       0.       0.       0.       0.       0.       0.       0.       0.       0.       0.989999 0.       0.01     0.       0.       0.      ],[0. 0. 0. 0. 0. 0. 0. 0. 0. 0. 0. 0. 0. 0. 0. 0. 0. 0. 0. 0. 0. 0. 0. 0. 0. 1. 0. 1. 0. 0. 0.],500,100,0.1,0.003,1,3,best,79,first
419,0.0013814347046099999,0.0013814347046099999,0.004768445207,[0.       0.       0.       0.       0.       0.       0.       0.       0.       0.       0.       0.       0.       0.       0.       0.       0.       0.       0.       0.       0.       0.       0.       0.       0.       0.989999 0.       0.01     0.       0.       0.      ],[0. 0. 0. 0. 0. 0. 0. 0. 0. 0. 0. 0. 0. 0. 0. 0. 0. 0. 0. 0. 0. 0. 0. 0. 0. 1. 0. 1. 0. 0. 0.],500,100,0.1,0.003,1,3,best,79,first
420,0.0013814347046099999,0.0013814347046099999,0.004768445207,[0.       0.       0.       0.       0.       0.       0.       0.       0.       0.       0.       0.       0.       0.       0.       0.       0.       0.       0.       0.       0.       0.       0.       0.       0.       0.989999 0.       0.01     0.       0.       0.      ],[0. 0. 0. 0. 0. 0. 0. 0. 0. 0. 0. 0. 0. 0. 0. 0. 0. 0. 0. 0. 0. 0. 0. 0. 0. 1. 0. 1. 0. 0. 0.],500,100,0.1,0.003,1,3,best,79,first
421,0.0013814347046099999,0.0013814347046099999,0.004768445207,[0.       0.       0.       0.       0.       0.       0.       0.       0.       0.       0.       0.       0.       0.       0.       0.       0.       0.       0.       0.       0.       0.       0.       0.       0.       0.989999 0.       0.01     0.       0.       0.      ],[0. 0. 0. 0. 0. 0. 0. 0. 0. 0. 0. 0. 0. 0. 0. 0. 0. 0. 0. 0. 0. 0. 0. 0. 0. 1. 0. 1. 0. 0. 0.],500,100,0.1,0.003,1,3,best,79,first
422,0.0013814347046099999,0.0013814347046099999,0.004768445207,[0.       0.       0.       0.       0.       0.       0.       0.       0.       0.       0.       0.       0.       0.       0.       0.       0.       0.       0.       0.       0.       0.       0.       0.       0.       0.989999 0.       0.01     0.       0.       0.      ],[0. 0. 0. 0. 0. 0. 0. 0. 0. 0. 0. 0. 0. 0. 0. 0. 0. 0. 0. 0. 0. 0. 0. 0. 0. 1. 0. 1. 0. 0. 0.],500,100,0.1,0.003,1,3,best,79,first
423,0.0013814347046099999,0.0013814347046099999,0.004768445207,[0.       0.       0.       0.       0.       0.       0.       0.       0.       0.       0.       0.       0.       0.       0.       0.       0.       0.       0.       0.       0.       0.       0.       0.       0.       0.989999 0.       0.01     0.       0.       0.      ],[0. 0. 0. 0. 0. 0. 0. 0. 0. 0. 0. 0. 0. 0. 0. 0. 0. 0. 0. 0. 0. 0. 0. 0. 0. 1. 0. 1. 0. 0. 0.],500,100,0.1,0.003,1,3,best,79,first
424,0.0013814347046099999,0.0013814347046099999,0.004768445207,[0.       0.       0.       0.       0.       0.       0.       0.       0.       0.       0.       0.       0.       0.       0.       0.       0.       0.       0.       0.       0.       0.       0.       0.       0.       0.989999 0.       0.01     0.       0.       0.      ],[0. 0. 0. 0. 0. 0. 0. 0. 0. 0. 0. 0. 0. 0. 0. 0. 0. 0. 0. 0. 0. 0. 0. 0. 0. 1. 0. 1. 0. 0. 0.],500,100,0.1,0.003,1,3,best,79,first
425,0.0013814347046099999,0.0013814347046099999,0.004768445207,[0.       0.       0.       0.       0.       0.       0.       0.       0.       0.       0.       0.       0.       0.       0.       0.       0.       0.       0.       0.       0.       0.       0.       0.       0.       0.989999 0.       0.01     0.       0.       0.      ],[0. 0. 0. 0. 0. 0. 0. 0. 0. 0. 0. 0. 0. 0. 0. 0. 0. 0. 0. 0. 0. 0. 0. 0. 0. 1. 0. 1. 0. 0. 0.],500,100,0.1,0.003,1,3,best,79,first
426,0.0013814347046099999,0.0013814347046099999,0.004768445207,[0.       0.       0.       0.       0.       0.       0.       0.       0.       0.       0.       0.       0.       0.       0.       0.       0.       0.       0.       0.       0.       0.       0.       0.       0.       0.989999 0.       0.01     0.       0.       0.      ],[0. 0. 0. 0. 0. 0. 0. 0. 0. 0. 0. 0. 0. 0. 0. 0. 0. 0. 0. 0. 0. 0. 0. 0. 0. 1. 0. 1. 0. 0. 0.],500,100,0.1,0.003,1,3,best,79,first
427,0.0013814347046099999,0.0013814347046099999,0.004768445207,[0.       0.       0.       0.       0.       0.       0.       0.       0.       0.       0.       0.       0.       0.       0.       0.       0.       0.       0.       0.       0.       0.       0.       0.       0.       0.989999 0.       0.01     0.       0.       0.      ],[0. 0. 0. 0. 0. 0. 0. 0. 0. 0. 0. 0. 0. 0. 0. 0. 0. 0. 0. 0. 0. 0. 0. 0. 0. 1. 0. 1. 0. 0. 0.],500,100,0.1,0.003,1,3,best,79,first
428,0.0013814347046099999,0.0013814347046099999,0.004768445207,[0.       0.       0.       0.       0.       0.       0.       0.       0.       0.       0.       0.       0.       0.       0.       0.       0.       0.       0.       0.       0.       0.       0.       0.       0.       0.989999 0.       0.01     0.       0.       0.      ],[0. 0. 0. 0. 0. 0. 0. 0. 0. 0. 0. 0. 0. 0. 0. 0. 0. 0. 0. 0. 0. 0. 0. 0. 0. 1. 0. 1. 0. 0. 0.],500,100,0.1,0.003,1,3,best,79,first
429,0.0013814347046099999,0.0013814347046099999,0.004768445207,[0.       0.       0.       0.       0.       0.       0.       0.       0.       0.       0.       0.       0.       0.       0.       0.       0.       0.       0.       0.       0.       0.       0.       0.       0.       0.989999 0.       0.01     0.       0.       0.      ],[0. 0. 0. 0. 0. 0. 0. 0. 0. 0. 0. 0. 0. 0. 0. 0. 0. 0. 0. 0. 0. 0. 0. 0. 0. 1. 0. 1. 0. 0. 0.],500,100,0.1,0.003,1,3,best,79,first
430,0.0013814347046099999,0.0013814347046099999,0.004768445207,[0.       0.       0.       0.       0.       0.       0.       0.       0.       0.       0.       0.       0.       0.       0.       0.       0.       0.       0.       0.       0.       0.       0.       0.       0.       0.989999 0.       0.01     0.       0.       0.      ],[0. 0. 0. 0. 0. 0. 0. 0. 0. 0. 0. 0. 0. 0. 0. 0. 0. 0. 0. 0. 0. 0. 0. 0. 0. 1. 0. 1. 0. 0. 0.],500,100,0.1,0.003,1,3,best,79,first
431,0.0013814347046099999,0.0013814347046099999,0.004768445207,[0.       0.       0.       0.       0.       0.       0.       0.       0.       0.       0.       0.       0.       0.       0.       0.       0.       0.       0.       0.       0.       0.       0.       0.       0.       0.989999 0.       0.01     0.       0.       0.      ],[0. 0. 0. 0. 0. 0. 0. 0. 0. 0. 0. 0. 0. 0. 0. 0. 0. 0. 0. 0. 0. 0. 0. 0. 0. 1. 0. 1. 0. 0. 0.],500,100,0.1,0.003,1,3,best,79,first
432,0.0013814347046099999,0.0013814347046099999,0.004768445207,[0.       0.       0.       0.       0.       0.       0.       0.       0.       0.       0.       0.       0.       0.       0.       0.       0.       0.       0.       0.       0.       0.       0.       0.       0.       0.989999 0.       0.01     0.       0.       0.      ],[0. 0. 0. 0. 0. 0. 0. 0. 0. 0. 0. 0. 0. 0. 0. 0. 0. 0. 0. 0. 0. 0. 0. 0. 0. 1. 0. 1. 0. 0. 0.],500,100,0.1,0.003,1,3,best,79,first
433,0.0013814347046099999,0.0013814347046099999,0.004768445207,[0.       0.       0.       0.       0.       0.       0.       0.       0.       0.       0.       0.       0.       0.       0.       0.       0.       0.       0.       0.       0.       0.       0.       0.       0.       0.989999 0.       0.01     0.       0.       0.      ],[0. 0. 0. 0. 0. 0. 0. 0. 0. 0. 0. 0. 0. 0. 0. 0. 0. 0. 0. 0. 0. 0. 0. 0. 0. 1. 0. 1. 0. 0. 0.],500,100,0.1,0.003,1,3,best,79,first
434,0.0013814347046099999,0.0013814347046099999,0.004768445207,[0.       0.       0.       0.       0.       0.       0.       0.       0.       0.       0.       0.       0.       0.       0.       0.       0.       0.       0.       0.       0.       0.       0.       0.       0.       0.989999 0.       0.01     0.       0.       0.      ],[0. 0. 0. 0. 0. 0. 0. 0. 0. 0. 0. 0. 0. 0. 0. 0. 0. 0. 0. 0. 0. 0. 0. 0. 0. 1. 0. 1. 0. 0. 0.],500,100,0.1,0.003,1,3,best,79,first
435,0.0013814347046099999,0.0013814347046099999,0.004768445207,[0.       0.       0.       0.       0.       0.       0.       0.       0.       0.       0.       0.       0.       0.       0.       0.       0.       0.       0.       0.       0.       0.       0.       0.       0.       0.989999 0.       0.01     0.       0.       0.      ],[0. 0. 0. 0. 0. 0. 0. 0. 0. 0. 0. 0. 0. 0. 0. 0. 0. 0. 0. 0. 0. 0. 0. 0. 0. 1. 0. 1. 0. 0. 0.],500,100,0.1,0.003,1,3,best,79,first
436,0.0013814347046099999,0.0013814347046099999,0.004768445207,[0.       0.       0.       0.       0.       0.       0.       0.       0.       0.       0.       0.       0.       0.       0.       0.       0.       0.       0.       0.       0.       0.       0.       0.       0.       0.989999 0.       0.01     0.       0.       0.      ],[0. 0. 0. 0. 0. 0. 0. 0. 0. 0. 0. 0. 0. 0. 0. 0. 0. 0. 0. 0. 0. 0. 0. 0. 0. 1. 0. 1. 0. 0. 0.],500,100,0.1,0.003,1,3,best,79,first
437,0.0013814347046099999,0.0013814347046099999,0.004768445207,[0.       0.       0.       0.       0.       0.       0.       0.       0.       0.       0.       0.       0.       0.       0.       0.       0.       0.       0.       0.       0.       0.       0.       0.       0.       0.989999 0.       0.01     0.       0.       0.      ],[0. 0. 0. 0. 0. 0. 0. 0. 0. 0. 0. 0. 0. 0. 0. 0. 0. 0. 0. 0. 0. 0. 0. 0. 0. 1. 0. 1. 0. 0. 0.],500,100,0.1,0.003,1,3,best,79,first
438,0.0013814347046099999,0.0013814347046099999,0.004768445207,[0.       0.       0.       0.       0.       0.       0.       0.       0.       0.       0.       0.       0.       0.       0.       0.       0.       0.       0.       0.       0.       0.       0.       0.       0.       0.989999 0.       0.01     0.       0.       0.      ],[0. 0. 0. 0. 0. 0. 0. 0. 0. 0. 0. 0. 0. 0. 0. 0. 0. 0. 0. 0. 0. 0. 0. 0. 0. 1. 0. 1. 0. 0. 0.],500,100,0.1,0.003,1,3,best,79,first
439,0.0013814347046099999,0.0013814347046099999,0.004768445207,[0.       0.       0.       0.       0.       0.       0.       0.       0.       0.       0.       0.       0.       0.       0.       0.       0.       0.       0.       0.       0.       0.       0.       0.       0.       0.989999 0.       0.01     0.       0.       0.      ],[0. 0. 0. 0. 0. 0. 0. 0. 0. 0. 0. 0. 0. 0. 0. 0. 0. 0. 0. 0. 0. 0. 0. 0. 0. 1. 0. 1. 0. 0. 0.],500,100,0.1,0.003,1,3,best,79,first
440,0.0013814347046099999,0.0013814347046099999,0.004768445207,[0.       0.       0.       0.       0.       0.       0.       0.       0.       0.       0.       0.       0.       0.       0.       0.       0.       0.       0.       0.       0.       0.       0.       0.       0.       0.989999 0.       0.01     0.       0.       0.      ],[0. 0. 0. 0. 0. 0. 0. 0. 0. 0. 0. 0. 0. 0. 0. 0. 0. 0. 0. 0. 0. 0. 0. 0. 0. 1. 0. 1. 0. 0. 0.],500,100,0.1,0.003,1,3,best,79,first
441,0.0013814347046099999,0.0013814347046099999,0.004768445207,[0.       0.       0.       0.       0.       0.       0.       0.       0.       0.       0.       0.       0.       0.       0.       0.       0.       0.       0.       0.       0.       0.       0.       0.       0.       0.989999 0.       0.01     0.       0.       0.      ],[0. 0. 0. 0. 0. 0. 0. 0. 0. 0. 0. 0. 0. 0. 0. 0. 0. 0. 0. 0. 0. 0. 0. 0. 0. 1. 0. 1. 0. 0. 0.],500,100,0.1,0.003,1,3,best,79,first
442,0.0013814347046099999,0.0013814347046099999,0.004768445207,[0.       0.       0.       0.       0.       0.       0.       0.       0.       0.       0.       0.       0.       0.       0.       0.       0.       0.       0.       0.       0.       0.       0.       0.       0.       0.989999 0.       0.01     0.       0.       0.      ],[0. 0. 0. 0. 0. 0. 0. 0. 0. 0. 0. 0. 0. 0. 0. 0. 0. 0. 0. 0. 0. 0. 0. 0. 0. 1. 0. 1. 0. 0. 0.],500,100,0.1,0.003,1,3,best,79,first
443,0.0013814347046099999,0.0013814347046099999,0.004768445207,[0.       0.       0.       0.       0.       0.       0.       0.       0.       0.       0.       0.       0.       0.       0.       0.       0.       0.       0.       0.       0.       0.       0.       0.       0.       0.989999 0.       0.01     0.       0.       0.      ],[0. 0. 0. 0. 0. 0. 0. 0. 0. 0. 0. 0. 0. 0. 0. 0. 0. 0. 0. 0. 0. 0. 0. 0. 0. 1. 0. 1. 0. 0. 0.],500,100,0.1,0.003,1,3,best,79,first
444,0.0013814347046099999,0.0013814347046099999,0.004768445207,[0.       0.       0.       0.       0.       0.       0.       0.       0.       0.       0.       0.       0.       0.       0.       0.       0.       0.       0.       0.       0.       0.       0.       0.       0.       0.989999 0.       0.01     0.       0.       0.      ],[0. 0. 0. 0. 0. 0. 0. 0. 0. 0. 0. 0. 0. 0. 0. 0. 0. 0. 0. 0. 0. 0. 0. 0. 0. 1. 0. 1. 0. 0. 0.],500,100,0.1,0.003,1,3,best,79,first
445,0.0013814347046099999,0.0013814347046099999,0.004768445207,[0.       0.       0.       0.       0.       0.       0.       0.       0.       0.       0.       0.       0.       0.       0.       0.       0.       0.       0.       0.       0.       0.       0.       0.       0.       0.989999 0.       0.01     0.       0.       0.      ],[0. 0. 0. 0. 0. 0. 0. 0. 0. 0. 0. 0. 0. 0. 0. 0. 0. 0. 0. 0. 0. 0. 0. 0. 0. 1. 0. 1. 0. 0. 0.],500,100,0.1,0.003,1,3,best,79,first
446,0.0013814347046099999,0.0013814347046099999,0.004768445207,[0.       0.       0.       0.       0.       0.       0.       0.       0.       0.       0.       0.       0.       0.       0.       0.       0.       0.       0.       0.       0.       0.       0.       0.       0.       0.989999 0.       0.01     0.       0.       0.      ],[0. 0. 0. 0. 0. 0. 0. 0. 0. 0. 0. 0. 0. 0. 0. 0. 0. 0. 0. 0. 0. 0. 0. 0. 0. 1. 0. 1. 0. 0. 0.],500,100,0.1,0.003,1,3,best,79,first
447,0.0013814347046099999,0.0013814347046099999,0.004768445207,[0.       0.       0.       0.       0.       0.       0.       0.       0.       0.       0.       0.       0.       0.       0.       0.       0.       0.       0.       0.       0.       0.       0.       0.       0.       0.989999 0.       0.01     0.       0.       0.      ],[0. 0. 0. 0. 0. 0. 0. 0. 0. 0. 0. 0. 0. 0. 0. 0. 0. 0. 0. 0. 0. 0. 0. 0. 0. 1. 0. 1. 0. 0. 0.],500,100,0.1,0.003,1,3,best,79,first
448,0.0013814347046099999,0.0013814347046099999,0.004768445207,[0.       0.       0.       0.       0.       0.       0.       0.       0.       0.       0.       0.       0.       0.       0.       0.       0.       0.       0.       0.       0.       0.       0.       0.       0.       0.989999 0.       0.01     0.       0.       0.      ],[0. 0. 0. 0. 0. 0. 0. 0. 0. 0. 0. 0. 0. 0. 0. 0. 0. 0. 0. 0. 0. 0. 0. 0. 0. 1. 0. 1. 0. 0. 0.],500,100,0.1,0.003,1,3,best,79,first
449,0.0013814347046099999,0.0013814347046099999,0.004768445207,[0.       0.       0.       0.       0.       0.       0.       0.       0.       0.       0.       0.       0.       0.       0.       0.       0.       0.       0.       0.       0.       0.       0.       0.       0.       0.989999 0.       0.01     0.       0.       0.      ],[0. 0. 0. 0. 0. 0. 0. 0. 0. 0. 0. 0. 0. 0. 0. 0. 0. 0. 0. 0. 0. 0. 0. 0. 0. 1. 0. 1. 0. 0. 0.],500,100,0.1,0.003,1,3,best,79,first
450,0.0013814347046099999,0.0013814347046099999,0.004768445207,[0.       0.       0.       0.       0.       0.       0.       0.       0.       0.       0.       0.       0.       0.       0.       0.       0.       0.       0.       0.       0.       0.       0.       0.       0.       0.989999 0.       0.01     0.       0.       0.      ],[0. 0. 0. 0. 0. 0. 0. 0. 0. 0. 0. 0. 0. 0. 0. 0. 0. 0. 0. 0. 0. 0. 0. 0. 0. 1. 0. 1. 0. 0. 0.],500,100,0.1,0.003,1,3,best,79,first
451,0.0013814347046099999,0.0013814347046099999,0.004768445207,[0.       0.       0.       0.       0.       0.       0.       0.       0.       0.       0.       0.       0.       0.       0.       0.       0.       0.       0.       0.       0.       0.       0.       0.       0.       0.989999 0.       0.01     0.       0.       0.      ],[0. 0. 0. 0. 0. 0. 0. 0. 0. 0. 0. 0. 0. 0. 0. 0. 0. 0. 0. 0. 0. 0. 0. 0. 0. 1. 0. 1. 0. 0. 0.],500,100,0.1,0.003,1,3,best,79,first
452,0.0013814347046099999,0.0013814347046099999,0.004768445207,[0.       0.       0.       0.       0.       0.       0.       0.       0.       0.       0.       0.       0.       0.       0.       0.       0.       0.       0.       0.       0.       0.       0.       0.       0.       0.989999 0.       0.01     0.       0.       0.      ],[0. 0. 0. 0. 0. 0. 0. 0. 0. 0. 0. 0. 0. 0. 0. 0. 0. 0. 0. 0. 0. 0. 0. 0. 0. 1. 0. 1. 0. 0. 0.],500,100,0.1,0.003,1,3,best,79,first
453,0.0013814347046099999,0.0013814347046099999,0.004768445207,[0.       0.       0.       0.       0.       0.       0.       0.       0.       0.       0.       0.       0.       0.       0.       0.       0.       0.       0.       0.       0.       0.       0.       0.       0.       0.989999 0.       0.01     0.       0.       0.      ],[0. 0. 0. 0. 0. 0. 0. 0. 0. 0. 0. 0. 0. 0. 0. 0. 0. 0. 0. 0. 0. 0. 0. 0. 0. 1. 0. 1. 0. 0. 0.],500,100,0.1,0.003,1,3,best,79,first
454,0.0013814347046099999,0.0013814347046099999,0.004768445207,[0.       0.       0.       0.       0.       0.       0.       0.       0.       0.       0.       0.       0.       0.       0.       0.       0.       0.       0.       0.       0.       0.       0.       0.       0.       0.989999 0.       0.01     0.       0.       0.      ],[0. 0. 0. 0. 0. 0. 0. 0. 0. 0. 0. 0. 0. 0. 0. 0. 0. 0. 0. 0. 0. 0. 0. 0. 0. 1. 0. 1. 0. 0. 0.],500,100,0.1,0.003,1,3,best,79,first
455,0.0013814347046099999,0.0013814347046099999,0.004768445207,[0.       0.       0.       0.       0.       0.       0.       0.       0.       0.       0.       0.       0.       0.       0.       0.       0.       0.       0.       0.       0.       0.       0.       0.       0.       0.989999 0.       0.01     0.       0.       0.      ],[0. 0. 0. 0. 0. 0. 0. 0. 0. 0. 0. 0. 0. 0. 0. 0. 0. 0. 0. 0. 0. 0. 0. 0. 0. 1. 0. 1. 0. 0. 0.],500,100,0.1,0.003,1,3,best,79,first
456,0.0013814347046099999,0.0013814347046099999,0.004768445207,[0.       0.       0.       0.       0.       0.       0.       0.       0.       0.       0.       0.       0.       0.       0.       0.       0.       0.       0.       0.       0.       0.       0.       0.       0.       0.989999 0.       0.01     0.       0.       0.      ],[0. 0. 0. 0. 0. 0. 0. 0. 0. 0. 0. 0. 0. 0. 0. 0. 0. 0. 0. 0. 0. 0. 0. 0. 0. 1. 0. 1. 0. 0. 0.],500,100,0.1,0.003,1,3,best,79,first
457,0.0013814347046099999,0.0013814347046099999,0.004768445207,[0.       0.       0.       0.       0.       0.       0.       0.       0.       0.       0.       0.       0.       0.       0.       0.       0.       0.       0.       0.       0.       0.       0.       0.       0.       0.989999 0.       0.01     0.       0.       0.      ],[0. 0. 0. 0. 0. 0. 0. 0. 0. 0. 0. 0. 0. 0. 0. 0. 0. 0. 0. 0. 0. 0. 0. 0. 0. 1. 0. 1. 0. 0. 0.],500,100,0.1,0.003,1,3,best,79,first
458,0.0013814347046099999,0.0013814347046099999,0.004768445207,[0.       0.       0.       0.       0.       0.       0.       0.       0.       0.       0.       0.       0.       0.       0.       0.       0.       0.       0.       0.       0.       0.       0.       0.       0.       0.989999 0.       0.01     0.       0.       0.      ],[0. 0. 0. 0. 0. 0. 0. 0. 0. 0. 0. 0. 0. 0. 0. 0. 0. 0. 0. 0. 0. 0. 0. 0. 0. 1. 0. 1. 0. 0. 0.],500,100,0.1,0.003,1,3,best,79,first
459,0.0013814347046099999,0.0013814347046099999,0.004768445207,[0.       0.       0.       0.       0.       0.       0.       0.       0.       0.       0.       0.       0.       0.       0.       0.       0.       0.       0.       0.       0.       0.       0.       0.       0.       0.989999 0.       0.01     0.       0.       0.      ],[0. 0. 0. 0. 0. 0. 0. 0. 0. 0. 0. 0. 0. 0. 0. 0. 0. 0. 0. 0. 0. 0. 0. 0. 0. 1. 0. 1. 0. 0. 0.],500,100,0.1,0.003,1,3,best,79,first
460,0.0013814347046099999,0.0013814347046099999,0.004768445207,[0.       0.       0.       0.       0.       0.       0.       0.       0.       0.       0.       0.       0.       0.       0.       0.       0.       0.       0.       0.       0.       0.       0.       0.       0.       0.989999 0.       0.01     0.       0.       0.      ],[0. 0. 0. 0. 0. 0. 0. 0. 0. 0. 0. 0. 0. 0. 0. 0. 0. 0. 0. 0. 0. 0. 0. 0. 0. 1. 0. 1. 0. 0. 0.],500,100,0.1,0.003,1,3,best,79,first
461,0.0013814347046099999,0.0013814347046099999,0.004768445207,[0.       0.       0.       0.       0.       0.       0.       0.       0.       0.       0.       0.       0.       0.       0.       0.       0.       0.       0.       0.       0.       0.       0.       0.       0.       0.989999 0.       0.01     0.       0.       0.      ],[0. 0. 0. 0. 0. 0. 0. 0. 0. 0. 0. 0. 0. 0. 0. 0. 0. 0. 0. 0. 0. 0. 0. 0. 0. 1. 0. 1. 0. 0. 0.],500,100,0.1,0.003,1,3,best,79,first
462,0.0013814347046099999,0.0013814347046099999,0.004768445207,[0.       0.       0.       0.       0.       0.       0.       0.       0.       0.       0.       0.       0.       0.       0.       0.       0.       0.       0.       0.       0.       0.       0.       0.       0.       0.989999 0.       0.01     0.       0.       0.      ],[0. 0. 0. 0. 0. 0. 0. 0. 0. 0. 0. 0. 0. 0. 0. 0. 0. 0. 0. 0. 0. 0. 0. 0. 0. 1. 0. 1. 0. 0. 0.],500,100,0.1,0.003,1,3,best,79,first
463,0.0013814347046099999,0.0013814347046099999,0.004768445207,[0.       0.       0.       0.       0.       0.       0.       0.       0.       0.       0.       0.       0.       0.       0.       0.       0.       0.       0.       0.       0.       0.       0.       0.       0.       0.989999 0.       0.01     0.       0.       0.      ],[0. 0. 0. 0. 0. 0. 0. 0. 0. 0. 0. 0. 0. 0. 0. 0. 0. 0. 0. 0. 0. 0. 0. 0. 0. 1. 0. 1. 0. 0. 0.],500,100,0.1,0.003,1,3,best,79,first
464,0.0013814347046099999,0.0013814347046099999,0.004768445207,[0.       0.       0.       0.       0.       0.       0.       0.       0.       0.       0.       0.       0.       0.       0.       0.       0.       0.       0.       0.       0.       0.       0.       0.       0.       0.989999 0.       0.01     0.       0.       0.      ],[0. 0. 0. 0. 0. 0. 0. 0. 0. 0. 0. 0. 0. 0. 0. 0. 0. 0. 0. 0. 0. 0. 0. 0. 0. 1. 0. 1. 0. 0. 0.],500,100,0.1,0.003,1,3,best,79,first
465,0.0013814347046099999,0.0013814347046099999,0.004768445207,[0.       0.       0.       0.       0.       0.       0.       0.       0.       0.       0.       0.       0.       0.       0.       0.       0.       0.       0.       0.       0.       0.       0.       0.       0.       0.989999 0.       0.01     0.       0.       0.      ],[0. 0. 0. 0. 0. 0. 0. 0. 0. 0. 0. 0. 0. 0. 0. 0. 0. 0. 0. 0. 0. 0. 0. 0. 0. 1. 0. 1. 0. 0. 0.],500,100,0.1,0.003,1,3,best,79,first
466,0.0013814347046099999,0.0013814347046099999,0.004768445207,[0.       0.       0.       0.       0.       0.       0.       0.       0.       0.       0.       0.       0.       0.       0.       0.       0.       0.       0.       0.       0.       0.       0.       0.       0.       0.989999 0.       0.01     0.       0.       0.      ],[0. 0. 0. 0. 0. 0. 0. 0. 0. 0. 0. 0. 0. 0. 0. 0. 0. 0. 0. 0. 0. 0. 0. 0. 0. 1. 0. 1. 0. 0. 0.],500,100,0.1,0.003,1,3,best,79,first
467,0.0013814347046099999,0.0013814347046099999,0.004768445207,[0.       0.       0.       0.       0.       0.       0.       0.       0.       0.       0.       0.       0.       0.       0.       0.       0.       0.       0.       0.       0.       0.       0.       0.       0.       0.989999 0.       0.01     0.       0.       0.      ],[0. 0. 0. 0. 0. 0. 0. 0. 0. 0. 0. 0. 0. 0. 0. 0. 0. 0. 0. 0. 0. 0. 0. 0. 0. 1. 0. 1. 0. 0. 0.],500,100,0.1,0.003,1,3,best,79,first
468,0.0013814347046099999,0.0013814347046099999,0.004768445207,[0.       0.       0.       0.       0.       0.       0.       0.       0.       0.       0.       0.       0.       0.       0.       0.       0.       0.       0.       0.       0.       0.       0.       0.       0.       0.989999 0.       0.01     0.       0.       0.      ],[0. 0. 0. 0. 0. 0. 0. 0. 0. 0. 0. 0. 0. 0. 0. 0. 0. 0. 0. 0. 0. 0. 0. 0. 0. 1. 0. 1. 0. 0. 0.],500,100,0.1,0.003,1,3,best,79,first
469,0.0013814347046099999,0.0013814347046099999,0.004768445207,[0.       0.       0.       0.       0.       0.       0.       0.       0.       0.       0.       0.       0.       0.       0.       0.       0.       0.       0.       0.       0.       0.       0.       0.       0.       0.989999 0.       0.01     0.       0.       0.      ],[0. 0. 0. 0. 0. 0. 0. 0. 0. 0. 0. 0. 0. 0. 0. 0. 0. 0. 0. 0. 0. 0. 0. 0. 0. 1. 0. 1. 0. 0. 0.],500,100,0.1,0.003,1,3,best,79,first
470,0.0013814347046099999,0.0013814347046099999,0.004768445207,[0.       0.       0.       0.       0.       0.       0.       0.       0.       0.       0.       0.       0.       0.       0.       0.       0.       0.       0.       0.       0.       0.       0.       0.       0.       0.989999 0.       0.01     0.       0.       0.      ],[0. 0. 0. 0. 0. 0. 0. 0. 0. 0. 0. 0. 0. 0. 0. 0. 0. 0. 0. 0. 0. 0. 0. 0. 0. 1. 0. 1. 0. 0. 0.],500,100,0.1,0.003,1,3,best,79,first
471,0.0013814347046099999,0.0013814347046099999,0.004768445207,[0.       0.       0.       0.       0.       0.       0.       0.       0.       0.       0.       0.       0.       0.       0.       0.       0.       0.       0.       0.       0.       0.       0.       0.       0.       0.989999 0.       0.01     0.       0.       0.      ],[0. 0. 0. 0. 0. 0. 0. 0. 0. 0. 0. 0. 0. 0. 0. 0. 0. 0. 0. 0. 0. 0. 0. 0. 0. 1. 0. 1. 0. 0. 0.],500,100,0.1,0.003,1,3,best,79,first
472,0.0013814347046099999,0.0013814347046099999,0.004768445207,[0.       0.       0.       0.       0.       0.       0.       0.       0.       0.       0.       0.       0.       0.       0.       0.       0.       0.       0.       0.       0.       0.       0.       0.       0.       0.989999 0.       0.01     0.       0.       0.      ],[0. 0. 0. 0. 0. 0. 0. 0. 0. 0. 0. 0. 0. 0. 0. 0. 0. 0. 0. 0. 0. 0. 0. 0. 0. 1. 0. 1. 0. 0. 0.],500,100,0.1,0.003,1,3,best,79,first
473,0.0013814347046099999,0.0013814347046099999,0.004768445207,[0.       0.       0.       0.       0.       0.       0.       0.       0.       0.       0.       0.       0.       0.       0.       0.       0.       0.       0.       0.       0.       0.       0.       0.       0.       0.989999 0.       0.01     0.       0.       0.      ],[0. 0. 0. 0. 0. 0. 0. 0. 0. 0. 0. 0. 0. 0. 0. 0. 0. 0. 0. 0. 0. 0. 0. 0. 0. 1. 0. 1. 0. 0. 0.],500,100,0.1,0.003,1,3,best,79,first
474,0.0013814347046099999,0.0013814347046099999,0.004768445207,[0.       0.       0.       0.       0.       0.       0.       0.       0.       0.       0.       0.       0.       0.       0.       0.       0.       0.       0.       0.       0.       0.       0.       0.       0.       0.989999 0.       0.01     0.       0.       0.      ],[0. 0. 0. 0. 0. 0. 0. 0. 0. 0. 0. 0. 0. 0. 0. 0. 0. 0. 0. 0. 0. 0. 0. 0. 0. 1. 0. 1. 0. 0. 0.],500,100,0.1,0.003,1,3,best,79,first
475,0.0013814347046099999,0.0013814347046099999,0.004768445207,[0.       0.       0.       0.       0.       0.       0.       0.       0.       0.       0.       0.       0.       0.       0.       0.       0.       0.       0.       0.       0.       0.       0.       0.       0.       0.989999 0.       0.01     0.       0.       0.      ],[0. 0. 0. 0. 0. 0. 0. 0. 0. 0. 0. 0. 0. 0. 0. 0. 0. 0. 0. 0. 0. 0. 0. 0. 0. 1. 0. 1. 0. 0. 0.],500,100,0.1,0.003,1,3,best,79,first
476,0.0013814347046099999,0.0013814347046099999,0.004768445207,[0.       0.       0.       0.       0.       0.       0.       0.       0.       0.       0.       0.       0.       0.       0.       0.       0.       0.       0.       0.       0.       0.       0.       0.       0.       0.989999 0.       0.01     0.       0.       0.      ],[0. 0. 0. 0. 0. 0. 0. 0. 0. 0. 0. 0. 0. 0. 0. 0. 0. 0. 0. 0. 0. 0. 0. 0. 0. 1. 0. 1. 0. 0. 0.],500,100,0.1,0.003,1,3,best,79,first
477,0.0013814347046099999,0.0013814347046099999,0.004768445207,[0.       0.       0.       0.       0.       0.       0.       0.       0.       0.       0.       0.       0.       0.       0.       0.       0.       0.       0.       0.       0.       0.       0.       0.       0.       0.989999 0.       0.01     0.       0.       0.      ],[0. 0. 0. 0. 0. 0. 0. 0. 0. 0. 0. 0. 0. 0. 0. 0. 0. 0. 0. 0. 0. 0. 0. 0. 0. 1. 0. 1. 0. 0. 0.],500,100,0.1,0.003,1,3,best,79,first
478,0.0013814347046099999,0.0013814347046099999,0.004768445207,[0.       0.       0.       0.       0.       0.       0.       0.       0.       0.       0.       0.       0.       0.       0.       0.       0.       0.       0.       0.       0.       0.       0.       0.       0.       0.989999 0.       0.01     0.       0.       0.      ],[0. 0. 0. 0. 0. 0. 0. 0. 0. 0. 0. 0. 0. 0. 0. 0. 0. 0. 0. 0. 0. 0. 0. 0. 0. 1. 0. 1. 0. 0. 0.],500,100,0.1,0.003,1,3,best,79,first
479,0.0013814347046099999,0.0013814347046099999,0.004768445207,[0.       0.       0.       0.       0.       0.       0.       0.       0.       0.       0.       0.       0.       0.       0.       0.       0.       0.       0.       0.       0.       0.       0.       0.       0.       0.989999 0.       0.01     0.       0.       0.      ],[0. 0. 0. 0. 0. 0. 0. 0. 0. 0. 0. 0. 0. 0. 0. 0. 0. 0. 0. 0. 0. 0. 0. 0. 0. 1. 0. 1. 0. 0. 0.],500,100,0.1,0.003,1,3,best,79,first
480,0.0013814347046099999,0.0013814347046099999,0.004768445207,[0.       0.       0.       0.       0.       0.       0.       0.       0.       0.       0.       0.       0.       0.       0.       0.       0.       0.       0.       0.       0.       0.       0.       0.       0.       0.989999 0.       0.01     0.       0.       0.      ],[0. 0. 0. 0. 0. 0. 0. 0. 0. 0. 0. 0. 0. 0. 0. 0. 0. 0. 0. 0. 0. 0. 0. 0. 0. 1. 0. 1. 0. 0. 0.],500,100,0.1,0.003,1,3,best,79,first
481,0.0013814347046099999,0.0013814347046099999,0.004768445207,[0.       0.       0.       0.       0.       0.       0.       0.       0.       0.       0.       0.       0.       0.       0.       0.       0.       0.       0.       0.       0.       0.       0.       0.       0.       0.989999 0.       0.01     0.       0.       0.      ],[0. 0. 0. 0. 0. 0. 0. 0. 0. 0. 0. 0. 0. 0. 0. 0. 0. 0. 0. 0. 0. 0. 0. 0. 0. 1. 0. 1. 0. 0. 0.],500,100,0.1,0.003,1,3,best,79,first
482,0.0013814347046099999,0.0013814347046099999,0.004768445207,[0.       0.       0.       0.       0.       0.       0.       0.       0.       0.       0.       0.       0.       0.       0.       0.       0.       0.       0.       0.       0.       0.       0.       0.       0.       0.989999 0.       0.01     0.       0.       0.      ],[0. 0. 0. 0. 0. 0. 0. 0. 0. 0. 0. 0. 0. 0. 0. 0. 0. 0. 0. 0. 0. 0. 0. 0. 0. 1. 0. 1. 0. 0. 0.],500,100,0.1,0.003,1,3,best,79,first
483,0.0013814347046099999,0.0013814347046099999,0.004768445207,[0.       0.       0.       0.       0.       0.       0.       0.       0.       0.       0.       0.       0.       0.       0.       0.       0.       0.       0.       0.       0.       0.       0.       0.       0.       0.989999 0.       0.01     0.       0.       0.      ],[0. 0. 0. 0. 0. 0. 0. 0. 0. 0. 0. 0. 0. 0. 0. 0. 0. 0. 0. 0. 0. 0. 0. 0. 0. 1. 0. 1. 0. 0. 0.],500,100,0.1,0.003,1,3,best,79,first
484,0.0013814347046099999,0.0013814347046099999,0.004768445207,[0.       0.       0.       0.       0.       0.       0.       0.       0.       0.       0.       0.       0.       0.       0.       0.       0.       0.       0.       0.       0.       0.       0.       0.       0.       0.989999 0.       0.01     0.       0.       0.      ],[0. 0. 0. 0. 0. 0. 0. 0. 0. 0. 0. 0. 0. 0. 0. 0. 0. 0. 0. 0. 0. 0. 0. 0. 0. 1. 0. 1. 0. 0. 0.],500,100,0.1,0.003,1,3,best,79,first
485,0.0013814347046099999,0.0013814347046099999,0.004768445207,[0.       0.       0.       0.       0.       0.       0.       0.       0.       0.       0.       0.       0.       0.       0.       0.       0.       0.       0.       0.       0.       0.       0.       0.       0.       0.989999 0.       0.01     0.       0.       0.      ],[0. 0. 0. 0. 0. 0. 0. 0. 0. 0. 0. 0. 0. 0. 0. 0. 0. 0. 0. 0. 0. 0. 0. 0. 0. 1. 0. 1. 0. 0. 0.],500,100,0.1,0.003,1,3,best,79,first
486,0.0013814347046099999,0.0013814347046099999,0.004768445207,[0.       0.       0.       0.       0.       0.       0.       0.       0.       0.       0.       0.       0.       0.       0.       0.       0.       0.       0.       0.       0.       0.       0.       0.       0.       0.989999 0.       0.01     0.       0.       0.      ],[0. 0. 0. 0. 0. 0. 0. 0. 0. 0. 0. 0. 0. 0. 0. 0. 0. 0. 0. 0. 0. 0. 0. 0. 0. 1. 0. 1. 0. 0. 0.],500,100,0.1,0.003,1,3,best,79,first
487,0.0013814347046099999,0.0013814347046099999,0.004768445207,[0.       0.       0.       0.       0.       0.       0.       0.       0.       0.       0.       0.       0.       0.       0.       0.       0.       0.       0.       0.       0.       0.       0.       0.       0.       0.989999 0.       0.01     0.       0.       0.      ],[0. 0. 0. 0. 0. 0. 0. 0. 0. 0. 0. 0. 0. 0. 0. 0. 0. 0. 0. 0. 0. 0. 0. 0. 0. 1. 0. 1. 0. 0. 0.],500,100,0.1,0.003,1,3,best,79,first
488,0.0013814347046099999,0.0013814347046099999,0.004768445207,[0.       0.       0.       0.       0.       0.       0.       0.       0.       0.       0.       0.       0.       0.       0.       0.       0.       0.       0.       0.       0.       0.       0.       0.       0.       0.989999 0.       0.01     0.       0.       0.      ],[0. 0. 0. 0. 0. 0. 0. 0. 0. 0. 0. 0. 0. 0. 0. 0. 0. 0. 0. 0. 0. 0. 0. 0. 0. 1. 0. 1. 0. 0. 0.],500,100,0.1,0.003,1,3,best,79,first
489,0.0013814347046099999,0.0013814347046099999,0.004768445207,[0.       0.       0.       0.       0.       0.       0.       0.       0.       0.       0.       0.       0.       0.       0.       0.       0.       0.       0.       0.       0.       0.       0.       0.       0.       0.989999 0.       0.01     0.       0.       0.      ],[0. 0. 0. 0. 0. 0. 0. 0. 0. 0. 0. 0. 0. 0. 0. 0. 0. 0. 0. 0. 0. 0. 0. 0. 0. 1. 0. 1. 0. 0. 0.],500,100,0.1,0.003,1,3,best,79,first
490,0.0013814347046099999,0.0013814347046099999,0.004768445207,[0.       0.       0.       0.       0.       0.       0.       0.       0.       0.       0.       0.       0.       0.       0.       0.       0.       0.       0.       0.       0.       0.       0.       0.       0.       0.989999 0.       0.01     0.       0.       0.      ],[0. 0. 0. 0. 0. 0. 0. 0. 0. 0. 0. 0. 0. 0. 0. 0. 0. 0. 0. 0. 0. 0. 0. 0. 0. 1. 0. 1. 0. 0. 0.],500,100,0.1,0.003,1,3,best,79,first
491,0.0013814347046099999,0.0013814347046099999,0.004768445207,[0.       0.       0.       0.       0.       0.       0.       0.       0.       0.       0.       0.       0.       0.       0.       0.       0.       0.       0.       0.       0.       0.       0.       0.       0.       0.989999 0.       0.01     0.       0.       0.      ],[0. 0. 0. 0. 0. 0. 0. 0. 0. 0. 0. 0. 0. 0. 0. 0. 0. 0. 0. 0. 0. 0. 0. 0. 0. 1. 0. 1. 0. 0. 0.],500,100,0.1,0.003,1,3,best,79,first
492,0.0013814347046099999,0.0013814347046099999,0.004768445207,[0.       0.       0.       0.       0.       0.       0.       0.       0.       0.       0.       0.       0.       0.       0.       0.       0.       0.       0.       0.       0.       0.       0.       0.       0.       0.989999 0.       0.01     0.       0.       0.      ],[0. 0. 0. 0. 0. 0. 0. 0. 0. 0. 0. 0. 0. 0. 0. 0. 0. 0. 0. 0. 0. 0. 0. 0. 0. 1. 0. 1. 0. 0. 0.],500,100,0.1,0.003,1,3,best,79,first
493,0.0013814347046099999,0.0013814347046099999,0.004768445207,[0.       0.       0.       0.       0.       0.       0.       0.       0.       0.       0.       0.       0.       0.       0.       0.       0.       0.       0.       0.       0.       0.       0.       0.       0.       0.989999 0.       0.01     0.       0.       0.      ],[0. 0. 0. 0. 0. 0. 0. 0. 0. 0. 0. 0. 0. 0. 0. 0. 0. 0. 0. 0. 0. 0. 0. 0. 0. 1. 0. 1. 0. 0. 0.],500,100,0.1,0.003,1,3,best,79,first
494,0.0013814347046099999,0.0013814347046099999,0.004768445207,[0.       0.       0.       0.       0.       0.       0.       0.       0.       0.       0.       0.       0.       0.       0.       0.       0.       0.       0.       0.       0.       0.       0.       0.       0.       0.989999 0.       0.01     0.       0.       0.      ],[0. 0. 0. 0. 0. 0. 0. 0. 0. 0. 0. 0. 0. 0. 0. 0. 0. 0. 0. 0. 0. 0. 0. 0. 0. 1. 0. 1. 0. 0. 0.],500,100,0.1,0.003,1,3,best,79,first
495,0.0013814347046099999,0.0013814347046099999,0.004768445207,[0.       0.       0.       0.       0.       0.       0.       0.       0.       0.       0.       0.       0.       0.       0.       0.       0.       0.       0.       0.       0.       0.       0.       0.       0.       0.989999 0.       0.01     0.       0.       0.      ],[0. 0. 0. 0. 0. 0. 0. 0. 0. 0. 0. 0. 0. 0. 0. 0. 0. 0. 0. 0. 0. 0. 0. 0. 0. 1. 0. 1. 0. 0. 0.],500,100,0.1,0.003,1,3,best,79,first
496,0.0013814347046099999,0.0013814347046099999,0.004768445207,[0.       0.       0.       0.       0.       0.       0.       0.       0.       0.       0.       0.       0.       0.       0.       0.       0.       0.       0.       0.       0.       0.       0.       0.       0.       0.989999 0.       0.01     0.       0.       0.      ],[0. 0. 0. 0. 0. 0. 0. 0. 0. 0. 0. 0. 0. 0. 0. 0. 0. 0. 0. 0. 0. 0. 0. 0. 0. 1. 0. 1. 0. 0. 0.],500,100,0.1,0.003,1,3,best,79,first
497,0.0013814347046099999,0.0013814347046099999,0.004768445207,[0.       0.       0.       0.       0.       0.       0.       0.       0.       0.       0.       0.       0.       0.       0.       0.       0.       0.       0.       0.       0.       0.       0.       0.       0.       0.989999 0.       0.01     0.       0.       0.      ],[0. 0. 0. 0. 0. 0. 0. 0. 0. 0. 0. 0. 0. 0. 0. 0. 0. 0. 0. 0. 0. 0. 0. 0. 0. 1. 0. 1. 0. 0. 0.],500,100,0.1,0.003,1,3,best,79,first
498,0.0013814347046099999,0.0013814347046099999,0.004768445207,[0.       0.       0.       0.       0.       0.       0.       0.       0.       0.       0.       0.       0.       0.       0.       0.       0.       0.       0.       0.       0.       0.       0.       0.       0.       0.989999 0.       0.01     0.       0.       0.      ],[0. 0. 0. 0. 0. 0. 0. 0. 0. 0. 0. 0. 0. 0. 0. 0. 0. 0. 0. 0. 0. 0. 0. 0. 0. 1. 0. 1. 0. 0. 0.],500,100,0.1,0.003,1,3,best,79,first
499,0.0013814347046099999,0.0013814347046099999,0.004768445207,[0.       0.       0.       0.       0.       0.       0.       0.       0.       0.       0.       0.       0.       0.       0.       0.       0.       0.       0.       0.       0.       0.       0.       0.       0.       0.989999 0.       0.01     0.       0.       0.      ],[0. 0. 0. 0. 0. 0. 0. 0. 0. 0. 0. 0. 0. 0. 0. 0. 0. 0. 0. 0. 0. 0. 0. 0. 0. 1. 0. 1. 0. 0. 0.],500,100,0.1,0.003,1,3,best,79,first
