iter,obj,aug_obj,return,X,Z,max_iter,neighbours,alpha,exp_return,n_port,k,move_strategy,seed,selection_strategy
0,0.20543058403840778,0.20543058403840778,0.0031622926829999996,[0.       0.       0.       0.106413 0.01     0.       0.       0.010072 0.013078 0.       0.       0.123487 0.051579 0.       0.       0.       0.       0.087913 0.       0.072039 0.121144 0.127182 0.       0.091595 0.       0.       0.       0.110433 0.       0.       0.      ],[0. 0. 0. 1. 1. 0. 0. 1. 1. 0. 0. 1. 1. 0. 0. 0. 0. 1. 0. 1. 1. 1. 0. 1. 0. 0. 0. 1. 0. 0. 0.],500,100,0.1,0.0005,1,13,iDR,16,random
1,0.17908396526630635,0.17908396526630635,0.0028188303289999996,[0.       0.       0.       0.106413 0.       0.       0.       0.010072 0.013078 0.       0.       0.123487 0.051579 0.       0.       0.       0.       0.087913 0.       0.072039 0.121144 0.127182 0.       0.091595 0.       0.       0.       0.01     0.       0.       0.      ],[0. 0. 0. 1. 0. 0. 0. 1. 1. 0. 0. 1. 1. 0. 0. 0. 0. 1. 0. 1. 1. 1. 0. 1. 0. 0. 0. 1. 0. 0. 0.],500,100,0.1,0.0005,1,13,iDR,16,random
2,0.1262624075477795,0.1262624075477795,0.0021789890989999997,[0.       0.       0.       0.106413 0.       0.       0.       0.       0.013078 0.       0.       0.010072 0.051579 0.       0.       0.       0.       0.087913 0.       0.072039 0.121144 0.127182 0.       0.091595 0.       0.       0.       0.01     0.       0.       0.      ],[0. 0. 0. 1. 0. 0. 0. 0. 1. 0. 0. 1. 1. 0. 0. 0. 0. 1. 0. 1. 1. 1. 0. 1. 0. 0. 0. 1. 0. 0. 0.],500,100,0.1,0.0005,1,13,iDR,16,random
3,0.09136065977925573,0.09136065977925573,0.0018421211089999997,[0.       0.       0.       0.106413 0.       0.       0.       0.       0.013078 0.       0.       0.010072 0.051579 0.       0.       0.       0.       0.087913 0.       0.072039 0.121144 0.127182 0.       0.01     0.       0.       0.       0.       0.       0.       0.      ],[0. 0. 0. 1. 0. 0. 0. 0. 1. 0. 0. 1. 1. 0. 0. 0. 0. 1. 0. 1. 1. 1. 0. 1. 0. 0. 0. 0. 0. 0. 0.],500,100,0.1,0.0005,1,13,iDR,16,random
4,0.055795635875800165,0.055795635875800165,0.001583516131,[0.       0.       0.       0.106413 0.       0.       0.       0.       0.013078 0.       0.       0.010072 0.051579 0.       0.       0.       0.       0.087913 0.       0.072039 0.121144 0.01     0.       0.       0.       0.       0.       0.       0.       0.       0.      ],[0. 0. 0. 1. 0. 0. 0. 0. 1. 0. 0. 1. 1. 0. 0. 0. 0. 1. 0. 1. 1. 1. 0. 0. 0. 0. 0. 0. 0. 0. 0.],500,100,0.1,0.0005,1,13,iDR,16,random
5,0.03692142721469269,0.03692142721469269,0.0012668768919999998,[0.       0.       0.       0.106413 0.       0.       0.       0.       0.013078 0.       0.       0.010072 0.051579 0.       0.       0.       0.       0.087913 0.       0.01     0.121144 0.       0.       0.       0.       0.       0.       0.       0.       0.       0.      ],[0. 0. 0. 1. 0. 0. 0. 0. 1. 0. 0. 1. 1. 0. 0. 0. 0. 1. 0. 1. 1. 0. 0. 0. 0. 0. 0. 0. 0. 0. 0.],500,100,0.1,0.0005,1,13,iDR,16,random
6,0.015516346324938295,0.015516346324938295,0.0009188892359999998,[0.       0.       0.       0.106413 0.       0.       0.       0.       0.013078 0.       0.       0.010072 0.051579 0.       0.       0.       0.       0.087913 0.       0.       0.01     0.       0.       0.       0.       0.       0.       0.       0.       0.       0.      ],[0. 0. 0. 1. 0. 0. 0. 0. 1. 0. 0. 1. 1. 0. 0. 0. 0. 1. 0. 0. 1. 0. 0. 0. 0. 0. 0. 0. 0. 0. 0.],500,100,0.1,0.0005,1,13,iDR,16,random
7,0.006126921957702037,0.006126921957702037,0.0008613573399999999,[0.       0.       0.       0.106413 0.       0.       0.       0.       0.013078 0.       0.       0.010072 0.051579 0.       0.       0.       0.       0.01     0.       0.       0.       0.       0.       0.       0.       0.       0.       0.       0.       0.       0.      ],[0. 0. 0. 1. 0. 0. 0. 0. 1. 0. 0. 1. 1. 0. 0. 0. 0. 1. 0. 0. 0. 0. 0. 0. 0. 0. 0. 0. 0. 0. 0.],500,100,0.1,0.0005,1,13,iDR,16,random
8,0.0022238549077805898,0.0022238549077805898,0.0006707892089999999,[0.       0.       0.       0.106413 0.       0.       0.       0.       0.013078 0.       0.       0.010072 0.01     0.       0.       0.       0.       0.       0.       0.       0.       0.       0.       0.       0.       0.       0.       0.       0.       0.       0.      ],[0. 0. 0. 1. 0. 0. 0. 0. 1. 0. 0. 1. 1. 0. 0. 0. 0. 0. 0. 0. 0. 0. 0. 0. 0. 0. 0. 0. 0. 0. 0.],500,100,0.1,0.0005,1,13,iDR,16,random
9,0.00134192845707492,0.00134192845707492,0.0006039992389999999,[0.       0.       0.       0.106413 0.       0.       0.       0.       0.01     0.       0.       0.010072 0.       0.       0.       0.       0.       0.       0.       0.       0.       0.       0.       0.       0.       0.       0.       0.       0.       0.       0.      ],[0. 0. 0. 1. 0. 0. 0. 0. 1. 0. 0. 1. 0. 0. 0. 0. 0. 0. 0. 0. 0. 0. 0. 0. 0. 0. 0. 0. 0. 0. 0.],500,100,0.1,0.0005,1,13,iDR,16,random
10,0.0008880794429200001,0.0008880794429200001,0.000574984695,[0.       0.       0.       0.106413 0.       0.       0.       0.       0.01     0.       0.       0.       0.       0.       0.       0.       0.       0.       0.       0.       0.       0.       0.       0.       0.       0.       0.       0.01     0.       0.       0.      ],[0. 0. 0. 1. 0. 0. 0. 0. 1. 0. 0. 0. 0. 0. 0. 0. 0. 0. 0. 0. 0. 0. 0. 0. 0. 0. 0. 1. 0. 0. 0.],500,100,0.1,0.0005,1,13,iDR,16,random
11,0.00067080304032,0.00067080304032,0.000551764695,[0.       0.       0.       0.106413 0.       0.       0.       0.       0.       0.       0.       0.       0.       0.       0.       0.       0.       0.       0.       0.       0.       0.       0.       0.       0.       0.01     0.       0.01     0.       0.       0.      ],[0. 0. 0. 1. 0. 0. 0. 0. 0. 0. 0. 0. 0. 0. 0. 0. 0. 0. 0. 0. 0. 0. 0. 0. 0. 1. 0. 1. 0. 0. 0.],500,100,0.1,0.0005,1,13,iDR,16,random
12,0.00032048083971,0.00032048083971,0.0005038346949999999,[0.       0.       0.       0.106413 0.       0.       0.       0.       0.       0.       0.       0.       0.       0.       0.       0.       0.       0.       0.       0.       0.       0.       0.       0.       0.       0.       0.       0.01     0.       0.       0.      ],[0. 0. 0. 1. 0. 0. 0. 0. 0. 0. 0. 0. 0. 0. 0. 0. 0. 0. 0. 0. 0. 0. 0. 0. 0. 0. 0. 1. 0. 0. 0.],500,100,0.1,0.0005,1,13,iDR,16,random
13,0.00032048083971,0.00032048083971,0.0005038346949999999,[0.       0.       0.       0.106413 0.       0.       0.       0.       0.       0.       0.       0.       0.       0.       0.       0.       0.       0.       0.       0.       0.       0.       0.       0.       0.       0.       0.       0.01     0.       0.       0.      ],[0. 0. 0. 1. 0. 0. 0. 0. 0. 0. 0. 0. 0. 0. 0. 0. 0. 0. 0. 0. 0. 0. 0. 0. 0. 0. 0. 1. 0. 0. 0.],500,100,0.1,0.0005,1,13,iDR,16,random
14,0.00032048083971,0.00032048083971,0.0005038346949999999,[0.       0.       0.       0.106413 0.       0.       0.       0.       0.       0.       0.       0.       0.       0.       0.       0.       0.       0.       0.       0.       0.       0.       0.       0.       0.       0.       0.       0.01     0.       0.       0.      ],[0. 0. 0. 1. 0. 0. 0. 0. 0. 0. 0. 0. 0. 0. 0. 0. 0. 0. 0. 0. 0. 0. 0. 0. 0. 0. 0. 1. 0. 0. 0.],500,100,0.1,0.0005,1,13,iDR,16,random
15,0.00032048083971,0.00032048083971,0.0005038346949999999,[0.       0.       0.       0.106413 0.       0.       0.       0.       0.       0.       0.       0.       0.       0.       0.       0.       0.       0.       0.       0.       0.       0.       0.       0.       0.       0.       0.       0.01     0.       0.       0.      ],[0. 0. 0. 1. 0. 0. 0. 0. 0. 0. 0. 0. 0. 0. 0. 0. 0. 0. 0. 0. 0. 0. 0. 0. 0. 0. 0. 1. 0. 0. 0.],500,100,0.1,0.0005,1,13,iDR,16,random
16,0.00032048083971,0.00032048083971,0.0005038346949999999,[0.       0.       0.       0.106413 0.       0.       0.       0.       0.       0.       0.       0.       0.       0.       0.       0.       0.       0.       0.       0.       0.       0.       0.       0.       0.       0.       0.       0.01     0.       0.       0.      ],[0. 0. 0. 1. 0. 0. 0. 0. 0. 0. 0. 0. 0. 0. 0. 0. 0. 0. 0. 0. 0. 0. 0. 0. 0. 0. 0. 1. 0. 0. 0.],500,100,0.1,0.0005,1,13,iDR,16,random
17,0.00032048083971,0.00032048083971,0.0005038346949999999,[0.       0.       0.       0.106413 0.       0.       0.       0.       0.       0.       0.       0.       0.       0.       0.       0.       0.       0.       0.       0.       0.       0.       0.       0.       0.       0.       0.       0.01     0.       0.       0.      ],[0. 0. 0. 1. 0. 0. 0. 0. 0. 0. 0. 0. 0. 0. 0. 0. 0. 0. 0. 0. 0. 0. 0. 0. 0. 0. 0. 1. 0. 0. 0.],500,100,0.1,0.0005,1,13,iDR,16,random
18,0.00032048083971,0.00032048083971,0.0005038346949999999,[0.       0.       0.       0.106413 0.       0.       0.       0.       0.       0.       0.       0.       0.       0.       0.       0.       0.       0.       0.       0.       0.       0.       0.       0.       0.       0.       0.       0.01     0.       0.       0.      ],[0. 0. 0. 1. 0. 0. 0. 0. 0. 0. 0. 0. 0. 0. 0. 0. 0. 0. 0. 0. 0. 0. 0. 0. 0. 0. 0. 1. 0. 0. 0.],500,100,0.1,0.0005,1,13,iDR,16,random
19,0.00032048083971,0.00032048083971,0.0005038346949999999,[0.       0.       0.       0.106413 0.       0.       0.       0.       0.       0.       0.       0.       0.       0.       0.       0.       0.       0.       0.       0.       0.       0.       0.       0.       0.       0.       0.       0.01     0.       0.       0.      ],[0. 0. 0. 1. 0. 0. 0. 0. 0. 0. 0. 0. 0. 0. 0. 0. 0. 0. 0. 0. 0. 0. 0. 0. 0. 0. 0. 1. 0. 0. 0.],500,100,0.1,0.0005,1,13,iDR,16,random
20,0.00032048083971,0.00032048083971,0.0005038346949999999,[0.       0.       0.       0.106413 0.       0.       0.       0.       0.       0.       0.       0.       0.       0.       0.       0.       0.       0.       0.       0.       0.       0.       0.       0.       0.       0.       0.       0.01     0.       0.       0.      ],[0. 0. 0. 1. 0. 0. 0. 0. 0. 0. 0. 0. 0. 0. 0. 0. 0. 0. 0. 0. 0. 0. 0. 0. 0. 0. 0. 1. 0. 0. 0.],500,100,0.1,0.0005,1,13,iDR,16,random
21,0.00032048083971,0.00032048083971,0.0005038346949999999,[0.       0.       0.       0.106413 0.       0.       0.       0.       0.       0.       0.       0.       0.       0.       0.       0.       0.       0.       0.       0.       0.       0.       0.       0.       0.       0.       0.       0.01     0.       0.       0.      ],[0. 0. 0. 1. 0. 0. 0. 0. 0. 0. 0. 0. 0. 0. 0. 0. 0. 0. 0. 0. 0. 0. 0. 0. 0. 0. 0. 1. 0. 0. 0.],500,100,0.1,0.0005,1,13,iDR,16,random
22,0.00032048083971,0.00032048083971,0.0005038346949999999,[0.       0.       0.       0.106413 0.       0.       0.       0.       0.       0.       0.       0.       0.       0.       0.       0.       0.       0.       0.       0.       0.       0.       0.       0.       0.       0.       0.       0.01     0.       0.       0.      ],[0. 0. 0. 1. 0. 0. 0. 0. 0. 0. 0. 0. 0. 0. 0. 0. 0. 0. 0. 0. 0. 0. 0. 0. 0. 0. 0. 1. 0. 0. 0.],500,100,0.1,0.0005,1,13,iDR,16,random
23,0.00032048083971,0.00032048083971,0.0005038346949999999,[0.       0.       0.       0.106413 0.       0.       0.       0.       0.       0.       0.       0.       0.       0.       0.       0.       0.       0.       0.       0.       0.       0.       0.       0.       0.       0.       0.       0.01     0.       0.       0.      ],[0. 0. 0. 1. 0. 0. 0. 0. 0. 0. 0. 0. 0. 0. 0. 0. 0. 0. 0. 0. 0. 0. 0. 0. 0. 0. 0. 1. 0. 0. 0.],500,100,0.1,0.0005,1,13,iDR,16,random
24,0.00032048083971,0.00032048083971,0.0005038346949999999,[0.       0.       0.       0.106413 0.       0.       0.       0.       0.       0.       0.       0.       0.       0.       0.       0.       0.       0.       0.       0.       0.       0.       0.       0.       0.       0.       0.       0.01     0.       0.       0.      ],[0. 0. 0. 1. 0. 0. 0. 0. 0. 0. 0. 0. 0. 0. 0. 0. 0. 0. 0. 0. 0. 0. 0. 0. 0. 0. 0. 1. 0. 0. 0.],500,100,0.1,0.0005,1,13,iDR,16,random
25,0.00032048083971,0.00032048083971,0.0005038346949999999,[0.       0.       0.       0.106413 0.       0.       0.       0.       0.       0.       0.       0.       0.       0.       0.       0.       0.       0.       0.       0.       0.       0.       0.       0.       0.       0.       0.       0.01     0.       0.       0.      ],[0. 0. 0. 1. 0. 0. 0. 0. 0. 0. 0. 0. 0. 0. 0. 0. 0. 0. 0. 0. 0. 0. 0. 0. 0. 0. 0. 1. 0. 0. 0.],500,100,0.1,0.0005,1,13,iDR,16,random
26,0.00032048083971,0.00032048083971,0.0005038346949999999,[0.       0.       0.       0.106413 0.       0.       0.       0.       0.       0.       0.       0.       0.       0.       0.       0.       0.       0.       0.       0.       0.       0.       0.       0.       0.       0.       0.       0.01     0.       0.       0.      ],[0. 0. 0. 1. 0. 0. 0. 0. 0. 0. 0. 0. 0. 0. 0. 0. 0. 0. 0. 0. 0. 0. 0. 0. 0. 0. 0. 1. 0. 0. 0.],500,100,0.1,0.0005,1,13,iDR,16,random
27,0.00032048083971,0.00032048083971,0.0005038346949999999,[0.       0.       0.       0.106413 0.       0.       0.       0.       0.       0.       0.       0.       0.       0.       0.       0.       0.       0.       0.       0.       0.       0.       0.       0.       0.       0.       0.       0.01     0.       0.       0.      ],[0. 0. 0. 1. 0. 0. 0. 0. 0. 0. 0. 0. 0. 0. 0. 0. 0. 0. 0. 0. 0. 0. 0. 0. 0. 0. 0. 1. 0. 0. 0.],500,100,0.1,0.0005,1,13,iDR,16,random
28,0.00032048083971,0.00032048083971,0.0005038346949999999,[0.       0.       0.       0.106413 0.       0.       0.       0.       0.       0.       0.       0.       0.       0.       0.       0.       0.       0.       0.       0.       0.       0.       0.       0.       0.       0.       0.       0.01     0.       0.       0.      ],[0. 0. 0. 1. 0. 0. 0. 0. 0. 0. 0. 0. 0. 0. 0. 0. 0. 0. 0. 0. 0. 0. 0. 0. 0. 0. 0. 1. 0. 0. 0.],500,100,0.1,0.0005,1,13,iDR,16,random
29,0.00032048083971,0.00032048083971,0.0005038346949999999,[0.       0.       0.       0.106413 0.       0.       0.       0.       0.       0.       0.       0.       0.       0.       0.       0.       0.       0.       0.       0.       0.       0.       0.       0.       0.       0.       0.       0.01     0.       0.       0.      ],[0. 0. 0. 1. 0. 0. 0. 0. 0. 0. 0. 0. 0. 0. 0. 0. 0. 0. 0. 0. 0. 0. 0. 0. 0. 0. 0. 1. 0. 0. 0.],500,100,0.1,0.0005,1,13,iDR,16,random
30,0.00032048083971,0.00032048083971,0.0005038346949999999,[0.       0.       0.       0.106413 0.       0.       0.       0.       0.       0.       0.       0.       0.       0.       0.       0.       0.       0.       0.       0.       0.       0.       0.       0.       0.       0.       0.       0.01     0.       0.       0.      ],[0. 0. 0. 1. 0. 0. 0. 0. 0. 0. 0. 0. 0. 0. 0. 0. 0. 0. 0. 0. 0. 0. 0. 0. 0. 0. 0. 1. 0. 0. 0.],500,100,0.1,0.0005,1,13,iDR,16,random
31,0.00032048083971,0.00032048083971,0.0005038346949999999,[0.       0.       0.       0.106413 0.       0.       0.       0.       0.       0.       0.       0.       0.       0.       0.       0.       0.       0.       0.       0.       0.       0.       0.       0.       0.       0.       0.       0.01     0.       0.       0.      ],[0. 0. 0. 1. 0. 0. 0. 0. 0. 0. 0. 0. 0. 0. 0. 0. 0. 0. 0. 0. 0. 0. 0. 0. 0. 0. 0. 1. 0. 0. 0.],500,100,0.1,0.0005,1,13,iDR,16,random
32,0.00032048083971,0.00032048083971,0.0005038346949999999,[0.       0.       0.       0.106413 0.       0.       0.       0.       0.       0.       0.       0.       0.       0.       0.       0.       0.       0.       0.       0.       0.       0.       0.       0.       0.       0.       0.       0.01     0.       0.       0.      ],[0. 0. 0. 1. 0. 0. 0. 0. 0. 0. 0. 0. 0. 0. 0. 0. 0. 0. 0. 0. 0. 0. 0. 0. 0. 0. 0. 1. 0. 0. 0.],500,100,0.1,0.0005,1,13,iDR,16,random
33,0.00032048083971,0.00032048083971,0.0005038346949999999,[0.       0.       0.       0.106413 0.       0.       0.       0.       0.       0.       0.       0.       0.       0.       0.       0.       0.       0.       0.       0.       0.       0.       0.       0.       0.       0.       0.       0.01     0.       0.       0.      ],[0. 0. 0. 1. 0. 0. 0. 0. 0. 0. 0. 0. 0. 0. 0. 0. 0. 0. 0. 0. 0. 0. 0. 0. 0. 0. 0. 1. 0. 0. 0.],500,100,0.1,0.0005,1,13,iDR,16,random
34,0.00032048083971,0.00032048083971,0.0005038346949999999,[0.       0.       0.       0.106413 0.       0.       0.       0.       0.       0.       0.       0.       0.       0.       0.       0.       0.       0.       0.       0.       0.       0.       0.       0.       0.       0.       0.       0.01     0.       0.       0.      ],[0. 0. 0. 1. 0. 0. 0. 0. 0. 0. 0. 0. 0. 0. 0. 0. 0. 0. 0. 0. 0. 0. 0. 0. 0. 0. 0. 1. 0. 0. 0.],500,100,0.1,0.0005,1,13,iDR,16,random
35,0.00032048083971,0.00032048083971,0.0005038346949999999,[0.       0.       0.       0.106413 0.       0.       0.       0.       0.       0.       0.       0.       0.       0.       0.       0.       0.       0.       0.       0.       0.       0.       0.       0.       0.       0.       0.       0.01     0.       0.       0.      ],[0. 0. 0. 1. 0. 0. 0. 0. 0. 0. 0. 0. 0. 0. 0. 0. 0. 0. 0. 0. 0. 0. 0. 0. 0. 0. 0. 1. 0. 0. 0.],500,100,0.1,0.0005,1,13,iDR,16,random
36,0.00032048083971,0.00032048083971,0.0005038346949999999,[0.       0.       0.       0.106413 0.       0.       0.       0.       0.       0.       0.       0.       0.       0.       0.       0.       0.       0.       0.       0.       0.       0.       0.       0.       0.       0.       0.       0.01     0.       0.       0.      ],[0. 0. 0. 1. 0. 0. 0. 0. 0. 0. 0. 0. 0. 0. 0. 0. 0. 0. 0. 0. 0. 0. 0. 0. 0. 0. 0. 1. 0. 0. 0.],500,100,0.1,0.0005,1,13,iDR,16,random
37,0.00032048083971,0.00032048083971,0.0005038346949999999,[0.       0.       0.       0.106413 0.       0.       0.       0.       0.       0.       0.       0.       0.       0.       0.       0.       0.       0.       0.       0.       0.       0.       0.       0.       0.       0.       0.       0.01     0.       0.       0.      ],[0. 0. 0. 1. 0. 0. 0. 0. 0. 0. 0. 0. 0. 0. 0. 0. 0. 0. 0. 0. 0. 0. 0. 0. 0. 0. 0. 1. 0. 0. 0.],500,100,0.1,0.0005,1,13,iDR,16,random
38,0.00032048083971,0.00032048083971,0.0005038346949999999,[0.       0.       0.       0.106413 0.       0.       0.       0.       0.       0.       0.       0.       0.       0.       0.       0.       0.       0.       0.       0.       0.       0.       0.       0.       0.       0.       0.       0.01     0.       0.       0.      ],[0. 0. 0. 1. 0. 0. 0. 0. 0. 0. 0. 0. 0. 0. 0. 0. 0. 0. 0. 0. 0. 0. 0. 0. 0. 0. 0. 1. 0. 0. 0.],500,100,0.1,0.0005,1,13,iDR,16,random
39,0.00032048083971,0.00032048083971,0.0005038346949999999,[0.       0.       0.       0.106413 0.       0.       0.       0.       0.       0.       0.       0.       0.       0.       0.       0.       0.       0.       0.       0.       0.       0.       0.       0.       0.       0.       0.       0.01     0.       0.       0.      ],[0. 0. 0. 1. 0. 0. 0. 0. 0. 0. 0. 0. 0. 0. 0. 0. 0. 0. 0. 0. 0. 0. 0. 0. 0. 0. 0. 1. 0. 0. 0.],500,100,0.1,0.0005,1,13,iDR,16,random
40,0.00032048083971,0.00032048083971,0.0005038346949999999,[0.       0.       0.       0.106413 0.       0.       0.       0.       0.       0.       0.       0.       0.       0.       0.       0.       0.       0.       0.       0.       0.       0.       0.       0.       0.       0.       0.       0.01     0.       0.       0.      ],[0. 0. 0. 1. 0. 0. 0. 0. 0. 0. 0. 0. 0. 0. 0. 0. 0. 0. 0. 0. 0. 0. 0. 0. 0. 0. 0. 1. 0. 0. 0.],500,100,0.1,0.0005,1,13,iDR,16,random
41,0.00032048083971,0.00032048083971,0.0005038346949999999,[0.       0.       0.       0.106413 0.       0.       0.       0.       0.       0.       0.       0.       0.       0.       0.       0.       0.       0.       0.       0.       0.       0.       0.       0.       0.       0.       0.       0.01     0.       0.       0.      ],[0. 0. 0. 1. 0. 0. 0. 0. 0. 0. 0. 0. 0. 0. 0. 0. 0. 0. 0. 0. 0. 0. 0. 0. 0. 0. 0. 1. 0. 0. 0.],500,100,0.1,0.0005,1,13,iDR,16,random
42,0.00032048083971,0.00032048083971,0.0005038346949999999,[0.       0.       0.       0.106413 0.       0.       0.       0.       0.       0.       0.       0.       0.       0.       0.       0.       0.       0.       0.       0.       0.       0.       0.       0.       0.       0.       0.       0.01     0.       0.       0.      ],[0. 0. 0. 1. 0. 0. 0. 0. 0. 0. 0. 0. 0. 0. 0. 0. 0. 0. 0. 0. 0. 0. 0. 0. 0. 0. 0. 1. 0. 0. 0.],500,100,0.1,0.0005,1,13,iDR,16,random
43,0.00032048083971,0.00032048083971,0.0005038346949999999,[0.       0.       0.       0.106413 0.       0.       0.       0.       0.       0.       0.       0.       0.       0.       0.       0.       0.       0.       0.       0.       0.       0.       0.       0.       0.       0.       0.       0.01     0.       0.       0.      ],[0. 0. 0. 1. 0. 0. 0. 0. 0. 0. 0. 0. 0. 0. 0. 0. 0. 0. 0. 0. 0. 0. 0. 0. 0. 0. 0. 1. 0. 0. 0.],500,100,0.1,0.0005,1,13,iDR,16,random
44,0.00032048083971,0.00032048083971,0.0005038346949999999,[0.       0.       0.       0.106413 0.       0.       0.       0.       0.       0.       0.       0.       0.       0.       0.       0.       0.       0.       0.       0.       0.       0.       0.       0.       0.       0.       0.       0.01     0.       0.       0.      ],[0. 0. 0. 1. 0. 0. 0. 0. 0. 0. 0. 0. 0. 0. 0. 0. 0. 0. 0. 0. 0. 0. 0. 0. 0. 0. 0. 1. 0. 0. 0.],500,100,0.1,0.0005,1,13,iDR,16,random
45,0.00032048083971,0.00032048083971,0.0005038346949999999,[0.       0.       0.       0.106413 0.       0.       0.       0.       0.       0.       0.       0.       0.       0.       0.       0.       0.       0.       0.       0.       0.       0.       0.       0.       0.       0.       0.       0.01     0.       0.       0.      ],[0. 0. 0. 1. 0. 0. 0. 0. 0. 0. 0. 0. 0. 0. 0. 0. 0. 0. 0. 0. 0. 0. 0. 0. 0. 0. 0. 1. 0. 0. 0.],500,100,0.1,0.0005,1,13,iDR,16,random
46,0.00032048083971,0.00032048083971,0.0005038346949999999,[0.       0.       0.       0.106413 0.       0.       0.       0.       0.       0.       0.       0.       0.       0.       0.       0.       0.       0.       0.       0.       0.       0.       0.       0.       0.       0.       0.       0.01     0.       0.       0.      ],[0. 0. 0. 1. 0. 0. 0. 0. 0. 0. 0. 0. 0. 0. 0. 0. 0. 0. 0. 0. 0. 0. 0. 0. 0. 0. 0. 1. 0. 0. 0.],500,100,0.1,0.0005,1,13,iDR,16,random
47,0.00032048083971,0.00032048083971,0.0005038346949999999,[0.       0.       0.       0.106413 0.       0.       0.       0.       0.       0.       0.       0.       0.       0.       0.       0.       0.       0.       0.       0.       0.       0.       0.       0.       0.       0.       0.       0.01     0.       0.       0.      ],[0. 0. 0. 1. 0. 0. 0. 0. 0. 0. 0. 0. 0. 0. 0. 0. 0. 0. 0. 0. 0. 0. 0. 0. 0. 0. 0. 1. 0. 0. 0.],500,100,0.1,0.0005,1,13,iDR,16,random
48,0.00032048083971,0.00032048083971,0.0005038346949999999,[0.       0.       0.       0.106413 0.       0.       0.       0.       0.       0.       0.       0.       0.       0.       0.       0.       0.       0.       0.       0.       0.       0.       0.       0.       0.       0.       0.       0.01     0.       0.       0.      ],[0. 0. 0. 1. 0. 0. 0. 0. 0. 0. 0. 0. 0. 0. 0. 0. 0. 0. 0. 0. 0. 0. 0. 0. 0. 0. 0. 1. 0. 0. 0.],500,100,0.1,0.0005,1,13,iDR,16,random
49,0.00032048083971,0.00032048083971,0.0005038346949999999,[0.       0.       0.       0.106413 0.       0.       0.       0.       0.       0.       0.       0.       0.       0.       0.       0.       0.       0.       0.       0.       0.       0.       0.       0.       0.       0.       0.       0.01     0.       0.       0.      ],[0. 0. 0. 1. 0. 0. 0. 0. 0. 0. 0. 0. 0. 0. 0. 0. 0. 0. 0. 0. 0. 0. 0. 0. 0. 0. 0. 1. 0. 0. 0.],500,100,0.1,0.0005,1,13,iDR,16,random
50,0.00032048083971,0.00032048083971,0.0005038346949999999,[0.       0.       0.       0.106413 0.       0.       0.       0.       0.       0.       0.       0.       0.       0.       0.       0.       0.       0.       0.       0.       0.       0.       0.       0.       0.       0.       0.       0.01     0.       0.       0.      ],[0. 0. 0. 1. 0. 0. 0. 0. 0. 0. 0. 0. 0. 0. 0. 0. 0. 0. 0. 0. 0. 0. 0. 0. 0. 0. 0. 1. 0. 0. 0.],500,100,0.1,0.0005,1,13,iDR,16,random
51,0.00032048083971,0.00032048083971,0.0005038346949999999,[0.       0.       0.       0.106413 0.       0.       0.       0.       0.       0.       0.       0.       0.       0.       0.       0.       0.       0.       0.       0.       0.       0.       0.       0.       0.       0.       0.       0.01     0.       0.       0.      ],[0. 0. 0. 1. 0. 0. 0. 0. 0. 0. 0. 0. 0. 0. 0. 0. 0. 0. 0. 0. 0. 0. 0. 0. 0. 0. 0. 1. 0. 0. 0.],500,100,0.1,0.0005,1,13,iDR,16,random
52,0.00032048083971,0.00032048083971,0.0005038346949999999,[0.       0.       0.       0.106413 0.       0.       0.       0.       0.       0.       0.       0.       0.       0.       0.       0.       0.       0.       0.       0.       0.       0.       0.       0.       0.       0.       0.       0.01     0.       0.       0.      ],[0. 0. 0. 1. 0. 0. 0. 0. 0. 0. 0. 0. 0. 0. 0. 0. 0. 0. 0. 0. 0. 0. 0. 0. 0. 0. 0. 1. 0. 0. 0.],500,100,0.1,0.0005,1,13,iDR,16,random
53,0.00032048083971,0.00032048083971,0.0005038346949999999,[0.       0.       0.       0.106413 0.       0.       0.       0.       0.       0.       0.       0.       0.       0.       0.       0.       0.       0.       0.       0.       0.       0.       0.       0.       0.       0.       0.       0.01     0.       0.       0.      ],[0. 0. 0. 1. 0. 0. 0. 0. 0. 0. 0. 0. 0. 0. 0. 0. 0. 0. 0. 0. 0. 0. 0. 0. 0. 0. 0. 1. 0. 0. 0.],500,100,0.1,0.0005,1,13,iDR,16,random
54,0.00032048083971,0.00032048083971,0.0005038346949999999,[0.       0.       0.       0.106413 0.       0.       0.       0.       0.       0.       0.       0.       0.       0.       0.       0.       0.       0.       0.       0.       0.       0.       0.       0.       0.       0.       0.       0.01     0.       0.       0.      ],[0. 0. 0. 1. 0. 0. 0. 0. 0. 0. 0. 0. 0. 0. 0. 0. 0. 0. 0. 0. 0. 0. 0. 0. 0. 0. 0. 1. 0. 0. 0.],500,100,0.1,0.0005,1,13,iDR,16,random
55,0.00032048083971,0.00032048083971,0.0005038346949999999,[0.       0.       0.       0.106413 0.       0.       0.       0.       0.       0.       0.       0.       0.       0.       0.       0.       0.       0.       0.       0.       0.       0.       0.       0.       0.       0.       0.       0.01     0.       0.       0.      ],[0. 0. 0. 1. 0. 0. 0. 0. 0. 0. 0. 0. 0. 0. 0. 0. 0. 0. 0. 0. 0. 0. 0. 0. 0. 0. 0. 1. 0. 0. 0.],500,100,0.1,0.0005,1,13,iDR,16,random
56,0.00032048083971,0.00032048083971,0.0005038346949999999,[0.       0.       0.       0.106413 0.       0.       0.       0.       0.       0.       0.       0.       0.       0.       0.       0.       0.       0.       0.       0.       0.       0.       0.       0.       0.       0.       0.       0.01     0.       0.       0.      ],[0. 0. 0. 1. 0. 0. 0. 0. 0. 0. 0. 0. 0. 0. 0. 0. 0. 0. 0. 0. 0. 0. 0. 0. 0. 0. 0. 1. 0. 0. 0.],500,100,0.1,0.0005,1,13,iDR,16,random
57,0.00032048083971,0.00032048083971,0.0005038346949999999,[0.       0.       0.       0.106413 0.       0.       0.       0.       0.       0.       0.       0.       0.       0.       0.       0.       0.       0.       0.       0.       0.       0.       0.       0.       0.       0.       0.       0.01     0.       0.       0.      ],[0. 0. 0. 1. 0. 0. 0. 0. 0. 0. 0. 0. 0. 0. 0. 0. 0. 0. 0. 0. 0. 0. 0. 0. 0. 0. 0. 1. 0. 0. 0.],500,100,0.1,0.0005,1,13,iDR,16,random
58,0.00032048083971,0.00032048083971,0.0005038346949999999,[0.       0.       0.       0.106413 0.       0.       0.       0.       0.       0.       0.       0.       0.       0.       0.       0.       0.       0.       0.       0.       0.       0.       0.       0.       0.       0.       0.       0.01     0.       0.       0.      ],[0. 0. 0. 1. 0. 0. 0. 0. 0. 0. 0. 0. 0. 0. 0. 0. 0. 0. 0. 0. 0. 0. 0. 0. 0. 0. 0. 1. 0. 0. 0.],500,100,0.1,0.0005,1,13,iDR,16,random
59,0.00032048083971,0.00032048083971,0.0005038346949999999,[0.       0.       0.       0.106413 0.       0.       0.       0.       0.       0.       0.       0.       0.       0.       0.       0.       0.       0.       0.       0.       0.       0.       0.       0.       0.       0.       0.       0.01     0.       0.       0.      ],[0. 0. 0. 1. 0. 0. 0. 0. 0. 0. 0. 0. 0. 0. 0. 0. 0. 0. 0. 0. 0. 0. 0. 0. 0. 0. 0. 1. 0. 0. 0.],500,100,0.1,0.0005,1,13,iDR,16,random
60,0.00032048083971,0.00032048083971,0.0005038346949999999,[0.       0.       0.       0.106413 0.       0.       0.       0.       0.       0.       0.       0.       0.       0.       0.       0.       0.       0.       0.       0.       0.       0.       0.       0.       0.       0.       0.       0.01     0.       0.       0.      ],[0. 0. 0. 1. 0. 0. 0. 0. 0. 0. 0. 0. 0. 0. 0. 0. 0. 0. 0. 0. 0. 0. 0. 0. 0. 0. 0. 1. 0. 0. 0.],500,100,0.1,0.0005,1,13,iDR,16,random
61,0.00032048083971,0.00032048083971,0.0005038346949999999,[0.       0.       0.       0.106413 0.       0.       0.       0.       0.       0.       0.       0.       0.       0.       0.       0.       0.       0.       0.       0.       0.       0.       0.       0.       0.       0.       0.       0.01     0.       0.       0.      ],[0. 0. 0. 1. 0. 0. 0. 0. 0. 0. 0. 0. 0. 0. 0. 0. 0. 0. 0. 0. 0. 0. 0. 0. 0. 0. 0. 1. 0. 0. 0.],500,100,0.1,0.0005,1,13,iDR,16,random
62,0.00032048083971,0.00032048083971,0.0005038346949999999,[0.       0.       0.       0.106413 0.       0.       0.       0.       0.       0.       0.       0.       0.       0.       0.       0.       0.       0.       0.       0.       0.       0.       0.       0.       0.       0.       0.       0.01     0.       0.       0.      ],[0. 0. 0. 1. 0. 0. 0. 0. 0. 0. 0. 0. 0. 0. 0. 0. 0. 0. 0. 0. 0. 0. 0. 0. 0. 0. 0. 1. 0. 0. 0.],500,100,0.1,0.0005,1,13,iDR,16,random
63,0.00032048083971,0.00032048083971,0.0005038346949999999,[0.       0.       0.       0.106413 0.       0.       0.       0.       0.       0.       0.       0.       0.       0.       0.       0.       0.       0.       0.       0.       0.       0.       0.       0.       0.       0.       0.       0.01     0.       0.       0.      ],[0. 0. 0. 1. 0. 0. 0. 0. 0. 0. 0. 0. 0. 0. 0. 0. 0. 0. 0. 0. 0. 0. 0. 0. 0. 0. 0. 1. 0. 0. 0.],500,100,0.1,0.0005,1,13,iDR,16,random
64,0.00032048083971,0.00032048083971,0.0005038346949999999,[0.       0.       0.       0.106413 0.       0.       0.       0.       0.       0.       0.       0.       0.       0.       0.       0.       0.       0.       0.       0.       0.       0.       0.       0.       0.       0.       0.       0.01     0.       0.       0.      ],[0. 0. 0. 1. 0. 0. 0. 0. 0. 0. 0. 0. 0. 0. 0. 0. 0. 0. 0. 0. 0. 0. 0. 0. 0. 0. 0. 1. 0. 0. 0.],500,100,0.1,0.0005,1,13,iDR,16,random
65,0.00032048083971,0.00032048083971,0.0005038346949999999,[0.       0.       0.       0.106413 0.       0.       0.       0.       0.       0.       0.       0.       0.       0.       0.       0.       0.       0.       0.       0.       0.       0.       0.       0.       0.       0.       0.       0.01     0.       0.       0.      ],[0. 0. 0. 1. 0. 0. 0. 0. 0. 0. 0. 0. 0. 0. 0. 0. 0. 0. 0. 0. 0. 0. 0. 0. 0. 0. 0. 1. 0. 0. 0.],500,100,0.1,0.0005,1,13,iDR,16,random
66,0.00032048083971,0.00032048083971,0.0005038346949999999,[0.       0.       0.       0.106413 0.       0.       0.       0.       0.       0.       0.       0.       0.       0.       0.       0.       0.       0.       0.       0.       0.       0.       0.       0.       0.       0.       0.       0.01     0.       0.       0.      ],[0. 0. 0. 1. 0. 0. 0. 0. 0. 0. 0. 0. 0. 0. 0. 0. 0. 0. 0. 0. 0. 0. 0. 0. 0. 0. 0. 1. 0. 0. 0.],500,100,0.1,0.0005,1,13,iDR,16,random
67,0.00032048083971,0.00032048083971,0.0005038346949999999,[0.       0.       0.       0.106413 0.       0.       0.       0.       0.       0.       0.       0.       0.       0.       0.       0.       0.       0.       0.       0.       0.       0.       0.       0.       0.       0.       0.       0.01     0.       0.       0.      ],[0. 0. 0. 1. 0. 0. 0. 0. 0. 0. 0. 0. 0. 0. 0. 0. 0. 0. 0. 0. 0. 0. 0. 0. 0. 0. 0. 1. 0. 0. 0.],500,100,0.1,0.0005,1,13,iDR,16,random
68,0.00032048083971,0.00032048083971,0.0005038346949999999,[0.       0.       0.       0.106413 0.       0.       0.       0.       0.       0.       0.       0.       0.       0.       0.       0.       0.       0.       0.       0.       0.       0.       0.       0.       0.       0.       0.       0.01     0.       0.       0.      ],[0. 0. 0. 1. 0. 0. 0. 0. 0. 0. 0. 0. 0. 0. 0. 0. 0. 0. 0. 0. 0. 0. 0. 0. 0. 0. 0. 1. 0. 0. 0.],500,100,0.1,0.0005,1,13,iDR,16,random
69,0.00032048083971,0.00032048083971,0.0005038346949999999,[0.       0.       0.       0.106413 0.       0.       0.       0.       0.       0.       0.       0.       0.       0.       0.       0.       0.       0.       0.       0.       0.       0.       0.       0.       0.       0.       0.       0.01     0.       0.       0.      ],[0. 0. 0. 1. 0. 0. 0. 0. 0. 0. 0. 0. 0. 0. 0. 0. 0. 0. 0. 0. 0. 0. 0. 0. 0. 0. 0. 1. 0. 0. 0.],500,100,0.1,0.0005,1,13,iDR,16,random
70,0.00032048083971,0.00032048083971,0.0005038346949999999,[0.       0.       0.       0.106413 0.       0.       0.       0.       0.       0.       0.       0.       0.       0.       0.       0.       0.       0.       0.       0.       0.       0.       0.       0.       0.       0.       0.       0.01     0.       0.       0.      ],[0. 0. 0. 1. 0. 0. 0. 0. 0. 0. 0. 0. 0. 0. 0. 0. 0. 0. 0. 0. 0. 0. 0. 0. 0. 0. 0. 1. 0. 0. 0.],500,100,0.1,0.0005,1,13,iDR,16,random
71,0.00032048083971,0.00032048083971,0.0005038346949999999,[0.       0.       0.       0.106413 0.       0.       0.       0.       0.       0.       0.       0.       0.       0.       0.       0.       0.       0.       0.       0.       0.       0.       0.       0.       0.       0.       0.       0.01     0.       0.       0.      ],[0. 0. 0. 1. 0. 0. 0. 0. 0. 0. 0. 0. 0. 0. 0. 0. 0. 0. 0. 0. 0. 0. 0. 0. 0. 0. 0. 1. 0. 0. 0.],500,100,0.1,0.0005,1,13,iDR,16,random
72,0.00032048083971,0.00032048083971,0.0005038346949999999,[0.       0.       0.       0.106413 0.       0.       0.       0.       0.       0.       0.       0.       0.       0.       0.       0.       0.       0.       0.       0.       0.       0.       0.       0.       0.       0.       0.       0.01     0.       0.       0.      ],[0. 0. 0. 1. 0. 0. 0. 0. 0. 0. 0. 0. 0. 0. 0. 0. 0. 0. 0. 0. 0. 0. 0. 0. 0. 0. 0. 1. 0. 0. 0.],500,100,0.1,0.0005,1,13,iDR,16,random
73,0.00032048083971,0.00032048083971,0.0005038346949999999,[0.       0.       0.       0.106413 0.       0.       0.       0.       0.       0.       0.       0.       0.       0.       0.       0.       0.       0.       0.       0.       0.       0.       0.       0.       0.       0.       0.       0.01     0.       0.       0.      ],[0. 0. 0. 1. 0. 0. 0. 0. 0. 0. 0. 0. 0. 0. 0. 0. 0. 0. 0. 0. 0. 0. 0. 0. 0. 0. 0. 1. 0. 0. 0.],500,100,0.1,0.0005,1,13,iDR,16,random
74,0.00032048083971,0.00032048083971,0.0005038346949999999,[0.       0.       0.       0.106413 0.       0.       0.       0.       0.       0.       0.       0.       0.       0.       0.       0.       0.       0.       0.       0.       0.       0.       0.       0.       0.       0.       0.       0.01     0.       0.       0.      ],[0. 0. 0. 1. 0. 0. 0. 0. 0. 0. 0. 0. 0. 0. 0. 0. 0. 0. 0. 0. 0. 0. 0. 0. 0. 0. 0. 1. 0. 0. 0.],500,100,0.1,0.0005,1,13,iDR,16,random
75,0.00032048083971,0.00032048083971,0.0005038346949999999,[0.       0.       0.       0.106413 0.       0.       0.       0.       0.       0.       0.       0.       0.       0.       0.       0.       0.       0.       0.       0.       0.       0.       0.       0.       0.       0.       0.       0.01     0.       0.       0.      ],[0. 0. 0. 1. 0. 0. 0. 0. 0. 0. 0. 0. 0. 0. 0. 0. 0. 0. 0. 0. 0. 0. 0. 0. 0. 0. 0. 1. 0. 0. 0.],500,100,0.1,0.0005,1,13,iDR,16,random
76,0.00032048083971,0.00032048083971,0.0005038346949999999,[0.       0.       0.       0.106413 0.       0.       0.       0.       0.       0.       0.       0.       0.       0.       0.       0.       0.       0.       0.       0.       0.       0.       0.       0.       0.       0.       0.       0.01     0.       0.       0.      ],[0. 0. 0. 1. 0. 0. 0. 0. 0. 0. 0. 0. 0. 0. 0. 0. 0. 0. 0. 0. 0. 0. 0. 0. 0. 0. 0. 1. 0. 0. 0.],500,100,0.1,0.0005,1,13,iDR,16,random
77,0.00032048083971,0.00032048083971,0.0005038346949999999,[0.       0.       0.       0.106413 0.       0.       0.       0.       0.       0.       0.       0.       0.       0.       0.       0.       0.       0.       0.       0.       0.       0.       0.       0.       0.       0.       0.       0.01     0.       0.       0.      ],[0. 0. 0. 1. 0. 0. 0. 0. 0. 0. 0. 0. 0. 0. 0. 0. 0. 0. 0. 0. 0. 0. 0. 0. 0. 0. 0. 1. 0. 0. 0.],500,100,0.1,0.0005,1,13,iDR,16,random
78,0.00032048083971,0.00032048083971,0.0005038346949999999,[0.       0.       0.       0.106413 0.       0.       0.       0.       0.       0.       0.       0.       0.       0.       0.       0.       0.       0.       0.       0.       0.       0.       0.       0.       0.       0.       0.       0.01     0.       0.       0.      ],[0. 0. 0. 1. 0. 0. 0. 0. 0. 0. 0. 0. 0. 0. 0. 0. 0. 0. 0. 0. 0. 0. 0. 0. 0. 0. 0. 1. 0. 0. 0.],500,100,0.1,0.0005,1,13,iDR,16,random
79,0.00032048083971,0.00032048083971,0.0005038346949999999,[0.       0.       0.       0.106413 0.       0.       0.       0.       0.       0.       0.       0.       0.       0.       0.       0.       0.       0.       0.       0.       0.       0.       0.       0.       0.       0.       0.       0.01     0.       0.       0.      ],[0. 0. 0. 1. 0. 0. 0. 0. 0. 0. 0. 0. 0. 0. 0. 0. 0. 0. 0. 0. 0. 0. 0. 0. 0. 0. 0. 1. 0. 0. 0.],500,100,0.1,0.0005,1,13,iDR,16,random
80,0.00032048083971,0.00032048083971,0.0005038346949999999,[0.       0.       0.       0.106413 0.       0.       0.       0.       0.       0.       0.       0.       0.       0.       0.       0.       0.       0.       0.       0.       0.       0.       0.       0.       0.       0.       0.       0.01     0.       0.       0.      ],[0. 0. 0. 1. 0. 0. 0. 0. 0. 0. 0. 0. 0. 0. 0. 0. 0. 0. 0. 0. 0. 0. 0. 0. 0. 0. 0. 1. 0. 0. 0.],500,100,0.1,0.0005,1,13,iDR,16,random
81,0.00032048083971,0.00032048083971,0.0005038346949999999,[0.       0.       0.       0.106413 0.       0.       0.       0.       0.       0.       0.       0.       0.       0.       0.       0.       0.       0.       0.       0.       0.       0.       0.       0.       0.       0.       0.       0.01     0.       0.       0.      ],[0. 0. 0. 1. 0. 0. 0. 0. 0. 0. 0. 0. 0. 0. 0. 0. 0. 0. 0. 0. 0. 0. 0. 0. 0. 0. 0. 1. 0. 0. 0.],500,100,0.1,0.0005,1,13,iDR,16,random
82,0.00032048083971,0.00032048083971,0.0005038346949999999,[0.       0.       0.       0.106413 0.       0.       0.       0.       0.       0.       0.       0.       0.       0.       0.       0.       0.       0.       0.       0.       0.       0.       0.       0.       0.       0.       0.       0.01     0.       0.       0.      ],[0. 0. 0. 1. 0. 0. 0. 0. 0. 0. 0. 0. 0. 0. 0. 0. 0. 0. 0. 0. 0. 0. 0. 0. 0. 0. 0. 1. 0. 0. 0.],500,100,0.1,0.0005,1,13,iDR,16,random
83,0.00032048083971,0.00032048083971,0.0005038346949999999,[0.       0.       0.       0.106413 0.       0.       0.       0.       0.       0.       0.       0.       0.       0.       0.       0.       0.       0.       0.       0.       0.       0.       0.       0.       0.       0.       0.       0.01     0.       0.       0.      ],[0. 0. 0. 1. 0. 0. 0. 0. 0. 0. 0. 0. 0. 0. 0. 0. 0. 0. 0. 0. 0. 0. 0. 0. 0. 0. 0. 1. 0. 0. 0.],500,100,0.1,0.0005,1,13,iDR,16,random
84,0.00032048083971,0.00032048083971,0.0005038346949999999,[0.       0.       0.       0.106413 0.       0.       0.       0.       0.       0.       0.       0.       0.       0.       0.       0.       0.       0.       0.       0.       0.       0.       0.       0.       0.       0.       0.       0.01     0.       0.       0.      ],[0. 0. 0. 1. 0. 0. 0. 0. 0. 0. 0. 0. 0. 0. 0. 0. 0. 0. 0. 0. 0. 0. 0. 0. 0. 0. 0. 1. 0. 0. 0.],500,100,0.1,0.0005,1,13,iDR,16,random
85,0.00032048083971,0.00032048083971,0.0005038346949999999,[0.       0.       0.       0.106413 0.       0.       0.       0.       0.       0.       0.       0.       0.       0.       0.       0.       0.       0.       0.       0.       0.       0.       0.       0.       0.       0.       0.       0.01     0.       0.       0.      ],[0. 0. 0. 1. 0. 0. 0. 0. 0. 0. 0. 0. 0. 0. 0. 0. 0. 0. 0. 0. 0. 0. 0. 0. 0. 0. 0. 1. 0. 0. 0.],500,100,0.1,0.0005,1,13,iDR,16,random
86,0.00032048083971,0.00032048083971,0.0005038346949999999,[0.       0.       0.       0.106413 0.       0.       0.       0.       0.       0.       0.       0.       0.       0.       0.       0.       0.       0.       0.       0.       0.       0.       0.       0.       0.       0.       0.       0.01     0.       0.       0.      ],[0. 0. 0. 1. 0. 0. 0. 0. 0. 0. 0. 0. 0. 0. 0. 0. 0. 0. 0. 0. 0. 0. 0. 0. 0. 0. 0. 1. 0. 0. 0.],500,100,0.1,0.0005,1,13,iDR,16,random
87,0.00032048083971,0.00032048083971,0.0005038346949999999,[0.       0.       0.       0.106413 0.       0.       0.       0.       0.       0.       0.       0.       0.       0.       0.       0.       0.       0.       0.       0.       0.       0.       0.       0.       0.       0.       0.       0.01     0.       0.       0.      ],[0. 0. 0. 1. 0. 0. 0. 0. 0. 0. 0. 0. 0. 0. 0. 0. 0. 0. 0. 0. 0. 0. 0. 0. 0. 0. 0. 1. 0. 0. 0.],500,100,0.1,0.0005,1,13,iDR,16,random
88,0.00032048083971,0.00032048083971,0.0005038346949999999,[0.       0.       0.       0.106413 0.       0.       0.       0.       0.       0.       0.       0.       0.       0.       0.       0.       0.       0.       0.       0.       0.       0.       0.       0.       0.       0.       0.       0.01     0.       0.       0.      ],[0. 0. 0. 1. 0. 0. 0. 0. 0. 0. 0. 0. 0. 0. 0. 0. 0. 0. 0. 0. 0. 0. 0. 0. 0. 0. 0. 1. 0. 0. 0.],500,100,0.1,0.0005,1,13,iDR,16,random
89,0.00032048083971,0.00032048083971,0.0005038346949999999,[0.       0.       0.       0.106413 0.       0.       0.       0.       0.       0.       0.       0.       0.       0.       0.       0.       0.       0.       0.       0.       0.       0.       0.       0.       0.       0.       0.       0.01     0.       0.       0.      ],[0. 0. 0. 1. 0. 0. 0. 0. 0. 0. 0. 0. 0. 0. 0. 0. 0. 0. 0. 0. 0. 0. 0. 0. 0. 0. 0. 1. 0. 0. 0.],500,100,0.1,0.0005,1,13,iDR,16,random
90,0.00032048083971,0.00032048083971,0.0005038346949999999,[0.       0.       0.       0.106413 0.       0.       0.       0.       0.       0.       0.       0.       0.       0.       0.       0.       0.       0.       0.       0.       0.       0.       0.       0.       0.       0.       0.       0.01     0.       0.       0.      ],[0. 0. 0. 1. 0. 0. 0. 0. 0. 0. 0. 0. 0. 0. 0. 0. 0. 0. 0. 0. 0. 0. 0. 0. 0. 0. 0. 1. 0. 0. 0.],500,100,0.1,0.0005,1,13,iDR,16,random
91,0.00032048083971,0.00032048083971,0.0005038346949999999,[0.       0.       0.       0.106413 0.       0.       0.       0.       0.       0.       0.       0.       0.       0.       0.       0.       0.       0.       0.       0.       0.       0.       0.       0.       0.       0.       0.       0.01     0.       0.       0.      ],[0. 0. 0. 1. 0. 0. 0. 0. 0. 0. 0. 0. 0. 0. 0. 0. 0. 0. 0. 0. 0. 0. 0. 0. 0. 0. 0. 1. 0. 0. 0.],500,100,0.1,0.0005,1,13,iDR,16,random
92,0.00032048083971,0.00032048083971,0.0005038346949999999,[0.       0.       0.       0.106413 0.       0.       0.       0.       0.       0.       0.       0.       0.       0.       0.       0.       0.       0.       0.       0.       0.       0.       0.       0.       0.       0.       0.       0.01     0.       0.       0.      ],[0. 0. 0. 1. 0. 0. 0. 0. 0. 0. 0. 0. 0. 0. 0. 0. 0. 0. 0. 0. 0. 0. 0. 0. 0. 0. 0. 1. 0. 0. 0.],500,100,0.1,0.0005,1,13,iDR,16,random
93,0.00032048083971,0.00032048083971,0.0005038346949999999,[0.       0.       0.       0.106413 0.       0.       0.       0.       0.       0.       0.       0.       0.       0.       0.       0.       0.       0.       0.       0.       0.       0.       0.       0.       0.       0.       0.       0.01     0.       0.       0.      ],[0. 0. 0. 1. 0. 0. 0. 0. 0. 0. 0. 0. 0. 0. 0. 0. 0. 0. 0. 0. 0. 0. 0. 0. 0. 0. 0. 1. 0. 0. 0.],500,100,0.1,0.0005,1,13,iDR,16,random
94,0.00032048083971,0.00032048083971,0.0005038346949999999,[0.       0.       0.       0.106413 0.       0.       0.       0.       0.       0.       0.       0.       0.       0.       0.       0.       0.       0.       0.       0.       0.       0.       0.       0.       0.       0.       0.       0.01     0.       0.       0.      ],[0. 0. 0. 1. 0. 0. 0. 0. 0. 0. 0. 0. 0. 0. 0. 0. 0. 0. 0. 0. 0. 0. 0. 0. 0. 0. 0. 1. 0. 0. 0.],500,100,0.1,0.0005,1,13,iDR,16,random
95,0.00032048083971,0.00032048083971,0.0005038346949999999,[0.       0.       0.       0.106413 0.       0.       0.       0.       0.       0.       0.       0.       0.       0.       0.       0.       0.       0.       0.       0.       0.       0.       0.       0.       0.       0.       0.       0.01     0.       0.       0.      ],[0. 0. 0. 1. 0. 0. 0. 0. 0. 0. 0. 0. 0. 0. 0. 0. 0. 0. 0. 0. 0. 0. 0. 0. 0. 0. 0. 1. 0. 0. 0.],500,100,0.1,0.0005,1,13,iDR,16,random
96,0.00032048083971,0.00032048083971,0.0005038346949999999,[0.       0.       0.       0.106413 0.       0.       0.       0.       0.       0.       0.       0.       0.       0.       0.       0.       0.       0.       0.       0.       0.       0.       0.       0.       0.       0.       0.       0.01     0.       0.       0.      ],[0. 0. 0. 1. 0. 0. 0. 0. 0. 0. 0. 0. 0. 0. 0. 0. 0. 0. 0. 0. 0. 0. 0. 0. 0. 0. 0. 1. 0. 0. 0.],500,100,0.1,0.0005,1,13,iDR,16,random
97,0.00032048083971,0.00032048083971,0.0005038346949999999,[0.       0.       0.       0.106413 0.       0.       0.       0.       0.       0.       0.       0.       0.       0.       0.       0.       0.       0.       0.       0.       0.       0.       0.       0.       0.       0.       0.       0.01     0.       0.       0.      ],[0. 0. 0. 1. 0. 0. 0. 0. 0. 0. 0. 0. 0. 0. 0. 0. 0. 0. 0. 0. 0. 0. 0. 0. 0. 0. 0. 1. 0. 0. 0.],500,100,0.1,0.0005,1,13,iDR,16,random
98,0.00032048083971,0.00032048083971,0.0005038346949999999,[0.       0.       0.       0.106413 0.       0.       0.       0.       0.       0.       0.       0.       0.       0.       0.       0.       0.       0.       0.       0.       0.       0.       0.       0.       0.       0.       0.       0.01     0.       0.       0.      ],[0. 0. 0. 1. 0. 0. 0. 0. 0. 0. 0. 0. 0. 0. 0. 0. 0. 0. 0. 0. 0. 0. 0. 0. 0. 0. 0. 1. 0. 0. 0.],500,100,0.1,0.0005,1,13,iDR,16,random
99,0.00032048083971,0.00032048083971,0.0005038346949999999,[0.       0.       0.       0.106413 0.       0.       0.       0.       0.       0.       0.       0.       0.       0.       0.       0.       0.       0.       0.       0.       0.       0.       0.       0.       0.       0.       0.       0.01     0.       0.       0.      ],[0. 0. 0. 1. 0. 0. 0. 0. 0. 0. 0. 0. 0. 0. 0. 0. 0. 0. 0. 0. 0. 0. 0. 0. 0. 0. 0. 1. 0. 0. 0.],500,100,0.1,0.0005,1,13,iDR,16,random
100,0.00032048083971,0.00032048083971,0.0005038346949999999,[0.       0.       0.       0.106413 0.       0.       0.       0.       0.       0.       0.       0.       0.       0.       0.       0.       0.       0.       0.       0.       0.       0.       0.       0.       0.       0.       0.       0.01     0.       0.       0.      ],[0. 0. 0. 1. 0. 0. 0. 0. 0. 0. 0. 0. 0. 0. 0. 0. 0. 0. 0. 0. 0. 0. 0. 0. 0. 0. 0. 1. 0. 0. 0.],500,100,0.1,0.0005,1,13,iDR,16,random
101,0.00032048083971,0.00032048083971,0.0005038346949999999,[0.       0.       0.       0.106413 0.       0.       0.       0.       0.       0.       0.       0.       0.       0.       0.       0.       0.       0.       0.       0.       0.       0.       0.       0.       0.       0.       0.       0.01     0.       0.       0.      ],[0. 0. 0. 1. 0. 0. 0. 0. 0. 0. 0. 0. 0. 0. 0. 0. 0. 0. 0. 0. 0. 0. 0. 0. 0. 0. 0. 1. 0. 0. 0.],500,100,0.1,0.0005,1,13,iDR,16,random
102,0.00032048083971,0.00032048083971,0.0005038346949999999,[0.       0.       0.       0.106413 0.       0.       0.       0.       0.       0.       0.       0.       0.       0.       0.       0.       0.       0.       0.       0.       0.       0.       0.       0.       0.       0.       0.       0.01     0.       0.       0.      ],[0. 0. 0. 1. 0. 0. 0. 0. 0. 0. 0. 0. 0. 0. 0. 0. 0. 0. 0. 0. 0. 0. 0. 0. 0. 0. 0. 1. 0. 0. 0.],500,100,0.1,0.0005,1,13,iDR,16,random
103,0.00032048083971,0.00032048083971,0.0005038346949999999,[0.       0.       0.       0.106413 0.       0.       0.       0.       0.       0.       0.       0.       0.       0.       0.       0.       0.       0.       0.       0.       0.       0.       0.       0.       0.       0.       0.       0.01     0.       0.       0.      ],[0. 0. 0. 1. 0. 0. 0. 0. 0. 0. 0. 0. 0. 0. 0. 0. 0. 0. 0. 0. 0. 0. 0. 0. 0. 0. 0. 1. 0. 0. 0.],500,100,0.1,0.0005,1,13,iDR,16,random
104,0.00032048083971,0.00032048083971,0.0005038346949999999,[0.       0.       0.       0.106413 0.       0.       0.       0.       0.       0.       0.       0.       0.       0.       0.       0.       0.       0.       0.       0.       0.       0.       0.       0.       0.       0.       0.       0.01     0.       0.       0.      ],[0. 0. 0. 1. 0. 0. 0. 0. 0. 0. 0. 0. 0. 0. 0. 0. 0. 0. 0. 0. 0. 0. 0. 0. 0. 0. 0. 1. 0. 0. 0.],500,100,0.1,0.0005,1,13,iDR,16,random
105,0.00032048083971,0.00032048083971,0.0005038346949999999,[0.       0.       0.       0.106413 0.       0.       0.       0.       0.       0.       0.       0.       0.       0.       0.       0.       0.       0.       0.       0.       0.       0.       0.       0.       0.       0.       0.       0.01     0.       0.       0.      ],[0. 0. 0. 1. 0. 0. 0. 0. 0. 0. 0. 0. 0. 0. 0. 0. 0. 0. 0. 0. 0. 0. 0. 0. 0. 0. 0. 1. 0. 0. 0.],500,100,0.1,0.0005,1,13,iDR,16,random
106,0.00032048083971,0.00032048083971,0.0005038346949999999,[0.       0.       0.       0.106413 0.       0.       0.       0.       0.       0.       0.       0.       0.       0.       0.       0.       0.       0.       0.       0.       0.       0.       0.       0.       0.       0.       0.       0.01     0.       0.       0.      ],[0. 0. 0. 1. 0. 0. 0. 0. 0. 0. 0. 0. 0. 0. 0. 0. 0. 0. 0. 0. 0. 0. 0. 0. 0. 0. 0. 1. 0. 0. 0.],500,100,0.1,0.0005,1,13,iDR,16,random
107,0.00032048083971,0.00032048083971,0.0005038346949999999,[0.       0.       0.       0.106413 0.       0.       0.       0.       0.       0.       0.       0.       0.       0.       0.       0.       0.       0.       0.       0.       0.       0.       0.       0.       0.       0.       0.       0.01     0.       0.       0.      ],[0. 0. 0. 1. 0. 0. 0. 0. 0. 0. 0. 0. 0. 0. 0. 0. 0. 0. 0. 0. 0. 0. 0. 0. 0. 0. 0. 1. 0. 0. 0.],500,100,0.1,0.0005,1,13,iDR,16,random
108,0.00032048083971,0.00032048083971,0.0005038346949999999,[0.       0.       0.       0.106413 0.       0.       0.       0.       0.       0.       0.       0.       0.       0.       0.       0.       0.       0.       0.       0.       0.       0.       0.       0.       0.       0.       0.       0.01     0.       0.       0.      ],[0. 0. 0. 1. 0. 0. 0. 0. 0. 0. 0. 0. 0. 0. 0. 0. 0. 0. 0. 0. 0. 0. 0. 0. 0. 0. 0. 1. 0. 0. 0.],500,100,0.1,0.0005,1,13,iDR,16,random
109,0.00032048083971,0.00032048083971,0.0005038346949999999,[0.       0.       0.       0.106413 0.       0.       0.       0.       0.       0.       0.       0.       0.       0.       0.       0.       0.       0.       0.       0.       0.       0.       0.       0.       0.       0.       0.       0.01     0.       0.       0.      ],[0. 0. 0. 1. 0. 0. 0. 0. 0. 0. 0. 0. 0. 0. 0. 0. 0. 0. 0. 0. 0. 0. 0. 0. 0. 0. 0. 1. 0. 0. 0.],500,100,0.1,0.0005,1,13,iDR,16,random
110,0.00032048083971,0.00032048083971,0.0005038346949999999,[0.       0.       0.       0.106413 0.       0.       0.       0.       0.       0.       0.       0.       0.       0.       0.       0.       0.       0.       0.       0.       0.       0.       0.       0.       0.       0.       0.       0.01     0.       0.       0.      ],[0. 0. 0. 1. 0. 0. 0. 0. 0. 0. 0. 0. 0. 0. 0. 0. 0. 0. 0. 0. 0. 0. 0. 0. 0. 0. 0. 1. 0. 0. 0.],500,100,0.1,0.0005,1,13,iDR,16,random
111,0.00032048083971,0.00032048083971,0.0005038346949999999,[0.       0.       0.       0.106413 0.       0.       0.       0.       0.       0.       0.       0.       0.       0.       0.       0.       0.       0.       0.       0.       0.       0.       0.       0.       0.       0.       0.       0.01     0.       0.       0.      ],[0. 0. 0. 1. 0. 0. 0. 0. 0. 0. 0. 0. 0. 0. 0. 0. 0. 0. 0. 0. 0. 0. 0. 0. 0. 0. 0. 1. 0. 0. 0.],500,100,0.1,0.0005,1,13,iDR,16,random
112,0.00032048083971,0.00032048083971,0.0005038346949999999,[0.       0.       0.       0.106413 0.       0.       0.       0.       0.       0.       0.       0.       0.       0.       0.       0.       0.       0.       0.       0.       0.       0.       0.       0.       0.       0.       0.       0.01     0.       0.       0.      ],[0. 0. 0. 1. 0. 0. 0. 0. 0. 0. 0. 0. 0. 0. 0. 0. 0. 0. 0. 0. 0. 0. 0. 0. 0. 0. 0. 1. 0. 0. 0.],500,100,0.1,0.0005,1,13,iDR,16,random
113,0.00032048083971,0.00032048083971,0.0005038346949999999,[0.       0.       0.       0.106413 0.       0.       0.       0.       0.       0.       0.       0.       0.       0.       0.       0.       0.       0.       0.       0.       0.       0.       0.       0.       0.       0.       0.       0.01     0.       0.       0.      ],[0. 0. 0. 1. 0. 0. 0. 0. 0. 0. 0. 0. 0. 0. 0. 0. 0. 0. 0. 0. 0. 0. 0. 0. 0. 0. 0. 1. 0. 0. 0.],500,100,0.1,0.0005,1,13,iDR,16,random
114,0.00032048083971,0.00032048083971,0.0005038346949999999,[0.       0.       0.       0.106413 0.       0.       0.       0.       0.       0.       0.       0.       0.       0.       0.       0.       0.       0.       0.       0.       0.       0.       0.       0.       0.       0.       0.       0.01     0.       0.       0.      ],[0. 0. 0. 1. 0. 0. 0. 0. 0. 0. 0. 0. 0. 0. 0. 0. 0. 0. 0. 0. 0. 0. 0. 0. 0. 0. 0. 1. 0. 0. 0.],500,100,0.1,0.0005,1,13,iDR,16,random
115,0.00032048083971,0.00032048083971,0.0005038346949999999,[0.       0.       0.       0.106413 0.       0.       0.       0.       0.       0.       0.       0.       0.       0.       0.       0.       0.       0.       0.       0.       0.       0.       0.       0.       0.       0.       0.       0.01     0.       0.       0.      ],[0. 0. 0. 1. 0. 0. 0. 0. 0. 0. 0. 0. 0. 0. 0. 0. 0. 0. 0. 0. 0. 0. 0. 0. 0. 0. 0. 1. 0. 0. 0.],500,100,0.1,0.0005,1,13,iDR,16,random
116,0.00032048083971,0.00032048083971,0.0005038346949999999,[0.       0.       0.       0.106413 0.       0.       0.       0.       0.       0.       0.       0.       0.       0.       0.       0.       0.       0.       0.       0.       0.       0.       0.       0.       0.       0.       0.       0.01     0.       0.       0.      ],[0. 0. 0. 1. 0. 0. 0. 0. 0. 0. 0. 0. 0. 0. 0. 0. 0. 0. 0. 0. 0. 0. 0. 0. 0. 0. 0. 1. 0. 0. 0.],500,100,0.1,0.0005,1,13,iDR,16,random
117,0.00032048083971,0.00032048083971,0.0005038346949999999,[0.       0.       0.       0.106413 0.       0.       0.       0.       0.       0.       0.       0.       0.       0.       0.       0.       0.       0.       0.       0.       0.       0.       0.       0.       0.       0.       0.       0.01     0.       0.       0.      ],[0. 0. 0. 1. 0. 0. 0. 0. 0. 0. 0. 0. 0. 0. 0. 0. 0. 0. 0. 0. 0. 0. 0. 0. 0. 0. 0. 1. 0. 0. 0.],500,100,0.1,0.0005,1,13,iDR,16,random
118,0.00032048083971,0.00032048083971,0.0005038346949999999,[0.       0.       0.       0.106413 0.       0.       0.       0.       0.       0.       0.       0.       0.       0.       0.       0.       0.       0.       0.       0.       0.       0.       0.       0.       0.       0.       0.       0.01     0.       0.       0.      ],[0. 0. 0. 1. 0. 0. 0. 0. 0. 0. 0. 0. 0. 0. 0. 0. 0. 0. 0. 0. 0. 0. 0. 0. 0. 0. 0. 1. 0. 0. 0.],500,100,0.1,0.0005,1,13,iDR,16,random
119,0.00032048083971,0.00032048083971,0.0005038346949999999,[0.       0.       0.       0.106413 0.       0.       0.       0.       0.       0.       0.       0.       0.       0.       0.       0.       0.       0.       0.       0.       0.       0.       0.       0.       0.       0.       0.       0.01     0.       0.       0.      ],[0. 0. 0. 1. 0. 0. 0. 0. 0. 0. 0. 0. 0. 0. 0. 0. 0. 0. 0. 0. 0. 0. 0. 0. 0. 0. 0. 1. 0. 0. 0.],500,100,0.1,0.0005,1,13,iDR,16,random
120,0.00032048083971,0.00032048083971,0.0005038346949999999,[0.       0.       0.       0.106413 0.       0.       0.       0.       0.       0.       0.       0.       0.       0.       0.       0.       0.       0.       0.       0.       0.       0.       0.       0.       0.       0.       0.       0.01     0.       0.       0.      ],[0. 0. 0. 1. 0. 0. 0. 0. 0. 0. 0. 0. 0. 0. 0. 0. 0. 0. 0. 0. 0. 0. 0. 0. 0. 0. 0. 1. 0. 0. 0.],500,100,0.1,0.0005,1,13,iDR,16,random
121,0.00032048083971,0.00032048083971,0.0005038346949999999,[0.       0.       0.       0.106413 0.       0.       0.       0.       0.       0.       0.       0.       0.       0.       0.       0.       0.       0.       0.       0.       0.       0.       0.       0.       0.       0.       0.       0.01     0.       0.       0.      ],[0. 0. 0. 1. 0. 0. 0. 0. 0. 0. 0. 0. 0. 0. 0. 0. 0. 0. 0. 0. 0. 0. 0. 0. 0. 0. 0. 1. 0. 0. 0.],500,100,0.1,0.0005,1,13,iDR,16,random
122,0.00032048083971,0.00032048083971,0.0005038346949999999,[0.       0.       0.       0.106413 0.       0.       0.       0.       0.       0.       0.       0.       0.       0.       0.       0.       0.       0.       0.       0.       0.       0.       0.       0.       0.       0.       0.       0.01     0.       0.       0.      ],[0. 0. 0. 1. 0. 0. 0. 0. 0. 0. 0. 0. 0. 0. 0. 0. 0. 0. 0. 0. 0. 0. 0. 0. 0. 0. 0. 1. 0. 0. 0.],500,100,0.1,0.0005,1,13,iDR,16,random
123,0.00032048083971,0.00032048083971,0.0005038346949999999,[0.       0.       0.       0.106413 0.       0.       0.       0.       0.       0.       0.       0.       0.       0.       0.       0.       0.       0.       0.       0.       0.       0.       0.       0.       0.       0.       0.       0.01     0.       0.       0.      ],[0. 0. 0. 1. 0. 0. 0. 0. 0. 0. 0. 0. 0. 0. 0. 0. 0. 0. 0. 0. 0. 0. 0. 0. 0. 0. 0. 1. 0. 0. 0.],500,100,0.1,0.0005,1,13,iDR,16,random
124,0.00032048083971,0.00032048083971,0.0005038346949999999,[0.       0.       0.       0.106413 0.       0.       0.       0.       0.       0.       0.       0.       0.       0.       0.       0.       0.       0.       0.       0.       0.       0.       0.       0.       0.       0.       0.       0.01     0.       0.       0.      ],[0. 0. 0. 1. 0. 0. 0. 0. 0. 0. 0. 0. 0. 0. 0. 0. 0. 0. 0. 0. 0. 0. 0. 0. 0. 0. 0. 1. 0. 0. 0.],500,100,0.1,0.0005,1,13,iDR,16,random
125,0.00032048083971,0.00032048083971,0.0005038346949999999,[0.       0.       0.       0.106413 0.       0.       0.       0.       0.       0.       0.       0.       0.       0.       0.       0.       0.       0.       0.       0.       0.       0.       0.       0.       0.       0.       0.       0.01     0.       0.       0.      ],[0. 0. 0. 1. 0. 0. 0. 0. 0. 0. 0. 0. 0. 0. 0. 0. 0. 0. 0. 0. 0. 0. 0. 0. 0. 0. 0. 1. 0. 0. 0.],500,100,0.1,0.0005,1,13,iDR,16,random
126,0.00032048083971,0.00032048083971,0.0005038346949999999,[0.       0.       0.       0.106413 0.       0.       0.       0.       0.       0.       0.       0.       0.       0.       0.       0.       0.       0.       0.       0.       0.       0.       0.       0.       0.       0.       0.       0.01     0.       0.       0.      ],[0. 0. 0. 1. 0. 0. 0. 0. 0. 0. 0. 0. 0. 0. 0. 0. 0. 0. 0. 0. 0. 0. 0. 0. 0. 0. 0. 1. 0. 0. 0.],500,100,0.1,0.0005,1,13,iDR,16,random
127,0.00032048083971,0.00032048083971,0.0005038346949999999,[0.       0.       0.       0.106413 0.       0.       0.       0.       0.       0.       0.       0.       0.       0.       0.       0.       0.       0.       0.       0.       0.       0.       0.       0.       0.       0.       0.       0.01     0.       0.       0.      ],[0. 0. 0. 1. 0. 0. 0. 0. 0. 0. 0. 0. 0. 0. 0. 0. 0. 0. 0. 0. 0. 0. 0. 0. 0. 0. 0. 1. 0. 0. 0.],500,100,0.1,0.0005,1,13,iDR,16,random
128,0.00032048083971,0.00032048083971,0.0005038346949999999,[0.       0.       0.       0.106413 0.       0.       0.       0.       0.       0.       0.       0.       0.       0.       0.       0.       0.       0.       0.       0.       0.       0.       0.       0.       0.       0.       0.       0.01     0.       0.       0.      ],[0. 0. 0. 1. 0. 0. 0. 0. 0. 0. 0. 0. 0. 0. 0. 0. 0. 0. 0. 0. 0. 0. 0. 0. 0. 0. 0. 1. 0. 0. 0.],500,100,0.1,0.0005,1,13,iDR,16,random
129,0.00032048083971,0.00032048083971,0.0005038346949999999,[0.       0.       0.       0.106413 0.       0.       0.       0.       0.       0.       0.       0.       0.       0.       0.       0.       0.       0.       0.       0.       0.       0.       0.       0.       0.       0.       0.       0.01     0.       0.       0.      ],[0. 0. 0. 1. 0. 0. 0. 0. 0. 0. 0. 0. 0. 0. 0. 0. 0. 0. 0. 0. 0. 0. 0. 0. 0. 0. 0. 1. 0. 0. 0.],500,100,0.1,0.0005,1,13,iDR,16,random
130,0.00032048083971,0.00032048083971,0.0005038346949999999,[0.       0.       0.       0.106413 0.       0.       0.       0.       0.       0.       0.       0.       0.       0.       0.       0.       0.       0.       0.       0.       0.       0.       0.       0.       0.       0.       0.       0.01     0.       0.       0.      ],[0. 0. 0. 1. 0. 0. 0. 0. 0. 0. 0. 0. 0. 0. 0. 0. 0. 0. 0. 0. 0. 0. 0. 0. 0. 0. 0. 1. 0. 0. 0.],500,100,0.1,0.0005,1,13,iDR,16,random
131,0.00032048083971,0.00032048083971,0.0005038346949999999,[0.       0.       0.       0.106413 0.       0.       0.       0.       0.       0.       0.       0.       0.       0.       0.       0.       0.       0.       0.       0.       0.       0.       0.       0.       0.       0.       0.       0.01     0.       0.       0.      ],[0. 0. 0. 1. 0. 0. 0. 0. 0. 0. 0. 0. 0. 0. 0. 0. 0. 0. 0. 0. 0. 0. 0. 0. 0. 0. 0. 1. 0. 0. 0.],500,100,0.1,0.0005,1,13,iDR,16,random
132,0.00032048083971,0.00032048083971,0.0005038346949999999,[0.       0.       0.       0.106413 0.       0.       0.       0.       0.       0.       0.       0.       0.       0.       0.       0.       0.       0.       0.       0.       0.       0.       0.       0.       0.       0.       0.       0.01     0.       0.       0.      ],[0. 0. 0. 1. 0. 0. 0. 0. 0. 0. 0. 0. 0. 0. 0. 0. 0. 0. 0. 0. 0. 0. 0. 0. 0. 0. 0. 1. 0. 0. 0.],500,100,0.1,0.0005,1,13,iDR,16,random
133,0.00032048083971,0.00032048083971,0.0005038346949999999,[0.       0.       0.       0.106413 0.       0.       0.       0.       0.       0.       0.       0.       0.       0.       0.       0.       0.       0.       0.       0.       0.       0.       0.       0.       0.       0.       0.       0.01     0.       0.       0.      ],[0. 0. 0. 1. 0. 0. 0. 0. 0. 0. 0. 0. 0. 0. 0. 0. 0. 0. 0. 0. 0. 0. 0. 0. 0. 0. 0. 1. 0. 0. 0.],500,100,0.1,0.0005,1,13,iDR,16,random
134,0.00032048083971,0.00032048083971,0.0005038346949999999,[0.       0.       0.       0.106413 0.       0.       0.       0.       0.       0.       0.       0.       0.       0.       0.       0.       0.       0.       0.       0.       0.       0.       0.       0.       0.       0.       0.       0.01     0.       0.       0.      ],[0. 0. 0. 1. 0. 0. 0. 0. 0. 0. 0. 0. 0. 0. 0. 0. 0. 0. 0. 0. 0. 0. 0. 0. 0. 0. 0. 1. 0. 0. 0.],500,100,0.1,0.0005,1,13,iDR,16,random
135,0.00032048083971,0.00032048083971,0.0005038346949999999,[0.       0.       0.       0.106413 0.       0.       0.       0.       0.       0.       0.       0.       0.       0.       0.       0.       0.       0.       0.       0.       0.       0.       0.       0.       0.       0.       0.       0.01     0.       0.       0.      ],[0. 0. 0. 1. 0. 0. 0. 0. 0. 0. 0. 0. 0. 0. 0. 0. 0. 0. 0. 0. 0. 0. 0. 0. 0. 0. 0. 1. 0. 0. 0.],500,100,0.1,0.0005,1,13,iDR,16,random
136,0.00032048083971,0.00032048083971,0.0005038346949999999,[0.       0.       0.       0.106413 0.       0.       0.       0.       0.       0.       0.       0.       0.       0.       0.       0.       0.       0.       0.       0.       0.       0.       0.       0.       0.       0.       0.       0.01     0.       0.       0.      ],[0. 0. 0. 1. 0. 0. 0. 0. 0. 0. 0. 0. 0. 0. 0. 0. 0. 0. 0. 0. 0. 0. 0. 0. 0. 0. 0. 1. 0. 0. 0.],500,100,0.1,0.0005,1,13,iDR,16,random
137,0.00032048083971,0.00032048083971,0.0005038346949999999,[0.       0.       0.       0.106413 0.       0.       0.       0.       0.       0.       0.       0.       0.       0.       0.       0.       0.       0.       0.       0.       0.       0.       0.       0.       0.       0.       0.       0.01     0.       0.       0.      ],[0. 0. 0. 1. 0. 0. 0. 0. 0. 0. 0. 0. 0. 0. 0. 0. 0. 0. 0. 0. 0. 0. 0. 0. 0. 0. 0. 1. 0. 0. 0.],500,100,0.1,0.0005,1,13,iDR,16,random
138,0.00032048083971,0.00032048083971,0.0005038346949999999,[0.       0.       0.       0.106413 0.       0.       0.       0.       0.       0.       0.       0.       0.       0.       0.       0.       0.       0.       0.       0.       0.       0.       0.       0.       0.       0.       0.       0.01     0.       0.       0.      ],[0. 0. 0. 1. 0. 0. 0. 0. 0. 0. 0. 0. 0. 0. 0. 0. 0. 0. 0. 0. 0. 0. 0. 0. 0. 0. 0. 1. 0. 0. 0.],500,100,0.1,0.0005,1,13,iDR,16,random
139,0.00032048083971,0.00032048083971,0.0005038346949999999,[0.       0.       0.       0.106413 0.       0.       0.       0.       0.       0.       0.       0.       0.       0.       0.       0.       0.       0.       0.       0.       0.       0.       0.       0.       0.       0.       0.       0.01     0.       0.       0.      ],[0. 0. 0. 1. 0. 0. 0. 0. 0. 0. 0. 0. 0. 0. 0. 0. 0. 0. 0. 0. 0. 0. 0. 0. 0. 0. 0. 1. 0. 0. 0.],500,100,0.1,0.0005,1,13,iDR,16,random
140,0.00032048083971,0.00032048083971,0.0005038346949999999,[0.       0.       0.       0.106413 0.       0.       0.       0.       0.       0.       0.       0.       0.       0.       0.       0.       0.       0.       0.       0.       0.       0.       0.       0.       0.       0.       0.       0.01     0.       0.       0.      ],[0. 0. 0. 1. 0. 0. 0. 0. 0. 0. 0. 0. 0. 0. 0. 0. 0. 0. 0. 0. 0. 0. 0. 0. 0. 0. 0. 1. 0. 0. 0.],500,100,0.1,0.0005,1,13,iDR,16,random
141,0.00032048083971,0.00032048083971,0.0005038346949999999,[0.       0.       0.       0.106413 0.       0.       0.       0.       0.       0.       0.       0.       0.       0.       0.       0.       0.       0.       0.       0.       0.       0.       0.       0.       0.       0.       0.       0.01     0.       0.       0.      ],[0. 0. 0. 1. 0. 0. 0. 0. 0. 0. 0. 0. 0. 0. 0. 0. 0. 0. 0. 0. 0. 0. 0. 0. 0. 0. 0. 1. 0. 0. 0.],500,100,0.1,0.0005,1,13,iDR,16,random
142,0.00032048083971,0.00032048083971,0.0005038346949999999,[0.       0.       0.       0.106413 0.       0.       0.       0.       0.       0.       0.       0.       0.       0.       0.       0.       0.       0.       0.       0.       0.       0.       0.       0.       0.       0.       0.       0.01     0.       0.       0.      ],[0. 0. 0. 1. 0. 0. 0. 0. 0. 0. 0. 0. 0. 0. 0. 0. 0. 0. 0. 0. 0. 0. 0. 0. 0. 0. 0. 1. 0. 0. 0.],500,100,0.1,0.0005,1,13,iDR,16,random
143,0.00032048083971,0.00032048083971,0.0005038346949999999,[0.       0.       0.       0.106413 0.       0.       0.       0.       0.       0.       0.       0.       0.       0.       0.       0.       0.       0.       0.       0.       0.       0.       0.       0.       0.       0.       0.       0.01     0.       0.       0.      ],[0. 0. 0. 1. 0. 0. 0. 0. 0. 0. 0. 0. 0. 0. 0. 0. 0. 0. 0. 0. 0. 0. 0. 0. 0. 0. 0. 1. 0. 0. 0.],500,100,0.1,0.0005,1,13,iDR,16,random
144,0.00032048083971,0.00032048083971,0.0005038346949999999,[0.       0.       0.       0.106413 0.       0.       0.       0.       0.       0.       0.       0.       0.       0.       0.       0.       0.       0.       0.       0.       0.       0.       0.       0.       0.       0.       0.       0.01     0.       0.       0.      ],[0. 0. 0. 1. 0. 0. 0. 0. 0. 0. 0. 0. 0. 0. 0. 0. 0. 0. 0. 0. 0. 0. 0. 0. 0. 0. 0. 1. 0. 0. 0.],500,100,0.1,0.0005,1,13,iDR,16,random
145,0.00032048083971,0.00032048083971,0.0005038346949999999,[0.       0.       0.       0.106413 0.       0.       0.       0.       0.       0.       0.       0.       0.       0.       0.       0.       0.       0.       0.       0.       0.       0.       0.       0.       0.       0.       0.       0.01     0.       0.       0.      ],[0. 0. 0. 1. 0. 0. 0. 0. 0. 0. 0. 0. 0. 0. 0. 0. 0. 0. 0. 0. 0. 0. 0. 0. 0. 0. 0. 1. 0. 0. 0.],500,100,0.1,0.0005,1,13,iDR,16,random
146,0.00032048083971,0.00032048083971,0.0005038346949999999,[0.       0.       0.       0.106413 0.       0.       0.       0.       0.       0.       0.       0.       0.       0.       0.       0.       0.       0.       0.       0.       0.       0.       0.       0.       0.       0.       0.       0.01     0.       0.       0.      ],[0. 0. 0. 1. 0. 0. 0. 0. 0. 0. 0. 0. 0. 0. 0. 0. 0. 0. 0. 0. 0. 0. 0. 0. 0. 0. 0. 1. 0. 0. 0.],500,100,0.1,0.0005,1,13,iDR,16,random
147,0.00032048083971,0.00032048083971,0.0005038346949999999,[0.       0.       0.       0.106413 0.       0.       0.       0.       0.       0.       0.       0.       0.       0.       0.       0.       0.       0.       0.       0.       0.       0.       0.       0.       0.       0.       0.       0.01     0.       0.       0.      ],[0. 0. 0. 1. 0. 0. 0. 0. 0. 0. 0. 0. 0. 0. 0. 0. 0. 0. 0. 0. 0. 0. 0. 0. 0. 0. 0. 1. 0. 0. 0.],500,100,0.1,0.0005,1,13,iDR,16,random
148,0.00032048083971,0.00032048083971,0.0005038346949999999,[0.       0.       0.       0.106413 0.       0.       0.       0.       0.       0.       0.       0.       0.       0.       0.       0.       0.       0.       0.       0.       0.       0.       0.       0.       0.       0.       0.       0.01     0.       0.       0.      ],[0. 0. 0. 1. 0. 0. 0. 0. 0. 0. 0. 0. 0. 0. 0. 0. 0. 0. 0. 0. 0. 0. 0. 0. 0. 0. 0. 1. 0. 0. 0.],500,100,0.1,0.0005,1,13,iDR,16,random
149,0.00032048083971,0.00032048083971,0.0005038346949999999,[0.       0.       0.       0.106413 0.       0.       0.       0.       0.       0.       0.       0.       0.       0.       0.       0.       0.       0.       0.       0.       0.       0.       0.       0.       0.       0.       0.       0.01     0.       0.       0.      ],[0. 0. 0. 1. 0. 0. 0. 0. 0. 0. 0. 0. 0. 0. 0. 0. 0. 0. 0. 0. 0. 0. 0. 0. 0. 0. 0. 1. 0. 0. 0.],500,100,0.1,0.0005,1,13,iDR,16,random
150,0.00032048083971,0.00032048083971,0.0005038346949999999,[0.       0.       0.       0.106413 0.       0.       0.       0.       0.       0.       0.       0.       0.       0.       0.       0.       0.       0.       0.       0.       0.       0.       0.       0.       0.       0.       0.       0.01     0.       0.       0.      ],[0. 0. 0. 1. 0. 0. 0. 0. 0. 0. 0. 0. 0. 0. 0. 0. 0. 0. 0. 0. 0. 0. 0. 0. 0. 0. 0. 1. 0. 0. 0.],500,100,0.1,0.0005,1,13,iDR,16,random
151,0.00032048083971,0.00032048083971,0.0005038346949999999,[0.       0.       0.       0.106413 0.       0.       0.       0.       0.       0.       0.       0.       0.       0.       0.       0.       0.       0.       0.       0.       0.       0.       0.       0.       0.       0.       0.       0.01     0.       0.       0.      ],[0. 0. 0. 1. 0. 0. 0. 0. 0. 0. 0. 0. 0. 0. 0. 0. 0. 0. 0. 0. 0. 0. 0. 0. 0. 0. 0. 1. 0. 0. 0.],500,100,0.1,0.0005,1,13,iDR,16,random
152,0.00032048083971,0.00032048083971,0.0005038346949999999,[0.       0.       0.       0.106413 0.       0.       0.       0.       0.       0.       0.       0.       0.       0.       0.       0.       0.       0.       0.       0.       0.       0.       0.       0.       0.       0.       0.       0.01     0.       0.       0.      ],[0. 0. 0. 1. 0. 0. 0. 0. 0. 0. 0. 0. 0. 0. 0. 0. 0. 0. 0. 0. 0. 0. 0. 0. 0. 0. 0. 1. 0. 0. 0.],500,100,0.1,0.0005,1,13,iDR,16,random
153,0.00032048083971,0.00032048083971,0.0005038346949999999,[0.       0.       0.       0.106413 0.       0.       0.       0.       0.       0.       0.       0.       0.       0.       0.       0.       0.       0.       0.       0.       0.       0.       0.       0.       0.       0.       0.       0.01     0.       0.       0.      ],[0. 0. 0. 1. 0. 0. 0. 0. 0. 0. 0. 0. 0. 0. 0. 0. 0. 0. 0. 0. 0. 0. 0. 0. 0. 0. 0. 1. 0. 0. 0.],500,100,0.1,0.0005,1,13,iDR,16,random
154,0.00032048083971,0.00032048083971,0.0005038346949999999,[0.       0.       0.       0.106413 0.       0.       0.       0.       0.       0.       0.       0.       0.       0.       0.       0.       0.       0.       0.       0.       0.       0.       0.       0.       0.       0.       0.       0.01     0.       0.       0.      ],[0. 0. 0. 1. 0. 0. 0. 0. 0. 0. 0. 0. 0. 0. 0. 0. 0. 0. 0. 0. 0. 0. 0. 0. 0. 0. 0. 1. 0. 0. 0.],500,100,0.1,0.0005,1,13,iDR,16,random
155,0.00032048083971,0.00032048083971,0.0005038346949999999,[0.       0.       0.       0.106413 0.       0.       0.       0.       0.       0.       0.       0.       0.       0.       0.       0.       0.       0.       0.       0.       0.       0.       0.       0.       0.       0.       0.       0.01     0.       0.       0.      ],[0. 0. 0. 1. 0. 0. 0. 0. 0. 0. 0. 0. 0. 0. 0. 0. 0. 0. 0. 0. 0. 0. 0. 0. 0. 0. 0. 1. 0. 0. 0.],500,100,0.1,0.0005,1,13,iDR,16,random
156,0.00032048083971,0.00032048083971,0.0005038346949999999,[0.       0.       0.       0.106413 0.       0.       0.       0.       0.       0.       0.       0.       0.       0.       0.       0.       0.       0.       0.       0.       0.       0.       0.       0.       0.       0.       0.       0.01     0.       0.       0.      ],[0. 0. 0. 1. 0. 0. 0. 0. 0. 0. 0. 0. 0. 0. 0. 0. 0. 0. 0. 0. 0. 0. 0. 0. 0. 0. 0. 1. 0. 0. 0.],500,100,0.1,0.0005,1,13,iDR,16,random
157,0.00032048083971,0.00032048083971,0.0005038346949999999,[0.       0.       0.       0.106413 0.       0.       0.       0.       0.       0.       0.       0.       0.       0.       0.       0.       0.       0.       0.       0.       0.       0.       0.       0.       0.       0.       0.       0.01     0.       0.       0.      ],[0. 0. 0. 1. 0. 0. 0. 0. 0. 0. 0. 0. 0. 0. 0. 0. 0. 0. 0. 0. 0. 0. 0. 0. 0. 0. 0. 1. 0. 0. 0.],500,100,0.1,0.0005,1,13,iDR,16,random
158,0.00032048083971,0.00032048083971,0.0005038346949999999,[0.       0.       0.       0.106413 0.       0.       0.       0.       0.       0.       0.       0.       0.       0.       0.       0.       0.       0.       0.       0.       0.       0.       0.       0.       0.       0.       0.       0.01     0.       0.       0.      ],[0. 0. 0. 1. 0. 0. 0. 0. 0. 0. 0. 0. 0. 0. 0. 0. 0. 0. 0. 0. 0. 0. 0. 0. 0. 0. 0. 1. 0. 0. 0.],500,100,0.1,0.0005,1,13,iDR,16,random
159,0.00032048083971,0.00032048083971,0.0005038346949999999,[0.       0.       0.       0.106413 0.       0.       0.       0.       0.       0.       0.       0.       0.       0.       0.       0.       0.       0.       0.       0.       0.       0.       0.       0.       0.       0.       0.       0.01     0.       0.       0.      ],[0. 0. 0. 1. 0. 0. 0. 0. 0. 0. 0. 0. 0. 0. 0. 0. 0. 0. 0. 0. 0. 0. 0. 0. 0. 0. 0. 1. 0. 0. 0.],500,100,0.1,0.0005,1,13,iDR,16,random
160,0.00032048083971,0.00032048083971,0.0005038346949999999,[0.       0.       0.       0.106413 0.       0.       0.       0.       0.       0.       0.       0.       0.       0.       0.       0.       0.       0.       0.       0.       0.       0.       0.       0.       0.       0.       0.       0.01     0.       0.       0.      ],[0. 0. 0. 1. 0. 0. 0. 0. 0. 0. 0. 0. 0. 0. 0. 0. 0. 0. 0. 0. 0. 0. 0. 0. 0. 0. 0. 1. 0. 0. 0.],500,100,0.1,0.0005,1,13,iDR,16,random
161,0.00032048083971,0.00032048083971,0.0005038346949999999,[0.       0.       0.       0.106413 0.       0.       0.       0.       0.       0.       0.       0.       0.       0.       0.       0.       0.       0.       0.       0.       0.       0.       0.       0.       0.       0.       0.       0.01     0.       0.       0.      ],[0. 0. 0. 1. 0. 0. 0. 0. 0. 0. 0. 0. 0. 0. 0. 0. 0. 0. 0. 0. 0. 0. 0. 0. 0. 0. 0. 1. 0. 0. 0.],500,100,0.1,0.0005,1,13,iDR,16,random
162,0.00032048083971,0.00032048083971,0.0005038346949999999,[0.       0.       0.       0.106413 0.       0.       0.       0.       0.       0.       0.       0.       0.       0.       0.       0.       0.       0.       0.       0.       0.       0.       0.       0.       0.       0.       0.       0.01     0.       0.       0.      ],[0. 0. 0. 1. 0. 0. 0. 0. 0. 0. 0. 0. 0. 0. 0. 0. 0. 0. 0. 0. 0. 0. 0. 0. 0. 0. 0. 1. 0. 0. 0.],500,100,0.1,0.0005,1,13,iDR,16,random
163,0.00032048083971,0.00032048083971,0.0005038346949999999,[0.       0.       0.       0.106413 0.       0.       0.       0.       0.       0.       0.       0.       0.       0.       0.       0.       0.       0.       0.       0.       0.       0.       0.       0.       0.       0.       0.       0.01     0.       0.       0.      ],[0. 0. 0. 1. 0. 0. 0. 0. 0. 0. 0. 0. 0. 0. 0. 0. 0. 0. 0. 0. 0. 0. 0. 0. 0. 0. 0. 1. 0. 0. 0.],500,100,0.1,0.0005,1,13,iDR,16,random
164,0.00032048083971,0.00032048083971,0.0005038346949999999,[0.       0.       0.       0.106413 0.       0.       0.       0.       0.       0.       0.       0.       0.       0.       0.       0.       0.       0.       0.       0.       0.       0.       0.       0.       0.       0.       0.       0.01     0.       0.       0.      ],[0. 0. 0. 1. 0. 0. 0. 0. 0. 0. 0. 0. 0. 0. 0. 0. 0. 0. 0. 0. 0. 0. 0. 0. 0. 0. 0. 1. 0. 0. 0.],500,100,0.1,0.0005,1,13,iDR,16,random
165,0.00032048083971,0.00032048083971,0.0005038346949999999,[0.       0.       0.       0.106413 0.       0.       0.       0.       0.       0.       0.       0.       0.       0.       0.       0.       0.       0.       0.       0.       0.       0.       0.       0.       0.       0.       0.       0.01     0.       0.       0.      ],[0. 0. 0. 1. 0. 0. 0. 0. 0. 0. 0. 0. 0. 0. 0. 0. 0. 0. 0. 0. 0. 0. 0. 0. 0. 0. 0. 1. 0. 0. 0.],500,100,0.1,0.0005,1,13,iDR,16,random
166,0.00032048083971,0.00032048083971,0.0005038346949999999,[0.       0.       0.       0.106413 0.       0.       0.       0.       0.       0.       0.       0.       0.       0.       0.       0.       0.       0.       0.       0.       0.       0.       0.       0.       0.       0.       0.       0.01     0.       0.       0.      ],[0. 0. 0. 1. 0. 0. 0. 0. 0. 0. 0. 0. 0. 0. 0. 0. 0. 0. 0. 0. 0. 0. 0. 0. 0. 0. 0. 1. 0. 0. 0.],500,100,0.1,0.0005,1,13,iDR,16,random
167,0.00032048083971,0.00032048083971,0.0005038346949999999,[0.       0.       0.       0.106413 0.       0.       0.       0.       0.       0.       0.       0.       0.       0.       0.       0.       0.       0.       0.       0.       0.       0.       0.       0.       0.       0.       0.       0.01     0.       0.       0.      ],[0. 0. 0. 1. 0. 0. 0. 0. 0. 0. 0. 0. 0. 0. 0. 0. 0. 0. 0. 0. 0. 0. 0. 0. 0. 0. 0. 1. 0. 0. 0.],500,100,0.1,0.0005,1,13,iDR,16,random
168,0.00032048083971,0.00032048083971,0.0005038346949999999,[0.       0.       0.       0.106413 0.       0.       0.       0.       0.       0.       0.       0.       0.       0.       0.       0.       0.       0.       0.       0.       0.       0.       0.       0.       0.       0.       0.       0.01     0.       0.       0.      ],[0. 0. 0. 1. 0. 0. 0. 0. 0. 0. 0. 0. 0. 0. 0. 0. 0. 0. 0. 0. 0. 0. 0. 0. 0. 0. 0. 1. 0. 0. 0.],500,100,0.1,0.0005,1,13,iDR,16,random
169,0.00032048083971,0.00032048083971,0.0005038346949999999,[0.       0.       0.       0.106413 0.       0.       0.       0.       0.       0.       0.       0.       0.       0.       0.       0.       0.       0.       0.       0.       0.       0.       0.       0.       0.       0.       0.       0.01     0.       0.       0.      ],[0. 0. 0. 1. 0. 0. 0. 0. 0. 0. 0. 0. 0. 0. 0. 0. 0. 0. 0. 0. 0. 0. 0. 0. 0. 0. 0. 1. 0. 0. 0.],500,100,0.1,0.0005,1,13,iDR,16,random
170,0.00032048083971,0.00032048083971,0.0005038346949999999,[0.       0.       0.       0.106413 0.       0.       0.       0.       0.       0.       0.       0.       0.       0.       0.       0.       0.       0.       0.       0.       0.       0.       0.       0.       0.       0.       0.       0.01     0.       0.       0.      ],[0. 0. 0. 1. 0. 0. 0. 0. 0. 0. 0. 0. 0. 0. 0. 0. 0. 0. 0. 0. 0. 0. 0. 0. 0. 0. 0. 1. 0. 0. 0.],500,100,0.1,0.0005,1,13,iDR,16,random
171,0.00032048083971,0.00032048083971,0.0005038346949999999,[0.       0.       0.       0.106413 0.       0.       0.       0.       0.       0.       0.       0.       0.       0.       0.       0.       0.       0.       0.       0.       0.       0.       0.       0.       0.       0.       0.       0.01     0.       0.       0.      ],[0. 0. 0. 1. 0. 0. 0. 0. 0. 0. 0. 0. 0. 0. 0. 0. 0. 0. 0. 0. 0. 0. 0. 0. 0. 0. 0. 1. 0. 0. 0.],500,100,0.1,0.0005,1,13,iDR,16,random
172,0.00032048083971,0.00032048083971,0.0005038346949999999,[0.       0.       0.       0.106413 0.       0.       0.       0.       0.       0.       0.       0.       0.       0.       0.       0.       0.       0.       0.       0.       0.       0.       0.       0.       0.       0.       0.       0.01     0.       0.       0.      ],[0. 0. 0. 1. 0. 0. 0. 0. 0. 0. 0. 0. 0. 0. 0. 0. 0. 0. 0. 0. 0. 0. 0. 0. 0. 0. 0. 1. 0. 0. 0.],500,100,0.1,0.0005,1,13,iDR,16,random
173,0.00032048083971,0.00032048083971,0.0005038346949999999,[0.       0.       0.       0.106413 0.       0.       0.       0.       0.       0.       0.       0.       0.       0.       0.       0.       0.       0.       0.       0.       0.       0.       0.       0.       0.       0.       0.       0.01     0.       0.       0.      ],[0. 0. 0. 1. 0. 0. 0. 0. 0. 0. 0. 0. 0. 0. 0. 0. 0. 0. 0. 0. 0. 0. 0. 0. 0. 0. 0. 1. 0. 0. 0.],500,100,0.1,0.0005,1,13,iDR,16,random
174,0.00032048083971,0.00032048083971,0.0005038346949999999,[0.       0.       0.       0.106413 0.       0.       0.       0.       0.       0.       0.       0.       0.       0.       0.       0.       0.       0.       0.       0.       0.       0.       0.       0.       0.       0.       0.       0.01     0.       0.       0.      ],[0. 0. 0. 1. 0. 0. 0. 0. 0. 0. 0. 0. 0. 0. 0. 0. 0. 0. 0. 0. 0. 0. 0. 0. 0. 0. 0. 1. 0. 0. 0.],500,100,0.1,0.0005,1,13,iDR,16,random
175,0.00032048083971,0.00032048083971,0.0005038346949999999,[0.       0.       0.       0.106413 0.       0.       0.       0.       0.       0.       0.       0.       0.       0.       0.       0.       0.       0.       0.       0.       0.       0.       0.       0.       0.       0.       0.       0.01     0.       0.       0.      ],[0. 0. 0. 1. 0. 0. 0. 0. 0. 0. 0. 0. 0. 0. 0. 0. 0. 0. 0. 0. 0. 0. 0. 0. 0. 0. 0. 1. 0. 0. 0.],500,100,0.1,0.0005,1,13,iDR,16,random
176,0.00032048083971,0.00032048083971,0.0005038346949999999,[0.       0.       0.       0.106413 0.       0.       0.       0.       0.       0.       0.       0.       0.       0.       0.       0.       0.       0.       0.       0.       0.       0.       0.       0.       0.       0.       0.       0.01     0.       0.       0.      ],[0. 0. 0. 1. 0. 0. 0. 0. 0. 0. 0. 0. 0. 0. 0. 0. 0. 0. 0. 0. 0. 0. 0. 0. 0. 0. 0. 1. 0. 0. 0.],500,100,0.1,0.0005,1,13,iDR,16,random
177,0.00032048083971,0.00032048083971,0.0005038346949999999,[0.       0.       0.       0.106413 0.       0.       0.       0.       0.       0.       0.       0.       0.       0.       0.       0.       0.       0.       0.       0.       0.       0.       0.       0.       0.       0.       0.       0.01     0.       0.       0.      ],[0. 0. 0. 1. 0. 0. 0. 0. 0. 0. 0. 0. 0. 0. 0. 0. 0. 0. 0. 0. 0. 0. 0. 0. 0. 0. 0. 1. 0. 0. 0.],500,100,0.1,0.0005,1,13,iDR,16,random
178,0.00032048083971,0.00032048083971,0.0005038346949999999,[0.       0.       0.       0.106413 0.       0.       0.       0.       0.       0.       0.       0.       0.       0.       0.       0.       0.       0.       0.       0.       0.       0.       0.       0.       0.       0.       0.       0.01     0.       0.       0.      ],[0. 0. 0. 1. 0. 0. 0. 0. 0. 0. 0. 0. 0. 0. 0. 0. 0. 0. 0. 0. 0. 0. 0. 0. 0. 0. 0. 1. 0. 0. 0.],500,100,0.1,0.0005,1,13,iDR,16,random
179,0.00032048083971,0.00032048083971,0.0005038346949999999,[0.       0.       0.       0.106413 0.       0.       0.       0.       0.       0.       0.       0.       0.       0.       0.       0.       0.       0.       0.       0.       0.       0.       0.       0.       0.       0.       0.       0.01     0.       0.       0.      ],[0. 0. 0. 1. 0. 0. 0. 0. 0. 0. 0. 0. 0. 0. 0. 0. 0. 0. 0. 0. 0. 0. 0. 0. 0. 0. 0. 1. 0. 0. 0.],500,100,0.1,0.0005,1,13,iDR,16,random
180,0.00032048083971,0.00032048083971,0.0005038346949999999,[0.       0.       0.       0.106413 0.       0.       0.       0.       0.       0.       0.       0.       0.       0.       0.       0.       0.       0.       0.       0.       0.       0.       0.       0.       0.       0.       0.       0.01     0.       0.       0.      ],[0. 0. 0. 1. 0. 0. 0. 0. 0. 0. 0. 0. 0. 0. 0. 0. 0. 0. 0. 0. 0. 0. 0. 0. 0. 0. 0. 1. 0. 0. 0.],500,100,0.1,0.0005,1,13,iDR,16,random
181,0.00032048083971,0.00032048083971,0.0005038346949999999,[0.       0.       0.       0.106413 0.       0.       0.       0.       0.       0.       0.       0.       0.       0.       0.       0.       0.       0.       0.       0.       0.       0.       0.       0.       0.       0.       0.       0.01     0.       0.       0.      ],[0. 0. 0. 1. 0. 0. 0. 0. 0. 0. 0. 0. 0. 0. 0. 0. 0. 0. 0. 0. 0. 0. 0. 0. 0. 0. 0. 1. 0. 0. 0.],500,100,0.1,0.0005,1,13,iDR,16,random
182,0.00032048083971,0.00032048083971,0.0005038346949999999,[0.       0.       0.       0.106413 0.       0.       0.       0.       0.       0.       0.       0.       0.       0.       0.       0.       0.       0.       0.       0.       0.       0.       0.       0.       0.       0.       0.       0.01     0.       0.       0.      ],[0. 0. 0. 1. 0. 0. 0. 0. 0. 0. 0. 0. 0. 0. 0. 0. 0. 0. 0. 0. 0. 0. 0. 0. 0. 0. 0. 1. 0. 0. 0.],500,100,0.1,0.0005,1,13,iDR,16,random
183,0.00032048083971,0.00032048083971,0.0005038346949999999,[0.       0.       0.       0.106413 0.       0.       0.       0.       0.       0.       0.       0.       0.       0.       0.       0.       0.       0.       0.       0.       0.       0.       0.       0.       0.       0.       0.       0.01     0.       0.       0.      ],[0. 0. 0. 1. 0. 0. 0. 0. 0. 0. 0. 0. 0. 0. 0. 0. 0. 0. 0. 0. 0. 0. 0. 0. 0. 0. 0. 1. 0. 0. 0.],500,100,0.1,0.0005,1,13,iDR,16,random
184,0.00032048083971,0.00032048083971,0.0005038346949999999,[0.       0.       0.       0.106413 0.       0.       0.       0.       0.       0.       0.       0.       0.       0.       0.       0.       0.       0.       0.       0.       0.       0.       0.       0.       0.       0.       0.       0.01     0.       0.       0.      ],[0. 0. 0. 1. 0. 0. 0. 0. 0. 0. 0. 0. 0. 0. 0. 0. 0. 0. 0. 0. 0. 0. 0. 0. 0. 0. 0. 1. 0. 0. 0.],500,100,0.1,0.0005,1,13,iDR,16,random
185,0.00032048083971,0.00032048083971,0.0005038346949999999,[0.       0.       0.       0.106413 0.       0.       0.       0.       0.       0.       0.       0.       0.       0.       0.       0.       0.       0.       0.       0.       0.       0.       0.       0.       0.       0.       0.       0.01     0.       0.       0.      ],[0. 0. 0. 1. 0. 0. 0. 0. 0. 0. 0. 0. 0. 0. 0. 0. 0. 0. 0. 0. 0. 0. 0. 0. 0. 0. 0. 1. 0. 0. 0.],500,100,0.1,0.0005,1,13,iDR,16,random
186,0.00032048083971,0.00032048083971,0.0005038346949999999,[0.       0.       0.       0.106413 0.       0.       0.       0.       0.       0.       0.       0.       0.       0.       0.       0.       0.       0.       0.       0.       0.       0.       0.       0.       0.       0.       0.       0.01     0.       0.       0.      ],[0. 0. 0. 1. 0. 0. 0. 0. 0. 0. 0. 0. 0. 0. 0. 0. 0. 0. 0. 0. 0. 0. 0. 0. 0. 0. 0. 1. 0. 0. 0.],500,100,0.1,0.0005,1,13,iDR,16,random
187,0.00032048083971,0.00032048083971,0.0005038346949999999,[0.       0.       0.       0.106413 0.       0.       0.       0.       0.       0.       0.       0.       0.       0.       0.       0.       0.       0.       0.       0.       0.       0.       0.       0.       0.       0.       0.       0.01     0.       0.       0.      ],[0. 0. 0. 1. 0. 0. 0. 0. 0. 0. 0. 0. 0. 0. 0. 0. 0. 0. 0. 0. 0. 0. 0. 0. 0. 0. 0. 1. 0. 0. 0.],500,100,0.1,0.0005,1,13,iDR,16,random
188,0.00032048083971,0.00032048083971,0.0005038346949999999,[0.       0.       0.       0.106413 0.       0.       0.       0.       0.       0.       0.       0.       0.       0.       0.       0.       0.       0.       0.       0.       0.       0.       0.       0.       0.       0.       0.       0.01     0.       0.       0.      ],[0. 0. 0. 1. 0. 0. 0. 0. 0. 0. 0. 0. 0. 0. 0. 0. 0. 0. 0. 0. 0. 0. 0. 0. 0. 0. 0. 1. 0. 0. 0.],500,100,0.1,0.0005,1,13,iDR,16,random
189,0.00032048083971,0.00032048083971,0.0005038346949999999,[0.       0.       0.       0.106413 0.       0.       0.       0.       0.       0.       0.       0.       0.       0.       0.       0.       0.       0.       0.       0.       0.       0.       0.       0.       0.       0.       0.       0.01     0.       0.       0.      ],[0. 0. 0. 1. 0. 0. 0. 0. 0. 0. 0. 0. 0. 0. 0. 0. 0. 0. 0. 0. 0. 0. 0. 0. 0. 0. 0. 1. 0. 0. 0.],500,100,0.1,0.0005,1,13,iDR,16,random
190,0.00032048083971,0.00032048083971,0.0005038346949999999,[0.       0.       0.       0.106413 0.       0.       0.       0.       0.       0.       0.       0.       0.       0.       0.       0.       0.       0.       0.       0.       0.       0.       0.       0.       0.       0.       0.       0.01     0.       0.       0.      ],[0. 0. 0. 1. 0. 0. 0. 0. 0. 0. 0. 0. 0. 0. 0. 0. 0. 0. 0. 0. 0. 0. 0. 0. 0. 0. 0. 1. 0. 0. 0.],500,100,0.1,0.0005,1,13,iDR,16,random
191,0.00032048083971,0.00032048083971,0.0005038346949999999,[0.       0.       0.       0.106413 0.       0.       0.       0.       0.       0.       0.       0.       0.       0.       0.       0.       0.       0.       0.       0.       0.       0.       0.       0.       0.       0.       0.       0.01     0.       0.       0.      ],[0. 0. 0. 1. 0. 0. 0. 0. 0. 0. 0. 0. 0. 0. 0. 0. 0. 0. 0. 0. 0. 0. 0. 0. 0. 0. 0. 1. 0. 0. 0.],500,100,0.1,0.0005,1,13,iDR,16,random
192,0.00032048083971,0.00032048083971,0.0005038346949999999,[0.       0.       0.       0.106413 0.       0.       0.       0.       0.       0.       0.       0.       0.       0.       0.       0.       0.       0.       0.       0.       0.       0.       0.       0.       0.       0.       0.       0.01     0.       0.       0.      ],[0. 0. 0. 1. 0. 0. 0. 0. 0. 0. 0. 0. 0. 0. 0. 0. 0. 0. 0. 0. 0. 0. 0. 0. 0. 0. 0. 1. 0. 0. 0.],500,100,0.1,0.0005,1,13,iDR,16,random
193,0.00032048083971,0.00032048083971,0.0005038346949999999,[0.       0.       0.       0.106413 0.       0.       0.       0.       0.       0.       0.       0.       0.       0.       0.       0.       0.       0.       0.       0.       0.       0.       0.       0.       0.       0.       0.       0.01     0.       0.       0.      ],[0. 0. 0. 1. 0. 0. 0. 0. 0. 0. 0. 0. 0. 0. 0. 0. 0. 0. 0. 0. 0. 0. 0. 0. 0. 0. 0. 1. 0. 0. 0.],500,100,0.1,0.0005,1,13,iDR,16,random
194,0.00032048083971,0.00032048083971,0.0005038346949999999,[0.       0.       0.       0.106413 0.       0.       0.       0.       0.       0.       0.       0.       0.       0.       0.       0.       0.       0.       0.       0.       0.       0.       0.       0.       0.       0.       0.       0.01     0.       0.       0.      ],[0. 0. 0. 1. 0. 0. 0. 0. 0. 0. 0. 0. 0. 0. 0. 0. 0. 0. 0. 0. 0. 0. 0. 0. 0. 0. 0. 1. 0. 0. 0.],500,100,0.1,0.0005,1,13,iDR,16,random
195,0.00032048083971,0.00032048083971,0.0005038346949999999,[0.       0.       0.       0.106413 0.       0.       0.       0.       0.       0.       0.       0.       0.       0.       0.       0.       0.       0.       0.       0.       0.       0.       0.       0.       0.       0.       0.       0.01     0.       0.       0.      ],[0. 0. 0. 1. 0. 0. 0. 0. 0. 0. 0. 0. 0. 0. 0. 0. 0. 0. 0. 0. 0. 0. 0. 0. 0. 0. 0. 1. 0. 0. 0.],500,100,0.1,0.0005,1,13,iDR,16,random
196,0.00032048083971,0.00032048083971,0.0005038346949999999,[0.       0.       0.       0.106413 0.       0.       0.       0.       0.       0.       0.       0.       0.       0.       0.       0.       0.       0.       0.       0.       0.       0.       0.       0.       0.       0.       0.       0.01     0.       0.       0.      ],[0. 0. 0. 1. 0. 0. 0. 0. 0. 0. 0. 0. 0. 0. 0. 0. 0. 0. 0. 0. 0. 0. 0. 0. 0. 0. 0. 1. 0. 0. 0.],500,100,0.1,0.0005,1,13,iDR,16,random
197,0.00032048083971,0.00032048083971,0.0005038346949999999,[0.       0.       0.       0.106413 0.       0.       0.       0.       0.       0.       0.       0.       0.       0.       0.       0.       0.       0.       0.       0.       0.       0.       0.       0.       0.       0.       0.       0.01     0.       0.       0.      ],[0. 0. 0. 1. 0. 0. 0. 0. 0. 0. 0. 0. 0. 0. 0. 0. 0. 0. 0. 0. 0. 0. 0. 0. 0. 0. 0. 1. 0. 0. 0.],500,100,0.1,0.0005,1,13,iDR,16,random
198,0.00032048083971,0.00032048083971,0.0005038346949999999,[0.       0.       0.       0.106413 0.       0.       0.       0.       0.       0.       0.       0.       0.       0.       0.       0.       0.       0.       0.       0.       0.       0.       0.       0.       0.       0.       0.       0.01     0.       0.       0.      ],[0. 0. 0. 1. 0. 0. 0. 0. 0. 0. 0. 0. 0. 0. 0. 0. 0. 0. 0. 0. 0. 0. 0. 0. 0. 0. 0. 1. 0. 0. 0.],500,100,0.1,0.0005,1,13,iDR,16,random
199,0.00032048083971,0.00032048083971,0.0005038346949999999,[0.       0.       0.       0.106413 0.       0.       0.       0.       0.       0.       0.       0.       0.       0.       0.       0.       0.       0.       0.       0.       0.       0.       0.       0.       0.       0.       0.       0.01     0.       0.       0.      ],[0. 0. 0. 1. 0. 0. 0. 0. 0. 0. 0. 0. 0. 0. 0. 0. 0. 0. 0. 0. 0. 0. 0. 0. 0. 0. 0. 1. 0. 0. 0.],500,100,0.1,0.0005,1,13,iDR,16,random
200,0.00032048083971,0.00032048083971,0.0005038346949999999,[0.       0.       0.       0.106413 0.       0.       0.       0.       0.       0.       0.       0.       0.       0.       0.       0.       0.       0.       0.       0.       0.       0.       0.       0.       0.       0.       0.       0.01     0.       0.       0.      ],[0. 0. 0. 1. 0. 0. 0. 0. 0. 0. 0. 0. 0. 0. 0. 0. 0. 0. 0. 0. 0. 0. 0. 0. 0. 0. 0. 1. 0. 0. 0.],500,100,0.1,0.0005,1,13,iDR,16,random
201,0.00032048083971,0.00032048083971,0.0005038346949999999,[0.       0.       0.       0.106413 0.       0.       0.       0.       0.       0.       0.       0.       0.       0.       0.       0.       0.       0.       0.       0.       0.       0.       0.       0.       0.       0.       0.       0.01     0.       0.       0.      ],[0. 0. 0. 1. 0. 0. 0. 0. 0. 0. 0. 0. 0. 0. 0. 0. 0. 0. 0. 0. 0. 0. 0. 0. 0. 0. 0. 1. 0. 0. 0.],500,100,0.1,0.0005,1,13,iDR,16,random
202,0.00032048083971,0.00032048083971,0.0005038346949999999,[0.       0.       0.       0.106413 0.       0.       0.       0.       0.       0.       0.       0.       0.       0.       0.       0.       0.       0.       0.       0.       0.       0.       0.       0.       0.       0.       0.       0.01     0.       0.       0.      ],[0. 0. 0. 1. 0. 0. 0. 0. 0. 0. 0. 0. 0. 0. 0. 0. 0. 0. 0. 0. 0. 0. 0. 0. 0. 0. 0. 1. 0. 0. 0.],500,100,0.1,0.0005,1,13,iDR,16,random
203,0.00032048083971,0.00032048083971,0.0005038346949999999,[0.       0.       0.       0.106413 0.       0.       0.       0.       0.       0.       0.       0.       0.       0.       0.       0.       0.       0.       0.       0.       0.       0.       0.       0.       0.       0.       0.       0.01     0.       0.       0.      ],[0. 0. 0. 1. 0. 0. 0. 0. 0. 0. 0. 0. 0. 0. 0. 0. 0. 0. 0. 0. 0. 0. 0. 0. 0. 0. 0. 1. 0. 0. 0.],500,100,0.1,0.0005,1,13,iDR,16,random
204,0.00032048083971,0.00032048083971,0.0005038346949999999,[0.       0.       0.       0.106413 0.       0.       0.       0.       0.       0.       0.       0.       0.       0.       0.       0.       0.       0.       0.       0.       0.       0.       0.       0.       0.       0.       0.       0.01     0.       0.       0.      ],[0. 0. 0. 1. 0. 0. 0. 0. 0. 0. 0. 0. 0. 0. 0. 0. 0. 0. 0. 0. 0. 0. 0. 0. 0. 0. 0. 1. 0. 0. 0.],500,100,0.1,0.0005,1,13,iDR,16,random
205,0.00032048083971,0.00032048083971,0.0005038346949999999,[0.       0.       0.       0.106413 0.       0.       0.       0.       0.       0.       0.       0.       0.       0.       0.       0.       0.       0.       0.       0.       0.       0.       0.       0.       0.       0.       0.       0.01     0.       0.       0.      ],[0. 0. 0. 1. 0. 0. 0. 0. 0. 0. 0. 0. 0. 0. 0. 0. 0. 0. 0. 0. 0. 0. 0. 0. 0. 0. 0. 1. 0. 0. 0.],500,100,0.1,0.0005,1,13,iDR,16,random
206,0.00032048083971,0.00032048083971,0.0005038346949999999,[0.       0.       0.       0.106413 0.       0.       0.       0.       0.       0.       0.       0.       0.       0.       0.       0.       0.       0.       0.       0.       0.       0.       0.       0.       0.       0.       0.       0.01     0.       0.       0.      ],[0. 0. 0. 1. 0. 0. 0. 0. 0. 0. 0. 0. 0. 0. 0. 0. 0. 0. 0. 0. 0. 0. 0. 0. 0. 0. 0. 1. 0. 0. 0.],500,100,0.1,0.0005,1,13,iDR,16,random
207,0.00032048083971,0.00032048083971,0.0005038346949999999,[0.       0.       0.       0.106413 0.       0.       0.       0.       0.       0.       0.       0.       0.       0.       0.       0.       0.       0.       0.       0.       0.       0.       0.       0.       0.       0.       0.       0.01     0.       0.       0.      ],[0. 0. 0. 1. 0. 0. 0. 0. 0. 0. 0. 0. 0. 0. 0. 0. 0. 0. 0. 0. 0. 0. 0. 0. 0. 0. 0. 1. 0. 0. 0.],500,100,0.1,0.0005,1,13,iDR,16,random
208,0.00032048083971,0.00032048083971,0.0005038346949999999,[0.       0.       0.       0.106413 0.       0.       0.       0.       0.       0.       0.       0.       0.       0.       0.       0.       0.       0.       0.       0.       0.       0.       0.       0.       0.       0.       0.       0.01     0.       0.       0.      ],[0. 0. 0. 1. 0. 0. 0. 0. 0. 0. 0. 0. 0. 0. 0. 0. 0. 0. 0. 0. 0. 0. 0. 0. 0. 0. 0. 1. 0. 0. 0.],500,100,0.1,0.0005,1,13,iDR,16,random
209,0.00032048083971,0.00032048083971,0.0005038346949999999,[0.       0.       0.       0.106413 0.       0.       0.       0.       0.       0.       0.       0.       0.       0.       0.       0.       0.       0.       0.       0.       0.       0.       0.       0.       0.       0.       0.       0.01     0.       0.       0.      ],[0. 0. 0. 1. 0. 0. 0. 0. 0. 0. 0. 0. 0. 0. 0. 0. 0. 0. 0. 0. 0. 0. 0. 0. 0. 0. 0. 1. 0. 0. 0.],500,100,0.1,0.0005,1,13,iDR,16,random
210,0.00032048083971,0.00032048083971,0.0005038346949999999,[0.       0.       0.       0.106413 0.       0.       0.       0.       0.       0.       0.       0.       0.       0.       0.       0.       0.       0.       0.       0.       0.       0.       0.       0.       0.       0.       0.       0.01     0.       0.       0.      ],[0. 0. 0. 1. 0. 0. 0. 0. 0. 0. 0. 0. 0. 0. 0. 0. 0. 0. 0. 0. 0. 0. 0. 0. 0. 0. 0. 1. 0. 0. 0.],500,100,0.1,0.0005,1,13,iDR,16,random
211,0.00032048083971,0.00032048083971,0.0005038346949999999,[0.       0.       0.       0.106413 0.       0.       0.       0.       0.       0.       0.       0.       0.       0.       0.       0.       0.       0.       0.       0.       0.       0.       0.       0.       0.       0.       0.       0.01     0.       0.       0.      ],[0. 0. 0. 1. 0. 0. 0. 0. 0. 0. 0. 0. 0. 0. 0. 0. 0. 0. 0. 0. 0. 0. 0. 0. 0. 0. 0. 1. 0. 0. 0.],500,100,0.1,0.0005,1,13,iDR,16,random
212,0.00032048083971,0.00032048083971,0.0005038346949999999,[0.       0.       0.       0.106413 0.       0.       0.       0.       0.       0.       0.       0.       0.       0.       0.       0.       0.       0.       0.       0.       0.       0.       0.       0.       0.       0.       0.       0.01     0.       0.       0.      ],[0. 0. 0. 1. 0. 0. 0. 0. 0. 0. 0. 0. 0. 0. 0. 0. 0. 0. 0. 0. 0. 0. 0. 0. 0. 0. 0. 1. 0. 0. 0.],500,100,0.1,0.0005,1,13,iDR,16,random
213,0.00032048083971,0.00032048083971,0.0005038346949999999,[0.       0.       0.       0.106413 0.       0.       0.       0.       0.       0.       0.       0.       0.       0.       0.       0.       0.       0.       0.       0.       0.       0.       0.       0.       0.       0.       0.       0.01     0.       0.       0.      ],[0. 0. 0. 1. 0. 0. 0. 0. 0. 0. 0. 0. 0. 0. 0. 0. 0. 0. 0. 0. 0. 0. 0. 0. 0. 0. 0. 1. 0. 0. 0.],500,100,0.1,0.0005,1,13,iDR,16,random
214,0.00032048083971,0.00032048083971,0.0005038346949999999,[0.       0.       0.       0.106413 0.       0.       0.       0.       0.       0.       0.       0.       0.       0.       0.       0.       0.       0.       0.       0.       0.       0.       0.       0.       0.       0.       0.       0.01     0.       0.       0.      ],[0. 0. 0. 1. 0. 0. 0. 0. 0. 0. 0. 0. 0. 0. 0. 0. 0. 0. 0. 0. 0. 0. 0. 0. 0. 0. 0. 1. 0. 0. 0.],500,100,0.1,0.0005,1,13,iDR,16,random
215,0.00032048083971,0.00032048083971,0.0005038346949999999,[0.       0.       0.       0.106413 0.       0.       0.       0.       0.       0.       0.       0.       0.       0.       0.       0.       0.       0.       0.       0.       0.       0.       0.       0.       0.       0.       0.       0.01     0.       0.       0.      ],[0. 0. 0. 1. 0. 0. 0. 0. 0. 0. 0. 0. 0. 0. 0. 0. 0. 0. 0. 0. 0. 0. 0. 0. 0. 0. 0. 1. 0. 0. 0.],500,100,0.1,0.0005,1,13,iDR,16,random
216,0.00032048083971,0.00032048083971,0.0005038346949999999,[0.       0.       0.       0.106413 0.       0.       0.       0.       0.       0.       0.       0.       0.       0.       0.       0.       0.       0.       0.       0.       0.       0.       0.       0.       0.       0.       0.       0.01     0.       0.       0.      ],[0. 0. 0. 1. 0. 0. 0. 0. 0. 0. 0. 0. 0. 0. 0. 0. 0. 0. 0. 0. 0. 0. 0. 0. 0. 0. 0. 1. 0. 0. 0.],500,100,0.1,0.0005,1,13,iDR,16,random
217,0.00032048083971,0.00032048083971,0.0005038346949999999,[0.       0.       0.       0.106413 0.       0.       0.       0.       0.       0.       0.       0.       0.       0.       0.       0.       0.       0.       0.       0.       0.       0.       0.       0.       0.       0.       0.       0.01     0.       0.       0.      ],[0. 0. 0. 1. 0. 0. 0. 0. 0. 0. 0. 0. 0. 0. 0. 0. 0. 0. 0. 0. 0. 0. 0. 0. 0. 0. 0. 1. 0. 0. 0.],500,100,0.1,0.0005,1,13,iDR,16,random
218,0.00032048083971,0.00032048083971,0.0005038346949999999,[0.       0.       0.       0.106413 0.       0.       0.       0.       0.       0.       0.       0.       0.       0.       0.       0.       0.       0.       0.       0.       0.       0.       0.       0.       0.       0.       0.       0.01     0.       0.       0.      ],[0. 0. 0. 1. 0. 0. 0. 0. 0. 0. 0. 0. 0. 0. 0. 0. 0. 0. 0. 0. 0. 0. 0. 0. 0. 0. 0. 1. 0. 0. 0.],500,100,0.1,0.0005,1,13,iDR,16,random
219,0.00032048083971,0.00032048083971,0.0005038346949999999,[0.       0.       0.       0.106413 0.       0.       0.       0.       0.       0.       0.       0.       0.       0.       0.       0.       0.       0.       0.       0.       0.       0.       0.       0.       0.       0.       0.       0.01     0.       0.       0.      ],[0. 0. 0. 1. 0. 0. 0. 0. 0. 0. 0. 0. 0. 0. 0. 0. 0. 0. 0. 0. 0. 0. 0. 0. 0. 0. 0. 1. 0. 0. 0.],500,100,0.1,0.0005,1,13,iDR,16,random
220,0.00032048083971,0.00032048083971,0.0005038346949999999,[0.       0.       0.       0.106413 0.       0.       0.       0.       0.       0.       0.       0.       0.       0.       0.       0.       0.       0.       0.       0.       0.       0.       0.       0.       0.       0.       0.       0.01     0.       0.       0.      ],[0. 0. 0. 1. 0. 0. 0. 0. 0. 0. 0. 0. 0. 0. 0. 0. 0. 0. 0. 0. 0. 0. 0. 0. 0. 0. 0. 1. 0. 0. 0.],500,100,0.1,0.0005,1,13,iDR,16,random
221,0.00032048083971,0.00032048083971,0.0005038346949999999,[0.       0.       0.       0.106413 0.       0.       0.       0.       0.       0.       0.       0.       0.       0.       0.       0.       0.       0.       0.       0.       0.       0.       0.       0.       0.       0.       0.       0.01     0.       0.       0.      ],[0. 0. 0. 1. 0. 0. 0. 0. 0. 0. 0. 0. 0. 0. 0. 0. 0. 0. 0. 0. 0. 0. 0. 0. 0. 0. 0. 1. 0. 0. 0.],500,100,0.1,0.0005,1,13,iDR,16,random
222,0.00032048083971,0.00032048083971,0.0005038346949999999,[0.       0.       0.       0.106413 0.       0.       0.       0.       0.       0.       0.       0.       0.       0.       0.       0.       0.       0.       0.       0.       0.       0.       0.       0.       0.       0.       0.       0.01     0.       0.       0.      ],[0. 0. 0. 1. 0. 0. 0. 0. 0. 0. 0. 0. 0. 0. 0. 0. 0. 0. 0. 0. 0. 0. 0. 0. 0. 0. 0. 1. 0. 0. 0.],500,100,0.1,0.0005,1,13,iDR,16,random
223,0.00032048083971,0.00032048083971,0.0005038346949999999,[0.       0.       0.       0.106413 0.       0.       0.       0.       0.       0.       0.       0.       0.       0.       0.       0.       0.       0.       0.       0.       0.       0.       0.       0.       0.       0.       0.       0.01     0.       0.       0.      ],[0. 0. 0. 1. 0. 0. 0. 0. 0. 0. 0. 0. 0. 0. 0. 0. 0. 0. 0. 0. 0. 0. 0. 0. 0. 0. 0. 1. 0. 0. 0.],500,100,0.1,0.0005,1,13,iDR,16,random
224,0.00032048083971,0.00032048083971,0.0005038346949999999,[0.       0.       0.       0.106413 0.       0.       0.       0.       0.       0.       0.       0.       0.       0.       0.       0.       0.       0.       0.       0.       0.       0.       0.       0.       0.       0.       0.       0.01     0.       0.       0.      ],[0. 0. 0. 1. 0. 0. 0. 0. 0. 0. 0. 0. 0. 0. 0. 0. 0. 0. 0. 0. 0. 0. 0. 0. 0. 0. 0. 1. 0. 0. 0.],500,100,0.1,0.0005,1,13,iDR,16,random
225,0.00032048083971,0.00032048083971,0.0005038346949999999,[0.       0.       0.       0.106413 0.       0.       0.       0.       0.       0.       0.       0.       0.       0.       0.       0.       0.       0.       0.       0.       0.       0.       0.       0.       0.       0.       0.       0.01     0.       0.       0.      ],[0. 0. 0. 1. 0. 0. 0. 0. 0. 0. 0. 0. 0. 0. 0. 0. 0. 0. 0. 0. 0. 0. 0. 0. 0. 0. 0. 1. 0. 0. 0.],500,100,0.1,0.0005,1,13,iDR,16,random
226,0.00032048083971,0.00032048083971,0.0005038346949999999,[0.       0.       0.       0.106413 0.       0.       0.       0.       0.       0.       0.       0.       0.       0.       0.       0.       0.       0.       0.       0.       0.       0.       0.       0.       0.       0.       0.       0.01     0.       0.       0.      ],[0. 0. 0. 1. 0. 0. 0. 0. 0. 0. 0. 0. 0. 0. 0. 0. 0. 0. 0. 0. 0. 0. 0. 0. 0. 0. 0. 1. 0. 0. 0.],500,100,0.1,0.0005,1,13,iDR,16,random
227,0.00032048083971,0.00032048083971,0.0005038346949999999,[0.       0.       0.       0.106413 0.       0.       0.       0.       0.       0.       0.       0.       0.       0.       0.       0.       0.       0.       0.       0.       0.       0.       0.       0.       0.       0.       0.       0.01     0.       0.       0.      ],[0. 0. 0. 1. 0. 0. 0. 0. 0. 0. 0. 0. 0. 0. 0. 0. 0. 0. 0. 0. 0. 0. 0. 0. 0. 0. 0. 1. 0. 0. 0.],500,100,0.1,0.0005,1,13,iDR,16,random
228,0.00032048083971,0.00032048083971,0.0005038346949999999,[0.       0.       0.       0.106413 0.       0.       0.       0.       0.       0.       0.       0.       0.       0.       0.       0.       0.       0.       0.       0.       0.       0.       0.       0.       0.       0.       0.       0.01     0.       0.       0.      ],[0. 0. 0. 1. 0. 0. 0. 0. 0. 0. 0. 0. 0. 0. 0. 0. 0. 0. 0. 0. 0. 0. 0. 0. 0. 0. 0. 1. 0. 0. 0.],500,100,0.1,0.0005,1,13,iDR,16,random
229,0.00032048083971,0.00032048083971,0.0005038346949999999,[0.       0.       0.       0.106413 0.       0.       0.       0.       0.       0.       0.       0.       0.       0.       0.       0.       0.       0.       0.       0.       0.       0.       0.       0.       0.       0.       0.       0.01     0.       0.       0.      ],[0. 0. 0. 1. 0. 0. 0. 0. 0. 0. 0. 0. 0. 0. 0. 0. 0. 0. 0. 0. 0. 0. 0. 0. 0. 0. 0. 1. 0. 0. 0.],500,100,0.1,0.0005,1,13,iDR,16,random
230,0.00032048083971,0.00032048083971,0.0005038346949999999,[0.       0.       0.       0.106413 0.       0.       0.       0.       0.       0.       0.       0.       0.       0.       0.       0.       0.       0.       0.       0.       0.       0.       0.       0.       0.       0.       0.       0.01     0.       0.       0.      ],[0. 0. 0. 1. 0. 0. 0. 0. 0. 0. 0. 0. 0. 0. 0. 0. 0. 0. 0. 0. 0. 0. 0. 0. 0. 0. 0. 1. 0. 0. 0.],500,100,0.1,0.0005,1,13,iDR,16,random
231,0.00032048083971,0.00032048083971,0.0005038346949999999,[0.       0.       0.       0.106413 0.       0.       0.       0.       0.       0.       0.       0.       0.       0.       0.       0.       0.       0.       0.       0.       0.       0.       0.       0.       0.       0.       0.       0.01     0.       0.       0.      ],[0. 0. 0. 1. 0. 0. 0. 0. 0. 0. 0. 0. 0. 0. 0. 0. 0. 0. 0. 0. 0. 0. 0. 0. 0. 0. 0. 1. 0. 0. 0.],500,100,0.1,0.0005,1,13,iDR,16,random
232,0.00032048083971,0.00032048083971,0.0005038346949999999,[0.       0.       0.       0.106413 0.       0.       0.       0.       0.       0.       0.       0.       0.       0.       0.       0.       0.       0.       0.       0.       0.       0.       0.       0.       0.       0.       0.       0.01     0.       0.       0.      ],[0. 0. 0. 1. 0. 0. 0. 0. 0. 0. 0. 0. 0. 0. 0. 0. 0. 0. 0. 0. 0. 0. 0. 0. 0. 0. 0. 1. 0. 0. 0.],500,100,0.1,0.0005,1,13,iDR,16,random
233,0.00032048083971,0.00032048083971,0.0005038346949999999,[0.       0.       0.       0.106413 0.       0.       0.       0.       0.       0.       0.       0.       0.       0.       0.       0.       0.       0.       0.       0.       0.       0.       0.       0.       0.       0.       0.       0.01     0.       0.       0.      ],[0. 0. 0. 1. 0. 0. 0. 0. 0. 0. 0. 0. 0. 0. 0. 0. 0. 0. 0. 0. 0. 0. 0. 0. 0. 0. 0. 1. 0. 0. 0.],500,100,0.1,0.0005,1,13,iDR,16,random
234,0.00032048083971,0.00032048083971,0.0005038346949999999,[0.       0.       0.       0.106413 0.       0.       0.       0.       0.       0.       0.       0.       0.       0.       0.       0.       0.       0.       0.       0.       0.       0.       0.       0.       0.       0.       0.       0.01     0.       0.       0.      ],[0. 0. 0. 1. 0. 0. 0. 0. 0. 0. 0. 0. 0. 0. 0. 0. 0. 0. 0. 0. 0. 0. 0. 0. 0. 0. 0. 1. 0. 0. 0.],500,100,0.1,0.0005,1,13,iDR,16,random
235,0.00032048083971,0.00032048083971,0.0005038346949999999,[0.       0.       0.       0.106413 0.       0.       0.       0.       0.       0.       0.       0.       0.       0.       0.       0.       0.       0.       0.       0.       0.       0.       0.       0.       0.       0.       0.       0.01     0.       0.       0.      ],[0. 0. 0. 1. 0. 0. 0. 0. 0. 0. 0. 0. 0. 0. 0. 0. 0. 0. 0. 0. 0. 0. 0. 0. 0. 0. 0. 1. 0. 0. 0.],500,100,0.1,0.0005,1,13,iDR,16,random
236,0.00032048083971,0.00032048083971,0.0005038346949999999,[0.       0.       0.       0.106413 0.       0.       0.       0.       0.       0.       0.       0.       0.       0.       0.       0.       0.       0.       0.       0.       0.       0.       0.       0.       0.       0.       0.       0.01     0.       0.       0.      ],[0. 0. 0. 1. 0. 0. 0. 0. 0. 0. 0. 0. 0. 0. 0. 0. 0. 0. 0. 0. 0. 0. 0. 0. 0. 0. 0. 1. 0. 0. 0.],500,100,0.1,0.0005,1,13,iDR,16,random
237,0.00032048083971,0.00032048083971,0.0005038346949999999,[0.       0.       0.       0.106413 0.       0.       0.       0.       0.       0.       0.       0.       0.       0.       0.       0.       0.       0.       0.       0.       0.       0.       0.       0.       0.       0.       0.       0.01     0.       0.       0.      ],[0. 0. 0. 1. 0. 0. 0. 0. 0. 0. 0. 0. 0. 0. 0. 0. 0. 0. 0. 0. 0. 0. 0. 0. 0. 0. 0. 1. 0. 0. 0.],500,100,0.1,0.0005,1,13,iDR,16,random
238,0.00032048083971,0.00032048083971,0.0005038346949999999,[0.       0.       0.       0.106413 0.       0.       0.       0.       0.       0.       0.       0.       0.       0.       0.       0.       0.       0.       0.       0.       0.       0.       0.       0.       0.       0.       0.       0.01     0.       0.       0.      ],[0. 0. 0. 1. 0. 0. 0. 0. 0. 0. 0. 0. 0. 0. 0. 0. 0. 0. 0. 0. 0. 0. 0. 0. 0. 0. 0. 1. 0. 0. 0.],500,100,0.1,0.0005,1,13,iDR,16,random
239,0.00032048083971,0.00032048083971,0.0005038346949999999,[0.       0.       0.       0.106413 0.       0.       0.       0.       0.       0.       0.       0.       0.       0.       0.       0.       0.       0.       0.       0.       0.       0.       0.       0.       0.       0.       0.       0.01     0.       0.       0.      ],[0. 0. 0. 1. 0. 0. 0. 0. 0. 0. 0. 0. 0. 0. 0. 0. 0. 0. 0. 0. 0. 0. 0. 0. 0. 0. 0. 1. 0. 0. 0.],500,100,0.1,0.0005,1,13,iDR,16,random
240,0.00032048083971,0.00032048083971,0.0005038346949999999,[0.       0.       0.       0.106413 0.       0.       0.       0.       0.       0.       0.       0.       0.       0.       0.       0.       0.       0.       0.       0.       0.       0.       0.       0.       0.       0.       0.       0.01     0.       0.       0.      ],[0. 0. 0. 1. 0. 0. 0. 0. 0. 0. 0. 0. 0. 0. 0. 0. 0. 0. 0. 0. 0. 0. 0. 0. 0. 0. 0. 1. 0. 0. 0.],500,100,0.1,0.0005,1,13,iDR,16,random
241,0.00032048083971,0.00032048083971,0.0005038346949999999,[0.       0.       0.       0.106413 0.       0.       0.       0.       0.       0.       0.       0.       0.       0.       0.       0.       0.       0.       0.       0.       0.       0.       0.       0.       0.       0.       0.       0.01     0.       0.       0.      ],[0. 0. 0. 1. 0. 0. 0. 0. 0. 0. 0. 0. 0. 0. 0. 0. 0. 0. 0. 0. 0. 0. 0. 0. 0. 0. 0. 1. 0. 0. 0.],500,100,0.1,0.0005,1,13,iDR,16,random
242,0.00032048083971,0.00032048083971,0.0005038346949999999,[0.       0.       0.       0.106413 0.       0.       0.       0.       0.       0.       0.       0.       0.       0.       0.       0.       0.       0.       0.       0.       0.       0.       0.       0.       0.       0.       0.       0.01     0.       0.       0.      ],[0. 0. 0. 1. 0. 0. 0. 0. 0. 0. 0. 0. 0. 0. 0. 0. 0. 0. 0. 0. 0. 0. 0. 0. 0. 0. 0. 1. 0. 0. 0.],500,100,0.1,0.0005,1,13,iDR,16,random
243,0.00032048083971,0.00032048083971,0.0005038346949999999,[0.       0.       0.       0.106413 0.       0.       0.       0.       0.       0.       0.       0.       0.       0.       0.       0.       0.       0.       0.       0.       0.       0.       0.       0.       0.       0.       0.       0.01     0.       0.       0.      ],[0. 0. 0. 1. 0. 0. 0. 0. 0. 0. 0. 0. 0. 0. 0. 0. 0. 0. 0. 0. 0. 0. 0. 0. 0. 0. 0. 1. 0. 0. 0.],500,100,0.1,0.0005,1,13,iDR,16,random
244,0.00032048083971,0.00032048083971,0.0005038346949999999,[0.       0.       0.       0.106413 0.       0.       0.       0.       0.       0.       0.       0.       0.       0.       0.       0.       0.       0.       0.       0.       0.       0.       0.       0.       0.       0.       0.       0.01     0.       0.       0.      ],[0. 0. 0. 1. 0. 0. 0. 0. 0. 0. 0. 0. 0. 0. 0. 0. 0. 0. 0. 0. 0. 0. 0. 0. 0. 0. 0. 1. 0. 0. 0.],500,100,0.1,0.0005,1,13,iDR,16,random
245,0.00032048083971,0.00032048083971,0.0005038346949999999,[0.       0.       0.       0.106413 0.       0.       0.       0.       0.       0.       0.       0.       0.       0.       0.       0.       0.       0.       0.       0.       0.       0.       0.       0.       0.       0.       0.       0.01     0.       0.       0.      ],[0. 0. 0. 1. 0. 0. 0. 0. 0. 0. 0. 0. 0. 0. 0. 0. 0. 0. 0. 0. 0. 0. 0. 0. 0. 0. 0. 1. 0. 0. 0.],500,100,0.1,0.0005,1,13,iDR,16,random
246,0.00032048083971,0.00032048083971,0.0005038346949999999,[0.       0.       0.       0.106413 0.       0.       0.       0.       0.       0.       0.       0.       0.       0.       0.       0.       0.       0.       0.       0.       0.       0.       0.       0.       0.       0.       0.       0.01     0.       0.       0.      ],[0. 0. 0. 1. 0. 0. 0. 0. 0. 0. 0. 0. 0. 0. 0. 0. 0. 0. 0. 0. 0. 0. 0. 0. 0. 0. 0. 1. 0. 0. 0.],500,100,0.1,0.0005,1,13,iDR,16,random
247,0.00032048083971,0.00032048083971,0.0005038346949999999,[0.       0.       0.       0.106413 0.       0.       0.       0.       0.       0.       0.       0.       0.       0.       0.       0.       0.       0.       0.       0.       0.       0.       0.       0.       0.       0.       0.       0.01     0.       0.       0.      ],[0. 0. 0. 1. 0. 0. 0. 0. 0. 0. 0. 0. 0. 0. 0. 0. 0. 0. 0. 0. 0. 0. 0. 0. 0. 0. 0. 1. 0. 0. 0.],500,100,0.1,0.0005,1,13,iDR,16,random
248,0.00032048083971,0.00032048083971,0.0005038346949999999,[0.       0.       0.       0.106413 0.       0.       0.       0.       0.       0.       0.       0.       0.       0.       0.       0.       0.       0.       0.       0.       0.       0.       0.       0.       0.       0.       0.       0.01     0.       0.       0.      ],[0. 0. 0. 1. 0. 0. 0. 0. 0. 0. 0. 0. 0. 0. 0. 0. 0. 0. 0. 0. 0. 0. 0. 0. 0. 0. 0. 1. 0. 0. 0.],500,100,0.1,0.0005,1,13,iDR,16,random
249,0.00032048083971,0.00032048083971,0.0005038346949999999,[0.       0.       0.       0.106413 0.       0.       0.       0.       0.       0.       0.       0.       0.       0.       0.       0.       0.       0.       0.       0.       0.       0.       0.       0.       0.       0.       0.       0.01     0.       0.       0.      ],[0. 0. 0. 1. 0. 0. 0. 0. 0. 0. 0. 0. 0. 0. 0. 0. 0. 0. 0. 0. 0. 0. 0. 0. 0. 0. 0. 1. 0. 0. 0.],500,100,0.1,0.0005,1,13,iDR,16,random
250,0.00032048083971,0.00032048083971,0.0005038346949999999,[0.       0.       0.       0.106413 0.       0.       0.       0.       0.       0.       0.       0.       0.       0.       0.       0.       0.       0.       0.       0.       0.       0.       0.       0.       0.       0.       0.       0.01     0.       0.       0.      ],[0. 0. 0. 1. 0. 0. 0. 0. 0. 0. 0. 0. 0. 0. 0. 0. 0. 0. 0. 0. 0. 0. 0. 0. 0. 0. 0. 1. 0. 0. 0.],500,100,0.1,0.0005,1,13,iDR,16,random
251,0.00032048083971,0.00032048083971,0.0005038346949999999,[0.       0.       0.       0.106413 0.       0.       0.       0.       0.       0.       0.       0.       0.       0.       0.       0.       0.       0.       0.       0.       0.       0.       0.       0.       0.       0.       0.       0.01     0.       0.       0.      ],[0. 0. 0. 1. 0. 0. 0. 0. 0. 0. 0. 0. 0. 0. 0. 0. 0. 0. 0. 0. 0. 0. 0. 0. 0. 0. 0. 1. 0. 0. 0.],500,100,0.1,0.0005,1,13,iDR,16,random
252,0.00032048083971,0.00032048083971,0.0005038346949999999,[0.       0.       0.       0.106413 0.       0.       0.       0.       0.       0.       0.       0.       0.       0.       0.       0.       0.       0.       0.       0.       0.       0.       0.       0.       0.       0.       0.       0.01     0.       0.       0.      ],[0. 0. 0. 1. 0. 0. 0. 0. 0. 0. 0. 0. 0. 0. 0. 0. 0. 0. 0. 0. 0. 0. 0. 0. 0. 0. 0. 1. 0. 0. 0.],500,100,0.1,0.0005,1,13,iDR,16,random
253,0.00032048083971,0.00032048083971,0.0005038346949999999,[0.       0.       0.       0.106413 0.       0.       0.       0.       0.       0.       0.       0.       0.       0.       0.       0.       0.       0.       0.       0.       0.       0.       0.       0.       0.       0.       0.       0.01     0.       0.       0.      ],[0. 0. 0. 1. 0. 0. 0. 0. 0. 0. 0. 0. 0. 0. 0. 0. 0. 0. 0. 0. 0. 0. 0. 0. 0. 0. 0. 1. 0. 0. 0.],500,100,0.1,0.0005,1,13,iDR,16,random
254,0.00032048083971,0.00032048083971,0.0005038346949999999,[0.       0.       0.       0.106413 0.       0.       0.       0.       0.       0.       0.       0.       0.       0.       0.       0.       0.       0.       0.       0.       0.       0.       0.       0.       0.       0.       0.       0.01     0.       0.       0.      ],[0. 0. 0. 1. 0. 0. 0. 0. 0. 0. 0. 0. 0. 0. 0. 0. 0. 0. 0. 0. 0. 0. 0. 0. 0. 0. 0. 1. 0. 0. 0.],500,100,0.1,0.0005,1,13,iDR,16,random
255,0.00032048083971,0.00032048083971,0.0005038346949999999,[0.       0.       0.       0.106413 0.       0.       0.       0.       0.       0.       0.       0.       0.       0.       0.       0.       0.       0.       0.       0.       0.       0.       0.       0.       0.       0.       0.       0.01     0.       0.       0.      ],[0. 0. 0. 1. 0. 0. 0. 0. 0. 0. 0. 0. 0. 0. 0. 0. 0. 0. 0. 0. 0. 0. 0. 0. 0. 0. 0. 1. 0. 0. 0.],500,100,0.1,0.0005,1,13,iDR,16,random
256,0.00032048083971,0.00032048083971,0.0005038346949999999,[0.       0.       0.       0.106413 0.       0.       0.       0.       0.       0.       0.       0.       0.       0.       0.       0.       0.       0.       0.       0.       0.       0.       0.       0.       0.       0.       0.       0.01     0.       0.       0.      ],[0. 0. 0. 1. 0. 0. 0. 0. 0. 0. 0. 0. 0. 0. 0. 0. 0. 0. 0. 0. 0. 0. 0. 0. 0. 0. 0. 1. 0. 0. 0.],500,100,0.1,0.0005,1,13,iDR,16,random
257,0.00032048083971,0.00032048083971,0.0005038346949999999,[0.       0.       0.       0.106413 0.       0.       0.       0.       0.       0.       0.       0.       0.       0.       0.       0.       0.       0.       0.       0.       0.       0.       0.       0.       0.       0.       0.       0.01     0.       0.       0.      ],[0. 0. 0. 1. 0. 0. 0. 0. 0. 0. 0. 0. 0. 0. 0. 0. 0. 0. 0. 0. 0. 0. 0. 0. 0. 0. 0. 1. 0. 0. 0.],500,100,0.1,0.0005,1,13,iDR,16,random
258,0.00032048083971,0.00032048083971,0.0005038346949999999,[0.       0.       0.       0.106413 0.       0.       0.       0.       0.       0.       0.       0.       0.       0.       0.       0.       0.       0.       0.       0.       0.       0.       0.       0.       0.       0.       0.       0.01     0.       0.       0.      ],[0. 0. 0. 1. 0. 0. 0. 0. 0. 0. 0. 0. 0. 0. 0. 0. 0. 0. 0. 0. 0. 0. 0. 0. 0. 0. 0. 1. 0. 0. 0.],500,100,0.1,0.0005,1,13,iDR,16,random
259,0.00032048083971,0.00032048083971,0.0005038346949999999,[0.       0.       0.       0.106413 0.       0.       0.       0.       0.       0.       0.       0.       0.       0.       0.       0.       0.       0.       0.       0.       0.       0.       0.       0.       0.       0.       0.       0.01     0.       0.       0.      ],[0. 0. 0. 1. 0. 0. 0. 0. 0. 0. 0. 0. 0. 0. 0. 0. 0. 0. 0. 0. 0. 0. 0. 0. 0. 0. 0. 1. 0. 0. 0.],500,100,0.1,0.0005,1,13,iDR,16,random
260,0.00032048083971,0.00032048083971,0.0005038346949999999,[0.       0.       0.       0.106413 0.       0.       0.       0.       0.       0.       0.       0.       0.       0.       0.       0.       0.       0.       0.       0.       0.       0.       0.       0.       0.       0.       0.       0.01     0.       0.       0.      ],[0. 0. 0. 1. 0. 0. 0. 0. 0. 0. 0. 0. 0. 0. 0. 0. 0. 0. 0. 0. 0. 0. 0. 0. 0. 0. 0. 1. 0. 0. 0.],500,100,0.1,0.0005,1,13,iDR,16,random
261,0.00032048083971,0.00032048083971,0.0005038346949999999,[0.       0.       0.       0.106413 0.       0.       0.       0.       0.       0.       0.       0.       0.       0.       0.       0.       0.       0.       0.       0.       0.       0.       0.       0.       0.       0.       0.       0.01     0.       0.       0.      ],[0. 0. 0. 1. 0. 0. 0. 0. 0. 0. 0. 0. 0. 0. 0. 0. 0. 0. 0. 0. 0. 0. 0. 0. 0. 0. 0. 1. 0. 0. 0.],500,100,0.1,0.0005,1,13,iDR,16,random
262,0.00032048083971,0.00032048083971,0.0005038346949999999,[0.       0.       0.       0.106413 0.       0.       0.       0.       0.       0.       0.       0.       0.       0.       0.       0.       0.       0.       0.       0.       0.       0.       0.       0.       0.       0.       0.       0.01     0.       0.       0.      ],[0. 0. 0. 1. 0. 0. 0. 0. 0. 0. 0. 0. 0. 0. 0. 0. 0. 0. 0. 0. 0. 0. 0. 0. 0. 0. 0. 1. 0. 0. 0.],500,100,0.1,0.0005,1,13,iDR,16,random
263,0.00032048083971,0.00032048083971,0.0005038346949999999,[0.       0.       0.       0.106413 0.       0.       0.       0.       0.       0.       0.       0.       0.       0.       0.       0.       0.       0.       0.       0.       0.       0.       0.       0.       0.       0.       0.       0.01     0.       0.       0.      ],[0. 0. 0. 1. 0. 0. 0. 0. 0. 0. 0. 0. 0. 0. 0. 0. 0. 0. 0. 0. 0. 0. 0. 0. 0. 0. 0. 1. 0. 0. 0.],500,100,0.1,0.0005,1,13,iDR,16,random
264,0.00032048083971,0.00032048083971,0.0005038346949999999,[0.       0.       0.       0.106413 0.       0.       0.       0.       0.       0.       0.       0.       0.       0.       0.       0.       0.       0.       0.       0.       0.       0.       0.       0.       0.       0.       0.       0.01     0.       0.       0.      ],[0. 0. 0. 1. 0. 0. 0. 0. 0. 0. 0. 0. 0. 0. 0. 0. 0. 0. 0. 0. 0. 0. 0. 0. 0. 0. 0. 1. 0. 0. 0.],500,100,0.1,0.0005,1,13,iDR,16,random
265,0.00032048083971,0.00032048083971,0.0005038346949999999,[0.       0.       0.       0.106413 0.       0.       0.       0.       0.       0.       0.       0.       0.       0.       0.       0.       0.       0.       0.       0.       0.       0.       0.       0.       0.       0.       0.       0.01     0.       0.       0.      ],[0. 0. 0. 1. 0. 0. 0. 0. 0. 0. 0. 0. 0. 0. 0. 0. 0. 0. 0. 0. 0. 0. 0. 0. 0. 0. 0. 1. 0. 0. 0.],500,100,0.1,0.0005,1,13,iDR,16,random
266,0.00032048083971,0.00032048083971,0.0005038346949999999,[0.       0.       0.       0.106413 0.       0.       0.       0.       0.       0.       0.       0.       0.       0.       0.       0.       0.       0.       0.       0.       0.       0.       0.       0.       0.       0.       0.       0.01     0.       0.       0.      ],[0. 0. 0. 1. 0. 0. 0. 0. 0. 0. 0. 0. 0. 0. 0. 0. 0. 0. 0. 0. 0. 0. 0. 0. 0. 0. 0. 1. 0. 0. 0.],500,100,0.1,0.0005,1,13,iDR,16,random
267,0.00032048083971,0.00032048083971,0.0005038346949999999,[0.       0.       0.       0.106413 0.       0.       0.       0.       0.       0.       0.       0.       0.       0.       0.       0.       0.       0.       0.       0.       0.       0.       0.       0.       0.       0.       0.       0.01     0.       0.       0.      ],[0. 0. 0. 1. 0. 0. 0. 0. 0. 0. 0. 0. 0. 0. 0. 0. 0. 0. 0. 0. 0. 0. 0. 0. 0. 0. 0. 1. 0. 0. 0.],500,100,0.1,0.0005,1,13,iDR,16,random
268,0.00032048083971,0.00032048083971,0.0005038346949999999,[0.       0.       0.       0.106413 0.       0.       0.       0.       0.       0.       0.       0.       0.       0.       0.       0.       0.       0.       0.       0.       0.       0.       0.       0.       0.       0.       0.       0.01     0.       0.       0.      ],[0. 0. 0. 1. 0. 0. 0. 0. 0. 0. 0. 0. 0. 0. 0. 0. 0. 0. 0. 0. 0. 0. 0. 0. 0. 0. 0. 1. 0. 0. 0.],500,100,0.1,0.0005,1,13,iDR,16,random
269,0.00032048083971,0.00032048083971,0.0005038346949999999,[0.       0.       0.       0.106413 0.       0.       0.       0.       0.       0.       0.       0.       0.       0.       0.       0.       0.       0.       0.       0.       0.       0.       0.       0.       0.       0.       0.       0.01     0.       0.       0.      ],[0. 0. 0. 1. 0. 0. 0. 0. 0. 0. 0. 0. 0. 0. 0. 0. 0. 0. 0. 0. 0. 0. 0. 0. 0. 0. 0. 1. 0. 0. 0.],500,100,0.1,0.0005,1,13,iDR,16,random
270,0.00032048083971,0.00032048083971,0.0005038346949999999,[0.       0.       0.       0.106413 0.       0.       0.       0.       0.       0.       0.       0.       0.       0.       0.       0.       0.       0.       0.       0.       0.       0.       0.       0.       0.       0.       0.       0.01     0.       0.       0.      ],[0. 0. 0. 1. 0. 0. 0. 0. 0. 0. 0. 0. 0. 0. 0. 0. 0. 0. 0. 0. 0. 0. 0. 0. 0. 0. 0. 1. 0. 0. 0.],500,100,0.1,0.0005,1,13,iDR,16,random
271,0.00032048083971,0.00032048083971,0.0005038346949999999,[0.       0.       0.       0.106413 0.       0.       0.       0.       0.       0.       0.       0.       0.       0.       0.       0.       0.       0.       0.       0.       0.       0.       0.       0.       0.       0.       0.       0.01     0.       0.       0.      ],[0. 0. 0. 1. 0. 0. 0. 0. 0. 0. 0. 0. 0. 0. 0. 0. 0. 0. 0. 0. 0. 0. 0. 0. 0. 0. 0. 1. 0. 0. 0.],500,100,0.1,0.0005,1,13,iDR,16,random
272,0.00032048083971,0.00032048083971,0.0005038346949999999,[0.       0.       0.       0.106413 0.       0.       0.       0.       0.       0.       0.       0.       0.       0.       0.       0.       0.       0.       0.       0.       0.       0.       0.       0.       0.       0.       0.       0.01     0.       0.       0.      ],[0. 0. 0. 1. 0. 0. 0. 0. 0. 0. 0. 0. 0. 0. 0. 0. 0. 0. 0. 0. 0. 0. 0. 0. 0. 0. 0. 1. 0. 0. 0.],500,100,0.1,0.0005,1,13,iDR,16,random
273,0.00032048083971,0.00032048083971,0.0005038346949999999,[0.       0.       0.       0.106413 0.       0.       0.       0.       0.       0.       0.       0.       0.       0.       0.       0.       0.       0.       0.       0.       0.       0.       0.       0.       0.       0.       0.       0.01     0.       0.       0.      ],[0. 0. 0. 1. 0. 0. 0. 0. 0. 0. 0. 0. 0. 0. 0. 0. 0. 0. 0. 0. 0. 0. 0. 0. 0. 0. 0. 1. 0. 0. 0.],500,100,0.1,0.0005,1,13,iDR,16,random
274,0.00032048083971,0.00032048083971,0.0005038346949999999,[0.       0.       0.       0.106413 0.       0.       0.       0.       0.       0.       0.       0.       0.       0.       0.       0.       0.       0.       0.       0.       0.       0.       0.       0.       0.       0.       0.       0.01     0.       0.       0.      ],[0. 0. 0. 1. 0. 0. 0. 0. 0. 0. 0. 0. 0. 0. 0. 0. 0. 0. 0. 0. 0. 0. 0. 0. 0. 0. 0. 1. 0. 0. 0.],500,100,0.1,0.0005,1,13,iDR,16,random
275,0.00032048083971,0.00032048083971,0.0005038346949999999,[0.       0.       0.       0.106413 0.       0.       0.       0.       0.       0.       0.       0.       0.       0.       0.       0.       0.       0.       0.       0.       0.       0.       0.       0.       0.       0.       0.       0.01     0.       0.       0.      ],[0. 0. 0. 1. 0. 0. 0. 0. 0. 0. 0. 0. 0. 0. 0. 0. 0. 0. 0. 0. 0. 0. 0. 0. 0. 0. 0. 1. 0. 0. 0.],500,100,0.1,0.0005,1,13,iDR,16,random
276,0.00032048083971,0.00032048083971,0.0005038346949999999,[0.       0.       0.       0.106413 0.       0.       0.       0.       0.       0.       0.       0.       0.       0.       0.       0.       0.       0.       0.       0.       0.       0.       0.       0.       0.       0.       0.       0.01     0.       0.       0.      ],[0. 0. 0. 1. 0. 0. 0. 0. 0. 0. 0. 0. 0. 0. 0. 0. 0. 0. 0. 0. 0. 0. 0. 0. 0. 0. 0. 1. 0. 0. 0.],500,100,0.1,0.0005,1,13,iDR,16,random
277,0.00032048083971,0.00032048083971,0.0005038346949999999,[0.       0.       0.       0.106413 0.       0.       0.       0.       0.       0.       0.       0.       0.       0.       0.       0.       0.       0.       0.       0.       0.       0.       0.       0.       0.       0.       0.       0.01     0.       0.       0.      ],[0. 0. 0. 1. 0. 0. 0. 0. 0. 0. 0. 0. 0. 0. 0. 0. 0. 0. 0. 0. 0. 0. 0. 0. 0. 0. 0. 1. 0. 0. 0.],500,100,0.1,0.0005,1,13,iDR,16,random
278,0.00032048083971,0.00032048083971,0.0005038346949999999,[0.       0.       0.       0.106413 0.       0.       0.       0.       0.       0.       0.       0.       0.       0.       0.       0.       0.       0.       0.       0.       0.       0.       0.       0.       0.       0.       0.       0.01     0.       0.       0.      ],[0. 0. 0. 1. 0. 0. 0. 0. 0. 0. 0. 0. 0. 0. 0. 0. 0. 0. 0. 0. 0. 0. 0. 0. 0. 0. 0. 1. 0. 0. 0.],500,100,0.1,0.0005,1,13,iDR,16,random
279,0.00032048083971,0.00032048083971,0.0005038346949999999,[0.       0.       0.       0.106413 0.       0.       0.       0.       0.       0.       0.       0.       0.       0.       0.       0.       0.       0.       0.       0.       0.       0.       0.       0.       0.       0.       0.       0.01     0.       0.       0.      ],[0. 0. 0. 1. 0. 0. 0. 0. 0. 0. 0. 0. 0. 0. 0. 0. 0. 0. 0. 0. 0. 0. 0. 0. 0. 0. 0. 1. 0. 0. 0.],500,100,0.1,0.0005,1,13,iDR,16,random
280,0.00032048083971,0.00032048083971,0.0005038346949999999,[0.       0.       0.       0.106413 0.       0.       0.       0.       0.       0.       0.       0.       0.       0.       0.       0.       0.       0.       0.       0.       0.       0.       0.       0.       0.       0.       0.       0.01     0.       0.       0.      ],[0. 0. 0. 1. 0. 0. 0. 0. 0. 0. 0. 0. 0. 0. 0. 0. 0. 0. 0. 0. 0. 0. 0. 0. 0. 0. 0. 1. 0. 0. 0.],500,100,0.1,0.0005,1,13,iDR,16,random
281,0.00032048083971,0.00032048083971,0.0005038346949999999,[0.       0.       0.       0.106413 0.       0.       0.       0.       0.       0.       0.       0.       0.       0.       0.       0.       0.       0.       0.       0.       0.       0.       0.       0.       0.       0.       0.       0.01     0.       0.       0.      ],[0. 0. 0. 1. 0. 0. 0. 0. 0. 0. 0. 0. 0. 0. 0. 0. 0. 0. 0. 0. 0. 0. 0. 0. 0. 0. 0. 1. 0. 0. 0.],500,100,0.1,0.0005,1,13,iDR,16,random
282,0.00032048083971,0.00032048083971,0.0005038346949999999,[0.       0.       0.       0.106413 0.       0.       0.       0.       0.       0.       0.       0.       0.       0.       0.       0.       0.       0.       0.       0.       0.       0.       0.       0.       0.       0.       0.       0.01     0.       0.       0.      ],[0. 0. 0. 1. 0. 0. 0. 0. 0. 0. 0. 0. 0. 0. 0. 0. 0. 0. 0. 0. 0. 0. 0. 0. 0. 0. 0. 1. 0. 0. 0.],500,100,0.1,0.0005,1,13,iDR,16,random
283,0.00032048083971,0.00032048083971,0.0005038346949999999,[0.       0.       0.       0.106413 0.       0.       0.       0.       0.       0.       0.       0.       0.       0.       0.       0.       0.       0.       0.       0.       0.       0.       0.       0.       0.       0.       0.       0.01     0.       0.       0.      ],[0. 0. 0. 1. 0. 0. 0. 0. 0. 0. 0. 0. 0. 0. 0. 0. 0. 0. 0. 0. 0. 0. 0. 0. 0. 0. 0. 1. 0. 0. 0.],500,100,0.1,0.0005,1,13,iDR,16,random
284,0.00032048083971,0.00032048083971,0.0005038346949999999,[0.       0.       0.       0.106413 0.       0.       0.       0.       0.       0.       0.       0.       0.       0.       0.       0.       0.       0.       0.       0.       0.       0.       0.       0.       0.       0.       0.       0.01     0.       0.       0.      ],[0. 0. 0. 1. 0. 0. 0. 0. 0. 0. 0. 0. 0. 0. 0. 0. 0. 0. 0. 0. 0. 0. 0. 0. 0. 0. 0. 1. 0. 0. 0.],500,100,0.1,0.0005,1,13,iDR,16,random
285,0.00032048083971,0.00032048083971,0.0005038346949999999,[0.       0.       0.       0.106413 0.       0.       0.       0.       0.       0.       0.       0.       0.       0.       0.       0.       0.       0.       0.       0.       0.       0.       0.       0.       0.       0.       0.       0.01     0.       0.       0.      ],[0. 0. 0. 1. 0. 0. 0. 0. 0. 0. 0. 0. 0. 0. 0. 0. 0. 0. 0. 0. 0. 0. 0. 0. 0. 0. 0. 1. 0. 0. 0.],500,100,0.1,0.0005,1,13,iDR,16,random
286,0.00032048083971,0.00032048083971,0.0005038346949999999,[0.       0.       0.       0.106413 0.       0.       0.       0.       0.       0.       0.       0.       0.       0.       0.       0.       0.       0.       0.       0.       0.       0.       0.       0.       0.       0.       0.       0.01     0.       0.       0.      ],[0. 0. 0. 1. 0. 0. 0. 0. 0. 0. 0. 0. 0. 0. 0. 0. 0. 0. 0. 0. 0. 0. 0. 0. 0. 0. 0. 1. 0. 0. 0.],500,100,0.1,0.0005,1,13,iDR,16,random
287,0.00032048083971,0.00032048083971,0.0005038346949999999,[0.       0.       0.       0.106413 0.       0.       0.       0.       0.       0.       0.       0.       0.       0.       0.       0.       0.       0.       0.       0.       0.       0.       0.       0.       0.       0.       0.       0.01     0.       0.       0.      ],[0. 0. 0. 1. 0. 0. 0. 0. 0. 0. 0. 0. 0. 0. 0. 0. 0. 0. 0. 0. 0. 0. 0. 0. 0. 0. 0. 1. 0. 0. 0.],500,100,0.1,0.0005,1,13,iDR,16,random
288,0.00032048083971,0.00032048083971,0.0005038346949999999,[0.       0.       0.       0.106413 0.       0.       0.       0.       0.       0.       0.       0.       0.       0.       0.       0.       0.       0.       0.       0.       0.       0.       0.       0.       0.       0.       0.       0.01     0.       0.       0.      ],[0. 0. 0. 1. 0. 0. 0. 0. 0. 0. 0. 0. 0. 0. 0. 0. 0. 0. 0. 0. 0. 0. 0. 0. 0. 0. 0. 1. 0. 0. 0.],500,100,0.1,0.0005,1,13,iDR,16,random
289,0.00032048083971,0.00032048083971,0.0005038346949999999,[0.       0.       0.       0.106413 0.       0.       0.       0.       0.       0.       0.       0.       0.       0.       0.       0.       0.       0.       0.       0.       0.       0.       0.       0.       0.       0.       0.       0.01     0.       0.       0.      ],[0. 0. 0. 1. 0. 0. 0. 0. 0. 0. 0. 0. 0. 0. 0. 0. 0. 0. 0. 0. 0. 0. 0. 0. 0. 0. 0. 1. 0. 0. 0.],500,100,0.1,0.0005,1,13,iDR,16,random
290,0.00032048083971,0.00032048083971,0.0005038346949999999,[0.       0.       0.       0.106413 0.       0.       0.       0.       0.       0.       0.       0.       0.       0.       0.       0.       0.       0.       0.       0.       0.       0.       0.       0.       0.       0.       0.       0.01     0.       0.       0.      ],[0. 0. 0. 1. 0. 0. 0. 0. 0. 0. 0. 0. 0. 0. 0. 0. 0. 0. 0. 0. 0. 0. 0. 0. 0. 0. 0. 1. 0. 0. 0.],500,100,0.1,0.0005,1,13,iDR,16,random
291,0.00032048083971,0.00032048083971,0.0005038346949999999,[0.       0.       0.       0.106413 0.       0.       0.       0.       0.       0.       0.       0.       0.       0.       0.       0.       0.       0.       0.       0.       0.       0.       0.       0.       0.       0.       0.       0.01     0.       0.       0.      ],[0. 0. 0. 1. 0. 0. 0. 0. 0. 0. 0. 0. 0. 0. 0. 0. 0. 0. 0. 0. 0. 0. 0. 0. 0. 0. 0. 1. 0. 0. 0.],500,100,0.1,0.0005,1,13,iDR,16,random
292,0.00032048083971,0.00032048083971,0.0005038346949999999,[0.       0.       0.       0.106413 0.       0.       0.       0.       0.       0.       0.       0.       0.       0.       0.       0.       0.       0.       0.       0.       0.       0.       0.       0.       0.       0.       0.       0.01     0.       0.       0.      ],[0. 0. 0. 1. 0. 0. 0. 0. 0. 0. 0. 0. 0. 0. 0. 0. 0. 0. 0. 0. 0. 0. 0. 0. 0. 0. 0. 1. 0. 0. 0.],500,100,0.1,0.0005,1,13,iDR,16,random
293,0.00032048083971,0.00032048083971,0.0005038346949999999,[0.       0.       0.       0.106413 0.       0.       0.       0.       0.       0.       0.       0.       0.       0.       0.       0.       0.       0.       0.       0.       0.       0.       0.       0.       0.       0.       0.       0.01     0.       0.       0.      ],[0. 0. 0. 1. 0. 0. 0. 0. 0. 0. 0. 0. 0. 0. 0. 0. 0. 0. 0. 0. 0. 0. 0. 0. 0. 0. 0. 1. 0. 0. 0.],500,100,0.1,0.0005,1,13,iDR,16,random
294,0.00032048083971,0.00032048083971,0.0005038346949999999,[0.       0.       0.       0.106413 0.       0.       0.       0.       0.       0.       0.       0.       0.       0.       0.       0.       0.       0.       0.       0.       0.       0.       0.       0.       0.       0.       0.       0.01     0.       0.       0.      ],[0. 0. 0. 1. 0. 0. 0. 0. 0. 0. 0. 0. 0. 0. 0. 0. 0. 0. 0. 0. 0. 0. 0. 0. 0. 0. 0. 1. 0. 0. 0.],500,100,0.1,0.0005,1,13,iDR,16,random
295,0.00032048083971,0.00032048083971,0.0005038346949999999,[0.       0.       0.       0.106413 0.       0.       0.       0.       0.       0.       0.       0.       0.       0.       0.       0.       0.       0.       0.       0.       0.       0.       0.       0.       0.       0.       0.       0.01     0.       0.       0.      ],[0. 0. 0. 1. 0. 0. 0. 0. 0. 0. 0. 0. 0. 0. 0. 0. 0. 0. 0. 0. 0. 0. 0. 0. 0. 0. 0. 1. 0. 0. 0.],500,100,0.1,0.0005,1,13,iDR,16,random
296,0.00032048083971,0.00032048083971,0.0005038346949999999,[0.       0.       0.       0.106413 0.       0.       0.       0.       0.       0.       0.       0.       0.       0.       0.       0.       0.       0.       0.       0.       0.       0.       0.       0.       0.       0.       0.       0.01     0.       0.       0.      ],[0. 0. 0. 1. 0. 0. 0. 0. 0. 0. 0. 0. 0. 0. 0. 0. 0. 0. 0. 0. 0. 0. 0. 0. 0. 0. 0. 1. 0. 0. 0.],500,100,0.1,0.0005,1,13,iDR,16,random
297,0.00032048083971,0.00032048083971,0.0005038346949999999,[0.       0.       0.       0.106413 0.       0.       0.       0.       0.       0.       0.       0.       0.       0.       0.       0.       0.       0.       0.       0.       0.       0.       0.       0.       0.       0.       0.       0.01     0.       0.       0.      ],[0. 0. 0. 1. 0. 0. 0. 0. 0. 0. 0. 0. 0. 0. 0. 0. 0. 0. 0. 0. 0. 0. 0. 0. 0. 0. 0. 1. 0. 0. 0.],500,100,0.1,0.0005,1,13,iDR,16,random
298,0.00032048083971,0.00032048083971,0.0005038346949999999,[0.       0.       0.       0.106413 0.       0.       0.       0.       0.       0.       0.       0.       0.       0.       0.       0.       0.       0.       0.       0.       0.       0.       0.       0.       0.       0.       0.       0.01     0.       0.       0.      ],[0. 0. 0. 1. 0. 0. 0. 0. 0. 0. 0. 0. 0. 0. 0. 0. 0. 0. 0. 0. 0. 0. 0. 0. 0. 0. 0. 1. 0. 0. 0.],500,100,0.1,0.0005,1,13,iDR,16,random
299,0.00032048083971,0.00032048083971,0.0005038346949999999,[0.       0.       0.       0.106413 0.       0.       0.       0.       0.       0.       0.       0.       0.       0.       0.       0.       0.       0.       0.       0.       0.       0.       0.       0.       0.       0.       0.       0.01     0.       0.       0.      ],[0. 0. 0. 1. 0. 0. 0. 0. 0. 0. 0. 0. 0. 0. 0. 0. 0. 0. 0. 0. 0. 0. 0. 0. 0. 0. 0. 1. 0. 0. 0.],500,100,0.1,0.0005,1,13,iDR,16,random
300,0.00032048083971,0.00032048083971,0.0005038346949999999,[0.       0.       0.       0.106413 0.       0.       0.       0.       0.       0.       0.       0.       0.       0.       0.       0.       0.       0.       0.       0.       0.       0.       0.       0.       0.       0.       0.       0.01     0.       0.       0.      ],[0. 0. 0. 1. 0. 0. 0. 0. 0. 0. 0. 0. 0. 0. 0. 0. 0. 0. 0. 0. 0. 0. 0. 0. 0. 0. 0. 1. 0. 0. 0.],500,100,0.1,0.0005,1,13,iDR,16,random
301,0.00032048083971,0.00032048083971,0.0005038346949999999,[0.       0.       0.       0.106413 0.       0.       0.       0.       0.       0.       0.       0.       0.       0.       0.       0.       0.       0.       0.       0.       0.       0.       0.       0.       0.       0.       0.       0.01     0.       0.       0.      ],[0. 0. 0. 1. 0. 0. 0. 0. 0. 0. 0. 0. 0. 0. 0. 0. 0. 0. 0. 0. 0. 0. 0. 0. 0. 0. 0. 1. 0. 0. 0.],500,100,0.1,0.0005,1,13,iDR,16,random
302,0.00032048083971,0.00032048083971,0.0005038346949999999,[0.       0.       0.       0.106413 0.       0.       0.       0.       0.       0.       0.       0.       0.       0.       0.       0.       0.       0.       0.       0.       0.       0.       0.       0.       0.       0.       0.       0.01     0.       0.       0.      ],[0. 0. 0. 1. 0. 0. 0. 0. 0. 0. 0. 0. 0. 0. 0. 0. 0. 0. 0. 0. 0. 0. 0. 0. 0. 0. 0. 1. 0. 0. 0.],500,100,0.1,0.0005,1,13,iDR,16,random
303,0.00032048083971,0.00032048083971,0.0005038346949999999,[0.       0.       0.       0.106413 0.       0.       0.       0.       0.       0.       0.       0.       0.       0.       0.       0.       0.       0.       0.       0.       0.       0.       0.       0.       0.       0.       0.       0.01     0.       0.       0.      ],[0. 0. 0. 1. 0. 0. 0. 0. 0. 0. 0. 0. 0. 0. 0. 0. 0. 0. 0. 0. 0. 0. 0. 0. 0. 0. 0. 1. 0. 0. 0.],500,100,0.1,0.0005,1,13,iDR,16,random
304,0.00032048083971,0.00032048083971,0.0005038346949999999,[0.       0.       0.       0.106413 0.       0.       0.       0.       0.       0.       0.       0.       0.       0.       0.       0.       0.       0.       0.       0.       0.       0.       0.       0.       0.       0.       0.       0.01     0.       0.       0.      ],[0. 0. 0. 1. 0. 0. 0. 0. 0. 0. 0. 0. 0. 0. 0. 0. 0. 0. 0. 0. 0. 0. 0. 0. 0. 0. 0. 1. 0. 0. 0.],500,100,0.1,0.0005,1,13,iDR,16,random
305,0.00032048083971,0.00032048083971,0.0005038346949999999,[0.       0.       0.       0.106413 0.       0.       0.       0.       0.       0.       0.       0.       0.       0.       0.       0.       0.       0.       0.       0.       0.       0.       0.       0.       0.       0.       0.       0.01     0.       0.       0.      ],[0. 0. 0. 1. 0. 0. 0. 0. 0. 0. 0. 0. 0. 0. 0. 0. 0. 0. 0. 0. 0. 0. 0. 0. 0. 0. 0. 1. 0. 0. 0.],500,100,0.1,0.0005,1,13,iDR,16,random
306,0.00032048083971,0.00032048083971,0.0005038346949999999,[0.       0.       0.       0.106413 0.       0.       0.       0.       0.       0.       0.       0.       0.       0.       0.       0.       0.       0.       0.       0.       0.       0.       0.       0.       0.       0.       0.       0.01     0.       0.       0.      ],[0. 0. 0. 1. 0. 0. 0. 0. 0. 0. 0. 0. 0. 0. 0. 0. 0. 0. 0. 0. 0. 0. 0. 0. 0. 0. 0. 1. 0. 0. 0.],500,100,0.1,0.0005,1,13,iDR,16,random
307,0.00032048083971,0.00032048083971,0.0005038346949999999,[0.       0.       0.       0.106413 0.       0.       0.       0.       0.       0.       0.       0.       0.       0.       0.       0.       0.       0.       0.       0.       0.       0.       0.       0.       0.       0.       0.       0.01     0.       0.       0.      ],[0. 0. 0. 1. 0. 0. 0. 0. 0. 0. 0. 0. 0. 0. 0. 0. 0. 0. 0. 0. 0. 0. 0. 0. 0. 0. 0. 1. 0. 0. 0.],500,100,0.1,0.0005,1,13,iDR,16,random
308,0.00032048083971,0.00032048083971,0.0005038346949999999,[0.       0.       0.       0.106413 0.       0.       0.       0.       0.       0.       0.       0.       0.       0.       0.       0.       0.       0.       0.       0.       0.       0.       0.       0.       0.       0.       0.       0.01     0.       0.       0.      ],[0. 0. 0. 1. 0. 0. 0. 0. 0. 0. 0. 0. 0. 0. 0. 0. 0. 0. 0. 0. 0. 0. 0. 0. 0. 0. 0. 1. 0. 0. 0.],500,100,0.1,0.0005,1,13,iDR,16,random
309,0.00032048083971,0.00032048083971,0.0005038346949999999,[0.       0.       0.       0.106413 0.       0.       0.       0.       0.       0.       0.       0.       0.       0.       0.       0.       0.       0.       0.       0.       0.       0.       0.       0.       0.       0.       0.       0.01     0.       0.       0.      ],[0. 0. 0. 1. 0. 0. 0. 0. 0. 0. 0. 0. 0. 0. 0. 0. 0. 0. 0. 0. 0. 0. 0. 0. 0. 0. 0. 1. 0. 0. 0.],500,100,0.1,0.0005,1,13,iDR,16,random
310,0.00032048083971,0.00032048083971,0.0005038346949999999,[0.       0.       0.       0.106413 0.       0.       0.       0.       0.       0.       0.       0.       0.       0.       0.       0.       0.       0.       0.       0.       0.       0.       0.       0.       0.       0.       0.       0.01     0.       0.       0.      ],[0. 0. 0. 1. 0. 0. 0. 0. 0. 0. 0. 0. 0. 0. 0. 0. 0. 0. 0. 0. 0. 0. 0. 0. 0. 0. 0. 1. 0. 0. 0.],500,100,0.1,0.0005,1,13,iDR,16,random
311,0.00032048083971,0.00032048083971,0.0005038346949999999,[0.       0.       0.       0.106413 0.       0.       0.       0.       0.       0.       0.       0.       0.       0.       0.       0.       0.       0.       0.       0.       0.       0.       0.       0.       0.       0.       0.       0.01     0.       0.       0.      ],[0. 0. 0. 1. 0. 0. 0. 0. 0. 0. 0. 0. 0. 0. 0. 0. 0. 0. 0. 0. 0. 0. 0. 0. 0. 0. 0. 1. 0. 0. 0.],500,100,0.1,0.0005,1,13,iDR,16,random
312,0.00032048083971,0.00032048083971,0.0005038346949999999,[0.       0.       0.       0.106413 0.       0.       0.       0.       0.       0.       0.       0.       0.       0.       0.       0.       0.       0.       0.       0.       0.       0.       0.       0.       0.       0.       0.       0.01     0.       0.       0.      ],[0. 0. 0. 1. 0. 0. 0. 0. 0. 0. 0. 0. 0. 0. 0. 0. 0. 0. 0. 0. 0. 0. 0. 0. 0. 0. 0. 1. 0. 0. 0.],500,100,0.1,0.0005,1,13,iDR,16,random
313,0.00032048083971,0.00032048083971,0.0005038346949999999,[0.       0.       0.       0.106413 0.       0.       0.       0.       0.       0.       0.       0.       0.       0.       0.       0.       0.       0.       0.       0.       0.       0.       0.       0.       0.       0.       0.       0.01     0.       0.       0.      ],[0. 0. 0. 1. 0. 0. 0. 0. 0. 0. 0. 0. 0. 0. 0. 0. 0. 0. 0. 0. 0. 0. 0. 0. 0. 0. 0. 1. 0. 0. 0.],500,100,0.1,0.0005,1,13,iDR,16,random
314,0.00032048083971,0.00032048083971,0.0005038346949999999,[0.       0.       0.       0.106413 0.       0.       0.       0.       0.       0.       0.       0.       0.       0.       0.       0.       0.       0.       0.       0.       0.       0.       0.       0.       0.       0.       0.       0.01     0.       0.       0.      ],[0. 0. 0. 1. 0. 0. 0. 0. 0. 0. 0. 0. 0. 0. 0. 0. 0. 0. 0. 0. 0. 0. 0. 0. 0. 0. 0. 1. 0. 0. 0.],500,100,0.1,0.0005,1,13,iDR,16,random
315,0.00032048083971,0.00032048083971,0.0005038346949999999,[0.       0.       0.       0.106413 0.       0.       0.       0.       0.       0.       0.       0.       0.       0.       0.       0.       0.       0.       0.       0.       0.       0.       0.       0.       0.       0.       0.       0.01     0.       0.       0.      ],[0. 0. 0. 1. 0. 0. 0. 0. 0. 0. 0. 0. 0. 0. 0. 0. 0. 0. 0. 0. 0. 0. 0. 0. 0. 0. 0. 1. 0. 0. 0.],500,100,0.1,0.0005,1,13,iDR,16,random
316,0.00032048083971,0.00032048083971,0.0005038346949999999,[0.       0.       0.       0.106413 0.       0.       0.       0.       0.       0.       0.       0.       0.       0.       0.       0.       0.       0.       0.       0.       0.       0.       0.       0.       0.       0.       0.       0.01     0.       0.       0.      ],[0. 0. 0. 1. 0. 0. 0. 0. 0. 0. 0. 0. 0. 0. 0. 0. 0. 0. 0. 0. 0. 0. 0. 0. 0. 0. 0. 1. 0. 0. 0.],500,100,0.1,0.0005,1,13,iDR,16,random
317,0.00032048083971,0.00032048083971,0.0005038346949999999,[0.       0.       0.       0.106413 0.       0.       0.       0.       0.       0.       0.       0.       0.       0.       0.       0.       0.       0.       0.       0.       0.       0.       0.       0.       0.       0.       0.       0.01     0.       0.       0.      ],[0. 0. 0. 1. 0. 0. 0. 0. 0. 0. 0. 0. 0. 0. 0. 0. 0. 0. 0. 0. 0. 0. 0. 0. 0. 0. 0. 1. 0. 0. 0.],500,100,0.1,0.0005,1,13,iDR,16,random
318,0.00032048083971,0.00032048083971,0.0005038346949999999,[0.       0.       0.       0.106413 0.       0.       0.       0.       0.       0.       0.       0.       0.       0.       0.       0.       0.       0.       0.       0.       0.       0.       0.       0.       0.       0.       0.       0.01     0.       0.       0.      ],[0. 0. 0. 1. 0. 0. 0. 0. 0. 0. 0. 0. 0. 0. 0. 0. 0. 0. 0. 0. 0. 0. 0. 0. 0. 0. 0. 1. 0. 0. 0.],500,100,0.1,0.0005,1,13,iDR,16,random
319,0.00032048083971,0.00032048083971,0.0005038346949999999,[0.       0.       0.       0.106413 0.       0.       0.       0.       0.       0.       0.       0.       0.       0.       0.       0.       0.       0.       0.       0.       0.       0.       0.       0.       0.       0.       0.       0.01     0.       0.       0.      ],[0. 0. 0. 1. 0. 0. 0. 0. 0. 0. 0. 0. 0. 0. 0. 0. 0. 0. 0. 0. 0. 0. 0. 0. 0. 0. 0. 1. 0. 0. 0.],500,100,0.1,0.0005,1,13,iDR,16,random
320,0.00032048083971,0.00032048083971,0.0005038346949999999,[0.       0.       0.       0.106413 0.       0.       0.       0.       0.       0.       0.       0.       0.       0.       0.       0.       0.       0.       0.       0.       0.       0.       0.       0.       0.       0.       0.       0.01     0.       0.       0.      ],[0. 0. 0. 1. 0. 0. 0. 0. 0. 0. 0. 0. 0. 0. 0. 0. 0. 0. 0. 0. 0. 0. 0. 0. 0. 0. 0. 1. 0. 0. 0.],500,100,0.1,0.0005,1,13,iDR,16,random
321,0.00032048083971,0.00032048083971,0.0005038346949999999,[0.       0.       0.       0.106413 0.       0.       0.       0.       0.       0.       0.       0.       0.       0.       0.       0.       0.       0.       0.       0.       0.       0.       0.       0.       0.       0.       0.       0.01     0.       0.       0.      ],[0. 0. 0. 1. 0. 0. 0. 0. 0. 0. 0. 0. 0. 0. 0. 0. 0. 0. 0. 0. 0. 0. 0. 0. 0. 0. 0. 1. 0. 0. 0.],500,100,0.1,0.0005,1,13,iDR,16,random
322,0.00032048083971,0.00032048083971,0.0005038346949999999,[0.       0.       0.       0.106413 0.       0.       0.       0.       0.       0.       0.       0.       0.       0.       0.       0.       0.       0.       0.       0.       0.       0.       0.       0.       0.       0.       0.       0.01     0.       0.       0.      ],[0. 0. 0. 1. 0. 0. 0. 0. 0. 0. 0. 0. 0. 0. 0. 0. 0. 0. 0. 0. 0. 0. 0. 0. 0. 0. 0. 1. 0. 0. 0.],500,100,0.1,0.0005,1,13,iDR,16,random
323,0.00032048083971,0.00032048083971,0.0005038346949999999,[0.       0.       0.       0.106413 0.       0.       0.       0.       0.       0.       0.       0.       0.       0.       0.       0.       0.       0.       0.       0.       0.       0.       0.       0.       0.       0.       0.       0.01     0.       0.       0.      ],[0. 0. 0. 1. 0. 0. 0. 0. 0. 0. 0. 0. 0. 0. 0. 0. 0. 0. 0. 0. 0. 0. 0. 0. 0. 0. 0. 1. 0. 0. 0.],500,100,0.1,0.0005,1,13,iDR,16,random
324,0.00032048083971,0.00032048083971,0.0005038346949999999,[0.       0.       0.       0.106413 0.       0.       0.       0.       0.       0.       0.       0.       0.       0.       0.       0.       0.       0.       0.       0.       0.       0.       0.       0.       0.       0.       0.       0.01     0.       0.       0.      ],[0. 0. 0. 1. 0. 0. 0. 0. 0. 0. 0. 0. 0. 0. 0. 0. 0. 0. 0. 0. 0. 0. 0. 0. 0. 0. 0. 1. 0. 0. 0.],500,100,0.1,0.0005,1,13,iDR,16,random
325,0.00032048083971,0.00032048083971,0.0005038346949999999,[0.       0.       0.       0.106413 0.       0.       0.       0.       0.       0.       0.       0.       0.       0.       0.       0.       0.       0.       0.       0.       0.       0.       0.       0.       0.       0.       0.       0.01     0.       0.       0.      ],[0. 0. 0. 1. 0. 0. 0. 0. 0. 0. 0. 0. 0. 0. 0. 0. 0. 0. 0. 0. 0. 0. 0. 0. 0. 0. 0. 1. 0. 0. 0.],500,100,0.1,0.0005,1,13,iDR,16,random
326,0.00032048083971,0.00032048083971,0.0005038346949999999,[0.       0.       0.       0.106413 0.       0.       0.       0.       0.       0.       0.       0.       0.       0.       0.       0.       0.       0.       0.       0.       0.       0.       0.       0.       0.       0.       0.       0.01     0.       0.       0.      ],[0. 0. 0. 1. 0. 0. 0. 0. 0. 0. 0. 0. 0. 0. 0. 0. 0. 0. 0. 0. 0. 0. 0. 0. 0. 0. 0. 1. 0. 0. 0.],500,100,0.1,0.0005,1,13,iDR,16,random
327,0.00032048083971,0.00032048083971,0.0005038346949999999,[0.       0.       0.       0.106413 0.       0.       0.       0.       0.       0.       0.       0.       0.       0.       0.       0.       0.       0.       0.       0.       0.       0.       0.       0.       0.       0.       0.       0.01     0.       0.       0.      ],[0. 0. 0. 1. 0. 0. 0. 0. 0. 0. 0. 0. 0. 0. 0. 0. 0. 0. 0. 0. 0. 0. 0. 0. 0. 0. 0. 1. 0. 0. 0.],500,100,0.1,0.0005,1,13,iDR,16,random
328,0.00032048083971,0.00032048083971,0.0005038346949999999,[0.       0.       0.       0.106413 0.       0.       0.       0.       0.       0.       0.       0.       0.       0.       0.       0.       0.       0.       0.       0.       0.       0.       0.       0.       0.       0.       0.       0.01     0.       0.       0.      ],[0. 0. 0. 1. 0. 0. 0. 0. 0. 0. 0. 0. 0. 0. 0. 0. 0. 0. 0. 0. 0. 0. 0. 0. 0. 0. 0. 1. 0. 0. 0.],500,100,0.1,0.0005,1,13,iDR,16,random
329,0.00032048083971,0.00032048083971,0.0005038346949999999,[0.       0.       0.       0.106413 0.       0.       0.       0.       0.       0.       0.       0.       0.       0.       0.       0.       0.       0.       0.       0.       0.       0.       0.       0.       0.       0.       0.       0.01     0.       0.       0.      ],[0. 0. 0. 1. 0. 0. 0. 0. 0. 0. 0. 0. 0. 0. 0. 0. 0. 0. 0. 0. 0. 0. 0. 0. 0. 0. 0. 1. 0. 0. 0.],500,100,0.1,0.0005,1,13,iDR,16,random
330,0.00032048083971,0.00032048083971,0.0005038346949999999,[0.       0.       0.       0.106413 0.       0.       0.       0.       0.       0.       0.       0.       0.       0.       0.       0.       0.       0.       0.       0.       0.       0.       0.       0.       0.       0.       0.       0.01     0.       0.       0.      ],[0. 0. 0. 1. 0. 0. 0. 0. 0. 0. 0. 0. 0. 0. 0. 0. 0. 0. 0. 0. 0. 0. 0. 0. 0. 0. 0. 1. 0. 0. 0.],500,100,0.1,0.0005,1,13,iDR,16,random
331,0.00032048083971,0.00032048083971,0.0005038346949999999,[0.       0.       0.       0.106413 0.       0.       0.       0.       0.       0.       0.       0.       0.       0.       0.       0.       0.       0.       0.       0.       0.       0.       0.       0.       0.       0.       0.       0.01     0.       0.       0.      ],[0. 0. 0. 1. 0. 0. 0. 0. 0. 0. 0. 0. 0. 0. 0. 0. 0. 0. 0. 0. 0. 0. 0. 0. 0. 0. 0. 1. 0. 0. 0.],500,100,0.1,0.0005,1,13,iDR,16,random
332,0.00032048083971,0.00032048083971,0.0005038346949999999,[0.       0.       0.       0.106413 0.       0.       0.       0.       0.       0.       0.       0.       0.       0.       0.       0.       0.       0.       0.       0.       0.       0.       0.       0.       0.       0.       0.       0.01     0.       0.       0.      ],[0. 0. 0. 1. 0. 0. 0. 0. 0. 0. 0. 0. 0. 0. 0. 0. 0. 0. 0. 0. 0. 0. 0. 0. 0. 0. 0. 1. 0. 0. 0.],500,100,0.1,0.0005,1,13,iDR,16,random
333,0.00032048083971,0.00032048083971,0.0005038346949999999,[0.       0.       0.       0.106413 0.       0.       0.       0.       0.       0.       0.       0.       0.       0.       0.       0.       0.       0.       0.       0.       0.       0.       0.       0.       0.       0.       0.       0.01     0.       0.       0.      ],[0. 0. 0. 1. 0. 0. 0. 0. 0. 0. 0. 0. 0. 0. 0. 0. 0. 0. 0. 0. 0. 0. 0. 0. 0. 0. 0. 1. 0. 0. 0.],500,100,0.1,0.0005,1,13,iDR,16,random
334,0.00032048083971,0.00032048083971,0.0005038346949999999,[0.       0.       0.       0.106413 0.       0.       0.       0.       0.       0.       0.       0.       0.       0.       0.       0.       0.       0.       0.       0.       0.       0.       0.       0.       0.       0.       0.       0.01     0.       0.       0.      ],[0. 0. 0. 1. 0. 0. 0. 0. 0. 0. 0. 0. 0. 0. 0. 0. 0. 0. 0. 0. 0. 0. 0. 0. 0. 0. 0. 1. 0. 0. 0.],500,100,0.1,0.0005,1,13,iDR,16,random
335,0.00032048083971,0.00032048083971,0.0005038346949999999,[0.       0.       0.       0.106413 0.       0.       0.       0.       0.       0.       0.       0.       0.       0.       0.       0.       0.       0.       0.       0.       0.       0.       0.       0.       0.       0.       0.       0.01     0.       0.       0.      ],[0. 0. 0. 1. 0. 0. 0. 0. 0. 0. 0. 0. 0. 0. 0. 0. 0. 0. 0. 0. 0. 0. 0. 0. 0. 0. 0. 1. 0. 0. 0.],500,100,0.1,0.0005,1,13,iDR,16,random
336,0.00032048083971,0.00032048083971,0.0005038346949999999,[0.       0.       0.       0.106413 0.       0.       0.       0.       0.       0.       0.       0.       0.       0.       0.       0.       0.       0.       0.       0.       0.       0.       0.       0.       0.       0.       0.       0.01     0.       0.       0.      ],[0. 0. 0. 1. 0. 0. 0. 0. 0. 0. 0. 0. 0. 0. 0. 0. 0. 0. 0. 0. 0. 0. 0. 0. 0. 0. 0. 1. 0. 0. 0.],500,100,0.1,0.0005,1,13,iDR,16,random
337,0.00032048083971,0.00032048083971,0.0005038346949999999,[0.       0.       0.       0.106413 0.       0.       0.       0.       0.       0.       0.       0.       0.       0.       0.       0.       0.       0.       0.       0.       0.       0.       0.       0.       0.       0.       0.       0.01     0.       0.       0.      ],[0. 0. 0. 1. 0. 0. 0. 0. 0. 0. 0. 0. 0. 0. 0. 0. 0. 0. 0. 0. 0. 0. 0. 0. 0. 0. 0. 1. 0. 0. 0.],500,100,0.1,0.0005,1,13,iDR,16,random
338,0.00032048083971,0.00032048083971,0.0005038346949999999,[0.       0.       0.       0.106413 0.       0.       0.       0.       0.       0.       0.       0.       0.       0.       0.       0.       0.       0.       0.       0.       0.       0.       0.       0.       0.       0.       0.       0.01     0.       0.       0.      ],[0. 0. 0. 1. 0. 0. 0. 0. 0. 0. 0. 0. 0. 0. 0. 0. 0. 0. 0. 0. 0. 0. 0. 0. 0. 0. 0. 1. 0. 0. 0.],500,100,0.1,0.0005,1,13,iDR,16,random
339,0.00032048083971,0.00032048083971,0.0005038346949999999,[0.       0.       0.       0.106413 0.       0.       0.       0.       0.       0.       0.       0.       0.       0.       0.       0.       0.       0.       0.       0.       0.       0.       0.       0.       0.       0.       0.       0.01     0.       0.       0.      ],[0. 0. 0. 1. 0. 0. 0. 0. 0. 0. 0. 0. 0. 0. 0. 0. 0. 0. 0. 0. 0. 0. 0. 0. 0. 0. 0. 1. 0. 0. 0.],500,100,0.1,0.0005,1,13,iDR,16,random
340,0.00032048083971,0.00032048083971,0.0005038346949999999,[0.       0.       0.       0.106413 0.       0.       0.       0.       0.       0.       0.       0.       0.       0.       0.       0.       0.       0.       0.       0.       0.       0.       0.       0.       0.       0.       0.       0.01     0.       0.       0.      ],[0. 0. 0. 1. 0. 0. 0. 0. 0. 0. 0. 0. 0. 0. 0. 0. 0. 0. 0. 0. 0. 0. 0. 0. 0. 0. 0. 1. 0. 0. 0.],500,100,0.1,0.0005,1,13,iDR,16,random
341,0.00032048083971,0.00032048083971,0.0005038346949999999,[0.       0.       0.       0.106413 0.       0.       0.       0.       0.       0.       0.       0.       0.       0.       0.       0.       0.       0.       0.       0.       0.       0.       0.       0.       0.       0.       0.       0.01     0.       0.       0.      ],[0. 0. 0. 1. 0. 0. 0. 0. 0. 0. 0. 0. 0. 0. 0. 0. 0. 0. 0. 0. 0. 0. 0. 0. 0. 0. 0. 1. 0. 0. 0.],500,100,0.1,0.0005,1,13,iDR,16,random
342,0.00032048083971,0.00032048083971,0.0005038346949999999,[0.       0.       0.       0.106413 0.       0.       0.       0.       0.       0.       0.       0.       0.       0.       0.       0.       0.       0.       0.       0.       0.       0.       0.       0.       0.       0.       0.       0.01     0.       0.       0.      ],[0. 0. 0. 1. 0. 0. 0. 0. 0. 0. 0. 0. 0. 0. 0. 0. 0. 0. 0. 0. 0. 0. 0. 0. 0. 0. 0. 1. 0. 0. 0.],500,100,0.1,0.0005,1,13,iDR,16,random
343,0.00032048083971,0.00032048083971,0.0005038346949999999,[0.       0.       0.       0.106413 0.       0.       0.       0.       0.       0.       0.       0.       0.       0.       0.       0.       0.       0.       0.       0.       0.       0.       0.       0.       0.       0.       0.       0.01     0.       0.       0.      ],[0. 0. 0. 1. 0. 0. 0. 0. 0. 0. 0. 0. 0. 0. 0. 0. 0. 0. 0. 0. 0. 0. 0. 0. 0. 0. 0. 1. 0. 0. 0.],500,100,0.1,0.0005,1,13,iDR,16,random
344,0.00032048083971,0.00032048083971,0.0005038346949999999,[0.       0.       0.       0.106413 0.       0.       0.       0.       0.       0.       0.       0.       0.       0.       0.       0.       0.       0.       0.       0.       0.       0.       0.       0.       0.       0.       0.       0.01     0.       0.       0.      ],[0. 0. 0. 1. 0. 0. 0. 0. 0. 0. 0. 0. 0. 0. 0. 0. 0. 0. 0. 0. 0. 0. 0. 0. 0. 0. 0. 1. 0. 0. 0.],500,100,0.1,0.0005,1,13,iDR,16,random
345,0.00032048083971,0.00032048083971,0.0005038346949999999,[0.       0.       0.       0.106413 0.       0.       0.       0.       0.       0.       0.       0.       0.       0.       0.       0.       0.       0.       0.       0.       0.       0.       0.       0.       0.       0.       0.       0.01     0.       0.       0.      ],[0. 0. 0. 1. 0. 0. 0. 0. 0. 0. 0. 0. 0. 0. 0. 0. 0. 0. 0. 0. 0. 0. 0. 0. 0. 0. 0. 1. 0. 0. 0.],500,100,0.1,0.0005,1,13,iDR,16,random
346,0.00032048083971,0.00032048083971,0.0005038346949999999,[0.       0.       0.       0.106413 0.       0.       0.       0.       0.       0.       0.       0.       0.       0.       0.       0.       0.       0.       0.       0.       0.       0.       0.       0.       0.       0.       0.       0.01     0.       0.       0.      ],[0. 0. 0. 1. 0. 0. 0. 0. 0. 0. 0. 0. 0. 0. 0. 0. 0. 0. 0. 0. 0. 0. 0. 0. 0. 0. 0. 1. 0. 0. 0.],500,100,0.1,0.0005,1,13,iDR,16,random
347,0.00032048083971,0.00032048083971,0.0005038346949999999,[0.       0.       0.       0.106413 0.       0.       0.       0.       0.       0.       0.       0.       0.       0.       0.       0.       0.       0.       0.       0.       0.       0.       0.       0.       0.       0.       0.       0.01     0.       0.       0.      ],[0. 0. 0. 1. 0. 0. 0. 0. 0. 0. 0. 0. 0. 0. 0. 0. 0. 0. 0. 0. 0. 0. 0. 0. 0. 0. 0. 1. 0. 0. 0.],500,100,0.1,0.0005,1,13,iDR,16,random
348,0.00032048083971,0.00032048083971,0.0005038346949999999,[0.       0.       0.       0.106413 0.       0.       0.       0.       0.       0.       0.       0.       0.       0.       0.       0.       0.       0.       0.       0.       0.       0.       0.       0.       0.       0.       0.       0.01     0.       0.       0.      ],[0. 0. 0. 1. 0. 0. 0. 0. 0. 0. 0. 0. 0. 0. 0. 0. 0. 0. 0. 0. 0. 0. 0. 0. 0. 0. 0. 1. 0. 0. 0.],500,100,0.1,0.0005,1,13,iDR,16,random
349,0.00032048083971,0.00032048083971,0.0005038346949999999,[0.       0.       0.       0.106413 0.       0.       0.       0.       0.       0.       0.       0.       0.       0.       0.       0.       0.       0.       0.       0.       0.       0.       0.       0.       0.       0.       0.       0.01     0.       0.       0.      ],[0. 0. 0. 1. 0. 0. 0. 0. 0. 0. 0. 0. 0. 0. 0. 0. 0. 0. 0. 0. 0. 0. 0. 0. 0. 0. 0. 1. 0. 0. 0.],500,100,0.1,0.0005,1,13,iDR,16,random
350,0.00032048083971,0.00032048083971,0.0005038346949999999,[0.       0.       0.       0.106413 0.       0.       0.       0.       0.       0.       0.       0.       0.       0.       0.       0.       0.       0.       0.       0.       0.       0.       0.       0.       0.       0.       0.       0.01     0.       0.       0.      ],[0. 0. 0. 1. 0. 0. 0. 0. 0. 0. 0. 0. 0. 0. 0. 0. 0. 0. 0. 0. 0. 0. 0. 0. 0. 0. 0. 1. 0. 0. 0.],500,100,0.1,0.0005,1,13,iDR,16,random
351,0.00032048083971,0.00032048083971,0.0005038346949999999,[0.       0.       0.       0.106413 0.       0.       0.       0.       0.       0.       0.       0.       0.       0.       0.       0.       0.       0.       0.       0.       0.       0.       0.       0.       0.       0.       0.       0.01     0.       0.       0.      ],[0. 0. 0. 1. 0. 0. 0. 0. 0. 0. 0. 0. 0. 0. 0. 0. 0. 0. 0. 0. 0. 0. 0. 0. 0. 0. 0. 1. 0. 0. 0.],500,100,0.1,0.0005,1,13,iDR,16,random
352,0.00032048083971,0.00032048083971,0.0005038346949999999,[0.       0.       0.       0.106413 0.       0.       0.       0.       0.       0.       0.       0.       0.       0.       0.       0.       0.       0.       0.       0.       0.       0.       0.       0.       0.       0.       0.       0.01     0.       0.       0.      ],[0. 0. 0. 1. 0. 0. 0. 0. 0. 0. 0. 0. 0. 0. 0. 0. 0. 0. 0. 0. 0. 0. 0. 0. 0. 0. 0. 1. 0. 0. 0.],500,100,0.1,0.0005,1,13,iDR,16,random
353,0.00032048083971,0.00032048083971,0.0005038346949999999,[0.       0.       0.       0.106413 0.       0.       0.       0.       0.       0.       0.       0.       0.       0.       0.       0.       0.       0.       0.       0.       0.       0.       0.       0.       0.       0.       0.       0.01     0.       0.       0.      ],[0. 0. 0. 1. 0. 0. 0. 0. 0. 0. 0. 0. 0. 0. 0. 0. 0. 0. 0. 0. 0. 0. 0. 0. 0. 0. 0. 1. 0. 0. 0.],500,100,0.1,0.0005,1,13,iDR,16,random
354,0.00032048083971,0.00032048083971,0.0005038346949999999,[0.       0.       0.       0.106413 0.       0.       0.       0.       0.       0.       0.       0.       0.       0.       0.       0.       0.       0.       0.       0.       0.       0.       0.       0.       0.       0.       0.       0.01     0.       0.       0.      ],[0. 0. 0. 1. 0. 0. 0. 0. 0. 0. 0. 0. 0. 0. 0. 0. 0. 0. 0. 0. 0. 0. 0. 0. 0. 0. 0. 1. 0. 0. 0.],500,100,0.1,0.0005,1,13,iDR,16,random
355,0.00032048083971,0.00032048083971,0.0005038346949999999,[0.       0.       0.       0.106413 0.       0.       0.       0.       0.       0.       0.       0.       0.       0.       0.       0.       0.       0.       0.       0.       0.       0.       0.       0.       0.       0.       0.       0.01     0.       0.       0.      ],[0. 0. 0. 1. 0. 0. 0. 0. 0. 0. 0. 0. 0. 0. 0. 0. 0. 0. 0. 0. 0. 0. 0. 0. 0. 0. 0. 1. 0. 0. 0.],500,100,0.1,0.0005,1,13,iDR,16,random
356,0.00032048083971,0.00032048083971,0.0005038346949999999,[0.       0.       0.       0.106413 0.       0.       0.       0.       0.       0.       0.       0.       0.       0.       0.       0.       0.       0.       0.       0.       0.       0.       0.       0.       0.       0.       0.       0.01     0.       0.       0.      ],[0. 0. 0. 1. 0. 0. 0. 0. 0. 0. 0. 0. 0. 0. 0. 0. 0. 0. 0. 0. 0. 0. 0. 0. 0. 0. 0. 1. 0. 0. 0.],500,100,0.1,0.0005,1,13,iDR,16,random
357,0.00032048083971,0.00032048083971,0.0005038346949999999,[0.       0.       0.       0.106413 0.       0.       0.       0.       0.       0.       0.       0.       0.       0.       0.       0.       0.       0.       0.       0.       0.       0.       0.       0.       0.       0.       0.       0.01     0.       0.       0.      ],[0. 0. 0. 1. 0. 0. 0. 0. 0. 0. 0. 0. 0. 0. 0. 0. 0. 0. 0. 0. 0. 0. 0. 0. 0. 0. 0. 1. 0. 0. 0.],500,100,0.1,0.0005,1,13,iDR,16,random
358,0.00032048083971,0.00032048083971,0.0005038346949999999,[0.       0.       0.       0.106413 0.       0.       0.       0.       0.       0.       0.       0.       0.       0.       0.       0.       0.       0.       0.       0.       0.       0.       0.       0.       0.       0.       0.       0.01     0.       0.       0.      ],[0. 0. 0. 1. 0. 0. 0. 0. 0. 0. 0. 0. 0. 0. 0. 0. 0. 0. 0. 0. 0. 0. 0. 0. 0. 0. 0. 1. 0. 0. 0.],500,100,0.1,0.0005,1,13,iDR,16,random
359,0.00032048083971,0.00032048083971,0.0005038346949999999,[0.       0.       0.       0.106413 0.       0.       0.       0.       0.       0.       0.       0.       0.       0.       0.       0.       0.       0.       0.       0.       0.       0.       0.       0.       0.       0.       0.       0.01     0.       0.       0.      ],[0. 0. 0. 1. 0. 0. 0. 0. 0. 0. 0. 0. 0. 0. 0. 0. 0. 0. 0. 0. 0. 0. 0. 0. 0. 0. 0. 1. 0. 0. 0.],500,100,0.1,0.0005,1,13,iDR,16,random
360,0.00032048083971,0.00032048083971,0.0005038346949999999,[0.       0.       0.       0.106413 0.       0.       0.       0.       0.       0.       0.       0.       0.       0.       0.       0.       0.       0.       0.       0.       0.       0.       0.       0.       0.       0.       0.       0.01     0.       0.       0.      ],[0. 0. 0. 1. 0. 0. 0. 0. 0. 0. 0. 0. 0. 0. 0. 0. 0. 0. 0. 0. 0. 0. 0. 0. 0. 0. 0. 1. 0. 0. 0.],500,100,0.1,0.0005,1,13,iDR,16,random
361,0.00032048083971,0.00032048083971,0.0005038346949999999,[0.       0.       0.       0.106413 0.       0.       0.       0.       0.       0.       0.       0.       0.       0.       0.       0.       0.       0.       0.       0.       0.       0.       0.       0.       0.       0.       0.       0.01     0.       0.       0.      ],[0. 0. 0. 1. 0. 0. 0. 0. 0. 0. 0. 0. 0. 0. 0. 0. 0. 0. 0. 0. 0. 0. 0. 0. 0. 0. 0. 1. 0. 0. 0.],500,100,0.1,0.0005,1,13,iDR,16,random
362,0.00032048083971,0.00032048083971,0.0005038346949999999,[0.       0.       0.       0.106413 0.       0.       0.       0.       0.       0.       0.       0.       0.       0.       0.       0.       0.       0.       0.       0.       0.       0.       0.       0.       0.       0.       0.       0.01     0.       0.       0.      ],[0. 0. 0. 1. 0. 0. 0. 0. 0. 0. 0. 0. 0. 0. 0. 0. 0. 0. 0. 0. 0. 0. 0. 0. 0. 0. 0. 1. 0. 0. 0.],500,100,0.1,0.0005,1,13,iDR,16,random
363,0.00032048083971,0.00032048083971,0.0005038346949999999,[0.       0.       0.       0.106413 0.       0.       0.       0.       0.       0.       0.       0.       0.       0.       0.       0.       0.       0.       0.       0.       0.       0.       0.       0.       0.       0.       0.       0.01     0.       0.       0.      ],[0. 0. 0. 1. 0. 0. 0. 0. 0. 0. 0. 0. 0. 0. 0. 0. 0. 0. 0. 0. 0. 0. 0. 0. 0. 0. 0. 1. 0. 0. 0.],500,100,0.1,0.0005,1,13,iDR,16,random
364,0.00032048083971,0.00032048083971,0.0005038346949999999,[0.       0.       0.       0.106413 0.       0.       0.       0.       0.       0.       0.       0.       0.       0.       0.       0.       0.       0.       0.       0.       0.       0.       0.       0.       0.       0.       0.       0.01     0.       0.       0.      ],[0. 0. 0. 1. 0. 0. 0. 0. 0. 0. 0. 0. 0. 0. 0. 0. 0. 0. 0. 0. 0. 0. 0. 0. 0. 0. 0. 1. 0. 0. 0.],500,100,0.1,0.0005,1,13,iDR,16,random
365,0.00032048083971,0.00032048083971,0.0005038346949999999,[0.       0.       0.       0.106413 0.       0.       0.       0.       0.       0.       0.       0.       0.       0.       0.       0.       0.       0.       0.       0.       0.       0.       0.       0.       0.       0.       0.       0.01     0.       0.       0.      ],[0. 0. 0. 1. 0. 0. 0. 0. 0. 0. 0. 0. 0. 0. 0. 0. 0. 0. 0. 0. 0. 0. 0. 0. 0. 0. 0. 1. 0. 0. 0.],500,100,0.1,0.0005,1,13,iDR,16,random
366,0.00032048083971,0.00032048083971,0.0005038346949999999,[0.       0.       0.       0.106413 0.       0.       0.       0.       0.       0.       0.       0.       0.       0.       0.       0.       0.       0.       0.       0.       0.       0.       0.       0.       0.       0.       0.       0.01     0.       0.       0.      ],[0. 0. 0. 1. 0. 0. 0. 0. 0. 0. 0. 0. 0. 0. 0. 0. 0. 0. 0. 0. 0. 0. 0. 0. 0. 0. 0. 1. 0. 0. 0.],500,100,0.1,0.0005,1,13,iDR,16,random
367,0.00032048083971,0.00032048083971,0.0005038346949999999,[0.       0.       0.       0.106413 0.       0.       0.       0.       0.       0.       0.       0.       0.       0.       0.       0.       0.       0.       0.       0.       0.       0.       0.       0.       0.       0.       0.       0.01     0.       0.       0.      ],[0. 0. 0. 1. 0. 0. 0. 0. 0. 0. 0. 0. 0. 0. 0. 0. 0. 0. 0. 0. 0. 0. 0. 0. 0. 0. 0. 1. 0. 0. 0.],500,100,0.1,0.0005,1,13,iDR,16,random
368,0.00032048083971,0.00032048083971,0.0005038346949999999,[0.       0.       0.       0.106413 0.       0.       0.       0.       0.       0.       0.       0.       0.       0.       0.       0.       0.       0.       0.       0.       0.       0.       0.       0.       0.       0.       0.       0.01     0.       0.       0.      ],[0. 0. 0. 1. 0. 0. 0. 0. 0. 0. 0. 0. 0. 0. 0. 0. 0. 0. 0. 0. 0. 0. 0. 0. 0. 0. 0. 1. 0. 0. 0.],500,100,0.1,0.0005,1,13,iDR,16,random
369,0.00032048083971,0.00032048083971,0.0005038346949999999,[0.       0.       0.       0.106413 0.       0.       0.       0.       0.       0.       0.       0.       0.       0.       0.       0.       0.       0.       0.       0.       0.       0.       0.       0.       0.       0.       0.       0.01     0.       0.       0.      ],[0. 0. 0. 1. 0. 0. 0. 0. 0. 0. 0. 0. 0. 0. 0. 0. 0. 0. 0. 0. 0. 0. 0. 0. 0. 0. 0. 1. 0. 0. 0.],500,100,0.1,0.0005,1,13,iDR,16,random
370,0.00032048083971,0.00032048083971,0.0005038346949999999,[0.       0.       0.       0.106413 0.       0.       0.       0.       0.       0.       0.       0.       0.       0.       0.       0.       0.       0.       0.       0.       0.       0.       0.       0.       0.       0.       0.       0.01     0.       0.       0.      ],[0. 0. 0. 1. 0. 0. 0. 0. 0. 0. 0. 0. 0. 0. 0. 0. 0. 0. 0. 0. 0. 0. 0. 0. 0. 0. 0. 1. 0. 0. 0.],500,100,0.1,0.0005,1,13,iDR,16,random
371,0.00032048083971,0.00032048083971,0.0005038346949999999,[0.       0.       0.       0.106413 0.       0.       0.       0.       0.       0.       0.       0.       0.       0.       0.       0.       0.       0.       0.       0.       0.       0.       0.       0.       0.       0.       0.       0.01     0.       0.       0.      ],[0. 0. 0. 1. 0. 0. 0. 0. 0. 0. 0. 0. 0. 0. 0. 0. 0. 0. 0. 0. 0. 0. 0. 0. 0. 0. 0. 1. 0. 0. 0.],500,100,0.1,0.0005,1,13,iDR,16,random
372,0.00032048083971,0.00032048083971,0.0005038346949999999,[0.       0.       0.       0.106413 0.       0.       0.       0.       0.       0.       0.       0.       0.       0.       0.       0.       0.       0.       0.       0.       0.       0.       0.       0.       0.       0.       0.       0.01     0.       0.       0.      ],[0. 0. 0. 1. 0. 0. 0. 0. 0. 0. 0. 0. 0. 0. 0. 0. 0. 0. 0. 0. 0. 0. 0. 0. 0. 0. 0. 1. 0. 0. 0.],500,100,0.1,0.0005,1,13,iDR,16,random
373,0.00032048083971,0.00032048083971,0.0005038346949999999,[0.       0.       0.       0.106413 0.       0.       0.       0.       0.       0.       0.       0.       0.       0.       0.       0.       0.       0.       0.       0.       0.       0.       0.       0.       0.       0.       0.       0.01     0.       0.       0.      ],[0. 0. 0. 1. 0. 0. 0. 0. 0. 0. 0. 0. 0. 0. 0. 0. 0. 0. 0. 0. 0. 0. 0. 0. 0. 0. 0. 1. 0. 0. 0.],500,100,0.1,0.0005,1,13,iDR,16,random
374,0.00032048083971,0.00032048083971,0.0005038346949999999,[0.       0.       0.       0.106413 0.       0.       0.       0.       0.       0.       0.       0.       0.       0.       0.       0.       0.       0.       0.       0.       0.       0.       0.       0.       0.       0.       0.       0.01     0.       0.       0.      ],[0. 0. 0. 1. 0. 0. 0. 0. 0. 0. 0. 0. 0. 0. 0. 0. 0. 0. 0. 0. 0. 0. 0. 0. 0. 0. 0. 1. 0. 0. 0.],500,100,0.1,0.0005,1,13,iDR,16,random
375,0.00032048083971,0.00032048083971,0.0005038346949999999,[0.       0.       0.       0.106413 0.       0.       0.       0.       0.       0.       0.       0.       0.       0.       0.       0.       0.       0.       0.       0.       0.       0.       0.       0.       0.       0.       0.       0.01     0.       0.       0.      ],[0. 0. 0. 1. 0. 0. 0. 0. 0. 0. 0. 0. 0. 0. 0. 0. 0. 0. 0. 0. 0. 0. 0. 0. 0. 0. 0. 1. 0. 0. 0.],500,100,0.1,0.0005,1,13,iDR,16,random
376,0.00032048083971,0.00032048083971,0.0005038346949999999,[0.       0.       0.       0.106413 0.       0.       0.       0.       0.       0.       0.       0.       0.       0.       0.       0.       0.       0.       0.       0.       0.       0.       0.       0.       0.       0.       0.       0.01     0.       0.       0.      ],[0. 0. 0. 1. 0. 0. 0. 0. 0. 0. 0. 0. 0. 0. 0. 0. 0. 0. 0. 0. 0. 0. 0. 0. 0. 0. 0. 1. 0. 0. 0.],500,100,0.1,0.0005,1,13,iDR,16,random
377,0.00032048083971,0.00032048083971,0.0005038346949999999,[0.       0.       0.       0.106413 0.       0.       0.       0.       0.       0.       0.       0.       0.       0.       0.       0.       0.       0.       0.       0.       0.       0.       0.       0.       0.       0.       0.       0.01     0.       0.       0.      ],[0. 0. 0. 1. 0. 0. 0. 0. 0. 0. 0. 0. 0. 0. 0. 0. 0. 0. 0. 0. 0. 0. 0. 0. 0. 0. 0. 1. 0. 0. 0.],500,100,0.1,0.0005,1,13,iDR,16,random
378,0.00032048083971,0.00032048083971,0.0005038346949999999,[0.       0.       0.       0.106413 0.       0.       0.       0.       0.       0.       0.       0.       0.       0.       0.       0.       0.       0.       0.       0.       0.       0.       0.       0.       0.       0.       0.       0.01     0.       0.       0.      ],[0. 0. 0. 1. 0. 0. 0. 0. 0. 0. 0. 0. 0. 0. 0. 0. 0. 0. 0. 0. 0. 0. 0. 0. 0. 0. 0. 1. 0. 0. 0.],500,100,0.1,0.0005,1,13,iDR,16,random
379,0.00032048083971,0.00032048083971,0.0005038346949999999,[0.       0.       0.       0.106413 0.       0.       0.       0.       0.       0.       0.       0.       0.       0.       0.       0.       0.       0.       0.       0.       0.       0.       0.       0.       0.       0.       0.       0.01     0.       0.       0.      ],[0. 0. 0. 1. 0. 0. 0. 0. 0. 0. 0. 0. 0. 0. 0. 0. 0. 0. 0. 0. 0. 0. 0. 0. 0. 0. 0. 1. 0. 0. 0.],500,100,0.1,0.0005,1,13,iDR,16,random
380,0.00032048083971,0.00032048083971,0.0005038346949999999,[0.       0.       0.       0.106413 0.       0.       0.       0.       0.       0.       0.       0.       0.       0.       0.       0.       0.       0.       0.       0.       0.       0.       0.       0.       0.       0.       0.       0.01     0.       0.       0.      ],[0. 0. 0. 1. 0. 0. 0. 0. 0. 0. 0. 0. 0. 0. 0. 0. 0. 0. 0. 0. 0. 0. 0. 0. 0. 0. 0. 1. 0. 0. 0.],500,100,0.1,0.0005,1,13,iDR,16,random
381,0.00032048083971,0.00032048083971,0.0005038346949999999,[0.       0.       0.       0.106413 0.       0.       0.       0.       0.       0.       0.       0.       0.       0.       0.       0.       0.       0.       0.       0.       0.       0.       0.       0.       0.       0.       0.       0.01     0.       0.       0.      ],[0. 0. 0. 1. 0. 0. 0. 0. 0. 0. 0. 0. 0. 0. 0. 0. 0. 0. 0. 0. 0. 0. 0. 0. 0. 0. 0. 1. 0. 0. 0.],500,100,0.1,0.0005,1,13,iDR,16,random
382,0.00032048083971,0.00032048083971,0.0005038346949999999,[0.       0.       0.       0.106413 0.       0.       0.       0.       0.       0.       0.       0.       0.       0.       0.       0.       0.       0.       0.       0.       0.       0.       0.       0.       0.       0.       0.       0.01     0.       0.       0.      ],[0. 0. 0. 1. 0. 0. 0. 0. 0. 0. 0. 0. 0. 0. 0. 0. 0. 0. 0. 0. 0. 0. 0. 0. 0. 0. 0. 1. 0. 0. 0.],500,100,0.1,0.0005,1,13,iDR,16,random
383,0.00032048083971,0.00032048083971,0.0005038346949999999,[0.       0.       0.       0.106413 0.       0.       0.       0.       0.       0.       0.       0.       0.       0.       0.       0.       0.       0.       0.       0.       0.       0.       0.       0.       0.       0.       0.       0.01     0.       0.       0.      ],[0. 0. 0. 1. 0. 0. 0. 0. 0. 0. 0. 0. 0. 0. 0. 0. 0. 0. 0. 0. 0. 0. 0. 0. 0. 0. 0. 1. 0. 0. 0.],500,100,0.1,0.0005,1,13,iDR,16,random
384,0.00032048083971,0.00032048083971,0.0005038346949999999,[0.       0.       0.       0.106413 0.       0.       0.       0.       0.       0.       0.       0.       0.       0.       0.       0.       0.       0.       0.       0.       0.       0.       0.       0.       0.       0.       0.       0.01     0.       0.       0.      ],[0. 0. 0. 1. 0. 0. 0. 0. 0. 0. 0. 0. 0. 0. 0. 0. 0. 0. 0. 0. 0. 0. 0. 0. 0. 0. 0. 1. 0. 0. 0.],500,100,0.1,0.0005,1,13,iDR,16,random
385,0.00032048083971,0.00032048083971,0.0005038346949999999,[0.       0.       0.       0.106413 0.       0.       0.       0.       0.       0.       0.       0.       0.       0.       0.       0.       0.       0.       0.       0.       0.       0.       0.       0.       0.       0.       0.       0.01     0.       0.       0.      ],[0. 0. 0. 1. 0. 0. 0. 0. 0. 0. 0. 0. 0. 0. 0. 0. 0. 0. 0. 0. 0. 0. 0. 0. 0. 0. 0. 1. 0. 0. 0.],500,100,0.1,0.0005,1,13,iDR,16,random
386,0.00032048083971,0.00032048083971,0.0005038346949999999,[0.       0.       0.       0.106413 0.       0.       0.       0.       0.       0.       0.       0.       0.       0.       0.       0.       0.       0.       0.       0.       0.       0.       0.       0.       0.       0.       0.       0.01     0.       0.       0.      ],[0. 0. 0. 1. 0. 0. 0. 0. 0. 0. 0. 0. 0. 0. 0. 0. 0. 0. 0. 0. 0. 0. 0. 0. 0. 0. 0. 1. 0. 0. 0.],500,100,0.1,0.0005,1,13,iDR,16,random
387,0.00032048083971,0.00032048083971,0.0005038346949999999,[0.       0.       0.       0.106413 0.       0.       0.       0.       0.       0.       0.       0.       0.       0.       0.       0.       0.       0.       0.       0.       0.       0.       0.       0.       0.       0.       0.       0.01     0.       0.       0.      ],[0. 0. 0. 1. 0. 0. 0. 0. 0. 0. 0. 0. 0. 0. 0. 0. 0. 0. 0. 0. 0. 0. 0. 0. 0. 0. 0. 1. 0. 0. 0.],500,100,0.1,0.0005,1,13,iDR,16,random
388,0.00032048083971,0.00032048083971,0.0005038346949999999,[0.       0.       0.       0.106413 0.       0.       0.       0.       0.       0.       0.       0.       0.       0.       0.       0.       0.       0.       0.       0.       0.       0.       0.       0.       0.       0.       0.       0.01     0.       0.       0.      ],[0. 0. 0. 1. 0. 0. 0. 0. 0. 0. 0. 0. 0. 0. 0. 0. 0. 0. 0. 0. 0. 0. 0. 0. 0. 0. 0. 1. 0. 0. 0.],500,100,0.1,0.0005,1,13,iDR,16,random
389,0.00032048083971,0.00032048083971,0.0005038346949999999,[0.       0.       0.       0.106413 0.       0.       0.       0.       0.       0.       0.       0.       0.       0.       0.       0.       0.       0.       0.       0.       0.       0.       0.       0.       0.       0.       0.       0.01     0.       0.       0.      ],[0. 0. 0. 1. 0. 0. 0. 0. 0. 0. 0. 0. 0. 0. 0. 0. 0. 0. 0. 0. 0. 0. 0. 0. 0. 0. 0. 1. 0. 0. 0.],500,100,0.1,0.0005,1,13,iDR,16,random
390,0.00032048083971,0.00032048083971,0.0005038346949999999,[0.       0.       0.       0.106413 0.       0.       0.       0.       0.       0.       0.       0.       0.       0.       0.       0.       0.       0.       0.       0.       0.       0.       0.       0.       0.       0.       0.       0.01     0.       0.       0.      ],[0. 0. 0. 1. 0. 0. 0. 0. 0. 0. 0. 0. 0. 0. 0. 0. 0. 0. 0. 0. 0. 0. 0. 0. 0. 0. 0. 1. 0. 0. 0.],500,100,0.1,0.0005,1,13,iDR,16,random
391,0.00032048083971,0.00032048083971,0.0005038346949999999,[0.       0.       0.       0.106413 0.       0.       0.       0.       0.       0.       0.       0.       0.       0.       0.       0.       0.       0.       0.       0.       0.       0.       0.       0.       0.       0.       0.       0.01     0.       0.       0.      ],[0. 0. 0. 1. 0. 0. 0. 0. 0. 0. 0. 0. 0. 0. 0. 0. 0. 0. 0. 0. 0. 0. 0. 0. 0. 0. 0. 1. 0. 0. 0.],500,100,0.1,0.0005,1,13,iDR,16,random
392,0.00032048083971,0.00032048083971,0.0005038346949999999,[0.       0.       0.       0.106413 0.       0.       0.       0.       0.       0.       0.       0.       0.       0.       0.       0.       0.       0.       0.       0.       0.       0.       0.       0.       0.       0.       0.       0.01     0.       0.       0.      ],[0. 0. 0. 1. 0. 0. 0. 0. 0. 0. 0. 0. 0. 0. 0. 0. 0. 0. 0. 0. 0. 0. 0. 0. 0. 0. 0. 1. 0. 0. 0.],500,100,0.1,0.0005,1,13,iDR,16,random
393,0.00032048083971,0.00032048083971,0.0005038346949999999,[0.       0.       0.       0.106413 0.       0.       0.       0.       0.       0.       0.       0.       0.       0.       0.       0.       0.       0.       0.       0.       0.       0.       0.       0.       0.       0.       0.       0.01     0.       0.       0.      ],[0. 0. 0. 1. 0. 0. 0. 0. 0. 0. 0. 0. 0. 0. 0. 0. 0. 0. 0. 0. 0. 0. 0. 0. 0. 0. 0. 1. 0. 0. 0.],500,100,0.1,0.0005,1,13,iDR,16,random
394,0.00032048083971,0.00032048083971,0.0005038346949999999,[0.       0.       0.       0.106413 0.       0.       0.       0.       0.       0.       0.       0.       0.       0.       0.       0.       0.       0.       0.       0.       0.       0.       0.       0.       0.       0.       0.       0.01     0.       0.       0.      ],[0. 0. 0. 1. 0. 0. 0. 0. 0. 0. 0. 0. 0. 0. 0. 0. 0. 0. 0. 0. 0. 0. 0. 0. 0. 0. 0. 1. 0. 0. 0.],500,100,0.1,0.0005,1,13,iDR,16,random
395,0.00032048083971,0.00032048083971,0.0005038346949999999,[0.       0.       0.       0.106413 0.       0.       0.       0.       0.       0.       0.       0.       0.       0.       0.       0.       0.       0.       0.       0.       0.       0.       0.       0.       0.       0.       0.       0.01     0.       0.       0.      ],[0. 0. 0. 1. 0. 0. 0. 0. 0. 0. 0. 0. 0. 0. 0. 0. 0. 0. 0. 0. 0. 0. 0. 0. 0. 0. 0. 1. 0. 0. 0.],500,100,0.1,0.0005,1,13,iDR,16,random
396,0.00032048083971,0.00032048083971,0.0005038346949999999,[0.       0.       0.       0.106413 0.       0.       0.       0.       0.       0.       0.       0.       0.       0.       0.       0.       0.       0.       0.       0.       0.       0.       0.       0.       0.       0.       0.       0.01     0.       0.       0.      ],[0. 0. 0. 1. 0. 0. 0. 0. 0. 0. 0. 0. 0. 0. 0. 0. 0. 0. 0. 0. 0. 0. 0. 0. 0. 0. 0. 1. 0. 0. 0.],500,100,0.1,0.0005,1,13,iDR,16,random
397,0.00032048083971,0.00032048083971,0.0005038346949999999,[0.       0.       0.       0.106413 0.       0.       0.       0.       0.       0.       0.       0.       0.       0.       0.       0.       0.       0.       0.       0.       0.       0.       0.       0.       0.       0.       0.       0.01     0.       0.       0.      ],[0. 0. 0. 1. 0. 0. 0. 0. 0. 0. 0. 0. 0. 0. 0. 0. 0. 0. 0. 0. 0. 0. 0. 0. 0. 0. 0. 1. 0. 0. 0.],500,100,0.1,0.0005,1,13,iDR,16,random
398,0.00032048083971,0.00032048083971,0.0005038346949999999,[0.       0.       0.       0.106413 0.       0.       0.       0.       0.       0.       0.       0.       0.       0.       0.       0.       0.       0.       0.       0.       0.       0.       0.       0.       0.       0.       0.       0.01     0.       0.       0.      ],[0. 0. 0. 1. 0. 0. 0. 0. 0. 0. 0. 0. 0. 0. 0. 0. 0. 0. 0. 0. 0. 0. 0. 0. 0. 0. 0. 1. 0. 0. 0.],500,100,0.1,0.0005,1,13,iDR,16,random
399,0.00032048083971,0.00032048083971,0.0005038346949999999,[0.       0.       0.       0.106413 0.       0.       0.       0.       0.       0.       0.       0.       0.       0.       0.       0.       0.       0.       0.       0.       0.       0.       0.       0.       0.       0.       0.       0.01     0.       0.       0.      ],[0. 0. 0. 1. 0. 0. 0. 0. 0. 0. 0. 0. 0. 0. 0. 0. 0. 0. 0. 0. 0. 0. 0. 0. 0. 0. 0. 1. 0. 0. 0.],500,100,0.1,0.0005,1,13,iDR,16,random
400,0.00032048083971,0.00032048083971,0.0005038346949999999,[0.       0.       0.       0.106413 0.       0.       0.       0.       0.       0.       0.       0.       0.       0.       0.       0.       0.       0.       0.       0.       0.       0.       0.       0.       0.       0.       0.       0.01     0.       0.       0.      ],[0. 0. 0. 1. 0. 0. 0. 0. 0. 0. 0. 0. 0. 0. 0. 0. 0. 0. 0. 0. 0. 0. 0. 0. 0. 0. 0. 1. 0. 0. 0.],500,100,0.1,0.0005,1,13,iDR,16,random
401,0.00032048083971,0.00032048083971,0.0005038346949999999,[0.       0.       0.       0.106413 0.       0.       0.       0.       0.       0.       0.       0.       0.       0.       0.       0.       0.       0.       0.       0.       0.       0.       0.       0.       0.       0.       0.       0.01     0.       0.       0.      ],[0. 0. 0. 1. 0. 0. 0. 0. 0. 0. 0. 0. 0. 0. 0. 0. 0. 0. 0. 0. 0. 0. 0. 0. 0. 0. 0. 1. 0. 0. 0.],500,100,0.1,0.0005,1,13,iDR,16,random
402,0.00032048083971,0.00032048083971,0.0005038346949999999,[0.       0.       0.       0.106413 0.       0.       0.       0.       0.       0.       0.       0.       0.       0.       0.       0.       0.       0.       0.       0.       0.       0.       0.       0.       0.       0.       0.       0.01     0.       0.       0.      ],[0. 0. 0. 1. 0. 0. 0. 0. 0. 0. 0. 0. 0. 0. 0. 0. 0. 0. 0. 0. 0. 0. 0. 0. 0. 0. 0. 1. 0. 0. 0.],500,100,0.1,0.0005,1,13,iDR,16,random
403,0.00032048083971,0.00032048083971,0.0005038346949999999,[0.       0.       0.       0.106413 0.       0.       0.       0.       0.       0.       0.       0.       0.       0.       0.       0.       0.       0.       0.       0.       0.       0.       0.       0.       0.       0.       0.       0.01     0.       0.       0.      ],[0. 0. 0. 1. 0. 0. 0. 0. 0. 0. 0. 0. 0. 0. 0. 0. 0. 0. 0. 0. 0. 0. 0. 0. 0. 0. 0. 1. 0. 0. 0.],500,100,0.1,0.0005,1,13,iDR,16,random
404,0.00032048083971,0.00032048083971,0.0005038346949999999,[0.       0.       0.       0.106413 0.       0.       0.       0.       0.       0.       0.       0.       0.       0.       0.       0.       0.       0.       0.       0.       0.       0.       0.       0.       0.       0.       0.       0.01     0.       0.       0.      ],[0. 0. 0. 1. 0. 0. 0. 0. 0. 0. 0. 0. 0. 0. 0. 0. 0. 0. 0. 0. 0. 0. 0. 0. 0. 0. 0. 1. 0. 0. 0.],500,100,0.1,0.0005,1,13,iDR,16,random
405,0.00032048083971,0.00032048083971,0.0005038346949999999,[0.       0.       0.       0.106413 0.       0.       0.       0.       0.       0.       0.       0.       0.       0.       0.       0.       0.       0.       0.       0.       0.       0.       0.       0.       0.       0.       0.       0.01     0.       0.       0.      ],[0. 0. 0. 1. 0. 0. 0. 0. 0. 0. 0. 0. 0. 0. 0. 0. 0. 0. 0. 0. 0. 0. 0. 0. 0. 0. 0. 1. 0. 0. 0.],500,100,0.1,0.0005,1,13,iDR,16,random
406,0.00032048083971,0.00032048083971,0.0005038346949999999,[0.       0.       0.       0.106413 0.       0.       0.       0.       0.       0.       0.       0.       0.       0.       0.       0.       0.       0.       0.       0.       0.       0.       0.       0.       0.       0.       0.       0.01     0.       0.       0.      ],[0. 0. 0. 1. 0. 0. 0. 0. 0. 0. 0. 0. 0. 0. 0. 0. 0. 0. 0. 0. 0. 0. 0. 0. 0. 0. 0. 1. 0. 0. 0.],500,100,0.1,0.0005,1,13,iDR,16,random
407,0.00032048083971,0.00032048083971,0.0005038346949999999,[0.       0.       0.       0.106413 0.       0.       0.       0.       0.       0.       0.       0.       0.       0.       0.       0.       0.       0.       0.       0.       0.       0.       0.       0.       0.       0.       0.       0.01     0.       0.       0.      ],[0. 0. 0. 1. 0. 0. 0. 0. 0. 0. 0. 0. 0. 0. 0. 0. 0. 0. 0. 0. 0. 0. 0. 0. 0. 0. 0. 1. 0. 0. 0.],500,100,0.1,0.0005,1,13,iDR,16,random
408,0.00032048083971,0.00032048083971,0.0005038346949999999,[0.       0.       0.       0.106413 0.       0.       0.       0.       0.       0.       0.       0.       0.       0.       0.       0.       0.       0.       0.       0.       0.       0.       0.       0.       0.       0.       0.       0.01     0.       0.       0.      ],[0. 0. 0. 1. 0. 0. 0. 0. 0. 0. 0. 0. 0. 0. 0. 0. 0. 0. 0. 0. 0. 0. 0. 0. 0. 0. 0. 1. 0. 0. 0.],500,100,0.1,0.0005,1,13,iDR,16,random
409,0.00032048083971,0.00032048083971,0.0005038346949999999,[0.       0.       0.       0.106413 0.       0.       0.       0.       0.       0.       0.       0.       0.       0.       0.       0.       0.       0.       0.       0.       0.       0.       0.       0.       0.       0.       0.       0.01     0.       0.       0.      ],[0. 0. 0. 1. 0. 0. 0. 0. 0. 0. 0. 0. 0. 0. 0. 0. 0. 0. 0. 0. 0. 0. 0. 0. 0. 0. 0. 1. 0. 0. 0.],500,100,0.1,0.0005,1,13,iDR,16,random
410,0.00032048083971,0.00032048083971,0.0005038346949999999,[0.       0.       0.       0.106413 0.       0.       0.       0.       0.       0.       0.       0.       0.       0.       0.       0.       0.       0.       0.       0.       0.       0.       0.       0.       0.       0.       0.       0.01     0.       0.       0.      ],[0. 0. 0. 1. 0. 0. 0. 0. 0. 0. 0. 0. 0. 0. 0. 0. 0. 0. 0. 0. 0. 0. 0. 0. 0. 0. 0. 1. 0. 0. 0.],500,100,0.1,0.0005,1,13,iDR,16,random
411,0.00032048083971,0.00032048083971,0.0005038346949999999,[0.       0.       0.       0.106413 0.       0.       0.       0.       0.       0.       0.       0.       0.       0.       0.       0.       0.       0.       0.       0.       0.       0.       0.       0.       0.       0.       0.       0.01     0.       0.       0.      ],[0. 0. 0. 1. 0. 0. 0. 0. 0. 0. 0. 0. 0. 0. 0. 0. 0. 0. 0. 0. 0. 0. 0. 0. 0. 0. 0. 1. 0. 0. 0.],500,100,0.1,0.0005,1,13,iDR,16,random
412,0.00032048083971,0.00032048083971,0.0005038346949999999,[0.       0.       0.       0.106413 0.       0.       0.       0.       0.       0.       0.       0.       0.       0.       0.       0.       0.       0.       0.       0.       0.       0.       0.       0.       0.       0.       0.       0.01     0.       0.       0.      ],[0. 0. 0. 1. 0. 0. 0. 0. 0. 0. 0. 0. 0. 0. 0. 0. 0. 0. 0. 0. 0. 0. 0. 0. 0. 0. 0. 1. 0. 0. 0.],500,100,0.1,0.0005,1,13,iDR,16,random
413,0.00032048083971,0.00032048083971,0.0005038346949999999,[0.       0.       0.       0.106413 0.       0.       0.       0.       0.       0.       0.       0.       0.       0.       0.       0.       0.       0.       0.       0.       0.       0.       0.       0.       0.       0.       0.       0.01     0.       0.       0.      ],[0. 0. 0. 1. 0. 0. 0. 0. 0. 0. 0. 0. 0. 0. 0. 0. 0. 0. 0. 0. 0. 0. 0. 0. 0. 0. 0. 1. 0. 0. 0.],500,100,0.1,0.0005,1,13,iDR,16,random
414,0.00032048083971,0.00032048083971,0.0005038346949999999,[0.       0.       0.       0.106413 0.       0.       0.       0.       0.       0.       0.       0.       0.       0.       0.       0.       0.       0.       0.       0.       0.       0.       0.       0.       0.       0.       0.       0.01     0.       0.       0.      ],[0. 0. 0. 1. 0. 0. 0. 0. 0. 0. 0. 0. 0. 0. 0. 0. 0. 0. 0. 0. 0. 0. 0. 0. 0. 0. 0. 1. 0. 0. 0.],500,100,0.1,0.0005,1,13,iDR,16,random
415,0.00032048083971,0.00032048083971,0.0005038346949999999,[0.       0.       0.       0.106413 0.       0.       0.       0.       0.       0.       0.       0.       0.       0.       0.       0.       0.       0.       0.       0.       0.       0.       0.       0.       0.       0.       0.       0.01     0.       0.       0.      ],[0. 0. 0. 1. 0. 0. 0. 0. 0. 0. 0. 0. 0. 0. 0. 0. 0. 0. 0. 0. 0. 0. 0. 0. 0. 0. 0. 1. 0. 0. 0.],500,100,0.1,0.0005,1,13,iDR,16,random
416,0.00032048083971,0.00032048083971,0.0005038346949999999,[0.       0.       0.       0.106413 0.       0.       0.       0.       0.       0.       0.       0.       0.       0.       0.       0.       0.       0.       0.       0.       0.       0.       0.       0.       0.       0.       0.       0.01     0.       0.       0.      ],[0. 0. 0. 1. 0. 0. 0. 0. 0. 0. 0. 0. 0. 0. 0. 0. 0. 0. 0. 0. 0. 0. 0. 0. 0. 0. 0. 1. 0. 0. 0.],500,100,0.1,0.0005,1,13,iDR,16,random
417,0.00032048083971,0.00032048083971,0.0005038346949999999,[0.       0.       0.       0.106413 0.       0.       0.       0.       0.       0.       0.       0.       0.       0.       0.       0.       0.       0.       0.       0.       0.       0.       0.       0.       0.       0.       0.       0.01     0.       0.       0.      ],[0. 0. 0. 1. 0. 0. 0. 0. 0. 0. 0. 0. 0. 0. 0. 0. 0. 0. 0. 0. 0. 0. 0. 0. 0. 0. 0. 1. 0. 0. 0.],500,100,0.1,0.0005,1,13,iDR,16,random
418,0.00032048083971,0.00032048083971,0.0005038346949999999,[0.       0.       0.       0.106413 0.       0.       0.       0.       0.       0.       0.       0.       0.       0.       0.       0.       0.       0.       0.       0.       0.       0.       0.       0.       0.       0.       0.       0.01     0.       0.       0.      ],[0. 0. 0. 1. 0. 0. 0. 0. 0. 0. 0. 0. 0. 0. 0. 0. 0. 0. 0. 0. 0. 0. 0. 0. 0. 0. 0. 1. 0. 0. 0.],500,100,0.1,0.0005,1,13,iDR,16,random
419,0.00032048083971,0.00032048083971,0.0005038346949999999,[0.       0.       0.       0.106413 0.       0.       0.       0.       0.       0.       0.       0.       0.       0.       0.       0.       0.       0.       0.       0.       0.       0.       0.       0.       0.       0.       0.       0.01     0.       0.       0.      ],[0. 0. 0. 1. 0. 0. 0. 0. 0. 0. 0. 0. 0. 0. 0. 0. 0. 0. 0. 0. 0. 0. 0. 0. 0. 0. 0. 1. 0. 0. 0.],500,100,0.1,0.0005,1,13,iDR,16,random
420,0.00032048083971,0.00032048083971,0.0005038346949999999,[0.       0.       0.       0.106413 0.       0.       0.       0.       0.       0.       0.       0.       0.       0.       0.       0.       0.       0.       0.       0.       0.       0.       0.       0.       0.       0.       0.       0.01     0.       0.       0.      ],[0. 0. 0. 1. 0. 0. 0. 0. 0. 0. 0. 0. 0. 0. 0. 0. 0. 0. 0. 0. 0. 0. 0. 0. 0. 0. 0. 1. 0. 0. 0.],500,100,0.1,0.0005,1,13,iDR,16,random
421,0.00032048083971,0.00032048083971,0.0005038346949999999,[0.       0.       0.       0.106413 0.       0.       0.       0.       0.       0.       0.       0.       0.       0.       0.       0.       0.       0.       0.       0.       0.       0.       0.       0.       0.       0.       0.       0.01     0.       0.       0.      ],[0. 0. 0. 1. 0. 0. 0. 0. 0. 0. 0. 0. 0. 0. 0. 0. 0. 0. 0. 0. 0. 0. 0. 0. 0. 0. 0. 1. 0. 0. 0.],500,100,0.1,0.0005,1,13,iDR,16,random
422,0.00032048083971,0.00032048083971,0.0005038346949999999,[0.       0.       0.       0.106413 0.       0.       0.       0.       0.       0.       0.       0.       0.       0.       0.       0.       0.       0.       0.       0.       0.       0.       0.       0.       0.       0.       0.       0.01     0.       0.       0.      ],[0. 0. 0. 1. 0. 0. 0. 0. 0. 0. 0. 0. 0. 0. 0. 0. 0. 0. 0. 0. 0. 0. 0. 0. 0. 0. 0. 1. 0. 0. 0.],500,100,0.1,0.0005,1,13,iDR,16,random
423,0.00032048083971,0.00032048083971,0.0005038346949999999,[0.       0.       0.       0.106413 0.       0.       0.       0.       0.       0.       0.       0.       0.       0.       0.       0.       0.       0.       0.       0.       0.       0.       0.       0.       0.       0.       0.       0.01     0.       0.       0.      ],[0. 0. 0. 1. 0. 0. 0. 0. 0. 0. 0. 0. 0. 0. 0. 0. 0. 0. 0. 0. 0. 0. 0. 0. 0. 0. 0. 1. 0. 0. 0.],500,100,0.1,0.0005,1,13,iDR,16,random
424,0.00032048083971,0.00032048083971,0.0005038346949999999,[0.       0.       0.       0.106413 0.       0.       0.       0.       0.       0.       0.       0.       0.       0.       0.       0.       0.       0.       0.       0.       0.       0.       0.       0.       0.       0.       0.       0.01     0.       0.       0.      ],[0. 0. 0. 1. 0. 0. 0. 0. 0. 0. 0. 0. 0. 0. 0. 0. 0. 0. 0. 0. 0. 0. 0. 0. 0. 0. 0. 1. 0. 0. 0.],500,100,0.1,0.0005,1,13,iDR,16,random
425,0.00032048083971,0.00032048083971,0.0005038346949999999,[0.       0.       0.       0.106413 0.       0.       0.       0.       0.       0.       0.       0.       0.       0.       0.       0.       0.       0.       0.       0.       0.       0.       0.       0.       0.       0.       0.       0.01     0.       0.       0.      ],[0. 0. 0. 1. 0. 0. 0. 0. 0. 0. 0. 0. 0. 0. 0. 0. 0. 0. 0. 0. 0. 0. 0. 0. 0. 0. 0. 1. 0. 0. 0.],500,100,0.1,0.0005,1,13,iDR,16,random
426,0.00032048083971,0.00032048083971,0.0005038346949999999,[0.       0.       0.       0.106413 0.       0.       0.       0.       0.       0.       0.       0.       0.       0.       0.       0.       0.       0.       0.       0.       0.       0.       0.       0.       0.       0.       0.       0.01     0.       0.       0.      ],[0. 0. 0. 1. 0. 0. 0. 0. 0. 0. 0. 0. 0. 0. 0. 0. 0. 0. 0. 0. 0. 0. 0. 0. 0. 0. 0. 1. 0. 0. 0.],500,100,0.1,0.0005,1,13,iDR,16,random
427,0.00032048083971,0.00032048083971,0.0005038346949999999,[0.       0.       0.       0.106413 0.       0.       0.       0.       0.       0.       0.       0.       0.       0.       0.       0.       0.       0.       0.       0.       0.       0.       0.       0.       0.       0.       0.       0.01     0.       0.       0.      ],[0. 0. 0. 1. 0. 0. 0. 0. 0. 0. 0. 0. 0. 0. 0. 0. 0. 0. 0. 0. 0. 0. 0. 0. 0. 0. 0. 1. 0. 0. 0.],500,100,0.1,0.0005,1,13,iDR,16,random
428,0.00032048083971,0.00032048083971,0.0005038346949999999,[0.       0.       0.       0.106413 0.       0.       0.       0.       0.       0.       0.       0.       0.       0.       0.       0.       0.       0.       0.       0.       0.       0.       0.       0.       0.       0.       0.       0.01     0.       0.       0.      ],[0. 0. 0. 1. 0. 0. 0. 0. 0. 0. 0. 0. 0. 0. 0. 0. 0. 0. 0. 0. 0. 0. 0. 0. 0. 0. 0. 1. 0. 0. 0.],500,100,0.1,0.0005,1,13,iDR,16,random
429,0.00032048083971,0.00032048083971,0.0005038346949999999,[0.       0.       0.       0.106413 0.       0.       0.       0.       0.       0.       0.       0.       0.       0.       0.       0.       0.       0.       0.       0.       0.       0.       0.       0.       0.       0.       0.       0.01     0.       0.       0.      ],[0. 0. 0. 1. 0. 0. 0. 0. 0. 0. 0. 0. 0. 0. 0. 0. 0. 0. 0. 0. 0. 0. 0. 0. 0. 0. 0. 1. 0. 0. 0.],500,100,0.1,0.0005,1,13,iDR,16,random
430,0.00032048083971,0.00032048083971,0.0005038346949999999,[0.       0.       0.       0.106413 0.       0.       0.       0.       0.       0.       0.       0.       0.       0.       0.       0.       0.       0.       0.       0.       0.       0.       0.       0.       0.       0.       0.       0.01     0.       0.       0.      ],[0. 0. 0. 1. 0. 0. 0. 0. 0. 0. 0. 0. 0. 0. 0. 0. 0. 0. 0. 0. 0. 0. 0. 0. 0. 0. 0. 1. 0. 0. 0.],500,100,0.1,0.0005,1,13,iDR,16,random
431,0.00032048083971,0.00032048083971,0.0005038346949999999,[0.       0.       0.       0.106413 0.       0.       0.       0.       0.       0.       0.       0.       0.       0.       0.       0.       0.       0.       0.       0.       0.       0.       0.       0.       0.       0.       0.       0.01     0.       0.       0.      ],[0. 0. 0. 1. 0. 0. 0. 0. 0. 0. 0. 0. 0. 0. 0. 0. 0. 0. 0. 0. 0. 0. 0. 0. 0. 0. 0. 1. 0. 0. 0.],500,100,0.1,0.0005,1,13,iDR,16,random
432,0.00032048083971,0.00032048083971,0.0005038346949999999,[0.       0.       0.       0.106413 0.       0.       0.       0.       0.       0.       0.       0.       0.       0.       0.       0.       0.       0.       0.       0.       0.       0.       0.       0.       0.       0.       0.       0.01     0.       0.       0.      ],[0. 0. 0. 1. 0. 0. 0. 0. 0. 0. 0. 0. 0. 0. 0. 0. 0. 0. 0. 0. 0. 0. 0. 0. 0. 0. 0. 1. 0. 0. 0.],500,100,0.1,0.0005,1,13,iDR,16,random
433,0.00032048083971,0.00032048083971,0.0005038346949999999,[0.       0.       0.       0.106413 0.       0.       0.       0.       0.       0.       0.       0.       0.       0.       0.       0.       0.       0.       0.       0.       0.       0.       0.       0.       0.       0.       0.       0.01     0.       0.       0.      ],[0. 0. 0. 1. 0. 0. 0. 0. 0. 0. 0. 0. 0. 0. 0. 0. 0. 0. 0. 0. 0. 0. 0. 0. 0. 0. 0. 1. 0. 0. 0.],500,100,0.1,0.0005,1,13,iDR,16,random
434,0.00032048083971,0.00032048083971,0.0005038346949999999,[0.       0.       0.       0.106413 0.       0.       0.       0.       0.       0.       0.       0.       0.       0.       0.       0.       0.       0.       0.       0.       0.       0.       0.       0.       0.       0.       0.       0.01     0.       0.       0.      ],[0. 0. 0. 1. 0. 0. 0. 0. 0. 0. 0. 0. 0. 0. 0. 0. 0. 0. 0. 0. 0. 0. 0. 0. 0. 0. 0. 1. 0. 0. 0.],500,100,0.1,0.0005,1,13,iDR,16,random
435,0.00032048083971,0.00032048083971,0.0005038346949999999,[0.       0.       0.       0.106413 0.       0.       0.       0.       0.       0.       0.       0.       0.       0.       0.       0.       0.       0.       0.       0.       0.       0.       0.       0.       0.       0.       0.       0.01     0.       0.       0.      ],[0. 0. 0. 1. 0. 0. 0. 0. 0. 0. 0. 0. 0. 0. 0. 0. 0. 0. 0. 0. 0. 0. 0. 0. 0. 0. 0. 1. 0. 0. 0.],500,100,0.1,0.0005,1,13,iDR,16,random
436,0.00032048083971,0.00032048083971,0.0005038346949999999,[0.       0.       0.       0.106413 0.       0.       0.       0.       0.       0.       0.       0.       0.       0.       0.       0.       0.       0.       0.       0.       0.       0.       0.       0.       0.       0.       0.       0.01     0.       0.       0.      ],[0. 0. 0. 1. 0. 0. 0. 0. 0. 0. 0. 0. 0. 0. 0. 0. 0. 0. 0. 0. 0. 0. 0. 0. 0. 0. 0. 1. 0. 0. 0.],500,100,0.1,0.0005,1,13,iDR,16,random
437,0.00032048083971,0.00032048083971,0.0005038346949999999,[0.       0.       0.       0.106413 0.       0.       0.       0.       0.       0.       0.       0.       0.       0.       0.       0.       0.       0.       0.       0.       0.       0.       0.       0.       0.       0.       0.       0.01     0.       0.       0.      ],[0. 0. 0. 1. 0. 0. 0. 0. 0. 0. 0. 0. 0. 0. 0. 0. 0. 0. 0. 0. 0. 0. 0. 0. 0. 0. 0. 1. 0. 0. 0.],500,100,0.1,0.0005,1,13,iDR,16,random
438,0.00032048083971,0.00032048083971,0.0005038346949999999,[0.       0.       0.       0.106413 0.       0.       0.       0.       0.       0.       0.       0.       0.       0.       0.       0.       0.       0.       0.       0.       0.       0.       0.       0.       0.       0.       0.       0.01     0.       0.       0.      ],[0. 0. 0. 1. 0. 0. 0. 0. 0. 0. 0. 0. 0. 0. 0. 0. 0. 0. 0. 0. 0. 0. 0. 0. 0. 0. 0. 1. 0. 0. 0.],500,100,0.1,0.0005,1,13,iDR,16,random
439,0.00032048083971,0.00032048083971,0.0005038346949999999,[0.       0.       0.       0.106413 0.       0.       0.       0.       0.       0.       0.       0.       0.       0.       0.       0.       0.       0.       0.       0.       0.       0.       0.       0.       0.       0.       0.       0.01     0.       0.       0.      ],[0. 0. 0. 1. 0. 0. 0. 0. 0. 0. 0. 0. 0. 0. 0. 0. 0. 0. 0. 0. 0. 0. 0. 0. 0. 0. 0. 1. 0. 0. 0.],500,100,0.1,0.0005,1,13,iDR,16,random
440,0.00032048083971,0.00032048083971,0.0005038346949999999,[0.       0.       0.       0.106413 0.       0.       0.       0.       0.       0.       0.       0.       0.       0.       0.       0.       0.       0.       0.       0.       0.       0.       0.       0.       0.       0.       0.       0.01     0.       0.       0.      ],[0. 0. 0. 1. 0. 0. 0. 0. 0. 0. 0. 0. 0. 0. 0. 0. 0. 0. 0. 0. 0. 0. 0. 0. 0. 0. 0. 1. 0. 0. 0.],500,100,0.1,0.0005,1,13,iDR,16,random
441,0.00032048083971,0.00032048083971,0.0005038346949999999,[0.       0.       0.       0.106413 0.       0.       0.       0.       0.       0.       0.       0.       0.       0.       0.       0.       0.       0.       0.       0.       0.       0.       0.       0.       0.       0.       0.       0.01     0.       0.       0.      ],[0. 0. 0. 1. 0. 0. 0. 0. 0. 0. 0. 0. 0. 0. 0. 0. 0. 0. 0. 0. 0. 0. 0. 0. 0. 0. 0. 1. 0. 0. 0.],500,100,0.1,0.0005,1,13,iDR,16,random
442,0.00032048083971,0.00032048083971,0.0005038346949999999,[0.       0.       0.       0.106413 0.       0.       0.       0.       0.       0.       0.       0.       0.       0.       0.       0.       0.       0.       0.       0.       0.       0.       0.       0.       0.       0.       0.       0.01     0.       0.       0.      ],[0. 0. 0. 1. 0. 0. 0. 0. 0. 0. 0. 0. 0. 0. 0. 0. 0. 0. 0. 0. 0. 0. 0. 0. 0. 0. 0. 1. 0. 0. 0.],500,100,0.1,0.0005,1,13,iDR,16,random
443,0.00032048083971,0.00032048083971,0.0005038346949999999,[0.       0.       0.       0.106413 0.       0.       0.       0.       0.       0.       0.       0.       0.       0.       0.       0.       0.       0.       0.       0.       0.       0.       0.       0.       0.       0.       0.       0.01     0.       0.       0.      ],[0. 0. 0. 1. 0. 0. 0. 0. 0. 0. 0. 0. 0. 0. 0. 0. 0. 0. 0. 0. 0. 0. 0. 0. 0. 0. 0. 1. 0. 0. 0.],500,100,0.1,0.0005,1,13,iDR,16,random
444,0.00032048083971,0.00032048083971,0.0005038346949999999,[0.       0.       0.       0.106413 0.       0.       0.       0.       0.       0.       0.       0.       0.       0.       0.       0.       0.       0.       0.       0.       0.       0.       0.       0.       0.       0.       0.       0.01     0.       0.       0.      ],[0. 0. 0. 1. 0. 0. 0. 0. 0. 0. 0. 0. 0. 0. 0. 0. 0. 0. 0. 0. 0. 0. 0. 0. 0. 0. 0. 1. 0. 0. 0.],500,100,0.1,0.0005,1,13,iDR,16,random
445,0.00032048083971,0.00032048083971,0.0005038346949999999,[0.       0.       0.       0.106413 0.       0.       0.       0.       0.       0.       0.       0.       0.       0.       0.       0.       0.       0.       0.       0.       0.       0.       0.       0.       0.       0.       0.       0.01     0.       0.       0.      ],[0. 0. 0. 1. 0. 0. 0. 0. 0. 0. 0. 0. 0. 0. 0. 0. 0. 0. 0. 0. 0. 0. 0. 0. 0. 0. 0. 1. 0. 0. 0.],500,100,0.1,0.0005,1,13,iDR,16,random
446,0.00032048083971,0.00032048083971,0.0005038346949999999,[0.       0.       0.       0.106413 0.       0.       0.       0.       0.       0.       0.       0.       0.       0.       0.       0.       0.       0.       0.       0.       0.       0.       0.       0.       0.       0.       0.       0.01     0.       0.       0.      ],[0. 0. 0. 1. 0. 0. 0. 0. 0. 0. 0. 0. 0. 0. 0. 0. 0. 0. 0. 0. 0. 0. 0. 0. 0. 0. 0. 1. 0. 0. 0.],500,100,0.1,0.0005,1,13,iDR,16,random
447,0.00032048083971,0.00032048083971,0.0005038346949999999,[0.       0.       0.       0.106413 0.       0.       0.       0.       0.       0.       0.       0.       0.       0.       0.       0.       0.       0.       0.       0.       0.       0.       0.       0.       0.       0.       0.       0.01     0.       0.       0.      ],[0. 0. 0. 1. 0. 0. 0. 0. 0. 0. 0. 0. 0. 0. 0. 0. 0. 0. 0. 0. 0. 0. 0. 0. 0. 0. 0. 1. 0. 0. 0.],500,100,0.1,0.0005,1,13,iDR,16,random
448,0.00032048083971,0.00032048083971,0.0005038346949999999,[0.       0.       0.       0.106413 0.       0.       0.       0.       0.       0.       0.       0.       0.       0.       0.       0.       0.       0.       0.       0.       0.       0.       0.       0.       0.       0.       0.       0.01     0.       0.       0.      ],[0. 0. 0. 1. 0. 0. 0. 0. 0. 0. 0. 0. 0. 0. 0. 0. 0. 0. 0. 0. 0. 0. 0. 0. 0. 0. 0. 1. 0. 0. 0.],500,100,0.1,0.0005,1,13,iDR,16,random
449,0.00032048083971,0.00032048083971,0.0005038346949999999,[0.       0.       0.       0.106413 0.       0.       0.       0.       0.       0.       0.       0.       0.       0.       0.       0.       0.       0.       0.       0.       0.       0.       0.       0.       0.       0.       0.       0.01     0.       0.       0.      ],[0. 0. 0. 1. 0. 0. 0. 0. 0. 0. 0. 0. 0. 0. 0. 0. 0. 0. 0. 0. 0. 0. 0. 0. 0. 0. 0. 1. 0. 0. 0.],500,100,0.1,0.0005,1,13,iDR,16,random
450,0.00032048083971,0.00032048083971,0.0005038346949999999,[0.       0.       0.       0.106413 0.       0.       0.       0.       0.       0.       0.       0.       0.       0.       0.       0.       0.       0.       0.       0.       0.       0.       0.       0.       0.       0.       0.       0.01     0.       0.       0.      ],[0. 0. 0. 1. 0. 0. 0. 0. 0. 0. 0. 0. 0. 0. 0. 0. 0. 0. 0. 0. 0. 0. 0. 0. 0. 0. 0. 1. 0. 0. 0.],500,100,0.1,0.0005,1,13,iDR,16,random
451,0.00032048083971,0.00032048083971,0.0005038346949999999,[0.       0.       0.       0.106413 0.       0.       0.       0.       0.       0.       0.       0.       0.       0.       0.       0.       0.       0.       0.       0.       0.       0.       0.       0.       0.       0.       0.       0.01     0.       0.       0.      ],[0. 0. 0. 1. 0. 0. 0. 0. 0. 0. 0. 0. 0. 0. 0. 0. 0. 0. 0. 0. 0. 0. 0. 0. 0. 0. 0. 1. 0. 0. 0.],500,100,0.1,0.0005,1,13,iDR,16,random
452,0.00032048083971,0.00032048083971,0.0005038346949999999,[0.       0.       0.       0.106413 0.       0.       0.       0.       0.       0.       0.       0.       0.       0.       0.       0.       0.       0.       0.       0.       0.       0.       0.       0.       0.       0.       0.       0.01     0.       0.       0.      ],[0. 0. 0. 1. 0. 0. 0. 0. 0. 0. 0. 0. 0. 0. 0. 0. 0. 0. 0. 0. 0. 0. 0. 0. 0. 0. 0. 1. 0. 0. 0.],500,100,0.1,0.0005,1,13,iDR,16,random
453,0.00032048083971,0.00032048083971,0.0005038346949999999,[0.       0.       0.       0.106413 0.       0.       0.       0.       0.       0.       0.       0.       0.       0.       0.       0.       0.       0.       0.       0.       0.       0.       0.       0.       0.       0.       0.       0.01     0.       0.       0.      ],[0. 0. 0. 1. 0. 0. 0. 0. 0. 0. 0. 0. 0. 0. 0. 0. 0. 0. 0. 0. 0. 0. 0. 0. 0. 0. 0. 1. 0. 0. 0.],500,100,0.1,0.0005,1,13,iDR,16,random
454,0.00032048083971,0.00032048083971,0.0005038346949999999,[0.       0.       0.       0.106413 0.       0.       0.       0.       0.       0.       0.       0.       0.       0.       0.       0.       0.       0.       0.       0.       0.       0.       0.       0.       0.       0.       0.       0.01     0.       0.       0.      ],[0. 0. 0. 1. 0. 0. 0. 0. 0. 0. 0. 0. 0. 0. 0. 0. 0. 0. 0. 0. 0. 0. 0. 0. 0. 0. 0. 1. 0. 0. 0.],500,100,0.1,0.0005,1,13,iDR,16,random
455,0.00032048083971,0.00032048083971,0.0005038346949999999,[0.       0.       0.       0.106413 0.       0.       0.       0.       0.       0.       0.       0.       0.       0.       0.       0.       0.       0.       0.       0.       0.       0.       0.       0.       0.       0.       0.       0.01     0.       0.       0.      ],[0. 0. 0. 1. 0. 0. 0. 0. 0. 0. 0. 0. 0. 0. 0. 0. 0. 0. 0. 0. 0. 0. 0. 0. 0. 0. 0. 1. 0. 0. 0.],500,100,0.1,0.0005,1,13,iDR,16,random
456,0.00032048083971,0.00032048083971,0.0005038346949999999,[0.       0.       0.       0.106413 0.       0.       0.       0.       0.       0.       0.       0.       0.       0.       0.       0.       0.       0.       0.       0.       0.       0.       0.       0.       0.       0.       0.       0.01     0.       0.       0.      ],[0. 0. 0. 1. 0. 0. 0. 0. 0. 0. 0. 0. 0. 0. 0. 0. 0. 0. 0. 0. 0. 0. 0. 0. 0. 0. 0. 1. 0. 0. 0.],500,100,0.1,0.0005,1,13,iDR,16,random
457,0.00032048083971,0.00032048083971,0.0005038346949999999,[0.       0.       0.       0.106413 0.       0.       0.       0.       0.       0.       0.       0.       0.       0.       0.       0.       0.       0.       0.       0.       0.       0.       0.       0.       0.       0.       0.       0.01     0.       0.       0.      ],[0. 0. 0. 1. 0. 0. 0. 0. 0. 0. 0. 0. 0. 0. 0. 0. 0. 0. 0. 0. 0. 0. 0. 0. 0. 0. 0. 1. 0. 0. 0.],500,100,0.1,0.0005,1,13,iDR,16,random
458,0.00032048083971,0.00032048083971,0.0005038346949999999,[0.       0.       0.       0.106413 0.       0.       0.       0.       0.       0.       0.       0.       0.       0.       0.       0.       0.       0.       0.       0.       0.       0.       0.       0.       0.       0.       0.       0.01     0.       0.       0.      ],[0. 0. 0. 1. 0. 0. 0. 0. 0. 0. 0. 0. 0. 0. 0. 0. 0. 0. 0. 0. 0. 0. 0. 0. 0. 0. 0. 1. 0. 0. 0.],500,100,0.1,0.0005,1,13,iDR,16,random
459,0.00032048083971,0.00032048083971,0.0005038346949999999,[0.       0.       0.       0.106413 0.       0.       0.       0.       0.       0.       0.       0.       0.       0.       0.       0.       0.       0.       0.       0.       0.       0.       0.       0.       0.       0.       0.       0.01     0.       0.       0.      ],[0. 0. 0. 1. 0. 0. 0. 0. 0. 0. 0. 0. 0. 0. 0. 0. 0. 0. 0. 0. 0. 0. 0. 0. 0. 0. 0. 1. 0. 0. 0.],500,100,0.1,0.0005,1,13,iDR,16,random
460,0.00032048083971,0.00032048083971,0.0005038346949999999,[0.       0.       0.       0.106413 0.       0.       0.       0.       0.       0.       0.       0.       0.       0.       0.       0.       0.       0.       0.       0.       0.       0.       0.       0.       0.       0.       0.       0.01     0.       0.       0.      ],[0. 0. 0. 1. 0. 0. 0. 0. 0. 0. 0. 0. 0. 0. 0. 0. 0. 0. 0. 0. 0. 0. 0. 0. 0. 0. 0. 1. 0. 0. 0.],500,100,0.1,0.0005,1,13,iDR,16,random
461,0.00032048083971,0.00032048083971,0.0005038346949999999,[0.       0.       0.       0.106413 0.       0.       0.       0.       0.       0.       0.       0.       0.       0.       0.       0.       0.       0.       0.       0.       0.       0.       0.       0.       0.       0.       0.       0.01     0.       0.       0.      ],[0. 0. 0. 1. 0. 0. 0. 0. 0. 0. 0. 0. 0. 0. 0. 0. 0. 0. 0. 0. 0. 0. 0. 0. 0. 0. 0. 1. 0. 0. 0.],500,100,0.1,0.0005,1,13,iDR,16,random
462,0.00032048083971,0.00032048083971,0.0005038346949999999,[0.       0.       0.       0.106413 0.       0.       0.       0.       0.       0.       0.       0.       0.       0.       0.       0.       0.       0.       0.       0.       0.       0.       0.       0.       0.       0.       0.       0.01     0.       0.       0.      ],[0. 0. 0. 1. 0. 0. 0. 0. 0. 0. 0. 0. 0. 0. 0. 0. 0. 0. 0. 0. 0. 0. 0. 0. 0. 0. 0. 1. 0. 0. 0.],500,100,0.1,0.0005,1,13,iDR,16,random
463,0.00032048083971,0.00032048083971,0.0005038346949999999,[0.       0.       0.       0.106413 0.       0.       0.       0.       0.       0.       0.       0.       0.       0.       0.       0.       0.       0.       0.       0.       0.       0.       0.       0.       0.       0.       0.       0.01     0.       0.       0.      ],[0. 0. 0. 1. 0. 0. 0. 0. 0. 0. 0. 0. 0. 0. 0. 0. 0. 0. 0. 0. 0. 0. 0. 0. 0. 0. 0. 1. 0. 0. 0.],500,100,0.1,0.0005,1,13,iDR,16,random
464,0.00032048083971,0.00032048083971,0.0005038346949999999,[0.       0.       0.       0.106413 0.       0.       0.       0.       0.       0.       0.       0.       0.       0.       0.       0.       0.       0.       0.       0.       0.       0.       0.       0.       0.       0.       0.       0.01     0.       0.       0.      ],[0. 0. 0. 1. 0. 0. 0. 0. 0. 0. 0. 0. 0. 0. 0. 0. 0. 0. 0. 0. 0. 0. 0. 0. 0. 0. 0. 1. 0. 0. 0.],500,100,0.1,0.0005,1,13,iDR,16,random
465,0.00032048083971,0.00032048083971,0.0005038346949999999,[0.       0.       0.       0.106413 0.       0.       0.       0.       0.       0.       0.       0.       0.       0.       0.       0.       0.       0.       0.       0.       0.       0.       0.       0.       0.       0.       0.       0.01     0.       0.       0.      ],[0. 0. 0. 1. 0. 0. 0. 0. 0. 0. 0. 0. 0. 0. 0. 0. 0. 0. 0. 0. 0. 0. 0. 0. 0. 0. 0. 1. 0. 0. 0.],500,100,0.1,0.0005,1,13,iDR,16,random
466,0.00032048083971,0.00032048083971,0.0005038346949999999,[0.       0.       0.       0.106413 0.       0.       0.       0.       0.       0.       0.       0.       0.       0.       0.       0.       0.       0.       0.       0.       0.       0.       0.       0.       0.       0.       0.       0.01     0.       0.       0.      ],[0. 0. 0. 1. 0. 0. 0. 0. 0. 0. 0. 0. 0. 0. 0. 0. 0. 0. 0. 0. 0. 0. 0. 0. 0. 0. 0. 1. 0. 0. 0.],500,100,0.1,0.0005,1,13,iDR,16,random
467,0.00032048083971,0.00032048083971,0.0005038346949999999,[0.       0.       0.       0.106413 0.       0.       0.       0.       0.       0.       0.       0.       0.       0.       0.       0.       0.       0.       0.       0.       0.       0.       0.       0.       0.       0.       0.       0.01     0.       0.       0.      ],[0. 0. 0. 1. 0. 0. 0. 0. 0. 0. 0. 0. 0. 0. 0. 0. 0. 0. 0. 0. 0. 0. 0. 0. 0. 0. 0. 1. 0. 0. 0.],500,100,0.1,0.0005,1,13,iDR,16,random
468,0.00032048083971,0.00032048083971,0.0005038346949999999,[0.       0.       0.       0.106413 0.       0.       0.       0.       0.       0.       0.       0.       0.       0.       0.       0.       0.       0.       0.       0.       0.       0.       0.       0.       0.       0.       0.       0.01     0.       0.       0.      ],[0. 0. 0. 1. 0. 0. 0. 0. 0. 0. 0. 0. 0. 0. 0. 0. 0. 0. 0. 0. 0. 0. 0. 0. 0. 0. 0. 1. 0. 0. 0.],500,100,0.1,0.0005,1,13,iDR,16,random
469,0.00032048083971,0.00032048083971,0.0005038346949999999,[0.       0.       0.       0.106413 0.       0.       0.       0.       0.       0.       0.       0.       0.       0.       0.       0.       0.       0.       0.       0.       0.       0.       0.       0.       0.       0.       0.       0.01     0.       0.       0.      ],[0. 0. 0. 1. 0. 0. 0. 0. 0. 0. 0. 0. 0. 0. 0. 0. 0. 0. 0. 0. 0. 0. 0. 0. 0. 0. 0. 1. 0. 0. 0.],500,100,0.1,0.0005,1,13,iDR,16,random
470,0.00032048083971,0.00032048083971,0.0005038346949999999,[0.       0.       0.       0.106413 0.       0.       0.       0.       0.       0.       0.       0.       0.       0.       0.       0.       0.       0.       0.       0.       0.       0.       0.       0.       0.       0.       0.       0.01     0.       0.       0.      ],[0. 0. 0. 1. 0. 0. 0. 0. 0. 0. 0. 0. 0. 0. 0. 0. 0. 0. 0. 0. 0. 0. 0. 0. 0. 0. 0. 1. 0. 0. 0.],500,100,0.1,0.0005,1,13,iDR,16,random
471,0.00032048083971,0.00032048083971,0.0005038346949999999,[0.       0.       0.       0.106413 0.       0.       0.       0.       0.       0.       0.       0.       0.       0.       0.       0.       0.       0.       0.       0.       0.       0.       0.       0.       0.       0.       0.       0.01     0.       0.       0.      ],[0. 0. 0. 1. 0. 0. 0. 0. 0. 0. 0. 0. 0. 0. 0. 0. 0. 0. 0. 0. 0. 0. 0. 0. 0. 0. 0. 1. 0. 0. 0.],500,100,0.1,0.0005,1,13,iDR,16,random
472,0.00032048083971,0.00032048083971,0.0005038346949999999,[0.       0.       0.       0.106413 0.       0.       0.       0.       0.       0.       0.       0.       0.       0.       0.       0.       0.       0.       0.       0.       0.       0.       0.       0.       0.       0.       0.       0.01     0.       0.       0.      ],[0. 0. 0. 1. 0. 0. 0. 0. 0. 0. 0. 0. 0. 0. 0. 0. 0. 0. 0. 0. 0. 0. 0. 0. 0. 0. 0. 1. 0. 0. 0.],500,100,0.1,0.0005,1,13,iDR,16,random
473,0.00032048083971,0.00032048083971,0.0005038346949999999,[0.       0.       0.       0.106413 0.       0.       0.       0.       0.       0.       0.       0.       0.       0.       0.       0.       0.       0.       0.       0.       0.       0.       0.       0.       0.       0.       0.       0.01     0.       0.       0.      ],[0. 0. 0. 1. 0. 0. 0. 0. 0. 0. 0. 0. 0. 0. 0. 0. 0. 0. 0. 0. 0. 0. 0. 0. 0. 0. 0. 1. 0. 0. 0.],500,100,0.1,0.0005,1,13,iDR,16,random
474,0.00032048083971,0.00032048083971,0.0005038346949999999,[0.       0.       0.       0.106413 0.       0.       0.       0.       0.       0.       0.       0.       0.       0.       0.       0.       0.       0.       0.       0.       0.       0.       0.       0.       0.       0.       0.       0.01     0.       0.       0.      ],[0. 0. 0. 1. 0. 0. 0. 0. 0. 0. 0. 0. 0. 0. 0. 0. 0. 0. 0. 0. 0. 0. 0. 0. 0. 0. 0. 1. 0. 0. 0.],500,100,0.1,0.0005,1,13,iDR,16,random
475,0.00032048083971,0.00032048083971,0.0005038346949999999,[0.       0.       0.       0.106413 0.       0.       0.       0.       0.       0.       0.       0.       0.       0.       0.       0.       0.       0.       0.       0.       0.       0.       0.       0.       0.       0.       0.       0.01     0.       0.       0.      ],[0. 0. 0. 1. 0. 0. 0. 0. 0. 0. 0. 0. 0. 0. 0. 0. 0. 0. 0. 0. 0. 0. 0. 0. 0. 0. 0. 1. 0. 0. 0.],500,100,0.1,0.0005,1,13,iDR,16,random
476,0.00032048083971,0.00032048083971,0.0005038346949999999,[0.       0.       0.       0.106413 0.       0.       0.       0.       0.       0.       0.       0.       0.       0.       0.       0.       0.       0.       0.       0.       0.       0.       0.       0.       0.       0.       0.       0.01     0.       0.       0.      ],[0. 0. 0. 1. 0. 0. 0. 0. 0. 0. 0. 0. 0. 0. 0. 0. 0. 0. 0. 0. 0. 0. 0. 0. 0. 0. 0. 1. 0. 0. 0.],500,100,0.1,0.0005,1,13,iDR,16,random
477,0.00032048083971,0.00032048083971,0.0005038346949999999,[0.       0.       0.       0.106413 0.       0.       0.       0.       0.       0.       0.       0.       0.       0.       0.       0.       0.       0.       0.       0.       0.       0.       0.       0.       0.       0.       0.       0.01     0.       0.       0.      ],[0. 0. 0. 1. 0. 0. 0. 0. 0. 0. 0. 0. 0. 0. 0. 0. 0. 0. 0. 0. 0. 0. 0. 0. 0. 0. 0. 1. 0. 0. 0.],500,100,0.1,0.0005,1,13,iDR,16,random
478,0.00032048083971,0.00032048083971,0.0005038346949999999,[0.       0.       0.       0.106413 0.       0.       0.       0.       0.       0.       0.       0.       0.       0.       0.       0.       0.       0.       0.       0.       0.       0.       0.       0.       0.       0.       0.       0.01     0.       0.       0.      ],[0. 0. 0. 1. 0. 0. 0. 0. 0. 0. 0. 0. 0. 0. 0. 0. 0. 0. 0. 0. 0. 0. 0. 0. 0. 0. 0. 1. 0. 0. 0.],500,100,0.1,0.0005,1,13,iDR,16,random
479,0.00032048083971,0.00032048083971,0.0005038346949999999,[0.       0.       0.       0.106413 0.       0.       0.       0.       0.       0.       0.       0.       0.       0.       0.       0.       0.       0.       0.       0.       0.       0.       0.       0.       0.       0.       0.       0.01     0.       0.       0.      ],[0. 0. 0. 1. 0. 0. 0. 0. 0. 0. 0. 0. 0. 0. 0. 0. 0. 0. 0. 0. 0. 0. 0. 0. 0. 0. 0. 1. 0. 0. 0.],500,100,0.1,0.0005,1,13,iDR,16,random
480,0.00032048083971,0.00032048083971,0.0005038346949999999,[0.       0.       0.       0.106413 0.       0.       0.       0.       0.       0.       0.       0.       0.       0.       0.       0.       0.       0.       0.       0.       0.       0.       0.       0.       0.       0.       0.       0.01     0.       0.       0.      ],[0. 0. 0. 1. 0. 0. 0. 0. 0. 0. 0. 0. 0. 0. 0. 0. 0. 0. 0. 0. 0. 0. 0. 0. 0. 0. 0. 1. 0. 0. 0.],500,100,0.1,0.0005,1,13,iDR,16,random
481,0.00032048083971,0.00032048083971,0.0005038346949999999,[0.       0.       0.       0.106413 0.       0.       0.       0.       0.       0.       0.       0.       0.       0.       0.       0.       0.       0.       0.       0.       0.       0.       0.       0.       0.       0.       0.       0.01     0.       0.       0.      ],[0. 0. 0. 1. 0. 0. 0. 0. 0. 0. 0. 0. 0. 0. 0. 0. 0. 0. 0. 0. 0. 0. 0. 0. 0. 0. 0. 1. 0. 0. 0.],500,100,0.1,0.0005,1,13,iDR,16,random
482,0.00032048083971,0.00032048083971,0.0005038346949999999,[0.       0.       0.       0.106413 0.       0.       0.       0.       0.       0.       0.       0.       0.       0.       0.       0.       0.       0.       0.       0.       0.       0.       0.       0.       0.       0.       0.       0.01     0.       0.       0.      ],[0. 0. 0. 1. 0. 0. 0. 0. 0. 0. 0. 0. 0. 0. 0. 0. 0. 0. 0. 0. 0. 0. 0. 0. 0. 0. 0. 1. 0. 0. 0.],500,100,0.1,0.0005,1,13,iDR,16,random
483,0.00032048083971,0.00032048083971,0.0005038346949999999,[0.       0.       0.       0.106413 0.       0.       0.       0.       0.       0.       0.       0.       0.       0.       0.       0.       0.       0.       0.       0.       0.       0.       0.       0.       0.       0.       0.       0.01     0.       0.       0.      ],[0. 0. 0. 1. 0. 0. 0. 0. 0. 0. 0. 0. 0. 0. 0. 0. 0. 0. 0. 0. 0. 0. 0. 0. 0. 0. 0. 1. 0. 0. 0.],500,100,0.1,0.0005,1,13,iDR,16,random
484,0.00032048083971,0.00032048083971,0.0005038346949999999,[0.       0.       0.       0.106413 0.       0.       0.       0.       0.       0.       0.       0.       0.       0.       0.       0.       0.       0.       0.       0.       0.       0.       0.       0.       0.       0.       0.       0.01     0.       0.       0.      ],[0. 0. 0. 1. 0. 0. 0. 0. 0. 0. 0. 0. 0. 0. 0. 0. 0. 0. 0. 0. 0. 0. 0. 0. 0. 0. 0. 1. 0. 0. 0.],500,100,0.1,0.0005,1,13,iDR,16,random
485,0.00032048083971,0.00032048083971,0.0005038346949999999,[0.       0.       0.       0.106413 0.       0.       0.       0.       0.       0.       0.       0.       0.       0.       0.       0.       0.       0.       0.       0.       0.       0.       0.       0.       0.       0.       0.       0.01     0.       0.       0.      ],[0. 0. 0. 1. 0. 0. 0. 0. 0. 0. 0. 0. 0. 0. 0. 0. 0. 0. 0. 0. 0. 0. 0. 0. 0. 0. 0. 1. 0. 0. 0.],500,100,0.1,0.0005,1,13,iDR,16,random
486,0.00032048083971,0.00032048083971,0.0005038346949999999,[0.       0.       0.       0.106413 0.       0.       0.       0.       0.       0.       0.       0.       0.       0.       0.       0.       0.       0.       0.       0.       0.       0.       0.       0.       0.       0.       0.       0.01     0.       0.       0.      ],[0. 0. 0. 1. 0. 0. 0. 0. 0. 0. 0. 0. 0. 0. 0. 0. 0. 0. 0. 0. 0. 0. 0. 0. 0. 0. 0. 1. 0. 0. 0.],500,100,0.1,0.0005,1,13,iDR,16,random
487,0.00032048083971,0.00032048083971,0.0005038346949999999,[0.       0.       0.       0.106413 0.       0.       0.       0.       0.       0.       0.       0.       0.       0.       0.       0.       0.       0.       0.       0.       0.       0.       0.       0.       0.       0.       0.       0.01     0.       0.       0.      ],[0. 0. 0. 1. 0. 0. 0. 0. 0. 0. 0. 0. 0. 0. 0. 0. 0. 0. 0. 0. 0. 0. 0. 0. 0. 0. 0. 1. 0. 0. 0.],500,100,0.1,0.0005,1,13,iDR,16,random
488,0.00032048083971,0.00032048083971,0.0005038346949999999,[0.       0.       0.       0.106413 0.       0.       0.       0.       0.       0.       0.       0.       0.       0.       0.       0.       0.       0.       0.       0.       0.       0.       0.       0.       0.       0.       0.       0.01     0.       0.       0.      ],[0. 0. 0. 1. 0. 0. 0. 0. 0. 0. 0. 0. 0. 0. 0. 0. 0. 0. 0. 0. 0. 0. 0. 0. 0. 0. 0. 1. 0. 0. 0.],500,100,0.1,0.0005,1,13,iDR,16,random
489,0.00032048083971,0.00032048083971,0.0005038346949999999,[0.       0.       0.       0.106413 0.       0.       0.       0.       0.       0.       0.       0.       0.       0.       0.       0.       0.       0.       0.       0.       0.       0.       0.       0.       0.       0.       0.       0.01     0.       0.       0.      ],[0. 0. 0. 1. 0. 0. 0. 0. 0. 0. 0. 0. 0. 0. 0. 0. 0. 0. 0. 0. 0. 0. 0. 0. 0. 0. 0. 1. 0. 0. 0.],500,100,0.1,0.0005,1,13,iDR,16,random
490,0.00032048083971,0.00032048083971,0.0005038346949999999,[0.       0.       0.       0.106413 0.       0.       0.       0.       0.       0.       0.       0.       0.       0.       0.       0.       0.       0.       0.       0.       0.       0.       0.       0.       0.       0.       0.       0.01     0.       0.       0.      ],[0. 0. 0. 1. 0. 0. 0. 0. 0. 0. 0. 0. 0. 0. 0. 0. 0. 0. 0. 0. 0. 0. 0. 0. 0. 0. 0. 1. 0. 0. 0.],500,100,0.1,0.0005,1,13,iDR,16,random
491,0.00032048083971,0.00032048083971,0.0005038346949999999,[0.       0.       0.       0.106413 0.       0.       0.       0.       0.       0.       0.       0.       0.       0.       0.       0.       0.       0.       0.       0.       0.       0.       0.       0.       0.       0.       0.       0.01     0.       0.       0.      ],[0. 0. 0. 1. 0. 0. 0. 0. 0. 0. 0. 0. 0. 0. 0. 0. 0. 0. 0. 0. 0. 0. 0. 0. 0. 0. 0. 1. 0. 0. 0.],500,100,0.1,0.0005,1,13,iDR,16,random
492,0.00032048083971,0.00032048083971,0.0005038346949999999,[0.       0.       0.       0.106413 0.       0.       0.       0.       0.       0.       0.       0.       0.       0.       0.       0.       0.       0.       0.       0.       0.       0.       0.       0.       0.       0.       0.       0.01     0.       0.       0.      ],[0. 0. 0. 1. 0. 0. 0. 0. 0. 0. 0. 0. 0. 0. 0. 0. 0. 0. 0. 0. 0. 0. 0. 0. 0. 0. 0. 1. 0. 0. 0.],500,100,0.1,0.0005,1,13,iDR,16,random
493,0.00032048083971,0.00032048083971,0.0005038346949999999,[0.       0.       0.       0.106413 0.       0.       0.       0.       0.       0.       0.       0.       0.       0.       0.       0.       0.       0.       0.       0.       0.       0.       0.       0.       0.       0.       0.       0.01     0.       0.       0.      ],[0. 0. 0. 1. 0. 0. 0. 0. 0. 0. 0. 0. 0. 0. 0. 0. 0. 0. 0. 0. 0. 0. 0. 0. 0. 0. 0. 1. 0. 0. 0.],500,100,0.1,0.0005,1,13,iDR,16,random
494,0.00032048083971,0.00032048083971,0.0005038346949999999,[0.       0.       0.       0.106413 0.       0.       0.       0.       0.       0.       0.       0.       0.       0.       0.       0.       0.       0.       0.       0.       0.       0.       0.       0.       0.       0.       0.       0.01     0.       0.       0.      ],[0. 0. 0. 1. 0. 0. 0. 0. 0. 0. 0. 0. 0. 0. 0. 0. 0. 0. 0. 0. 0. 0. 0. 0. 0. 0. 0. 1. 0. 0. 0.],500,100,0.1,0.0005,1,13,iDR,16,random
495,0.00032048083971,0.00032048083971,0.0005038346949999999,[0.       0.       0.       0.106413 0.       0.       0.       0.       0.       0.       0.       0.       0.       0.       0.       0.       0.       0.       0.       0.       0.       0.       0.       0.       0.       0.       0.       0.01     0.       0.       0.      ],[0. 0. 0. 1. 0. 0. 0. 0. 0. 0. 0. 0. 0. 0. 0. 0. 0. 0. 0. 0. 0. 0. 0. 0. 0. 0. 0. 1. 0. 0. 0.],500,100,0.1,0.0005,1,13,iDR,16,random
496,0.00032048083971,0.00032048083971,0.0005038346949999999,[0.       0.       0.       0.106413 0.       0.       0.       0.       0.       0.       0.       0.       0.       0.       0.       0.       0.       0.       0.       0.       0.       0.       0.       0.       0.       0.       0.       0.01     0.       0.       0.      ],[0. 0. 0. 1. 0. 0. 0. 0. 0. 0. 0. 0. 0. 0. 0. 0. 0. 0. 0. 0. 0. 0. 0. 0. 0. 0. 0. 1. 0. 0. 0.],500,100,0.1,0.0005,1,13,iDR,16,random
497,0.00032048083971,0.00032048083971,0.0005038346949999999,[0.       0.       0.       0.106413 0.       0.       0.       0.       0.       0.       0.       0.       0.       0.       0.       0.       0.       0.       0.       0.       0.       0.       0.       0.       0.       0.       0.       0.01     0.       0.       0.      ],[0. 0. 0. 1. 0. 0. 0. 0. 0. 0. 0. 0. 0. 0. 0. 0. 0. 0. 0. 0. 0. 0. 0. 0. 0. 0. 0. 1. 0. 0. 0.],500,100,0.1,0.0005,1,13,iDR,16,random
498,0.00032048083971,0.00032048083971,0.0005038346949999999,[0.       0.       0.       0.106413 0.       0.       0.       0.       0.       0.       0.       0.       0.       0.       0.       0.       0.       0.       0.       0.       0.       0.       0.       0.       0.       0.       0.       0.01     0.       0.       0.      ],[0. 0. 0. 1. 0. 0. 0. 0. 0. 0. 0. 0. 0. 0. 0. 0. 0. 0. 0. 0. 0. 0. 0. 0. 0. 0. 0. 1. 0. 0. 0.],500,100,0.1,0.0005,1,13,iDR,16,random
499,0.00032048083971,0.00032048083971,0.0005038346949999999,[0.       0.       0.       0.106413 0.       0.       0.       0.       0.       0.       0.       0.       0.       0.       0.       0.       0.       0.       0.       0.       0.       0.       0.       0.       0.       0.       0.       0.01     0.       0.       0.      ],[0. 0. 0. 1. 0. 0. 0. 0. 0. 0. 0. 0. 0. 0. 0. 0. 0. 0. 0. 0. 0. 0. 0. 0. 0. 0. 0. 1. 0. 0. 0.],500,100,0.1,0.0005,1,13,iDR,16,random
