iter,obj,aug_obj,return,X,Z,Q,max_iter,neighbours,alpha,exp_return,n_port,k,move_strategy,seed,selection_strategy,tag
0,0.20073730245301008,0.20073730245301008,0.003721295646,[0.       0.       0.       0.123849 0.       0.       0.       0.       0.       0.       0.       0.120979 0.       0.       0.124034 0.       0.       0.       0.       0.123774 0.       0.123215 0.       0.       0.       0.       0.123955 0.260194 0.       0.       0.      ],[0. 0. 0. 1. 0. 0. 0. 0. 0. 0. 0. 1. 0. 0. 1. 0. 0. 0. 0. 1. 0. 1. 0. 0. 0. 0. 1. 1. 0. 0. 0.],7.0,1000,100,0.01,0.0035,1,6,random,,best,single_objective
1,0.20073730245301008,0.20073730245301008,0.003721295646,[0.       0.       0.       0.123849 0.       0.       0.       0.       0.       0.       0.       0.120979 0.       0.       0.124034 0.       0.       0.       0.       0.123774 0.       0.123215 0.       0.       0.       0.       0.123955 0.260194 0.       0.       0.      ],[0. 0. 0. 1. 0. 0. 0. 0. 0. 0. 0. 1. 0. 0. 1. 0. 0. 0. 0. 1. 0. 1. 0. 0. 0. 0. 1. 1. 0. 0. 0.],7.0,1000,100,0.01,0.0035,1,6,random,,best,single_objective
2,0.20073730245301008,0.2036049782023388,0.003721295646,[0.       0.       0.       0.123849 0.       0.       0.       0.       0.       0.       0.       0.120979 0.       0.       0.124034 0.       0.       0.       0.       0.123774 0.       0.123215 0.       0.       0.       0.       0.123955 0.260194 0.       0.       0.      ],[0. 0. 0. 1. 0. 0. 0. 0. 0. 0. 0. 1. 0. 0. 1. 0. 0. 0. 0. 1. 0. 1. 0. 0. 0. 0. 1. 1. 0. 0. 0.],7.0,1000,100,0.01,0.0035,1,6,random,,best,single_objective
3,0.20073730245301008,0.2064726539516675,0.003721295646,[0.       0.       0.       0.123849 0.       0.       0.       0.       0.       0.       0.       0.120979 0.       0.       0.124034 0.       0.       0.       0.       0.123774 0.       0.123215 0.       0.       0.       0.       0.123955 0.260194 0.       0.       0.      ],[0. 0. 0. 1. 0. 0. 0. 0. 0. 0. 0. 1. 0. 0. 1. 0. 0. 0. 0. 1. 0. 1. 0. 0. 0. 0. 1. 1. 0. 0. 0.],7.0,1000,100,0.01,0.0035,1,6,random,,best,single_objective
4,0.20040587864465112,0.20900890589263726,0.003721295646,[0.         0.         0.         0.12261051 0.         0.         0.         0.         0.         0.         0.         0.120979   0.         0.         0.124034   0.         0.         0.         0.         0.123774   0.         0.123215   0.         0.         0.         0.         0.123955   0.26143249 0.         0.         0.        ],[0. 0. 0. 1. 0. 0. 0. 0. 0. 0. 0. 1. 0. 0. 1. 0. 0. 0. 0. 1. 0. 1. 0. 0. 0. 0. 1. 1. 0. 0. 0.],7.0,1000,100,0.01,0.0035,1,6,random,,best,single_objective
5,0.20040587864465112,0.20040587864465112,0.003721295646,[0.         0.         0.         0.12261051 0.         0.         0.         0.         0.         0.         0.         0.120979   0.         0.         0.124034   0.         0.         0.         0.         0.123774   0.         0.123215   0.         0.         0.         0.         0.123955   0.26143249 0.         0.         0.        ],[0. 0. 0. 1. 0. 0. 0. 0. 0. 0. 0. 1. 0. 0. 1. 0. 0. 0. 0. 1. 0. 1. 0. 0. 0. 0. 1. 1. 0. 0. 0.],7.0,1000,100,0.01,0.0035,1,6,random,,best,single_objective
6,0.20012913271898083,0.20299207384247586,0.003721295646,[0.         0.         0.         0.12261051 0.         0.         0.         0.         0.         0.         0.         0.11976921 0.         0.         0.124034   0.         0.         0.         0.         0.123774   0.         0.123215   0.         0.         0.         0.         0.123955   0.26264228 0.         0.         0.        ],[0. 0. 0. 1. 0. 0. 0. 0. 0. 0. 0. 1. 0. 0. 1. 0. 0. 0. 0. 1. 0. 1. 0. 0. 0. 0. 1. 1. 0. 0. 0.],7.0,1000,100,0.01,0.0035,1,6,random,,best,single_objective
7,0.1998115690270519,0.1998115690270519,0.003721295646,[0.         0.         0.         0.12261051 0.         0.         0.         0.         0.         0.         0.         0.11976921 0.         0.         0.124034   0.         0.         0.         0.         0.12253626 0.         0.123215   0.         0.         0.         0.         0.123955   0.26388002 0.         0.         0.        ],[0. 0. 0. 1. 0. 0. 0. 0. 0. 0. 0. 1. 0. 0. 1. 0. 0. 0. 0. 1. 0. 1. 0. 0. 0. 0. 1. 1. 0. 0. 0.],7.0,1000,100,0.01,0.0035,1,6,random,,best,single_objective
8,0.19765542023042182,0.19765542023042182,0.003721295646,[0.       0.       0.       0.121187 0.       0.       0.       0.       0.       0.       0.       0.120696 0.       0.       0.121433 0.       0.       0.       0.       0.121174 0.       0.121291 0.       0.       0.       0.       0.121419 0.272799 0.       0.       0.      ],[0. 0. 0. 1. 0. 0. 0. 0. 0. 0. 0. 1. 0. 0. 1. 0. 0. 0. 0. 1. 0. 1. 0. 0. 0. 0. 1. 1. 0. 0. 0.],7.0,1000,100,0.01,0.0035,1,6,random,,best,single_objective
9,0.19743846501733184,0.19743846501733184,0.003721295646,[0.       0.       0.       0.121049 0.       0.       0.       0.       0.       0.       0.       0.120964 0.       0.       0.121092 0.       0.       0.       0.       0.121047 0.       0.121067 0.       0.       0.       0.       0.121089 0.273692 0.       0.       0.      ],[0. 0. 0. 1. 0. 0. 0. 0. 0. 0. 0. 1. 0. 0. 1. 0. 0. 0. 0. 1. 0. 1. 0. 0. 0. 0. 1. 1. 0. 0. 0.],7.0,1000,100,0.01,0.0035,1,6,random,,best,single_objective
10,0.1971800581570745,0.1971800581570745,0.003721295646,[0.         0.         0.         0.121049   0.         0.         0.         0.         0.         0.         0.         0.120964   0.         0.         0.121092   0.         0.         0.         0.         0.121047   0.         0.11985633 0.         0.         0.         0.         0.121089   0.27490267 0.         0.         0.        ],[0. 0. 0. 1. 0. 0. 0. 0. 0. 0. 0. 1. 0. 0. 1. 0. 0. 0. 0. 1. 0. 1. 0. 0. 0. 0. 1. 1. 0. 0. 0.],7.0,1000,100,0.01,0.0035,1,6,random,,best,single_objective
11,0.1971800581570745,0.1971800581570745,0.003721295646,[0.         0.         0.         0.121049   0.         0.         0.         0.         0.         0.         0.         0.120964   0.         0.         0.121092   0.         0.         0.         0.         0.121047   0.         0.11985633 0.         0.         0.         0.         0.121089   0.27490267 0.         0.         0.        ],[0. 0. 0. 1. 0. 0. 0. 0. 0. 0. 0. 1. 0. 0. 1. 0. 0. 0. 0. 1. 0. 1. 0. 0. 0. 0. 1. 1. 0. 0. 0.],7.0,1000,100,0.01,0.0035,1,6,random,,best,single_objective
12,0.19691354181573822,0.1997303997894107,0.003721295646,[0.         0.         0.         0.121049   0.         0.         0.         0.         0.         0.         0.         0.120964   0.         0.         0.11988108 0.         0.         0.         0.         0.121047   0.         0.11985633 0.         0.         0.         0.         0.121089   0.27611359 0.         0.         0.        ],[0. 0. 0. 1. 0. 0. 0. 0. 0. 0. 0. 1. 0. 0. 1. 0. 0. 0. 0. 1. 0. 1. 0. 0. 0. 0. 1. 1. 0. 0. 0.],7.0,1000,100,0.01,0.0035,1,6,random,,best,single_objective
13,0.19691354181573822,0.19691354181573822,0.003721295646,[0.         0.         0.         0.121049   0.         0.         0.         0.         0.         0.         0.         0.120964   0.         0.         0.11988108 0.         0.         0.         0.         0.121047   0.         0.11985633 0.         0.         0.         0.         0.121089   0.27611359 0.         0.         0.        ],[0. 0. 0. 1. 0. 0. 0. 0. 0. 0. 0. 1. 0. 0. 1. 0. 0. 0. 0. 1. 0. 1. 0. 0. 0. 0. 1. 1. 0. 0. 0.],7.0,1000,100,0.01,0.0035,1,6,random,,best,single_objective
14,0.19686360106291687,0.19967665166028456,0.003721295646,[0.         0.         0.         0.121049   0.         0.         0.         0.         0.         0.         0.         0.120964   0.         0.         0.12109197 0.         0.         0.         0.         0.121047   0.         0.11985633 0.         0.         0.         0.         0.11987811 0.27611359 0.         0.         0.        ],[0. 0. 0. 1. 0. 0. 0. 0. 0. 0. 0. 1. 0. 0. 1. 0. 0. 0. 0. 1. 0. 1. 0. 0. 0. 0. 1. 1. 0. 0. 0.],7.0,1000,100,0.01,0.0035,1,6,random,,best,single_objective
15,0.1968125319011128,0.1968125319011128,0.003721295646,[0.         0.         0.         0.121049   0.         0.         0.         0.         0.         0.         0.         0.120964   0.         0.         0.12229075 0.         0.         0.         0.         0.121047   0.         0.11985633 0.         0.         0.         0.         0.11867933 0.27611359 0.         0.         0.        ],[0. 0. 0. 1. 0. 0. 0. 0. 0. 0. 0. 1. 0. 0. 1. 0. 0. 0. 0. 1. 0. 1. 0. 0. 0. 0. 1. 1. 0. 0. 0.],7.0,1000,100,0.01,0.0035,1,6,random,,best,single_objective
16,0.1968125319011128,0.1968125319011128,0.003721295646,[0.         0.         0.         0.121049   0.         0.         0.         0.         0.         0.         0.         0.120964   0.         0.         0.12229075 0.         0.         0.         0.         0.121047   0.         0.11985633 0.         0.         0.         0.         0.11867933 0.27611359 0.         0.         0.        ],[0. 0. 0. 1. 0. 0. 0. 0. 0. 0. 0. 1. 0. 0. 1. 0. 0. 0. 0. 1. 0. 1. 0. 0. 0. 0. 1. 1. 0. 0. 0.],7.0,1000,100,0.01,0.0035,1,6,random,,best,single_objective
17,0.19650059561796024,0.19931220321654758,0.003721295646,[0.         0.         0.         0.121049   0.         0.         0.         0.         0.         0.         0.         0.120964   0.         0.         0.12229075 0.         0.         0.         0.         0.121047   0.         0.11985633 0.         0.         0.         0.         0.11749254 0.27730038 0.         0.         0.        ],[0. 0. 0. 1. 0. 0. 0. 0. 0. 0. 0. 1. 0. 0. 1. 0. 0. 0. 0. 1. 0. 1. 0. 0. 0. 0. 1. 1. 0. 0. 0.],7.0,1000,100,0.01,0.0035,1,6,random,,best,single_objective
18,0.1964409099886835,0.1964409099886835,0.003721295646,[0.         0.         0.         0.11983851 0.         0.         0.         0.         0.         0.         0.         0.120964   0.         0.         0.12350124 0.         0.         0.         0.         0.121047   0.         0.11985633 0.         0.         0.         0.         0.11749254 0.27730038 0.         0.         0.        ],[0. 0. 0. 1. 0. 0. 0. 0. 0. 0. 0. 1. 0. 0. 1. 0. 0. 0. 0. 1. 0. 1. 0. 0. 0. 0. 1. 1. 0. 0. 0.],7.0,1000,100,0.01,0.0035,1,6,random,,best,single_objective
19,0.19643256419960264,0.19643256419960264,0.003721295646,[0.         0.         0.         0.11983851 0.         0.         0.         0.         0.         0.         0.         0.120964   0.         0.         0.12350124 0.         0.         0.         0.         0.12222193 0.         0.11985633 0.         0.         0.         0.         0.11631761 0.27730038 0.         0.         0.        ],[0. 0. 0. 1. 0. 0. 0. 0. 0. 0. 0. 1. 0. 0. 1. 0. 0. 0. 0. 1. 0. 1. 0. 0. 0. 0. 1. 1. 0. 0. 0.],7.0,1000,100,0.01,0.0035,1,6,random,,best,single_objective
20,0.19643256419960264,0.19643256419960264,0.003721295646,[0.         0.         0.         0.11983851 0.         0.         0.         0.         0.         0.         0.         0.120964   0.         0.         0.12350124 0.         0.         0.         0.         0.12222193 0.         0.11985633 0.         0.         0.         0.         0.11631761 0.27730038 0.         0.         0.        ],[0. 0. 0. 1. 0. 0. 0. 0. 0. 0. 0. 1. 0. 0. 1. 0. 0. 0. 0. 1. 0. 1. 0. 0. 0. 0. 1. 1. 0. 0. 0.],7.0,1000,100,0.01,0.0035,1,6,random,,best,single_objective
21,0.19643256419960264,0.1992387436881684,0.003721295646,[0.         0.         0.         0.11983851 0.         0.         0.         0.         0.         0.         0.         0.120964   0.         0.         0.12350124 0.         0.         0.         0.         0.12222193 0.         0.11985633 0.         0.         0.         0.         0.11631761 0.27730038 0.         0.         0.        ],[0. 0. 0. 1. 0. 0. 0. 0. 0. 0. 0. 1. 0. 0. 1. 0. 0. 0. 0. 1. 0. 1. 0. 0. 0. 0. 1. 1. 0. 0. 0.],7.0,1000,100,0.01,0.0035,1,6,random,,best,single_objective
22,0.19643256419960264,0.20204492317673414,0.003721295646,[0.         0.         0.         0.11983851 0.         0.         0.         0.         0.         0.         0.         0.120964   0.         0.         0.12350124 0.         0.         0.         0.         0.12222193 0.         0.11985633 0.         0.         0.         0.         0.11631761 0.27730038 0.         0.         0.        ],[0. 0. 0. 1. 0. 0. 0. 0. 0. 0. 0. 1. 0. 0. 1. 0. 0. 0. 0. 1. 0. 1. 0. 0. 0. 0. 1. 1. 0. 0. 0.],7.0,1000,100,0.01,0.0035,1,6,random,,best,single_objective
23,0.19617590764913248,0.20459444611482974,0.003721295646,[0.         0.         0.         0.11983851 0.         0.         0.         0.         0.         0.         0.         0.120964   0.         0.         0.12350124 0.         0.         0.         0.         0.12222193 0.         0.11865777 0.         0.         0.         0.         0.11631761 0.27849895 0.         0.         0.        ],[0. 0. 0. 1. 0. 0. 0. 0. 0. 0. 0. 1. 0. 0. 1. 0. 0. 0. 0. 1. 0. 1. 0. 0. 0. 0. 1. 1. 0. 0. 0.],7.0,1000,100,0.01,0.0035,1,6,random,,best,single_objective
24,0.19617590764913248,0.19617590764913248,0.003721295646,[0.         0.         0.         0.11983851 0.         0.         0.         0.         0.         0.         0.         0.120964   0.         0.         0.12350124 0.         0.         0.         0.         0.12222193 0.         0.11865777 0.         0.         0.         0.         0.11631761 0.27849895 0.         0.         0.        ],[0. 0. 0. 1. 0. 0. 0. 0. 0. 0. 0. 1. 0. 0. 1. 0. 0. 0. 0. 1. 0. 1. 0. 0. 0. 0. 1. 1. 0. 0. 0.],7.0,1000,100,0.01,0.0035,1,6,random,,best,single_objective
25,0.19617590764913248,0.19897842061554866,0.003721295646,[0.         0.         0.         0.11983851 0.         0.         0.         0.         0.         0.         0.         0.120964   0.         0.         0.12350124 0.         0.         0.         0.         0.12222193 0.         0.11865777 0.         0.         0.         0.         0.11631761 0.27849895 0.         0.         0.        ],[0. 0. 0. 1. 0. 0. 0. 0. 0. 0. 0. 1. 0. 0. 1. 0. 0. 0. 0. 1. 0. 1. 0. 0. 0. 0. 1. 1. 0. 0. 0.],7.0,1000,100,0.01,0.0035,1,6,random,,best,single_objective
26,0.19611758508323712,0.20172261101606948,0.003721295646,[0.         0.         0.         0.11983851 0.         0.         0.         0.         0.         0.         0.         0.120964   0.         0.         0.12350124 0.         0.         0.         0.         0.12222193 0.         0.11982094 0.         0.         0.         0.         0.11515443 0.27849895 0.         0.         0.        ],[0. 0. 0. 1. 0. 0. 0. 0. 0. 0. 0. 1. 0. 0. 1. 0. 0. 0. 0. 1. 0. 1. 0. 0. 0. 0. 1. 1. 0. 0. 0.],7.0,1000,100,0.01,0.0035,1,6,random,,best,single_objective
27,0.19611758508323712,0.19611758508323712,0.003721295646,[0.         0.         0.         0.11983851 0.         0.         0.         0.         0.         0.         0.         0.120964   0.         0.         0.12350124 0.         0.         0.         0.         0.12222193 0.         0.11982094 0.         0.         0.         0.         0.11515443 0.27849895 0.         0.         0.        ],[0. 0. 0. 1. 0. 0. 0. 0. 0. 0. 0. 1. 0. 0. 1. 0. 0. 0. 0. 1. 0. 1. 0. 0. 0. 0. 1. 1. 0. 0. 0.],7.0,1000,100,0.01,0.0035,1,6,random,,best,single_objective
28,0.19611758508323712,0.1989192648701405,0.003721295646,[0.         0.         0.         0.11983851 0.         0.         0.         0.         0.         0.         0.         0.120964   0.         0.         0.12350124 0.         0.         0.         0.         0.12222193 0.         0.11982094 0.         0.         0.         0.         0.11515443 0.27849895 0.         0.         0.        ],[0. 0. 0. 1. 0. 0. 0. 0. 0. 0. 0. 1. 0. 0. 1. 0. 0. 0. 0. 1. 0. 1. 0. 0. 0. 0. 1. 1. 0. 0. 0.],7.0,1000,100,0.01,0.0035,1,6,random,,best,single_objective
29,0.19611758508323712,0.2017209446570439,0.003721295646,[0.         0.         0.         0.11983851 0.         0.         0.         0.         0.         0.         0.         0.120964   0.         0.         0.12350124 0.         0.         0.         0.         0.12222193 0.         0.11982094 0.         0.         0.         0.         0.11515443 0.27849895 0.         0.         0.        ],[0. 0. 0. 1. 0. 0. 0. 0. 0. 0. 0. 1. 0. 0. 1. 0. 0. 0. 0. 1. 0. 1. 0. 0. 0. 0. 1. 1. 0. 0. 0.],7.0,1000,100,0.01,0.0035,1,6,random,,best,single_objective
30,0.19611758508323712,0.20452262444394728,0.003721295646,[0.         0.         0.         0.11983851 0.         0.         0.         0.         0.         0.         0.         0.120964   0.         0.         0.12350124 0.         0.         0.         0.         0.12222193 0.         0.11982094 0.         0.         0.         0.         0.11515443 0.27849895 0.         0.         0.        ],[0. 0. 0. 1. 0. 0. 0. 0. 0. 0. 0. 1. 0. 0. 1. 0. 0. 0. 0. 1. 0. 1. 0. 0. 0. 0. 1. 1. 0. 0. 0.],7.0,1000,100,0.01,0.0035,1,6,random,,best,single_objective
31,0.19611758508323712,0.2073243042308507,0.003721295646,[0.         0.         0.         0.11983851 0.         0.         0.         0.         0.         0.         0.         0.120964   0.         0.         0.12350124 0.         0.         0.         0.         0.12222193 0.         0.11982094 0.         0.         0.         0.         0.11515443 0.27849895 0.         0.         0.        ],[0. 0. 0. 1. 0. 0. 0. 0. 0. 0. 0. 1. 0. 0. 1. 0. 0. 0. 0. 1. 0. 1. 0. 0. 0. 0. 1. 1. 0. 0. 0.],7.0,1000,100,0.01,0.0035,1,6,random,,best,single_objective
32,0.19611758508323712,0.21012598401775406,0.003721295646,[0.         0.         0.         0.11983851 0.         0.         0.         0.         0.         0.         0.         0.120964   0.         0.         0.12350124 0.         0.         0.         0.         0.12222193 0.         0.11982094 0.         0.         0.         0.         0.11515443 0.27849895 0.         0.         0.        ],[0. 0. 0. 1. 0. 0. 0. 0. 0. 0. 0. 1. 0. 0. 1. 0. 0. 0. 0. 1. 0. 1. 0. 0. 0. 0. 1. 1. 0. 0. 0.],7.0,1000,100,0.01,0.0035,1,6,random,,best,single_objective
33,0.19611758508323712,0.21292766380465744,0.003721295646,[0.         0.         0.         0.11983851 0.         0.         0.         0.         0.         0.         0.         0.120964   0.         0.         0.12350124 0.         0.         0.         0.         0.12222193 0.         0.11982094 0.         0.         0.         0.         0.11515443 0.27849895 0.         0.         0.        ],[0. 0. 0. 1. 0. 0. 0. 0. 0. 0. 0. 1. 0. 0. 1. 0. 0. 0. 0. 1. 0. 1. 0. 0. 0. 0. 1. 1. 0. 0. 0.],7.0,1000,100,0.01,0.0035,1,6,random,,best,single_objective
34,0.19611758508323712,0.21572934359156085,0.003721295646,[0.         0.         0.         0.11983851 0.         0.         0.         0.         0.         0.         0.         0.120964   0.         0.         0.12350124 0.         0.         0.         0.         0.12222193 0.         0.11982094 0.         0.         0.         0.         0.11515443 0.27849895 0.         0.         0.        ],[0. 0. 0. 1. 0. 0. 0. 0. 0. 0. 0. 1. 0. 0. 1. 0. 0. 0. 0. 1. 0. 1. 0. 0. 0. 0. 1. 1. 0. 0. 0.],7.0,1000,100,0.01,0.0035,1,6,random,,best,single_objective
35,0.19586100446885013,0.21827444276407723,0.003721295646,[0.         0.         0.         0.11983851 0.         0.         0.         0.         0.         0.         0.         0.120964   0.         0.         0.12350124 0.         0.         0.         0.         0.12222193 0.         0.11862273 0.         0.         0.         0.         0.11515443 0.27969716 0.         0.         0.        ],[0. 0. 0. 1. 0. 0. 0. 0. 0. 0. 0. 1. 0. 0. 1. 0. 0. 0. 0. 1. 0. 1. 0. 0. 0. 0. 1. 1. 0. 0. 0.],7.0,1000,100,0.01,0.0035,1,6,random,,best,single_objective
36,0.19580047743813805,0.19580047743813805,0.003721295646,[0.         0.         0.         0.11864012 0.         0.         0.         0.         0.         0.         0.         0.120964   0.         0.         0.12469963 0.         0.         0.         0.         0.12222193 0.         0.11862273 0.         0.         0.         0.         0.11515443 0.27969716 0.         0.         0.        ],[0. 0. 0. 1. 0. 0. 0. 0. 0. 0. 0. 1. 0. 0. 1. 0. 0. 0. 0. 1. 0. 1. 0. 0. 0. 0. 1. 1. 0. 0. 0.],7.0,1000,100,0.01,0.0035,1,6,random,,best,single_objective
37,0.1955457541278126,0.1955457541278126,0.003721295646,[0.         0.         0.         0.11864012 0.         0.         0.         0.         0.         0.         0.         0.120964   0.         0.         0.12469963 0.         0.         0.         0.         0.12222193 0.         0.11743651 0.         0.         0.         0.         0.11515443 0.28088338 0.         0.         0.        ],[0. 0. 0. 1. 0. 0. 0. 0. 0. 0. 0. 1. 0. 0. 1. 0. 0. 0. 0. 1. 0. 1. 0. 0. 0. 0. 1. 1. 0. 0. 0.],7.0,1000,100,0.01,0.0035,1,6,random,,best,single_objective
38,0.1955457541278126,0.1955457541278126,0.003721295646,[0.         0.         0.         0.11864012 0.         0.         0.         0.         0.         0.         0.         0.120964   0.         0.         0.12469963 0.         0.         0.         0.         0.12222193 0.         0.11743651 0.         0.         0.         0.         0.11515443 0.28088338 0.         0.         0.        ],[0. 0. 0. 1. 0. 0. 0. 0. 0. 0. 0. 1. 0. 0. 1. 0. 0. 0. 0. 1. 0. 1. 0. 0. 0. 0. 1. 1. 0. 0. 0.],7.0,1000,100,0.01,0.0035,1,6,random,,best,single_objective
39,0.1955457541278126,0.19833926490106707,0.003721295646,[0.         0.         0.         0.11864012 0.         0.         0.         0.         0.         0.         0.         0.120964   0.         0.         0.12469963 0.         0.         0.         0.         0.12222193 0.         0.11743651 0.         0.         0.         0.         0.11515443 0.28088338 0.         0.         0.        ],[0. 0. 0. 1. 0. 0. 0. 0. 0. 0. 0. 1. 0. 0. 1. 0. 0. 0. 0. 1. 0. 1. 0. 0. 0. 0. 1. 1. 0. 0. 0.],7.0,1000,100,0.01,0.0035,1,6,random,,best,single_objective
40,0.1955457541278126,0.20113277567432153,0.003721295646,[0.         0.         0.         0.11864012 0.         0.         0.         0.         0.         0.         0.         0.120964   0.         0.         0.12469963 0.         0.         0.         0.         0.12222193 0.         0.11743651 0.         0.         0.         0.         0.11515443 0.28088338 0.         0.         0.        ],[0. 0. 0. 1. 0. 0. 0. 0. 0. 0. 0. 1. 0. 0. 1. 0. 0. 0. 0. 1. 0. 1. 0. 0. 0. 0. 1. 1. 0. 0. 0.],7.0,1000,100,0.01,0.0035,1,6,random,,best,single_objective
41,0.1955457541278126,0.20392628644757602,0.003721295646,[0.         0.         0.         0.11864012 0.         0.         0.         0.         0.         0.         0.         0.120964   0.         0.         0.12469963 0.         0.         0.         0.         0.12222193 0.         0.11743651 0.         0.         0.         0.         0.11515443 0.28088338 0.         0.         0.        ],[0. 0. 0. 1. 0. 0. 0. 0. 0. 0. 0. 1. 0. 0. 1. 0. 0. 0. 0. 1. 0. 1. 0. 0. 0. 0. 1. 1. 0. 0. 0.],7.0,1000,100,0.01,0.0035,1,6,random,,best,single_objective
42,0.1955457541278126,0.20671979722083048,0.003721295646,[0.         0.         0.         0.11864012 0.         0.         0.         0.         0.         0.         0.         0.120964   0.         0.         0.12469963 0.         0.         0.         0.         0.12222193 0.         0.11743651 0.         0.         0.         0.         0.11515443 0.28088338 0.         0.         0.        ],[0. 0. 0. 1. 0. 0. 0. 0. 0. 0. 0. 1. 0. 0. 1. 0. 0. 0. 0. 1. 0. 1. 0. 0. 0. 0. 1. 1. 0. 0. 0.],7.0,1000,100,0.01,0.0035,1,6,random,,best,single_objective
43,0.19529289780051753,0.20926045166678986,0.003721295646,[0.         0.         0.         0.11864012 0.         0.         0.         0.         0.         0.         0.         0.120964   0.         0.         0.12469963 0.         0.         0.         0.         0.12222193 0.         0.11626214 0.         0.         0.         0.         0.11515443 0.28205775 0.         0.         0.        ],[0. 0. 0. 1. 0. 0. 0. 0. 0. 0. 0. 1. 0. 0. 1. 0. 0. 0. 0. 1. 0. 1. 0. 0. 0. 0. 1. 1. 0. 0. 0.],7.0,1000,100,0.01,0.0035,1,6,random,,best,single_objective
44,0.19523141717340506,0.19523141717340506,0.003721295646,[0.         0.         0.         0.11745372 0.         0.         0.         0.         0.         0.         0.         0.120964   0.         0.         0.12588603 0.         0.         0.         0.         0.12222193 0.         0.11626214 0.         0.         0.         0.         0.11515443 0.28205775 0.         0.         0.        ],[0. 0. 0. 1. 0. 0. 0. 0. 0. 0. 0. 1. 0. 0. 1. 0. 0. 0. 0. 1. 0. 1. 0. 0. 0. 0. 1. 1. 0. 0. 0.],7.0,1000,100,0.01,0.0035,1,6,random,,best,single_objective
45,0.19518433964017767,0.19518433964017767,0.003721295646,[0.         0.         0.         0.11745372 0.         0.         0.         0.         0.         0.         0.         0.120964   0.         0.         0.12710825 0.         0.         0.         0.         0.12099971 0.         0.11626214 0.         0.         0.         0.         0.11515443 0.28205775 0.         0.         0.        ],[0. 0. 0. 1. 0. 0. 0. 0. 0. 0. 0. 1. 0. 0. 1. 0. 0. 0. 0. 1. 0. 1. 0. 0. 0. 0. 1. 1. 0. 0. 0.],7.0,1000,100,0.01,0.0035,1,6,random,,best,single_objective
46,0.19518433964017767,0.19518433964017767,0.003721295646,[0.         0.         0.         0.11745372 0.         0.         0.         0.         0.         0.         0.         0.120964   0.         0.         0.12710825 0.         0.         0.         0.         0.12099971 0.         0.11626214 0.         0.         0.         0.         0.11515443 0.28205775 0.         0.         0.        ],[0. 0. 0. 1. 0. 0. 0. 0. 0. 0. 0. 1. 0. 0. 1. 0. 0. 0. 0. 1. 0. 1. 0. 0. 0. 0. 1. 1. 0. 0. 0.],7.0,1000,100,0.01,0.0035,1,6,random,,best,single_objective
47,0.19518433964017767,0.19797268734932308,0.003721295646,[0.         0.         0.         0.11745372 0.         0.         0.         0.         0.         0.         0.         0.120964   0.         0.         0.12710825 0.         0.         0.         0.         0.12099971 0.         0.11626214 0.         0.         0.         0.         0.11515443 0.28205775 0.         0.         0.        ],[0. 0. 0. 1. 0. 0. 0. 0. 0. 0. 0. 1. 0. 0. 1. 0. 0. 0. 0. 1. 0. 1. 0. 0. 0. 0. 1. 1. 0. 0. 0.],7.0,1000,100,0.01,0.0035,1,6,random,,best,single_objective
48,0.19518433964017767,0.20076103505846846,0.003721295646,[0.         0.         0.         0.11745372 0.         0.         0.         0.         0.         0.         0.         0.120964   0.         0.         0.12710825 0.         0.         0.         0.         0.12099971 0.         0.11626214 0.         0.         0.         0.         0.11515443 0.28205775 0.         0.         0.        ],[0. 0. 0. 1. 0. 0. 0. 0. 0. 0. 0. 1. 0. 0. 1. 0. 0. 0. 0. 1. 0. 1. 0. 0. 0. 0. 1. 1. 0. 0. 0.],7.0,1000,100,0.01,0.0035,1,6,random,,best,single_objective
49,0.19512883721402144,0.20349388034145763,0.003721295646,[0.         0.         0.         0.11745372 0.         0.         0.         0.         0.         0.         0.         0.120964   0.         0.         0.12825979 0.         0.         0.         0.         0.12099971 0.         0.11626214 0.         0.         0.         0.         0.11400289 0.28205775 0.         0.         0.        ],[0. 0. 0. 1. 0. 0. 0. 0. 0. 0. 0. 1. 0. 0. 1. 0. 0. 0. 0. 1. 0. 1. 0. 0. 0. 0. 1. 1. 0. 0. 0.],7.0,1000,100,0.01,0.0035,1,6,random,,best,single_objective
50,0.19512883721402144,0.19512883721402144,0.003721295646,[0.         0.         0.         0.11745372 0.         0.         0.         0.         0.         0.         0.         0.120964   0.         0.         0.12825979 0.         0.         0.         0.         0.12099971 0.         0.11626214 0.         0.         0.         0.         0.11400289 0.28205775 0.         0.         0.        ],[0. 0. 0. 1. 0. 0. 0. 0. 0. 0. 0. 1. 0. 0. 1. 0. 0. 0. 0. 1. 0. 1. 0. 0. 0. 0. 1. 1. 0. 0. 0.],7.0,1000,100,0.01,0.0035,1,6,random,,best,single_objective
51,0.19512883721402144,0.1979163920313646,0.003721295646,[0.         0.         0.         0.11745372 0.         0.         0.         0.         0.         0.         0.         0.120964   0.         0.         0.12825979 0.         0.         0.         0.         0.12099971 0.         0.11626214 0.         0.         0.         0.         0.11400289 0.28205775 0.         0.         0.        ],[0. 0. 0. 1. 0. 0. 0. 0. 0. 0. 0. 1. 0. 0. 1. 0. 0. 0. 0. 1. 0. 1. 0. 0. 0. 0. 1. 1. 0. 0. 0.],7.0,1000,100,0.01,0.0035,1,6,random,,best,single_objective
52,0.19512883721402144,0.20070394684870776,0.003721295646,[0.         0.         0.         0.11745372 0.         0.         0.         0.         0.         0.         0.         0.120964   0.         0.         0.12825979 0.         0.         0.         0.         0.12099971 0.         0.11626214 0.         0.         0.         0.         0.11400289 0.28205775 0.         0.         0.        ],[0. 0. 0. 1. 0. 0. 0. 0. 0. 0. 0. 1. 0. 0. 1. 0. 0. 0. 0. 1. 0. 1. 0. 0. 0. 0. 1. 1. 0. 0. 0.],7.0,1000,100,0.01,0.0035,1,6,random,,best,single_objective
53,0.19512883721402144,0.20349150166605093,0.003721295646,[0.         0.         0.         0.11745372 0.         0.         0.         0.         0.         0.         0.         0.120964   0.         0.         0.12825979 0.         0.         0.         0.         0.12099971 0.         0.11626214 0.         0.         0.         0.         0.11400289 0.28205775 0.         0.         0.        ],[0. 0. 0. 1. 0. 0. 0. 0. 0. 0. 0. 1. 0. 0. 1. 0. 0. 0. 0. 1. 0. 1. 0. 0. 0. 0. 1. 1. 0. 0. 0.],7.0,1000,100,0.01,0.0035,1,6,random,,best,single_objective
54,0.19512883721402144,0.2062790564833941,0.003721295646,[0.         0.         0.         0.11745372 0.         0.         0.         0.         0.         0.         0.         0.120964   0.         0.         0.12825979 0.         0.         0.         0.         0.12099971 0.         0.11626214 0.         0.         0.         0.         0.11400289 0.28205775 0.         0.         0.        ],[0. 0. 0. 1. 0. 0. 0. 0. 0. 0. 0. 1. 0. 0. 1. 0. 0. 0. 0. 1. 0. 1. 0. 0. 0. 0. 1. 1. 0. 0. 0.],7.0,1000,100,0.01,0.0035,1,6,random,,best,single_objective
55,0.19506548053373418,0.20900325462045,0.003721295646,[0.         0.         0.         0.11627919 0.         0.         0.         0.         0.         0.         0.         0.120964   0.         0.         0.12943433 0.         0.         0.         0.         0.12099971 0.         0.11626214 0.         0.         0.         0.         0.11400289 0.28205775 0.         0.         0.        ],[0. 0. 0. 1. 0. 0. 0. 0. 0. 0. 0. 1. 0. 0. 1. 0. 0. 0. 0. 1. 0. 1. 0. 0. 0. 0. 1. 1. 0. 0. 0.],7.0,1000,100,0.01,0.0035,1,6,random,,best,single_objective
56,0.19506548053373418,0.19506548053373418,0.003721295646,[0.         0.         0.         0.11627919 0.         0.         0.         0.         0.         0.         0.         0.120964   0.         0.         0.12943433 0.         0.         0.         0.         0.12099971 0.         0.11626214 0.         0.         0.         0.         0.11400289 0.28205775 0.         0.         0.        ],[0. 0. 0. 1. 0. 0. 0. 0. 0. 0. 0. 1. 0. 0. 1. 0. 0. 0. 0. 1. 0. 1. 0. 0. 0. 0. 1. 1. 0. 0. 0.],7.0,1000,100,0.01,0.0035,1,6,random,,best,single_objective
57,0.19506548053373418,0.19785213025564466,0.003721295646,[0.         0.         0.         0.11627919 0.         0.         0.         0.         0.         0.         0.         0.120964   0.         0.         0.12943433 0.         0.         0.         0.         0.12099971 0.         0.11626214 0.         0.         0.         0.         0.11400289 0.28205775 0.         0.         0.        ],[0. 0. 0. 1. 0. 0. 0. 0. 0. 0. 0. 1. 0. 0. 1. 0. 0. 0. 0. 1. 0. 1. 0. 0. 0. 0. 1. 1. 0. 0. 0.],7.0,1000,100,0.01,0.0035,1,6,random,,best,single_objective
58,0.19502189978842738,0.20059519923224836,0.003721295646,[0.         0.         0.         0.11627919 0.         0.         0.         0.         0.         0.         0.         0.12210403 0.         0.         0.12943433 0.         0.         0.         0.         0.12099971 0.         0.11626214 0.         0.         0.         0.         0.11286286 0.28205775 0.         0.         0.        ],[0. 0. 0. 1. 0. 0. 0. 0. 0. 0. 0. 1. 0. 0. 1. 0. 0. 0. 0. 1. 0. 1. 0. 0. 0. 0. 1. 1. 0. 0. 0.],7.0,1000,100,0.01,0.0035,1,6,random,,best,single_objective
59,0.19474286167726895,0.19474286167726895,0.003721295646,[0.         0.         0.         0.11627919 0.         0.         0.         0.         0.         0.         0.         0.12210403 0.         0.         0.12813998 0.         0.         0.         0.         0.12099971 0.         0.11626214 0.         0.         0.         0.         0.11286286 0.28335209 0.         0.         0.        ],[0. 0. 0. 1. 0. 0. 0. 0. 0. 0. 0. 1. 0. 0. 1. 0. 0. 0. 0. 1. 0. 1. 0. 0. 0. 0. 1. 1. 0. 0. 0.],7.0,1000,100,0.01,0.0035,1,6,random,,best,single_objective
60,0.1944918845689545,0.1944918845689545,0.003721295646,[0.         0.         0.         0.11627919 0.         0.         0.         0.         0.         0.         0.         0.12210403 0.         0.         0.12813998 0.         0.         0.         0.         0.12099971 0.         0.11509952 0.         0.         0.         0.         0.11286286 0.28451471 0.         0.         0.        ],[0. 0. 0. 1. 0. 0. 0. 0. 0. 0. 0. 1. 0. 0. 1. 0. 0. 0. 0. 1. 0. 1. 0. 0. 0. 0. 1. 1. 0. 0. 0.],7.0,1000,100,0.01,0.0035,1,6,random,,best,single_objective
61,0.1944918845689545,0.1944918845689545,0.003721295646,[0.         0.         0.         0.11627919 0.         0.         0.         0.         0.         0.         0.         0.12210403 0.         0.         0.12813998 0.         0.         0.         0.         0.12099971 0.         0.11509952 0.         0.         0.         0.         0.11286286 0.28451471 0.         0.         0.        ],[0. 0. 0. 1. 0. 0. 0. 0. 0. 0. 0. 1. 0. 0. 1. 0. 0. 0. 0. 1. 0. 1. 0. 0. 0. 0. 1. 1. 0. 0. 0.],7.0,1000,100,0.01,0.0035,1,6,random,,best,single_objective
62,0.19442851397567434,0.19720696946951655,0.003721295646,[0.         0.         0.         0.11511639 0.         0.         0.         0.         0.         0.         0.         0.12210403 0.         0.         0.12930278 0.         0.         0.         0.         0.12099971 0.         0.11509952 0.         0.         0.         0.         0.11286286 0.28451471 0.         0.         0.        ],[0. 0. 0. 1. 0. 0. 0. 0. 0. 0. 0. 1. 0. 0. 1. 0. 0. 0. 0. 1. 0. 1. 0. 0. 0. 0. 1. 1. 0. 0. 0.],7.0,1000,100,0.01,0.0035,1,6,random,,best,single_objective
63,0.19442851397567434,0.19442851397567434,0.003721295646,[0.         0.         0.         0.11511639 0.         0.         0.         0.         0.         0.         0.         0.12210403 0.         0.         0.12930278 0.         0.         0.         0.         0.12099971 0.         0.11509952 0.         0.         0.         0.         0.11286286 0.28451471 0.         0.         0.        ],[0. 0. 0. 1. 0. 0. 0. 0. 0. 0. 0. 1. 0. 0. 1. 0. 0. 0. 0. 1. 0. 1. 0. 0. 0. 0. 1. 1. 0. 0. 0.],7.0,1000,100,0.01,0.0035,1,6,random,,best,single_objective
64,0.19442851397567434,0.19720606417532682,0.003721295646,[0.         0.         0.         0.11511639 0.         0.         0.         0.         0.         0.         0.         0.12210403 0.         0.         0.12930278 0.         0.         0.         0.         0.12099971 0.         0.11509952 0.         0.         0.         0.         0.11286286 0.28451471 0.         0.         0.        ],[0. 0. 0. 1. 0. 0. 0. 0. 0. 0. 0. 1. 0. 0. 1. 0. 0. 0. 0. 1. 0. 1. 0. 0. 0. 0. 1. 1. 0. 0. 0.],7.0,1000,100,0.01,0.0035,1,6,random,,best,single_objective
65,0.19442851397567434,0.19998361437497933,0.003721295646,[0.         0.         0.         0.11511639 0.         0.         0.         0.         0.         0.         0.         0.12210403 0.         0.         0.12930278 0.         0.         0.         0.         0.12099971 0.         0.11509952 0.         0.         0.         0.         0.11286286 0.28451471 0.         0.         0.        ],[0. 0. 0. 1. 0. 0. 0. 0. 0. 0. 0. 1. 0. 0. 1. 0. 0. 0. 0. 1. 0. 1. 0. 0. 0. 0. 1. 1. 0. 0. 0.],7.0,1000,100,0.01,0.0035,1,6,random,,best,single_objective
66,0.19442851397567434,0.2027611645746318,0.003721295646,[0.         0.         0.         0.11511639 0.         0.         0.         0.         0.         0.         0.         0.12210403 0.         0.         0.12930278 0.         0.         0.         0.         0.12099971 0.         0.11509952 0.         0.         0.         0.         0.11286286 0.28451471 0.         0.         0.        ],[0. 0. 0. 1. 0. 0. 0. 0. 0. 0. 0. 1. 0. 0. 1. 0. 0. 0. 0. 1. 0. 1. 0. 0. 0. 0. 1. 1. 0. 0. 0.],7.0,1000,100,0.01,0.0035,1,6,random,,best,single_objective
67,0.19442851397567434,0.20553871477428431,0.003721295646,[0.         0.         0.         0.11511639 0.         0.         0.         0.         0.         0.         0.         0.12210403 0.         0.         0.12930278 0.         0.         0.         0.         0.12099971 0.         0.11509952 0.         0.         0.         0.         0.11286286 0.28451471 0.         0.         0.        ],[0. 0. 0. 1. 0. 0. 0. 0. 0. 0. 0. 1. 0. 0. 1. 0. 0. 0. 0. 1. 0. 1. 0. 0. 0. 0. 1. 1. 0. 0. 0.],7.0,1000,100,0.01,0.0035,1,6,random,,best,single_objective
68,0.19417937959779671,0.20806713059605916,0.003721295646,[0.         0.         0.         0.11511639 0.         0.         0.         0.         0.         0.         0.         0.12210403 0.         0.         0.12930278 0.         0.         0.         0.         0.12099971 0.         0.11394852 0.         0.         0.         0.         0.11286286 0.28566571 0.         0.         0.        ],[0. 0. 0. 1. 0. 0. 0. 0. 0. 0. 0. 1. 0. 0. 1. 0. 0. 0. 0. 1. 0. 1. 0. 0. 0. 0. 1. 1. 0. 0. 0.],7.0,1000,100,0.01,0.0035,1,6,random,,best,single_objective
69,0.19417937959779671,0.19417937959779671,0.003721295646,[0.         0.         0.         0.11511639 0.         0.         0.         0.         0.         0.         0.         0.12210403 0.         0.         0.12930278 0.         0.         0.         0.         0.12099971 0.         0.11394852 0.         0.         0.         0.         0.11286286 0.28566571 0.         0.         0.        ],[0. 0. 0. 1. 0. 0. 0. 0. 0. 0. 0. 1. 0. 0. 1. 0. 0. 0. 0. 1. 0. 1. 0. 0. 0. 0. 1. 1. 0. 0. 0.],7.0,1000,100,0.01,0.0035,1,6,random,,best,single_objective
70,0.19393209612175769,0.19670608725886907,0.003721295646,[0.         0.         0.         0.11511639 0.         0.         0.         0.         0.         0.         0.         0.12210403 0.         0.         0.12930278 0.         0.         0.         0.         0.12099971 0.         0.11280904 0.         0.         0.         0.         0.11286286 0.28680519 0.         0.         0.        ],[0. 0. 0. 1. 0. 0. 0. 0. 0. 0. 0. 1. 0. 0. 1. 0. 0. 0. 0. 1. 0. 1. 0. 0. 0. 0. 1. 1. 0. 0. 0.],7.0,1000,100,0.01,0.0035,1,6,random,,best,single_objective
71,0.19393209612175769,0.19393209612175769,0.003721295646,[0.         0.         0.         0.11511639 0.         0.         0.         0.         0.         0.         0.         0.12210403 0.         0.         0.12930278 0.         0.         0.         0.         0.12099971 0.         0.11280904 0.         0.         0.         0.         0.11286286 0.28680519 0.         0.         0.        ],[0. 0. 0. 1. 0. 0. 0. 0. 0. 0. 0. 1. 0. 0. 1. 0. 0. 0. 0. 1. 0. 1. 0. 0. 0. 0. 1. 1. 0. 0. 0.],7.0,1000,100,0.01,0.0035,1,6,random,,best,single_objective
72,0.19393209612175769,0.1967025546377828,0.003721295646,[0.         0.         0.         0.11511639 0.         0.         0.         0.         0.         0.         0.         0.12210403 0.         0.         0.12930278 0.         0.         0.         0.         0.12099971 0.         0.11280904 0.         0.         0.         0.         0.11286286 0.28680519 0.         0.         0.        ],[0. 0. 0. 1. 0. 0. 0. 0. 0. 0. 0. 1. 0. 0. 1. 0. 0. 0. 0. 1. 0. 1. 0. 0. 0. 0. 1. 1. 0. 0. 0.],7.0,1000,100,0.01,0.0035,1,6,random,,best,single_objective
73,0.19393209612175769,0.19947301315380792,0.003721295646,[0.         0.         0.         0.11511639 0.         0.         0.         0.         0.         0.         0.         0.12210403 0.         0.         0.12930278 0.         0.         0.         0.         0.12099971 0.         0.11280904 0.         0.         0.         0.         0.11286286 0.28680519 0.         0.         0.        ],[0. 0. 0. 1. 0. 0. 0. 0. 0. 0. 0. 1. 0. 0. 1. 0. 0. 0. 0. 1. 0. 1. 0. 0. 0. 0. 1. 1. 0. 0. 0.],7.0,1000,100,0.01,0.0035,1,6,random,,best,single_objective
74,0.19393209612175769,0.20224347166983303,0.003721295646,[0.         0.         0.         0.11511639 0.         0.         0.         0.         0.         0.         0.         0.12210403 0.         0.         0.12930278 0.         0.         0.         0.         0.12099971 0.         0.11280904 0.         0.         0.         0.         0.11286286 0.28680519 0.         0.         0.        ],[0. 0. 0. 1. 0. 0. 0. 0. 0. 0. 0. 1. 0. 0. 1. 0. 0. 0. 0. 1. 0. 1. 0. 0. 0. 0. 1. 1. 0. 0. 0.],7.0,1000,100,0.01,0.0035,1,6,random,,best,single_objective
75,0.19393209612175769,0.20501393018585812,0.003721295646,[0.         0.         0.         0.11511639 0.         0.         0.         0.         0.         0.         0.         0.12210403 0.         0.         0.12930278 0.         0.         0.         0.         0.12099971 0.         0.11280904 0.         0.         0.         0.         0.11286286 0.28680519 0.         0.         0.        ],[0. 0. 0. 1. 0. 0. 0. 0. 0. 0. 0. 1. 0. 0. 1. 0. 0. 0. 0. 1. 0. 1. 0. 0. 0. 0. 1. 1. 0. 0. 0.],7.0,1000,100,0.01,0.0035,1,6,random,,best,single_objective
76,0.19393209612175769,0.20778438870188323,0.003721295646,[0.         0.         0.         0.11511639 0.         0.         0.         0.         0.         0.         0.         0.12210403 0.         0.         0.12930278 0.         0.         0.         0.         0.12099971 0.         0.11280904 0.         0.         0.         0.         0.11286286 0.28680519 0.         0.         0.        ],[0. 0. 0. 1. 0. 0. 0. 0. 0. 0. 0. 1. 0. 0. 1. 0. 0. 0. 0. 1. 0. 1. 0. 0. 0. 0. 1. 1. 0. 0. 0.],7.0,1000,100,0.01,0.0035,1,6,random,,best,single_objective
77,0.19393209612175769,0.21055484721790835,0.003721295646,[0.         0.         0.         0.11511639 0.         0.         0.         0.         0.         0.         0.         0.12210403 0.         0.         0.12930278 0.         0.         0.         0.         0.12099971 0.         0.11280904 0.         0.         0.         0.         0.11286286 0.28680519 0.         0.         0.        ],[0. 0. 0. 1. 0. 0. 0. 0. 0. 0. 0. 1. 0. 0. 1. 0. 0. 0. 0. 1. 0. 1. 0. 0. 0. 0. 1. 1. 0. 0. 0.],7.0,1000,100,0.01,0.0035,1,6,random,,best,single_objective
78,0.19393209612175769,0.21332530573393346,0.003721295646,[0.         0.         0.         0.11511639 0.         0.         0.         0.         0.         0.         0.         0.12210403 0.         0.         0.12930278 0.         0.         0.         0.         0.12099971 0.         0.11280904 0.         0.         0.         0.         0.11286286 0.28680519 0.         0.         0.        ],[0. 0. 0. 1. 0. 0. 0. 0. 0. 0. 0. 1. 0. 0. 1. 0. 0. 0. 0. 1. 0. 1. 0. 0. 0. 0. 1. 1. 0. 0. 0.],7.0,1000,100,0.01,0.0035,1,6,random,,best,single_objective
79,0.19393209612175769,0.21609576424995858,0.003721295646,[0.         0.         0.         0.11511639 0.         0.         0.         0.         0.         0.         0.         0.12210403 0.         0.         0.12930278 0.         0.         0.         0.         0.12099971 0.         0.11280904 0.         0.         0.         0.         0.11286286 0.28680519 0.         0.         0.        ],[0. 0. 0. 1. 0. 0. 0. 0. 0. 0. 0. 1. 0. 0. 1. 0. 0. 0. 0. 1. 0. 1. 0. 0. 0. 0. 1. 1. 0. 0. 0.],7.0,1000,100,0.01,0.0035,1,6,random,,best,single_objective
80,0.19393209612175769,0.21886622276598366,0.003721295646,[0.         0.         0.         0.11511639 0.         0.         0.         0.         0.         0.         0.         0.12210403 0.         0.         0.12930278 0.         0.         0.         0.         0.12099971 0.         0.11280904 0.         0.         0.         0.         0.11286286 0.28680519 0.         0.         0.        ],[0. 0. 0. 1. 0. 0. 0. 0. 0. 0. 0. 1. 0. 0. 1. 0. 0. 0. 0. 1. 0. 1. 0. 0. 0. 0. 1. 1. 0. 0. 0.],7.0,1000,100,0.01,0.0035,1,6,random,,best,single_objective
81,0.19368665778333355,0.22139124294358464,0.003721295646,[0.         0.         0.         0.11511639 0.         0.         0.         0.         0.         0.         0.         0.12210403 0.         0.         0.12930278 0.         0.         0.         0.         0.12099971 0.         0.11168095 0.         0.         0.         0.         0.11286286 0.28793328 0.         0.         0.        ],[0. 0. 0. 1. 0. 0. 0. 0. 0. 0. 0. 1. 0. 0. 1. 0. 0. 0. 0. 1. 0. 1. 0. 0. 0. 0. 1. 1. 0. 0. 0.],7.0,1000,100,0.01,0.0035,1,6,random,,best,single_objective
82,0.19368665778333355,0.19368665778333355,0.003721295646,[0.         0.         0.         0.11511639 0.         0.         0.         0.         0.         0.         0.         0.12210403 0.         0.         0.12930278 0.         0.         0.         0.         0.12099971 0.         0.11168095 0.         0.         0.         0.         0.11286286 0.28793328 0.         0.         0.        ],[0. 0. 0. 1. 0. 0. 0. 0. 0. 0. 0. 1. 0. 0. 1. 0. 0. 0. 0. 1. 0. 1. 0. 0. 0. 0. 1. 1. 0. 0. 0.],7.0,1000,100,0.01,0.0035,1,6,random,,best,single_objective
83,0.19338702751253764,0.19615397976658527,0.003721295646,[0.         0.         0.         0.11511639 0.         0.         0.         0.         0.         0.         0.         0.12210403 0.         0.         0.12930278 0.         0.         0.         0.         0.12099971 0.         0.11168095 0.         0.         0.         0.         0.11173423 0.28906191 0.         0.         0.        ],[0. 0. 0. 1. 0. 0. 0. 0. 0. 0. 0. 1. 0. 0. 1. 0. 0. 0. 0. 1. 0. 1. 0. 0. 0. 0. 1. 1. 0. 0. 0.],7.0,1000,100,0.01,0.0035,1,6,random,,best,single_objective
84,0.19338702751253764,0.19338702751253764,0.003721295646,[0.         0.         0.         0.11511639 0.         0.         0.         0.         0.         0.         0.         0.12210403 0.         0.         0.12930278 0.         0.         0.         0.         0.12099971 0.         0.11168095 0.         0.         0.         0.         0.11173423 0.28906191 0.         0.         0.        ],[0. 0. 0. 1. 0. 0. 0. 0. 0. 0. 0. 1. 0. 0. 1. 0. 0. 0. 0. 1. 0. 1. 0. 0. 0. 0. 1. 1. 0. 0. 0.],7.0,1000,100,0.01,0.0035,1,6,random,,best,single_objective
85,0.19338702751253764,0.19614969933414533,0.003721295646,[0.         0.         0.         0.11511639 0.         0.         0.         0.         0.         0.         0.         0.12210403 0.         0.         0.12930278 0.         0.         0.         0.         0.12099971 0.         0.11168095 0.         0.         0.         0.         0.11173423 0.28906191 0.         0.         0.        ],[0. 0. 0. 1. 0. 0. 0. 0. 0. 0. 0. 1. 0. 0. 1. 0. 0. 0. 0. 1. 0. 1. 0. 0. 0. 0. 1. 1. 0. 0. 0.],7.0,1000,100,0.01,0.0035,1,6,random,,best,single_objective
86,0.19332971452652672,0.19885505816974208,0.003721295646,[0.         0.         0.         0.11511639 0.         0.         0.         0.         0.         0.         0.         0.12210403 0.         0.         0.13042012 0.         0.         0.         0.         0.12099971 0.         0.11168095 0.         0.         0.         0.         0.11061689 0.28906191 0.         0.         0.        ],[0. 0. 0. 1. 0. 0. 0. 0. 0. 0. 0. 1. 0. 0. 1. 0. 0. 0. 0. 1. 0. 1. 0. 0. 0. 0. 1. 1. 0. 0. 0.],7.0,1000,100,0.01,0.0035,1,6,random,,best,single_objective
87,0.19327158865335775,0.19327158865335775,0.003721295646,[0.         0.         0.         0.11511639 0.         0.         0.         0.         0.         0.         0.         0.12210403 0.         0.         0.13152629 0.         0.         0.         0.         0.12099971 0.         0.11168095 0.         0.         0.         0.         0.10951072 0.28906191 0.         0.         0.        ],[0. 0. 0. 1. 0. 0. 0. 0. 0. 0. 0. 1. 0. 0. 1. 0. 0. 0. 0. 1. 0. 1. 0. 0. 0. 0. 1. 1. 0. 0. 0.],7.0,1000,100,0.01,0.0035,1,6,random,,best,single_objective
88,0.19327158865335775,0.19327158865335775,0.003721295646,[0.         0.         0.         0.11511639 0.         0.         0.         0.         0.         0.         0.         0.12210403 0.         0.         0.13152629 0.         0.         0.         0.         0.12099971 0.         0.11168095 0.         0.         0.         0.         0.10951072 0.28906191 0.         0.         0.        ],[0. 0. 0. 1. 0. 0. 0. 0. 0. 0. 0. 1. 0. 0. 1. 0. 0. 0. 0. 1. 0. 1. 0. 0. 0. 0. 1. 1. 0. 0. 0.],7.0,1000,100,0.01,0.0035,1,6,random,,best,single_objective
89,0.1932200305391637,0.19598105323421167,0.003721295646,[0.         0.         0.         0.11396523 0.         0.         0.         0.         0.         0.         0.         0.12325519 0.         0.         0.13152629 0.         0.         0.         0.         0.12099971 0.         0.11168095 0.         0.         0.         0.         0.10951072 0.28906191 0.         0.         0.        ],[0. 0. 0. 1. 0. 0. 0. 0. 0. 0. 0. 1. 0. 0. 1. 0. 0. 0. 0. 1. 0. 1. 0. 0. 0. 0. 1. 1. 0. 0. 0.],7.0,1000,100,0.01,0.0035,1,6,random,,best,single_objective
90,0.19291122594483823,0.19291122594483823,0.003721295646,[0.         0.         0.         0.11282558 0.         0.         0.         0.         0.         0.         0.         0.12325519 0.         0.         0.13152629 0.         0.         0.         0.         0.12099971 0.         0.11168095 0.         0.         0.         0.         0.10951072 0.29020156 0.         0.         0.        ],[0. 0. 0. 1. 0. 0. 0. 0. 0. 0. 0. 1. 0. 0. 1. 0. 0. 0. 0. 1. 0. 1. 0. 0. 0. 0. 1. 1. 0. 0. 0.],7.0,1000,100,0.01,0.0035,1,6,random,,best,single_objective
91,0.19285260209190433,0.19285260209190433,0.003721295646,[0.         0.         0.         0.11282558 0.         0.         0.         0.         0.         0.         0.         0.12325519 0.         0.         0.1326214  0.         0.         0.         0.         0.12099971 0.         0.11168095 0.         0.         0.         0.         0.10841561 0.29020156 0.         0.         0.        ],[0. 0. 0. 1. 0. 0. 0. 0. 0. 0. 0. 1. 0. 0. 1. 0. 0. 0. 0. 1. 0. 1. 0. 0. 0. 0. 1. 1. 0. 0. 0.],7.0,1000,100,0.01,0.0035,1,6,random,,best,single_objective
92,0.19278684948737843,0.19278684948737843,0.003721295646,[0.         0.         0.         0.11169732 0.         0.         0.         0.         0.         0.         0.         0.12325519 0.         0.         0.13374965 0.         0.         0.         0.         0.12099971 0.         0.11168095 0.         0.         0.         0.         0.10841561 0.29020156 0.         0.         0.        ],[0. 0. 0. 1. 0. 0. 0. 0. 0. 0. 0. 1. 0. 0. 1. 0. 0. 0. 0. 1. 0. 1. 0. 0. 0. 0. 1. 1. 0. 0. 0.],7.0,1000,100,0.01,0.0035,1,6,random,,best,single_objective
93,0.19278684948737843,0.19278684948737843,0.003721295646,[0.         0.         0.         0.11169732 0.         0.         0.         0.         0.         0.         0.         0.12325519 0.         0.         0.13374965 0.         0.         0.         0.         0.12099971 0.         0.11168095 0.         0.         0.         0.         0.10841561 0.29020156 0.         0.         0.        ],[0. 0. 0. 1. 0. 0. 0. 0. 0. 0. 0. 1. 0. 0. 1. 0. 0. 0. 0. 1. 0. 1. 0. 0. 0. 0. 1. 1. 0. 0. 0.],7.0,1000,100,0.01,0.0035,1,6,random,,best,single_objective
94,0.19278684948737843,0.19554094733719812,0.003721295646,[0.         0.         0.         0.11169732 0.         0.         0.         0.         0.         0.         0.         0.12325519 0.         0.         0.13374965 0.         0.         0.         0.         0.12099971 0.         0.11168095 0.         0.         0.         0.         0.10841561 0.29020156 0.         0.         0.        ],[0. 0. 0. 1. 0. 0. 0. 0. 0. 0. 0. 1. 0. 0. 1. 0. 0. 0. 0. 1. 0. 1. 0. 0. 0. 0. 1. 1. 0. 0. 0.],7.0,1000,100,0.01,0.0035,1,6,random,,best,single_objective
95,0.1927203978694346,0.198228593569074,0.003721295646,[0.         0.         0.         0.11058035 0.         0.         0.         0.         0.         0.         0.         0.12325519 0.         0.         0.13486662 0.         0.         0.         0.         0.12099971 0.         0.11168095 0.         0.         0.         0.         0.10841561 0.29020156 0.         0.         0.        ],[0. 0. 0. 1. 0. 0. 0. 0. 0. 0. 0. 1. 0. 0. 1. 0. 0. 0. 0. 1. 0. 1. 0. 0. 0. 0. 1. 1. 0. 0. 0.],7.0,1000,100,0.01,0.0035,1,6,random,,best,single_objective
96,0.1927203978694346,0.1927203978694346,0.003721295646,[0.         0.         0.         0.11058035 0.         0.         0.         0.         0.         0.         0.         0.12325519 0.         0.         0.13486662 0.         0.         0.         0.         0.12099971 0.         0.11168095 0.         0.         0.         0.         0.10841561 0.29020156 0.         0.         0.        ],[0. 0. 0. 1. 0. 0. 0. 0. 0. 0. 0. 1. 0. 0. 1. 0. 0. 0. 0. 1. 0. 1. 0. 0. 0. 0. 1. 1. 0. 0. 0.],7.0,1000,100,0.01,0.0035,1,6,random,,best,single_objective
97,0.1927203978694346,0.19547354641042652,0.003721295646,[0.         0.         0.         0.11058035 0.         0.         0.         0.         0.         0.         0.         0.12325519 0.         0.         0.13486662 0.         0.         0.         0.         0.12099971 0.         0.11168095 0.         0.         0.         0.         0.10841561 0.29020156 0.         0.         0.        ],[0. 0. 0. 1. 0. 0. 0. 0. 0. 0. 0. 1. 0. 0. 1. 0. 0. 0. 0. 1. 0. 1. 0. 0. 0. 0. 1. 1. 0. 0. 0.],7.0,1000,100,0.01,0.0035,1,6,random,,best,single_objective
98,0.1927203978694346,0.19822669495141845,0.003721295646,[0.         0.         0.         0.11058035 0.         0.         0.         0.         0.         0.         0.         0.12325519 0.         0.         0.13486662 0.         0.         0.         0.         0.12099971 0.         0.11168095 0.         0.         0.         0.         0.10841561 0.29020156 0.         0.         0.        ],[0. 0. 0. 1. 0. 0. 0. 0. 0. 0. 0. 1. 0. 0. 1. 0. 0. 0. 0. 1. 0. 1. 0. 0. 0. 0. 1. 1. 0. 0. 0.],7.0,1000,100,0.01,0.0035,1,6,random,,best,single_objective
99,0.1927203978694346,0.20097984349241035,0.003721295646,[0.         0.         0.         0.11058035 0.         0.         0.         0.         0.         0.         0.         0.12325519 0.         0.         0.13486662 0.         0.         0.         0.         0.12099971 0.         0.11168095 0.         0.         0.         0.         0.10841561 0.29020156 0.         0.         0.        ],[0. 0. 0. 1. 0. 0. 0. 0. 0. 0. 0. 1. 0. 0. 1. 0. 0. 0. 0. 1. 0. 1. 0. 0. 0. 0. 1. 1. 0. 0. 0.],7.0,1000,100,0.01,0.0035,1,6,random,,best,single_objective
100,0.19247672497310245,0.20348931913707013,0.003721295646,[0.         0.         0.         0.11058035 0.         0.         0.         0.         0.         0.         0.         0.12325519 0.         0.         0.13486662 0.         0.         0.         0.         0.12099971 0.         0.11056414 0.         0.         0.         0.         0.10841561 0.29131837 0.         0.         0.        ],[0. 0. 0. 1. 0. 0. 0. 0. 0. 0. 0. 1. 0. 0. 1. 0. 0. 0. 0. 1. 0. 1. 0. 0. 0. 0. 1. 1. 0. 0. 0.],7.0,1000,100,0.01,0.0035,1,6,random,,best,single_objective
101,0.19241633188773102,0.19241633188773102,0.003721295646,[0.         0.         0.         0.11058035 0.         0.         0.         0.         0.         0.         0.         0.12325519 0.         0.         0.13595078 0.         0.         0.         0.         0.12099971 0.         0.11056414 0.         0.         0.         0.         0.10733146 0.29131837 0.         0.         0.        ],[0. 0. 0. 1. 0. 0. 0. 0. 0. 0. 0. 1. 0. 0. 1. 0. 0. 0. 0. 1. 0. 1. 0. 0. 0. 0. 1. 1. 0. 0. 0.],7.0,1000,100,0.01,0.0035,1,6,random,,best,single_objective
102,0.19241633188773102,0.19241633188773102,0.003721295646,[0.         0.         0.         0.11058035 0.         0.         0.         0.         0.         0.         0.         0.12325519 0.         0.         0.13595078 0.         0.         0.         0.         0.12099971 0.         0.11056414 0.         0.         0.         0.         0.10733146 0.29131837 0.         0.         0.        ],[0. 0. 0. 1. 0. 0. 0. 0. 0. 0. 0. 1. 0. 0. 1. 0. 0. 0. 0. 1. 0. 1. 0. 0. 0. 0. 1. 1. 0. 0. 0.],7.0,1000,100,0.01,0.0035,1,6,random,,best,single_objective
103,0.19241633188773102,0.19516513662898433,0.003721295646,[0.         0.         0.         0.11058035 0.         0.         0.         0.         0.         0.         0.         0.12325519 0.         0.         0.13595078 0.         0.         0.         0.         0.12099971 0.         0.11056414 0.         0.         0.         0.         0.10733146 0.29131837 0.         0.         0.        ],[0. 0. 0. 1. 0. 0. 0. 0. 0. 0. 0. 1. 0. 0. 1. 0. 0. 0. 0. 1. 0. 1. 0. 0. 0. 0. 1. 1. 0. 0. 0.],7.0,1000,100,0.01,0.0035,1,6,random,,best,single_objective
104,0.19241633188773102,0.19791394137023763,0.003721295646,[0.         0.         0.         0.11058035 0.         0.         0.         0.         0.         0.         0.         0.12325519 0.         0.         0.13595078 0.         0.         0.         0.         0.12099971 0.         0.11056414 0.         0.         0.         0.         0.10733146 0.29131837 0.         0.         0.        ],[0. 0. 0. 1. 0. 0. 0. 0. 0. 0. 0. 1. 0. 0. 1. 0. 0. 0. 0. 1. 0. 1. 0. 0. 0. 0. 1. 1. 0. 0. 0.],7.0,1000,100,0.01,0.0035,1,6,random,,best,single_objective
105,0.19212850391158742,0.20037491813534733,0.003721295646,[0.         0.         0.         0.11058035 0.         0.         0.         0.         0.         0.         0.         0.12325519 0.         0.         0.13595078 0.         0.         0.         0.         0.12099971 0.         0.11056414 0.         0.         0.         0.         0.10625814 0.29239169 0.         0.         0.        ],[0. 0. 0. 1. 0. 0. 0. 0. 0. 0. 0. 1. 0. 0. 1. 0. 0. 0. 0. 1. 0. 1. 0. 0. 0. 0. 1. 1. 0. 0. 0.],7.0,1000,100,0.01,0.0035,1,6,random,,best,single_objective
106,0.19212850391158742,0.19212850391158742,0.003721295646,[0.         0.         0.         0.11058035 0.         0.         0.         0.         0.         0.         0.         0.12325519 0.         0.         0.13595078 0.         0.         0.         0.         0.12099971 0.         0.11056414 0.         0.         0.         0.         0.10625814 0.29239169 0.         0.         0.        ],[0. 0. 0. 1. 0. 0. 0. 0. 0. 0. 0. 1. 0. 0. 1. 0. 0. 0. 0. 1. 0. 1. 0. 0. 0. 0. 1. 1. 0. 0. 0.],7.0,1000,100,0.01,0.0035,1,6,random,,best,single_objective
107,0.19211116651638369,0.19485585942940636,0.003721295646,[0.         0.         0.         0.11058035 0.         0.         0.         0.         0.         0.         0.         0.12325519 0.         0.         0.13595078 0.         0.         0.         0.         0.12206229 0.         0.11056414 0.         0.         0.         0.         0.10519556 0.29239169 0.         0.         0.        ],[0. 0. 0. 1. 0. 0. 0. 0. 0. 0. 0. 1. 0. 0. 1. 0. 0. 0. 0. 1. 0. 1. 0. 0. 0. 0. 1. 1. 0. 0. 0.],7.0,1000,100,0.01,0.0035,1,6,random,,best,single_objective
108,0.19211116651638369,0.19211116651638369,0.003721295646,[0.         0.         0.         0.11058035 0.         0.         0.         0.         0.         0.         0.         0.12325519 0.         0.         0.13595078 0.         0.         0.         0.         0.12206229 0.         0.11056414 0.         0.         0.         0.         0.10519556 0.29239169 0.         0.         0.        ],[0. 0. 0. 1. 0. 0. 0. 0. 0. 0. 0. 1. 0. 0. 1. 0. 0. 0. 0. 1. 0. 1. 0. 0. 0. 0. 1. 1. 0. 0. 0.],7.0,1000,100,0.01,0.0035,1,6,random,,best,single_objective
109,0.19211116651638369,0.19485561175233201,0.003721295646,[0.         0.         0.         0.11058035 0.         0.         0.         0.         0.         0.         0.         0.12325519 0.         0.         0.13595078 0.         0.         0.         0.         0.12206229 0.         0.11056414 0.         0.         0.         0.         0.10519556 0.29239169 0.         0.         0.        ],[0. 0. 0. 1. 0. 0. 0. 0. 0. 0. 0. 1. 0. 0. 1. 0. 0. 0. 0. 1. 0. 1. 0. 0. 0. 0. 1. 1. 0. 0. 0.],7.0,1000,100,0.01,0.0035,1,6,random,,best,single_objective
110,0.19211116651638369,0.19760005698828037,0.003721295646,[0.         0.         0.         0.11058035 0.         0.         0.         0.         0.         0.         0.         0.12325519 0.         0.         0.13595078 0.         0.         0.         0.         0.12206229 0.         0.11056414 0.         0.         0.         0.         0.10519556 0.29239169 0.         0.         0.        ],[0. 0. 0. 1. 0. 0. 0. 0. 0. 0. 0. 1. 0. 0. 1. 0. 0. 0. 0. 1. 0. 1. 0. 0. 0. 0. 1. 1. 0. 0. 0.],7.0,1000,100,0.01,0.0035,1,6,random,,best,single_objective
111,0.19211116651638369,0.2003445022242287,0.003721295646,[0.         0.         0.         0.11058035 0.         0.         0.         0.         0.         0.         0.         0.12325519 0.         0.         0.13595078 0.         0.         0.         0.         0.12206229 0.         0.11056414 0.         0.         0.         0.         0.10519556 0.29239169 0.         0.         0.        ],[0. 0. 0. 1. 0. 0. 0. 0. 0. 0. 0. 1. 0. 0. 1. 0. 0. 0. 0. 1. 0. 1. 0. 0. 0. 0. 1. 1. 0. 0. 0.],7.0,1000,100,0.01,0.0035,1,6,random,,best,single_objective
112,0.19211116651638369,0.20308894746017703,0.003721295646,[0.         0.         0.         0.11058035 0.         0.         0.         0.         0.         0.         0.         0.12325519 0.         0.         0.13595078 0.         0.         0.         0.         0.12206229 0.         0.11056414 0.         0.         0.         0.         0.10519556 0.29239169 0.         0.         0.        ],[0. 0. 0. 1. 0. 0. 0. 0. 0. 0. 0. 1. 0. 0. 1. 0. 0. 0. 0. 1. 0. 1. 0. 0. 0. 0. 1. 1. 0. 0. 0.],7.0,1000,100,0.01,0.0035,1,6,random,,best,single_objective
113,0.19211116651638369,0.20583339269612538,0.003721295646,[0.         0.         0.         0.11058035 0.         0.         0.         0.         0.         0.         0.         0.12325519 0.         0.         0.13595078 0.         0.         0.         0.         0.12206229 0.         0.11056414 0.         0.         0.         0.         0.10519556 0.29239169 0.         0.         0.        ],[0. 0. 0. 1. 0. 0. 0. 0. 0. 0. 0. 1. 0. 0. 1. 0. 0. 0. 0. 1. 0. 1. 0. 0. 0. 0. 1. 1. 0. 0. 0.],7.0,1000,100,0.01,0.0035,1,6,random,,best,single_objective
114,0.19211116651638369,0.2085778379320737,0.003721295646,[0.         0.         0.         0.11058035 0.         0.         0.         0.         0.         0.         0.         0.12325519 0.         0.         0.13595078 0.         0.         0.         0.         0.12206229 0.         0.11056414 0.         0.         0.         0.         0.10519556 0.29239169 0.         0.         0.        ],[0. 0. 0. 1. 0. 0. 0. 0. 0. 0. 0. 1. 0. 0. 1. 0. 0. 0. 0. 1. 0. 1. 0. 0. 0. 0. 1. 1. 0. 0. 0.],7.0,1000,100,0.01,0.0035,1,6,random,,best,single_objective
115,0.19211116651638369,0.21132228316802204,0.003721295646,[0.         0.         0.         0.11058035 0.         0.         0.         0.         0.         0.         0.         0.12325519 0.         0.         0.13595078 0.         0.         0.         0.         0.12206229 0.         0.11056414 0.         0.         0.         0.         0.10519556 0.29239169 0.         0.         0.        ],[0. 0. 0. 1. 0. 0. 0. 0. 0. 0. 0. 1. 0. 0. 1. 0. 0. 0. 0. 1. 0. 1. 0. 0. 0. 0. 1. 1. 0. 0. 0.],7.0,1000,100,0.01,0.0035,1,6,random,,best,single_objective
116,0.19182747948686896,0.21378304137445567,0.003721295646,[0.         0.         0.         0.11058035 0.         0.         0.         0.         0.         0.         0.         0.12325519 0.         0.         0.13595078 0.         0.         0.         0.         0.12206229 0.         0.11056414 0.         0.         0.         0.         0.10414361 0.29344364 0.         0.         0.        ],[0. 0. 0. 1. 0. 0. 0. 0. 0. 0. 0. 1. 0. 0. 1. 0. 0. 0. 0. 1. 0. 1. 0. 0. 0. 0. 1. 1. 0. 0. 0.],7.0,1000,100,0.01,0.0035,1,6,random,,best,single_objective
117,0.19158554749643267,0.19158554749643267,0.003721295646,[0.         0.         0.         0.11058035 0.         0.         0.         0.         0.         0.         0.         0.12325519 0.         0.         0.13595078 0.         0.         0.         0.         0.12206229 0.         0.1094585  0.         0.         0.         0.         0.10414361 0.29454929 0.         0.         0.        ],[0. 0. 0. 1. 0. 0. 0. 0. 0. 0. 0. 1. 0. 0. 1. 0. 0. 0. 0. 1. 0. 1. 0. 0. 0. 0. 1. 1. 0. 0. 0.],7.0,1000,100,0.01,0.0035,1,6,random,,best,single_objective
118,0.19134544386149832,0.19134544386149832,0.003721295646,[0.         0.         0.         0.11058035 0.         0.         0.         0.         0.         0.         0.         0.12325519 0.         0.         0.13595078 0.         0.         0.         0.         0.12206229 0.         0.10836391 0.         0.         0.         0.         0.10414361 0.29564387 0.         0.         0.        ],[0. 0. 0. 1. 0. 0. 0. 0. 0. 0. 0. 1. 0. 0. 1. 0. 0. 0. 0. 1. 0. 1. 0. 0. 0. 0. 1. 1. 0. 0. 0.],7.0,1000,100,0.01,0.0035,1,6,random,,best,single_objective
119,0.19134544386149832,0.19134544386149832,0.003721295646,[0.         0.         0.         0.11058035 0.         0.         0.         0.         0.         0.         0.         0.12325519 0.         0.         0.13595078 0.         0.         0.         0.         0.12206229 0.         0.10836391 0.         0.         0.         0.         0.10414361 0.29564387 0.         0.         0.        ],[0. 0. 0. 1. 0. 0. 0. 0. 0. 0. 0. 1. 0. 0. 1. 0. 0. 0. 0. 1. 0. 1. 0. 0. 0. 0. 1. 1. 0. 0. 0.],7.0,1000,100,0.01,0.0035,1,6,random,,best,single_objective
120,0.19134544386149832,0.19407895020237687,0.003721295646,[0.         0.         0.         0.11058035 0.         0.         0.         0.         0.         0.         0.         0.12325519 0.         0.         0.13595078 0.         0.         0.         0.         0.12206229 0.         0.10836391 0.         0.         0.         0.         0.10414361 0.29564387 0.         0.         0.        ],[0. 0. 0. 1. 0. 0. 0. 0. 0. 0. 0. 1. 0. 0. 1. 0. 0. 0. 0. 1. 0. 1. 0. 0. 0. 0. 1. 1. 0. 0. 0.],7.0,1000,100,0.01,0.0035,1,6,random,,best,single_objective
121,0.19134544386149832,0.1968124565432554,0.003721295646,[0.         0.         0.         0.11058035 0.         0.         0.         0.         0.         0.         0.         0.12325519 0.         0.         0.13595078 0.         0.         0.         0.         0.12206229 0.         0.10836391 0.         0.         0.         0.         0.10414361 0.29564387 0.         0.         0.        ],[0. 0. 0. 1. 0. 0. 0. 0. 0. 0. 0. 1. 0. 0. 1. 0. 0. 0. 0. 1. 0. 1. 0. 0. 0. 0. 1. 1. 0. 0. 0.],7.0,1000,100,0.01,0.0035,1,6,random,,best,single_objective
122,0.19134544386149832,0.19954596288413395,0.003721295646,[0.         0.         0.         0.11058035 0.         0.         0.         0.         0.         0.         0.         0.12325519 0.         0.         0.13595078 0.         0.         0.         0.         0.12206229 0.         0.10836391 0.         0.         0.         0.         0.10414361 0.29564387 0.         0.         0.        ],[0. 0. 0. 1. 0. 0. 0. 0. 0. 0. 0. 1. 0. 0. 1. 0. 0. 0. 0. 1. 0. 1. 0. 0. 0. 0. 1. 1. 0. 0. 0.],7.0,1000,100,0.01,0.0035,1,6,random,,best,single_objective
123,0.19134544386149832,0.2022794692250125,0.003721295646,[0.         0.         0.         0.11058035 0.         0.         0.         0.         0.         0.         0.         0.12325519 0.         0.         0.13595078 0.         0.         0.         0.         0.12206229 0.         0.10836391 0.         0.         0.         0.         0.10414361 0.29564387 0.         0.         0.        ],[0. 0. 0. 1. 0. 0. 0. 0. 0. 0. 0. 1. 0. 0. 1. 0. 0. 0. 0. 1. 0. 1. 0. 0. 0. 0. 1. 1. 0. 0. 0.],7.0,1000,100,0.01,0.0035,1,6,random,,best,single_objective
124,0.19134544386149832,0.20501297556589107,0.003721295646,[0.         0.         0.         0.11058035 0.         0.         0.         0.         0.         0.         0.         0.12325519 0.         0.         0.13595078 0.         0.         0.         0.         0.12206229 0.         0.10836391 0.         0.         0.         0.         0.10414361 0.29564387 0.         0.         0.        ],[0. 0. 0. 1. 0. 0. 0. 0. 0. 0. 0. 1. 0. 0. 1. 0. 0. 0. 0. 1. 0. 1. 0. 0. 0. 0. 1. 1. 0. 0. 0.],7.0,1000,100,0.01,0.0035,1,6,random,,best,single_objective
125,0.19134544386149832,0.20774648190676961,0.003721295646,[0.         0.         0.         0.11058035 0.         0.         0.         0.         0.         0.         0.         0.12325519 0.         0.         0.13595078 0.         0.         0.         0.         0.12206229 0.         0.10836391 0.         0.         0.         0.         0.10414361 0.29564387 0.         0.         0.        ],[0. 0. 0. 1. 0. 0. 0. 0. 0. 0. 0. 1. 0. 0. 1. 0. 0. 0. 0. 1. 0. 1. 0. 0. 0. 0. 1. 1. 0. 0. 0.],7.0,1000,100,0.01,0.0035,1,6,random,,best,single_objective
126,0.19134544386149832,0.21047998824764816,0.003721295646,[0.         0.         0.         0.11058035 0.         0.         0.         0.         0.         0.         0.         0.12325519 0.         0.         0.13595078 0.         0.         0.         0.         0.12206229 0.         0.10836391 0.         0.         0.         0.         0.10414361 0.29564387 0.         0.         0.        ],[0. 0. 0. 1. 0. 0. 0. 0. 0. 0. 0. 1. 0. 0. 1. 0. 0. 0. 0. 1. 0. 1. 0. 0. 0. 0. 1. 1. 0. 0. 0.],7.0,1000,100,0.01,0.0035,1,6,random,,best,single_objective
127,0.19134544386149832,0.2132134945885267,0.003721295646,[0.         0.         0.         0.11058035 0.         0.         0.         0.         0.         0.         0.         0.12325519 0.         0.         0.13595078 0.         0.         0.         0.         0.12206229 0.         0.10836391 0.         0.         0.         0.         0.10414361 0.29564387 0.         0.         0.        ],[0. 0. 0. 1. 0. 0. 0. 0. 0. 0. 0. 1. 0. 0. 1. 0. 0. 0. 0. 1. 0. 1. 0. 0. 0. 0. 1. 1. 0. 0. 0.],7.0,1000,100,0.01,0.0035,1,6,random,,best,single_objective
128,0.19134544386149832,0.21594700092940525,0.003721295646,[0.         0.         0.         0.11058035 0.         0.         0.         0.         0.         0.         0.         0.12325519 0.         0.         0.13595078 0.         0.         0.         0.         0.12206229 0.         0.10836391 0.         0.         0.         0.         0.10414361 0.29564387 0.         0.         0.        ],[0. 0. 0. 1. 0. 0. 0. 0. 0. 0. 0. 1. 0. 0. 1. 0. 0. 0. 0. 1. 0. 1. 0. 0. 0. 0. 1. 1. 0. 0. 0.],7.0,1000,100,0.01,0.0035,1,6,random,,best,single_objective
129,0.19134544386149832,0.2186805072702838,0.003721295646,[0.         0.         0.         0.11058035 0.         0.         0.         0.         0.         0.         0.         0.12325519 0.         0.         0.13595078 0.         0.         0.         0.         0.12206229 0.         0.10836391 0.         0.         0.         0.         0.10414361 0.29564387 0.         0.         0.        ],[0. 0. 0. 1. 0. 0. 0. 0. 0. 0. 0. 1. 0. 0. 1. 0. 0. 0. 0. 1. 0. 1. 0. 0. 0. 0. 1. 1. 0. 0. 0.],7.0,1000,100,0.01,0.0035,1,6,random,,best,single_objective
130,0.19134544386149832,0.22141401361116234,0.003721295646,[0.         0.         0.         0.11058035 0.         0.         0.         0.         0.         0.         0.         0.12325519 0.         0.         0.13595078 0.         0.         0.         0.         0.12206229 0.         0.10836391 0.         0.         0.         0.         0.10414361 0.29564387 0.         0.         0.        ],[0. 0. 0. 1. 0. 0. 0. 0. 0. 0. 0. 1. 0. 0. 1. 0. 0. 0. 0. 1. 0. 1. 0. 0. 0. 0. 1. 1. 0. 0. 0.],7.0,1000,100,0.01,0.0035,1,6,random,,best,single_objective
131,0.19134544386149832,0.2241475199520409,0.003721295646,[0.         0.         0.         0.11058035 0.         0.         0.         0.         0.         0.         0.         0.12325519 0.         0.         0.13595078 0.         0.         0.         0.         0.12206229 0.         0.10836391 0.         0.         0.         0.         0.10414361 0.29564387 0.         0.         0.        ],[0. 0. 0. 1. 0. 0. 0. 0. 0. 0. 0. 1. 0. 0. 1. 0. 0. 0. 0. 1. 0. 1. 0. 0. 0. 0. 1. 1. 0. 0. 0.],7.0,1000,100,0.01,0.0035,1,6,random,,best,single_objective
132,0.19106387936403166,0.22659946179545276,0.003721295646,[0.         0.         0.         0.11058035 0.         0.         0.         0.         0.         0.         0.         0.12325519 0.         0.         0.13595078 0.         0.         0.         0.         0.12206229 0.         0.10836391 0.         0.         0.         0.         0.10310217 0.29668531 0.         0.         0.        ],[0. 0. 0. 1. 0. 0. 0. 0. 0. 0. 0. 1. 0. 0. 1. 0. 0. 0. 0. 1. 0. 1. 0. 0. 0. 0. 1. 1. 0. 0. 0.],7.0,1000,100,0.01,0.0035,1,6,random,,best,single_objective
133,0.19082561445549273,0.19082561445549273,0.003721295646,[0.         0.         0.         0.11058035 0.         0.         0.         0.         0.         0.         0.         0.12325519 0.         0.         0.13595078 0.         0.         0.         0.         0.12206229 0.         0.10728027 0.         0.         0.         0.         0.10310217 0.29776895 0.         0.         0.        ],[0. 0. 0. 1. 0. 0. 0. 0. 0. 0. 0. 1. 0. 0. 1. 0. 0. 0. 0. 1. 0. 1. 0. 0. 0. 0. 1. 1. 0. 0. 0.],7.0,1000,100,0.01,0.0035,1,6,random,,best,single_objective
134,0.19075851324289925,0.19075851324289925,0.003721295646,[0.         0.         0.         0.10947455 0.         0.         0.         0.         0.         0.         0.         0.12325519 0.         0.         0.13705658 0.         0.         0.         0.         0.12206229 0.         0.10728027 0.         0.         0.         0.         0.10310217 0.29776895 0.         0.         0.        ],[0. 0. 0. 1. 0. 0. 0. 0. 0. 0. 0. 1. 0. 0. 1. 0. 0. 0. 0. 1. 0. 1. 0. 0. 0. 0. 1. 1. 0. 0. 0.],7.0,1000,100,0.01,0.0035,1,6,random,,best,single_objective
135,0.19075851324289925,0.19075851324289925,0.003721295646,[0.         0.         0.         0.10947455 0.         0.         0.         0.         0.         0.         0.         0.12325519 0.         0.         0.13705658 0.         0.         0.         0.         0.12206229 0.         0.10728027 0.         0.         0.         0.         0.10310217 0.29776895 0.         0.         0.        ],[0. 0. 0. 1. 0. 0. 0. 0. 0. 0. 0. 1. 0. 0. 1. 0. 0. 0. 0. 1. 0. 1. 0. 0. 0. 0. 1. 1. 0. 0. 0.],7.0,1000,100,0.01,0.0035,1,6,random,,best,single_objective
136,0.19052205125487173,0.19324717287262744,0.003721295646,[0.         0.         0.         0.10947455 0.         0.         0.         0.         0.         0.         0.         0.12325519 0.         0.         0.13705658 0.         0.         0.         0.         0.12206229 0.         0.10620747 0.         0.         0.         0.         0.10310217 0.29884175 0.         0.         0.        ],[0. 0. 0. 1. 0. 0. 0. 0. 0. 0. 0. 1. 0. 0. 1. 0. 0. 0. 0. 1. 0. 1. 0. 0. 0. 0. 1. 1. 0. 0. 0.],7.0,1000,100,0.01,0.0035,1,6,random,,best,single_objective
137,0.19052205125487173,0.19052205125487173,0.003721295646,[0.         0.         0.         0.10947455 0.         0.         0.         0.         0.         0.         0.         0.12325519 0.         0.         0.13705658 0.         0.         0.         0.         0.12206229 0.         0.10620747 0.         0.         0.         0.         0.10310217 0.29884175 0.         0.         0.        ],[0. 0. 0. 1. 0. 0. 0. 0. 0. 0. 0. 1. 0. 0. 1. 0. 0. 0. 0. 1. 0. 1. 0. 0. 0. 0. 1. 1. 0. 0. 0.],7.0,1000,100,0.01,0.0035,1,6,random,,best,single_objective
138,0.19024280982589042,0.19296455341524574,0.003721295646,[0.         0.         0.         0.10947455 0.         0.         0.         0.         0.         0.         0.         0.12325519 0.         0.         0.13705658 0.         0.         0.         0.         0.12206229 0.         0.10620747 0.         0.         0.         0.         0.10207115 0.29987277 0.         0.         0.        ],[0. 0. 0. 1. 0. 0. 0. 0. 0. 0. 0. 1. 0. 0. 1. 0. 0. 0. 0. 1. 0. 1. 0. 0. 0. 0. 1. 1. 0. 0. 0.],7.0,1000,100,0.01,0.0035,1,6,random,,best,single_objective
139,0.1901809334597318,0.1901809334597318,0.003721295646,[0.         0.         0.         0.10947455 0.         0.         0.         0.         0.         0.         0.         0.12325519 0.         0.         0.1380773  0.         0.         0.         0.         0.12206229 0.         0.10620747 0.         0.         0.         0.         0.10105044 0.29987277 0.         0.         0.        ],[0. 0. 0. 1. 0. 0. 0. 0. 0. 0. 0. 1. 0. 0. 1. 0. 0. 0. 0. 1. 0. 1. 0. 0. 0. 0. 1. 1. 0. 0. 0.],7.0,1000,100,0.01,0.0035,1,6,random,,best,single_objective
140,0.1899059561905056,0.1899059561905056,0.003721295646,[0.         0.         0.         0.10947455 0.         0.         0.         0.         0.         0.         0.         0.12325519 0.         0.         0.1380773  0.         0.         0.         0.         0.12206229 0.         0.10620747 0.         0.         0.         0.         0.10003993 0.30088327 0.         0.         0.        ],[0. 0. 0. 1. 0. 0. 0. 0. 0. 0. 0. 1. 0. 0. 1. 0. 0. 0. 0. 1. 0. 1. 0. 0. 0. 0. 1. 1. 0. 0. 0.],7.0,1000,100,0.01,0.0035,1,6,random,,best,single_objective
141,0.16374171545236985,0.16374171545236985,0.003721295646,[0.         0.         0.         0.10947455 0.         0.         0.         0.         0.         0.         0.         0.12325519 0.         0.         0.1380773  0.         0.         0.         0.         0.12206229 0.         0.10620747 0.         0.         0.         0.1        0.         0.30088327 0.         0.         0.        ],[0. 0. 0. 1. 0. 0. 0. 0. 0. 0. 0. 1. 0. 0. 1. 0. 0. 0. 0. 1. 0. 1. 0. 0. 0. 1. 0. 1. 0. 0. 0.],7.0,1000,100,0.01,0.0035,1,6,random,,best,single_objective
142,0.16374171545236985,0.16374171545236985,0.003721295646,[0.         0.         0.         0.10947455 0.         0.         0.         0.         0.         0.         0.         0.12325519 0.         0.         0.1380773  0.         0.         0.         0.         0.12206229 0.         0.10620747 0.         0.         0.         0.1        0.         0.30088327 0.         0.         0.        ],[0. 0. 0. 1. 0. 0. 0. 0. 0. 0. 0. 1. 0. 0. 1. 0. 0. 0. 0. 1. 0. 1. 0. 0. 0. 1. 0. 1. 0. 0. 0.],7.0,1000,100,0.01,0.0035,1,6,random,,best,single_objective
143,0.16374171545236985,0.16608088281597513,0.003721295646,[0.         0.         0.         0.10947455 0.         0.         0.         0.         0.         0.         0.         0.12325519 0.         0.         0.1380773  0.         0.         0.         0.         0.12206229 0.         0.10620747 0.         0.         0.         0.1        0.         0.30088327 0.         0.         0.        ],[0. 0. 0. 1. 0. 0. 0. 0. 0. 0. 0. 1. 0. 0. 1. 0. 0. 0. 0. 1. 0. 1. 0. 0. 0. 1. 0. 1. 0. 0. 0.],7.0,1000,100,0.01,0.0035,1,6,random,,best,single_objective
144,0.16374171545236985,0.16842005017958042,0.003721295646,[0.         0.         0.         0.10947455 0.         0.         0.         0.         0.         0.         0.         0.12325519 0.         0.         0.1380773  0.         0.         0.         0.         0.12206229 0.         0.10620747 0.         0.         0.         0.1        0.         0.30088327 0.         0.         0.        ],[0. 0. 0. 1. 0. 0. 0. 0. 0. 0. 0. 1. 0. 0. 1. 0. 0. 0. 0. 1. 0. 1. 0. 0. 0. 1. 0. 1. 0. 0. 0.],7.0,1000,100,0.01,0.0035,1,6,random,,best,single_objective
145,0.16374171545236985,0.1707592175431857,0.003721295646,[0.         0.         0.         0.10947455 0.         0.         0.         0.         0.         0.         0.         0.12325519 0.         0.         0.1380773  0.         0.         0.         0.         0.12206229 0.         0.10620747 0.         0.         0.         0.1        0.         0.30088327 0.         0.         0.        ],[0. 0. 0. 1. 0. 0. 0. 0. 0. 0. 0. 1. 0. 0. 1. 0. 0. 0. 0. 1. 0. 1. 0. 0. 0. 1. 0. 1. 0. 0. 0.],7.0,1000,100,0.01,0.0035,1,6,random,,best,single_objective
146,0.16374171545236985,0.17309838490679097,0.003721295646,[0.         0.         0.         0.10947455 0.         0.         0.         0.         0.         0.         0.         0.12325519 0.         0.         0.1380773  0.         0.         0.         0.         0.12206229 0.         0.10620747 0.         0.         0.         0.1        0.         0.30088327 0.         0.         0.        ],[0. 0. 0. 1. 0. 0. 0. 0. 0. 0. 0. 1. 0. 0. 1. 0. 0. 0. 0. 1. 0. 1. 0. 0. 0. 1. 0. 1. 0. 0. 0.],7.0,1000,100,0.01,0.0035,1,6,random,,best,single_objective
147,0.1634567971601782,0.1751526339782046,0.003721295646,[0.         0.         0.         0.10947455 0.         0.         0.         0.         0.         0.         0.         0.12325519 0.         0.         0.1380773  0.         0.         0.         0.         0.12084166 0.         0.10620747 0.         0.         0.         0.1        0.         0.3021039  0.         0.         0.        ],[0. 0. 0. 1. 0. 0. 0. 0. 0. 0. 0. 1. 0. 0. 1. 0. 0. 0. 0. 1. 0. 1. 0. 0. 0. 1. 0. 1. 0. 0. 0.],7.0,1000,100,0.01,0.0035,1,6,random,,best,single_objective
148,0.1634567971601782,0.1634567971601782,0.003721295646,[0.         0.         0.         0.10947455 0.         0.         0.         0.         0.         0.         0.         0.12325519 0.         0.         0.1380773  0.         0.         0.         0.         0.12084166 0.         0.10620747 0.         0.         0.         0.1        0.         0.3021039  0.         0.         0.        ],[0. 0. 0. 1. 0. 0. 0. 0. 0. 0. 0. 1. 0. 0. 1. 0. 0. 0. 0. 1. 0. 1. 0. 0. 0. 1. 0. 1. 0. 0. 0.],7.0,1000,100,0.01,0.0035,1,6,random,,best,single_objective
149,0.1634567971601782,0.16579189426246646,0.003721295646,[0.         0.         0.         0.10947455 0.         0.         0.         0.         0.         0.         0.         0.12325519 0.         0.         0.1380773  0.         0.         0.         0.         0.12084166 0.         0.10620747 0.         0.         0.         0.1        0.         0.3021039  0.         0.         0.        ],[0. 0. 0. 1. 0. 0. 0. 0. 0. 0. 0. 1. 0. 0. 1. 0. 0. 0. 0. 1. 0. 1. 0. 0. 0. 1. 0. 1. 0. 0. 0.],7.0,1000,100,0.01,0.0035,1,6,random,,best,single_objective
150,0.1634567971601782,0.1681269913647547,0.003721295646,[0.         0.         0.         0.10947455 0.         0.         0.         0.         0.         0.         0.         0.12325519 0.         0.         0.1380773  0.         0.         0.         0.         0.12084166 0.         0.10620747 0.         0.         0.         0.1        0.         0.3021039  0.         0.         0.        ],[0. 0. 0. 1. 0. 0. 0. 0. 0. 0. 0. 1. 0. 0. 1. 0. 0. 0. 0. 1. 0. 1. 0. 0. 0. 1. 0. 1. 0. 0. 0.],7.0,1000,100,0.01,0.0035,1,6,random,,best,single_objective
151,0.1634567971601782,0.17046208846704297,0.003721295646,[0.         0.         0.         0.10947455 0.         0.         0.         0.         0.         0.         0.         0.12325519 0.         0.         0.1380773  0.         0.         0.         0.         0.12084166 0.         0.10620747 0.         0.         0.         0.1        0.         0.3021039  0.         0.         0.        ],[0. 0. 0. 1. 0. 0. 0. 0. 0. 0. 0. 1. 0. 0. 1. 0. 0. 0. 0. 1. 0. 1. 0. 0. 0. 1. 0. 1. 0. 0. 0.],7.0,1000,100,0.01,0.0035,1,6,random,,best,single_objective
152,0.1634567971601782,0.17279718556933124,0.003721295646,[0.         0.         0.         0.10947455 0.         0.         0.         0.         0.         0.         0.         0.12325519 0.         0.         0.1380773  0.         0.         0.         0.         0.12084166 0.         0.10620747 0.         0.         0.         0.1        0.         0.3021039  0.         0.         0.        ],[0. 0. 0. 1. 0. 0. 0. 0. 0. 0. 0. 1. 0. 0. 1. 0. 0. 0. 0. 1. 0. 1. 0. 0. 0. 1. 0. 1. 0. 0. 0.],7.0,1000,100,0.01,0.0035,1,6,random,,best,single_objective
153,0.16317937424273957,0.17485485975418086,0.003721295646,[0.         0.         0.         0.1083798  0.         0.         0.         0.         0.         0.         0.         0.12325519 0.         0.         0.1380773  0.         0.         0.         0.         0.12084166 0.         0.10620747 0.         0.         0.         0.1        0.         0.30319864 0.         0.         0.        ],[0. 0. 0. 1. 0. 0. 0. 0. 0. 0. 0. 1. 0. 0. 1. 0. 0. 0. 0. 1. 0. 1. 0. 0. 0. 1. 0. 1. 0. 0. 0.],7.0,1000,100,0.01,0.0035,1,6,random,,best,single_objective
154,0.16317937424273957,0.16317937424273957,0.003721295646,[0.         0.         0.         0.1083798  0.         0.         0.         0.         0.         0.         0.         0.12325519 0.         0.         0.1380773  0.         0.         0.         0.         0.12084166 0.         0.10620747 0.         0.         0.         0.1        0.         0.30319864 0.         0.         0.        ],[0. 0. 0. 1. 0. 0. 0. 0. 0. 0. 0. 1. 0. 0. 1. 0. 0. 0. 0. 1. 0. 1. 0. 0. 0. 1. 0. 1. 0. 0. 0.],7.0,1000,100,0.01,0.0035,1,6,random,,best,single_objective
155,0.16293504972125247,0.1652661836390059,0.003721295646,[0.         0.         0.         0.1083798  0.         0.         0.         0.         0.         0.         0.         0.12325519 0.         0.         0.1380773  0.         0.         0.         0.         0.11963325 0.         0.10620747 0.         0.         0.         0.10120842 0.         0.30319864 0.         0.         0.        ],[0. 0. 0. 1. 0. 0. 0. 0. 0. 0. 0. 1. 0. 0. 1. 0. 0. 0. 0. 1. 0. 1. 0. 0. 0. 1. 0. 1. 0. 0. 0.],7.0,1000,100,0.01,0.0035,1,6,random,,best,single_objective
156,0.16293504972125247,0.16293504972125247,0.003721295646,[0.         0.         0.         0.1083798  0.         0.         0.         0.         0.         0.         0.         0.12325519 0.         0.         0.1380773  0.         0.         0.         0.         0.11963325 0.         0.10620747 0.         0.         0.         0.10120842 0.         0.30319864 0.         0.         0.        ],[0. 0. 0. 1. 0. 0. 0. 0. 0. 0. 0. 1. 0. 0. 1. 0. 0. 0. 0. 1. 0. 1. 0. 0. 0. 1. 0. 1. 0. 0. 0.],7.0,1000,100,0.01,0.0035,1,6,random,,best,single_objective
157,0.16269232064010297,0.16501996420754944,0.003721295646,[0.         0.         0.         0.1083798  0.         0.         0.         0.         0.         0.         0.         0.12325519 0.         0.         0.1380773  0.         0.         0.         0.         0.11843692 0.         0.10620747 0.         0.         0.         0.10240475 0.         0.30319864 0.         0.         0.        ],[0. 0. 0. 1. 0. 0. 0. 0. 0. 0. 0. 1. 0. 0. 1. 0. 0. 0. 0. 1. 0. 1. 0. 0. 0. 1. 0. 1. 0. 0. 0.],7.0,1000,100,0.01,0.0035,1,6,random,,best,single_objective
158,0.16241631435459533,0.16241631435459533,0.003721295646,[0.         0.         0.         0.1083798  0.         0.         0.         0.         0.         0.         0.         0.12325519 0.         0.         0.13669652 0.         0.         0.         0.         0.11843692 0.         0.10620747 0.         0.         0.         0.10240475 0.         0.30457942 0.         0.         0.        ],[0. 0. 0. 1. 0. 0. 0. 0. 0. 0. 0. 1. 0. 0. 1. 0. 0. 0. 0. 1. 0. 1. 0. 0. 0. 1. 0. 1. 0. 0. 0.],7.0,1000,100,0.01,0.0035,1,6,random,,best,single_objective
159,0.16241631435459533,0.16241631435459533,0.003721295646,[0.         0.         0.         0.1083798  0.         0.         0.         0.         0.         0.         0.         0.12325519 0.         0.         0.13669652 0.         0.         0.         0.         0.11843692 0.         0.10620747 0.         0.         0.         0.10240475 0.         0.30457942 0.         0.         0.        ],[0. 0. 0. 1. 0. 0. 0. 0. 0. 0. 0. 1. 0. 0. 1. 0. 0. 0. 0. 1. 0. 1. 0. 0. 0. 1. 0. 1. 0. 0. 0.],7.0,1000,100,0.01,0.0035,1,6,random,,best,single_objective
160,0.16213793146616656,0.16445816452837506,0.003721295646,[0.         0.         0.         0.1083798  0.         0.         0.         0.         0.         0.         0.         0.12325519 0.         0.         0.13669652 0.         0.         0.         0.         0.11725255 0.         0.10620747 0.         0.         0.         0.10240475 0.         0.30576379 0.         0.         0.        ],[0. 0. 0. 1. 0. 0. 0. 0. 0. 0. 0. 1. 0. 0. 1. 0. 0. 0. 0. 1. 0. 1. 0. 0. 0. 1. 0. 1. 0. 0. 0.],7.0,1000,100,0.01,0.0035,1,6,random,,best,single_objective
161,0.16213793146616656,0.16213793146616656,0.003721295646,[0.         0.         0.         0.1083798  0.         0.         0.         0.         0.         0.         0.         0.12325519 0.         0.         0.13669652 0.         0.         0.         0.         0.11725255 0.         0.10620747 0.         0.         0.         0.10240475 0.         0.30576379 0.         0.         0.        ],[0. 0. 0. 1. 0. 0. 0. 0. 0. 0. 0. 1. 0. 0. 1. 0. 0. 0. 0. 1. 0. 1. 0. 0. 0. 1. 0. 1. 0. 0. 0.],7.0,1000,100,0.01,0.0035,1,6,random,,best,single_objective
162,0.16213793146616656,0.16445418762996894,0.003721295646,[0.         0.         0.         0.1083798  0.         0.         0.         0.         0.         0.         0.         0.12325519 0.         0.         0.13669652 0.         0.         0.         0.         0.11725255 0.         0.10620747 0.         0.         0.         0.10240475 0.         0.30576379 0.         0.         0.        ],[0. 0. 0. 1. 0. 0. 0. 0. 0. 0. 0. 1. 0. 0. 1. 0. 0. 0. 0. 1. 0. 1. 0. 0. 0. 1. 0. 1. 0. 0. 0.],7.0,1000,100,0.01,0.0035,1,6,random,,best,single_objective
163,0.161861525779655,0.16649403810725977,0.003721295646,[0.         0.         0.         0.1083798  0.         0.         0.         0.         0.         0.         0.         0.12325519 0.         0.         0.13669652 0.         0.         0.         0.         0.11608002 0.         0.10620747 0.         0.         0.         0.10240475 0.         0.30693631 0.         0.         0.        ],[0. 0. 0. 1. 0. 0. 0. 0. 0. 0. 0. 1. 0. 0. 1. 0. 0. 0. 0. 1. 0. 1. 0. 0. 0. 1. 0. 1. 0. 0. 0.],7.0,1000,100,0.01,0.0035,1,6,random,,best,single_objective
164,0.161861525779655,0.161861525779655,0.003721295646,[0.         0.         0.         0.1083798  0.         0.         0.         0.         0.         0.         0.         0.12325519 0.         0.         0.13669652 0.         0.         0.         0.         0.11608002 0.         0.10620747 0.         0.         0.         0.10240475 0.         0.30693631 0.         0.         0.        ],[0. 0. 0. 1. 0. 0. 0. 0. 0. 0. 0. 1. 0. 0. 1. 0. 0. 0. 0. 1. 0. 1. 0. 0. 0. 1. 0. 1. 0. 0. 0.],7.0,1000,100,0.01,0.0035,1,6,random,,best,single_objective
165,0.161861525779655,0.16417383329079294,0.003721295646,[0.         0.         0.         0.1083798  0.         0.         0.         0.         0.         0.         0.         0.12325519 0.         0.         0.13669652 0.         0.         0.         0.         0.11608002 0.         0.10620747 0.         0.         0.         0.10240475 0.         0.30693631 0.         0.         0.        ],[0. 0. 0. 1. 0. 0. 0. 0. 0. 0. 0. 1. 0. 0. 1. 0. 0. 0. 0. 1. 0. 1. 0. 0. 0. 1. 0. 1. 0. 0. 0.],7.0,1000,100,0.01,0.0035,1,6,random,,best,single_objective
166,0.1615974686826967,0.16622208370497255,0.003721295646,[0.         0.         0.         0.1083798  0.         0.         0.         0.         0.         0.         0.         0.12202264 0.         0.         0.13669652 0.         0.         0.         0.         0.11608002 0.         0.10620747 0.         0.         0.         0.10240475 0.         0.30816886 0.         0.         0.        ],[0. 0. 0. 1. 0. 0. 0. 0. 0. 0. 0. 1. 0. 0. 1. 0. 0. 0. 0. 1. 0. 1. 0. 0. 0. 1. 0. 1. 0. 0. 0.],7.0,1000,100,0.01,0.0035,1,6,random,,best,single_objective
167,0.16154065336090667,0.16154065336090667,0.003721295646,[0.         0.         0.         0.107296   0.         0.         0.         0.         0.         0.         0.         0.12202264 0.         0.         0.13778032 0.         0.         0.         0.         0.11608002 0.         0.10620747 0.         0.         0.         0.10240475 0.         0.30816886 0.         0.         0.        ],[0. 0. 0. 1. 0. 0. 0. 0. 0. 0. 0. 1. 0. 0. 1. 0. 0. 0. 0. 1. 0. 1. 0. 0. 0. 1. 0. 1. 0. 0. 0.],7.0,1000,100,0.01,0.0035,1,6,random,,best,single_objective
168,0.16154065336090667,0.16154065336090667,0.003721295646,[0.         0.         0.         0.107296   0.         0.         0.         0.         0.         0.         0.         0.12202264 0.         0.         0.13778032 0.         0.         0.         0.         0.11608002 0.         0.10620747 0.         0.         0.         0.10240475 0.         0.30816886 0.         0.         0.        ],[0. 0. 0. 1. 0. 0. 0. 0. 0. 0. 0. 1. 0. 0. 1. 0. 0. 0. 0. 1. 0. 1. 0. 0. 0. 1. 0. 1. 0. 0. 0.],7.0,1000,100,0.01,0.0035,1,6,random,,best,single_objective
169,0.16154065336090667,0.1638483769803482,0.003721295646,[0.         0.         0.         0.107296   0.         0.         0.         0.         0.         0.         0.         0.12202264 0.         0.         0.13778032 0.         0.         0.         0.         0.11608002 0.         0.10620747 0.         0.         0.         0.10240475 0.         0.30816886 0.         0.         0.        ],[0. 0. 0. 1. 0. 0. 0. 0. 0. 0. 0. 1. 0. 0. 1. 0. 0. 0. 0. 1. 0. 1. 0. 0. 0. 1. 0. 1. 0. 0. 0.],7.0,1000,100,0.01,0.0035,1,6,random,,best,single_objective
170,0.16154065336090667,0.16615610059978972,0.003721295646,[0.         0.         0.         0.107296   0.         0.         0.         0.         0.         0.         0.         0.12202264 0.         0.         0.13778032 0.         0.         0.         0.         0.11608002 0.         0.10620747 0.         0.         0.         0.10240475 0.         0.30816886 0.         0.         0.        ],[0. 0. 0. 1. 0. 0. 0. 0. 0. 0. 0. 1. 0. 0. 1. 0. 0. 0. 0. 1. 0. 1. 0. 0. 0. 1. 0. 1. 0. 0. 0.],7.0,1000,100,0.01,0.0035,1,6,random,,best,single_objective
171,0.16154065336090667,0.16846382421923126,0.003721295646,[0.         0.         0.         0.107296   0.         0.         0.         0.         0.         0.         0.         0.12202264 0.         0.         0.13778032 0.         0.         0.         0.         0.11608002 0.         0.10620747 0.         0.         0.         0.10240475 0.         0.30816886 0.         0.         0.        ],[0. 0. 0. 1. 0. 0. 0. 0. 0. 0. 0. 1. 0. 0. 1. 0. 0. 0. 0. 1. 0. 1. 0. 0. 0. 1. 0. 1. 0. 0. 0.],7.0,1000,100,0.01,0.0035,1,6,random,,best,single_objective
172,0.16154065336090667,0.17077154783867277,0.003721295646,[0.         0.         0.         0.107296   0.         0.         0.         0.         0.         0.         0.         0.12202264 0.         0.         0.13778032 0.         0.         0.         0.         0.11608002 0.         0.10620747 0.         0.         0.         0.10240475 0.         0.30816886 0.         0.         0.        ],[0. 0. 0. 1. 0. 0. 0. 0. 0. 0. 0. 1. 0. 0. 1. 0. 0. 0. 0. 1. 0. 1. 0. 0. 0. 1. 0. 1. 0. 0. 0.],7.0,1000,100,0.01,0.0035,1,6,random,,best,single_objective
173,0.16154065336090667,0.1730792714581143,0.003721295646,[0.         0.         0.         0.107296   0.         0.         0.         0.         0.         0.         0.         0.12202264 0.         0.         0.13778032 0.         0.         0.         0.         0.11608002 0.         0.10620747 0.         0.         0.         0.10240475 0.         0.30816886 0.         0.         0.        ],[0. 0. 0. 1. 0. 0. 0. 0. 0. 0. 0. 1. 0. 0. 1. 0. 0. 0. 0. 1. 0. 1. 0. 0. 0. 1. 0. 1. 0. 0. 0.],7.0,1000,100,0.01,0.0035,1,6,random,,best,single_objective
174,0.1612644614698896,0.17511080318653874,0.003721295646,[0.         0.         0.         0.107296   0.         0.         0.         0.         0.         0.         0.         0.12202264 0.         0.         0.13640252 0.         0.         0.         0.         0.11608002 0.         0.10620747 0.         0.         0.         0.10240475 0.         0.30954667 0.         0.         0.        ],[0. 0. 0. 1. 0. 0. 0. 0. 0. 0. 0. 1. 0. 0. 1. 0. 0. 0. 0. 1. 0. 1. 0. 0. 0. 1. 0. 1. 0. 0. 0.],7.0,1000,100,0.01,0.0035,1,6,random,,best,single_objective
175,0.1612644614698896,0.1612644614698896,0.003721295646,[0.         0.         0.         0.107296   0.         0.         0.         0.         0.         0.         0.         0.12202264 0.         0.         0.13640252 0.         0.         0.         0.         0.11608002 0.         0.10620747 0.         0.         0.         0.10240475 0.         0.30954667 0.         0.         0.        ],[0. 0. 0. 1. 0. 0. 0. 0. 0. 0. 0. 1. 0. 0. 1. 0. 0. 0. 0. 1. 0. 1. 0. 0. 0. 1. 0. 1. 0. 0. 0.],7.0,1000,100,0.01,0.0035,1,6,random,,best,single_objective
176,0.16099250940736712,0.16329628742836555,0.003721295646,[0.         0.         0.         0.10622304 0.         0.         0.         0.         0.         0.         0.         0.12202264 0.         0.         0.13640252 0.         0.         0.         0.         0.11608002 0.         0.10620747 0.         0.         0.         0.10240475 0.         0.31061963 0.         0.         0.        ],[0. 0. 0. 1. 0. 0. 0. 0. 0. 0. 0. 1. 0. 0. 1. 0. 0. 0. 0. 1. 0. 1. 0. 0. 0. 1. 0. 1. 0. 0. 0.],7.0,1000,100,0.01,0.0035,1,6,random,,best,single_objective
177,0.1607225937993634,0.1607225937993634,0.003721295646,[0.         0.         0.         0.10516081 0.         0.         0.         0.         0.         0.         0.         0.12202264 0.         0.         0.13640252 0.         0.         0.         0.         0.11608002 0.         0.10620747 0.         0.         0.         0.10240475 0.         0.31168186 0.         0.         0.        ],[0. 0. 0. 1. 0. 0. 0. 0. 0. 0. 0. 1. 0. 0. 1. 0. 0. 0. 0. 1. 0. 1. 0. 0. 0. 1. 0. 1. 0. 0. 0.],7.0,1000,100,0.01,0.0035,1,6,random,,best,single_objective
178,0.16048897362694944,0.16048897362694944,0.003721295646,[0.         0.         0.         0.1041092  0.         0.         0.         0.         0.         0.         0.         0.12202264 0.         0.         0.13640252 0.         0.         0.         0.         0.11608002 0.         0.10620747 0.         0.         0.         0.10345636 0.         0.31168186 0.         0.         0.        ],[0. 0. 0. 1. 0. 0. 0. 0. 0. 0. 0. 1. 0. 0. 1. 0. 0. 0. 0. 1. 0. 1. 0. 0. 0. 1. 0. 1. 0. 0. 0.],7.0,1000,100,0.01,0.0035,1,6,random,,best,single_objective
179,0.16048897362694944,0.16048897362694944,0.003721295646,[0.         0.         0.         0.1041092  0.         0.         0.         0.         0.         0.         0.         0.12202264 0.         0.         0.13640252 0.         0.         0.         0.         0.11608002 0.         0.10620747 0.         0.         0.         0.10345636 0.         0.31168186 0.         0.         0.        ],[0. 0. 0. 1. 0. 0. 0. 0. 0. 0. 0. 1. 0. 0. 1. 0. 0. 0. 0. 1. 0. 1. 0. 0. 0. 1. 0. 1. 0. 0. 0.],7.0,1000,100,0.01,0.0035,1,6,random,,best,single_objective
180,0.1602570009777897,0.16254970060103183,0.003721295646,[0.         0.         0.         0.10306811 0.         0.         0.         0.         0.         0.         0.         0.12202264 0.         0.         0.13640252 0.         0.         0.         0.         0.11608002 0.         0.10620747 0.         0.         0.         0.10449745 0.         0.31168186 0.         0.         0.        ],[0. 0. 0. 1. 0. 0. 0. 0. 0. 0. 0. 1. 0. 0. 1. 0. 0. 0. 0. 1. 0. 1. 0. 0. 0. 1. 0. 1. 0. 0. 0.],7.0,1000,100,0.01,0.0035,1,6,random,,best,single_objective
181,0.1602570009777897,0.1602570009777897,0.003721295646,[0.         0.         0.         0.10306811 0.         0.         0.         0.         0.         0.         0.         0.12202264 0.         0.         0.13640252 0.         0.         0.         0.         0.11608002 0.         0.10620747 0.         0.         0.         0.10449745 0.         0.31168186 0.         0.         0.        ],[0. 0. 0. 1. 0. 0. 0. 0. 0. 0. 0. 1. 0. 0. 1. 0. 0. 0. 0. 1. 0. 1. 0. 0. 0. 1. 0. 1. 0. 0. 0.],7.0,1000,100,0.01,0.0035,1,6,random,,best,single_objective
182,0.1602570009777897,0.16254638670604382,0.003721295646,[0.         0.         0.         0.10306811 0.         0.         0.         0.         0.         0.         0.         0.12202264 0.         0.         0.13640252 0.         0.         0.         0.         0.11608002 0.         0.10620747 0.         0.         0.         0.10449745 0.         0.31168186 0.         0.         0.        ],[0. 0. 0. 1. 0. 0. 0. 0. 0. 0. 0. 1. 0. 0. 1. 0. 0. 0. 0. 1. 0. 1. 0. 0. 0. 1. 0. 1. 0. 0. 0.],7.0,1000,100,0.01,0.0035,1,6,random,,best,single_objective
183,0.1602570009777897,0.16483577243429798,0.003721295646,[0.         0.         0.         0.10306811 0.         0.         0.         0.         0.         0.         0.         0.12202264 0.         0.         0.13640252 0.         0.         0.         0.         0.11608002 0.         0.10620747 0.         0.         0.         0.10449745 0.         0.31168186 0.         0.         0.        ],[0. 0. 0. 1. 0. 0. 0. 0. 0. 0. 0. 1. 0. 0. 1. 0. 0. 0. 0. 1. 0. 1. 0. 0. 0. 1. 0. 1. 0. 0. 0.],7.0,1000,100,0.01,0.0035,1,6,random,,best,single_objective
184,0.1602570009777897,0.1671251581625521,0.003721295646,[0.         0.         0.         0.10306811 0.         0.         0.         0.         0.         0.         0.         0.12202264 0.         0.         0.13640252 0.         0.         0.         0.         0.11608002 0.         0.10620747 0.         0.         0.         0.10449745 0.         0.31168186 0.         0.         0.        ],[0. 0. 0. 1. 0. 0. 0. 0. 0. 0. 0. 1. 0. 0. 1. 0. 0. 0. 0. 1. 0. 1. 0. 0. 0. 1. 0. 1. 0. 0. 0.],7.0,1000,100,0.01,0.0035,1,6,random,,best,single_objective
185,0.1602570009777897,0.16941454389080624,0.003721295646,[0.         0.         0.         0.10306811 0.         0.         0.         0.         0.         0.         0.         0.12202264 0.         0.         0.13640252 0.         0.         0.         0.         0.11608002 0.         0.10620747 0.         0.         0.         0.10449745 0.         0.31168186 0.         0.         0.        ],[0. 0. 0. 1. 0. 0. 0. 0. 0. 0. 0. 1. 0. 0. 1. 0. 0. 0. 0. 1. 0. 1. 0. 0. 0. 1. 0. 1. 0. 0. 0.],7.0,1000,100,0.01,0.0035,1,6,random,,best,single_objective
186,0.1602133987790083,0.171660327420279,0.003721295646,[0.         0.         0.         0.10203743 0.         0.         0.         0.         0.         0.         0.         0.12305332 0.         0.         0.13640252 0.         0.         0.         0.         0.11608002 0.         0.10620747 0.         0.         0.         0.10449745 0.         0.31168186 0.         0.         0.        ],[0. 0. 0. 1. 0. 0. 0. 0. 0. 0. 0. 1. 0. 0. 1. 0. 0. 0. 0. 1. 0. 1. 0. 0. 0. 1. 0. 1. 0. 0. 0.],7.0,1000,100,0.01,0.0035,1,6,random,,best,single_objective
187,0.15994081799816728,0.15994081799816728,0.003721295646,[0.         0.         0.         0.10203743 0.         0.         0.         0.         0.         0.         0.         0.12305332 0.         0.         0.13640252 0.         0.         0.         0.         0.11491922 0.         0.10620747 0.         0.         0.         0.10449745 0.         0.31284266 0.         0.         0.        ],[0. 0. 0. 1. 0. 0. 0. 0. 0. 0. 0. 1. 0. 0. 1. 0. 0. 0. 0. 1. 0. 1. 0. 0. 0. 1. 0. 1. 0. 0. 0.],7.0,1000,100,0.01,0.0035,1,6,random,,best,single_objective
188,0.15967018818248854,0.15967018818248854,0.003721295646,[0.         0.         0.         0.10203743 0.         0.         0.         0.         0.         0.         0.         0.12305332 0.         0.         0.13640252 0.         0.         0.         0.         0.11377003 0.         0.10620747 0.         0.         0.         0.10449745 0.         0.31399185 0.         0.         0.        ],[0. 0. 0. 1. 0. 0. 0. 0. 0. 0. 0. 1. 0. 0. 1. 0. 0. 0. 0. 1. 0. 1. 0. 0. 0. 1. 0. 1. 0. 0. 0.],7.0,1000,100,0.01,0.0035,1,6,random,,best,single_objective
189,0.15967018818248854,0.15967018818248854,0.003721295646,[0.         0.         0.         0.10203743 0.         0.         0.         0.         0.         0.         0.         0.12305332 0.         0.         0.13640252 0.         0.         0.         0.         0.11377003 0.         0.10620747 0.         0.         0.         0.10449745 0.         0.31399185 0.         0.         0.        ],[0. 0. 0. 1. 0. 0. 0. 0. 0. 0. 0. 1. 0. 0. 1. 0. 0. 0. 0. 1. 0. 1. 0. 0. 0. 1. 0. 1. 0. 0. 0.],7.0,1000,100,0.01,0.0035,1,6,random,,best,single_objective
190,0.15967018818248854,0.1619511908708098,0.003721295646,[0.         0.         0.         0.10203743 0.         0.         0.         0.         0.         0.         0.         0.12305332 0.         0.         0.13640252 0.         0.         0.         0.         0.11377003 0.         0.10620747 0.         0.         0.         0.10449745 0.         0.31399185 0.         0.         0.        ],[0. 0. 0. 1. 0. 0. 0. 0. 0. 0. 0. 1. 0. 0. 1. 0. 0. 0. 0. 1. 0. 1. 0. 0. 0. 1. 0. 1. 0. 0. 0.],7.0,1000,100,0.01,0.0035,1,6,random,,best,single_objective
191,0.1594015052416891,0.16396351061833164,0.003721295646,[0.         0.         0.         0.10203743 0.         0.         0.         0.         0.         0.         0.         0.12305332 0.         0.         0.13640252 0.         0.         0.         0.         0.11263233 0.         0.10620747 0.         0.         0.         0.10449745 0.         0.31512955 0.         0.         0.        ],[0. 0. 0. 1. 0. 0. 0. 0. 0. 0. 0. 1. 0. 0. 1. 0. 0. 0. 0. 1. 0. 1. 0. 0. 0. 1. 0. 1. 0. 0. 0.],7.0,1000,100,0.01,0.0035,1,6,random,,best,single_objective
192,0.1594015052416891,0.1594015052416891,0.003721295646,[0.         0.         0.         0.10203743 0.         0.         0.         0.         0.         0.         0.         0.12305332 0.         0.         0.13640252 0.         0.         0.         0.         0.11263233 0.         0.10620747 0.         0.         0.         0.10449745 0.         0.31512955 0.         0.         0.        ],[0. 0. 0. 1. 0. 0. 0. 0. 0. 0. 0. 1. 0. 0. 1. 0. 0. 0. 0. 1. 0. 1. 0. 0. 0. 1. 0. 1. 0. 0. 0.],7.0,1000,100,0.01,0.0035,1,6,random,,best,single_objective
193,0.1594015052416891,0.16167866960228466,0.003721295646,[0.         0.         0.         0.10203743 0.         0.         0.         0.         0.         0.         0.         0.12305332 0.         0.         0.13640252 0.         0.         0.         0.         0.11263233 0.         0.10620747 0.         0.         0.         0.10449745 0.         0.31512955 0.         0.         0.        ],[0. 0. 0. 1. 0. 0. 0. 0. 0. 0. 0. 1. 0. 0. 1. 0. 0. 0. 0. 1. 0. 1. 0. 0. 0. 1. 0. 1. 0. 0. 0.],7.0,1000,100,0.01,0.0035,1,6,random,,best,single_objective
194,0.159126612543526,0.16368094126471713,0.003721295646,[0.         0.         0.         0.10203743 0.         0.         0.         0.         0.         0.         0.         0.12305332 0.         0.         0.13503849 0.         0.         0.         0.         0.11263233 0.         0.10620747 0.         0.         0.         0.10449745 0.         0.31649357 0.         0.         0.        ],[0. 0. 0. 1. 0. 0. 0. 0. 0. 0. 0. 1. 0. 0. 1. 0. 0. 0. 0. 1. 0. 1. 0. 0. 0. 1. 0. 1. 0. 0. 0.],7.0,1000,100,0.01,0.0035,1,6,random,,best,single_objective
195,0.159126612543526,0.159126612543526,0.003721295646,[0.         0.         0.         0.10203743 0.         0.         0.         0.         0.         0.         0.         0.12305332 0.         0.         0.13503849 0.         0.         0.         0.         0.11263233 0.         0.10620747 0.         0.         0.         0.10449745 0.         0.31649357 0.         0.         0.        ],[0. 0. 0. 1. 0. 0. 0. 0. 0. 0. 0. 1. 0. 0. 1. 0. 0. 0. 0. 1. 0. 1. 0. 0. 0. 1. 0. 1. 0. 0. 0.],7.0,1000,100,0.01,0.0035,1,6,random,,best,single_objective
196,0.159126612543526,0.16139984986557637,0.003721295646,[0.         0.         0.         0.10203743 0.         0.         0.         0.         0.         0.         0.         0.12305332 0.         0.         0.13503849 0.         0.         0.         0.         0.11263233 0.         0.10620747 0.         0.         0.         0.10449745 0.         0.31649357 0.         0.         0.        ],[0. 0. 0. 1. 0. 0. 0. 0. 0. 0. 0. 1. 0. 0. 1. 0. 0. 0. 0. 1. 0. 1. 0. 0. 0. 1. 0. 1. 0. 0. 0.],7.0,1000,100,0.01,0.0035,1,6,random,,best,single_objective
197,0.15885322110631342,0.16339969575041416,0.003721295646,[0.         0.         0.         0.10203743 0.         0.         0.         0.         0.         0.         0.         0.12305332 0.         0.         0.13368811 0.         0.         0.         0.         0.11263233 0.         0.10620747 0.         0.         0.         0.10449745 0.         0.31784396 0.         0.         0.        ],[0. 0. 0. 1. 0. 0. 0. 0. 0. 0. 0. 1. 0. 0. 1. 0. 0. 0. 0. 1. 0. 1. 0. 0. 0. 1. 0. 1. 0. 0. 0.],7.0,1000,100,0.01,0.0035,1,6,random,,best,single_objective
198,0.15885322110631342,0.15885322110631342,0.003721295646,[0.         0.         0.         0.10203743 0.         0.         0.         0.         0.         0.         0.         0.12305332 0.         0.         0.13368811 0.         0.         0.         0.         0.11263233 0.         0.10620747 0.         0.         0.         0.10449745 0.         0.31784396 0.         0.         0.        ],[0. 0. 0. 1. 0. 0. 0. 0. 0. 0. 0. 1. 0. 0. 1. 0. 0. 0. 0. 1. 0. 1. 0. 0. 0. 1. 0. 1. 0. 0. 0.],7.0,1000,100,0.01,0.0035,1,6,random,,best,single_objective
199,0.15885322110631342,0.16112255283640362,0.003721295646,[0.         0.         0.         0.10203743 0.         0.         0.         0.         0.         0.         0.         0.12305332 0.         0.         0.13368811 0.         0.         0.         0.         0.11263233 0.         0.10620747 0.         0.         0.         0.10449745 0.         0.31784396 0.         0.         0.        ],[0. 0. 0. 1. 0. 0. 0. 0. 0. 0. 0. 1. 0. 0. 1. 0. 0. 0. 0. 1. 0. 1. 0. 0. 0. 1. 0. 1. 0. 0. 0.],7.0,1000,100,0.01,0.0035,1,6,random,,best,single_objective
200,0.15885322110631342,0.1633918845664938,0.003721295646,[0.         0.         0.         0.10203743 0.         0.         0.         0.         0.         0.         0.         0.12305332 0.         0.         0.13368811 0.         0.         0.         0.         0.11263233 0.         0.10620747 0.         0.         0.         0.10449745 0.         0.31784396 0.         0.         0.        ],[0. 0. 0. 1. 0. 0. 0. 0. 0. 0. 0. 1. 0. 0. 1. 0. 0. 0. 0. 1. 0. 1. 0. 0. 0. 1. 0. 1. 0. 0. 0.],7.0,1000,100,0.01,0.0035,1,6,random,,best,single_objective
201,0.1585919849077732,0.1653999800980438,0.003721295646,[0.         0.         0.         0.10101706 0.         0.         0.         0.         0.         0.         0.         0.12305332 0.         0.         0.13368811 0.         0.         0.         0.         0.11263233 0.         0.10620747 0.         0.         0.         0.10449745 0.         0.31886433 0.         0.         0.        ],[0. 0. 0. 1. 0. 0. 0. 0. 0. 0. 0. 1. 0. 0. 1. 0. 0. 0. 0. 1. 0. 1. 0. 0. 0. 1. 0. 1. 0. 0. 0.],7.0,1000,100,0.01,0.0035,1,6,random,,best,single_objective
202,0.1585919849077732,0.1585919849077732,0.003721295646,[0.         0.         0.         0.10101706 0.         0.         0.         0.         0.         0.         0.         0.12305332 0.         0.         0.13368811 0.         0.         0.         0.         0.11263233 0.         0.10620747 0.         0.         0.         0.10449745 0.         0.31886433 0.         0.         0.        ],[0. 0. 0. 1. 0. 0. 0. 0. 0. 0. 0. 1. 0. 0. 1. 0. 0. 0. 0. 1. 0. 1. 0. 0. 0. 1. 0. 1. 0. 0. 0.],7.0,1000,100,0.01,0.0035,1,6,random,,best,single_objective
203,0.15836496130849115,0.1606305610928879,0.003721295646,[0.         0.         0.         0.10101706 0.         0.         0.         0.         0.         0.         0.         0.12305332 0.         0.         0.13235123 0.         0.         0.         0.         0.11263233 0.         0.10620747 0.         0.         0.         0.10583433 0.         0.31886433 0.         0.         0.        ],[0. 0. 0. 1. 0. 0. 0. 0. 0. 0. 0. 1. 0. 0. 1. 0. 0. 0. 0. 1. 0. 1. 0. 0. 0. 1. 0. 1. 0. 0. 0.],7.0,1000,100,0.01,0.0035,1,6,random,,best,single_objective
204,0.15809487322148255,0.15809487322148255,0.003721295646,[0.         0.         0.         0.10101706 0.         0.         0.         0.         0.         0.         0.         0.12305332 0.         0.         0.13102771 0.         0.         0.         0.         0.11263233 0.         0.10620747 0.         0.         0.         0.10583433 0.         0.32018785 0.         0.         0.        ],[0. 0. 0. 1. 0. 0. 0. 0. 0. 0. 0. 1. 0. 0. 1. 0. 0. 0. 0. 1. 0. 1. 0. 0. 0. 1. 0. 1. 0. 0. 0.],7.0,1000,100,0.01,0.0035,1,6,random,,best,single_objective
205,0.15809487322148255,0.15809487322148255,0.003721295646,[0.         0.         0.         0.10101706 0.         0.         0.         0.         0.         0.         0.         0.12305332 0.         0.         0.13102771 0.         0.         0.         0.         0.11263233 0.         0.10620747 0.         0.         0.         0.10583433 0.         0.32018785 0.         0.         0.        ],[0. 0. 0. 1. 0. 0. 0. 0. 0. 0. 0. 1. 0. 0. 1. 0. 0. 0. 0. 1. 0. 1. 0. 0. 0. 1. 0. 1. 0. 0. 0.],7.0,1000,100,0.01,0.0035,1,6,random,,best,single_objective
206,0.15782631136254252,0.16008480955142085,0.003721295646,[0.         0.         0.         0.10101706 0.         0.         0.         0.         0.         0.         0.         0.12305332 0.         0.         0.12971744 0.         0.         0.         0.         0.11263233 0.         0.10620747 0.         0.         0.         0.10583433 0.         0.32149812 0.         0.         0.        ],[0. 0. 0. 1. 0. 0. 0. 0. 0. 0. 0. 1. 0. 0. 1. 0. 0. 0. 0. 1. 0. 1. 0. 0. 0. 1. 0. 1. 0. 0. 0.],7.0,1000,100,0.01,0.0035,1,6,random,,best,single_objective
207,0.15782631136254252,0.15782631136254252,0.003721295646,[0.         0.         0.         0.10101706 0.         0.         0.         0.         0.         0.         0.         0.12305332 0.         0.         0.12971744 0.         0.         0.         0.         0.11263233 0.         0.10620747 0.         0.         0.         0.10583433 0.         0.32149812 0.         0.         0.        ],[0. 0. 0. 1. 0. 0. 0. 0. 0. 0. 0. 1. 0. 0. 1. 0. 0. 0. 0. 1. 0. 1. 0. 0. 0. 1. 0. 1. 0. 0. 0.],7.0,1000,100,0.01,0.0035,1,6,random,,best,single_objective
208,0.15782631136254252,0.16008097295343598,0.003721295646,[0.         0.         0.         0.10101706 0.         0.         0.         0.         0.         0.         0.         0.12305332 0.         0.         0.12971744 0.         0.         0.         0.         0.11263233 0.         0.10620747 0.         0.         0.         0.10583433 0.         0.32149812 0.         0.         0.        ],[0. 0. 0. 1. 0. 0. 0. 0. 0. 0. 0. 1. 0. 0. 1. 0. 0. 0. 0. 1. 0. 1. 0. 0. 0. 1. 0. 1. 0. 0. 0.],7.0,1000,100,0.01,0.0035,1,6,random,,best,single_objective
209,0.15782631136254252,0.16233563454432945,0.003721295646,[0.         0.         0.         0.10101706 0.         0.         0.         0.         0.         0.         0.         0.12305332 0.         0.         0.12971744 0.         0.         0.         0.         0.11263233 0.         0.10620747 0.         0.         0.         0.10583433 0.         0.32149812 0.         0.         0.        ],[0. 0. 0. 1. 0. 0. 0. 0. 0. 0. 0. 1. 0. 0. 1. 0. 0. 0. 0. 1. 0. 1. 0. 0. 0. 1. 0. 1. 0. 0. 0.],7.0,1000,100,0.01,0.0035,1,6,random,,best,single_objective
210,0.15782631136254252,0.1645902961352229,0.003721295646,[0.         0.         0.         0.10101706 0.         0.         0.         0.         0.         0.         0.         0.12305332 0.         0.         0.12971744 0.         0.         0.         0.         0.11263233 0.         0.10620747 0.         0.         0.         0.10583433 0.         0.32149812 0.         0.         0.        ],[0. 0. 0. 1. 0. 0. 0. 0. 0. 0. 0. 1. 0. 0. 1. 0. 0. 0. 0. 1. 0. 1. 0. 0. 0. 1. 0. 1. 0. 0. 0.],7.0,1000,100,0.01,0.0035,1,6,random,,best,single_objective
211,0.1575592838449813,0.16657793020855516,0.003721295646,[0.         0.         0.         0.10101706 0.         0.         0.         0.         0.         0.         0.         0.12305332 0.         0.         0.12842026 0.         0.         0.         0.         0.11263233 0.         0.10620747 0.         0.         0.         0.10583433 0.         0.3227953  0.         0.         0.        ],[0. 0. 0. 1. 0. 0. 0. 0. 0. 0. 0. 1. 0. 0. 1. 0. 0. 0. 0. 1. 0. 1. 0. 0. 0. 1. 0. 1. 0. 0. 0.],7.0,1000,100,0.01,0.0035,1,6,random,,best,single_objective
212,0.15733119561270578,0.15733119561270578,0.003721295646,[0.         0.         0.         0.10101706 0.         0.         0.         0.         0.         0.         0.         0.12305332 0.         0.         0.12842026 0.         0.         0.         0.         0.111506   0.         0.10620747 0.         0.         0.         0.10696065 0.         0.3227953  0.         0.         0.        ],[0. 0. 0. 1. 0. 0. 0. 0. 0. 0. 0. 1. 0. 0. 1. 0. 0. 0. 0. 1. 0. 1. 0. 0. 0. 1. 0. 1. 0. 0. 0.],7.0,1000,100,0.01,0.0035,1,6,random,,best,single_objective
213,0.15733119561270578,0.15733119561270578,0.003721295646,[0.         0.         0.         0.10101706 0.         0.         0.         0.         0.         0.         0.         0.12305332 0.         0.         0.12842026 0.         0.         0.         0.         0.111506   0.         0.10620747 0.         0.         0.         0.10696065 0.         0.3227953  0.         0.         0.        ],[0. 0. 0. 1. 0. 0. 0. 0. 0. 0. 0. 1. 0. 0. 1. 0. 0. 0. 0. 1. 0. 1. 0. 0. 0. 1. 0. 1. 0. 0. 0.],7.0,1000,100,0.01,0.0035,1,6,random,,best,single_objective
214,0.15733119561270578,0.15957878412145873,0.003721295646,[0.         0.         0.         0.10101706 0.         0.         0.         0.         0.         0.         0.         0.12305332 0.         0.         0.12842026 0.         0.         0.         0.         0.111506   0.         0.10620747 0.         0.         0.         0.10696065 0.         0.3227953  0.         0.         0.        ],[0. 0. 0. 1. 0. 0. 0. 0. 0. 0. 0. 1. 0. 0. 1. 0. 0. 0. 0. 1. 0. 1. 0. 0. 0. 1. 0. 1. 0. 0. 0.],7.0,1000,100,0.01,0.0035,1,6,random,,best,single_objective
215,0.15710651348803034,0.16160169050553622,0.003721295646,[0.         0.         0.         0.10000689 0.         0.         0.         0.         0.         0.         0.         0.12305332 0.         0.         0.12842026 0.         0.         0.         0.         0.111506   0.         0.10620747 0.         0.         0.         0.10797082 0.         0.3227953  0.         0.         0.        ],[0. 0. 0. 1. 0. 0. 0. 0. 0. 0. 0. 1. 0. 0. 1. 0. 0. 0. 0. 1. 0. 1. 0. 0. 0. 1. 0. 1. 0. 0. 0.],7.0,1000,100,0.01,0.0035,1,6,random,,best,single_objective
216,0.15710651348803034,0.15710651348803034,0.003721295646,[0.         0.         0.         0.10000689 0.         0.         0.         0.         0.         0.         0.         0.12305332 0.         0.         0.12842026 0.         0.         0.         0.         0.111506   0.         0.10620747 0.         0.         0.         0.10797082 0.         0.3227953  0.         0.         0.        ],[0. 0. 0. 1. 0. 0. 0. 0. 0. 0. 0. 1. 0. 0. 1. 0. 0. 0. 0. 1. 0. 1. 0. 0. 0. 1. 0. 1. 0. 0. 0.],7.0,1000,100,0.01,0.0035,1,6,random,,best,single_objective
217,0.15710651348803034,0.15935089225214505,0.003721295646,[0.         0.         0.         0.10000689 0.         0.         0.         0.         0.         0.         0.         0.12305332 0.         0.         0.12842026 0.         0.         0.         0.         0.111506   0.         0.10620747 0.         0.         0.         0.10797082 0.         0.3227953  0.         0.         0.        ],[0. 0. 0. 1. 0. 0. 0. 0. 0. 0. 0. 1. 0. 0. 1. 0. 0. 0. 0. 1. 0. 1. 0. 0. 0. 1. 0. 1. 0. 0. 0.],7.0,1000,100,0.01,0.0035,1,6,random,,best,single_objective
218,0.14329641529292397,0.14778517282115342,0.003721295646,[0.         0.         0.         0.         0.         0.         0.         0.         0.1        0.         0.         0.12305332 0.         0.         0.12842026 0.         0.         0.         0.         0.111506   0.         0.10620747 0.         0.         0.         0.10797082 0.         0.3227953  0.         0.         0.        ],[0. 0. 0. 0. 0. 0. 0. 0. 1. 0. 0. 1. 0. 0. 1. 0. 0. 0. 0. 1. 0. 1. 0. 0. 0. 1. 0. 1. 0. 0. 0.],7.0,1000,100,0.01,0.0035,1,6,random,,best,single_objective
219,0.14329641529292397,0.14329641529292397,0.003721295646,[0.         0.         0.         0.         0.         0.         0.         0.         0.1        0.         0.         0.12305332 0.         0.         0.12842026 0.         0.         0.         0.         0.111506   0.         0.10620747 0.         0.         0.         0.10797082 0.         0.3227953  0.         0.         0.        ],[0. 0. 0. 0. 0. 0. 0. 0. 1. 0. 0. 1. 0. 0. 1. 0. 0. 0. 0. 1. 0. 1. 0. 0. 0. 1. 0. 1. 0. 0. 0.],7.0,1000,100,0.01,0.0035,1,6,random,,best,single_objective
220,0.14329641529292397,0.14534350693996576,0.003721295646,[0.         0.         0.         0.         0.         0.         0.         0.         0.1        0.         0.         0.12305332 0.         0.         0.12842026 0.         0.         0.         0.         0.111506   0.         0.10620747 0.         0.         0.         0.10797082 0.         0.3227953  0.         0.         0.        ],[0. 0. 0. 0. 0. 0. 0. 0. 1. 0. 0. 1. 0. 0. 1. 0. 0. 0. 0. 1. 0. 1. 0. 0. 0. 1. 0. 1. 0. 0. 0.],7.0,1000,100,0.01,0.0035,1,6,random,,best,single_objective
221,0.1370645046204379,0.14115868791452144,0.003721295646,[0.         0.         0.         0.         0.1        0.         0.         0.         0.         0.         0.         0.12305332 0.         0.         0.12842026 0.         0.         0.         0.         0.111506   0.         0.10620747 0.         0.         0.         0.10797082 0.         0.3227953  0.         0.         0.        ],[0. 0. 0. 0. 1. 0. 0. 0. 0. 0. 0. 1. 0. 0. 1. 0. 0. 0. 0. 1. 0. 1. 0. 0. 0. 1. 0. 1. 0. 0. 0.],7.0,1000,100,0.01,0.0035,1,6,random,,best,single_objective
222,0.13685150575385224,0.13685150575385224,0.003721295646,[0.         0.         0.         0.         0.1        0.         0.         0.         0.         0.         0.         0.12305332 0.         0.         0.12713606 0.         0.         0.         0.         0.111506   0.         0.10620747 0.         0.         0.         0.10925503 0.         0.3227953  0.         0.         0.        ],[0. 0. 0. 0. 1. 0. 0. 0. 0. 0. 0. 1. 0. 0. 1. 0. 0. 0. 0. 1. 0. 1. 0. 0. 0. 1. 0. 1. 0. 0. 0.],7.0,1000,100,0.01,0.0035,1,6,random,,best,single_objective
223,0.13685150575385224,0.13685150575385224,0.003721295646,[0.         0.         0.         0.         0.1        0.         0.         0.         0.         0.         0.         0.12305332 0.         0.         0.12713606 0.         0.         0.         0.         0.111506   0.         0.10620747 0.         0.         0.         0.10925503 0.         0.3227953  0.         0.         0.        ],[0. 0. 0. 0. 1. 0. 0. 0. 0. 0. 0. 1. 0. 0. 1. 0. 0. 0. 0. 1. 0. 1. 0. 0. 0. 1. 0. 1. 0. 0. 0.],7.0,1000,100,0.01,0.0035,1,6,random,,best,single_objective
224,0.13685150575385224,0.13880652726462156,0.003721295646,[0.         0.         0.         0.         0.1        0.         0.         0.         0.         0.         0.         0.12305332 0.         0.         0.12713606 0.         0.         0.         0.         0.111506   0.         0.10620747 0.         0.         0.         0.10925503 0.         0.3227953  0.         0.         0.        ],[0. 0. 0. 0. 1. 0. 0. 0. 0. 0. 0. 1. 0. 0. 1. 0. 0. 0. 0. 1. 0. 1. 0. 0. 0. 1. 0. 1. 0. 0. 0.],7.0,1000,100,0.01,0.0035,1,6,random,,best,single_objective
225,0.13685150575385224,0.14076154877539088,0.003721295646,[0.         0.         0.         0.         0.1        0.         0.         0.         0.         0.         0.         0.12305332 0.         0.         0.12713606 0.         0.         0.         0.         0.111506   0.         0.10620747 0.         0.         0.         0.10925503 0.         0.3227953  0.         0.         0.        ],[0. 0. 0. 0. 1. 0. 0. 0. 0. 0. 0. 1. 0. 0. 1. 0. 0. 0. 0. 1. 0. 1. 0. 0. 0. 1. 0. 1. 0. 0. 0.],7.0,1000,100,0.01,0.0035,1,6,random,,best,single_objective
226,0.13685150575385224,0.1427165702861602,0.003721295646,[0.         0.         0.         0.         0.1        0.         0.         0.         0.         0.         0.         0.12305332 0.         0.         0.12713606 0.         0.         0.         0.         0.111506   0.         0.10620747 0.         0.         0.         0.10925503 0.         0.3227953  0.         0.         0.        ],[0. 0. 0. 0. 1. 0. 0. 0. 0. 0. 0. 1. 0. 0. 1. 0. 0. 0. 0. 1. 0. 1. 0. 0. 0. 1. 0. 1. 0. 0. 0.],7.0,1000,100,0.01,0.0035,1,6,random,,best,single_objective
227,0.13685150575385224,0.1446715917969295,0.003721295646,[0.         0.         0.         0.         0.1        0.         0.         0.         0.         0.         0.         0.12305332 0.         0.         0.12713606 0.         0.         0.         0.         0.111506   0.         0.10620747 0.         0.         0.         0.10925503 0.         0.3227953  0.         0.         0.        ],[0. 0. 0. 0. 1. 0. 0. 0. 0. 0. 0. 1. 0. 0. 1. 0. 0. 0. 0. 1. 0. 1. 0. 0. 0. 1. 0. 1. 0. 0. 0.],7.0,1000,100,0.01,0.0035,1,6,random,,best,single_objective
228,0.13659743352186904,0.14637254107571562,0.003721295646,[0.         0.         0.         0.         0.1        0.         0.         0.         0.         0.         0.         0.12305332 0.         0.         0.1258647  0.         0.         0.         0.         0.111506   0.         0.10620747 0.         0.         0.         0.10925503 0.         0.32406666 0.         0.         0.        ],[0. 0. 0. 0. 1. 0. 0. 0. 0. 0. 0. 1. 0. 0. 1. 0. 0. 0. 0. 1. 0. 1. 0. 0. 0. 1. 0. 1. 0. 0. 0.],7.0,1000,100,0.01,0.0035,1,6,random,,best,single_objective
229,0.13659743352186904,0.13659743352186904,0.003721295646,[0.         0.         0.         0.         0.1        0.         0.         0.         0.         0.         0.         0.12305332 0.         0.         0.1258647  0.         0.         0.         0.         0.111506   0.         0.10620747 0.         0.         0.         0.10925503 0.         0.32406666 0.         0.         0.        ],[0. 0. 0. 0. 1. 0. 0. 0. 0. 0. 0. 1. 0. 0. 1. 0. 0. 0. 0. 1. 0. 1. 0. 0. 0. 1. 0. 1. 0. 0. 0.],7.0,1000,100,0.01,0.0035,1,6,random,,best,single_objective
230,0.13643302904317262,0.1383844209506279,0.003721295646,[0.         0.         0.         0.         0.10125865 0.         0.         0.         0.         0.         0.         0.12305332 0.         0.         0.12460605 0.         0.         0.         0.         0.111506   0.         0.10620747 0.         0.         0.         0.10925503 0.         0.32406666 0.         0.         0.        ],[0. 0. 0. 0. 1. 0. 0. 0. 0. 0. 0. 1. 0. 0. 1. 0. 0. 0. 0. 1. 0. 1. 0. 0. 0. 1. 0. 1. 0. 0. 0.],7.0,1000,100,0.01,0.0035,1,6,random,,best,single_objective
231,0.13643302904317262,0.13643302904317262,0.003721295646,[0.         0.         0.         0.         0.10125865 0.         0.         0.         0.         0.         0.         0.12305332 0.         0.         0.12460605 0.         0.         0.         0.         0.111506   0.         0.10620747 0.         0.         0.         0.10925503 0.         0.32406666 0.         0.         0.        ],[0. 0. 0. 0. 1. 0. 0. 0. 0. 0. 0. 1. 0. 0. 1. 0. 0. 0. 0. 1. 0. 1. 0. 0. 0. 1. 0. 1. 0. 0. 0.],7.0,1000,100,0.01,0.0035,1,6,random,,best,single_objective
232,0.13643302904317262,0.13838207231521793,0.003721295646,[0.         0.         0.         0.         0.10125865 0.         0.         0.         0.         0.         0.         0.12305332 0.         0.         0.12460605 0.         0.         0.         0.         0.111506   0.         0.10620747 0.         0.         0.         0.10925503 0.         0.32406666 0.         0.         0.        ],[0. 0. 0. 0. 1. 0. 0. 0. 0. 0. 0. 1. 0. 0. 1. 0. 0. 0. 0. 1. 0. 1. 0. 0. 0. 1. 0. 1. 0. 0. 0.],7.0,1000,100,0.01,0.0035,1,6,random,,best,single_objective
233,0.13643302904317262,0.14033111558726327,0.003721295646,[0.         0.         0.         0.         0.10125865 0.         0.         0.         0.         0.         0.         0.12305332 0.         0.         0.12460605 0.         0.         0.         0.         0.111506   0.         0.10620747 0.         0.         0.         0.10925503 0.         0.32406666 0.         0.         0.        ],[0. 0. 0. 0. 1. 0. 0. 0. 0. 0. 0. 1. 0. 0. 1. 0. 0. 0. 0. 1. 0. 1. 0. 0. 0. 1. 0. 1. 0. 0. 0.],7.0,1000,100,0.01,0.0035,1,6,random,,best,single_objective
234,0.13643302904317262,0.1422801588593086,0.003721295646,[0.         0.         0.         0.         0.10125865 0.         0.         0.         0.         0.         0.         0.12305332 0.         0.         0.12460605 0.         0.         0.         0.         0.111506   0.         0.10620747 0.         0.         0.         0.10925503 0.         0.32406666 0.         0.         0.        ],[0. 0. 0. 0. 1. 0. 0. 0. 0. 0. 0. 1. 0. 0. 1. 0. 0. 0. 0. 1. 0. 1. 0. 0. 0. 1. 0. 1. 0. 0. 0.],7.0,1000,100,0.01,0.0035,1,6,random,,best,single_objective
235,0.13617913381378036,0.14397530690196164,0.003721295646,[0.         0.         0.         0.         0.10125865 0.         0.         0.         0.         0.         0.         0.12182279 0.         0.         0.12460605 0.         0.         0.         0.         0.111506   0.         0.10620747 0.         0.         0.         0.10925503 0.         0.32529719 0.         0.         0.        ],[0. 0. 0. 0. 1. 0. 0. 0. 0. 0. 0. 1. 0. 0. 1. 0. 0. 0. 0. 1. 0. 1. 0. 0. 0. 1. 0. 1. 0. 0. 0.],7.0,1000,100,0.01,0.0035,1,6,random,,best,single_objective
236,0.13617913381378036,0.13617913381378036,0.003721295646,[0.         0.         0.         0.         0.10125865 0.         0.         0.         0.         0.         0.         0.12182279 0.         0.         0.12460605 0.         0.         0.         0.         0.111506   0.         0.10620747 0.         0.         0.         0.10925503 0.         0.32529719 0.         0.         0.        ],[0. 0. 0. 0. 1. 0. 0. 0. 0. 0. 0. 1. 0. 0. 1. 0. 0. 0. 0. 1. 0. 1. 0. 0. 0. 1. 0. 1. 0. 0. 0.],7.0,1000,100,0.01,0.0035,1,6,random,,best,single_objective
237,0.13592690691059117,0.1378723231079309,0.003721295646,[0.         0.         0.         0.         0.10125865 0.         0.         0.         0.         0.         0.         0.12060456 0.         0.         0.12460605 0.         0.         0.         0.         0.111506   0.         0.10620747 0.         0.         0.         0.10925503 0.         0.32651542 0.         0.         0.        ],[0. 0. 0. 0. 1. 0. 0. 0. 0. 0. 0. 1. 0. 0. 1. 0. 0. 0. 0. 1. 0. 1. 0. 0. 0. 1. 0. 1. 0. 0. 0.],7.0,1000,100,0.01,0.0035,1,6,random,,best,single_objective
238,0.13592690691059117,0.13592690691059117,0.003721295646,[0.         0.         0.         0.         0.10125865 0.         0.         0.         0.         0.         0.         0.12060456 0.         0.         0.12460605 0.         0.         0.         0.         0.111506   0.         0.10620747 0.         0.         0.         0.10925503 0.         0.32651542 0.         0.         0.        ],[0. 0. 0. 0. 1. 0. 0. 0. 0. 0. 0. 1. 0. 0. 1. 0. 0. 0. 0. 1. 0. 1. 0. 0. 0. 1. 0. 1. 0. 0. 0.],7.0,1000,100,0.01,0.0035,1,6,random,,best,single_objective
239,0.13567572223319685,0.13761753518906245,0.003721295646,[0.         0.         0.         0.         0.10125865 0.         0.         0.         0.         0.         0.         0.12060456 0.         0.         0.12335999 0.         0.         0.         0.         0.111506   0.         0.10620747 0.         0.         0.         0.10925503 0.         0.32776148 0.         0.         0.        ],[0. 0. 0. 0. 1. 0. 0. 0. 0. 0. 0. 1. 0. 0. 1. 0. 0. 0. 0. 1. 0. 1. 0. 0. 0. 1. 0. 1. 0. 0. 0.],7.0,1000,100,0.01,0.0035,1,6,random,,best,single_objective
240,0.13567572223319685,0.13567572223319685,0.003721295646,[0.         0.         0.         0.         0.10125865 0.         0.         0.         0.         0.         0.         0.12060456 0.         0.         0.12335999 0.         0.         0.         0.         0.111506   0.         0.10620747 0.         0.         0.         0.10925503 0.         0.32776148 0.         0.         0.        ],[0. 0. 0. 0. 1. 0. 0. 0. 0. 0. 0. 1. 0. 0. 1. 0. 0. 0. 0. 1. 0. 1. 0. 0. 0. 1. 0. 1. 0. 0. 0.],7.0,1000,100,0.01,0.0035,1,6,random,,best,single_objective
241,0.13542600820810372,0.1373642328114351,0.003721295646,[0.         0.         0.         0.         0.10125865 0.         0.         0.         0.         0.         0.         0.12060456 0.         0.         0.12212639 0.         0.         0.         0.         0.111506   0.         0.10620747 0.         0.         0.         0.10925503 0.         0.32899508 0.         0.         0.        ],[0. 0. 0. 0. 1. 0. 0. 0. 0. 0. 0. 1. 0. 0. 1. 0. 0. 0. 0. 1. 0. 1. 0. 0. 0. 1. 0. 1. 0. 0. 0.],7.0,1000,100,0.01,0.0035,1,6,random,,best,single_objective
242,0.13521662415329036,0.13521662415329036,0.003721295646,[0.         0.         0.         0.         0.10125865 0.         0.         0.         0.         0.         0.         0.11939852 0.         0.         0.12212639 0.         0.         0.         0.         0.111506   0.         0.10620747 0.         0.         0.         0.11046107 0.         0.32899508 0.         0.         0.        ],[0. 0. 0. 0. 1. 0. 0. 0. 0. 0. 0. 1. 0. 0. 1. 0. 0. 0. 0. 1. 0. 1. 0. 0. 0. 1. 0. 1. 0. 0. 0.],7.0,1000,100,0.01,0.0035,1,6,random,,best,single_objective
243,0.13496858016194715,0.13496858016194715,0.003721295646,[0.         0.         0.         0.         0.10125865 0.         0.         0.         0.         0.         0.         0.11939852 0.         0.         0.12090513 0.         0.         0.         0.         0.111506   0.         0.10620747 0.         0.         0.         0.11046107 0.         0.33021634 0.         0.         0.        ],[0. 0. 0. 0. 1. 0. 0. 0. 0. 0. 0. 1. 0. 0. 1. 0. 0. 0. 0. 1. 0. 1. 0. 0. 0. 1. 0. 1. 0. 0. 0.],7.0,1000,100,0.01,0.0035,1,6,random,,best,single_objective
244,0.13471938562487393,0.13471938562487393,0.003721295646,[0.         0.         0.         0.         0.10125865 0.         0.         0.         0.         0.         0.         0.11820453 0.         0.         0.12090513 0.         0.         0.         0.         0.111506   0.         0.10620747 0.         0.         0.         0.11046107 0.         0.33141033 0.         0.         0.        ],[0. 0. 0. 0. 1. 0. 0. 0. 0. 0. 0. 1. 0. 0. 1. 0. 0. 0. 0. 1. 0. 1. 0. 0. 0. 1. 0. 1. 0. 0. 0.],7.0,1000,100,0.01,0.0035,1,6,random,,best,single_objective
245,0.13471938562487393,0.13471938562487393,0.003721295646,[0.         0.         0.         0.         0.10125865 0.         0.         0.         0.         0.         0.         0.11820453 0.         0.         0.12090513 0.         0.         0.         0.         0.111506   0.         0.10620747 0.         0.         0.         0.11046107 0.         0.33141033 0.         0.         0.        ],[0. 0. 0. 0. 1. 0. 0. 0. 0. 0. 0. 1. 0. 0. 1. 0. 0. 0. 0. 1. 0. 1. 0. 0. 0. 1. 0. 1. 0. 0. 0.],7.0,1000,100,0.01,0.0035,1,6,random,,best,single_objective
246,0.13447186335598937,0.1363964260077733,0.003721295646,[0.         0.         0.         0.         0.10125865 0.         0.         0.         0.         0.         0.         0.11702248 0.         0.         0.12090513 0.         0.         0.         0.         0.111506   0.         0.10620747 0.         0.         0.         0.11046107 0.         0.33259237 0.         0.         0.        ],[0. 0. 0. 0. 1. 0. 0. 0. 0. 0. 0. 1. 0. 0. 1. 0. 0. 0. 0. 1. 0. 1. 0. 0. 0. 1. 0. 1. 0. 0. 0.],7.0,1000,100,0.01,0.0035,1,6,random,,best,single_objective
247,0.13447186335598937,0.13447186335598937,0.003721295646,[0.         0.         0.         0.         0.10125865 0.         0.         0.         0.         0.         0.         0.11702248 0.         0.         0.12090513 0.         0.         0.         0.         0.111506   0.         0.10620747 0.         0.         0.         0.11046107 0.         0.33259237 0.         0.         0.        ],[0. 0. 0. 0. 1. 0. 0. 0. 0. 0. 0. 1. 0. 0. 1. 0. 0. 0. 0. 1. 0. 1. 0. 0. 0. 1. 0. 1. 0. 0. 0.],7.0,1000,100,0.01,0.0035,1,6,random,,best,single_objective
248,0.13447186335598937,0.13639288997536064,0.003721295646,[0.         0.         0.         0.         0.10125865 0.         0.         0.         0.         0.         0.         0.11702248 0.         0.         0.12090513 0.         0.         0.         0.         0.111506   0.         0.10620747 0.         0.         0.         0.11046107 0.         0.33259237 0.         0.         0.        ],[0. 0. 0. 0. 1. 0. 0. 0. 0. 0. 0. 1. 0. 0. 1. 0. 0. 0. 0. 1. 0. 1. 0. 0. 0. 1. 0. 1. 0. 0. 0.],7.0,1000,100,0.01,0.0035,1,6,random,,best,single_objective
249,0.13447186335598937,0.13831391659473194,0.003721295646,[0.         0.         0.         0.         0.10125865 0.         0.         0.         0.         0.         0.         0.11702248 0.         0.         0.12090513 0.         0.         0.         0.         0.111506   0.         0.10620747 0.         0.         0.         0.11046107 0.         0.33259237 0.         0.         0.        ],[0. 0. 0. 0. 1. 0. 0. 0. 0. 0. 0. 1. 0. 0. 1. 0. 0. 0. 0. 1. 0. 1. 0. 0. 0. 1. 0. 1. 0. 0. 0.],7.0,1000,100,0.01,0.0035,1,6,random,,best,single_objective
250,0.13447186335598937,0.1402349432141032,0.003721295646,[0.         0.         0.         0.         0.10125865 0.         0.         0.         0.         0.         0.         0.11702248 0.         0.         0.12090513 0.         0.         0.         0.         0.111506   0.         0.10620747 0.         0.         0.         0.11046107 0.         0.33259237 0.         0.         0.        ],[0. 0. 0. 0. 1. 0. 0. 0. 0. 0. 0. 1. 0. 0. 1. 0. 0. 0. 0. 1. 0. 1. 0. 0. 0. 1. 0. 1. 0. 0. 0.],7.0,1000,100,0.01,0.0035,1,6,random,,best,single_objective
251,0.13447186335598937,0.14215596983347448,0.003721295646,[0.         0.         0.         0.         0.10125865 0.         0.         0.         0.         0.         0.         0.11702248 0.         0.         0.12090513 0.         0.         0.         0.         0.111506   0.         0.10620747 0.         0.         0.         0.11046107 0.         0.33259237 0.         0.         0.        ],[0. 0. 0. 0. 1. 0. 0. 0. 0. 0. 0. 1. 0. 0. 1. 0. 0. 0. 0. 1. 0. 1. 0. 0. 0. 1. 0. 1. 0. 0. 0.],7.0,1000,100,0.01,0.0035,1,6,random,,best,single_objective
252,0.1342250145606859,0.14383014765754226,0.003721295646,[0.         0.         0.         0.         0.10125865 0.         0.         0.         0.         0.         0.         0.11702248 0.         0.         0.11969608 0.         0.         0.         0.         0.111506   0.         0.10620747 0.         0.         0.         0.11046107 0.         0.33380143 0.         0.         0.        ],[0. 0. 0. 0. 1. 0. 0. 0. 0. 0. 0. 1. 0. 0. 1. 0. 0. 0. 0. 1. 0. 1. 0. 0. 0. 1. 0. 1. 0. 0. 0.],7.0,1000,100,0.01,0.0035,1,6,random,,best,single_objective
253,0.13402276324737197,0.13402276324737197,0.003721295646,[0.         0.         0.         0.         0.10125865 0.         0.         0.         0.         0.         0.         0.11702248 0.         0.         0.11969608 0.         0.         0.         0.         0.111506   0.         0.1051454  0.         0.         0.         0.11046107 0.         0.3348635  0.         0.         0.        ],[0. 0. 0. 0. 1. 0. 0. 0. 0. 0. 0. 1. 0. 0. 1. 0. 0. 0. 0. 1. 0. 1. 0. 0. 0. 1. 0. 1. 0. 0. 0.],7.0,1000,100,0.01,0.0035,1,6,random,,best,single_objective
254,0.13402276324737197,0.13402276324737197,0.003721295646,[0.         0.         0.         0.         0.10125865 0.         0.         0.         0.         0.         0.         0.11702248 0.         0.         0.11969608 0.         0.         0.         0.         0.111506   0.         0.1051454  0.         0.         0.         0.11046107 0.         0.3348635  0.         0.         0.        ],[0. 0. 0. 0. 1. 0. 0. 0. 0. 0. 0. 1. 0. 0. 1. 0. 0. 0. 0. 1. 0. 1. 0. 0. 0. 1. 0. 1. 0. 0. 0.],7.0,1000,100,0.01,0.0035,1,6,random,,best,single_objective
255,0.13402276324737197,0.13593737415090587,0.003721295646,[0.         0.         0.         0.         0.10125865 0.         0.         0.         0.         0.         0.         0.11702248 0.         0.         0.11969608 0.         0.         0.         0.         0.111506   0.         0.1051454  0.         0.         0.         0.11046107 0.         0.3348635  0.         0.         0.        ],[0. 0. 0. 0. 1. 0. 0. 0. 0. 0. 0. 1. 0. 0. 1. 0. 0. 0. 0. 1. 0. 1. 0. 0. 0. 1. 0. 1. 0. 0. 0.],7.0,1000,100,0.01,0.0035,1,6,random,,best,single_objective
256,0.13402276324737197,0.13785198505443974,0.003721295646,[0.         0.         0.         0.         0.10125865 0.         0.         0.         0.         0.         0.         0.11702248 0.         0.         0.11969608 0.         0.         0.         0.         0.111506   0.         0.1051454  0.         0.         0.         0.11046107 0.         0.3348635  0.         0.         0.        ],[0. 0. 0. 0. 1. 0. 0. 0. 0. 0. 0. 1. 0. 0. 1. 0. 0. 0. 0. 1. 0. 1. 0. 0. 0. 1. 0. 1. 0. 0. 0.],7.0,1000,100,0.01,0.0035,1,6,random,,best,single_objective
257,0.13402276324737197,0.13976659595797364,0.003721295646,[0.         0.         0.         0.         0.10125865 0.         0.         0.         0.         0.         0.         0.11702248 0.         0.         0.11969608 0.         0.         0.         0.         0.111506   0.         0.1051454  0.         0.         0.         0.11046107 0.         0.3348635  0.         0.         0.        ],[0. 0. 0. 0. 1. 0. 0. 0. 0. 0. 0. 1. 0. 0. 1. 0. 0. 0. 0. 1. 0. 1. 0. 0. 0. 1. 0. 1. 0. 0. 0.],7.0,1000,100,0.01,0.0035,1,6,random,,best,single_objective
258,0.13377679812179924,0.14143524173593477,0.003721295646,[0.         0.         0.         0.         0.10125865 0.         0.         0.         0.         0.         0.         0.11585226 0.         0.         0.11969608 0.         0.         0.         0.         0.111506   0.         0.1051454  0.         0.         0.         0.11046107 0.         0.33603372 0.         0.         0.        ],[0. 0. 0. 0. 1. 0. 0. 0. 0. 0. 0. 1. 0. 0. 1. 0. 0. 0. 0. 1. 0. 1. 0. 0. 0. 1. 0. 1. 0. 0. 0.],7.0,1000,100,0.01,0.0035,1,6,random,,best,single_objective
259,0.13377679812179924,0.13377679812179924,0.003721295646,[0.         0.         0.         0.         0.10125865 0.         0.         0.         0.         0.         0.         0.11585226 0.         0.         0.11969608 0.         0.         0.         0.         0.111506   0.         0.1051454  0.         0.         0.         0.11046107 0.         0.33603372 0.         0.         0.        ],[0. 0. 0. 0. 1. 0. 0. 0. 0. 0. 0. 1. 0. 0. 1. 0. 0. 0. 0. 1. 0. 1. 0. 0. 0. 1. 0. 1. 0. 0. 0.],7.0,1000,100,0.01,0.0035,1,6,random,,best,single_objective
260,0.1335325052688517,0.1354436023848774,0.003721295646,[0.         0.         0.         0.         0.10125865 0.         0.         0.         0.         0.         0.         0.11469374 0.         0.         0.11969608 0.         0.         0.         0.         0.111506   0.         0.1051454  0.         0.         0.         0.11046107 0.         0.33719225 0.         0.         0.        ],[0. 0. 0. 0. 1. 0. 0. 0. 0. 0. 0. 1. 0. 0. 1. 0. 0. 0. 0. 1. 0. 1. 0. 0. 0. 1. 0. 1. 0. 0. 0.],7.0,1000,100,0.01,0.0035,1,6,random,,best,single_objective
261,0.1335325052688517,0.1335325052688517,0.003721295646,[0.         0.         0.         0.         0.10125865 0.         0.         0.         0.         0.         0.         0.11469374 0.         0.         0.11969608 0.         0.         0.         0.         0.111506   0.         0.1051454  0.         0.         0.         0.11046107 0.         0.33719225 0.         0.         0.        ],[0. 0. 0. 0. 1. 0. 0. 0. 0. 0. 0. 1. 0. 0. 1. 0. 0. 0. 0. 1. 0. 1. 0. 0. 0. 1. 0. 1. 0. 0. 0.],7.0,1000,100,0.01,0.0035,1,6,random,,best,single_objective
262,0.13328694567312166,0.1351945528912481,0.003721295646,[0.         0.         0.         0.         0.10125865 0.         0.         0.         0.         0.         0.         0.11469374 0.         0.         0.11849912 0.         0.         0.         0.         0.111506   0.         0.1051454  0.         0.         0.         0.11046107 0.         0.33838921 0.         0.         0.        ],[0. 0. 0. 0. 1. 0. 0. 0. 0. 0. 0. 1. 0. 0. 1. 0. 0. 0. 0. 1. 0. 1. 0. 0. 0. 1. 0. 1. 0. 0. 0.],7.0,1000,100,0.01,0.0035,1,6,random,,best,single_objective
263,0.13328694567312166,0.13328694567312166,0.003721295646,[0.         0.         0.         0.         0.10125865 0.         0.         0.         0.         0.         0.         0.11469374 0.         0.         0.11849912 0.         0.         0.         0.         0.111506   0.         0.1051454  0.         0.         0.         0.11046107 0.         0.33838921 0.         0.         0.        ],[0. 0. 0. 0. 1. 0. 0. 0. 0. 0. 0. 1. 0. 0. 1. 0. 0. 0. 0. 1. 0. 1. 0. 0. 0. 1. 0. 1. 0. 0. 0.],7.0,1000,100,0.01,0.0035,1,6,random,,best,single_objective
264,0.13328694567312166,0.1351910448970234,0.003721295646,[0.         0.         0.         0.         0.10125865 0.         0.         0.         0.         0.         0.         0.11469374 0.         0.         0.11849912 0.         0.         0.         0.         0.111506   0.         0.1051454  0.         0.         0.         0.11046107 0.         0.33838921 0.         0.         0.        ],[0. 0. 0. 0. 1. 0. 0. 0. 0. 0. 0. 1. 0. 0. 1. 0. 0. 0. 0. 1. 0. 1. 0. 0. 0. 1. 0. 1. 0. 0. 0.],7.0,1000,100,0.01,0.0035,1,6,random,,best,single_objective
265,0.13328694567312166,0.13709514412092513,0.003721295646,[0.         0.         0.         0.         0.10125865 0.         0.         0.         0.         0.         0.         0.11469374 0.         0.         0.11849912 0.         0.         0.         0.         0.111506   0.         0.1051454  0.         0.         0.         0.11046107 0.         0.33838921 0.         0.         0.        ],[0. 0. 0. 0. 1. 0. 0. 0. 0. 0. 0. 1. 0. 0. 1. 0. 0. 0. 0. 1. 0. 1. 0. 0. 0. 1. 0. 1. 0. 0. 0.],7.0,1000,100,0.01,0.0035,1,6,random,,best,single_objective
266,0.13306287860482044,0.13877517627652566,0.003721295646,[0.         0.         0.         0.         0.10125865 0.         0.         0.         0.         0.         0.         0.11469374 0.         0.         0.11849912 0.         0.         0.         0.         0.11039094 0.         0.1051454  0.         0.         0.         0.11046107 0.         0.33950427 0.         0.         0.        ],[0. 0. 0. 0. 1. 0. 0. 0. 0. 0. 0. 1. 0. 0. 1. 0. 0. 0. 0. 1. 0. 1. 0. 0. 0. 1. 0. 1. 0. 0. 0.],7.0,1000,100,0.01,0.0035,1,6,random,,best,single_objective
267,0.13286104180403357,0.13286104180403357,0.003721295646,[0.         0.         0.         0.         0.10125865 0.         0.         0.         0.         0.         0.         0.1135468  0.         0.         0.11849912 0.         0.         0.         0.         0.11039094 0.         0.1051454  0.         0.         0.         0.11160801 0.         0.33950427 0.         0.         0.        ],[0. 0. 0. 0. 1. 0. 0. 0. 0. 0. 0. 1. 0. 0. 1. 0. 0. 0. 0. 1. 0. 1. 0. 0. 0. 1. 0. 1. 0. 0. 0.],7.0,1000,100,0.01,0.0035,1,6,random,,best,single_objective
268,0.13286104180403357,0.13286104180403357,0.003721295646,[0.         0.         0.         0.         0.10125865 0.         0.         0.         0.         0.         0.         0.1135468  0.         0.         0.11849912 0.         0.         0.         0.         0.11039094 0.         0.1051454  0.         0.         0.         0.11160801 0.         0.33950427 0.         0.         0.        ],[0. 0. 0. 0. 1. 0. 0. 0. 0. 0. 0. 1. 0. 0. 1. 0. 0. 0. 0. 1. 0. 1. 0. 0. 0. 1. 0. 1. 0. 0. 0.],7.0,1000,100,0.01,0.0035,1,6,random,,best,single_objective
269,0.13286104180403357,0.13475905668694835,0.003721295646,[0.         0.         0.         0.         0.10125865 0.         0.         0.         0.         0.         0.         0.1135468  0.         0.         0.11849912 0.         0.         0.         0.         0.11039094 0.         0.1051454  0.         0.         0.         0.11160801 0.         0.33950427 0.         0.         0.        ],[0. 0. 0. 0. 1. 0. 0. 0. 0. 0. 0. 1. 0. 0. 1. 0. 0. 0. 0. 1. 0. 1. 0. 0. 0. 1. 0. 1. 0. 0. 0.],7.0,1000,100,0.01,0.0035,1,6,random,,best,single_objective
270,0.13265926619355584,0.13645529595938538,0.003721295646,[0.         0.         0.         0.         0.10125865 0.         0.         0.         0.         0.         0.         0.1135468  0.         0.         0.11731412 0.         0.         0.         0.         0.11039094 0.         0.1051454  0.         0.         0.         0.112793   0.         0.33950427 0.         0.         0.        ],[0. 0. 0. 0. 1. 0. 0. 0. 0. 0. 0. 1. 0. 0. 1. 0. 0. 0. 0. 1. 0. 1. 0. 0. 0. 1. 0. 1. 0. 0. 0.],7.0,1000,100,0.01,0.0035,1,6,random,,best,single_objective
271,0.13265926619355584,0.13265926619355584,0.003721295646,[0.         0.         0.         0.         0.10125865 0.         0.         0.         0.         0.         0.         0.1135468  0.         0.         0.11731412 0.         0.         0.         0.         0.11039094 0.         0.1051454  0.         0.         0.         0.112793   0.         0.33950427 0.         0.         0.        ],[0. 0. 0. 0. 1. 0. 0. 0. 0. 0. 0. 1. 0. 0. 1. 0. 0. 0. 0. 1. 0. 1. 0. 0. 0. 1. 0. 1. 0. 0. 0.],7.0,1000,100,0.01,0.0035,1,6,random,,best,single_objective
272,0.13241712371792153,0.13431225609211517,0.003721295646,[0.         0.         0.         0.         0.10125865 0.         0.         0.         0.         0.         0.         0.1135468  0.         0.         0.11614098 0.         0.         0.         0.         0.11039094 0.         0.1051454  0.         0.         0.         0.112793   0.         0.34067741 0.         0.         0.        ],[0. 0. 0. 0. 1. 0. 0. 0. 0. 0. 0. 1. 0. 0. 1. 0. 0. 0. 0. 1. 0. 1. 0. 0. 0. 1. 0. 1. 0. 0. 0.],7.0,1000,100,0.01,0.0035,1,6,random,,best,single_objective
273,0.13217647976801447,0.13217647976801447,0.003721295646,[0.         0.         0.         0.         0.10125865 0.         0.         0.         0.         0.         0.         0.1135468  0.         0.         0.11497957 0.         0.         0.         0.         0.11039094 0.         0.1051454  0.         0.         0.         0.112793   0.         0.34183882 0.         0.         0.        ],[0. 0. 0. 0. 1. 0. 0. 0. 0. 0. 0. 1. 0. 0. 1. 0. 0. 0. 0. 1. 0. 1. 0. 0. 0. 1. 0. 1. 0. 0. 0.],7.0,1000,100,0.01,0.0035,1,6,random,,best,single_objective
274,0.13217647976801447,0.13217647976801447,0.003721295646,[0.         0.         0.         0.         0.10125865 0.         0.         0.         0.         0.         0.         0.1135468  0.         0.         0.11497957 0.         0.         0.         0.         0.11039094 0.         0.1051454  0.         0.         0.         0.112793   0.         0.34183882 0.         0.         0.        ],[0. 0. 0. 0. 1. 0. 0. 0. 0. 0. 0. 1. 0. 0. 1. 0. 0. 0. 0. 1. 0. 1. 0. 0. 0. 1. 0. 1. 0. 0. 0.],7.0,1000,100,0.01,0.0035,1,6,random,,best,single_objective
275,0.1321043659760382,0.13399260140129554,0.003721295646,[0.         0.         0.         0.         0.10024606 0.         0.         0.         0.         0.         0.         0.1135468  0.         0.         0.11497957 0.         0.         0.         0.         0.11039094 0.         0.1051454  0.         0.         0.         0.112793   0.         0.34285141 0.         0.         0.        ],[0. 0. 0. 0. 1. 0. 0. 0. 0. 0. 0. 1. 0. 0. 1. 0. 0. 0. 0. 1. 0. 1. 0. 0. 0. 1. 0. 1. 0. 0. 0.],7.0,1000,100,0.01,0.0035,1,6,random,,best,single_objective
276,0.13194399382392816,0.13194399382392816,0.003721295646,[0.         0.         0.         0.         0.10138153 0.         0.         0.         0.         0.         0.         0.11241133 0.         0.         0.11497957 0.         0.         0.         0.         0.11039094 0.         0.1051454  0.         0.         0.         0.112793   0.         0.34285141 0.         0.         0.        ],[0. 0. 0. 0. 1. 0. 0. 0. 0. 0. 0. 1. 0. 0. 1. 0. 0. 0. 0. 1. 0. 1. 0. 0. 0. 1. 0. 1. 0. 0. 0.],7.0,1000,100,0.01,0.0035,1,6,random,,best,single_objective
277,0.13194399382392816,0.13194399382392816,0.003721295646,[0.         0.         0.         0.         0.10138153 0.         0.         0.         0.         0.         0.         0.11241133 0.         0.         0.11497957 0.         0.         0.         0.         0.11039094 0.         0.1051454  0.         0.         0.         0.112793   0.         0.34285141 0.         0.         0.        ],[0. 0. 0. 0. 1. 0. 0. 0. 0. 0. 0. 1. 0. 0. 1. 0. 0. 0. 0. 1. 0. 1. 0. 0. 0. 1. 0. 1. 0. 0. 0.],7.0,1000,100,0.01,0.0035,1,6,random,,best,single_objective
278,0.13170474652114056,0.13358966071862524,0.003721295646,[0.         0.         0.         0.         0.10138153 0.         0.         0.         0.         0.         0.         0.11241133 0.         0.         0.11382978 0.         0.         0.         0.         0.11039094 0.         0.1051454  0.         0.         0.         0.112793   0.         0.3440012  0.         0.         0.        ],[0. 0. 0. 0. 1. 0. 0. 0. 0. 0. 0. 1. 0. 0. 1. 0. 0. 0. 0. 1. 0. 1. 0. 0. 0. 1. 0. 1. 0. 0. 0.],7.0,1000,100,0.01,0.0035,1,6,random,,best,single_objective
279,0.13170474652114056,0.13170474652114056,0.003721295646,[0.         0.         0.         0.         0.10138153 0.         0.         0.         0.         0.         0.         0.11241133 0.         0.         0.11382978 0.         0.         0.         0.         0.11039094 0.         0.1051454  0.         0.         0.         0.112793   0.         0.3440012  0.         0.         0.        ],[0. 0. 0. 0. 1. 0. 0. 0. 0. 0. 0. 1. 0. 0. 1. 0. 0. 0. 0. 1. 0. 1. 0. 0. 0. 1. 0. 1. 0. 0. 0.],7.0,1000,100,0.01,0.0035,1,6,random,,best,single_objective
280,0.13148234675716797,0.1333638431360414,0.003721295646,[0.         0.         0.         0.         0.10138153 0.         0.         0.         0.         0.         0.         0.11241133 0.         0.         0.11382978 0.         0.         0.         0.         0.10928704 0.         0.1051454  0.         0.         0.         0.112793   0.         0.34510511 0.         0.         0.        ],[0. 0. 0. 0. 1. 0. 0. 0. 0. 0. 0. 1. 0. 0. 1. 0. 0. 0. 0. 1. 0. 1. 0. 0. 0. 1. 0. 1. 0. 0. 0.],7.0,1000,100,0.01,0.0035,1,6,random,,best,single_objective
281,0.1312427050717341,0.1312427050717341,0.003721295646,[0.         0.         0.         0.         0.10138153 0.         0.         0.         0.         0.         0.         0.11128722 0.         0.         0.11382978 0.         0.         0.         0.         0.10928704 0.         0.1051454  0.         0.         0.         0.112793   0.         0.34622922 0.         0.         0.        ],[0. 0. 0. 0. 1. 0. 0. 0. 0. 0. 0. 1. 0. 0. 1. 0. 0. 0. 0. 1. 0. 1. 0. 0. 0. 1. 0. 1. 0. 0. 0.],7.0,1000,100,0.01,0.0035,1,6,random,,best,single_objective
282,0.1312427050717341,0.1312427050717341,0.003721295646,[0.         0.         0.         0.         0.10138153 0.         0.         0.         0.         0.         0.         0.11128722 0.         0.         0.11382978 0.         0.         0.         0.         0.10928704 0.         0.1051454  0.         0.         0.         0.112793   0.         0.34622922 0.         0.         0.        ],[0. 0. 0. 0. 1. 0. 0. 0. 0. 0. 0. 1. 0. 0. 1. 0. 0. 0. 0. 1. 0. 1. 0. 0. 0. 1. 0. 1. 0. 0. 0.],7.0,1000,100,0.01,0.0035,1,6,random,,best,single_objective
283,0.1312427050717341,0.13311760085847316,0.003721295646,[0.         0.         0.         0.         0.10138153 0.         0.         0.         0.         0.         0.         0.11128722 0.         0.         0.11382978 0.         0.         0.         0.         0.10928704 0.         0.1051454  0.         0.         0.         0.112793   0.         0.34622922 0.         0.         0.        ],[0. 0. 0. 0. 1. 0. 0. 0. 0. 0. 0. 1. 0. 0. 1. 0. 0. 0. 0. 1. 0. 1. 0. 0. 0. 1. 0. 1. 0. 0. 0.],7.0,1000,100,0.01,0.0035,1,6,random,,best,single_objective
284,0.1312427050717341,0.13499249664521223,0.003721295646,[0.         0.         0.         0.         0.10138153 0.         0.         0.         0.         0.         0.         0.11128722 0.         0.         0.11382978 0.         0.         0.         0.         0.10928704 0.         0.1051454  0.         0.         0.         0.112793   0.         0.34622922 0.         0.         0.        ],[0. 0. 0. 0. 1. 0. 0. 0. 0. 0. 0. 1. 0. 0. 1. 0. 0. 0. 0. 1. 0. 1. 0. 0. 0. 1. 0. 1. 0. 0. 0.],7.0,1000,100,0.01,0.0035,1,6,random,,best,single_objective
285,0.1312427050717341,0.13686739243195128,0.003721295646,[0.         0.         0.         0.         0.10138153 0.         0.         0.         0.         0.         0.         0.11128722 0.         0.         0.11382978 0.         0.         0.         0.         0.10928704 0.         0.1051454  0.         0.         0.         0.112793   0.         0.34622922 0.         0.         0.        ],[0. 0. 0. 0. 1. 0. 0. 0. 0. 0. 0. 1. 0. 0. 1. 0. 0. 0. 0. 1. 0. 1. 0. 0. 0. 1. 0. 1. 0. 0. 0.],7.0,1000,100,0.01,0.0035,1,6,random,,best,single_objective
286,0.1312427050717341,0.13874228821869034,0.003721295646,[0.         0.         0.         0.         0.10138153 0.         0.         0.         0.         0.         0.         0.11128722 0.         0.         0.11382978 0.         0.         0.         0.         0.10928704 0.         0.1051454  0.         0.         0.         0.112793   0.         0.34622922 0.         0.         0.        ],[0. 0. 0. 0. 1. 0. 0. 0. 0. 0. 0. 1. 0. 0. 1. 0. 0. 0. 0. 1. 0. 1. 0. 0. 0. 1. 0. 1. 0. 0. 0.],7.0,1000,100,0.01,0.0035,1,6,random,,best,single_objective
287,0.1312427050717341,0.14061718400542939,0.003721295646,[0.         0.         0.         0.         0.10138153 0.         0.         0.         0.         0.         0.         0.11128722 0.         0.         0.11382978 0.         0.         0.         0.         0.10928704 0.         0.1051454  0.         0.         0.         0.112793   0.         0.34622922 0.         0.         0.        ],[0. 0. 0. 0. 1. 0. 0. 0. 0. 0. 0. 1. 0. 0. 1. 0. 0. 0. 0. 1. 0. 1. 0. 0. 0. 1. 0. 1. 0. 0. 0.],7.0,1000,100,0.01,0.0035,1,6,random,,best,single_objective
288,0.1312427050717341,0.14249207979216846,0.003721295646,[0.         0.         0.         0.         0.10138153 0.         0.         0.         0.         0.         0.         0.11128722 0.         0.         0.11382978 0.         0.         0.         0.         0.10928704 0.         0.1051454  0.         0.         0.         0.112793   0.         0.34622922 0.         0.         0.        ],[0. 0. 0. 0. 1. 0. 0. 0. 0. 0. 0. 1. 0. 0. 1. 0. 0. 0. 0. 1. 0. 1. 0. 0. 0. 1. 0. 1. 0. 0. 0.],7.0,1000,100,0.01,0.0035,1,6,random,,best,single_objective
289,0.13100476580639844,0.14412903631357185,0.003721295646,[0.         0.         0.         0.         0.10138153 0.         0.         0.         0.         0.         0.         0.11128722 0.         0.         0.11269148 0.         0.         0.         0.         0.10928704 0.         0.1051454  0.         0.         0.         0.112793   0.         0.34736752 0.         0.         0.        ],[0. 0. 0. 0. 1. 0. 0. 0. 0. 0. 0. 1. 0. 0. 1. 0. 0. 0. 0. 1. 0. 1. 0. 0. 0. 1. 0. 1. 0. 0. 0.],7.0,1000,100,0.01,0.0035,1,6,random,,best,single_objective
290,0.13100476580639844,0.13100476580639844,0.003721295646,[0.         0.         0.         0.         0.10138153 0.         0.         0.         0.         0.         0.         0.11128722 0.         0.         0.11269148 0.         0.         0.         0.         0.10928704 0.         0.1051454  0.         0.         0.         0.112793   0.         0.34736752 0.         0.         0.        ],[0. 0. 0. 0. 1. 0. 0. 0. 0. 0. 0. 1. 0. 0. 1. 0. 0. 0. 0. 1. 0. 1. 0. 0. 0. 1. 0. 1. 0. 0. 0.],7.0,1000,100,0.01,0.0035,1,6,random,,best,single_objective
291,0.13100476580639844,0.13287626246077555,0.003721295646,[0.         0.         0.         0.         0.10138153 0.         0.         0.         0.         0.         0.         0.11128722 0.         0.         0.11269148 0.         0.         0.         0.         0.10928704 0.         0.1051454  0.         0.         0.         0.112793   0.         0.34736752 0.         0.         0.        ],[0. 0. 0. 0. 1. 0. 0. 0. 0. 0. 0. 1. 0. 0. 1. 0. 0. 0. 0. 1. 0. 1. 0. 0. 0. 1. 0. 1. 0. 0. 0.],7.0,1000,100,0.01,0.0035,1,6,random,,best,single_objective
292,0.130766668279458,0.13450966158821223,0.003721295646,[0.         0.         0.         0.         0.10138153 0.         0.         0.         0.         0.         0.         0.11017435 0.         0.         0.11269148 0.         0.         0.         0.         0.10928704 0.         0.1051454  0.         0.         0.         0.112793   0.         0.34848039 0.         0.         0.        ],[0. 0. 0. 0. 1. 0. 0. 0. 0. 0. 0. 1. 0. 0. 1. 0. 0. 0. 0. 1. 0. 1. 0. 0. 0. 1. 0. 1. 0. 0. 0.],7.0,1000,100,0.01,0.0035,1,6,random,,best,single_objective
293,0.130766668279458,0.130766668279458,0.003721295646,[0.         0.         0.         0.         0.10138153 0.         0.         0.         0.         0.         0.         0.11017435 0.         0.         0.11269148 0.         0.         0.         0.         0.10928704 0.         0.1051454  0.         0.         0.         0.112793   0.         0.34848039 0.         0.         0.        ],[0. 0. 0. 0. 1. 0. 0. 0. 0. 0. 0. 1. 0. 0. 1. 0. 0. 0. 0. 1. 0. 1. 0. 0. 0. 1. 0. 1. 0. 0. 0.],7.0,1000,100,0.01,0.0035,1,6,random,,best,single_objective
294,0.130766668279458,0.13263476354059311,0.003721295646,[0.         0.         0.         0.         0.10138153 0.         0.         0.         0.         0.         0.         0.11017435 0.         0.         0.11269148 0.         0.         0.         0.         0.10928704 0.         0.1051454  0.         0.         0.         0.112793   0.         0.34848039 0.         0.         0.        ],[0. 0. 0. 0. 1. 0. 0. 0. 0. 0. 0. 1. 0. 0. 1. 0. 0. 0. 0. 1. 0. 1. 0. 0. 0. 1. 0. 1. 0. 0. 0.],7.0,1000,100,0.01,0.0035,1,6,random,,best,single_objective
295,0.130766668279458,0.13450285880172821,0.003721295646,[0.         0.         0.         0.         0.10138153 0.         0.         0.         0.         0.         0.         0.11017435 0.         0.         0.11269148 0.         0.         0.         0.         0.10928704 0.         0.1051454  0.         0.         0.         0.112793   0.         0.34848039 0.         0.         0.        ],[0. 0. 0. 0. 1. 0. 0. 0. 0. 0. 0. 1. 0. 0. 1. 0. 0. 0. 0. 1. 0. 1. 0. 0. 0. 1. 0. 1. 0. 0. 0.],7.0,1000,100,0.01,0.0035,1,6,random,,best,single_objective
296,0.130766668279458,0.13637095406286334,0.003721295646,[0.         0.         0.         0.         0.10138153 0.         0.         0.         0.         0.         0.         0.11017435 0.         0.         0.11269148 0.         0.         0.         0.         0.10928704 0.         0.1051454  0.         0.         0.         0.112793   0.         0.34848039 0.         0.         0.        ],[0. 0. 0. 0. 1. 0. 0. 0. 0. 0. 0. 1. 0. 0. 1. 0. 0. 0. 0. 1. 0. 1. 0. 0. 0. 1. 0. 1. 0. 0. 0.],7.0,1000,100,0.01,0.0035,1,6,random,,best,single_objective
297,0.130766668279458,0.13823904932399844,0.003721295646,[0.         0.         0.         0.         0.10138153 0.         0.         0.         0.         0.         0.         0.11017435 0.         0.         0.11269148 0.         0.         0.         0.         0.10928704 0.         0.1051454  0.         0.         0.         0.112793   0.         0.34848039 0.         0.         0.        ],[0. 0. 0. 0. 1. 0. 0. 0. 0. 0. 0. 1. 0. 0. 1. 0. 0. 0. 0. 1. 0. 1. 0. 0. 0. 1. 0. 1. 0. 0. 0.],7.0,1000,100,0.01,0.0035,1,6,random,,best,single_objective
298,0.13053011506384185,0.13987059136951743,0.003721295646,[0.         0.         0.         0.         0.10138153 0.         0.         0.         0.         0.         0.         0.11017435 0.         0.         0.11156457 0.         0.         0.         0.         0.10928704 0.         0.1051454  0.         0.         0.         0.112793   0.         0.34960731 0.         0.         0.        ],[0. 0. 0. 0. 1. 0. 0. 0. 0. 0. 0. 1. 0. 0. 1. 0. 0. 0. 0. 1. 0. 1. 0. 0. 0. 1. 0. 1. 0. 0. 0.],7.0,1000,100,0.01,0.0035,1,6,random,,best,single_objective
299,0.13053011506384185,0.13053011506384185,0.003721295646,[0.         0.         0.         0.         0.10138153 0.         0.         0.         0.         0.         0.         0.11017435 0.         0.         0.11156457 0.         0.         0.         0.         0.10928704 0.         0.1051454  0.         0.         0.         0.112793   0.         0.34960731 0.         0.         0.        ],[0. 0. 0. 0. 1. 0. 0. 0. 0. 0. 0. 1. 0. 0. 1. 0. 0. 0. 0. 1. 0. 1. 0. 0. 0. 1. 0. 1. 0. 0. 0.],7.0,1000,100,0.01,0.0035,1,6,random,,best,single_objective
300,0.13053011506384185,0.1323948309933253,0.003721295646,[0.         0.         0.         0.         0.10138153 0.         0.         0.         0.         0.         0.         0.11017435 0.         0.         0.11156457 0.         0.         0.         0.         0.10928704 0.         0.1051454  0.         0.         0.         0.112793   0.         0.34960731 0.         0.         0.        ],[0. 0. 0. 0. 1. 0. 0. 0. 0. 0. 0. 1. 0. 0. 1. 0. 0. 0. 0. 1. 0. 1. 0. 0. 0. 1. 0. 1. 0. 0. 0.],7.0,1000,100,0.01,0.0035,1,6,random,,best,single_objective
301,0.13053011506384185,0.13425954692280875,0.003721295646,[0.         0.         0.         0.         0.10138153 0.         0.         0.         0.         0.         0.         0.11017435 0.         0.         0.11156457 0.         0.         0.         0.         0.10928704 0.         0.1051454  0.         0.         0.         0.112793   0.         0.34960731 0.         0.         0.        ],[0. 0. 0. 0. 1. 0. 0. 0. 0. 0. 0. 1. 0. 0. 1. 0. 0. 0. 0. 1. 0. 1. 0. 0. 0. 1. 0. 1. 0. 0. 0.],7.0,1000,100,0.01,0.0035,1,6,random,,best,single_objective
302,0.1302935632137512,0.13588771100220157,0.003721295646,[0.         0.         0.         0.         0.10138153 0.         0.         0.         0.         0.         0.         0.1090726  0.         0.         0.11156457 0.         0.         0.         0.         0.10928704 0.         0.1051454  0.         0.         0.         0.112793   0.         0.35070905 0.         0.         0.        ],[0. 0. 0. 0. 1. 0. 0. 0. 0. 0. 0. 1. 0. 0. 1. 0. 0. 0. 0. 1. 0. 1. 0. 0. 0. 1. 0. 1. 0. 0. 0.],7.0,1000,100,0.01,0.0035,1,6,random,,best,single_objective
303,0.1302935632137512,0.1302935632137512,0.003721295646,[0.         0.         0.         0.         0.10138153 0.         0.         0.         0.         0.         0.         0.1090726  0.         0.         0.11156457 0.         0.         0.         0.         0.10928704 0.         0.1051454  0.         0.         0.         0.112793   0.         0.35070905 0.         0.         0.        ],[0. 0. 0. 0. 1. 0. 0. 0. 0. 0. 0. 1. 0. 0. 1. 0. 0. 0. 0. 1. 0. 1. 0. 0. 0. 1. 0. 1. 0. 0. 0.],7.0,1000,100,0.01,0.0035,1,6,random,,best,single_objective
304,0.13005840195488183,0.13191973857222114,0.003721295646,[0.         0.         0.         0.         0.10138153 0.         0.         0.         0.         0.         0.         0.1090726  0.         0.         0.11044892 0.         0.         0.         0.         0.10928704 0.         0.1051454  0.         0.         0.         0.112793   0.         0.3518247  0.         0.         0.        ],[0. 0. 0. 0. 1. 0. 0. 0. 0. 0. 0. 1. 0. 0. 1. 0. 0. 0. 0. 1. 0. 1. 0. 0. 0. 1. 0. 1. 0. 0. 0.],7.0,1000,100,0.01,0.0035,1,6,random,,best,single_objective
305,0.13005840195488183,0.13005840195488183,0.003721295646,[0.         0.         0.         0.         0.10138153 0.         0.         0.         0.         0.         0.         0.1090726  0.         0.         0.11044892 0.         0.         0.         0.         0.10928704 0.         0.1051454  0.         0.         0.         0.112793   0.         0.3518247  0.         0.         0.        ],[0. 0. 0. 0. 1. 0. 0. 0. 0. 0. 0. 1. 0. 0. 1. 0. 0. 0. 0. 1. 0. 1. 0. 0. 0. 1. 0. 1. 0. 0. 0.],7.0,1000,100,0.01,0.0035,1,6,random,,best,single_objective
306,0.13005840195488183,0.13191637912566587,0.003721295646,[0.         0.         0.         0.         0.10138153 0.         0.         0.         0.         0.         0.         0.1090726  0.         0.         0.11044892 0.         0.         0.         0.         0.10928704 0.         0.1051454  0.         0.         0.         0.112793   0.         0.3518247  0.         0.         0.        ],[0. 0. 0. 0. 1. 0. 0. 0. 0. 0. 0. 1. 0. 0. 1. 0. 0. 0. 0. 1. 0. 1. 0. 0. 0. 1. 0. 1. 0. 0. 0.],7.0,1000,100,0.01,0.0035,1,6,random,,best,single_objective
307,0.13005840195488183,0.13377435629644988,0.003721295646,[0.         0.         0.         0.         0.10138153 0.         0.         0.         0.         0.         0.         0.1090726  0.         0.         0.11044892 0.         0.         0.         0.         0.10928704 0.         0.1051454  0.         0.         0.         0.112793   0.         0.3518247  0.         0.         0.        ],[0. 0. 0. 0. 1. 0. 0. 0. 0. 0. 0. 1. 0. 0. 1. 0. 0. 0. 0. 1. 0. 1. 0. 0. 0. 1. 0. 1. 0. 0. 0.],7.0,1000,100,0.01,0.0035,1,6,random,,best,single_objective
308,0.13005840195488183,0.1356323334672339,0.003721295646,[0.         0.         0.         0.         0.10138153 0.         0.         0.         0.         0.         0.         0.1090726  0.         0.         0.11044892 0.         0.         0.         0.         0.10928704 0.         0.1051454  0.         0.         0.         0.112793   0.         0.3518247  0.         0.         0.        ],[0. 0. 0. 0. 1. 0. 0. 0. 0. 0. 0. 1. 0. 0. 1. 0. 0. 0. 0. 1. 0. 1. 0. 0. 0. 1. 0. 1. 0. 0. 0.],7.0,1000,100,0.01,0.0035,1,6,random,,best,single_objective
309,0.13005840195488183,0.13749031063801795,0.003721295646,[0.         0.         0.         0.         0.10138153 0.         0.         0.         0.         0.         0.         0.1090726  0.         0.         0.11044892 0.         0.         0.         0.         0.10928704 0.         0.1051454  0.         0.         0.         0.112793   0.         0.3518247  0.         0.         0.        ],[0. 0. 0. 0. 1. 0. 0. 0. 0. 0. 0. 1. 0. 0. 1. 0. 0. 0. 0. 1. 0. 1. 0. 0. 0. 1. 0. 1. 0. 0. 0.],7.0,1000,100,0.01,0.0035,1,6,random,,best,single_objective
310,0.12986431221883257,0.1391541980727527,0.003721295646,[0.         0.         0.         0.         0.10138153 0.         0.         0.         0.         0.         0.         0.10798188 0.         0.         0.11044892 0.         0.         0.         0.         0.10928704 0.         0.1051454  0.         0.         0.         0.11388373 0.         0.3518247  0.         0.         0.        ],[0. 0. 0. 0. 1. 0. 0. 0. 0. 0. 0. 1. 0. 0. 1. 0. 0. 0. 0. 1. 0. 1. 0. 0. 0. 1. 0. 1. 0. 0. 0.],7.0,1000,100,0.01,0.0035,1,6,random,,best,single_objective
311,0.12986431221883257,0.12986431221883257,0.003721295646,[0.         0.         0.         0.         0.10138153 0.         0.         0.         0.         0.         0.         0.10798188 0.         0.         0.11044892 0.         0.         0.         0.         0.10928704 0.         0.1051454  0.         0.         0.         0.11388373 0.         0.3518247  0.         0.         0.        ],[0. 0. 0. 0. 1. 0. 0. 0. 0. 0. 0. 1. 0. 0. 1. 0. 0. 0. 0. 1. 0. 1. 0. 0. 0. 1. 0. 1. 0. 0. 0.],7.0,1000,100,0.01,0.0035,1,6,random,,best,single_objective
312,0.12986431221883257,0.13171951667910162,0.003721295646,[0.         0.         0.         0.         0.10138153 0.         0.         0.         0.         0.         0.         0.10798188 0.         0.         0.11044892 0.         0.         0.         0.         0.10928704 0.         0.1051454  0.         0.         0.         0.11388373 0.         0.3518247  0.         0.         0.        ],[0. 0. 0. 0. 1. 0. 0. 0. 0. 0. 0. 1. 0. 0. 1. 0. 0. 0. 0. 1. 0. 1. 0. 0. 0. 1. 0. 1. 0. 0. 0.],7.0,1000,100,0.01,0.0035,1,6,random,,best,single_objective
313,0.12986431221883257,0.13357472113937063,0.003721295646,[0.         0.         0.         0.         0.10138153 0.         0.         0.         0.         0.         0.         0.10798188 0.         0.         0.11044892 0.         0.         0.         0.         0.10928704 0.         0.1051454  0.         0.         0.         0.11388373 0.         0.3518247  0.         0.         0.        ],[0. 0. 0. 0. 1. 0. 0. 0. 0. 0. 0. 1. 0. 0. 1. 0. 0. 0. 0. 1. 0. 1. 0. 0. 0. 1. 0. 1. 0. 0. 0.],7.0,1000,100,0.01,0.0035,1,6,random,,best,single_objective
314,0.12986431221883257,0.13542992559963968,0.003721295646,[0.         0.         0.         0.         0.10138153 0.         0.         0.         0.         0.         0.         0.10798188 0.         0.         0.11044892 0.         0.         0.         0.         0.10928704 0.         0.1051454  0.         0.         0.         0.11388373 0.         0.3518247  0.         0.         0.        ],[0. 0. 0. 0. 1. 0. 0. 0. 0. 0. 0. 1. 0. 0. 1. 0. 0. 0. 0. 1. 0. 1. 0. 0. 0. 1. 0. 1. 0. 0. 0.],7.0,1000,100,0.01,0.0035,1,6,random,,best,single_objective
315,0.12986431221883257,0.13728513005990872,0.003721295646,[0.         0.         0.         0.         0.10138153 0.         0.         0.         0.         0.         0.         0.10798188 0.         0.         0.11044892 0.         0.         0.         0.         0.10928704 0.         0.1051454  0.         0.         0.         0.11388373 0.         0.3518247  0.         0.         0.        ],[0. 0. 0. 0. 1. 0. 0. 0. 0. 0. 0. 1. 0. 0. 1. 0. 0. 0. 0. 1. 0. 1. 0. 0. 0. 1. 0. 1. 0. 0. 0.],7.0,1000,100,0.01,0.0035,1,6,random,,best,single_objective
316,0.1296647528317415,0.1389407751330867,0.003721295646,[0.         0.         0.         0.         0.10138153 0.         0.         0.         0.         0.         0.         0.10798188 0.         0.         0.11044892 0.         0.         0.         0.         0.10928704 0.         0.10409394 0.         0.         0.         0.11388373 0.         0.35287615 0.         0.         0.        ],[0. 0. 0. 0. 1. 0. 0. 0. 0. 0. 0. 1. 0. 0. 1. 0. 0. 0. 0. 1. 0. 1. 0. 0. 0. 1. 0. 1. 0. 0. 0.],7.0,1000,100,0.01,0.0035,1,6,random,,best,single_objective
317,0.1296647528317415,0.1296647528317415,0.003721295646,[0.         0.         0.         0.         0.10138153 0.         0.         0.         0.         0.         0.         0.10798188 0.         0.         0.11044892 0.         0.         0.         0.         0.10928704 0.         0.10409394 0.         0.         0.         0.11388373 0.         0.35287615 0.         0.         0.        ],[0. 0. 0. 0. 1. 0. 0. 0. 0. 0. 0. 1. 0. 0. 1. 0. 0. 0. 0. 1. 0. 1. 0. 0. 0. 1. 0. 1. 0. 0. 0.],7.0,1000,100,0.01,0.0035,1,6,random,,best,single_objective
318,0.12947278522254757,0.1313251388344296,0.003721295646,[0.         0.         0.         0.         0.10138153 0.         0.         0.         0.         0.         0.         0.10798188 0.         0.         0.10934443 0.         0.         0.         0.         0.10928704 0.         0.10409394 0.         0.         0.         0.11498822 0.         0.35287615 0.         0.         0.        ],[0. 0. 0. 0. 1. 0. 0. 0. 0. 0. 0. 1. 0. 0. 1. 0. 0. 0. 0. 1. 0. 1. 0. 0. 0. 1. 0. 1. 0. 0. 0.],7.0,1000,100,0.01,0.0035,1,6,random,,best,single_objective
319,0.12947278522254757,0.12947278522254757,0.003721295646,[0.         0.         0.         0.         0.10138153 0.         0.         0.         0.         0.         0.         0.10798188 0.         0.         0.10934443 0.         0.         0.         0.         0.10928704 0.         0.10409394 0.         0.         0.         0.11498822 0.         0.35287615 0.         0.         0.        ],[0. 0. 0. 0. 1. 0. 0. 0. 0. 0. 0. 1. 0. 0. 1. 0. 0. 0. 0. 1. 0. 1. 0. 0. 0. 1. 0. 1. 0. 0. 0.],7.0,1000,100,0.01,0.0035,1,6,random,,best,single_objective
320,0.12923956969686526,0.13108918091433022,0.003721295646,[0.         0.         0.         0.         0.10138153 0.         0.         0.         0.         0.         0.         0.10690206 0.         0.         0.10934443 0.         0.         0.         0.         0.10928704 0.         0.10409394 0.         0.         0.         0.11498822 0.         0.35395597 0.         0.         0.        ],[0. 0. 0. 0. 1. 0. 0. 0. 0. 0. 0. 1. 0. 0. 1. 0. 0. 0. 0. 1. 0. 1. 0. 0. 0. 1. 0. 1. 0. 0. 0.],7.0,1000,100,0.01,0.0035,1,6,random,,best,single_objective
321,0.12904801992548826,0.12904801992548826,0.003721295646,[0.         0.         0.         0.         0.10138153 0.         0.         0.         0.         0.         0.         0.10583304 0.         0.         0.10934443 0.         0.         0.         0.         0.10928704 0.         0.10409394 0.         0.         0.         0.11605724 0.         0.35395597 0.         0.         0.        ],[0. 0. 0. 0. 1. 0. 0. 0. 0. 0. 0. 1. 0. 0. 1. 0. 0. 0. 0. 1. 0. 1. 0. 0. 0. 1. 0. 1. 0. 0. 0.],7.0,1000,100,0.01,0.0035,1,6,random,,best,single_objective
322,0.12904801992548826,0.12904801992548826,0.003721295646,[0.         0.         0.         0.         0.10138153 0.         0.         0.         0.         0.         0.         0.10583304 0.         0.         0.10934443 0.         0.         0.         0.         0.10928704 0.         0.10409394 0.         0.         0.         0.11605724 0.         0.35395597 0.         0.         0.        ],[0. 0. 0. 0. 1. 0. 0. 0. 0. 0. 0. 1. 0. 0. 1. 0. 0. 0. 0. 1. 0. 1. 0. 0. 0. 1. 0. 1. 0. 0. 0.],7.0,1000,100,0.01,0.0035,1,6,random,,best,single_objective
323,0.12885018072172616,0.13069372386351885,0.003721295646,[0.         0.         0.         0.         0.10138153 0.         0.         0.         0.         0.         0.         0.10583304 0.         0.         0.10934443 0.         0.         0.         0.         0.10928704 0.         0.103053   0.         0.         0.         0.11605724 0.         0.35499691 0.         0.         0.        ],[0. 0. 0. 0. 1. 0. 0. 0. 0. 0. 0. 1. 0. 0. 1. 0. 0. 0. 0. 1. 0. 1. 0. 0. 0. 1. 0. 1. 0. 0. 0.],7.0,1000,100,0.01,0.0035,1,6,random,,best,single_objective
324,0.12861866571652947,0.12861866571652947,0.003721295646,[0.         0.         0.         0.         0.10138153 0.         0.         0.         0.         0.         0.         0.10583304 0.         0.         0.10825099 0.         0.         0.         0.         0.10928704 0.         0.103053   0.         0.         0.         0.11605724 0.         0.35609035 0.         0.         0.        ],[0. 0. 0. 0. 1. 0. 0. 0. 0. 0. 0. 1. 0. 0. 1. 0. 0. 0. 0. 1. 0. 1. 0. 0. 0. 1. 0. 1. 0. 0. 0.],7.0,1000,100,0.01,0.0035,1,6,random,,best,single_objective
325,0.12861866571652947,0.12861866571652947,0.003721295646,[0.         0.         0.         0.         0.10138153 0.         0.         0.         0.         0.         0.         0.10583304 0.         0.         0.10825099 0.         0.         0.         0.         0.10928704 0.         0.103053   0.         0.         0.         0.11605724 0.         0.35609035 0.         0.         0.        ],[0. 0. 0. 0. 1. 0. 0. 0. 0. 0. 0. 1. 0. 0. 1. 0. 0. 0. 0. 1. 0. 1. 0. 0. 0. 1. 0. 1. 0. 0. 0.],7.0,1000,100,0.01,0.0035,1,6,random,,best,single_objective
326,0.12838866409671762,0.13022607360695376,0.003721295646,[0.         0.         0.         0.         0.10138153 0.         0.         0.         0.         0.         0.         0.10583304 0.         0.         0.10716848 0.         0.         0.         0.         0.10928704 0.         0.103053   0.         0.         0.         0.11605724 0.         0.35717286 0.         0.         0.        ],[0. 0. 0. 0. 1. 0. 0. 0. 0. 0. 0. 1. 0. 0. 1. 0. 0. 0. 0. 1. 0. 1. 0. 0. 0. 1. 0. 1. 0. 0. 0.],7.0,1000,100,0.01,0.0035,1,6,random,,best,single_objective
327,0.12838866409671762,0.12838866409671762,0.003721295646,[0.         0.         0.         0.         0.10138153 0.         0.         0.         0.         0.         0.         0.10583304 0.         0.         0.10716848 0.         0.         0.         0.         0.10928704 0.         0.103053   0.         0.         0.         0.11605724 0.         0.35717286 0.         0.         0.        ],[0. 0. 0. 0. 1. 0. 0. 0. 0. 0. 0. 1. 0. 0. 1. 0. 0. 0. 0. 1. 0. 1. 0. 0. 0. 1. 0. 1. 0. 0. 0.],7.0,1000,100,0.01,0.0035,1,6,random,,best,single_objective
328,0.12838866409671762,0.13022278786952787,0.003721295646,[0.         0.         0.         0.         0.10138153 0.         0.         0.         0.         0.         0.         0.10583304 0.         0.         0.10716848 0.         0.         0.         0.         0.10928704 0.         0.103053   0.         0.         0.         0.11605724 0.         0.35717286 0.         0.         0.        ],[0. 0. 0. 0. 1. 0. 0. 0. 0. 0. 0. 1. 0. 0. 1. 0. 0. 0. 0. 1. 0. 1. 0. 0. 0. 1. 0. 1. 0. 0. 0.],7.0,1000,100,0.01,0.0035,1,6,random,,best,single_objective
329,0.12816821224864564,0.13183645979426614,0.003721295646,[0.         0.         0.         0.         0.10138153 0.         0.         0.         0.         0.         0.         0.10583304 0.         0.         0.10716848 0.         0.         0.         0.         0.10819417 0.         0.103053   0.         0.         0.         0.11605724 0.         0.35826573 0.         0.         0.        ],[0. 0. 0. 0. 1. 0. 0. 0. 0. 0. 0. 1. 0. 0. 1. 0. 0. 0. 0. 1. 0. 1. 0. 0. 0. 1. 0. 1. 0. 0. 0.],7.0,1000,100,0.01,0.0035,1,6,random,,best,single_objective
330,0.1279382430221442,0.1279382430221442,0.003721295646,[0.         0.         0.         0.         0.10138153 0.         0.         0.         0.         0.         0.         0.10477471 0.         0.         0.10716848 0.         0.         0.         0.         0.10819417 0.         0.103053   0.         0.         0.         0.11605724 0.         0.35932407 0.         0.         0.        ],[0. 0. 0. 0. 1. 0. 0. 0. 0. 0. 0. 1. 0. 0. 1. 0. 0. 0. 0. 1. 0. 1. 0. 0. 0. 1. 0. 1. 0. 0. 0.],7.0,1000,100,0.01,0.0035,1,6,random,,best,single_objective
331,0.1277812721505422,0.1277812721505422,0.003721295646,[0.         0.         0.         0.         0.10138153 0.         0.         0.         0.         0.         0.         0.10477471 0.         0.         0.10716848 0.         0.         0.         0.         0.10819417 0.         0.10202247 0.         0.         0.         0.11708777 0.         0.35932407 0.         0.         0.        ],[0. 0. 0. 0. 1. 0. 0. 0. 0. 0. 0. 1. 0. 0. 1. 0. 0. 0. 0. 1. 0. 1. 0. 0. 0. 1. 0. 1. 0. 0. 0.],7.0,1000,100,0.01,0.0035,1,6,random,,best,single_objective
332,0.12756260363200017,0.12756260363200017,0.003721295646,[0.         0.         0.         0.         0.10138153 0.         0.         0.         0.         0.         0.         0.10477471 0.         0.         0.10716848 0.         0.         0.         0.         0.10711222 0.         0.10202247 0.         0.         0.         0.11708777 0.         0.36040601 0.         0.         0.        ],[0. 0. 0. 0. 1. 0. 0. 0. 0. 0. 0. 1. 0. 0. 1. 0. 0. 0. 0. 1. 0. 1. 0. 0. 0. 1. 0. 1. 0. 0. 0.],7.0,1000,100,0.01,0.0035,1,6,random,,best,single_objective
333,0.12756260363200017,0.12756260363200017,0.003721295646,[0.         0.         0.         0.         0.10138153 0.         0.         0.         0.         0.         0.         0.10477471 0.         0.         0.10716848 0.         0.         0.         0.         0.10711222 0.         0.10202247 0.         0.         0.         0.11708777 0.         0.36040601 0.         0.         0.        ],[0. 0. 0. 0. 1. 0. 0. 0. 0. 0. 0. 1. 0. 0. 1. 0. 0. 0. 0. 1. 0. 1. 0. 0. 0. 1. 0. 1. 0. 0. 0.],7.0,1000,100,0.01,0.0035,1,6,random,,best,single_objective
334,0.1273341941044322,0.12915651701346076,0.003721295646,[0.         0.         0.         0.         0.10138153 0.         0.         0.         0.         0.         0.         0.10477471 0.         0.         0.10609679 0.         0.         0.         0.         0.10711222 0.         0.10202247 0.         0.         0.         0.11708777 0.         0.36147769 0.         0.         0.        ],[0. 0. 0. 0. 1. 0. 0. 0. 0. 0. 0. 1. 0. 0. 1. 0. 0. 0. 0. 1. 0. 1. 0. 0. 0. 1. 0. 1. 0. 0. 0.],7.0,1000,100,0.01,0.0035,1,6,random,,best,single_objective
335,0.1273341941044322,0.1273341941044322,0.003721295646,[0.         0.         0.         0.         0.10138153 0.         0.         0.         0.         0.         0.         0.10477471 0.         0.         0.10609679 0.         0.         0.         0.         0.10711222 0.         0.10202247 0.         0.         0.         0.11708777 0.         0.36147769 0.         0.         0.        ],[0. 0. 0. 0. 1. 0. 0. 0. 0. 0. 0. 1. 0. 0. 1. 0. 0. 0. 0. 1. 0. 1. 0. 0. 0. 1. 0. 1. 0. 0. 0.],7.0,1000,100,0.01,0.0035,1,6,random,,best,single_objective
336,0.1273341941044322,0.1291532540202098,0.003721295646,[0.         0.         0.         0.         0.10138153 0.         0.         0.         0.         0.         0.         0.10477471 0.         0.         0.10609679 0.         0.         0.         0.         0.10711222 0.         0.10202247 0.         0.         0.         0.11708777 0.         0.36147769 0.         0.         0.        ],[0. 0. 0. 0. 1. 0. 0. 0. 0. 0. 0. 1. 0. 0. 1. 0. 0. 0. 0. 1. 0. 1. 0. 0. 0. 1. 0. 1. 0. 0. 0.],7.0,1000,100,0.01,0.0035,1,6,random,,best,single_objective
337,0.1273341941044322,0.1309723139359874,0.003721295646,[0.         0.         0.         0.         0.10138153 0.         0.         0.         0.         0.         0.         0.10477471 0.         0.         0.10609679 0.         0.         0.         0.         0.10711222 0.         0.10202247 0.         0.         0.         0.11708777 0.         0.36147769 0.         0.         0.        ],[0. 0. 0. 0. 1. 0. 0. 0. 0. 0. 0. 1. 0. 0. 1. 0. 0. 0. 0. 1. 0. 1. 0. 0. 0. 1. 0. 1. 0. 0. 0.],7.0,1000,100,0.01,0.0035,1,6,random,,best,single_objective
338,0.1273341941044322,0.132791373851765,0.003721295646,[0.         0.         0.         0.         0.10138153 0.         0.         0.         0.         0.         0.         0.10477471 0.         0.         0.10609679 0.         0.         0.         0.         0.10711222 0.         0.10202247 0.         0.         0.         0.11708777 0.         0.36147769 0.         0.         0.        ],[0. 0. 0. 0. 1. 0. 0. 0. 0. 0. 0. 1. 0. 0. 1. 0. 0. 0. 0. 1. 0. 1. 0. 0. 0. 1. 0. 1. 0. 0. 0.],7.0,1000,100,0.01,0.0035,1,6,random,,best,single_objective
339,0.12710591801121243,0.13438215767432285,0.003721295646,[0.         0.         0.         0.         0.10138153 0.         0.         0.         0.         0.         0.         0.10372696 0.         0.         0.10609679 0.         0.         0.         0.         0.10711222 0.         0.10202247 0.         0.         0.         0.11708777 0.         0.36252544 0.         0.         0.        ],[0. 0. 0. 0. 1. 0. 0. 0. 0. 0. 0. 1. 0. 0. 1. 0. 0. 0. 0. 1. 0. 1. 0. 0. 0. 1. 0. 1. 0. 0. 0.],7.0,1000,100,0.01,0.0035,1,6,random,,best,single_objective
340,0.12710591801121243,0.12710591801121243,0.003721295646,[0.         0.         0.         0.         0.10138153 0.         0.         0.         0.         0.         0.         0.10372696 0.         0.         0.10609679 0.         0.         0.         0.         0.10711222 0.         0.10202247 0.         0.         0.         0.11708777 0.         0.36252544 0.         0.         0.        ],[0. 0. 0. 0. 1. 0. 0. 0. 0. 0. 0. 1. 0. 0. 1. 0. 0. 0. 0. 1. 0. 1. 0. 0. 0. 1. 0. 1. 0. 0. 0.],7.0,1000,100,0.01,0.0035,1,6,random,,best,single_objective
341,0.12710591801121243,0.12892171683994405,0.003721295646,[0.         0.         0.         0.         0.10138153 0.         0.         0.         0.         0.         0.         0.10372696 0.         0.         0.10609679 0.         0.         0.         0.         0.10711222 0.         0.10202247 0.         0.         0.         0.11708777 0.         0.36252544 0.         0.         0.        ],[0. 0. 0. 0. 1. 0. 0. 0. 0. 0. 0. 1. 0. 0. 1. 0. 0. 0. 0. 1. 0. 1. 0. 0. 0. 1. 0. 1. 0. 0. 0.],7.0,1000,100,0.01,0.0035,1,6,random,,best,single_objective
342,0.12695434133244451,0.13058593898990772,0.003721295646,[0.         0.         0.         0.         0.1024188  0.         0.         0.         0.         0.         0.         0.10268969 0.         0.         0.10609679 0.         0.         0.         0.         0.10711222 0.         0.10202247 0.         0.         0.         0.11708777 0.         0.36252544 0.         0.         0.        ],[0. 0. 0. 0. 1. 0. 0. 0. 0. 0. 0. 1. 0. 0. 1. 0. 0. 0. 0. 1. 0. 1. 0. 0. 0. 1. 0. 1. 0. 0. 0.],7.0,1000,100,0.01,0.0035,1,6,random,,best,single_objective
343,0.12672741546488261,0.12672741546488261,0.003721295646,[0.         0.         0.         0.         0.1024188  0.         0.         0.         0.         0.         0.         0.10268969 0.         0.         0.10503582 0.         0.         0.         0.         0.10711222 0.         0.10202247 0.         0.         0.         0.11708777 0.         0.36358641 0.         0.         0.        ],[0. 0. 0. 0. 1. 0. 0. 0. 0. 0. 0. 1. 0. 0. 1. 0. 0. 0. 0. 1. 0. 1. 0. 0. 0. 1. 0. 1. 0. 0. 0.],7.0,1000,100,0.01,0.0035,1,6,random,,best,single_objective
344,0.12650200401047773,0.12650200401047773,0.003721295646,[0.         0.         0.         0.         0.1024188  0.         0.         0.         0.         0.         0.         0.10268969 0.         0.         0.10398547 0.         0.         0.         0.         0.10711222 0.         0.10202247 0.         0.         0.         0.11708777 0.         0.36463676 0.         0.         0.        ],[0. 0. 0. 0. 1. 0. 0. 0. 0. 0. 0. 1. 0. 0. 1. 0. 0. 0. 0. 1. 0. 1. 0. 0. 0. 1. 0. 1. 0. 0. 0.],7.0,1000,100,0.01,0.0035,1,6,random,,best,single_objective
345,0.1263510538791813,0.1263510538791813,0.003721295646,[0.         0.         0.         0.         0.1034457  0.         0.         0.         0.         0.         0.         0.10166279 0.         0.         0.10398547 0.         0.         0.         0.         0.10711222 0.         0.10202247 0.         0.         0.         0.11708777 0.         0.36463676 0.         0.         0.        ],[0. 0. 0. 0. 1. 0. 0. 0. 0. 0. 0. 1. 0. 0. 1. 0. 0. 0. 0. 1. 0. 1. 0. 0. 0. 1. 0. 1. 0. 0. 0.],7.0,1000,100,0.01,0.0035,1,6,random,,best,single_objective
346,0.1263510538791813,0.1263510538791813,0.003721295646,[0.         0.         0.         0.         0.1034457  0.         0.         0.         0.         0.         0.         0.10166279 0.         0.         0.10398547 0.         0.         0.         0.         0.10711222 0.         0.10202247 0.         0.         0.         0.11708777 0.         0.36463676 0.         0.         0.        ],[0. 0. 0. 0. 1. 0. 0. 0. 0. 0. 0. 1. 0. 0. 1. 0. 0. 0. 0. 1. 0. 1. 0. 0. 0. 1. 0. 1. 0. 0. 0.],7.0,1000,100,0.01,0.0035,1,6,random,,best,single_objective
347,0.1263510538791813,0.1281560689345982,0.003721295646,[0.         0.         0.         0.         0.1034457  0.         0.         0.         0.         0.         0.         0.10166279 0.         0.         0.10398547 0.         0.         0.         0.         0.10711222 0.         0.10202247 0.         0.         0.         0.11708777 0.         0.36463676 0.         0.         0.        ],[0. 0. 0. 0. 1. 0. 0. 0. 0. 0. 0. 1. 0. 0. 1. 0. 0. 0. 0. 1. 0. 1. 0. 0. 0. 1. 0. 1. 0. 0. 0.],7.0,1000,100,0.01,0.0035,1,6,random,,best,single_objective
348,0.1263510538791813,0.12996108399001505,0.003721295646,[0.         0.         0.         0.         0.1034457  0.         0.         0.         0.         0.         0.         0.10166279 0.         0.         0.10398547 0.         0.         0.         0.         0.10711222 0.         0.10202247 0.         0.         0.         0.11708777 0.         0.36463676 0.         0.         0.        ],[0. 0. 0. 0. 1. 0. 0. 0. 0. 0. 0. 1. 0. 0. 1. 0. 0. 0. 0. 1. 0. 1. 0. 0. 0. 1. 0. 1. 0. 0. 0.],7.0,1000,100,0.01,0.0035,1,6,random,,best,single_objective
349,0.1261570782338211,0.13157212340007174,0.003721295646,[0.         0.         0.         0.         0.1034457  0.         0.         0.         0.         0.         0.         0.10166279 0.         0.         0.10398547 0.         0.         0.         0.         0.10711222 0.         0.10100225 0.         0.         0.         0.11708777 0.         0.36565699 0.         0.         0.        ],[0. 0. 0. 0. 1. 0. 0. 0. 0. 0. 0. 1. 0. 0. 1. 0. 0. 0. 0. 1. 0. 1. 0. 0. 0. 1. 0. 1. 0. 0. 0.],7.0,1000,100,0.01,0.0035,1,6,random,,best,single_objective
350,0.1261570782338211,0.1261570782338211,0.003721295646,[0.         0.         0.         0.         0.1034457  0.         0.         0.         0.         0.         0.         0.10166279 0.         0.         0.10398547 0.         0.         0.         0.         0.10711222 0.         0.10100225 0.         0.         0.         0.11708777 0.         0.36565699 0.         0.         0.        ],[0. 0. 0. 0. 1. 0. 0. 0. 0. 0. 0. 1. 0. 0. 1. 0. 0. 0. 0. 1. 0. 1. 0. 0. 0. 1. 0. 1. 0. 0. 0.],7.0,1000,100,0.01,0.0035,1,6,random,,best,single_objective
351,0.1261570782338211,0.12795932220859,0.003721295646,[0.         0.         0.         0.         0.1034457  0.         0.         0.         0.         0.         0.         0.10166279 0.         0.         0.10398547 0.         0.         0.         0.         0.10711222 0.         0.10100225 0.         0.         0.         0.11708777 0.         0.36565699 0.         0.         0.        ],[0. 0. 0. 0. 1. 0. 0. 0. 0. 0. 0. 1. 0. 0. 1. 0. 0. 0. 0. 1. 0. 1. 0. 0. 0. 1. 0. 1. 0. 0. 0.],7.0,1000,100,0.01,0.0035,1,6,random,,best,single_objective
352,0.1261570782338211,0.12976156618335885,0.003721295646,[0.         0.         0.         0.         0.1034457  0.         0.         0.         0.         0.         0.         0.10166279 0.         0.         0.10398547 0.         0.         0.         0.         0.10711222 0.         0.10100225 0.         0.         0.         0.11708777 0.         0.36565699 0.         0.         0.        ],[0. 0. 0. 0. 1. 0. 0. 0. 0. 0. 0. 1. 0. 0. 1. 0. 0. 0. 0. 1. 0. 1. 0. 0. 0. 1. 0. 1. 0. 0. 0.],7.0,1000,100,0.01,0.0035,1,6,random,,best,single_objective
353,0.08949689362573787,0.09310138157527562,0.003721295646,[0.         0.         0.         0.         0.1034457  0.         0.         0.         0.         0.         0.         0.10166279 0.         0.         0.10398547 0.         0.         0.         0.         0.10100225 0.         0.         0.         0.         0.         0.11708777 0.         0.36565699 0.         0.         0.        ],[0. 0. 0. 0. 1. 0. 0. 0. 0. 0. 0. 1. 0. 0. 1. 0. 0. 0. 0. 1. 0. 0. 0. 0. 0. 1. 0. 1. 0. 0. 0.],6.0,1000,100,0.01,0.0035,1,6,random,,best,single_objective
354,0.08949689362573787,0.08949689362573787,0.003721295646,[0.         0.         0.         0.         0.1034457  0.         0.         0.         0.         0.         0.         0.10166279 0.         0.         0.10398547 0.         0.         0.         0.         0.10100225 0.         0.         0.         0.         0.         0.11708777 0.         0.36565699 0.         0.         0.        ],[0. 0. 0. 0. 1. 0. 0. 0. 0. 0. 0. 1. 0. 0. 1. 0. 0. 0. 0. 1. 0. 0. 0. 0. 0. 1. 0. 1. 0. 0. 0.],6.0,1000,100,0.01,0.0035,1,6,random,,best,single_objective
355,0.0848959637071657,0.08638757860092801,0.003721295646,[0.         0.         0.         0.         0.1034457  0.         0.         0.         0.         0.         0.         0.10166279 0.         0.         0.10398547 0.         0.         0.         0.         0.         0.         0.         0.         0.         0.         0.11708777 0.         0.36565699 0.         0.         0.1       ],[0. 0. 0. 0. 1. 0. 0. 0. 0. 0. 0. 1. 0. 0. 1. 0. 0. 0. 0. 0. 0. 0. 0. 0. 0. 1. 0. 1. 0. 0. 1.],6.0,1000,100,0.01,0.0035,1,6,random,,best,single_objective
356,0.0848959637071657,0.0848959637071657,0.003721295646,[0.         0.         0.         0.         0.1034457  0.         0.         0.         0.         0.         0.         0.10166279 0.         0.         0.10398547 0.         0.         0.         0.         0.         0.         0.         0.         0.         0.         0.11708777 0.         0.36565699 0.         0.         0.1       ],[0. 0. 0. 0. 1. 0. 0. 0. 0. 0. 0. 1. 0. 0. 1. 0. 0. 0. 0. 0. 0. 0. 0. 0. 0. 1. 0. 1. 0. 0. 1.],6.0,1000,100,0.01,0.0035,1,6,random,,best,single_objective
357,0.0847104906047293,0.08612542333318206,0.003721295646,[0.         0.         0.         0.         0.1034457  0.         0.         0.         0.         0.         0.         0.10064617 0.         0.         0.10398547 0.         0.         0.         0.         0.         0.         0.         0.         0.         0.         0.11708777 0.         0.36667362 0.         0.         0.1       ],[0. 0. 0. 0. 1. 0. 0. 0. 0. 0. 0. 1. 0. 0. 1. 0. 0. 0. 0. 0. 0. 0. 0. 0. 0. 1. 0. 1. 0. 0. 1.],6.0,1000,100,0.01,0.0035,1,6,random,,best,single_objective
358,0.0847104906047293,0.0847104906047293,0.003721295646,[0.         0.         0.         0.         0.1034457  0.         0.         0.         0.         0.         0.         0.10064617 0.         0.         0.10398547 0.         0.         0.         0.         0.         0.         0.         0.         0.         0.         0.11708777 0.         0.36667362 0.         0.         0.1       ],[0. 0. 0. 0. 1. 0. 0. 0. 0. 0. 0. 1. 0. 0. 1. 0. 0. 0. 0. 0. 0. 0. 0. 0. 0. 1. 0. 1. 0. 0. 1.],6.0,1000,100,0.01,0.0035,1,6,random,,best,single_objective
359,0.0847104906047293,0.08612233211480812,0.003721295646,[0.         0.         0.         0.         0.1034457  0.         0.         0.         0.         0.         0.         0.10064617 0.         0.         0.10398547 0.         0.         0.         0.         0.         0.         0.         0.         0.         0.         0.11708777 0.         0.36667362 0.         0.         0.1       ],[0. 0. 0. 0. 1. 0. 0. 0. 0. 0. 0. 1. 0. 0. 1. 0. 0. 0. 0. 0. 0. 0. 0. 0. 0. 1. 0. 1. 0. 0. 1.],6.0,1000,100,0.01,0.0035,1,6,random,,best,single_objective
360,0.0847104906047293,0.08753417362488694,0.003721295646,[0.         0.         0.         0.         0.1034457  0.         0.         0.         0.         0.         0.         0.10064617 0.         0.         0.10398547 0.         0.         0.         0.         0.         0.         0.         0.         0.         0.         0.11708777 0.         0.36667362 0.         0.         0.1       ],[0. 0. 0. 0. 1. 0. 0. 0. 0. 0. 0. 1. 0. 0. 1. 0. 0. 0. 0. 0. 0. 0. 0. 0. 0. 1. 0. 1. 0. 0. 1.],6.0,1000,100,0.01,0.0035,1,6,random,,best,single_objective
361,0.0847104906047293,0.08894601513496576,0.003721295646,[0.         0.         0.         0.         0.1034457  0.         0.         0.         0.         0.         0.         0.10064617 0.         0.         0.10398547 0.         0.         0.         0.         0.         0.         0.         0.         0.         0.         0.11708777 0.         0.36667362 0.         0.         0.1       ],[0. 0. 0. 0. 1. 0. 0. 0. 0. 0. 0. 1. 0. 0. 1. 0. 0. 0. 0. 0. 0. 0. 0. 0. 0. 1. 0. 1. 0. 0. 1.],6.0,1000,100,0.01,0.0035,1,6,random,,best,single_objective
362,0.0847104906047293,0.09035785664504459,0.003721295646,[0.         0.         0.         0.         0.1034457  0.         0.         0.         0.         0.         0.         0.10064617 0.         0.         0.10398547 0.         0.         0.         0.         0.         0.         0.         0.         0.         0.         0.11708777 0.         0.36667362 0.         0.         0.1       ],[0. 0. 0. 0. 1. 0. 0. 0. 0. 0. 0. 1. 0. 0. 1. 0. 0. 0. 0. 0. 0. 0. 0. 0. 0. 1. 0. 1. 0. 0. 1.],6.0,1000,100,0.01,0.0035,1,6,random,,best,single_objective
363,0.0847104906047293,0.0917696981551234,0.003721295646,[0.         0.         0.         0.         0.1034457  0.         0.         0.         0.         0.         0.         0.10064617 0.         0.         0.10398547 0.         0.         0.         0.         0.         0.         0.         0.         0.         0.         0.11708777 0.         0.36667362 0.         0.         0.1       ],[0. 0. 0. 0. 1. 0. 0. 0. 0. 0. 0. 1. 0. 0. 1. 0. 0. 0. 0. 0. 0. 0. 0. 0. 0. 1. 0. 1. 0. 0. 1.],6.0,1000,100,0.01,0.0035,1,6,random,,best,single_objective
364,0.07722313193568496,0.08428233948607906,0.003721295646,[0.         0.         0.         0.         0.1034457  0.         0.         0.         0.1        0.         0.         0.         0.         0.         0.10398547 0.         0.         0.         0.         0.         0.         0.         0.         0.         0.         0.11708777 0.         0.36667362 0.         0.         0.1       ],[0. 0. 0. 0. 1. 0. 0. 0. 1. 0. 0. 0. 0. 0. 1. 0. 0. 0. 0. 0. 0. 0. 0. 0. 0. 1. 0. 1. 0. 0. 1.],6.0,1000,100,0.01,0.0035,1,6,random,,best,single_objective
365,0.07722313193568496,0.07722313193568496,0.003721295646,[0.         0.         0.         0.         0.1034457  0.         0.         0.         0.1        0.         0.         0.         0.         0.         0.10398547 0.         0.         0.         0.         0.         0.         0.         0.         0.         0.         0.11708777 0.         0.36667362 0.         0.         0.1       ],[0. 0. 0. 0. 1. 0. 0. 0. 1. 0. 0. 0. 0. 0. 1. 0. 0. 0. 0. 0. 0. 0. 0. 0. 0. 1. 0. 1. 0. 0. 1.],6.0,1000,100,0.01,0.0035,1,6,random,,best,single_objective
366,0.07722313193568496,0.07851018413461304,0.003721295646,[0.         0.         0.         0.         0.1034457  0.         0.         0.         0.1        0.         0.         0.         0.         0.         0.10398547 0.         0.         0.         0.         0.         0.         0.         0.         0.         0.         0.11708777 0.         0.36667362 0.         0.         0.1       ],[0. 0. 0. 0. 1. 0. 0. 0. 1. 0. 0. 0. 0. 0. 1. 0. 0. 0. 0. 0. 0. 0. 0. 0. 0. 1. 0. 1. 0. 0. 1.],6.0,1000,100,0.01,0.0035,1,6,random,,best,single_objective
367,0.07722313193568496,0.07979723633354113,0.003721295646,[0.         0.         0.         0.         0.1034457  0.         0.         0.         0.1        0.         0.         0.         0.         0.         0.10398547 0.         0.         0.         0.         0.         0.         0.         0.         0.         0.         0.11708777 0.         0.36667362 0.         0.         0.1       ],[0. 0. 0. 0. 1. 0. 0. 0. 1. 0. 0. 0. 0. 0. 1. 0. 0. 0. 0. 0. 0. 0. 0. 0. 0. 1. 0. 1. 0. 0. 1.],6.0,1000,100,0.01,0.0035,1,6,random,,best,single_objective
368,0.07722313193568496,0.08108428853246921,0.003721295646,[0.         0.         0.         0.         0.1034457  0.         0.         0.         0.1        0.         0.         0.         0.         0.         0.10398547 0.         0.         0.         0.         0.         0.         0.         0.         0.         0.         0.11708777 0.         0.36667362 0.         0.         0.1       ],[0. 0. 0. 0. 1. 0. 0. 0. 1. 0. 0. 0. 0. 0. 1. 0. 0. 0. 0. 0. 0. 0. 0. 0. 0. 1. 0. 1. 0. 0. 1.],6.0,1000,100,0.01,0.0035,1,6,random,,best,single_objective
369,0.07722313193568496,0.08237134073139729,0.003721295646,[0.         0.         0.         0.         0.1034457  0.         0.         0.         0.1        0.         0.         0.         0.         0.         0.10398547 0.         0.         0.         0.         0.         0.         0.         0.         0.         0.         0.11708777 0.         0.36667362 0.         0.         0.1       ],[0. 0. 0. 0. 1. 0. 0. 0. 1. 0. 0. 0. 0. 0. 1. 0. 0. 0. 0. 0. 0. 0. 0. 0. 0. 1. 0. 1. 0. 0. 1.],6.0,1000,100,0.01,0.0035,1,6,random,,best,single_objective
370,0.05288735977563897,0.056748516372423216,0.003721295646,[0.         0.         0.         0.         0.1        0.         0.         0.         0.1        0.         0.         0.         0.         0.         0.10398547 0.         0.         0.         0.         0.         0.         0.         0.         0.         0.         0.11708777 0.         0.36667362 0.         0.         0.        ],[0. 0. 0. 0. 1. 0. 0. 0. 1. 0. 0. 0. 0. 0. 1. 0. 0. 0. 0. 0. 0. 0. 0. 0. 0. 1. 0. 1. 0. 0. 0.],5.0,1000,100,0.01,0.0035,1,6,random,,best,single_objective
371,0.05288735977563897,0.05288735977563897,0.003721295646,[0.         0.         0.         0.         0.1        0.         0.         0.         0.1        0.         0.         0.         0.         0.         0.10398547 0.         0.         0.         0.         0.         0.         0.         0.         0.         0.         0.11708777 0.         0.36667362 0.         0.         0.        ],[0. 0. 0. 0. 1. 0. 0. 0. 1. 0. 0. 0. 0. 0. 1. 0. 0. 0. 0. 0. 0. 0. 0. 0. 0. 1. 0. 1. 0. 0. 0.],5.0,1000,100,0.01,0.0035,1,6,random,,best,single_objective
372,0.05288735977563897,0.05394510697115175,0.003721295646,[0.         0.         0.         0.         0.1        0.         0.         0.         0.1        0.         0.         0.         0.         0.         0.10398547 0.         0.         0.         0.         0.         0.         0.         0.         0.         0.         0.11708777 0.         0.36667362 0.         0.         0.        ],[0. 0. 0. 0. 1. 0. 0. 0. 1. 0. 0. 0. 0. 0. 1. 0. 0. 0. 0. 0. 0. 0. 0. 0. 0. 1. 0. 1. 0. 0. 0.],5.0,1000,100,0.01,0.0035,1,6,random,,best,single_objective
373,0.05288735977563897,0.05500285416666453,0.003721295646,[0.         0.         0.         0.         0.1        0.         0.         0.         0.1        0.         0.         0.         0.         0.         0.10398547 0.         0.         0.         0.         0.         0.         0.         0.         0.         0.         0.11708777 0.         0.36667362 0.         0.         0.        ],[0. 0. 0. 0. 1. 0. 0. 0. 1. 0. 0. 0. 0. 0. 1. 0. 0. 0. 0. 0. 0. 0. 0. 0. 0. 1. 0. 1. 0. 0. 0.],5.0,1000,100,0.01,0.0035,1,6,random,,best,single_objective
374,0.05288735977563897,0.05606060136217731,0.003721295646,[0.         0.         0.         0.         0.1        0.         0.         0.         0.1        0.         0.         0.         0.         0.         0.10398547 0.         0.         0.         0.         0.         0.         0.         0.         0.         0.         0.11708777 0.         0.36667362 0.         0.         0.        ],[0. 0. 0. 0. 1. 0. 0. 0. 1. 0. 0. 0. 0. 0. 1. 0. 0. 0. 0. 0. 0. 0. 0. 0. 0. 1. 0. 1. 0. 0. 0.],5.0,1000,100,0.01,0.0035,1,6,random,,best,single_objective
375,0.05276164142036964,0.056992630202420756,0.003721295646,[0.         0.         0.         0.         0.1        0.         0.         0.         0.1        0.         0.         0.         0.         0.         0.10294561 0.         0.         0.         0.         0.         0.         0.         0.         0.         0.         0.11812762 0.         0.36667362 0.         0.         0.        ],[0. 0. 0. 0. 1. 0. 0. 0. 1. 0. 0. 0. 0. 0. 1. 0. 0. 0. 0. 0. 0. 0. 0. 0. 0. 1. 0. 1. 0. 0. 0.],5.0,1000,100,0.01,0.0035,1,6,random,,best,single_objective
376,0.05276164142036964,0.05276164142036964,0.003721295646,[0.         0.         0.         0.         0.1        0.         0.         0.         0.1        0.         0.         0.         0.         0.         0.10294561 0.         0.         0.         0.         0.         0.         0.         0.         0.         0.         0.11812762 0.         0.36667362 0.         0.         0.        ],[0. 0. 0. 0. 1. 0. 0. 0. 1. 0. 0. 0. 0. 0. 1. 0. 0. 0. 0. 0. 0. 0. 0. 0. 0. 1. 0. 1. 0. 0. 0.],5.0,1000,100,0.01,0.0035,1,6,random,,best,single_objective
377,0.05263664895853258,0.053691881786939975,0.003721295646,[0.         0.         0.         0.         0.1        0.         0.         0.         0.1        0.         0.         0.         0.         0.         0.10191615 0.         0.         0.         0.         0.         0.         0.         0.         0.         0.         0.11915708 0.         0.36667362 0.         0.         0.        ],[0. 0. 0. 0. 1. 0. 0. 0. 1. 0. 0. 0. 0. 0. 1. 0. 0. 0. 0. 0. 0. 0. 0. 0. 0. 1. 0. 1. 0. 0. 0.],5.0,1000,100,0.01,0.0035,1,6,random,,best,single_objective
378,0.05263664895853258,0.05263664895853258,0.003721295646,[0.         0.         0.         0.         0.1        0.         0.         0.         0.1        0.         0.         0.         0.         0.         0.10191615 0.         0.         0.         0.         0.         0.         0.         0.         0.         0.         0.11915708 0.         0.36667362 0.         0.         0.        ],[0. 0. 0. 0. 1. 0. 0. 0. 1. 0. 0. 0. 0. 0. 1. 0. 0. 0. 0. 0. 0. 0. 0. 0. 0. 1. 0. 1. 0. 0. 0.],5.0,1000,100,0.01,0.0035,1,6,random,,best,single_objective
379,0.05263664895853258,0.053689381937703236,0.003721295646,[0.         0.         0.         0.         0.1        0.         0.         0.         0.1        0.         0.         0.         0.         0.         0.10191615 0.         0.         0.         0.         0.         0.         0.         0.         0.         0.         0.11915708 0.         0.36667362 0.         0.         0.        ],[0. 0. 0. 0. 1. 0. 0. 0. 1. 0. 0. 0. 0. 0. 1. 0. 0. 0. 0. 0. 0. 0. 0. 0. 0. 1. 0. 1. 0. 0. 0.],5.0,1000,100,0.01,0.0035,1,6,random,,best,single_objective
380,0.05263664895853258,0.054742114916873884,0.003721295646,[0.         0.         0.         0.         0.1        0.         0.         0.         0.1        0.         0.         0.         0.         0.         0.10191615 0.         0.         0.         0.         0.         0.         0.         0.         0.         0.         0.11915708 0.         0.36667362 0.         0.         0.        ],[0. 0. 0. 0. 1. 0. 0. 0. 1. 0. 0. 0. 0. 0. 1. 0. 0. 0. 0. 0. 0. 0. 0. 0. 0. 1. 0. 1. 0. 0. 0.],5.0,1000,100,0.01,0.0035,1,6,random,,best,single_objective
381,0.05249213679640004,0.055650335733911996,0.003721295646,[0.         0.         0.         0.         0.1        0.         0.         0.         0.1        0.         0.         0.         0.         0.         0.10089699 0.         0.         0.         0.         0.         0.         0.         0.         0.         0.         0.11915708 0.         0.36769278 0.         0.         0.        ],[0. 0. 0. 0. 1. 0. 0. 0. 1. 0. 0. 0. 0. 0. 1. 0. 0. 0. 0. 0. 0. 0. 0. 0. 0. 1. 0. 1. 0. 0. 0.],5.0,1000,100,0.01,0.0035,1,6,random,,best,single_objective
382,0.05249213679640004,0.05249213679640004,0.003721295646,[0.         0.         0.         0.         0.1        0.         0.         0.         0.1        0.         0.         0.         0.         0.         0.10089699 0.         0.         0.         0.         0.         0.         0.         0.         0.         0.         0.11915708 0.         0.36769278 0.         0.         0.        ],[0. 0. 0. 0. 1. 0. 0. 0. 1. 0. 0. 0. 0. 0. 1. 0. 0. 0. 0. 0. 0. 0. 0. 0. 0. 1. 0. 1. 0. 0. 0.],5.0,1000,100,0.01,0.0035,1,6,random,,best,single_objective
383,0.048660198103358754,0.049710040839286755,0.003721295646,[0.         0.         0.         0.         0.1        0.         0.         0.         0.1        0.         0.         0.         0.         0.1        0.         0.         0.         0.         0.         0.         0.         0.         0.         0.         0.         0.11915708 0.         0.36769278 0.         0.         0.        ],[0. 0. 0. 0. 1. 0. 0. 0. 1. 0. 0. 0. 0. 1. 0. 0. 0. 0. 0. 0. 0. 0. 0. 0. 0. 1. 0. 1. 0. 0. 0.],5.0,1000,100,0.01,0.0035,1,6,random,,best,single_objective
384,0.048660198103358754,0.048660198103358754,0.003721295646,[0.         0.         0.         0.         0.1        0.         0.         0.         0.1        0.         0.         0.         0.         0.1        0.         0.         0.         0.         0.         0.         0.         0.         0.         0.         0.         0.11915708 0.         0.36769278 0.         0.         0.        ],[0. 0. 0. 0. 1. 0. 0. 0. 1. 0. 0. 0. 0. 1. 0. 0. 0. 0. 0. 0. 0. 0. 0. 0. 0. 1. 0. 1. 0. 0. 0.],5.0,1000,100,0.01,0.0035,1,6,random,,best,single_objective
385,0.048660198103358754,0.04963340206542593,0.003721295646,[0.         0.         0.         0.         0.1        0.         0.         0.         0.1        0.         0.         0.         0.         0.1        0.         0.         0.         0.         0.         0.         0.         0.         0.         0.         0.         0.11915708 0.         0.36769278 0.         0.         0.        ],[0. 0. 0. 0. 1. 0. 0. 0. 1. 0. 0. 0. 0. 1. 0. 0. 0. 0. 0. 0. 0. 0. 0. 0. 0. 1. 0. 1. 0. 0. 0.],5.0,1000,100,0.01,0.0035,1,6,random,,best,single_objective
386,0.048660198103358754,0.0506066060274931,0.003721295646,[0.         0.         0.         0.         0.1        0.         0.         0.         0.1        0.         0.         0.         0.         0.1        0.         0.         0.         0.         0.         0.         0.         0.         0.         0.         0.         0.11915708 0.         0.36769278 0.         0.         0.        ],[0. 0. 0. 0. 1. 0. 0. 0. 1. 0. 0. 0. 0. 1. 0. 0. 0. 0. 0. 0. 0. 0. 0. 0. 0. 1. 0. 1. 0. 0. 0.],5.0,1000,100,0.01,0.0035,1,6,random,,best,single_objective
387,0.048660198103358754,0.05157980998956028,0.003721295646,[0.         0.         0.         0.         0.1        0.         0.         0.         0.1        0.         0.         0.         0.         0.1        0.         0.         0.         0.         0.         0.         0.         0.         0.         0.         0.         0.11915708 0.         0.36769278 0.         0.         0.        ],[0. 0. 0. 0. 1. 0. 0. 0. 1. 0. 0. 0. 0. 1. 0. 0. 0. 0. 0. 0. 0. 0. 0. 0. 0. 1. 0. 1. 0. 0. 0.],5.0,1000,100,0.01,0.0035,1,6,random,,best,single_objective
388,0.048660198103358754,0.05255301395162745,0.003721295646,[0.         0.         0.         0.         0.1        0.         0.         0.         0.1        0.         0.         0.         0.         0.1        0.         0.         0.         0.         0.         0.         0.         0.         0.         0.         0.         0.11915708 0.         0.36769278 0.         0.         0.        ],[0. 0. 0. 0. 1. 0. 0. 0. 1. 0. 0. 0. 0. 1. 0. 0. 0. 0. 0. 0. 0. 0. 0. 0. 0. 1. 0. 1. 0. 0. 0.],5.0,1000,100,0.01,0.0035,1,6,random,,best,single_objective
389,0.048660198103358754,0.05352621791369463,0.003721295646,[0.         0.         0.         0.         0.1        0.         0.         0.         0.1        0.         0.         0.         0.         0.1        0.         0.         0.         0.         0.         0.         0.         0.         0.         0.         0.         0.11915708 0.         0.36769278 0.         0.         0.        ],[0. 0. 0. 0. 1. 0. 0. 0. 1. 0. 0. 0. 0. 1. 0. 0. 0. 0. 0. 0. 0. 0. 0. 0. 0. 1. 0. 1. 0. 0. 0.],5.0,1000,100,0.01,0.0035,1,6,random,,best,single_objective
390,0.048660198103358754,0.0544994218757618,0.003721295646,[0.         0.         0.         0.         0.1        0.         0.         0.         0.1        0.         0.         0.         0.         0.1        0.         0.         0.         0.         0.         0.         0.         0.         0.         0.         0.         0.11915708 0.         0.36769278 0.         0.         0.        ],[0. 0. 0. 0. 1. 0. 0. 0. 1. 0. 0. 0. 0. 1. 0. 0. 0. 0. 0. 0. 0. 0. 0. 0. 0. 1. 0. 1. 0. 0. 0.],5.0,1000,100,0.01,0.0035,1,6,random,,best,single_objective
391,0.048660198103358754,0.05547262583782898,0.003721295646,[0.         0.         0.         0.         0.1        0.         0.         0.         0.1        0.         0.         0.         0.         0.1        0.         0.         0.         0.         0.         0.         0.         0.         0.         0.         0.         0.11915708 0.         0.36769278 0.         0.         0.        ],[0. 0. 0. 0. 1. 0. 0. 0. 1. 0. 0. 0. 0. 1. 0. 0. 0. 0. 0. 0. 0. 0. 0. 0. 0. 1. 0. 1. 0. 0. 0.],5.0,1000,100,0.01,0.0035,1,6,random,,best,single_objective
392,0.048660198103358754,0.05644582979989615,0.003721295646,[0.         0.         0.         0.         0.1        0.         0.         0.         0.1        0.         0.         0.         0.         0.1        0.         0.         0.         0.         0.         0.         0.         0.         0.         0.         0.         0.11915708 0.         0.36769278 0.         0.         0.        ],[0. 0. 0. 0. 1. 0. 0. 0. 1. 0. 0. 0. 0. 1. 0. 0. 0. 0. 0. 0. 0. 0. 0. 0. 0. 1. 0. 1. 0. 0. 0.],5.0,1000,100,0.01,0.0035,1,6,random,,best,single_objective
393,0.048660198103358754,0.057419033761963334,0.003721295646,[0.         0.         0.         0.         0.1        0.         0.         0.         0.1        0.         0.         0.         0.         0.1        0.         0.         0.         0.         0.         0.         0.         0.         0.         0.         0.         0.11915708 0.         0.36769278 0.         0.         0.        ],[0. 0. 0. 0. 1. 0. 0. 0. 1. 0. 0. 0. 0. 1. 0. 0. 0. 0. 0. 0. 0. 0. 0. 0. 0. 1. 0. 1. 0. 0. 0.],5.0,1000,100,0.01,0.0035,1,6,random,,best,single_objective
394,0.048660198103358754,0.0583922377240305,0.003721295646,[0.         0.         0.         0.         0.1        0.         0.         0.         0.1        0.         0.         0.         0.         0.1        0.         0.         0.         0.         0.         0.         0.         0.         0.         0.         0.         0.11915708 0.         0.36769278 0.         0.         0.        ],[0. 0. 0. 0. 1. 0. 0. 0. 1. 0. 0. 0. 0. 1. 0. 0. 0. 0. 0. 0. 0. 0. 0. 0. 0. 1. 0. 1. 0. 0. 0.],5.0,1000,100,0.01,0.0035,1,6,random,,best,single_objective
395,0.048660198103358754,0.059365441686097684,0.003721295646,[0.         0.         0.         0.         0.1        0.         0.         0.         0.1        0.         0.         0.         0.         0.1        0.         0.         0.         0.         0.         0.         0.         0.         0.         0.         0.         0.11915708 0.         0.36769278 0.         0.         0.        ],[0. 0. 0. 0. 1. 0. 0. 0. 1. 0. 0. 0. 0. 1. 0. 0. 0. 0. 0. 0. 0. 0. 0. 0. 0. 1. 0. 1. 0. 0. 0.],5.0,1000,100,0.01,0.0035,1,6,random,,best,single_objective
396,0.048660198103358754,0.06033864564816485,0.003721295646,[0.         0.         0.         0.         0.1        0.         0.         0.         0.1        0.         0.         0.         0.         0.1        0.         0.         0.         0.         0.         0.         0.         0.         0.         0.         0.         0.11915708 0.         0.36769278 0.         0.         0.        ],[0. 0. 0. 0. 1. 0. 0. 0. 1. 0. 0. 0. 0. 1. 0. 0. 0. 0. 0. 0. 0. 0. 0. 0. 0. 1. 0. 1. 0. 0. 0.],5.0,1000,100,0.01,0.0035,1,6,random,,best,single_objective
397,0.048660198103358754,0.06131184961023203,0.003721295646,[0.         0.         0.         0.         0.1        0.         0.         0.         0.1        0.         0.         0.         0.         0.1        0.         0.         0.         0.         0.         0.         0.         0.         0.         0.         0.         0.11915708 0.         0.36769278 0.         0.         0.        ],[0. 0. 0. 0. 1. 0. 0. 0. 1. 0. 0. 0. 0. 1. 0. 0. 0. 0. 0. 0. 0. 0. 0. 0. 0. 1. 0. 1. 0. 0. 0.],5.0,1000,100,0.01,0.0035,1,6,random,,best,single_objective
398,0.048660198103358754,0.05847862523903302,0.003721295646,[0.         0.         0.         0.         0.1        0.         0.         0.         0.1        0.         0.         0.         0.         0.1        0.         0.         0.         0.         0.         0.         0.         0.         0.         0.         0.         0.11915708 0.         0.36769278 0.         0.         0.        ],[0. 0. 0. 0. 1. 0. 0. 0. 1. 0. 0. 0. 0. 1. 0. 0. 0. 0. 0. 0. 0. 0. 0. 0. 0. 1. 0. 1. 0. 0. 0.],5.0,1000,100,0.01,0.0035,1,6,random,,best,single_objective
399,0.048660198103358754,0.06289820429703995,0.003721295646,[0.         0.         0.         0.         0.1        0.         0.         0.         0.1        0.         0.         0.         0.         0.1        0.         0.         0.         0.         0.         0.         0.         0.         0.         0.         0.         0.11915708 0.         0.36769278 0.         0.         0.        ],[0. 0. 0. 0. 1. 0. 0. 0. 1. 0. 0. 0. 0. 1. 0. 0. 0. 0. 0. 0. 0. 0. 0. 0. 0. 1. 0. 1. 0. 0. 0.],5.0,1000,100,0.01,0.0035,1,6,random,,best,single_objective
400,0.048660198103358754,0.06423146149643355,0.003721295646,[0.         0.         0.         0.         0.1        0.         0.         0.         0.1        0.         0.         0.         0.         0.1        0.         0.         0.         0.         0.         0.         0.         0.         0.         0.         0.         0.11915708 0.         0.36769278 0.         0.         0.        ],[0. 0. 0. 0. 1. 0. 0. 0. 1. 0. 0. 0. 0. 1. 0. 0. 0. 0. 0. 0. 0. 0. 0. 0. 0. 1. 0. 1. 0. 0. 0.],5.0,1000,100,0.01,0.0035,1,6,random,,best,single_objective
401,0.048660198103358754,0.06520466545850073,0.003721295646,[0.         0.         0.         0.         0.1        0.         0.         0.         0.1        0.         0.         0.         0.         0.1        0.         0.         0.         0.         0.         0.         0.         0.         0.         0.         0.         0.11915708 0.         0.36769278 0.         0.         0.        ],[0. 0. 0. 0. 1. 0. 0. 0. 1. 0. 0. 0. 0. 1. 0. 0. 0. 0. 0. 0. 0. 0. 0. 0. 0. 1. 0. 1. 0. 0. 0.],5.0,1000,100,0.01,0.0035,1,6,random,,best,single_objective
402,0.048660198103358754,0.06617786942056791,0.003721295646,[0.         0.         0.         0.         0.1        0.         0.         0.         0.1        0.         0.         0.         0.         0.1        0.         0.         0.         0.         0.         0.         0.         0.         0.         0.         0.         0.11915708 0.         0.36769278 0.         0.         0.        ],[0. 0. 0. 0. 1. 0. 0. 0. 1. 0. 0. 0. 0. 1. 0. 0. 0. 0. 0. 0. 0. 0. 0. 0. 0. 1. 0. 1. 0. 0. 0.],5.0,1000,100,0.01,0.0035,1,6,random,,best,single_objective
403,0.048660198103358754,0.06715107338263508,0.003721295646,[0.         0.         0.         0.         0.1        0.         0.         0.         0.1        0.         0.         0.         0.         0.1        0.         0.         0.         0.         0.         0.         0.         0.         0.         0.         0.         0.11915708 0.         0.36769278 0.         0.         0.        ],[0. 0. 0. 0. 1. 0. 0. 0. 1. 0. 0. 0. 0. 1. 0. 0. 0. 0. 0. 0. 0. 0. 0. 0. 0. 1. 0. 1. 0. 0. 0.],5.0,1000,100,0.01,0.0035,1,6,random,,best,single_objective
404,0.048660198103358754,0.06812427734470225,0.003721295646,[0.         0.         0.         0.         0.1        0.         0.         0.         0.1        0.         0.         0.         0.         0.1        0.         0.         0.         0.         0.         0.         0.         0.         0.         0.         0.         0.11915708 0.         0.36769278 0.         0.         0.        ],[0. 0. 0. 0. 1. 0. 0. 0. 1. 0. 0. 0. 0. 1. 0. 0. 0. 0. 0. 0. 0. 0. 0. 0. 0. 1. 0. 1. 0. 0. 0.],5.0,1000,100,0.01,0.0035,1,6,random,,best,single_objective
405,0.048660198103358754,0.06909748130676943,0.003721295646,[0.         0.         0.         0.         0.1        0.         0.         0.         0.1        0.         0.         0.         0.         0.1        0.         0.         0.         0.         0.         0.         0.         0.         0.         0.         0.         0.11915708 0.         0.36769278 0.         0.         0.        ],[0. 0. 0. 0. 1. 0. 0. 0. 1. 0. 0. 0. 0. 1. 0. 0. 0. 0. 0. 0. 0. 0. 0. 0. 0. 1. 0. 1. 0. 0. 0.],5.0,1000,100,0.01,0.0035,1,6,random,,best,single_objective
406,0.048660198103358754,0.06696800238863479,0.003721295646,[0.         0.         0.         0.         0.1        0.         0.         0.         0.1        0.         0.         0.         0.         0.1        0.         0.         0.         0.         0.         0.         0.         0.         0.         0.         0.         0.11915708 0.         0.36769278 0.         0.         0.        ],[0. 0. 0. 0. 1. 0. 0. 0. 1. 0. 0. 0. 0. 1. 0. 0. 0. 0. 0. 0. 0. 0. 0. 0. 0. 1. 0. 1. 0. 0. 0.],5.0,1000,100,0.01,0.0035,1,6,random,,best,single_objective
407,0.048660198103358754,0.06794120635070197,0.003721295646,[0.         0.         0.         0.         0.1        0.         0.         0.         0.1        0.         0.         0.         0.         0.1        0.         0.         0.         0.         0.         0.         0.         0.         0.         0.         0.         0.11915708 0.         0.36769278 0.         0.         0.        ],[0. 0. 0. 0. 1. 0. 0. 0. 1. 0. 0. 0. 0. 1. 0. 0. 0. 0. 0. 0. 0. 0. 0. 0. 0. 1. 0. 1. 0. 0. 0.],5.0,1000,100,0.01,0.0035,1,6,random,,best,single_objective
408,0.048660198103358754,0.07201709319297095,0.003721295646,[0.         0.         0.         0.         0.1        0.         0.         0.         0.1        0.         0.         0.         0.         0.1        0.         0.         0.         0.         0.         0.         0.         0.         0.         0.         0.         0.11915708 0.         0.36769278 0.         0.         0.        ],[0. 0. 0. 0. 1. 0. 0. 0. 1. 0. 0. 0. 0. 1. 0. 0. 0. 0. 0. 0. 0. 0. 0. 0. 0. 1. 0. 1. 0. 0. 0.],5.0,1000,100,0.01,0.0035,1,6,random,,best,single_objective
409,0.048660198103358754,0.06829265630212095,0.003721295646,[0.         0.         0.         0.         0.1        0.         0.         0.         0.1        0.         0.         0.         0.         0.1        0.         0.         0.         0.         0.         0.         0.         0.         0.         0.         0.         0.11915708 0.         0.36769278 0.         0.         0.        ],[0. 0. 0. 0. 1. 0. 0. 0. 1. 0. 0. 0. 0. 1. 0. 0. 0. 0. 0. 0. 0. 0. 0. 0. 0. 1. 0. 1. 0. 0. 0.],5.0,1000,100,0.01,0.0035,1,6,random,,best,single_objective
410,0.048660198103358754,0.07396350111710531,0.003721295646,[0.         0.         0.         0.         0.1        0.         0.         0.         0.1        0.         0.         0.         0.         0.1        0.         0.         0.         0.         0.         0.         0.         0.         0.         0.         0.         0.11915708 0.         0.36769278 0.         0.         0.        ],[0. 0. 0. 0. 1. 0. 0. 0. 1. 0. 0. 0. 0. 1. 0. 0. 0. 0. 0. 0. 0. 0. 0. 0. 0. 1. 0. 1. 0. 0. 0.],5.0,1000,100,0.01,0.0035,1,6,random,,best,single_objective
411,0.048660198103358754,0.07493670507917248,0.003721295646,[0.         0.         0.         0.         0.1        0.         0.         0.         0.1        0.         0.         0.         0.         0.1        0.         0.         0.         0.         0.         0.         0.         0.         0.         0.         0.         0.11915708 0.         0.36769278 0.         0.         0.        ],[0. 0. 0. 0. 1. 0. 0. 0. 1. 0. 0. 0. 0. 1. 0. 0. 0. 0. 0. 0. 0. 0. 0. 0. 0. 1. 0. 1. 0. 0. 0.],5.0,1000,100,0.01,0.0035,1,6,random,,best,single_objective
412,0.048660198103358754,0.07590990904123966,0.003721295646,[0.         0.         0.         0.         0.1        0.         0.         0.         0.1        0.         0.         0.         0.         0.1        0.         0.         0.         0.         0.         0.         0.         0.         0.         0.         0.         0.11915708 0.         0.36769278 0.         0.         0.        ],[0. 0. 0. 0. 1. 0. 0. 0. 1. 0. 0. 0. 0. 1. 0. 0. 0. 0. 0. 0. 0. 0. 0. 0. 0. 1. 0. 1. 0. 0. 0.],5.0,1000,100,0.01,0.0035,1,6,random,,best,single_objective
413,0.048660198103358754,0.07688311300330683,0.003721295646,[0.         0.         0.         0.         0.1        0.         0.         0.         0.1        0.         0.         0.         0.         0.1        0.         0.         0.         0.         0.         0.         0.         0.         0.         0.         0.         0.11915708 0.         0.36769278 0.         0.         0.        ],[0. 0. 0. 0. 1. 0. 0. 0. 1. 0. 0. 0. 0. 1. 0. 0. 0. 0. 0. 0. 0. 0. 0. 0. 0. 1. 0. 1. 0. 0. 0.],5.0,1000,100,0.01,0.0035,1,6,random,,best,single_objective
414,0.048660198103358754,0.07015707278383912,0.003721295646,[0.         0.         0.         0.         0.1        0.         0.         0.         0.1        0.         0.         0.         0.         0.1        0.         0.         0.         0.         0.         0.         0.         0.         0.         0.         0.         0.11915708 0.         0.36769278 0.         0.         0.        ],[0. 0. 0. 0. 1. 0. 0. 0. 1. 0. 0. 0. 0. 1. 0. 0. 0. 0. 0. 0. 0. 0. 0. 0. 0. 1. 0. 1. 0. 0. 0.],5.0,1000,100,0.01,0.0035,1,6,random,,best,single_objective
415,0.048660198103358754,0.0711302767459063,0.003721295646,[0.         0.         0.         0.         0.1        0.         0.         0.         0.1        0.         0.         0.         0.         0.1        0.         0.         0.         0.         0.         0.         0.         0.         0.         0.         0.         0.11915708 0.         0.36769278 0.         0.         0.        ],[0. 0. 0. 0. 1. 0. 0. 0. 1. 0. 0. 0. 0. 1. 0. 0. 0. 0. 0. 0. 0. 0. 0. 0. 0. 1. 0. 1. 0. 0. 0.],5.0,1000,100,0.01,0.0035,1,6,random,,best,single_objective
416,0.048660198103358754,0.07980272488950836,0.003721295646,[0.         0.         0.         0.         0.1        0.         0.         0.         0.1        0.         0.         0.         0.         0.1        0.         0.         0.         0.         0.         0.         0.         0.         0.         0.         0.         0.11915708 0.         0.36769278 0.         0.         0.        ],[0. 0. 0. 0. 1. 0. 0. 0. 1. 0. 0. 0. 0. 1. 0. 0. 0. 0. 0. 0. 0. 0. 0. 0. 0. 1. 0. 1. 0. 0. 0.],5.0,1000,100,0.01,0.0035,1,6,random,,best,single_objective
417,0.048660198103358754,0.08077592885157553,0.003721295646,[0.         0.         0.         0.         0.1        0.         0.         0.         0.1        0.         0.         0.         0.         0.1        0.         0.         0.         0.         0.         0.         0.         0.         0.         0.         0.         0.11915708 0.         0.36769278 0.         0.         0.        ],[0. 0. 0. 0. 1. 0. 0. 0. 1. 0. 0. 0. 0. 1. 0. 0. 0. 0. 0. 0. 0. 0. 0. 0. 0. 1. 0. 1. 0. 0. 0.],5.0,1000,100,0.01,0.0035,1,6,random,,best,single_objective
418,0.048660198103358754,0.07510508403659118,0.003721295646,[0.         0.         0.         0.         0.1        0.         0.         0.         0.1        0.         0.         0.         0.         0.1        0.         0.         0.         0.         0.         0.         0.         0.         0.         0.         0.         0.11915708 0.         0.36769278 0.         0.         0.        ],[0. 0. 0. 0. 1. 0. 0. 0. 1. 0. 0. 0. 0. 1. 0. 0. 0. 0. 0. 0. 0. 0. 0. 0. 0. 1. 0. 1. 0. 0. 0.],5.0,1000,100,0.01,0.0035,1,6,random,,best,single_objective
419,0.048660198103358754,0.08272233677570988,0.003721295646,[0.         0.         0.         0.         0.1        0.         0.         0.         0.1        0.         0.         0.         0.         0.1        0.         0.         0.         0.         0.         0.         0.         0.         0.         0.         0.         0.11915708 0.         0.36769278 0.         0.         0.        ],[0. 0. 0. 0. 1. 0. 0. 0. 1. 0. 0. 0. 0. 1. 0. 0. 0. 0. 0. 0. 0. 0. 0. 0. 0. 1. 0. 1. 0. 0. 0.],5.0,1000,100,0.01,0.0035,1,6,random,,best,single_objective
420,0.048660198103358754,0.08369554073777706,0.003721295646,[0.         0.         0.         0.         0.1        0.         0.         0.         0.1        0.         0.         0.         0.         0.1        0.         0.         0.         0.         0.         0.         0.         0.         0.         0.         0.         0.11915708 0.         0.36769278 0.         0.         0.        ],[0. 0. 0. 0. 1. 0. 0. 0. 1. 0. 0. 0. 0. 1. 0. 0. 0. 0. 0. 0. 0. 0. 0. 0. 0. 1. 0. 1. 0. 0. 0.],5.0,1000,100,0.01,0.0035,1,6,random,,best,single_objective
421,0.048660198103358754,0.08466874469984423,0.003721295646,[0.         0.         0.         0.         0.1        0.         0.         0.         0.1        0.         0.         0.         0.         0.1        0.         0.         0.         0.         0.         0.         0.         0.         0.         0.         0.         0.11915708 0.         0.36769278 0.         0.         0.        ],[0. 0. 0. 0. 1. 0. 0. 0. 1. 0. 0. 0. 0. 1. 0. 0. 0. 0. 0. 0. 0. 0. 0. 0. 0. 1. 0. 1. 0. 0. 0.],5.0,1000,100,0.01,0.0035,1,6,random,,best,single_objective
422,0.048660198103358754,0.08564194866191141,0.003721295646,[0.         0.         0.         0.         0.1        0.         0.         0.         0.1        0.         0.         0.         0.         0.1        0.         0.         0.         0.         0.         0.         0.         0.         0.         0.         0.         0.11915708 0.         0.36769278 0.         0.         0.        ],[0. 0. 0. 0. 1. 0. 0. 0. 1. 0. 0. 0. 0. 1. 0. 0. 0. 0. 0. 0. 0. 0. 0. 0. 0. 1. 0. 1. 0. 0. 0.],5.0,1000,100,0.01,0.0035,1,6,random,,best,single_objective
423,0.048660198103358754,0.07696950051830935,0.003721295646,[0.         0.         0.         0.         0.1        0.         0.         0.         0.1        0.         0.         0.         0.         0.1        0.         0.         0.         0.         0.         0.         0.         0.         0.         0.         0.         0.11915708 0.         0.36769278 0.         0.         0.        ],[0. 0. 0. 0. 1. 0. 0. 0. 1. 0. 0. 0. 0. 1. 0. 0. 0. 0. 0. 0. 0. 0. 0. 0. 0. 1. 0. 1. 0. 0. 0.],5.0,1000,100,0.01,0.0035,1,6,random,,best,single_objective
424,0.048660198103358754,0.08758835658604576,0.003721295646,[0.         0.         0.         0.         0.1        0.         0.         0.         0.1        0.         0.         0.         0.         0.1        0.         0.         0.         0.         0.         0.         0.         0.         0.         0.         0.         0.11915708 0.         0.36769278 0.         0.         0.        ],[0. 0. 0. 0. 1. 0. 0. 0. 1. 0. 0. 0. 0. 1. 0. 0. 0. 0. 0. 0. 0. 0. 0. 0. 0. 1. 0. 1. 0. 0. 0.],5.0,1000,100,0.01,0.0035,1,6,random,,best,single_objective
425,0.048660198103358754,0.07794270448037652,0.003721295646,[0.         0.         0.         0.         0.1        0.         0.         0.         0.1        0.         0.         0.         0.         0.1        0.         0.         0.         0.         0.         0.         0.         0.         0.         0.         0.         0.11915708 0.         0.36769278 0.         0.         0.        ],[0. 0. 0. 0. 1. 0. 0. 0. 1. 0. 0. 0. 0. 1. 0. 0. 0. 0. 0. 0. 0. 0. 0. 0. 0. 1. 0. 1. 0. 0. 0.],5.0,1000,100,0.01,0.0035,1,6,random,,best,single_objective
426,0.048660198103358754,0.08094430780899423,0.003721295646,[0.         0.         0.         0.         0.1        0.         0.         0.         0.1        0.         0.         0.         0.         0.1        0.         0.         0.         0.         0.         0.         0.         0.         0.         0.         0.         0.11915708 0.         0.36769278 0.         0.         0.        ],[0. 0. 0. 0. 1. 0. 0. 0. 1. 0. 0. 0. 0. 1. 0. 0. 0. 0. 0. 0. 0. 0. 0. 0. 0. 1. 0. 1. 0. 0. 0.],5.0,1000,100,0.01,0.0035,1,6,random,,best,single_objective
427,0.048660198103358754,0.09050796847224729,0.003721295646,[0.         0.         0.         0.         0.1        0.         0.         0.         0.1        0.         0.         0.         0.         0.1        0.         0.         0.         0.         0.         0.         0.         0.         0.         0.         0.         0.11915708 0.         0.36769278 0.         0.         0.        ],[0. 0. 0. 0. 1. 0. 0. 0. 1. 0. 0. 0. 0. 1. 0. 0. 0. 0. 0. 0. 0. 0. 0. 0. 0. 1. 0. 1. 0. 0. 0.],5.0,1000,100,0.01,0.0035,1,6,random,,best,single_objective
428,0.048660198103358754,0.09148117243431446,0.003721295646,[0.         0.         0.         0.         0.1        0.         0.         0.         0.1        0.         0.         0.         0.         0.1        0.         0.         0.         0.         0.         0.         0.         0.         0.         0.         0.         0.11915708 0.         0.36769278 0.         0.         0.        ],[0. 0. 0. 0. 1. 0. 0. 0. 1. 0. 0. 0. 0. 1. 0. 0. 0. 0. 0. 0. 0. 0. 0. 0. 0. 1. 0. 1. 0. 0. 0.],5.0,1000,100,0.01,0.0035,1,6,random,,best,single_objective
429,0.048660198103358754,0.09245437639638163,0.003721295646,[0.         0.         0.         0.         0.1        0.         0.         0.         0.1        0.         0.         0.         0.         0.1        0.         0.         0.         0.         0.         0.         0.         0.         0.         0.         0.         0.11915708 0.         0.36769278 0.         0.         0.        ],[0. 0. 0. 0. 1. 0. 0. 0. 1. 0. 0. 0. 0. 1. 0. 0. 0. 0. 0. 0. 0. 0. 0. 0. 0. 1. 0. 1. 0. 0. 0.],5.0,1000,100,0.01,0.0035,1,6,random,,best,single_objective
430,0.048660198103358754,0.08183552032864522,0.003721295646,[0.         0.         0.         0.         0.1        0.         0.         0.         0.1        0.         0.         0.         0.         0.1        0.         0.         0.         0.         0.         0.         0.         0.         0.         0.         0.         0.11915708 0.         0.36769278 0.         0.         0.        ],[0. 0. 0. 0. 1. 0. 0. 0. 1. 0. 0. 0. 0. 1. 0. 0. 0. 0. 0. 0. 0. 0. 0. 0. 0. 1. 0. 1. 0. 0. 0.],5.0,1000,100,0.01,0.0035,1,6,random,,best,single_objective
431,0.048660198103358754,0.09440078432051599,0.003721295646,[0.         0.         0.         0.         0.1        0.         0.         0.         0.1        0.         0.         0.         0.         0.1        0.         0.         0.         0.         0.         0.         0.         0.         0.         0.         0.         0.11915708 0.         0.36769278 0.         0.         0.        ],[0. 0. 0. 0. 1. 0. 0. 0. 1. 0. 0. 0. 0. 1. 0. 0. 0. 0. 0. 0. 0. 0. 0. 0. 0. 1. 0. 1. 0. 0. 0.],5.0,1000,100,0.01,0.0035,1,6,random,,best,single_objective
432,0.048660198103358754,0.09537398828258316,0.003721295646,[0.         0.         0.         0.         0.1        0.         0.         0.         0.1        0.         0.         0.         0.         0.1        0.         0.         0.         0.         0.         0.         0.         0.         0.         0.         0.         0.11915708 0.         0.36769278 0.         0.         0.        ],[0. 0. 0. 0. 1. 0. 0. 0. 1. 0. 0. 0. 0. 1. 0. 0. 0. 0. 0. 0. 0. 0. 0. 0. 0. 1. 0. 1. 0. 0. 0.],5.0,1000,100,0.01,0.0035,1,6,random,,best,single_objective
433,0.048660198103358754,0.09634719224465033,0.003721295646,[0.         0.         0.         0.         0.1        0.         0.         0.         0.1        0.         0.         0.         0.         0.1        0.         0.         0.         0.         0.         0.         0.         0.         0.         0.         0.         0.11915708 0.         0.36769278 0.         0.         0.        ],[0. 0. 0. 0. 1. 0. 0. 0. 1. 0. 0. 0. 0. 1. 0. 0. 0. 0. 0. 0. 0. 0. 0. 0. 0. 1. 0. 1. 0. 0. 0.],5.0,1000,100,0.01,0.0035,1,6,random,,best,single_objective
434,0.048660198103358754,0.08740528559204547,0.003721295646,[0.         0.         0.         0.         0.1        0.         0.         0.         0.1        0.         0.         0.         0.         0.1        0.         0.         0.         0.         0.         0.         0.         0.         0.         0.         0.         0.11915708 0.         0.36769278 0.         0.         0.        ],[0. 0. 0. 0. 1. 0. 0. 0. 1. 0. 0. 0. 0. 1. 0. 0. 0. 0. 0. 0. 0. 0. 0. 0. 0. 1. 0. 1. 0. 0. 0.],5.0,1000,100,0.01,0.0035,1,6,random,,best,single_objective
435,0.048660198103358754,0.08678353158139729,0.003721295646,[0.         0.         0.         0.         0.1        0.         0.         0.         0.1        0.         0.         0.         0.         0.1        0.         0.         0.         0.         0.         0.         0.         0.         0.         0.         0.         0.11915708 0.         0.36769278 0.         0.         0.        ],[0. 0. 0. 0. 1. 0. 0. 0. 1. 0. 0. 0. 0. 1. 0. 0. 0. 0. 0. 0. 0. 0. 0. 0. 0. 1. 0. 1. 0. 0. 0.],5.0,1000,100,0.01,0.0035,1,6,random,,best,single_objective
436,0.048660198103358754,0.09926680413085187,0.003721295646,[0.         0.         0.         0.         0.1        0.         0.         0.         0.1        0.         0.         0.         0.         0.1        0.         0.         0.         0.         0.         0.         0.         0.         0.         0.         0.         0.11915708 0.         0.36769278 0.         0.         0.        ],[0. 0. 0. 0. 1. 0. 0. 0. 1. 0. 0. 0. 0. 1. 0. 0. 0. 0. 0. 0. 0. 0. 0. 0. 0. 1. 0. 1. 0. 0. 0.],5.0,1000,100,0.01,0.0035,1,6,random,,best,single_objective
437,0.048660198103358754,0.10024000809291903,0.003721295646,[0.         0.         0.         0.         0.1        0.         0.         0.         0.1        0.         0.         0.         0.         0.1        0.         0.         0.         0.         0.         0.         0.         0.         0.         0.         0.         0.11915708 0.         0.36769278 0.         0.         0.        ],[0. 0. 0. 0. 1. 0. 0. 0. 1. 0. 0. 0. 0. 1. 0. 0. 0. 0. 0. 0. 0. 0. 0. 0. 0. 1. 0. 1. 0. 0. 0.],5.0,1000,100,0.01,0.0035,1,6,random,,best,single_objective
438,0.048660198103358754,0.1012132120549862,0.003721295646,[0.         0.         0.         0.         0.1        0.         0.         0.         0.1        0.         0.         0.         0.         0.1        0.         0.         0.         0.         0.         0.         0.         0.         0.         0.         0.         0.11915708 0.         0.36769278 0.         0.         0.        ],[0. 0. 0. 0. 1. 0. 0. 0. 1. 0. 0. 0. 0. 1. 0. 0. 0. 0. 0. 0. 0. 0. 0. 0. 0. 1. 0. 1. 0. 0. 0.],5.0,1000,100,0.01,0.0035,1,6,random,,best,single_objective
439,0.048660198103358754,0.10218641601705339,0.003721295646,[0.         0.         0.         0.         0.1        0.         0.         0.         0.1        0.         0.         0.         0.         0.1        0.         0.         0.         0.         0.         0.         0.         0.         0.         0.         0.         0.11915708 0.         0.36769278 0.         0.         0.        ],[0. 0. 0. 0. 1. 0. 0. 0. 1. 0. 0. 0. 0. 1. 0. 0. 0. 0. 0. 0. 0. 0. 0. 0. 0. 1. 0. 1. 0. 0. 0.],5.0,1000,100,0.01,0.0035,1,6,random,,best,single_objective
440,0.048660198103358754,0.10315961997912057,0.003721295646,[0.         0.         0.         0.         0.1        0.         0.         0.         0.1        0.         0.         0.         0.         0.1        0.         0.         0.         0.         0.         0.         0.         0.         0.         0.         0.         0.11915708 0.         0.36769278 0.         0.         0.        ],[0. 0. 0. 0. 1. 0. 0. 0. 1. 0. 0. 0. 0. 1. 0. 0. 0. 0. 0. 0. 0. 0. 0. 0. 0. 1. 0. 1. 0. 0. 0.],5.0,1000,100,0.01,0.0035,1,6,random,,best,single_objective
441,0.048660198103358754,0.10413282394118774,0.003721295646,[0.         0.         0.         0.         0.1        0.         0.         0.         0.1        0.         0.         0.         0.         0.1        0.         0.         0.         0.         0.         0.         0.         0.         0.         0.         0.         0.11915708 0.         0.36769278 0.         0.         0.        ],[0. 0. 0. 0. 1. 0. 0. 0. 1. 0. 0. 0. 0. 1. 0. 0. 0. 0. 0. 0. 0. 0. 0. 0. 0. 1. 0. 1. 0. 0. 0.],5.0,1000,100,0.01,0.0035,1,6,random,,best,single_objective
442,0.048660198103358754,0.1051060279032549,0.003721295646,[0.         0.         0.         0.         0.1        0.         0.         0.         0.1        0.         0.         0.         0.         0.1        0.         0.         0.         0.         0.         0.         0.         0.         0.         0.         0.         0.11915708 0.         0.36769278 0.         0.         0.        ],[0. 0. 0. 0. 1. 0. 0. 0. 1. 0. 0. 0. 0. 1. 0. 0. 0. 0. 0. 0. 0. 0. 0. 0. 0. 1. 0. 1. 0. 0. 0.],5.0,1000,100,0.01,0.0035,1,6,random,,best,single_objective
443,0.048660198103358754,0.09262275535380032,0.003721295646,[0.         0.         0.         0.         0.1        0.         0.         0.         0.1        0.         0.         0.         0.         0.1        0.         0.         0.         0.         0.         0.         0.         0.         0.         0.         0.         0.11915708 0.         0.36769278 0.         0.         0.        ],[0. 0. 0. 0. 1. 0. 0. 0. 1. 0. 0. 0. 0. 1. 0. 0. 0. 0. 0. 0. 0. 0. 0. 0. 0. 1. 0. 1. 0. 0. 0.],5.0,1000,100,0.01,0.0035,1,6,random,,best,single_objective
444,0.048660198103358754,0.0935959593158675,0.003721295646,[0.         0.         0.         0.         0.1        0.         0.         0.         0.1        0.         0.         0.         0.         0.1        0.         0.         0.         0.         0.         0.         0.         0.         0.         0.         0.         0.11915708 0.         0.36769278 0.         0.         0.        ],[0. 0. 0. 0. 1. 0. 0. 0. 1. 0. 0. 0. 0. 1. 0. 0. 0. 0. 0. 0. 0. 0. 0. 0. 0. 1. 0. 1. 0. 0. 0.],5.0,1000,100,0.01,0.0035,1,6,random,,best,single_objective
445,0.048660198103358754,0.09254076391138416,0.003721295646,[0.         0.         0.         0.         0.1        0.         0.         0.         0.1        0.         0.         0.         0.         0.1        0.         0.         0.         0.         0.         0.         0.         0.         0.         0.         0.         0.11915708 0.         0.36769278 0.         0.         0.        ],[0. 0. 0. 0. 1. 0. 0. 0. 1. 0. 0. 0. 0. 1. 0. 0. 0. 0. 0. 0. 0. 0. 0. 0. 0. 1. 0. 1. 0. 0. 0.],5.0,1000,100,0.01,0.0035,1,6,random,,best,single_objective
446,0.048660198103358754,0.10899884375152362,0.003721295646,[0.         0.         0.         0.         0.1        0.         0.         0.         0.1        0.         0.         0.         0.         0.1        0.         0.         0.         0.         0.         0.         0.         0.         0.         0.         0.         0.11915708 0.         0.36769278 0.         0.         0.        ],[0. 0. 0. 0. 1. 0. 0. 0. 1. 0. 0. 0. 0. 1. 0. 0. 0. 0. 0. 0. 0. 0. 0. 0. 0. 1. 0. 1. 0. 0. 0.],5.0,1000,100,0.01,0.0035,1,6,random,,best,single_objective
447,0.048660198103358754,0.10997204771359079,0.003721295646,[0.         0.         0.         0.         0.1        0.         0.         0.         0.1        0.         0.         0.         0.         0.1        0.         0.         0.         0.         0.         0.         0.         0.         0.         0.         0.         0.11915708 0.         0.36769278 0.         0.         0.        ],[0. 0. 0. 0. 1. 0. 0. 0. 1. 0. 0. 0. 0. 1. 0. 0. 0. 0. 0. 0. 0. 0. 0. 0. 0. 1. 0. 1. 0. 0. 0.],5.0,1000,100,0.01,0.0035,1,6,random,,best,single_objective
448,0.048660198103358754,0.11094525167565797,0.003721295646,[0.         0.         0.         0.         0.1        0.         0.         0.         0.1        0.         0.         0.         0.         0.1        0.         0.         0.         0.         0.         0.         0.         0.         0.         0.         0.         0.11915708 0.         0.36769278 0.         0.         0.        ],[0. 0. 0. 0. 1. 0. 0. 0. 1. 0. 0. 0. 0. 1. 0. 0. 0. 0. 0. 0. 0. 0. 0. 0. 0. 1. 0. 1. 0. 0. 0.],5.0,1000,100,0.01,0.0035,1,6,random,,best,single_objective
449,0.048660198103358754,0.09546037579758568,0.003721295646,[0.         0.         0.         0.         0.1        0.         0.         0.         0.1        0.         0.         0.         0.         0.1        0.         0.         0.         0.         0.         0.         0.         0.         0.         0.         0.         0.11915708 0.         0.36769278 0.         0.         0.        ],[0. 0. 0. 0. 1. 0. 0. 0. 1. 0. 0. 0. 0. 1. 0. 0. 0. 0. 0. 0. 0. 0. 0. 0. 0. 1. 0. 1. 0. 0. 0.],5.0,1000,100,0.01,0.0035,1,6,random,,best,single_objective
450,0.048660198103358754,0.1128916595997923,0.003721295646,[0.         0.         0.         0.         0.1        0.         0.         0.         0.1        0.         0.         0.         0.         0.1        0.         0.         0.         0.         0.         0.         0.         0.         0.         0.         0.         0.11915708 0.         0.36769278 0.         0.         0.        ],[0. 0. 0. 0. 1. 0. 0. 0. 1. 0. 0. 0. 0. 1. 0. 0. 0. 0. 0. 0. 0. 0. 0. 0. 0. 1. 0. 1. 0. 0. 0.],5.0,1000,100,0.01,0.0035,1,6,random,,best,single_objective
451,0.048660198103358754,0.09846197912620339,0.003721295646,[0.         0.         0.         0.         0.1        0.         0.         0.         0.1        0.         0.         0.         0.         0.1        0.         0.         0.         0.         0.         0.         0.         0.         0.         0.         0.         0.11915708 0.         0.36769278 0.         0.         0.        ],[0. 0. 0. 0. 1. 0. 0. 0. 1. 0. 0. 0. 0. 1. 0. 0. 0. 0. 0. 0. 0. 0. 0. 0. 0. 1. 0. 1. 0. 0. 0.],5.0,1000,100,0.01,0.0035,1,6,random,,best,single_objective
452,0.048660198103358754,0.11483806752392667,0.003721295646,[0.         0.         0.         0.         0.1        0.         0.         0.         0.1        0.         0.         0.         0.         0.1        0.         0.         0.         0.         0.         0.         0.         0.         0.         0.         0.         0.11915708 0.         0.36769278 0.         0.         0.        ],[0. 0. 0. 0. 1. 0. 0. 0. 1. 0. 0. 0. 0. 1. 0. 0. 0. 0. 0. 0. 0. 0. 0. 0. 0. 1. 0. 1. 0. 0. 0.],5.0,1000,100,0.01,0.0035,1,6,random,,best,single_objective
453,0.048660198103358754,0.11581127148599384,0.003721295646,[0.         0.         0.         0.         0.1        0.         0.         0.         0.1        0.         0.         0.         0.         0.1        0.         0.         0.         0.         0.         0.         0.         0.         0.         0.         0.         0.11915708 0.         0.36769278 0.         0.         0.        ],[0. 0. 0. 0. 1. 0. 0. 0. 1. 0. 0. 0. 0. 1. 0. 0. 0. 0. 0. 0. 0. 0. 0. 0. 0. 1. 0. 1. 0. 0. 0.],5.0,1000,100,0.01,0.0035,1,6,random,,best,single_objective
454,0.048660198103358754,0.11678447544806102,0.003721295646,[0.         0.         0.         0.         0.1        0.         0.         0.         0.1        0.         0.         0.         0.         0.1        0.         0.         0.         0.         0.         0.         0.         0.         0.         0.         0.         0.11915708 0.         0.36769278 0.         0.         0.        ],[0. 0. 0. 0. 1. 0. 0. 0. 1. 0. 0. 0. 0. 1. 0. 0. 0. 0. 0. 0. 0. 0. 0. 0. 0. 1. 0. 1. 0. 0. 0.],5.0,1000,100,0.01,0.0035,1,6,random,,best,single_objective
455,0.048660198103358754,0.11775767941012819,0.003721295646,[0.         0.         0.         0.         0.1        0.         0.         0.         0.1        0.         0.         0.         0.         0.1        0.         0.         0.         0.         0.         0.         0.         0.         0.         0.         0.         0.11915708 0.         0.36769278 0.         0.         0.        ],[0. 0. 0. 0. 1. 0. 0. 0. 1. 0. 0. 0. 0. 1. 0. 0. 0. 0. 0. 0. 0. 0. 0. 0. 0. 1. 0. 1. 0. 0. 0.],5.0,1000,100,0.01,0.0035,1,6,random,,best,single_objective
456,0.048660198103358754,0.11873088337219537,0.003721295646,[0.         0.         0.         0.         0.1        0.         0.         0.         0.1        0.         0.         0.         0.         0.1        0.         0.         0.         0.         0.         0.         0.         0.         0.         0.         0.         0.11915708 0.         0.36769278 0.         0.         0.        ],[0. 0. 0. 0. 1. 0. 0. 0. 1. 0. 0. 0. 0. 1. 0. 0. 0. 0. 0. 0. 0. 0. 0. 0. 0. 1. 0. 1. 0. 0. 0.],5.0,1000,100,0.01,0.0035,1,6,random,,best,single_objective
457,0.048660198103358754,0.10129959956998871,0.003721295646,[0.         0.         0.         0.         0.1        0.         0.         0.         0.1        0.         0.         0.         0.         0.1        0.         0.         0.         0.         0.         0.         0.         0.         0.         0.         0.         0.11915708 0.         0.36769278 0.         0.         0.        ],[0. 0. 0. 0. 1. 0. 0. 0. 1. 0. 0. 0. 0. 1. 0. 0. 0. 0. 0. 0. 0. 0. 0. 0. 0. 1. 0. 1. 0. 0. 0.],5.0,1000,100,0.01,0.0035,1,6,random,,best,single_objective
458,0.048660198103358754,0.1206772912963297,0.003721295646,[0.         0.         0.         0.         0.1        0.         0.         0.         0.1        0.         0.         0.         0.         0.1        0.         0.         0.         0.         0.         0.         0.         0.         0.         0.         0.         0.11915708 0.         0.36769278 0.         0.         0.        ],[0. 0. 0. 0. 1. 0. 0. 0. 1. 0. 0. 0. 0. 1. 0. 0. 0. 0. 0. 0. 0. 0. 0. 0. 0. 1. 0. 1. 0. 0. 0.],5.0,1000,100,0.01,0.0035,1,6,random,,best,single_objective
459,0.048660198103358754,0.12165049525839688,0.003721295646,[0.         0.         0.         0.         0.1        0.         0.         0.         0.1        0.         0.         0.         0.         0.1        0.         0.         0.         0.         0.         0.         0.         0.         0.         0.         0.         0.11915708 0.         0.36769278 0.         0.         0.        ],[0. 0. 0. 0. 1. 0. 0. 0. 1. 0. 0. 0. 0. 1. 0. 0. 0. 0. 0. 0. 0. 0. 0. 0. 0. 1. 0. 1. 0. 0. 0.],5.0,1000,100,0.01,0.0035,1,6,random,,best,single_objective
460,0.048660198103358754,0.12262369922046407,0.003721295646,[0.         0.         0.         0.         0.1        0.         0.         0.         0.1        0.         0.         0.         0.         0.1        0.         0.         0.         0.         0.         0.         0.         0.         0.         0.         0.         0.11915708 0.         0.36769278 0.         0.         0.        ],[0. 0. 0. 0. 1. 0. 0. 0. 1. 0. 0. 0. 0. 1. 0. 0. 0. 0. 0. 0. 0. 0. 0. 0. 0. 1. 0. 1. 0. 0. 0.],5.0,1000,100,0.01,0.0035,1,6,random,,best,single_objective
461,0.048660198103358754,0.10653518421158027,0.003721295646,[0.         0.         0.         0.         0.1        0.         0.         0.         0.1        0.         0.         0.         0.         0.1        0.         0.         0.         0.         0.         0.         0.         0.         0.         0.         0.         0.11915708 0.         0.36769278 0.         0.         0.        ],[0. 0. 0. 0. 1. 0. 0. 0. 1. 0. 0. 0. 0. 1. 0. 0. 0. 0. 0. 0. 0. 0. 0. 0. 0. 1. 0. 1. 0. 0. 0.],5.0,1000,100,0.01,0.0035,1,6,random,,best,single_objective
462,0.048660198103358754,0.12457010714459842,0.003721295646,[0.         0.         0.         0.         0.1        0.         0.         0.         0.1        0.         0.         0.         0.         0.1        0.         0.         0.         0.         0.         0.         0.         0.         0.         0.         0.         0.11915708 0.         0.36769278 0.         0.         0.        ],[0. 0. 0. 0. 1. 0. 0. 0. 1. 0. 0. 0. 0. 1. 0. 0. 0. 0. 0. 0. 0. 0. 0. 0. 0. 1. 0. 1. 0. 0. 0.],5.0,1000,100,0.01,0.0035,1,6,random,,best,single_objective
463,0.048660198103358754,0.10519241541825743,0.003721295646,[0.         0.         0.         0.         0.1        0.         0.         0.         0.1        0.         0.         0.         0.         0.1        0.         0.         0.         0.         0.         0.         0.         0.         0.         0.         0.         0.11915708 0.         0.36769278 0.         0.         0.        ],[0. 0. 0. 0. 1. 0. 0. 0. 1. 0. 0. 0. 0. 1. 0. 0. 0. 0. 0. 0. 0. 0. 0. 0. 0. 1. 0. 1. 0. 0. 0.],5.0,1000,100,0.01,0.0035,1,6,random,,best,single_objective
464,0.048660198103358754,0.12651651506873277,0.003721295646,[0.         0.         0.         0.         0.1        0.         0.         0.         0.1        0.         0.         0.         0.         0.1        0.         0.         0.         0.         0.         0.         0.         0.         0.         0.         0.         0.11915708 0.         0.36769278 0.         0.         0.        ],[0. 0. 0. 0. 1. 0. 0. 0. 1. 0. 0. 0. 0. 1. 0. 0. 0. 0. 0. 0. 0. 0. 0. 0. 0. 1. 0. 1. 0. 0. 0.],5.0,1000,100,0.01,0.0035,1,6,random,,best,single_objective
465,0.048660198103358754,0.10978897671959051,0.003721295646,[0.         0.         0.         0.         0.1        0.         0.         0.         0.1        0.         0.         0.         0.         0.1        0.         0.         0.         0.         0.         0.         0.         0.         0.         0.         0.         0.11915708 0.         0.36769278 0.         0.         0.        ],[0. 0. 0. 0. 1. 0. 0. 0. 1. 0. 0. 0. 0. 1. 0. 0. 0. 0. 0. 0. 0. 0. 0. 0. 0. 1. 0. 1. 0. 0. 0.],5.0,1000,100,0.01,0.0035,1,6,random,,best,single_objective
466,0.048660198103358754,0.1284629229928671,0.003721295646,[0.         0.         0.         0.         0.1        0.         0.         0.         0.1        0.         0.         0.         0.         0.1        0.         0.         0.         0.         0.         0.         0.         0.         0.         0.         0.         0.11915708 0.         0.36769278 0.         0.         0.        ],[0. 0. 0. 0. 1. 0. 0. 0. 1. 0. 0. 0. 0. 1. 0. 0. 0. 0. 0. 0. 0. 0. 0. 0. 0. 1. 0. 1. 0. 0. 0.],5.0,1000,100,0.01,0.0035,1,6,random,,best,single_objective
467,0.048660198103358754,0.11014042667100948,0.003721295646,[0.         0.         0.         0.         0.1        0.         0.         0.         0.1        0.         0.         0.         0.         0.1        0.         0.         0.         0.         0.         0.         0.         0.         0.         0.         0.         0.11915708 0.         0.36769278 0.         0.         0.        ],[0. 0. 0. 0. 1. 0. 0. 0. 1. 0. 0. 0. 0. 1. 0. 0. 0. 0. 0. 0. 0. 0. 0. 0. 0. 1. 0. 1. 0. 0. 0.],5.0,1000,100,0.01,0.0035,1,6,random,,best,single_objective
468,0.048660198103358754,0.13040933091700146,0.003721295646,[0.         0.         0.         0.         0.1        0.         0.         0.         0.1        0.         0.         0.         0.         0.1        0.         0.         0.         0.         0.         0.         0.         0.         0.         0.         0.         0.11915708 0.         0.36769278 0.         0.         0.        ],[0. 0. 0. 0. 1. 0. 0. 0. 1. 0. 0. 0. 0. 1. 0. 0. 0. 0. 0. 0. 0. 0. 0. 0. 0. 1. 0. 1. 0. 0. 0.],5.0,1000,100,0.01,0.0035,1,6,random,,best,single_objective
469,0.048660198103358754,0.12994440544168614,0.003721295646,[0.         0.         0.         0.         0.1        0.         0.         0.         0.1        0.         0.         0.         0.         0.1        0.         0.         0.         0.         0.         0.         0.         0.         0.         0.         0.         0.11915708 0.         0.36769278 0.         0.         0.        ],[0. 0. 0. 0. 1. 0. 0. 0. 1. 0. 0. 0. 0. 1. 0. 0. 0. 0. 0. 0. 0. 0. 0. 0. 0. 1. 0. 1. 0. 0. 0.],5.0,1000,100,0.01,0.0035,1,6,random,,best,single_objective
470,0.048660198103358754,0.1100584352285933,0.003721295646,[0.         0.         0.         0.         0.1        0.         0.         0.         0.1        0.         0.         0.         0.         0.1        0.         0.         0.         0.         0.         0.         0.         0.         0.         0.         0.         0.11915708 0.         0.36769278 0.         0.         0.        ],[0. 0. 0. 0. 1. 0. 0. 0. 1. 0. 0. 0. 0. 1. 0. 0. 0. 0. 0. 0. 0. 0. 0. 0. 0. 1. 0. 1. 0. 0. 0.],5.0,1000,100,0.01,0.0035,1,6,random,,best,single_objective
471,0.048660198103358754,0.13332894280320298,0.003721295646,[0.         0.         0.         0.         0.1        0.         0.         0.         0.1        0.         0.         0.         0.         0.1        0.         0.         0.         0.         0.         0.         0.         0.         0.         0.         0.         0.11915708 0.         0.36769278 0.         0.         0.        ],[0. 0. 0. 0. 1. 0. 0. 0. 1. 0. 0. 0. 0. 1. 0. 0. 0. 0. 0. 0. 0. 0. 0. 0. 0. 1. 0. 1. 0. 0. 0.],5.0,1000,100,0.01,0.0035,1,6,random,,best,single_objective
472,0.048660198103358754,0.13430214676527016,0.003721295646,[0.         0.         0.         0.         0.1        0.         0.         0.         0.1        0.         0.         0.         0.         0.1        0.         0.         0.         0.         0.         0.         0.         0.         0.         0.         0.         0.11915708 0.         0.36769278 0.         0.         0.        ],[0. 0. 0. 0. 1. 0. 0. 0. 1. 0. 0. 0. 0. 1. 0. 0. 0. 0. 0. 0. 0. 0. 0. 0. 0. 1. 0. 1. 0. 0. 0.],5.0,1000,100,0.01,0.0035,1,6,random,,best,single_objective
473,0.048660198103358754,0.13527535072733735,0.003721295646,[0.         0.         0.         0.         0.1        0.         0.         0.         0.1        0.         0.         0.         0.         0.1        0.         0.         0.         0.         0.         0.         0.         0.         0.         0.         0.         0.11915708 0.         0.36769278 0.         0.         0.        ],[0. 0. 0. 0. 1. 0. 0. 0. 1. 0. 0. 0. 0. 1. 0. 0. 0. 0. 0. 0. 0. 0. 0. 0. 0. 1. 0. 1. 0. 0. 0.],5.0,1000,100,0.01,0.0035,1,6,random,,best,single_objective
474,0.048660198103358754,0.11297804711479481,0.003721295646,[0.         0.         0.         0.         0.1        0.         0.         0.         0.1        0.         0.         0.         0.         0.1        0.         0.         0.         0.         0.         0.         0.         0.         0.         0.         0.         0.11915708 0.         0.36769278 0.         0.         0.        ],[0. 0. 0. 0. 1. 0. 0. 0. 1. 0. 0. 0. 0. 1. 0. 0. 0. 0. 0. 0. 0. 0. 0. 0. 0. 1. 0. 1. 0. 0. 0.],5.0,1000,100,0.01,0.0035,1,6,random,,best,single_objective
475,0.048660198103358754,0.13481042525202203,0.003721295646,[0.         0.         0.         0.         0.1        0.         0.         0.         0.1        0.         0.         0.         0.         0.1        0.         0.         0.         0.         0.         0.         0.         0.         0.         0.         0.         0.11915708 0.         0.36769278 0.         0.         0.        ],[0. 0. 0. 0. 1. 0. 0. 0. 1. 0. 0. 0. 0. 1. 0. 0. 0. 0. 0. 0. 0. 0. 0. 0. 0. 1. 0. 1. 0. 0. 0.],5.0,1000,100,0.01,0.0035,1,6,random,,best,single_objective
476,0.048660198103358754,0.1357836292140892,0.003721295646,[0.         0.         0.         0.         0.1        0.         0.         0.         0.1        0.         0.         0.         0.         0.1        0.         0.         0.         0.         0.         0.         0.         0.         0.         0.         0.         0.11915708 0.         0.36769278 0.         0.         0.        ],[0. 0. 0. 0. 1. 0. 0. 0. 1. 0. 0. 0. 0. 1. 0. 0. 0. 0. 0. 0. 0. 0. 0. 0. 0. 1. 0. 1. 0. 0. 0.],5.0,1000,100,0.01,0.0035,1,6,random,,best,single_objective
477,0.048660198103358754,0.11695285440547971,0.003721295646,[0.         0.         0.         0.         0.1        0.         0.         0.         0.1        0.         0.         0.         0.         0.1        0.         0.         0.         0.         0.         0.         0.         0.         0.         0.         0.         0.11915708 0.         0.36769278 0.         0.         0.        ],[0. 0. 0. 0. 1. 0. 0. 0. 1. 0. 0. 0. 0. 1. 0. 0. 0. 0. 0. 0. 0. 0. 0. 0. 0. 1. 0. 1. 0. 0. 0.],5.0,1000,100,0.01,0.0035,1,6,random,,best,single_objective
478,0.048660198103358754,0.11589765900099636,0.003721295646,[0.         0.         0.         0.         0.1        0.         0.         0.         0.1        0.         0.         0.         0.         0.1        0.         0.         0.         0.         0.         0.         0.         0.         0.         0.         0.         0.11915708 0.         0.36769278 0.         0.         0.        ],[0. 0. 0. 0. 1. 0. 0. 0. 1. 0. 0. 0. 0. 1. 0. 0. 0. 0. 0. 0. 0. 0. 0. 0. 0. 1. 0. 1. 0. 0. 0.],5.0,1000,100,0.01,0.0035,1,6,random,,best,single_objective
479,0.048660198103358754,0.11952101634026226,0.003721295646,[0.         0.         0.         0.         0.1        0.         0.         0.         0.1        0.         0.         0.         0.         0.1        0.         0.         0.         0.         0.         0.         0.         0.         0.         0.         0.         0.11915708 0.         0.36769278 0.         0.         0.        ],[0. 0. 0. 0. 1. 0. 0. 0. 1. 0. 0. 0. 0. 1. 0. 0. 0. 0. 0. 0. 0. 0. 0. 0. 0. 1. 0. 1. 0. 0. 0.],5.0,1000,100,0.01,0.0035,1,6,random,,best,single_objective
480,0.048660198103358754,0.11784406692513069,0.003721295646,[0.         0.         0.         0.         0.1        0.         0.         0.         0.1        0.         0.         0.         0.         0.1        0.         0.         0.         0.         0.         0.         0.         0.         0.         0.         0.         0.11915708 0.         0.36769278 0.         0.         0.        ],[0. 0. 0. 0. 1. 0. 0. 0. 1. 0. 0. 0. 0. 1. 0. 0. 0. 0. 0. 0. 0. 0. 0. 0. 0. 1. 0. 1. 0. 0. 0.],5.0,1000,100,0.01,0.0035,1,6,random,,best,single_objective
481,0.048660198103358754,0.13870324110029073,0.003721295646,[0.         0.         0.         0.         0.1        0.         0.         0.         0.1        0.         0.         0.         0.         0.1        0.         0.         0.         0.         0.         0.         0.         0.         0.         0.         0.         0.11915708 0.         0.36769278 0.         0.         0.        ],[0. 0. 0. 0. 1. 0. 0. 0. 1. 0. 0. 0. 0. 1. 0. 0. 0. 0. 0. 0. 0. 0. 0. 0. 0. 1. 0. 1. 0. 0. 0.],5.0,1000,100,0.01,0.0035,1,6,random,,best,single_objective
482,0.048660198103358754,0.1440341863859419,0.003721295646,[0.         0.         0.         0.         0.1        0.         0.         0.         0.1        0.         0.         0.         0.         0.1        0.         0.         0.         0.         0.         0.         0.         0.         0.         0.         0.         0.11915708 0.         0.36769278 0.         0.         0.        ],[0. 0. 0. 0. 1. 0. 0. 0. 1. 0. 0. 0. 0. 1. 0. 0. 0. 0. 0. 0. 0. 0. 0. 0. 0. 1. 0. 1. 0. 0. 0.],5.0,1000,100,0.01,0.0035,1,6,random,,best,single_objective
483,0.048660198103358754,0.12332559190258906,0.003721295646,[0.         0.         0.         0.         0.1        0.         0.         0.         0.1        0.         0.         0.         0.         0.1        0.         0.         0.         0.         0.         0.         0.         0.         0.         0.         0.         0.11915708 0.         0.36769278 0.         0.         0.        ],[0. 0. 0. 0. 1. 0. 0. 0. 1. 0. 0. 0. 0. 1. 0. 0. 0. 0. 0. 0. 0. 0. 0. 0. 0. 1. 0. 1. 0. 0. 0.],5.0,1000,100,0.01,0.0035,1,6,random,,best,single_objective
484,0.048660198103358754,0.12332559190258906,0.003721295646,[0.         0.         0.         0.         0.1        0.         0.         0.         0.1        0.         0.         0.         0.         0.1        0.         0.         0.         0.         0.         0.         0.         0.         0.         0.         0.         0.11915708 0.         0.36769278 0.         0.         0.        ],[0. 0. 0. 0. 1. 0. 0. 0. 1. 0. 0. 0. 0. 1. 0. 0. 0. 0. 0. 0. 0. 0. 0. 0. 0. 1. 0. 1. 0. 0. 0.],5.0,1000,100,0.01,0.0035,1,6,random,,best,single_objective
485,0.048660198103358754,0.12332559190258906,0.003721295646,[0.         0.         0.         0.         0.1        0.         0.         0.         0.1        0.         0.         0.         0.         0.1        0.         0.         0.         0.         0.         0.         0.         0.         0.         0.         0.         0.11915708 0.         0.36769278 0.         0.         0.        ],[0. 0. 0. 0. 1. 0. 0. 0. 1. 0. 0. 0. 0. 1. 0. 0. 0. 0. 0. 0. 0. 0. 0. 0. 0. 1. 0. 1. 0. 0. 0.],5.0,1000,100,0.01,0.0035,1,6,random,,best,single_objective
486,0.048660198103358754,0.12332559190258906,0.003721295646,[0.         0.         0.         0.         0.1        0.         0.         0.         0.1        0.         0.         0.         0.         0.1        0.         0.         0.         0.         0.         0.         0.         0.         0.         0.         0.         0.11915708 0.         0.36769278 0.         0.         0.        ],[0. 0. 0. 0. 1. 0. 0. 0. 1. 0. 0. 0. 0. 1. 0. 0. 0. 0. 0. 0. 0. 0. 0. 0. 0. 1. 0. 1. 0. 0. 0.],5.0,1000,100,0.01,0.0035,1,6,random,,best,single_objective
487,0.048660198103358754,0.12332559190258906,0.003721295646,[0.         0.         0.         0.         0.1        0.         0.         0.         0.1        0.         0.         0.         0.         0.1        0.         0.         0.         0.         0.         0.         0.         0.         0.         0.         0.         0.11915708 0.         0.36769278 0.         0.         0.        ],[0. 0. 0. 0. 1. 0. 0. 0. 1. 0. 0. 0. 0. 1. 0. 0. 0. 0. 0. 0. 0. 0. 0. 0. 0. 1. 0. 1. 0. 0. 0.],5.0,1000,100,0.01,0.0035,1,6,random,,best,single_objective
488,0.048660198103358754,0.12332559190258906,0.003721295646,[0.         0.         0.         0.         0.1        0.         0.         0.         0.1        0.         0.         0.         0.         0.1        0.         0.         0.         0.         0.         0.         0.         0.         0.         0.         0.         0.11915708 0.         0.36769278 0.         0.         0.        ],[0. 0. 0. 0. 1. 0. 0. 0. 1. 0. 0. 0. 0. 1. 0. 0. 0. 0. 0. 0. 0. 0. 0. 0. 0. 1. 0. 1. 0. 0. 0.],5.0,1000,100,0.01,0.0035,1,6,random,,best,single_objective
489,0.048660198103358754,0.12332559190258906,0.003721295646,[0.         0.         0.         0.         0.1        0.         0.         0.         0.1        0.         0.         0.         0.         0.1        0.         0.         0.         0.         0.         0.         0.         0.         0.         0.         0.         0.11915708 0.         0.36769278 0.         0.         0.        ],[0. 0. 0. 0. 1. 0. 0. 0. 1. 0. 0. 0. 0. 1. 0. 0. 0. 0. 0. 0. 0. 0. 0. 0. 0. 1. 0. 1. 0. 0. 0.],5.0,1000,100,0.01,0.0035,1,6,random,,best,single_objective
490,0.048660198103358754,0.12332559190258906,0.003721295646,[0.         0.         0.         0.         0.1        0.         0.         0.         0.1        0.         0.         0.         0.         0.1        0.         0.         0.         0.         0.         0.         0.         0.         0.         0.         0.         0.11915708 0.         0.36769278 0.         0.         0.        ],[0. 0. 0. 0. 1. 0. 0. 0. 1. 0. 0. 0. 0. 1. 0. 0. 0. 0. 0. 0. 0. 0. 0. 0. 0. 1. 0. 1. 0. 0. 0.],5.0,1000,100,0.01,0.0035,1,6,random,,best,single_objective
491,0.048660198103358754,0.12332559190258906,0.003721295646,[0.         0.         0.         0.         0.1        0.         0.         0.         0.1        0.         0.         0.         0.         0.1        0.         0.         0.         0.         0.         0.         0.         0.         0.         0.         0.         0.11915708 0.         0.36769278 0.         0.         0.        ],[0. 0. 0. 0. 1. 0. 0. 0. 1. 0. 0. 0. 0. 1. 0. 0. 0. 0. 0. 0. 0. 0. 0. 0. 0. 1. 0. 1. 0. 0. 0.],5.0,1000,100,0.01,0.0035,1,6,random,,best,single_objective
492,0.048660198103358754,0.12332559190258906,0.003721295646,[0.         0.         0.         0.         0.1        0.         0.         0.         0.1        0.         0.         0.         0.         0.1        0.         0.         0.         0.         0.         0.         0.         0.         0.         0.         0.         0.11915708 0.         0.36769278 0.         0.         0.        ],[0. 0. 0. 0. 1. 0. 0. 0. 1. 0. 0. 0. 0. 1. 0. 0. 0. 0. 0. 0. 0. 0. 0. 0. 0. 1. 0. 1. 0. 0. 0.],5.0,1000,100,0.01,0.0035,1,6,random,,best,single_objective
493,0.048660198103358754,0.12332559190258906,0.003721295646,[0.         0.         0.         0.         0.1        0.         0.         0.         0.1        0.         0.         0.         0.         0.1        0.         0.         0.         0.         0.         0.         0.         0.         0.         0.         0.         0.11915708 0.         0.36769278 0.         0.         0.        ],[0. 0. 0. 0. 1. 0. 0. 0. 1. 0. 0. 0. 0. 1. 0. 0. 0. 0. 0. 0. 0. 0. 0. 0. 0. 1. 0. 1. 0. 0. 0.],5.0,1000,100,0.01,0.0035,1,6,random,,best,single_objective
494,0.048660198103358754,0.12332559190258906,0.003721295646,[0.         0.         0.         0.         0.1        0.         0.         0.         0.1        0.         0.         0.         0.         0.1        0.         0.         0.         0.         0.         0.         0.         0.         0.         0.         0.         0.11915708 0.         0.36769278 0.         0.         0.        ],[0. 0. 0. 0. 1. 0. 0. 0. 1. 0. 0. 0. 0. 1. 0. 0. 0. 0. 0. 0. 0. 0. 0. 0. 0. 1. 0. 1. 0. 0. 0.],5.0,1000,100,0.01,0.0035,1,6,random,,best,single_objective
495,0.048660198103358754,0.12332559190258906,0.003721295646,[0.         0.         0.         0.         0.1        0.         0.         0.         0.1        0.         0.         0.         0.         0.1        0.         0.         0.         0.         0.         0.         0.         0.         0.         0.         0.         0.11915708 0.         0.36769278 0.         0.         0.        ],[0. 0. 0. 0. 1. 0. 0. 0. 1. 0. 0. 0. 0. 1. 0. 0. 0. 0. 0. 0. 0. 0. 0. 0. 0. 1. 0. 1. 0. 0. 0.],5.0,1000,100,0.01,0.0035,1,6,random,,best,single_objective
496,0.048660198103358754,0.12332559190258906,0.003721295646,[0.         0.         0.         0.         0.1        0.         0.         0.         0.1        0.         0.         0.         0.         0.1        0.         0.         0.         0.         0.         0.         0.         0.         0.         0.         0.         0.11915708 0.         0.36769278 0.         0.         0.        ],[0. 0. 0. 0. 1. 0. 0. 0. 1. 0. 0. 0. 0. 1. 0. 0. 0. 0. 0. 0. 0. 0. 0. 0. 0. 1. 0. 1. 0. 0. 0.],5.0,1000,100,0.01,0.0035,1,6,random,,best,single_objective
497,0.048660198103358754,0.12332559190258906,0.003721295646,[0.         0.         0.         0.         0.1        0.         0.         0.         0.1        0.         0.         0.         0.         0.1        0.         0.         0.         0.         0.         0.         0.         0.         0.         0.         0.         0.11915708 0.         0.36769278 0.         0.         0.        ],[0. 0. 0. 0. 1. 0. 0. 0. 1. 0. 0. 0. 0. 1. 0. 0. 0. 0. 0. 0. 0. 0. 0. 0. 0. 1. 0. 1. 0. 0. 0.],5.0,1000,100,0.01,0.0035,1,6,random,,best,single_objective
498,0.048660198103358754,0.12332559190258906,0.003721295646,[0.         0.         0.         0.         0.1        0.         0.         0.         0.1        0.         0.         0.         0.         0.1        0.         0.         0.         0.         0.         0.         0.         0.         0.         0.         0.         0.11915708 0.         0.36769278 0.         0.         0.        ],[0. 0. 0. 0. 1. 0. 0. 0. 1. 0. 0. 0. 0. 1. 0. 0. 0. 0. 0. 0. 0. 0. 0. 0. 0. 1. 0. 1. 0. 0. 0.],5.0,1000,100,0.01,0.0035,1,6,random,,best,single_objective
499,0.048660198103358754,0.12332559190258906,0.003721295646,[0.         0.         0.         0.         0.1        0.         0.         0.         0.1        0.         0.         0.         0.         0.1        0.         0.         0.         0.         0.         0.         0.         0.         0.         0.         0.         0.11915708 0.         0.36769278 0.         0.         0.        ],[0. 0. 0. 0. 1. 0. 0. 0. 1. 0. 0. 0. 0. 1. 0. 0. 0. 0. 0. 0. 0. 0. 0. 0. 0. 1. 0. 1. 0. 0. 0.],5.0,1000,100,0.01,0.0035,1,6,random,,best,single_objective
500,0.048660198103358754,0.12332559190258906,0.003721295646,[0.         0.         0.         0.         0.1        0.         0.         0.         0.1        0.         0.         0.         0.         0.1        0.         0.         0.         0.         0.         0.         0.         0.         0.         0.         0.         0.11915708 0.         0.36769278 0.         0.         0.        ],[0. 0. 0. 0. 1. 0. 0. 0. 1. 0. 0. 0. 0. 1. 0. 0. 0. 0. 0. 0. 0. 0. 0. 0. 0. 1. 0. 1. 0. 0. 0.],5.0,1000,100,0.01,0.0035,1,6,random,,best,single_objective
501,0.048660198103358754,0.12332559190258906,0.003721295646,[0.         0.         0.         0.         0.1        0.         0.         0.         0.1        0.         0.         0.         0.         0.1        0.         0.         0.         0.         0.         0.         0.         0.         0.         0.         0.         0.11915708 0.         0.36769278 0.         0.         0.        ],[0. 0. 0. 0. 1. 0. 0. 0. 1. 0. 0. 0. 0. 1. 0. 0. 0. 0. 0. 0. 0. 0. 0. 0. 0. 1. 0. 1. 0. 0. 0.],5.0,1000,100,0.01,0.0035,1,6,random,,best,single_objective
502,0.048660198103358754,0.12332559190258906,0.003721295646,[0.         0.         0.         0.         0.1        0.         0.         0.         0.1        0.         0.         0.         0.         0.1        0.         0.         0.         0.         0.         0.         0.         0.         0.         0.         0.         0.11915708 0.         0.36769278 0.         0.         0.        ],[0. 0. 0. 0. 1. 0. 0. 0. 1. 0. 0. 0. 0. 1. 0. 0. 0. 0. 0. 0. 0. 0. 0. 0. 0. 1. 0. 1. 0. 0. 0.],5.0,1000,100,0.01,0.0035,1,6,random,,best,single_objective
503,0.048660198103358754,0.12332559190258906,0.003721295646,[0.         0.         0.         0.         0.1        0.         0.         0.         0.1        0.         0.         0.         0.         0.1        0.         0.         0.         0.         0.         0.         0.         0.         0.         0.         0.         0.11915708 0.         0.36769278 0.         0.         0.        ],[0. 0. 0. 0. 1. 0. 0. 0. 1. 0. 0. 0. 0. 1. 0. 0. 0. 0. 0. 0. 0. 0. 0. 0. 0. 1. 0. 1. 0. 0. 0.],5.0,1000,100,0.01,0.0035,1,6,random,,best,single_objective
504,0.048660198103358754,0.12332559190258906,0.003721295646,[0.         0.         0.         0.         0.1        0.         0.         0.         0.1        0.         0.         0.         0.         0.1        0.         0.         0.         0.         0.         0.         0.         0.         0.         0.         0.         0.11915708 0.         0.36769278 0.         0.         0.        ],[0. 0. 0. 0. 1. 0. 0. 0. 1. 0. 0. 0. 0. 1. 0. 0. 0. 0. 0. 0. 0. 0. 0. 0. 0. 1. 0. 1. 0. 0. 0.],5.0,1000,100,0.01,0.0035,1,6,random,,best,single_objective
505,0.048660198103358754,0.12332559190258906,0.003721295646,[0.         0.         0.         0.         0.1        0.         0.         0.         0.1        0.         0.         0.         0.         0.1        0.         0.         0.         0.         0.         0.         0.         0.         0.         0.         0.         0.11915708 0.         0.36769278 0.         0.         0.        ],[0. 0. 0. 0. 1. 0. 0. 0. 1. 0. 0. 0. 0. 1. 0. 0. 0. 0. 0. 0. 0. 0. 0. 0. 0. 1. 0. 1. 0. 0. 0.],5.0,1000,100,0.01,0.0035,1,6,random,,best,single_objective
506,0.048660198103358754,0.12332559190258906,0.003721295646,[0.         0.         0.         0.         0.1        0.         0.         0.         0.1        0.         0.         0.         0.         0.1        0.         0.         0.         0.         0.         0.         0.         0.         0.         0.         0.         0.11915708 0.         0.36769278 0.         0.         0.        ],[0. 0. 0. 0. 1. 0. 0. 0. 1. 0. 0. 0. 0. 1. 0. 0. 0. 0. 0. 0. 0. 0. 0. 0. 0. 1. 0. 1. 0. 0. 0.],5.0,1000,100,0.01,0.0035,1,6,random,,best,single_objective
507,0.048660198103358754,0.12332559190258906,0.003721295646,[0.         0.         0.         0.         0.1        0.         0.         0.         0.1        0.         0.         0.         0.         0.1        0.         0.         0.         0.         0.         0.         0.         0.         0.         0.         0.         0.11915708 0.         0.36769278 0.         0.         0.        ],[0. 0. 0. 0. 1. 0. 0. 0. 1. 0. 0. 0. 0. 1. 0. 0. 0. 0. 0. 0. 0. 0. 0. 0. 0. 1. 0. 1. 0. 0. 0.],5.0,1000,100,0.01,0.0035,1,6,random,,best,single_objective
508,0.048660198103358754,0.12332559190258906,0.003721295646,[0.         0.         0.         0.         0.1        0.         0.         0.         0.1        0.         0.         0.         0.         0.1        0.         0.         0.         0.         0.         0.         0.         0.         0.         0.         0.         0.11915708 0.         0.36769278 0.         0.         0.        ],[0. 0. 0. 0. 1. 0. 0. 0. 1. 0. 0. 0. 0. 1. 0. 0. 0. 0. 0. 0. 0. 0. 0. 0. 0. 1. 0. 1. 0. 0. 0.],5.0,1000,100,0.01,0.0035,1,6,random,,best,single_objective
509,0.048660198103358754,0.12332559190258906,0.003721295646,[0.         0.         0.         0.         0.1        0.         0.         0.         0.1        0.         0.         0.         0.         0.1        0.         0.         0.         0.         0.         0.         0.         0.         0.         0.         0.         0.11915708 0.         0.36769278 0.         0.         0.        ],[0. 0. 0. 0. 1. 0. 0. 0. 1. 0. 0. 0. 0. 1. 0. 0. 0. 0. 0. 0. 0. 0. 0. 0. 0. 1. 0. 1. 0. 0. 0.],5.0,1000,100,0.01,0.0035,1,6,random,,best,single_objective
510,0.048660198103358754,0.12332559190258906,0.003721295646,[0.         0.         0.         0.         0.1        0.         0.         0.         0.1        0.         0.         0.         0.         0.1        0.         0.         0.         0.         0.         0.         0.         0.         0.         0.         0.         0.11915708 0.         0.36769278 0.         0.         0.        ],[0. 0. 0. 0. 1. 0. 0. 0. 1. 0. 0. 0. 0. 1. 0. 0. 0. 0. 0. 0. 0. 0. 0. 0. 0. 1. 0. 1. 0. 0. 0.],5.0,1000,100,0.01,0.0035,1,6,random,,best,single_objective
511,0.048660198103358754,0.12332559190258906,0.003721295646,[0.         0.         0.         0.         0.1        0.         0.         0.         0.1        0.         0.         0.         0.         0.1        0.         0.         0.         0.         0.         0.         0.         0.         0.         0.         0.         0.11915708 0.         0.36769278 0.         0.         0.        ],[0. 0. 0. 0. 1. 0. 0. 0. 1. 0. 0. 0. 0. 1. 0. 0. 0. 0. 0. 0. 0. 0. 0. 0. 0. 1. 0. 1. 0. 0. 0.],5.0,1000,100,0.01,0.0035,1,6,random,,best,single_objective
512,0.048660198103358754,0.12332559190258906,0.003721295646,[0.         0.         0.         0.         0.1        0.         0.         0.         0.1        0.         0.         0.         0.         0.1        0.         0.         0.         0.         0.         0.         0.         0.         0.         0.         0.         0.11915708 0.         0.36769278 0.         0.         0.        ],[0. 0. 0. 0. 1. 0. 0. 0. 1. 0. 0. 0. 0. 1. 0. 0. 0. 0. 0. 0. 0. 0. 0. 0. 0. 1. 0. 1. 0. 0. 0.],5.0,1000,100,0.01,0.0035,1,6,random,,best,single_objective
513,0.048660198103358754,0.12332559190258906,0.003721295646,[0.         0.         0.         0.         0.1        0.         0.         0.         0.1        0.         0.         0.         0.         0.1        0.         0.         0.         0.         0.         0.         0.         0.         0.         0.         0.         0.11915708 0.         0.36769278 0.         0.         0.        ],[0. 0. 0. 0. 1. 0. 0. 0. 1. 0. 0. 0. 0. 1. 0. 0. 0. 0. 0. 0. 0. 0. 0. 0. 0. 1. 0. 1. 0. 0. 0.],5.0,1000,100,0.01,0.0035,1,6,random,,best,single_objective
514,0.048660198103358754,0.12332559190258906,0.003721295646,[0.         0.         0.         0.         0.1        0.         0.         0.         0.1        0.         0.         0.         0.         0.1        0.         0.         0.         0.         0.         0.         0.         0.         0.         0.         0.         0.11915708 0.         0.36769278 0.         0.         0.        ],[0. 0. 0. 0. 1. 0. 0. 0. 1. 0. 0. 0. 0. 1. 0. 0. 0. 0. 0. 0. 0. 0. 0. 0. 0. 1. 0. 1. 0. 0. 0.],5.0,1000,100,0.01,0.0035,1,6,random,,best,single_objective
515,0.048660198103358754,0.12332559190258906,0.003721295646,[0.         0.         0.         0.         0.1        0.         0.         0.         0.1        0.         0.         0.         0.         0.1        0.         0.         0.         0.         0.         0.         0.         0.         0.         0.         0.         0.11915708 0.         0.36769278 0.         0.         0.        ],[0. 0. 0. 0. 1. 0. 0. 0. 1. 0. 0. 0. 0. 1. 0. 0. 0. 0. 0. 0. 0. 0. 0. 0. 0. 1. 0. 1. 0. 0. 0.],5.0,1000,100,0.01,0.0035,1,6,random,,best,single_objective
516,0.048660198103358754,0.12332559190258906,0.003721295646,[0.         0.         0.         0.         0.1        0.         0.         0.         0.1        0.         0.         0.         0.         0.1        0.         0.         0.         0.         0.         0.         0.         0.         0.         0.         0.         0.11915708 0.         0.36769278 0.         0.         0.        ],[0. 0. 0. 0. 1. 0. 0. 0. 1. 0. 0. 0. 0. 1. 0. 0. 0. 0. 0. 0. 0. 0. 0. 0. 0. 1. 0. 1. 0. 0. 0.],5.0,1000,100,0.01,0.0035,1,6,random,,best,single_objective
517,0.048660198103358754,0.12332559190258906,0.003721295646,[0.         0.         0.         0.         0.1        0.         0.         0.         0.1        0.         0.         0.         0.         0.1        0.         0.         0.         0.         0.         0.         0.         0.         0.         0.         0.         0.11915708 0.         0.36769278 0.         0.         0.        ],[0. 0. 0. 0. 1. 0. 0. 0. 1. 0. 0. 0. 0. 1. 0. 0. 0. 0. 0. 0. 0. 0. 0. 0. 0. 1. 0. 1. 0. 0. 0.],5.0,1000,100,0.01,0.0035,1,6,random,,best,single_objective
518,0.048660198103358754,0.12332559190258906,0.003721295646,[0.         0.         0.         0.         0.1        0.         0.         0.         0.1        0.         0.         0.         0.         0.1        0.         0.         0.         0.         0.         0.         0.         0.         0.         0.         0.         0.11915708 0.         0.36769278 0.         0.         0.        ],[0. 0. 0. 0. 1. 0. 0. 0. 1. 0. 0. 0. 0. 1. 0. 0. 0. 0. 0. 0. 0. 0. 0. 0. 0. 1. 0. 1. 0. 0. 0.],5.0,1000,100,0.01,0.0035,1,6,random,,best,single_objective
519,0.048660198103358754,0.12332559190258906,0.003721295646,[0.         0.         0.         0.         0.1        0.         0.         0.         0.1        0.         0.         0.         0.         0.1        0.         0.         0.         0.         0.         0.         0.         0.         0.         0.         0.         0.11915708 0.         0.36769278 0.         0.         0.        ],[0. 0. 0. 0. 1. 0. 0. 0. 1. 0. 0. 0. 0. 1. 0. 0. 0. 0. 0. 0. 0. 0. 0. 0. 0. 1. 0. 1. 0. 0. 0.],5.0,1000,100,0.01,0.0035,1,6,random,,best,single_objective
520,0.048660198103358754,0.12332559190258906,0.003721295646,[0.         0.         0.         0.         0.1        0.         0.         0.         0.1        0.         0.         0.         0.         0.1        0.         0.         0.         0.         0.         0.         0.         0.         0.         0.         0.         0.11915708 0.         0.36769278 0.         0.         0.        ],[0. 0. 0. 0. 1. 0. 0. 0. 1. 0. 0. 0. 0. 1. 0. 0. 0. 0. 0. 0. 0. 0. 0. 0. 0. 1. 0. 1. 0. 0. 0.],5.0,1000,100,0.01,0.0035,1,6,random,,best,single_objective
521,0.048660198103358754,0.12332559190258906,0.003721295646,[0.         0.         0.         0.         0.1        0.         0.         0.         0.1        0.         0.         0.         0.         0.1        0.         0.         0.         0.         0.         0.         0.         0.         0.         0.         0.         0.11915708 0.         0.36769278 0.         0.         0.        ],[0. 0. 0. 0. 1. 0. 0. 0. 1. 0. 0. 0. 0. 1. 0. 0. 0. 0. 0. 0. 0. 0. 0. 0. 0. 1. 0. 1. 0. 0. 0.],5.0,1000,100,0.01,0.0035,1,6,random,,best,single_objective
522,0.048660198103358754,0.12332559190258906,0.003721295646,[0.         0.         0.         0.         0.1        0.         0.         0.         0.1        0.         0.         0.         0.         0.1        0.         0.         0.         0.         0.         0.         0.         0.         0.         0.         0.         0.11915708 0.         0.36769278 0.         0.         0.        ],[0. 0. 0. 0. 1. 0. 0. 0. 1. 0. 0. 0. 0. 1. 0. 0. 0. 0. 0. 0. 0. 0. 0. 0. 0. 1. 0. 1. 0. 0. 0.],5.0,1000,100,0.01,0.0035,1,6,random,,best,single_objective
523,0.048660198103358754,0.12332559190258906,0.003721295646,[0.         0.         0.         0.         0.1        0.         0.         0.         0.1        0.         0.         0.         0.         0.1        0.         0.         0.         0.         0.         0.         0.         0.         0.         0.         0.         0.11915708 0.         0.36769278 0.         0.         0.        ],[0. 0. 0. 0. 1. 0. 0. 0. 1. 0. 0. 0. 0. 1. 0. 0. 0. 0. 0. 0. 0. 0. 0. 0. 0. 1. 0. 1. 0. 0. 0.],5.0,1000,100,0.01,0.0035,1,6,random,,best,single_objective
524,0.048660198103358754,0.12332559190258906,0.003721295646,[0.         0.         0.         0.         0.1        0.         0.         0.         0.1        0.         0.         0.         0.         0.1        0.         0.         0.         0.         0.         0.         0.         0.         0.         0.         0.         0.11915708 0.         0.36769278 0.         0.         0.        ],[0. 0. 0. 0. 1. 0. 0. 0. 1. 0. 0. 0. 0. 1. 0. 0. 0. 0. 0. 0. 0. 0. 0. 0. 0. 1. 0. 1. 0. 0. 0.],5.0,1000,100,0.01,0.0035,1,6,random,,best,single_objective
525,0.048660198103358754,0.12332559190258906,0.003721295646,[0.         0.         0.         0.         0.1        0.         0.         0.         0.1        0.         0.         0.         0.         0.1        0.         0.         0.         0.         0.         0.         0.         0.         0.         0.         0.         0.11915708 0.         0.36769278 0.         0.         0.        ],[0. 0. 0. 0. 1. 0. 0. 0. 1. 0. 0. 0. 0. 1. 0. 0. 0. 0. 0. 0. 0. 0. 0. 0. 0. 1. 0. 1. 0. 0. 0.],5.0,1000,100,0.01,0.0035,1,6,random,,best,single_objective
526,0.048660198103358754,0.12332559190258906,0.003721295646,[0.         0.         0.         0.         0.1        0.         0.         0.         0.1        0.         0.         0.         0.         0.1        0.         0.         0.         0.         0.         0.         0.         0.         0.         0.         0.         0.11915708 0.         0.36769278 0.         0.         0.        ],[0. 0. 0. 0. 1. 0. 0. 0. 1. 0. 0. 0. 0. 1. 0. 0. 0. 0. 0. 0. 0. 0. 0. 0. 0. 1. 0. 1. 0. 0. 0.],5.0,1000,100,0.01,0.0035,1,6,random,,best,single_objective
527,0.048660198103358754,0.12332559190258906,0.003721295646,[0.         0.         0.         0.         0.1        0.         0.         0.         0.1        0.         0.         0.         0.         0.1        0.         0.         0.         0.         0.         0.         0.         0.         0.         0.         0.         0.11915708 0.         0.36769278 0.         0.         0.        ],[0. 0. 0. 0. 1. 0. 0. 0. 1. 0. 0. 0. 0. 1. 0. 0. 0. 0. 0. 0. 0. 0. 0. 0. 0. 1. 0. 1. 0. 0. 0.],5.0,1000,100,0.01,0.0035,1,6,random,,best,single_objective
528,0.048660198103358754,0.12332559190258906,0.003721295646,[0.         0.         0.         0.         0.1        0.         0.         0.         0.1        0.         0.         0.         0.         0.1        0.         0.         0.         0.         0.         0.         0.         0.         0.         0.         0.         0.11915708 0.         0.36769278 0.         0.         0.        ],[0. 0. 0. 0. 1. 0. 0. 0. 1. 0. 0. 0. 0. 1. 0. 0. 0. 0. 0. 0. 0. 0. 0. 0. 0. 1. 0. 1. 0. 0. 0.],5.0,1000,100,0.01,0.0035,1,6,random,,best,single_objective
529,0.048660198103358754,0.12332559190258906,0.003721295646,[0.         0.         0.         0.         0.1        0.         0.         0.         0.1        0.         0.         0.         0.         0.1        0.         0.         0.         0.         0.         0.         0.         0.         0.         0.         0.         0.11915708 0.         0.36769278 0.         0.         0.        ],[0. 0. 0. 0. 1. 0. 0. 0. 1. 0. 0. 0. 0. 1. 0. 0. 0. 0. 0. 0. 0. 0. 0. 0. 0. 1. 0. 1. 0. 0. 0.],5.0,1000,100,0.01,0.0035,1,6,random,,best,single_objective
530,0.048660198103358754,0.12332559190258906,0.003721295646,[0.         0.         0.         0.         0.1        0.         0.         0.         0.1        0.         0.         0.         0.         0.1        0.         0.         0.         0.         0.         0.         0.         0.         0.         0.         0.         0.11915708 0.         0.36769278 0.         0.         0.        ],[0. 0. 0. 0. 1. 0. 0. 0. 1. 0. 0. 0. 0. 1. 0. 0. 0. 0. 0. 0. 0. 0. 0. 0. 0. 1. 0. 1. 0. 0. 0.],5.0,1000,100,0.01,0.0035,1,6,random,,best,single_objective
531,0.048660198103358754,0.12332559190258906,0.003721295646,[0.         0.         0.         0.         0.1        0.         0.         0.         0.1        0.         0.         0.         0.         0.1        0.         0.         0.         0.         0.         0.         0.         0.         0.         0.         0.         0.11915708 0.         0.36769278 0.         0.         0.        ],[0. 0. 0. 0. 1. 0. 0. 0. 1. 0. 0. 0. 0. 1. 0. 0. 0. 0. 0. 0. 0. 0. 0. 0. 0. 1. 0. 1. 0. 0. 0.],5.0,1000,100,0.01,0.0035,1,6,random,,best,single_objective
532,0.048660198103358754,0.12332559190258906,0.003721295646,[0.         0.         0.         0.         0.1        0.         0.         0.         0.1        0.         0.         0.         0.         0.1        0.         0.         0.         0.         0.         0.         0.         0.         0.         0.         0.         0.11915708 0.         0.36769278 0.         0.         0.        ],[0. 0. 0. 0. 1. 0. 0. 0. 1. 0. 0. 0. 0. 1. 0. 0. 0. 0. 0. 0. 0. 0. 0. 0. 0. 1. 0. 1. 0. 0. 0.],5.0,1000,100,0.01,0.0035,1,6,random,,best,single_objective
533,0.048660198103358754,0.12332559190258906,0.003721295646,[0.         0.         0.         0.         0.1        0.         0.         0.         0.1        0.         0.         0.         0.         0.1        0.         0.         0.         0.         0.         0.         0.         0.         0.         0.         0.         0.11915708 0.         0.36769278 0.         0.         0.        ],[0. 0. 0. 0. 1. 0. 0. 0. 1. 0. 0. 0. 0. 1. 0. 0. 0. 0. 0. 0. 0. 0. 0. 0. 0. 1. 0. 1. 0. 0. 0.],5.0,1000,100,0.01,0.0035,1,6,random,,best,single_objective
534,0.048660198103358754,0.12332559190258906,0.003721295646,[0.         0.         0.         0.         0.1        0.         0.         0.         0.1        0.         0.         0.         0.         0.1        0.         0.         0.         0.         0.         0.         0.         0.         0.         0.         0.         0.11915708 0.         0.36769278 0.         0.         0.        ],[0. 0. 0. 0. 1. 0. 0. 0. 1. 0. 0. 0. 0. 1. 0. 0. 0. 0. 0. 0. 0. 0. 0. 0. 0. 1. 0. 1. 0. 0. 0.],5.0,1000,100,0.01,0.0035,1,6,random,,best,single_objective
535,0.048660198103358754,0.12332559190258906,0.003721295646,[0.         0.         0.         0.         0.1        0.         0.         0.         0.1        0.         0.         0.         0.         0.1        0.         0.         0.         0.         0.         0.         0.         0.         0.         0.         0.         0.11915708 0.         0.36769278 0.         0.         0.        ],[0. 0. 0. 0. 1. 0. 0. 0. 1. 0. 0. 0. 0. 1. 0. 0. 0. 0. 0. 0. 0. 0. 0. 0. 0. 1. 0. 1. 0. 0. 0.],5.0,1000,100,0.01,0.0035,1,6,random,,best,single_objective
536,0.048660198103358754,0.12332559190258906,0.003721295646,[0.         0.         0.         0.         0.1        0.         0.         0.         0.1        0.         0.         0.         0.         0.1        0.         0.         0.         0.         0.         0.         0.         0.         0.         0.         0.         0.11915708 0.         0.36769278 0.         0.         0.        ],[0. 0. 0. 0. 1. 0. 0. 0. 1. 0. 0. 0. 0. 1. 0. 0. 0. 0. 0. 0. 0. 0. 0. 0. 0. 1. 0. 1. 0. 0. 0.],5.0,1000,100,0.01,0.0035,1,6,random,,best,single_objective
537,0.048660198103358754,0.12332559190258906,0.003721295646,[0.         0.         0.         0.         0.1        0.         0.         0.         0.1        0.         0.         0.         0.         0.1        0.         0.         0.         0.         0.         0.         0.         0.         0.         0.         0.         0.11915708 0.         0.36769278 0.         0.         0.        ],[0. 0. 0. 0. 1. 0. 0. 0. 1. 0. 0. 0. 0. 1. 0. 0. 0. 0. 0. 0. 0. 0. 0. 0. 0. 1. 0. 1. 0. 0. 0.],5.0,1000,100,0.01,0.0035,1,6,random,,best,single_objective
538,0.048660198103358754,0.12332559190258906,0.003721295646,[0.         0.         0.         0.         0.1        0.         0.         0.         0.1        0.         0.         0.         0.         0.1        0.         0.         0.         0.         0.         0.         0.         0.         0.         0.         0.         0.11915708 0.         0.36769278 0.         0.         0.        ],[0. 0. 0. 0. 1. 0. 0. 0. 1. 0. 0. 0. 0. 1. 0. 0. 0. 0. 0. 0. 0. 0. 0. 0. 0. 1. 0. 1. 0. 0. 0.],5.0,1000,100,0.01,0.0035,1,6,random,,best,single_objective
539,0.048660198103358754,0.12332559190258906,0.003721295646,[0.         0.         0.         0.         0.1        0.         0.         0.         0.1        0.         0.         0.         0.         0.1        0.         0.         0.         0.         0.         0.         0.         0.         0.         0.         0.         0.11915708 0.         0.36769278 0.         0.         0.        ],[0. 0. 0. 0. 1. 0. 0. 0. 1. 0. 0. 0. 0. 1. 0. 0. 0. 0. 0. 0. 0. 0. 0. 0. 0. 1. 0. 1. 0. 0. 0.],5.0,1000,100,0.01,0.0035,1,6,random,,best,single_objective
540,0.048660198103358754,0.12332559190258906,0.003721295646,[0.         0.         0.         0.         0.1        0.         0.         0.         0.1        0.         0.         0.         0.         0.1        0.         0.         0.         0.         0.         0.         0.         0.         0.         0.         0.         0.11915708 0.         0.36769278 0.         0.         0.        ],[0. 0. 0. 0. 1. 0. 0. 0. 1. 0. 0. 0. 0. 1. 0. 0. 0. 0. 0. 0. 0. 0. 0. 0. 0. 1. 0. 1. 0. 0. 0.],5.0,1000,100,0.01,0.0035,1,6,random,,best,single_objective
541,0.048660198103358754,0.12332559190258906,0.003721295646,[0.         0.         0.         0.         0.1        0.         0.         0.         0.1        0.         0.         0.         0.         0.1        0.         0.         0.         0.         0.         0.         0.         0.         0.         0.         0.         0.11915708 0.         0.36769278 0.         0.         0.        ],[0. 0. 0. 0. 1. 0. 0. 0. 1. 0. 0. 0. 0. 1. 0. 0. 0. 0. 0. 0. 0. 0. 0. 0. 0. 1. 0. 1. 0. 0. 0.],5.0,1000,100,0.01,0.0035,1,6,random,,best,single_objective
542,0.048660198103358754,0.12332559190258906,0.003721295646,[0.         0.         0.         0.         0.1        0.         0.         0.         0.1        0.         0.         0.         0.         0.1        0.         0.         0.         0.         0.         0.         0.         0.         0.         0.         0.         0.11915708 0.         0.36769278 0.         0.         0.        ],[0. 0. 0. 0. 1. 0. 0. 0. 1. 0. 0. 0. 0. 1. 0. 0. 0. 0. 0. 0. 0. 0. 0. 0. 0. 1. 0. 1. 0. 0. 0.],5.0,1000,100,0.01,0.0035,1,6,random,,best,single_objective
543,0.048660198103358754,0.12332559190258906,0.003721295646,[0.         0.         0.         0.         0.1        0.         0.         0.         0.1        0.         0.         0.         0.         0.1        0.         0.         0.         0.         0.         0.         0.         0.         0.         0.         0.         0.11915708 0.         0.36769278 0.         0.         0.        ],[0. 0. 0. 0. 1. 0. 0. 0. 1. 0. 0. 0. 0. 1. 0. 0. 0. 0. 0. 0. 0. 0. 0. 0. 0. 1. 0. 1. 0. 0. 0.],5.0,1000,100,0.01,0.0035,1,6,random,,best,single_objective
544,0.048660198103358754,0.12332559190258906,0.003721295646,[0.         0.         0.         0.         0.1        0.         0.         0.         0.1        0.         0.         0.         0.         0.1        0.         0.         0.         0.         0.         0.         0.         0.         0.         0.         0.         0.11915708 0.         0.36769278 0.         0.         0.        ],[0. 0. 0. 0. 1. 0. 0. 0. 1. 0. 0. 0. 0. 1. 0. 0. 0. 0. 0. 0. 0. 0. 0. 0. 0. 1. 0. 1. 0. 0. 0.],5.0,1000,100,0.01,0.0035,1,6,random,,best,single_objective
545,0.048660198103358754,0.12332559190258906,0.003721295646,[0.         0.         0.         0.         0.1        0.         0.         0.         0.1        0.         0.         0.         0.         0.1        0.         0.         0.         0.         0.         0.         0.         0.         0.         0.         0.         0.11915708 0.         0.36769278 0.         0.         0.        ],[0. 0. 0. 0. 1. 0. 0. 0. 1. 0. 0. 0. 0. 1. 0. 0. 0. 0. 0. 0. 0. 0. 0. 0. 0. 1. 0. 1. 0. 0. 0.],5.0,1000,100,0.01,0.0035,1,6,random,,best,single_objective
546,0.048660198103358754,0.12332559190258906,0.003721295646,[0.         0.         0.         0.         0.1        0.         0.         0.         0.1        0.         0.         0.         0.         0.1        0.         0.         0.         0.         0.         0.         0.         0.         0.         0.         0.         0.11915708 0.         0.36769278 0.         0.         0.        ],[0. 0. 0. 0. 1. 0. 0. 0. 1. 0. 0. 0. 0. 1. 0. 0. 0. 0. 0. 0. 0. 0. 0. 0. 0. 1. 0. 1. 0. 0. 0.],5.0,1000,100,0.01,0.0035,1,6,random,,best,single_objective
547,0.048660198103358754,0.12332559190258906,0.003721295646,[0.         0.         0.         0.         0.1        0.         0.         0.         0.1        0.         0.         0.         0.         0.1        0.         0.         0.         0.         0.         0.         0.         0.         0.         0.         0.         0.11915708 0.         0.36769278 0.         0.         0.        ],[0. 0. 0. 0. 1. 0. 0. 0. 1. 0. 0. 0. 0. 1. 0. 0. 0. 0. 0. 0. 0. 0. 0. 0. 0. 1. 0. 1. 0. 0. 0.],5.0,1000,100,0.01,0.0035,1,6,random,,best,single_objective
548,0.048660198103358754,0.12332559190258906,0.003721295646,[0.         0.         0.         0.         0.1        0.         0.         0.         0.1        0.         0.         0.         0.         0.1        0.         0.         0.         0.         0.         0.         0.         0.         0.         0.         0.         0.11915708 0.         0.36769278 0.         0.         0.        ],[0. 0. 0. 0. 1. 0. 0. 0. 1. 0. 0. 0. 0. 1. 0. 0. 0. 0. 0. 0. 0. 0. 0. 0. 0. 1. 0. 1. 0. 0. 0.],5.0,1000,100,0.01,0.0035,1,6,random,,best,single_objective
549,0.048660198103358754,0.12332559190258906,0.003721295646,[0.         0.         0.         0.         0.1        0.         0.         0.         0.1        0.         0.         0.         0.         0.1        0.         0.         0.         0.         0.         0.         0.         0.         0.         0.         0.         0.11915708 0.         0.36769278 0.         0.         0.        ],[0. 0. 0. 0. 1. 0. 0. 0. 1. 0. 0. 0. 0. 1. 0. 0. 0. 0. 0. 0. 0. 0. 0. 0. 0. 1. 0. 1. 0. 0. 0.],5.0,1000,100,0.01,0.0035,1,6,random,,best,single_objective
550,0.048660198103358754,0.12332559190258906,0.003721295646,[0.         0.         0.         0.         0.1        0.         0.         0.         0.1        0.         0.         0.         0.         0.1        0.         0.         0.         0.         0.         0.         0.         0.         0.         0.         0.         0.11915708 0.         0.36769278 0.         0.         0.        ],[0. 0. 0. 0. 1. 0. 0. 0. 1. 0. 0. 0. 0. 1. 0. 0. 0. 0. 0. 0. 0. 0. 0. 0. 0. 1. 0. 1. 0. 0. 0.],5.0,1000,100,0.01,0.0035,1,6,random,,best,single_objective
551,0.048660198103358754,0.12332559190258906,0.003721295646,[0.         0.         0.         0.         0.1        0.         0.         0.         0.1        0.         0.         0.         0.         0.1        0.         0.         0.         0.         0.         0.         0.         0.         0.         0.         0.         0.11915708 0.         0.36769278 0.         0.         0.        ],[0. 0. 0. 0. 1. 0. 0. 0. 1. 0. 0. 0. 0. 1. 0. 0. 0. 0. 0. 0. 0. 0. 0. 0. 0. 1. 0. 1. 0. 0. 0.],5.0,1000,100,0.01,0.0035,1,6,random,,best,single_objective
552,0.048660198103358754,0.12332559190258906,0.003721295646,[0.         0.         0.         0.         0.1        0.         0.         0.         0.1        0.         0.         0.         0.         0.1        0.         0.         0.         0.         0.         0.         0.         0.         0.         0.         0.         0.11915708 0.         0.36769278 0.         0.         0.        ],[0. 0. 0. 0. 1. 0. 0. 0. 1. 0. 0. 0. 0. 1. 0. 0. 0. 0. 0. 0. 0. 0. 0. 0. 0. 1. 0. 1. 0. 0. 0.],5.0,1000,100,0.01,0.0035,1,6,random,,best,single_objective
553,0.048660198103358754,0.12332559190258906,0.003721295646,[0.         0.         0.         0.         0.1        0.         0.         0.         0.1        0.         0.         0.         0.         0.1        0.         0.         0.         0.         0.         0.         0.         0.         0.         0.         0.         0.11915708 0.         0.36769278 0.         0.         0.        ],[0. 0. 0. 0. 1. 0. 0. 0. 1. 0. 0. 0. 0. 1. 0. 0. 0. 0. 0. 0. 0. 0. 0. 0. 0. 1. 0. 1. 0. 0. 0.],5.0,1000,100,0.01,0.0035,1,6,random,,best,single_objective
554,0.048660198103358754,0.12332559190258906,0.003721295646,[0.         0.         0.         0.         0.1        0.         0.         0.         0.1        0.         0.         0.         0.         0.1        0.         0.         0.         0.         0.         0.         0.         0.         0.         0.         0.         0.11915708 0.         0.36769278 0.         0.         0.        ],[0. 0. 0. 0. 1. 0. 0. 0. 1. 0. 0. 0. 0. 1. 0. 0. 0. 0. 0. 0. 0. 0. 0. 0. 0. 1. 0. 1. 0. 0. 0.],5.0,1000,100,0.01,0.0035,1,6,random,,best,single_objective
555,0.048660198103358754,0.12332559190258906,0.003721295646,[0.         0.         0.         0.         0.1        0.         0.         0.         0.1        0.         0.         0.         0.         0.1        0.         0.         0.         0.         0.         0.         0.         0.         0.         0.         0.         0.11915708 0.         0.36769278 0.         0.         0.        ],[0. 0. 0. 0. 1. 0. 0. 0. 1. 0. 0. 0. 0. 1. 0. 0. 0. 0. 0. 0. 0. 0. 0. 0. 0. 1. 0. 1. 0. 0. 0.],5.0,1000,100,0.01,0.0035,1,6,random,,best,single_objective
556,0.048660198103358754,0.12332559190258906,0.003721295646,[0.         0.         0.         0.         0.1        0.         0.         0.         0.1        0.         0.         0.         0.         0.1        0.         0.         0.         0.         0.         0.         0.         0.         0.         0.         0.         0.11915708 0.         0.36769278 0.         0.         0.        ],[0. 0. 0. 0. 1. 0. 0. 0. 1. 0. 0. 0. 0. 1. 0. 0. 0. 0. 0. 0. 0. 0. 0. 0. 0. 1. 0. 1. 0. 0. 0.],5.0,1000,100,0.01,0.0035,1,6,random,,best,single_objective
557,0.048660198103358754,0.12332559190258906,0.003721295646,[0.         0.         0.         0.         0.1        0.         0.         0.         0.1        0.         0.         0.         0.         0.1        0.         0.         0.         0.         0.         0.         0.         0.         0.         0.         0.         0.11915708 0.         0.36769278 0.         0.         0.        ],[0. 0. 0. 0. 1. 0. 0. 0. 1. 0. 0. 0. 0. 1. 0. 0. 0. 0. 0. 0. 0. 0. 0. 0. 0. 1. 0. 1. 0. 0. 0.],5.0,1000,100,0.01,0.0035,1,6,random,,best,single_objective
558,0.048660198103358754,0.12332559190258906,0.003721295646,[0.         0.         0.         0.         0.1        0.         0.         0.         0.1        0.         0.         0.         0.         0.1        0.         0.         0.         0.         0.         0.         0.         0.         0.         0.         0.         0.11915708 0.         0.36769278 0.         0.         0.        ],[0. 0. 0. 0. 1. 0. 0. 0. 1. 0. 0. 0. 0. 1. 0. 0. 0. 0. 0. 0. 0. 0. 0. 0. 0. 1. 0. 1. 0. 0. 0.],5.0,1000,100,0.01,0.0035,1,6,random,,best,single_objective
559,0.048660198103358754,0.12332559190258906,0.003721295646,[0.         0.         0.         0.         0.1        0.         0.         0.         0.1        0.         0.         0.         0.         0.1        0.         0.         0.         0.         0.         0.         0.         0.         0.         0.         0.         0.11915708 0.         0.36769278 0.         0.         0.        ],[0. 0. 0. 0. 1. 0. 0. 0. 1. 0. 0. 0. 0. 1. 0. 0. 0. 0. 0. 0. 0. 0. 0. 0. 0. 1. 0. 1. 0. 0. 0.],5.0,1000,100,0.01,0.0035,1,6,random,,best,single_objective
560,0.048660198103358754,0.12332559190258906,0.003721295646,[0.         0.         0.         0.         0.1        0.         0.         0.         0.1        0.         0.         0.         0.         0.1        0.         0.         0.         0.         0.         0.         0.         0.         0.         0.         0.         0.11915708 0.         0.36769278 0.         0.         0.        ],[0. 0. 0. 0. 1. 0. 0. 0. 1. 0. 0. 0. 0. 1. 0. 0. 0. 0. 0. 0. 0. 0. 0. 0. 0. 1. 0. 1. 0. 0. 0.],5.0,1000,100,0.01,0.0035,1,6,random,,best,single_objective
561,0.048660198103358754,0.12332559190258906,0.003721295646,[0.         0.         0.         0.         0.1        0.         0.         0.         0.1        0.         0.         0.         0.         0.1        0.         0.         0.         0.         0.         0.         0.         0.         0.         0.         0.         0.11915708 0.         0.36769278 0.         0.         0.        ],[0. 0. 0. 0. 1. 0. 0. 0. 1. 0. 0. 0. 0. 1. 0. 0. 0. 0. 0. 0. 0. 0. 0. 0. 0. 1. 0. 1. 0. 0. 0.],5.0,1000,100,0.01,0.0035,1,6,random,,best,single_objective
562,0.048660198103358754,0.12332559190258906,0.003721295646,[0.         0.         0.         0.         0.1        0.         0.         0.         0.1        0.         0.         0.         0.         0.1        0.         0.         0.         0.         0.         0.         0.         0.         0.         0.         0.         0.11915708 0.         0.36769278 0.         0.         0.        ],[0. 0. 0. 0. 1. 0. 0. 0. 1. 0. 0. 0. 0. 1. 0. 0. 0. 0. 0. 0. 0. 0. 0. 0. 0. 1. 0. 1. 0. 0. 0.],5.0,1000,100,0.01,0.0035,1,6,random,,best,single_objective
563,0.048660198103358754,0.12332559190258906,0.003721295646,[0.         0.         0.         0.         0.1        0.         0.         0.         0.1        0.         0.         0.         0.         0.1        0.         0.         0.         0.         0.         0.         0.         0.         0.         0.         0.         0.11915708 0.         0.36769278 0.         0.         0.        ],[0. 0. 0. 0. 1. 0. 0. 0. 1. 0. 0. 0. 0. 1. 0. 0. 0. 0. 0. 0. 0. 0. 0. 0. 0. 1. 0. 1. 0. 0. 0.],5.0,1000,100,0.01,0.0035,1,6,random,,best,single_objective
564,0.048660198103358754,0.12332559190258906,0.003721295646,[0.         0.         0.         0.         0.1        0.         0.         0.         0.1        0.         0.         0.         0.         0.1        0.         0.         0.         0.         0.         0.         0.         0.         0.         0.         0.         0.11915708 0.         0.36769278 0.         0.         0.        ],[0. 0. 0. 0. 1. 0. 0. 0. 1. 0. 0. 0. 0. 1. 0. 0. 0. 0. 0. 0. 0. 0. 0. 0. 0. 1. 0. 1. 0. 0. 0.],5.0,1000,100,0.01,0.0035,1,6,random,,best,single_objective
565,0.048660198103358754,0.12332559190258906,0.003721295646,[0.         0.         0.         0.         0.1        0.         0.         0.         0.1        0.         0.         0.         0.         0.1        0.         0.         0.         0.         0.         0.         0.         0.         0.         0.         0.         0.11915708 0.         0.36769278 0.         0.         0.        ],[0. 0. 0. 0. 1. 0. 0. 0. 1. 0. 0. 0. 0. 1. 0. 0. 0. 0. 0. 0. 0. 0. 0. 0. 0. 1. 0. 1. 0. 0. 0.],5.0,1000,100,0.01,0.0035,1,6,random,,best,single_objective
566,0.048660198103358754,0.12332559190258906,0.003721295646,[0.         0.         0.         0.         0.1        0.         0.         0.         0.1        0.         0.         0.         0.         0.1        0.         0.         0.         0.         0.         0.         0.         0.         0.         0.         0.         0.11915708 0.         0.36769278 0.         0.         0.        ],[0. 0. 0. 0. 1. 0. 0. 0. 1. 0. 0. 0. 0. 1. 0. 0. 0. 0. 0. 0. 0. 0. 0. 0. 0. 1. 0. 1. 0. 0. 0.],5.0,1000,100,0.01,0.0035,1,6,random,,best,single_objective
567,0.048660198103358754,0.12332559190258906,0.003721295646,[0.         0.         0.         0.         0.1        0.         0.         0.         0.1        0.         0.         0.         0.         0.1        0.         0.         0.         0.         0.         0.         0.         0.         0.         0.         0.         0.11915708 0.         0.36769278 0.         0.         0.        ],[0. 0. 0. 0. 1. 0. 0. 0. 1. 0. 0. 0. 0. 1. 0. 0. 0. 0. 0. 0. 0. 0. 0. 0. 0. 1. 0. 1. 0. 0. 0.],5.0,1000,100,0.01,0.0035,1,6,random,,best,single_objective
568,0.048660198103358754,0.12332559190258906,0.003721295646,[0.         0.         0.         0.         0.1        0.         0.         0.         0.1        0.         0.         0.         0.         0.1        0.         0.         0.         0.         0.         0.         0.         0.         0.         0.         0.         0.11915708 0.         0.36769278 0.         0.         0.        ],[0. 0. 0. 0. 1. 0. 0. 0. 1. 0. 0. 0. 0. 1. 0. 0. 0. 0. 0. 0. 0. 0. 0. 0. 0. 1. 0. 1. 0. 0. 0.],5.0,1000,100,0.01,0.0035,1,6,random,,best,single_objective
569,0.048660198103358754,0.12332559190258906,0.003721295646,[0.         0.         0.         0.         0.1        0.         0.         0.         0.1        0.         0.         0.         0.         0.1        0.         0.         0.         0.         0.         0.         0.         0.         0.         0.         0.         0.11915708 0.         0.36769278 0.         0.         0.        ],[0. 0. 0. 0. 1. 0. 0. 0. 1. 0. 0. 0. 0. 1. 0. 0. 0. 0. 0. 0. 0. 0. 0. 0. 0. 1. 0. 1. 0. 0. 0.],5.0,1000,100,0.01,0.0035,1,6,random,,best,single_objective
570,0.048660198103358754,0.12332559190258906,0.003721295646,[0.         0.         0.         0.         0.1        0.         0.         0.         0.1        0.         0.         0.         0.         0.1        0.         0.         0.         0.         0.         0.         0.         0.         0.         0.         0.         0.11915708 0.         0.36769278 0.         0.         0.        ],[0. 0. 0. 0. 1. 0. 0. 0. 1. 0. 0. 0. 0. 1. 0. 0. 0. 0. 0. 0. 0. 0. 0. 0. 0. 1. 0. 1. 0. 0. 0.],5.0,1000,100,0.01,0.0035,1,6,random,,best,single_objective
571,0.048660198103358754,0.12332559190258906,0.003721295646,[0.         0.         0.         0.         0.1        0.         0.         0.         0.1        0.         0.         0.         0.         0.1        0.         0.         0.         0.         0.         0.         0.         0.         0.         0.         0.         0.11915708 0.         0.36769278 0.         0.         0.        ],[0. 0. 0. 0. 1. 0. 0. 0. 1. 0. 0. 0. 0. 1. 0. 0. 0. 0. 0. 0. 0. 0. 0. 0. 0. 1. 0. 1. 0. 0. 0.],5.0,1000,100,0.01,0.0035,1,6,random,,best,single_objective
572,0.048660198103358754,0.12332559190258906,0.003721295646,[0.         0.         0.         0.         0.1        0.         0.         0.         0.1        0.         0.         0.         0.         0.1        0.         0.         0.         0.         0.         0.         0.         0.         0.         0.         0.         0.11915708 0.         0.36769278 0.         0.         0.        ],[0. 0. 0. 0. 1. 0. 0. 0. 1. 0. 0. 0. 0. 1. 0. 0. 0. 0. 0. 0. 0. 0. 0. 0. 0. 1. 0. 1. 0. 0. 0.],5.0,1000,100,0.01,0.0035,1,6,random,,best,single_objective
573,0.048660198103358754,0.12332559190258906,0.003721295646,[0.         0.         0.         0.         0.1        0.         0.         0.         0.1        0.         0.         0.         0.         0.1        0.         0.         0.         0.         0.         0.         0.         0.         0.         0.         0.         0.11915708 0.         0.36769278 0.         0.         0.        ],[0. 0. 0. 0. 1. 0. 0. 0. 1. 0. 0. 0. 0. 1. 0. 0. 0. 0. 0. 0. 0. 0. 0. 0. 0. 1. 0. 1. 0. 0. 0.],5.0,1000,100,0.01,0.0035,1,6,random,,best,single_objective
574,0.048660198103358754,0.12332559190258906,0.003721295646,[0.         0.         0.         0.         0.1        0.         0.         0.         0.1        0.         0.         0.         0.         0.1        0.         0.         0.         0.         0.         0.         0.         0.         0.         0.         0.         0.11915708 0.         0.36769278 0.         0.         0.        ],[0. 0. 0. 0. 1. 0. 0. 0. 1. 0. 0. 0. 0. 1. 0. 0. 0. 0. 0. 0. 0. 0. 0. 0. 0. 1. 0. 1. 0. 0. 0.],5.0,1000,100,0.01,0.0035,1,6,random,,best,single_objective
575,0.048660198103358754,0.12332559190258906,0.003721295646,[0.         0.         0.         0.         0.1        0.         0.         0.         0.1        0.         0.         0.         0.         0.1        0.         0.         0.         0.         0.         0.         0.         0.         0.         0.         0.         0.11915708 0.         0.36769278 0.         0.         0.        ],[0. 0. 0. 0. 1. 0. 0. 0. 1. 0. 0. 0. 0. 1. 0. 0. 0. 0. 0. 0. 0. 0. 0. 0. 0. 1. 0. 1. 0. 0. 0.],5.0,1000,100,0.01,0.0035,1,6,random,,best,single_objective
576,0.048660198103358754,0.12332559190258906,0.003721295646,[0.         0.         0.         0.         0.1        0.         0.         0.         0.1        0.         0.         0.         0.         0.1        0.         0.         0.         0.         0.         0.         0.         0.         0.         0.         0.         0.11915708 0.         0.36769278 0.         0.         0.        ],[0. 0. 0. 0. 1. 0. 0. 0. 1. 0. 0. 0. 0. 1. 0. 0. 0. 0. 0. 0. 0. 0. 0. 0. 0. 1. 0. 1. 0. 0. 0.],5.0,1000,100,0.01,0.0035,1,6,random,,best,single_objective
577,0.048660198103358754,0.12332559190258906,0.003721295646,[0.         0.         0.         0.         0.1        0.         0.         0.         0.1        0.         0.         0.         0.         0.1        0.         0.         0.         0.         0.         0.         0.         0.         0.         0.         0.         0.11915708 0.         0.36769278 0.         0.         0.        ],[0. 0. 0. 0. 1. 0. 0. 0. 1. 0. 0. 0. 0. 1. 0. 0. 0. 0. 0. 0. 0. 0. 0. 0. 0. 1. 0. 1. 0. 0. 0.],5.0,1000,100,0.01,0.0035,1,6,random,,best,single_objective
578,0.048660198103358754,0.12332559190258906,0.003721295646,[0.         0.         0.         0.         0.1        0.         0.         0.         0.1        0.         0.         0.         0.         0.1        0.         0.         0.         0.         0.         0.         0.         0.         0.         0.         0.         0.11915708 0.         0.36769278 0.         0.         0.        ],[0. 0. 0. 0. 1. 0. 0. 0. 1. 0. 0. 0. 0. 1. 0. 0. 0. 0. 0. 0. 0. 0. 0. 0. 0. 1. 0. 1. 0. 0. 0.],5.0,1000,100,0.01,0.0035,1,6,random,,best,single_objective
579,0.048660198103358754,0.12332559190258906,0.003721295646,[0.         0.         0.         0.         0.1        0.         0.         0.         0.1        0.         0.         0.         0.         0.1        0.         0.         0.         0.         0.         0.         0.         0.         0.         0.         0.         0.11915708 0.         0.36769278 0.         0.         0.        ],[0. 0. 0. 0. 1. 0. 0. 0. 1. 0. 0. 0. 0. 1. 0. 0. 0. 0. 0. 0. 0. 0. 0. 0. 0. 1. 0. 1. 0. 0. 0.],5.0,1000,100,0.01,0.0035,1,6,random,,best,single_objective
580,0.048660198103358754,0.12332559190258906,0.003721295646,[0.         0.         0.         0.         0.1        0.         0.         0.         0.1        0.         0.         0.         0.         0.1        0.         0.         0.         0.         0.         0.         0.         0.         0.         0.         0.         0.11915708 0.         0.36769278 0.         0.         0.        ],[0. 0. 0. 0. 1. 0. 0. 0. 1. 0. 0. 0. 0. 1. 0. 0. 0. 0. 0. 0. 0. 0. 0. 0. 0. 1. 0. 1. 0. 0. 0.],5.0,1000,100,0.01,0.0035,1,6,random,,best,single_objective
581,0.048660198103358754,0.12332559190258906,0.003721295646,[0.         0.         0.         0.         0.1        0.         0.         0.         0.1        0.         0.         0.         0.         0.1        0.         0.         0.         0.         0.         0.         0.         0.         0.         0.         0.         0.11915708 0.         0.36769278 0.         0.         0.        ],[0. 0. 0. 0. 1. 0. 0. 0. 1. 0. 0. 0. 0. 1. 0. 0. 0. 0. 0. 0. 0. 0. 0. 0. 0. 1. 0. 1. 0. 0. 0.],5.0,1000,100,0.01,0.0035,1,6,random,,best,single_objective
582,0.048660198103358754,0.12332559190258906,0.003721295646,[0.         0.         0.         0.         0.1        0.         0.         0.         0.1        0.         0.         0.         0.         0.1        0.         0.         0.         0.         0.         0.         0.         0.         0.         0.         0.         0.11915708 0.         0.36769278 0.         0.         0.        ],[0. 0. 0. 0. 1. 0. 0. 0. 1. 0. 0. 0. 0. 1. 0. 0. 0. 0. 0. 0. 0. 0. 0. 0. 0. 1. 0. 1. 0. 0. 0.],5.0,1000,100,0.01,0.0035,1,6,random,,best,single_objective
583,0.048660198103358754,0.12332559190258906,0.003721295646,[0.         0.         0.         0.         0.1        0.         0.         0.         0.1        0.         0.         0.         0.         0.1        0.         0.         0.         0.         0.         0.         0.         0.         0.         0.         0.         0.11915708 0.         0.36769278 0.         0.         0.        ],[0. 0. 0. 0. 1. 0. 0. 0. 1. 0. 0. 0. 0. 1. 0. 0. 0. 0. 0. 0. 0. 0. 0. 0. 0. 1. 0. 1. 0. 0. 0.],5.0,1000,100,0.01,0.0035,1,6,random,,best,single_objective
584,0.048660198103358754,0.12332559190258906,0.003721295646,[0.         0.         0.         0.         0.1        0.         0.         0.         0.1        0.         0.         0.         0.         0.1        0.         0.         0.         0.         0.         0.         0.         0.         0.         0.         0.         0.11915708 0.         0.36769278 0.         0.         0.        ],[0. 0. 0. 0. 1. 0. 0. 0. 1. 0. 0. 0. 0. 1. 0. 0. 0. 0. 0. 0. 0. 0. 0. 0. 0. 1. 0. 1. 0. 0. 0.],5.0,1000,100,0.01,0.0035,1,6,random,,best,single_objective
585,0.048660198103358754,0.12332559190258906,0.003721295646,[0.         0.         0.         0.         0.1        0.         0.         0.         0.1        0.         0.         0.         0.         0.1        0.         0.         0.         0.         0.         0.         0.         0.         0.         0.         0.         0.11915708 0.         0.36769278 0.         0.         0.        ],[0. 0. 0. 0. 1. 0. 0. 0. 1. 0. 0. 0. 0. 1. 0. 0. 0. 0. 0. 0. 0. 0. 0. 0. 0. 1. 0. 1. 0. 0. 0.],5.0,1000,100,0.01,0.0035,1,6,random,,best,single_objective
586,0.048660198103358754,0.12332559190258906,0.003721295646,[0.         0.         0.         0.         0.1        0.         0.         0.         0.1        0.         0.         0.         0.         0.1        0.         0.         0.         0.         0.         0.         0.         0.         0.         0.         0.         0.11915708 0.         0.36769278 0.         0.         0.        ],[0. 0. 0. 0. 1. 0. 0. 0. 1. 0. 0. 0. 0. 1. 0. 0. 0. 0. 0. 0. 0. 0. 0. 0. 0. 1. 0. 1. 0. 0. 0.],5.0,1000,100,0.01,0.0035,1,6,random,,best,single_objective
587,0.048660198103358754,0.12332559190258906,0.003721295646,[0.         0.         0.         0.         0.1        0.         0.         0.         0.1        0.         0.         0.         0.         0.1        0.         0.         0.         0.         0.         0.         0.         0.         0.         0.         0.         0.11915708 0.         0.36769278 0.         0.         0.        ],[0. 0. 0. 0. 1. 0. 0. 0. 1. 0. 0. 0. 0. 1. 0. 0. 0. 0. 0. 0. 0. 0. 0. 0. 0. 1. 0. 1. 0. 0. 0.],5.0,1000,100,0.01,0.0035,1,6,random,,best,single_objective
588,0.048660198103358754,0.12332559190258906,0.003721295646,[0.         0.         0.         0.         0.1        0.         0.         0.         0.1        0.         0.         0.         0.         0.1        0.         0.         0.         0.         0.         0.         0.         0.         0.         0.         0.         0.11915708 0.         0.36769278 0.         0.         0.        ],[0. 0. 0. 0. 1. 0. 0. 0. 1. 0. 0. 0. 0. 1. 0. 0. 0. 0. 0. 0. 0. 0. 0. 0. 0. 1. 0. 1. 0. 0. 0.],5.0,1000,100,0.01,0.0035,1,6,random,,best,single_objective
589,0.048660198103358754,0.12332559190258906,0.003721295646,[0.         0.         0.         0.         0.1        0.         0.         0.         0.1        0.         0.         0.         0.         0.1        0.         0.         0.         0.         0.         0.         0.         0.         0.         0.         0.         0.11915708 0.         0.36769278 0.         0.         0.        ],[0. 0. 0. 0. 1. 0. 0. 0. 1. 0. 0. 0. 0. 1. 0. 0. 0. 0. 0. 0. 0. 0. 0. 0. 0. 1. 0. 1. 0. 0. 0.],5.0,1000,100,0.01,0.0035,1,6,random,,best,single_objective
590,0.048660198103358754,0.12332559190258906,0.003721295646,[0.         0.         0.         0.         0.1        0.         0.         0.         0.1        0.         0.         0.         0.         0.1        0.         0.         0.         0.         0.         0.         0.         0.         0.         0.         0.         0.11915708 0.         0.36769278 0.         0.         0.        ],[0. 0. 0. 0. 1. 0. 0. 0. 1. 0. 0. 0. 0. 1. 0. 0. 0. 0. 0. 0. 0. 0. 0. 0. 0. 1. 0. 1. 0. 0. 0.],5.0,1000,100,0.01,0.0035,1,6,random,,best,single_objective
591,0.048660198103358754,0.12332559190258906,0.003721295646,[0.         0.         0.         0.         0.1        0.         0.         0.         0.1        0.         0.         0.         0.         0.1        0.         0.         0.         0.         0.         0.         0.         0.         0.         0.         0.         0.11915708 0.         0.36769278 0.         0.         0.        ],[0. 0. 0. 0. 1. 0. 0. 0. 1. 0. 0. 0. 0. 1. 0. 0. 0. 0. 0. 0. 0. 0. 0. 0. 0. 1. 0. 1. 0. 0. 0.],5.0,1000,100,0.01,0.0035,1,6,random,,best,single_objective
592,0.048660198103358754,0.12332559190258906,0.003721295646,[0.         0.         0.         0.         0.1        0.         0.         0.         0.1        0.         0.         0.         0.         0.1        0.         0.         0.         0.         0.         0.         0.         0.         0.         0.         0.         0.11915708 0.         0.36769278 0.         0.         0.        ],[0. 0. 0. 0. 1. 0. 0. 0. 1. 0. 0. 0. 0. 1. 0. 0. 0. 0. 0. 0. 0. 0. 0. 0. 0. 1. 0. 1. 0. 0. 0.],5.0,1000,100,0.01,0.0035,1,6,random,,best,single_objective
593,0.048660198103358754,0.12332559190258906,0.003721295646,[0.         0.         0.         0.         0.1        0.         0.         0.         0.1        0.         0.         0.         0.         0.1        0.         0.         0.         0.         0.         0.         0.         0.         0.         0.         0.         0.11915708 0.         0.36769278 0.         0.         0.        ],[0. 0. 0. 0. 1. 0. 0. 0. 1. 0. 0. 0. 0. 1. 0. 0. 0. 0. 0. 0. 0. 0. 0. 0. 0. 1. 0. 1. 0. 0. 0.],5.0,1000,100,0.01,0.0035,1,6,random,,best,single_objective
594,0.048660198103358754,0.12332559190258906,0.003721295646,[0.         0.         0.         0.         0.1        0.         0.         0.         0.1        0.         0.         0.         0.         0.1        0.         0.         0.         0.         0.         0.         0.         0.         0.         0.         0.         0.11915708 0.         0.36769278 0.         0.         0.        ],[0. 0. 0. 0. 1. 0. 0. 0. 1. 0. 0. 0. 0. 1. 0. 0. 0. 0. 0. 0. 0. 0. 0. 0. 0. 1. 0. 1. 0. 0. 0.],5.0,1000,100,0.01,0.0035,1,6,random,,best,single_objective
595,0.048660198103358754,0.12332559190258906,0.003721295646,[0.         0.         0.         0.         0.1        0.         0.         0.         0.1        0.         0.         0.         0.         0.1        0.         0.         0.         0.         0.         0.         0.         0.         0.         0.         0.         0.11915708 0.         0.36769278 0.         0.         0.        ],[0. 0. 0. 0. 1. 0. 0. 0. 1. 0. 0. 0. 0. 1. 0. 0. 0. 0. 0. 0. 0. 0. 0. 0. 0. 1. 0. 1. 0. 0. 0.],5.0,1000,100,0.01,0.0035,1,6,random,,best,single_objective
596,0.048660198103358754,0.12332559190258906,0.003721295646,[0.         0.         0.         0.         0.1        0.         0.         0.         0.1        0.         0.         0.         0.         0.1        0.         0.         0.         0.         0.         0.         0.         0.         0.         0.         0.         0.11915708 0.         0.36769278 0.         0.         0.        ],[0. 0. 0. 0. 1. 0. 0. 0. 1. 0. 0. 0. 0. 1. 0. 0. 0. 0. 0. 0. 0. 0. 0. 0. 0. 1. 0. 1. 0. 0. 0.],5.0,1000,100,0.01,0.0035,1,6,random,,best,single_objective
597,0.048660198103358754,0.12332559190258906,0.003721295646,[0.         0.         0.         0.         0.1        0.         0.         0.         0.1        0.         0.         0.         0.         0.1        0.         0.         0.         0.         0.         0.         0.         0.         0.         0.         0.         0.11915708 0.         0.36769278 0.         0.         0.        ],[0. 0. 0. 0. 1. 0. 0. 0. 1. 0. 0. 0. 0. 1. 0. 0. 0. 0. 0. 0. 0. 0. 0. 0. 0. 1. 0. 1. 0. 0. 0.],5.0,1000,100,0.01,0.0035,1,6,random,,best,single_objective
598,0.048660198103358754,0.12332559190258906,0.003721295646,[0.         0.         0.         0.         0.1        0.         0.         0.         0.1        0.         0.         0.         0.         0.1        0.         0.         0.         0.         0.         0.         0.         0.         0.         0.         0.         0.11915708 0.         0.36769278 0.         0.         0.        ],[0. 0. 0. 0. 1. 0. 0. 0. 1. 0. 0. 0. 0. 1. 0. 0. 0. 0. 0. 0. 0. 0. 0. 0. 0. 1. 0. 1. 0. 0. 0.],5.0,1000,100,0.01,0.0035,1,6,random,,best,single_objective
599,0.048660198103358754,0.12332559190258906,0.003721295646,[0.         0.         0.         0.         0.1        0.         0.         0.         0.1        0.         0.         0.         0.         0.1        0.         0.         0.         0.         0.         0.         0.         0.         0.         0.         0.         0.11915708 0.         0.36769278 0.         0.         0.        ],[0. 0. 0. 0. 1. 0. 0. 0. 1. 0. 0. 0. 0. 1. 0. 0. 0. 0. 0. 0. 0. 0. 0. 0. 0. 1. 0. 1. 0. 0. 0.],5.0,1000,100,0.01,0.0035,1,6,random,,best,single_objective
600,0.048660198103358754,0.12332559190258906,0.003721295646,[0.         0.         0.         0.         0.1        0.         0.         0.         0.1        0.         0.         0.         0.         0.1        0.         0.         0.         0.         0.         0.         0.         0.         0.         0.         0.         0.11915708 0.         0.36769278 0.         0.         0.        ],[0. 0. 0. 0. 1. 0. 0. 0. 1. 0. 0. 0. 0. 1. 0. 0. 0. 0. 0. 0. 0. 0. 0. 0. 0. 1. 0. 1. 0. 0. 0.],5.0,1000,100,0.01,0.0035,1,6,random,,best,single_objective
601,0.048660198103358754,0.12332559190258906,0.003721295646,[0.         0.         0.         0.         0.1        0.         0.         0.         0.1        0.         0.         0.         0.         0.1        0.         0.         0.         0.         0.         0.         0.         0.         0.         0.         0.         0.11915708 0.         0.36769278 0.         0.         0.        ],[0. 0. 0. 0. 1. 0. 0. 0. 1. 0. 0. 0. 0. 1. 0. 0. 0. 0. 0. 0. 0. 0. 0. 0. 0. 1. 0. 1. 0. 0. 0.],5.0,1000,100,0.01,0.0035,1,6,random,,best,single_objective
602,0.048660198103358754,0.12332559190258906,0.003721295646,[0.         0.         0.         0.         0.1        0.         0.         0.         0.1        0.         0.         0.         0.         0.1        0.         0.         0.         0.         0.         0.         0.         0.         0.         0.         0.         0.11915708 0.         0.36769278 0.         0.         0.        ],[0. 0. 0. 0. 1. 0. 0. 0. 1. 0. 0. 0. 0. 1. 0. 0. 0. 0. 0. 0. 0. 0. 0. 0. 0. 1. 0. 1. 0. 0. 0.],5.0,1000,100,0.01,0.0035,1,6,random,,best,single_objective
603,0.048660198103358754,0.12332559190258906,0.003721295646,[0.         0.         0.         0.         0.1        0.         0.         0.         0.1        0.         0.         0.         0.         0.1        0.         0.         0.         0.         0.         0.         0.         0.         0.         0.         0.         0.11915708 0.         0.36769278 0.         0.         0.        ],[0. 0. 0. 0. 1. 0. 0. 0. 1. 0. 0. 0. 0. 1. 0. 0. 0. 0. 0. 0. 0. 0. 0. 0. 0. 1. 0. 1. 0. 0. 0.],5.0,1000,100,0.01,0.0035,1,6,random,,best,single_objective
604,0.048660198103358754,0.12332559190258906,0.003721295646,[0.         0.         0.         0.         0.1        0.         0.         0.         0.1        0.         0.         0.         0.         0.1        0.         0.         0.         0.         0.         0.         0.         0.         0.         0.         0.         0.11915708 0.         0.36769278 0.         0.         0.        ],[0. 0. 0. 0. 1. 0. 0. 0. 1. 0. 0. 0. 0. 1. 0. 0. 0. 0. 0. 0. 0. 0. 0. 0. 0. 1. 0. 1. 0. 0. 0.],5.0,1000,100,0.01,0.0035,1,6,random,,best,single_objective
605,0.048660198103358754,0.12332559190258906,0.003721295646,[0.         0.         0.         0.         0.1        0.         0.         0.         0.1        0.         0.         0.         0.         0.1        0.         0.         0.         0.         0.         0.         0.         0.         0.         0.         0.         0.11915708 0.         0.36769278 0.         0.         0.        ],[0. 0. 0. 0. 1. 0. 0. 0. 1. 0. 0. 0. 0. 1. 0. 0. 0. 0. 0. 0. 0. 0. 0. 0. 0. 1. 0. 1. 0. 0. 0.],5.0,1000,100,0.01,0.0035,1,6,random,,best,single_objective
606,0.048660198103358754,0.12332559190258906,0.003721295646,[0.         0.         0.         0.         0.1        0.         0.         0.         0.1        0.         0.         0.         0.         0.1        0.         0.         0.         0.         0.         0.         0.         0.         0.         0.         0.         0.11915708 0.         0.36769278 0.         0.         0.        ],[0. 0. 0. 0. 1. 0. 0. 0. 1. 0. 0. 0. 0. 1. 0. 0. 0. 0. 0. 0. 0. 0. 0. 0. 0. 1. 0. 1. 0. 0. 0.],5.0,1000,100,0.01,0.0035,1,6,random,,best,single_objective
607,0.048660198103358754,0.12332559190258906,0.003721295646,[0.         0.         0.         0.         0.1        0.         0.         0.         0.1        0.         0.         0.         0.         0.1        0.         0.         0.         0.         0.         0.         0.         0.         0.         0.         0.         0.11915708 0.         0.36769278 0.         0.         0.        ],[0. 0. 0. 0. 1. 0. 0. 0. 1. 0. 0. 0. 0. 1. 0. 0. 0. 0. 0. 0. 0. 0. 0. 0. 0. 1. 0. 1. 0. 0. 0.],5.0,1000,100,0.01,0.0035,1,6,random,,best,single_objective
608,0.048660198103358754,0.12332559190258906,0.003721295646,[0.         0.         0.         0.         0.1        0.         0.         0.         0.1        0.         0.         0.         0.         0.1        0.         0.         0.         0.         0.         0.         0.         0.         0.         0.         0.         0.11915708 0.         0.36769278 0.         0.         0.        ],[0. 0. 0. 0. 1. 0. 0. 0. 1. 0. 0. 0. 0. 1. 0. 0. 0. 0. 0. 0. 0. 0. 0. 0. 0. 1. 0. 1. 0. 0. 0.],5.0,1000,100,0.01,0.0035,1,6,random,,best,single_objective
609,0.048660198103358754,0.12332559190258906,0.003721295646,[0.         0.         0.         0.         0.1        0.         0.         0.         0.1        0.         0.         0.         0.         0.1        0.         0.         0.         0.         0.         0.         0.         0.         0.         0.         0.         0.11915708 0.         0.36769278 0.         0.         0.        ],[0. 0. 0. 0. 1. 0. 0. 0. 1. 0. 0. 0. 0. 1. 0. 0. 0. 0. 0. 0. 0. 0. 0. 0. 0. 1. 0. 1. 0. 0. 0.],5.0,1000,100,0.01,0.0035,1,6,random,,best,single_objective
610,0.048660198103358754,0.12332559190258906,0.003721295646,[0.         0.         0.         0.         0.1        0.         0.         0.         0.1        0.         0.         0.         0.         0.1        0.         0.         0.         0.         0.         0.         0.         0.         0.         0.         0.         0.11915708 0.         0.36769278 0.         0.         0.        ],[0. 0. 0. 0. 1. 0. 0. 0. 1. 0. 0. 0. 0. 1. 0. 0. 0. 0. 0. 0. 0. 0. 0. 0. 0. 1. 0. 1. 0. 0. 0.],5.0,1000,100,0.01,0.0035,1,6,random,,best,single_objective
611,0.048660198103358754,0.12332559190258906,0.003721295646,[0.         0.         0.         0.         0.1        0.         0.         0.         0.1        0.         0.         0.         0.         0.1        0.         0.         0.         0.         0.         0.         0.         0.         0.         0.         0.         0.11915708 0.         0.36769278 0.         0.         0.        ],[0. 0. 0. 0. 1. 0. 0. 0. 1. 0. 0. 0. 0. 1. 0. 0. 0. 0. 0. 0. 0. 0. 0. 0. 0. 1. 0. 1. 0. 0. 0.],5.0,1000,100,0.01,0.0035,1,6,random,,best,single_objective
612,0.048660198103358754,0.12332559190258906,0.003721295646,[0.         0.         0.         0.         0.1        0.         0.         0.         0.1        0.         0.         0.         0.         0.1        0.         0.         0.         0.         0.         0.         0.         0.         0.         0.         0.         0.11915708 0.         0.36769278 0.         0.         0.        ],[0. 0. 0. 0. 1. 0. 0. 0. 1. 0. 0. 0. 0. 1. 0. 0. 0. 0. 0. 0. 0. 0. 0. 0. 0. 1. 0. 1. 0. 0. 0.],5.0,1000,100,0.01,0.0035,1,6,random,,best,single_objective
613,0.048660198103358754,0.12332559190258906,0.003721295646,[0.         0.         0.         0.         0.1        0.         0.         0.         0.1        0.         0.         0.         0.         0.1        0.         0.         0.         0.         0.         0.         0.         0.         0.         0.         0.         0.11915708 0.         0.36769278 0.         0.         0.        ],[0. 0. 0. 0. 1. 0. 0. 0. 1. 0. 0. 0. 0. 1. 0. 0. 0. 0. 0. 0. 0. 0. 0. 0. 0. 1. 0. 1. 0. 0. 0.],5.0,1000,100,0.01,0.0035,1,6,random,,best,single_objective
614,0.048660198103358754,0.12332559190258906,0.003721295646,[0.         0.         0.         0.         0.1        0.         0.         0.         0.1        0.         0.         0.         0.         0.1        0.         0.         0.         0.         0.         0.         0.         0.         0.         0.         0.         0.11915708 0.         0.36769278 0.         0.         0.        ],[0. 0. 0. 0. 1. 0. 0. 0. 1. 0. 0. 0. 0. 1. 0. 0. 0. 0. 0. 0. 0. 0. 0. 0. 0. 1. 0. 1. 0. 0. 0.],5.0,1000,100,0.01,0.0035,1,6,random,,best,single_objective
615,0.048660198103358754,0.12332559190258906,0.003721295646,[0.         0.         0.         0.         0.1        0.         0.         0.         0.1        0.         0.         0.         0.         0.1        0.         0.         0.         0.         0.         0.         0.         0.         0.         0.         0.         0.11915708 0.         0.36769278 0.         0.         0.        ],[0. 0. 0. 0. 1. 0. 0. 0. 1. 0. 0. 0. 0. 1. 0. 0. 0. 0. 0. 0. 0. 0. 0. 0. 0. 1. 0. 1. 0. 0. 0.],5.0,1000,100,0.01,0.0035,1,6,random,,best,single_objective
616,0.048660198103358754,0.12332559190258906,0.003721295646,[0.         0.         0.         0.         0.1        0.         0.         0.         0.1        0.         0.         0.         0.         0.1        0.         0.         0.         0.         0.         0.         0.         0.         0.         0.         0.         0.11915708 0.         0.36769278 0.         0.         0.        ],[0. 0. 0. 0. 1. 0. 0. 0. 1. 0. 0. 0. 0. 1. 0. 0. 0. 0. 0. 0. 0. 0. 0. 0. 0. 1. 0. 1. 0. 0. 0.],5.0,1000,100,0.01,0.0035,1,6,random,,best,single_objective
617,0.048660198103358754,0.12332559190258906,0.003721295646,[0.         0.         0.         0.         0.1        0.         0.         0.         0.1        0.         0.         0.         0.         0.1        0.         0.         0.         0.         0.         0.         0.         0.         0.         0.         0.         0.11915708 0.         0.36769278 0.         0.         0.        ],[0. 0. 0. 0. 1. 0. 0. 0. 1. 0. 0. 0. 0. 1. 0. 0. 0. 0. 0. 0. 0. 0. 0. 0. 0. 1. 0. 1. 0. 0. 0.],5.0,1000,100,0.01,0.0035,1,6,random,,best,single_objective
618,0.048660198103358754,0.12332559190258906,0.003721295646,[0.         0.         0.         0.         0.1        0.         0.         0.         0.1        0.         0.         0.         0.         0.1        0.         0.         0.         0.         0.         0.         0.         0.         0.         0.         0.         0.11915708 0.         0.36769278 0.         0.         0.        ],[0. 0. 0. 0. 1. 0. 0. 0. 1. 0. 0. 0. 0. 1. 0. 0. 0. 0. 0. 0. 0. 0. 0. 0. 0. 1. 0. 1. 0. 0. 0.],5.0,1000,100,0.01,0.0035,1,6,random,,best,single_objective
619,0.048660198103358754,0.12332559190258906,0.003721295646,[0.         0.         0.         0.         0.1        0.         0.         0.         0.1        0.         0.         0.         0.         0.1        0.         0.         0.         0.         0.         0.         0.         0.         0.         0.         0.         0.11915708 0.         0.36769278 0.         0.         0.        ],[0. 0. 0. 0. 1. 0. 0. 0. 1. 0. 0. 0. 0. 1. 0. 0. 0. 0. 0. 0. 0. 0. 0. 0. 0. 1. 0. 1. 0. 0. 0.],5.0,1000,100,0.01,0.0035,1,6,random,,best,single_objective
620,0.048660198103358754,0.12332559190258906,0.003721295646,[0.         0.         0.         0.         0.1        0.         0.         0.         0.1        0.         0.         0.         0.         0.1        0.         0.         0.         0.         0.         0.         0.         0.         0.         0.         0.         0.11915708 0.         0.36769278 0.         0.         0.        ],[0. 0. 0. 0. 1. 0. 0. 0. 1. 0. 0. 0. 0. 1. 0. 0. 0. 0. 0. 0. 0. 0. 0. 0. 0. 1. 0. 1. 0. 0. 0.],5.0,1000,100,0.01,0.0035,1,6,random,,best,single_objective
621,0.048660198103358754,0.12332559190258906,0.003721295646,[0.         0.         0.         0.         0.1        0.         0.         0.         0.1        0.         0.         0.         0.         0.1        0.         0.         0.         0.         0.         0.         0.         0.         0.         0.         0.         0.11915708 0.         0.36769278 0.         0.         0.        ],[0. 0. 0. 0. 1. 0. 0. 0. 1. 0. 0. 0. 0. 1. 0. 0. 0. 0. 0. 0. 0. 0. 0. 0. 0. 1. 0. 1. 0. 0. 0.],5.0,1000,100,0.01,0.0035,1,6,random,,best,single_objective
622,0.048660198103358754,0.12332559190258906,0.003721295646,[0.         0.         0.         0.         0.1        0.         0.         0.         0.1        0.         0.         0.         0.         0.1        0.         0.         0.         0.         0.         0.         0.         0.         0.         0.         0.         0.11915708 0.         0.36769278 0.         0.         0.        ],[0. 0. 0. 0. 1. 0. 0. 0. 1. 0. 0. 0. 0. 1. 0. 0. 0. 0. 0. 0. 0. 0. 0. 0. 0. 1. 0. 1. 0. 0. 0.],5.0,1000,100,0.01,0.0035,1,6,random,,best,single_objective
623,0.048660198103358754,0.12332559190258906,0.003721295646,[0.         0.         0.         0.         0.1        0.         0.         0.         0.1        0.         0.         0.         0.         0.1        0.         0.         0.         0.         0.         0.         0.         0.         0.         0.         0.         0.11915708 0.         0.36769278 0.         0.         0.        ],[0. 0. 0. 0. 1. 0. 0. 0. 1. 0. 0. 0. 0. 1. 0. 0. 0. 0. 0. 0. 0. 0. 0. 0. 0. 1. 0. 1. 0. 0. 0.],5.0,1000,100,0.01,0.0035,1,6,random,,best,single_objective
624,0.048660198103358754,0.12332559190258906,0.003721295646,[0.         0.         0.         0.         0.1        0.         0.         0.         0.1        0.         0.         0.         0.         0.1        0.         0.         0.         0.         0.         0.         0.         0.         0.         0.         0.         0.11915708 0.         0.36769278 0.         0.         0.        ],[0. 0. 0. 0. 1. 0. 0. 0. 1. 0. 0. 0. 0. 1. 0. 0. 0. 0. 0. 0. 0. 0. 0. 0. 0. 1. 0. 1. 0. 0. 0.],5.0,1000,100,0.01,0.0035,1,6,random,,best,single_objective
625,0.048660198103358754,0.12332559190258906,0.003721295646,[0.         0.         0.         0.         0.1        0.         0.         0.         0.1        0.         0.         0.         0.         0.1        0.         0.         0.         0.         0.         0.         0.         0.         0.         0.         0.         0.11915708 0.         0.36769278 0.         0.         0.        ],[0. 0. 0. 0. 1. 0. 0. 0. 1. 0. 0. 0. 0. 1. 0. 0. 0. 0. 0. 0. 0. 0. 0. 0. 0. 1. 0. 1. 0. 0. 0.],5.0,1000,100,0.01,0.0035,1,6,random,,best,single_objective
626,0.048660198103358754,0.12332559190258906,0.003721295646,[0.         0.         0.         0.         0.1        0.         0.         0.         0.1        0.         0.         0.         0.         0.1        0.         0.         0.         0.         0.         0.         0.         0.         0.         0.         0.         0.11915708 0.         0.36769278 0.         0.         0.        ],[0. 0. 0. 0. 1. 0. 0. 0. 1. 0. 0. 0. 0. 1. 0. 0. 0. 0. 0. 0. 0. 0. 0. 0. 0. 1. 0. 1. 0. 0. 0.],5.0,1000,100,0.01,0.0035,1,6,random,,best,single_objective
627,0.048660198103358754,0.12332559190258906,0.003721295646,[0.         0.         0.         0.         0.1        0.         0.         0.         0.1        0.         0.         0.         0.         0.1        0.         0.         0.         0.         0.         0.         0.         0.         0.         0.         0.         0.11915708 0.         0.36769278 0.         0.         0.        ],[0. 0. 0. 0. 1. 0. 0. 0. 1. 0. 0. 0. 0. 1. 0. 0. 0. 0. 0. 0. 0. 0. 0. 0. 0. 1. 0. 1. 0. 0. 0.],5.0,1000,100,0.01,0.0035,1,6,random,,best,single_objective
628,0.048660198103358754,0.12332559190258906,0.003721295646,[0.         0.         0.         0.         0.1        0.         0.         0.         0.1        0.         0.         0.         0.         0.1        0.         0.         0.         0.         0.         0.         0.         0.         0.         0.         0.         0.11915708 0.         0.36769278 0.         0.         0.        ],[0. 0. 0. 0. 1. 0. 0. 0. 1. 0. 0. 0. 0. 1. 0. 0. 0. 0. 0. 0. 0. 0. 0. 0. 0. 1. 0. 1. 0. 0. 0.],5.0,1000,100,0.01,0.0035,1,6,random,,best,single_objective
629,0.048660198103358754,0.12332559190258906,0.003721295646,[0.         0.         0.         0.         0.1        0.         0.         0.         0.1        0.         0.         0.         0.         0.1        0.         0.         0.         0.         0.         0.         0.         0.         0.         0.         0.         0.11915708 0.         0.36769278 0.         0.         0.        ],[0. 0. 0. 0. 1. 0. 0. 0. 1. 0. 0. 0. 0. 1. 0. 0. 0. 0. 0. 0. 0. 0. 0. 0. 0. 1. 0. 1. 0. 0. 0.],5.0,1000,100,0.01,0.0035,1,6,random,,best,single_objective
630,0.048660198103358754,0.12332559190258906,0.003721295646,[0.         0.         0.         0.         0.1        0.         0.         0.         0.1        0.         0.         0.         0.         0.1        0.         0.         0.         0.         0.         0.         0.         0.         0.         0.         0.         0.11915708 0.         0.36769278 0.         0.         0.        ],[0. 0. 0. 0. 1. 0. 0. 0. 1. 0. 0. 0. 0. 1. 0. 0. 0. 0. 0. 0. 0. 0. 0. 0. 0. 1. 0. 1. 0. 0. 0.],5.0,1000,100,0.01,0.0035,1,6,random,,best,single_objective
631,0.048660198103358754,0.12332559190258906,0.003721295646,[0.         0.         0.         0.         0.1        0.         0.         0.         0.1        0.         0.         0.         0.         0.1        0.         0.         0.         0.         0.         0.         0.         0.         0.         0.         0.         0.11915708 0.         0.36769278 0.         0.         0.        ],[0. 0. 0. 0. 1. 0. 0. 0. 1. 0. 0. 0. 0. 1. 0. 0. 0. 0. 0. 0. 0. 0. 0. 0. 0. 1. 0. 1. 0. 0. 0.],5.0,1000,100,0.01,0.0035,1,6,random,,best,single_objective
632,0.048660198103358754,0.12332559190258906,0.003721295646,[0.         0.         0.         0.         0.1        0.         0.         0.         0.1        0.         0.         0.         0.         0.1        0.         0.         0.         0.         0.         0.         0.         0.         0.         0.         0.         0.11915708 0.         0.36769278 0.         0.         0.        ],[0. 0. 0. 0. 1. 0. 0. 0. 1. 0. 0. 0. 0. 1. 0. 0. 0. 0. 0. 0. 0. 0. 0. 0. 0. 1. 0. 1. 0. 0. 0.],5.0,1000,100,0.01,0.0035,1,6,random,,best,single_objective
633,0.048660198103358754,0.12332559190258906,0.003721295646,[0.         0.         0.         0.         0.1        0.         0.         0.         0.1        0.         0.         0.         0.         0.1        0.         0.         0.         0.         0.         0.         0.         0.         0.         0.         0.         0.11915708 0.         0.36769278 0.         0.         0.        ],[0. 0. 0. 0. 1. 0. 0. 0. 1. 0. 0. 0. 0. 1. 0. 0. 0. 0. 0. 0. 0. 0. 0. 0. 0. 1. 0. 1. 0. 0. 0.],5.0,1000,100,0.01,0.0035,1,6,random,,best,single_objective
634,0.048660198103358754,0.12332559190258906,0.003721295646,[0.         0.         0.         0.         0.1        0.         0.         0.         0.1        0.         0.         0.         0.         0.1        0.         0.         0.         0.         0.         0.         0.         0.         0.         0.         0.         0.11915708 0.         0.36769278 0.         0.         0.        ],[0. 0. 0. 0. 1. 0. 0. 0. 1. 0. 0. 0. 0. 1. 0. 0. 0. 0. 0. 0. 0. 0. 0. 0. 0. 1. 0. 1. 0. 0. 0.],5.0,1000,100,0.01,0.0035,1,6,random,,best,single_objective
635,0.048660198103358754,0.12332559190258906,0.003721295646,[0.         0.         0.         0.         0.1        0.         0.         0.         0.1        0.         0.         0.         0.         0.1        0.         0.         0.         0.         0.         0.         0.         0.         0.         0.         0.         0.11915708 0.         0.36769278 0.         0.         0.        ],[0. 0. 0. 0. 1. 0. 0. 0. 1. 0. 0. 0. 0. 1. 0. 0. 0. 0. 0. 0. 0. 0. 0. 0. 0. 1. 0. 1. 0. 0. 0.],5.0,1000,100,0.01,0.0035,1,6,random,,best,single_objective
636,0.048660198103358754,0.12332559190258906,0.003721295646,[0.         0.         0.         0.         0.1        0.         0.         0.         0.1        0.         0.         0.         0.         0.1        0.         0.         0.         0.         0.         0.         0.         0.         0.         0.         0.         0.11915708 0.         0.36769278 0.         0.         0.        ],[0. 0. 0. 0. 1. 0. 0. 0. 1. 0. 0. 0. 0. 1. 0. 0. 0. 0. 0. 0. 0. 0. 0. 0. 0. 1. 0. 1. 0. 0. 0.],5.0,1000,100,0.01,0.0035,1,6,random,,best,single_objective
637,0.048660198103358754,0.12332559190258906,0.003721295646,[0.         0.         0.         0.         0.1        0.         0.         0.         0.1        0.         0.         0.         0.         0.1        0.         0.         0.         0.         0.         0.         0.         0.         0.         0.         0.         0.11915708 0.         0.36769278 0.         0.         0.        ],[0. 0. 0. 0. 1. 0. 0. 0. 1. 0. 0. 0. 0. 1. 0. 0. 0. 0. 0. 0. 0. 0. 0. 0. 0. 1. 0. 1. 0. 0. 0.],5.0,1000,100,0.01,0.0035,1,6,random,,best,single_objective
638,0.048660198103358754,0.12332559190258906,0.003721295646,[0.         0.         0.         0.         0.1        0.         0.         0.         0.1        0.         0.         0.         0.         0.1        0.         0.         0.         0.         0.         0.         0.         0.         0.         0.         0.         0.11915708 0.         0.36769278 0.         0.         0.        ],[0. 0. 0. 0. 1. 0. 0. 0. 1. 0. 0. 0. 0. 1. 0. 0. 0. 0. 0. 0. 0. 0. 0. 0. 0. 1. 0. 1. 0. 0. 0.],5.0,1000,100,0.01,0.0035,1,6,random,,best,single_objective
639,0.048660198103358754,0.12332559190258906,0.003721295646,[0.         0.         0.         0.         0.1        0.         0.         0.         0.1        0.         0.         0.         0.         0.1        0.         0.         0.         0.         0.         0.         0.         0.         0.         0.         0.         0.11915708 0.         0.36769278 0.         0.         0.        ],[0. 0. 0. 0. 1. 0. 0. 0. 1. 0. 0. 0. 0. 1. 0. 0. 0. 0. 0. 0. 0. 0. 0. 0. 0. 1. 0. 1. 0. 0. 0.],5.0,1000,100,0.01,0.0035,1,6,random,,best,single_objective
640,0.048660198103358754,0.12332559190258906,0.003721295646,[0.         0.         0.         0.         0.1        0.         0.         0.         0.1        0.         0.         0.         0.         0.1        0.         0.         0.         0.         0.         0.         0.         0.         0.         0.         0.         0.11915708 0.         0.36769278 0.         0.         0.        ],[0. 0. 0. 0. 1. 0. 0. 0. 1. 0. 0. 0. 0. 1. 0. 0. 0. 0. 0. 0. 0. 0. 0. 0. 0. 1. 0. 1. 0. 0. 0.],5.0,1000,100,0.01,0.0035,1,6,random,,best,single_objective
641,0.048660198103358754,0.12332559190258906,0.003721295646,[0.         0.         0.         0.         0.1        0.         0.         0.         0.1        0.         0.         0.         0.         0.1        0.         0.         0.         0.         0.         0.         0.         0.         0.         0.         0.         0.11915708 0.         0.36769278 0.         0.         0.        ],[0. 0. 0. 0. 1. 0. 0. 0. 1. 0. 0. 0. 0. 1. 0. 0. 0. 0. 0. 0. 0. 0. 0. 0. 0. 1. 0. 1. 0. 0. 0.],5.0,1000,100,0.01,0.0035,1,6,random,,best,single_objective
642,0.048660198103358754,0.12332559190258906,0.003721295646,[0.         0.         0.         0.         0.1        0.         0.         0.         0.1        0.         0.         0.         0.         0.1        0.         0.         0.         0.         0.         0.         0.         0.         0.         0.         0.         0.11915708 0.         0.36769278 0.         0.         0.        ],[0. 0. 0. 0. 1. 0. 0. 0. 1. 0. 0. 0. 0. 1. 0. 0. 0. 0. 0. 0. 0. 0. 0. 0. 0. 1. 0. 1. 0. 0. 0.],5.0,1000,100,0.01,0.0035,1,6,random,,best,single_objective
643,0.048660198103358754,0.12332559190258906,0.003721295646,[0.         0.         0.         0.         0.1        0.         0.         0.         0.1        0.         0.         0.         0.         0.1        0.         0.         0.         0.         0.         0.         0.         0.         0.         0.         0.         0.11915708 0.         0.36769278 0.         0.         0.        ],[0. 0. 0. 0. 1. 0. 0. 0. 1. 0. 0. 0. 0. 1. 0. 0. 0. 0. 0. 0. 0. 0. 0. 0. 0. 1. 0. 1. 0. 0. 0.],5.0,1000,100,0.01,0.0035,1,6,random,,best,single_objective
644,0.048660198103358754,0.12332559190258906,0.003721295646,[0.         0.         0.         0.         0.1        0.         0.         0.         0.1        0.         0.         0.         0.         0.1        0.         0.         0.         0.         0.         0.         0.         0.         0.         0.         0.         0.11915708 0.         0.36769278 0.         0.         0.        ],[0. 0. 0. 0. 1. 0. 0. 0. 1. 0. 0. 0. 0. 1. 0. 0. 0. 0. 0. 0. 0. 0. 0. 0. 0. 1. 0. 1. 0. 0. 0.],5.0,1000,100,0.01,0.0035,1,6,random,,best,single_objective
645,0.048660198103358754,0.12332559190258906,0.003721295646,[0.         0.         0.         0.         0.1        0.         0.         0.         0.1        0.         0.         0.         0.         0.1        0.         0.         0.         0.         0.         0.         0.         0.         0.         0.         0.         0.11915708 0.         0.36769278 0.         0.         0.        ],[0. 0. 0. 0. 1. 0. 0. 0. 1. 0. 0. 0. 0. 1. 0. 0. 0. 0. 0. 0. 0. 0. 0. 0. 0. 1. 0. 1. 0. 0. 0.],5.0,1000,100,0.01,0.0035,1,6,random,,best,single_objective
646,0.048660198103358754,0.12332559190258906,0.003721295646,[0.         0.         0.         0.         0.1        0.         0.         0.         0.1        0.         0.         0.         0.         0.1        0.         0.         0.         0.         0.         0.         0.         0.         0.         0.         0.         0.11915708 0.         0.36769278 0.         0.         0.        ],[0. 0. 0. 0. 1. 0. 0. 0. 1. 0. 0. 0. 0. 1. 0. 0. 0. 0. 0. 0. 0. 0. 0. 0. 0. 1. 0. 1. 0. 0. 0.],5.0,1000,100,0.01,0.0035,1,6,random,,best,single_objective
647,0.048660198103358754,0.12332559190258906,0.003721295646,[0.         0.         0.         0.         0.1        0.         0.         0.         0.1        0.         0.         0.         0.         0.1        0.         0.         0.         0.         0.         0.         0.         0.         0.         0.         0.         0.11915708 0.         0.36769278 0.         0.         0.        ],[0. 0. 0. 0. 1. 0. 0. 0. 1. 0. 0. 0. 0. 1. 0. 0. 0. 0. 0. 0. 0. 0. 0. 0. 0. 1. 0. 1. 0. 0. 0.],5.0,1000,100,0.01,0.0035,1,6,random,,best,single_objective
648,0.048660198103358754,0.12332559190258906,0.003721295646,[0.         0.         0.         0.         0.1        0.         0.         0.         0.1        0.         0.         0.         0.         0.1        0.         0.         0.         0.         0.         0.         0.         0.         0.         0.         0.         0.11915708 0.         0.36769278 0.         0.         0.        ],[0. 0. 0. 0. 1. 0. 0. 0. 1. 0. 0. 0. 0. 1. 0. 0. 0. 0. 0. 0. 0. 0. 0. 0. 0. 1. 0. 1. 0. 0. 0.],5.0,1000,100,0.01,0.0035,1,6,random,,best,single_objective
649,0.048660198103358754,0.12332559190258906,0.003721295646,[0.         0.         0.         0.         0.1        0.         0.         0.         0.1        0.         0.         0.         0.         0.1        0.         0.         0.         0.         0.         0.         0.         0.         0.         0.         0.         0.11915708 0.         0.36769278 0.         0.         0.        ],[0. 0. 0. 0. 1. 0. 0. 0. 1. 0. 0. 0. 0. 1. 0. 0. 0. 0. 0. 0. 0. 0. 0. 0. 0. 1. 0. 1. 0. 0. 0.],5.0,1000,100,0.01,0.0035,1,6,random,,best,single_objective
650,0.048660198103358754,0.12332559190258906,0.003721295646,[0.         0.         0.         0.         0.1        0.         0.         0.         0.1        0.         0.         0.         0.         0.1        0.         0.         0.         0.         0.         0.         0.         0.         0.         0.         0.         0.11915708 0.         0.36769278 0.         0.         0.        ],[0. 0. 0. 0. 1. 0. 0. 0. 1. 0. 0. 0. 0. 1. 0. 0. 0. 0. 0. 0. 0. 0. 0. 0. 0. 1. 0. 1. 0. 0. 0.],5.0,1000,100,0.01,0.0035,1,6,random,,best,single_objective
651,0.048660198103358754,0.12332559190258906,0.003721295646,[0.         0.         0.         0.         0.1        0.         0.         0.         0.1        0.         0.         0.         0.         0.1        0.         0.         0.         0.         0.         0.         0.         0.         0.         0.         0.         0.11915708 0.         0.36769278 0.         0.         0.        ],[0. 0. 0. 0. 1. 0. 0. 0. 1. 0. 0. 0. 0. 1. 0. 0. 0. 0. 0. 0. 0. 0. 0. 0. 0. 1. 0. 1. 0. 0. 0.],5.0,1000,100,0.01,0.0035,1,6,random,,best,single_objective
652,0.048660198103358754,0.12332559190258906,0.003721295646,[0.         0.         0.         0.         0.1        0.         0.         0.         0.1        0.         0.         0.         0.         0.1        0.         0.         0.         0.         0.         0.         0.         0.         0.         0.         0.         0.11915708 0.         0.36769278 0.         0.         0.        ],[0. 0. 0. 0. 1. 0. 0. 0. 1. 0. 0. 0. 0. 1. 0. 0. 0. 0. 0. 0. 0. 0. 0. 0. 0. 1. 0. 1. 0. 0. 0.],5.0,1000,100,0.01,0.0035,1,6,random,,best,single_objective
653,0.048660198103358754,0.12332559190258906,0.003721295646,[0.         0.         0.         0.         0.1        0.         0.         0.         0.1        0.         0.         0.         0.         0.1        0.         0.         0.         0.         0.         0.         0.         0.         0.         0.         0.         0.11915708 0.         0.36769278 0.         0.         0.        ],[0. 0. 0. 0. 1. 0. 0. 0. 1. 0. 0. 0. 0. 1. 0. 0. 0. 0. 0. 0. 0. 0. 0. 0. 0. 1. 0. 1. 0. 0. 0.],5.0,1000,100,0.01,0.0035,1,6,random,,best,single_objective
654,0.048660198103358754,0.12332559190258906,0.003721295646,[0.         0.         0.         0.         0.1        0.         0.         0.         0.1        0.         0.         0.         0.         0.1        0.         0.         0.         0.         0.         0.         0.         0.         0.         0.         0.         0.11915708 0.         0.36769278 0.         0.         0.        ],[0. 0. 0. 0. 1. 0. 0. 0. 1. 0. 0. 0. 0. 1. 0. 0. 0. 0. 0. 0. 0. 0. 0. 0. 0. 1. 0. 1. 0. 0. 0.],5.0,1000,100,0.01,0.0035,1,6,random,,best,single_objective
655,0.048660198103358754,0.12332559190258906,0.003721295646,[0.         0.         0.         0.         0.1        0.         0.         0.         0.1        0.         0.         0.         0.         0.1        0.         0.         0.         0.         0.         0.         0.         0.         0.         0.         0.         0.11915708 0.         0.36769278 0.         0.         0.        ],[0. 0. 0. 0. 1. 0. 0. 0. 1. 0. 0. 0. 0. 1. 0. 0. 0. 0. 0. 0. 0. 0. 0. 0. 0. 1. 0. 1. 0. 0. 0.],5.0,1000,100,0.01,0.0035,1,6,random,,best,single_objective
656,0.048660198103358754,0.12332559190258906,0.003721295646,[0.         0.         0.         0.         0.1        0.         0.         0.         0.1        0.         0.         0.         0.         0.1        0.         0.         0.         0.         0.         0.         0.         0.         0.         0.         0.         0.11915708 0.         0.36769278 0.         0.         0.        ],[0. 0. 0. 0. 1. 0. 0. 0. 1. 0. 0. 0. 0. 1. 0. 0. 0. 0. 0. 0. 0. 0. 0. 0. 0. 1. 0. 1. 0. 0. 0.],5.0,1000,100,0.01,0.0035,1,6,random,,best,single_objective
657,0.048660198103358754,0.12332559190258906,0.003721295646,[0.         0.         0.         0.         0.1        0.         0.         0.         0.1        0.         0.         0.         0.         0.1        0.         0.         0.         0.         0.         0.         0.         0.         0.         0.         0.         0.11915708 0.         0.36769278 0.         0.         0.        ],[0. 0. 0. 0. 1. 0. 0. 0. 1. 0. 0. 0. 0. 1. 0. 0. 0. 0. 0. 0. 0. 0. 0. 0. 0. 1. 0. 1. 0. 0. 0.],5.0,1000,100,0.01,0.0035,1,6,random,,best,single_objective
658,0.048660198103358754,0.12332559190258906,0.003721295646,[0.         0.         0.         0.         0.1        0.         0.         0.         0.1        0.         0.         0.         0.         0.1        0.         0.         0.         0.         0.         0.         0.         0.         0.         0.         0.         0.11915708 0.         0.36769278 0.         0.         0.        ],[0. 0. 0. 0. 1. 0. 0. 0. 1. 0. 0. 0. 0. 1. 0. 0. 0. 0. 0. 0. 0. 0. 0. 0. 0. 1. 0. 1. 0. 0. 0.],5.0,1000,100,0.01,0.0035,1,6,random,,best,single_objective
659,0.048660198103358754,0.12332559190258906,0.003721295646,[0.         0.         0.         0.         0.1        0.         0.         0.         0.1        0.         0.         0.         0.         0.1        0.         0.         0.         0.         0.         0.         0.         0.         0.         0.         0.         0.11915708 0.         0.36769278 0.         0.         0.        ],[0. 0. 0. 0. 1. 0. 0. 0. 1. 0. 0. 0. 0. 1. 0. 0. 0. 0. 0. 0. 0. 0. 0. 0. 0. 1. 0. 1. 0. 0. 0.],5.0,1000,100,0.01,0.0035,1,6,random,,best,single_objective
660,0.048660198103358754,0.12332559190258906,0.003721295646,[0.         0.         0.         0.         0.1        0.         0.         0.         0.1        0.         0.         0.         0.         0.1        0.         0.         0.         0.         0.         0.         0.         0.         0.         0.         0.         0.11915708 0.         0.36769278 0.         0.         0.        ],[0. 0. 0. 0. 1. 0. 0. 0. 1. 0. 0. 0. 0. 1. 0. 0. 0. 0. 0. 0. 0. 0. 0. 0. 0. 1. 0. 1. 0. 0. 0.],5.0,1000,100,0.01,0.0035,1,6,random,,best,single_objective
661,0.048660198103358754,0.12332559190258906,0.003721295646,[0.         0.         0.         0.         0.1        0.         0.         0.         0.1        0.         0.         0.         0.         0.1        0.         0.         0.         0.         0.         0.         0.         0.         0.         0.         0.         0.11915708 0.         0.36769278 0.         0.         0.        ],[0. 0. 0. 0. 1. 0. 0. 0. 1. 0. 0. 0. 0. 1. 0. 0. 0. 0. 0. 0. 0. 0. 0. 0. 0. 1. 0. 1. 0. 0. 0.],5.0,1000,100,0.01,0.0035,1,6,random,,best,single_objective
662,0.048660198103358754,0.12332559190258906,0.003721295646,[0.         0.         0.         0.         0.1        0.         0.         0.         0.1        0.         0.         0.         0.         0.1        0.         0.         0.         0.         0.         0.         0.         0.         0.         0.         0.         0.11915708 0.         0.36769278 0.         0.         0.        ],[0. 0. 0. 0. 1. 0. 0. 0. 1. 0. 0. 0. 0. 1. 0. 0. 0. 0. 0. 0. 0. 0. 0. 0. 0. 1. 0. 1. 0. 0. 0.],5.0,1000,100,0.01,0.0035,1,6,random,,best,single_objective
663,0.048660198103358754,0.12332559190258906,0.003721295646,[0.         0.         0.         0.         0.1        0.         0.         0.         0.1        0.         0.         0.         0.         0.1        0.         0.         0.         0.         0.         0.         0.         0.         0.         0.         0.         0.11915708 0.         0.36769278 0.         0.         0.        ],[0. 0. 0. 0. 1. 0. 0. 0. 1. 0. 0. 0. 0. 1. 0. 0. 0. 0. 0. 0. 0. 0. 0. 0. 0. 1. 0. 1. 0. 0. 0.],5.0,1000,100,0.01,0.0035,1,6,random,,best,single_objective
664,0.048660198103358754,0.12332559190258906,0.003721295646,[0.         0.         0.         0.         0.1        0.         0.         0.         0.1        0.         0.         0.         0.         0.1        0.         0.         0.         0.         0.         0.         0.         0.         0.         0.         0.         0.11915708 0.         0.36769278 0.         0.         0.        ],[0. 0. 0. 0. 1. 0. 0. 0. 1. 0. 0. 0. 0. 1. 0. 0. 0. 0. 0. 0. 0. 0. 0. 0. 0. 1. 0. 1. 0. 0. 0.],5.0,1000,100,0.01,0.0035,1,6,random,,best,single_objective
665,0.048660198103358754,0.12332559190258906,0.003721295646,[0.         0.         0.         0.         0.1        0.         0.         0.         0.1        0.         0.         0.         0.         0.1        0.         0.         0.         0.         0.         0.         0.         0.         0.         0.         0.         0.11915708 0.         0.36769278 0.         0.         0.        ],[0. 0. 0. 0. 1. 0. 0. 0. 1. 0. 0. 0. 0. 1. 0. 0. 0. 0. 0. 0. 0. 0. 0. 0. 0. 1. 0. 1. 0. 0. 0.],5.0,1000,100,0.01,0.0035,1,6,random,,best,single_objective
666,0.048660198103358754,0.12332559190258906,0.003721295646,[0.         0.         0.         0.         0.1        0.         0.         0.         0.1        0.         0.         0.         0.         0.1        0.         0.         0.         0.         0.         0.         0.         0.         0.         0.         0.         0.11915708 0.         0.36769278 0.         0.         0.        ],[0. 0. 0. 0. 1. 0. 0. 0. 1. 0. 0. 0. 0. 1. 0. 0. 0. 0. 0. 0. 0. 0. 0. 0. 0. 1. 0. 1. 0. 0. 0.],5.0,1000,100,0.01,0.0035,1,6,random,,best,single_objective
667,0.048660198103358754,0.12332559190258906,0.003721295646,[0.         0.         0.         0.         0.1        0.         0.         0.         0.1        0.         0.         0.         0.         0.1        0.         0.         0.         0.         0.         0.         0.         0.         0.         0.         0.         0.11915708 0.         0.36769278 0.         0.         0.        ],[0. 0. 0. 0. 1. 0. 0. 0. 1. 0. 0. 0. 0. 1. 0. 0. 0. 0. 0. 0. 0. 0. 0. 0. 0. 1. 0. 1. 0. 0. 0.],5.0,1000,100,0.01,0.0035,1,6,random,,best,single_objective
668,0.048660198103358754,0.12332559190258906,0.003721295646,[0.         0.         0.         0.         0.1        0.         0.         0.         0.1        0.         0.         0.         0.         0.1        0.         0.         0.         0.         0.         0.         0.         0.         0.         0.         0.         0.11915708 0.         0.36769278 0.         0.         0.        ],[0. 0. 0. 0. 1. 0. 0. 0. 1. 0. 0. 0. 0. 1. 0. 0. 0. 0. 0. 0. 0. 0. 0. 0. 0. 1. 0. 1. 0. 0. 0.],5.0,1000,100,0.01,0.0035,1,6,random,,best,single_objective
669,0.048660198103358754,0.12332559190258906,0.003721295646,[0.         0.         0.         0.         0.1        0.         0.         0.         0.1        0.         0.         0.         0.         0.1        0.         0.         0.         0.         0.         0.         0.         0.         0.         0.         0.         0.11915708 0.         0.36769278 0.         0.         0.        ],[0. 0. 0. 0. 1. 0. 0. 0. 1. 0. 0. 0. 0. 1. 0. 0. 0. 0. 0. 0. 0. 0. 0. 0. 0. 1. 0. 1. 0. 0. 0.],5.0,1000,100,0.01,0.0035,1,6,random,,best,single_objective
670,0.048660198103358754,0.12332559190258906,0.003721295646,[0.         0.         0.         0.         0.1        0.         0.         0.         0.1        0.         0.         0.         0.         0.1        0.         0.         0.         0.         0.         0.         0.         0.         0.         0.         0.         0.11915708 0.         0.36769278 0.         0.         0.        ],[0. 0. 0. 0. 1. 0. 0. 0. 1. 0. 0. 0. 0. 1. 0. 0. 0. 0. 0. 0. 0. 0. 0. 0. 0. 1. 0. 1. 0. 0. 0.],5.0,1000,100,0.01,0.0035,1,6,random,,best,single_objective
671,0.048660198103358754,0.12332559190258906,0.003721295646,[0.         0.         0.         0.         0.1        0.         0.         0.         0.1        0.         0.         0.         0.         0.1        0.         0.         0.         0.         0.         0.         0.         0.         0.         0.         0.         0.11915708 0.         0.36769278 0.         0.         0.        ],[0. 0. 0. 0. 1. 0. 0. 0. 1. 0. 0. 0. 0. 1. 0. 0. 0. 0. 0. 0. 0. 0. 0. 0. 0. 1. 0. 1. 0. 0. 0.],5.0,1000,100,0.01,0.0035,1,6,random,,best,single_objective
672,0.048660198103358754,0.12332559190258906,0.003721295646,[0.         0.         0.         0.         0.1        0.         0.         0.         0.1        0.         0.         0.         0.         0.1        0.         0.         0.         0.         0.         0.         0.         0.         0.         0.         0.         0.11915708 0.         0.36769278 0.         0.         0.        ],[0. 0. 0. 0. 1. 0. 0. 0. 1. 0. 0. 0. 0. 1. 0. 0. 0. 0. 0. 0. 0. 0. 0. 0. 0. 1. 0. 1. 0. 0. 0.],5.0,1000,100,0.01,0.0035,1,6,random,,best,single_objective
673,0.048660198103358754,0.12332559190258906,0.003721295646,[0.         0.         0.         0.         0.1        0.         0.         0.         0.1        0.         0.         0.         0.         0.1        0.         0.         0.         0.         0.         0.         0.         0.         0.         0.         0.         0.11915708 0.         0.36769278 0.         0.         0.        ],[0. 0. 0. 0. 1. 0. 0. 0. 1. 0. 0. 0. 0. 1. 0. 0. 0. 0. 0. 0. 0. 0. 0. 0. 0. 1. 0. 1. 0. 0. 0.],5.0,1000,100,0.01,0.0035,1,6,random,,best,single_objective
674,0.048660198103358754,0.12332559190258906,0.003721295646,[0.         0.         0.         0.         0.1        0.         0.         0.         0.1        0.         0.         0.         0.         0.1        0.         0.         0.         0.         0.         0.         0.         0.         0.         0.         0.         0.11915708 0.         0.36769278 0.         0.         0.        ],[0. 0. 0. 0. 1. 0. 0. 0. 1. 0. 0. 0. 0. 1. 0. 0. 0. 0. 0. 0. 0. 0. 0. 0. 0. 1. 0. 1. 0. 0. 0.],5.0,1000,100,0.01,0.0035,1,6,random,,best,single_objective
675,0.048660198103358754,0.12332559190258906,0.003721295646,[0.         0.         0.         0.         0.1        0.         0.         0.         0.1        0.         0.         0.         0.         0.1        0.         0.         0.         0.         0.         0.         0.         0.         0.         0.         0.         0.11915708 0.         0.36769278 0.         0.         0.        ],[0. 0. 0. 0. 1. 0. 0. 0. 1. 0. 0. 0. 0. 1. 0. 0. 0. 0. 0. 0. 0. 0. 0. 0. 0. 1. 0. 1. 0. 0. 0.],5.0,1000,100,0.01,0.0035,1,6,random,,best,single_objective
676,0.048660198103358754,0.12332559190258906,0.003721295646,[0.         0.         0.         0.         0.1        0.         0.         0.         0.1        0.         0.         0.         0.         0.1        0.         0.         0.         0.         0.         0.         0.         0.         0.         0.         0.         0.11915708 0.         0.36769278 0.         0.         0.        ],[0. 0. 0. 0. 1. 0. 0. 0. 1. 0. 0. 0. 0. 1. 0. 0. 0. 0. 0. 0. 0. 0. 0. 0. 0. 1. 0. 1. 0. 0. 0.],5.0,1000,100,0.01,0.0035,1,6,random,,best,single_objective
677,0.048660198103358754,0.12332559190258906,0.003721295646,[0.         0.         0.         0.         0.1        0.         0.         0.         0.1        0.         0.         0.         0.         0.1        0.         0.         0.         0.         0.         0.         0.         0.         0.         0.         0.         0.11915708 0.         0.36769278 0.         0.         0.        ],[0. 0. 0. 0. 1. 0. 0. 0. 1. 0. 0. 0. 0. 1. 0. 0. 0. 0. 0. 0. 0. 0. 0. 0. 0. 1. 0. 1. 0. 0. 0.],5.0,1000,100,0.01,0.0035,1,6,random,,best,single_objective
678,0.048660198103358754,0.12332559190258906,0.003721295646,[0.         0.         0.         0.         0.1        0.         0.         0.         0.1        0.         0.         0.         0.         0.1        0.         0.         0.         0.         0.         0.         0.         0.         0.         0.         0.         0.11915708 0.         0.36769278 0.         0.         0.        ],[0. 0. 0. 0. 1. 0. 0. 0. 1. 0. 0. 0. 0. 1. 0. 0. 0. 0. 0. 0. 0. 0. 0. 0. 0. 1. 0. 1. 0. 0. 0.],5.0,1000,100,0.01,0.0035,1,6,random,,best,single_objective
679,0.048660198103358754,0.12332559190258906,0.003721295646,[0.         0.         0.         0.         0.1        0.         0.         0.         0.1        0.         0.         0.         0.         0.1        0.         0.         0.         0.         0.         0.         0.         0.         0.         0.         0.         0.11915708 0.         0.36769278 0.         0.         0.        ],[0. 0. 0. 0. 1. 0. 0. 0. 1. 0. 0. 0. 0. 1. 0. 0. 0. 0. 0. 0. 0. 0. 0. 0. 0. 1. 0. 1. 0. 0. 0.],5.0,1000,100,0.01,0.0035,1,6,random,,best,single_objective
680,0.048660198103358754,0.12332559190258906,0.003721295646,[0.         0.         0.         0.         0.1        0.         0.         0.         0.1        0.         0.         0.         0.         0.1        0.         0.         0.         0.         0.         0.         0.         0.         0.         0.         0.         0.11915708 0.         0.36769278 0.         0.         0.        ],[0. 0. 0. 0. 1. 0. 0. 0. 1. 0. 0. 0. 0. 1. 0. 0. 0. 0. 0. 0. 0. 0. 0. 0. 0. 1. 0. 1. 0. 0. 0.],5.0,1000,100,0.01,0.0035,1,6,random,,best,single_objective
681,0.048660198103358754,0.12332559190258906,0.003721295646,[0.         0.         0.         0.         0.1        0.         0.         0.         0.1        0.         0.         0.         0.         0.1        0.         0.         0.         0.         0.         0.         0.         0.         0.         0.         0.         0.11915708 0.         0.36769278 0.         0.         0.        ],[0. 0. 0. 0. 1. 0. 0. 0. 1. 0. 0. 0. 0. 1. 0. 0. 0. 0. 0. 0. 0. 0. 0. 0. 0. 1. 0. 1. 0. 0. 0.],5.0,1000,100,0.01,0.0035,1,6,random,,best,single_objective
682,0.048660198103358754,0.12332559190258906,0.003721295646,[0.         0.         0.         0.         0.1        0.         0.         0.         0.1        0.         0.         0.         0.         0.1        0.         0.         0.         0.         0.         0.         0.         0.         0.         0.         0.         0.11915708 0.         0.36769278 0.         0.         0.        ],[0. 0. 0. 0. 1. 0. 0. 0. 1. 0. 0. 0. 0. 1. 0. 0. 0. 0. 0. 0. 0. 0. 0. 0. 0. 1. 0. 1. 0. 0. 0.],5.0,1000,100,0.01,0.0035,1,6,random,,best,single_objective
683,0.048660198103358754,0.12332559190258906,0.003721295646,[0.         0.         0.         0.         0.1        0.         0.         0.         0.1        0.         0.         0.         0.         0.1        0.         0.         0.         0.         0.         0.         0.         0.         0.         0.         0.         0.11915708 0.         0.36769278 0.         0.         0.        ],[0. 0. 0. 0. 1. 0. 0. 0. 1. 0. 0. 0. 0. 1. 0. 0. 0. 0. 0. 0. 0. 0. 0. 0. 0. 1. 0. 1. 0. 0. 0.],5.0,1000,100,0.01,0.0035,1,6,random,,best,single_objective
684,0.048660198103358754,0.12332559190258906,0.003721295646,[0.         0.         0.         0.         0.1        0.         0.         0.         0.1        0.         0.         0.         0.         0.1        0.         0.         0.         0.         0.         0.         0.         0.         0.         0.         0.         0.11915708 0.         0.36769278 0.         0.         0.        ],[0. 0. 0. 0. 1. 0. 0. 0. 1. 0. 0. 0. 0. 1. 0. 0. 0. 0. 0. 0. 0. 0. 0. 0. 0. 1. 0. 1. 0. 0. 0.],5.0,1000,100,0.01,0.0035,1,6,random,,best,single_objective
685,0.048660198103358754,0.12332559190258906,0.003721295646,[0.         0.         0.         0.         0.1        0.         0.         0.         0.1        0.         0.         0.         0.         0.1        0.         0.         0.         0.         0.         0.         0.         0.         0.         0.         0.         0.11915708 0.         0.36769278 0.         0.         0.        ],[0. 0. 0. 0. 1. 0. 0. 0. 1. 0. 0. 0. 0. 1. 0. 0. 0. 0. 0. 0. 0. 0. 0. 0. 0. 1. 0. 1. 0. 0. 0.],5.0,1000,100,0.01,0.0035,1,6,random,,best,single_objective
686,0.048660198103358754,0.12332559190258906,0.003721295646,[0.         0.         0.         0.         0.1        0.         0.         0.         0.1        0.         0.         0.         0.         0.1        0.         0.         0.         0.         0.         0.         0.         0.         0.         0.         0.         0.11915708 0.         0.36769278 0.         0.         0.        ],[0. 0. 0. 0. 1. 0. 0. 0. 1. 0. 0. 0. 0. 1. 0. 0. 0. 0. 0. 0. 0. 0. 0. 0. 0. 1. 0. 1. 0. 0. 0.],5.0,1000,100,0.01,0.0035,1,6,random,,best,single_objective
687,0.048660198103358754,0.12332559190258906,0.003721295646,[0.         0.         0.         0.         0.1        0.         0.         0.         0.1        0.         0.         0.         0.         0.1        0.         0.         0.         0.         0.         0.         0.         0.         0.         0.         0.         0.11915708 0.         0.36769278 0.         0.         0.        ],[0. 0. 0. 0. 1. 0. 0. 0. 1. 0. 0. 0. 0. 1. 0. 0. 0. 0. 0. 0. 0. 0. 0. 0. 0. 1. 0. 1. 0. 0. 0.],5.0,1000,100,0.01,0.0035,1,6,random,,best,single_objective
688,0.048660198103358754,0.12332559190258906,0.003721295646,[0.         0.         0.         0.         0.1        0.         0.         0.         0.1        0.         0.         0.         0.         0.1        0.         0.         0.         0.         0.         0.         0.         0.         0.         0.         0.         0.11915708 0.         0.36769278 0.         0.         0.        ],[0. 0. 0. 0. 1. 0. 0. 0. 1. 0. 0. 0. 0. 1. 0. 0. 0. 0. 0. 0. 0. 0. 0. 0. 0. 1. 0. 1. 0. 0. 0.],5.0,1000,100,0.01,0.0035,1,6,random,,best,single_objective
689,0.048660198103358754,0.12332559190258906,0.003721295646,[0.         0.         0.         0.         0.1        0.         0.         0.         0.1        0.         0.         0.         0.         0.1        0.         0.         0.         0.         0.         0.         0.         0.         0.         0.         0.         0.11915708 0.         0.36769278 0.         0.         0.        ],[0. 0. 0. 0. 1. 0. 0. 0. 1. 0. 0. 0. 0. 1. 0. 0. 0. 0. 0. 0. 0. 0. 0. 0. 0. 1. 0. 1. 0. 0. 0.],5.0,1000,100,0.01,0.0035,1,6,random,,best,single_objective
690,0.048660198103358754,0.12332559190258906,0.003721295646,[0.         0.         0.         0.         0.1        0.         0.         0.         0.1        0.         0.         0.         0.         0.1        0.         0.         0.         0.         0.         0.         0.         0.         0.         0.         0.         0.11915708 0.         0.36769278 0.         0.         0.        ],[0. 0. 0. 0. 1. 0. 0. 0. 1. 0. 0. 0. 0. 1. 0. 0. 0. 0. 0. 0. 0. 0. 0. 0. 0. 1. 0. 1. 0. 0. 0.],5.0,1000,100,0.01,0.0035,1,6,random,,best,single_objective
691,0.048660198103358754,0.12332559190258906,0.003721295646,[0.         0.         0.         0.         0.1        0.         0.         0.         0.1        0.         0.         0.         0.         0.1        0.         0.         0.         0.         0.         0.         0.         0.         0.         0.         0.         0.11915708 0.         0.36769278 0.         0.         0.        ],[0. 0. 0. 0. 1. 0. 0. 0. 1. 0. 0. 0. 0. 1. 0. 0. 0. 0. 0. 0. 0. 0. 0. 0. 0. 1. 0. 1. 0. 0. 0.],5.0,1000,100,0.01,0.0035,1,6,random,,best,single_objective
692,0.048660198103358754,0.12332559190258906,0.003721295646,[0.         0.         0.         0.         0.1        0.         0.         0.         0.1        0.         0.         0.         0.         0.1        0.         0.         0.         0.         0.         0.         0.         0.         0.         0.         0.         0.11915708 0.         0.36769278 0.         0.         0.        ],[0. 0. 0. 0. 1. 0. 0. 0. 1. 0. 0. 0. 0. 1. 0. 0. 0. 0. 0. 0. 0. 0. 0. 0. 0. 1. 0. 1. 0. 0. 0.],5.0,1000,100,0.01,0.0035,1,6,random,,best,single_objective
693,0.048660198103358754,0.12332559190258906,0.003721295646,[0.         0.         0.         0.         0.1        0.         0.         0.         0.1        0.         0.         0.         0.         0.1        0.         0.         0.         0.         0.         0.         0.         0.         0.         0.         0.         0.11915708 0.         0.36769278 0.         0.         0.        ],[0. 0. 0. 0. 1. 0. 0. 0. 1. 0. 0. 0. 0. 1. 0. 0. 0. 0. 0. 0. 0. 0. 0. 0. 0. 1. 0. 1. 0. 0. 0.],5.0,1000,100,0.01,0.0035,1,6,random,,best,single_objective
694,0.048660198103358754,0.12332559190258906,0.003721295646,[0.         0.         0.         0.         0.1        0.         0.         0.         0.1        0.         0.         0.         0.         0.1        0.         0.         0.         0.         0.         0.         0.         0.         0.         0.         0.         0.11915708 0.         0.36769278 0.         0.         0.        ],[0. 0. 0. 0. 1. 0. 0. 0. 1. 0. 0. 0. 0. 1. 0. 0. 0. 0. 0. 0. 0. 0. 0. 0. 0. 1. 0. 1. 0. 0. 0.],5.0,1000,100,0.01,0.0035,1,6,random,,best,single_objective
695,0.048660198103358754,0.12332559190258906,0.003721295646,[0.         0.         0.         0.         0.1        0.         0.         0.         0.1        0.         0.         0.         0.         0.1        0.         0.         0.         0.         0.         0.         0.         0.         0.         0.         0.         0.11915708 0.         0.36769278 0.         0.         0.        ],[0. 0. 0. 0. 1. 0. 0. 0. 1. 0. 0. 0. 0. 1. 0. 0. 0. 0. 0. 0. 0. 0. 0. 0. 0. 1. 0. 1. 0. 0. 0.],5.0,1000,100,0.01,0.0035,1,6,random,,best,single_objective
696,0.048660198103358754,0.12332559190258906,0.003721295646,[0.         0.         0.         0.         0.1        0.         0.         0.         0.1        0.         0.         0.         0.         0.1        0.         0.         0.         0.         0.         0.         0.         0.         0.         0.         0.         0.11915708 0.         0.36769278 0.         0.         0.        ],[0. 0. 0. 0. 1. 0. 0. 0. 1. 0. 0. 0. 0. 1. 0. 0. 0. 0. 0. 0. 0. 0. 0. 0. 0. 1. 0. 1. 0. 0. 0.],5.0,1000,100,0.01,0.0035,1,6,random,,best,single_objective
697,0.048660198103358754,0.12332559190258906,0.003721295646,[0.         0.         0.         0.         0.1        0.         0.         0.         0.1        0.         0.         0.         0.         0.1        0.         0.         0.         0.         0.         0.         0.         0.         0.         0.         0.         0.11915708 0.         0.36769278 0.         0.         0.        ],[0. 0. 0. 0. 1. 0. 0. 0. 1. 0. 0. 0. 0. 1. 0. 0. 0. 0. 0. 0. 0. 0. 0. 0. 0. 1. 0. 1. 0. 0. 0.],5.0,1000,100,0.01,0.0035,1,6,random,,best,single_objective
698,0.048660198103358754,0.12332559190258906,0.003721295646,[0.         0.         0.         0.         0.1        0.         0.         0.         0.1        0.         0.         0.         0.         0.1        0.         0.         0.         0.         0.         0.         0.         0.         0.         0.         0.         0.11915708 0.         0.36769278 0.         0.         0.        ],[0. 0. 0. 0. 1. 0. 0. 0. 1. 0. 0. 0. 0. 1. 0. 0. 0. 0. 0. 0. 0. 0. 0. 0. 0. 1. 0. 1. 0. 0. 0.],5.0,1000,100,0.01,0.0035,1,6,random,,best,single_objective
699,0.048660198103358754,0.12332559190258906,0.003721295646,[0.         0.         0.         0.         0.1        0.         0.         0.         0.1        0.         0.         0.         0.         0.1        0.         0.         0.         0.         0.         0.         0.         0.         0.         0.         0.         0.11915708 0.         0.36769278 0.         0.         0.        ],[0. 0. 0. 0. 1. 0. 0. 0. 1. 0. 0. 0. 0. 1. 0. 0. 0. 0. 0. 0. 0. 0. 0. 0. 0. 1. 0. 1. 0. 0. 0.],5.0,1000,100,0.01,0.0035,1,6,random,,best,single_objective
700,0.048660198103358754,0.12332559190258906,0.003721295646,[0.         0.         0.         0.         0.1        0.         0.         0.         0.1        0.         0.         0.         0.         0.1        0.         0.         0.         0.         0.         0.         0.         0.         0.         0.         0.         0.11915708 0.         0.36769278 0.         0.         0.        ],[0. 0. 0. 0. 1. 0. 0. 0. 1. 0. 0. 0. 0. 1. 0. 0. 0. 0. 0. 0. 0. 0. 0. 0. 0. 1. 0. 1. 0. 0. 0.],5.0,1000,100,0.01,0.0035,1,6,random,,best,single_objective
701,0.048660198103358754,0.12332559190258906,0.003721295646,[0.         0.         0.         0.         0.1        0.         0.         0.         0.1        0.         0.         0.         0.         0.1        0.         0.         0.         0.         0.         0.         0.         0.         0.         0.         0.         0.11915708 0.         0.36769278 0.         0.         0.        ],[0. 0. 0. 0. 1. 0. 0. 0. 1. 0. 0. 0. 0. 1. 0. 0. 0. 0. 0. 0. 0. 0. 0. 0. 0. 1. 0. 1. 0. 0. 0.],5.0,1000,100,0.01,0.0035,1,6,random,,best,single_objective
702,0.048660198103358754,0.12332559190258906,0.003721295646,[0.         0.         0.         0.         0.1        0.         0.         0.         0.1        0.         0.         0.         0.         0.1        0.         0.         0.         0.         0.         0.         0.         0.         0.         0.         0.         0.11915708 0.         0.36769278 0.         0.         0.        ],[0. 0. 0. 0. 1. 0. 0. 0. 1. 0. 0. 0. 0. 1. 0. 0. 0. 0. 0. 0. 0. 0. 0. 0. 0. 1. 0. 1. 0. 0. 0.],5.0,1000,100,0.01,0.0035,1,6,random,,best,single_objective
703,0.048660198103358754,0.12332559190258906,0.003721295646,[0.         0.         0.         0.         0.1        0.         0.         0.         0.1        0.         0.         0.         0.         0.1        0.         0.         0.         0.         0.         0.         0.         0.         0.         0.         0.         0.11915708 0.         0.36769278 0.         0.         0.        ],[0. 0. 0. 0. 1. 0. 0. 0. 1. 0. 0. 0. 0. 1. 0. 0. 0. 0. 0. 0. 0. 0. 0. 0. 0. 1. 0. 1. 0. 0. 0.],5.0,1000,100,0.01,0.0035,1,6,random,,best,single_objective
704,0.048660198103358754,0.12332559190258906,0.003721295646,[0.         0.         0.         0.         0.1        0.         0.         0.         0.1        0.         0.         0.         0.         0.1        0.         0.         0.         0.         0.         0.         0.         0.         0.         0.         0.         0.11915708 0.         0.36769278 0.         0.         0.        ],[0. 0. 0. 0. 1. 0. 0. 0. 1. 0. 0. 0. 0. 1. 0. 0. 0. 0. 0. 0. 0. 0. 0. 0. 0. 1. 0. 1. 0. 0. 0.],5.0,1000,100,0.01,0.0035,1,6,random,,best,single_objective
705,0.048660198103358754,0.12332559190258906,0.003721295646,[0.         0.         0.         0.         0.1        0.         0.         0.         0.1        0.         0.         0.         0.         0.1        0.         0.         0.         0.         0.         0.         0.         0.         0.         0.         0.         0.11915708 0.         0.36769278 0.         0.         0.        ],[0. 0. 0. 0. 1. 0. 0. 0. 1. 0. 0. 0. 0. 1. 0. 0. 0. 0. 0. 0. 0. 0. 0. 0. 0. 1. 0. 1. 0. 0. 0.],5.0,1000,100,0.01,0.0035,1,6,random,,best,single_objective
706,0.048660198103358754,0.12332559190258906,0.003721295646,[0.         0.         0.         0.         0.1        0.         0.         0.         0.1        0.         0.         0.         0.         0.1        0.         0.         0.         0.         0.         0.         0.         0.         0.         0.         0.         0.11915708 0.         0.36769278 0.         0.         0.        ],[0. 0. 0. 0. 1. 0. 0. 0. 1. 0. 0. 0. 0. 1. 0. 0. 0. 0. 0. 0. 0. 0. 0. 0. 0. 1. 0. 1. 0. 0. 0.],5.0,1000,100,0.01,0.0035,1,6,random,,best,single_objective
707,0.048660198103358754,0.12332559190258906,0.003721295646,[0.         0.         0.         0.         0.1        0.         0.         0.         0.1        0.         0.         0.         0.         0.1        0.         0.         0.         0.         0.         0.         0.         0.         0.         0.         0.         0.11915708 0.         0.36769278 0.         0.         0.        ],[0. 0. 0. 0. 1. 0. 0. 0. 1. 0. 0. 0. 0. 1. 0. 0. 0. 0. 0. 0. 0. 0. 0. 0. 0. 1. 0. 1. 0. 0. 0.],5.0,1000,100,0.01,0.0035,1,6,random,,best,single_objective
708,0.048660198103358754,0.12332559190258906,0.003721295646,[0.         0.         0.         0.         0.1        0.         0.         0.         0.1        0.         0.         0.         0.         0.1        0.         0.         0.         0.         0.         0.         0.         0.         0.         0.         0.         0.11915708 0.         0.36769278 0.         0.         0.        ],[0. 0. 0. 0. 1. 0. 0. 0. 1. 0. 0. 0. 0. 1. 0. 0. 0. 0. 0. 0. 0. 0. 0. 0. 0. 1. 0. 1. 0. 0. 0.],5.0,1000,100,0.01,0.0035,1,6,random,,best,single_objective
709,0.048660198103358754,0.12332559190258906,0.003721295646,[0.         0.         0.         0.         0.1        0.         0.         0.         0.1        0.         0.         0.         0.         0.1        0.         0.         0.         0.         0.         0.         0.         0.         0.         0.         0.         0.11915708 0.         0.36769278 0.         0.         0.        ],[0. 0. 0. 0. 1. 0. 0. 0. 1. 0. 0. 0. 0. 1. 0. 0. 0. 0. 0. 0. 0. 0. 0. 0. 0. 1. 0. 1. 0. 0. 0.],5.0,1000,100,0.01,0.0035,1,6,random,,best,single_objective
710,0.048660198103358754,0.12332559190258906,0.003721295646,[0.         0.         0.         0.         0.1        0.         0.         0.         0.1        0.         0.         0.         0.         0.1        0.         0.         0.         0.         0.         0.         0.         0.         0.         0.         0.         0.11915708 0.         0.36769278 0.         0.         0.        ],[0. 0. 0. 0. 1. 0. 0. 0. 1. 0. 0. 0. 0. 1. 0. 0. 0. 0. 0. 0. 0. 0. 0. 0. 0. 1. 0. 1. 0. 0. 0.],5.0,1000,100,0.01,0.0035,1,6,random,,best,single_objective
711,0.048660198103358754,0.12332559190258906,0.003721295646,[0.         0.         0.         0.         0.1        0.         0.         0.         0.1        0.         0.         0.         0.         0.1        0.         0.         0.         0.         0.         0.         0.         0.         0.         0.         0.         0.11915708 0.         0.36769278 0.         0.         0.        ],[0. 0. 0. 0. 1. 0. 0. 0. 1. 0. 0. 0. 0. 1. 0. 0. 0. 0. 0. 0. 0. 0. 0. 0. 0. 1. 0. 1. 0. 0. 0.],5.0,1000,100,0.01,0.0035,1,6,random,,best,single_objective
712,0.048660198103358754,0.12332559190258906,0.003721295646,[0.         0.         0.         0.         0.1        0.         0.         0.         0.1        0.         0.         0.         0.         0.1        0.         0.         0.         0.         0.         0.         0.         0.         0.         0.         0.         0.11915708 0.         0.36769278 0.         0.         0.        ],[0. 0. 0. 0. 1. 0. 0. 0. 1. 0. 0. 0. 0. 1. 0. 0. 0. 0. 0. 0. 0. 0. 0. 0. 0. 1. 0. 1. 0. 0. 0.],5.0,1000,100,0.01,0.0035,1,6,random,,best,single_objective
713,0.048660198103358754,0.12332559190258906,0.003721295646,[0.         0.         0.         0.         0.1        0.         0.         0.         0.1        0.         0.         0.         0.         0.1        0.         0.         0.         0.         0.         0.         0.         0.         0.         0.         0.         0.11915708 0.         0.36769278 0.         0.         0.        ],[0. 0. 0. 0. 1. 0. 0. 0. 1. 0. 0. 0. 0. 1. 0. 0. 0. 0. 0. 0. 0. 0. 0. 0. 0. 1. 0. 1. 0. 0. 0.],5.0,1000,100,0.01,0.0035,1,6,random,,best,single_objective
714,0.048660198103358754,0.12332559190258906,0.003721295646,[0.         0.         0.         0.         0.1        0.         0.         0.         0.1        0.         0.         0.         0.         0.1        0.         0.         0.         0.         0.         0.         0.         0.         0.         0.         0.         0.11915708 0.         0.36769278 0.         0.         0.        ],[0. 0. 0. 0. 1. 0. 0. 0. 1. 0. 0. 0. 0. 1. 0. 0. 0. 0. 0. 0. 0. 0. 0. 0. 0. 1. 0. 1. 0. 0. 0.],5.0,1000,100,0.01,0.0035,1,6,random,,best,single_objective
715,0.048660198103358754,0.12332559190258906,0.003721295646,[0.         0.         0.         0.         0.1        0.         0.         0.         0.1        0.         0.         0.         0.         0.1        0.         0.         0.         0.         0.         0.         0.         0.         0.         0.         0.         0.11915708 0.         0.36769278 0.         0.         0.        ],[0. 0. 0. 0. 1. 0. 0. 0. 1. 0. 0. 0. 0. 1. 0. 0. 0. 0. 0. 0. 0. 0. 0. 0. 0. 1. 0. 1. 0. 0. 0.],5.0,1000,100,0.01,0.0035,1,6,random,,best,single_objective
716,0.048660198103358754,0.12332559190258906,0.003721295646,[0.         0.         0.         0.         0.1        0.         0.         0.         0.1        0.         0.         0.         0.         0.1        0.         0.         0.         0.         0.         0.         0.         0.         0.         0.         0.         0.11915708 0.         0.36769278 0.         0.         0.        ],[0. 0. 0. 0. 1. 0. 0. 0. 1. 0. 0. 0. 0. 1. 0. 0. 0. 0. 0. 0. 0. 0. 0. 0. 0. 1. 0. 1. 0. 0. 0.],5.0,1000,100,0.01,0.0035,1,6,random,,best,single_objective
717,0.048660198103358754,0.12332559190258906,0.003721295646,[0.         0.         0.         0.         0.1        0.         0.         0.         0.1        0.         0.         0.         0.         0.1        0.         0.         0.         0.         0.         0.         0.         0.         0.         0.         0.         0.11915708 0.         0.36769278 0.         0.         0.        ],[0. 0. 0. 0. 1. 0. 0. 0. 1. 0. 0. 0. 0. 1. 0. 0. 0. 0. 0. 0. 0. 0. 0. 0. 0. 1. 0. 1. 0. 0. 0.],5.0,1000,100,0.01,0.0035,1,6,random,,best,single_objective
718,0.048660198103358754,0.12332559190258906,0.003721295646,[0.         0.         0.         0.         0.1        0.         0.         0.         0.1        0.         0.         0.         0.         0.1        0.         0.         0.         0.         0.         0.         0.         0.         0.         0.         0.         0.11915708 0.         0.36769278 0.         0.         0.        ],[0. 0. 0. 0. 1. 0. 0. 0. 1. 0. 0. 0. 0. 1. 0. 0. 0. 0. 0. 0. 0. 0. 0. 0. 0. 1. 0. 1. 0. 0. 0.],5.0,1000,100,0.01,0.0035,1,6,random,,best,single_objective
719,0.048660198103358754,0.12332559190258906,0.003721295646,[0.         0.         0.         0.         0.1        0.         0.         0.         0.1        0.         0.         0.         0.         0.1        0.         0.         0.         0.         0.         0.         0.         0.         0.         0.         0.         0.11915708 0.         0.36769278 0.         0.         0.        ],[0. 0. 0. 0. 1. 0. 0. 0. 1. 0. 0. 0. 0. 1. 0. 0. 0. 0. 0. 0. 0. 0. 0. 0. 0. 1. 0. 1. 0. 0. 0.],5.0,1000,100,0.01,0.0035,1,6,random,,best,single_objective
720,0.048660198103358754,0.12332559190258906,0.003721295646,[0.         0.         0.         0.         0.1        0.         0.         0.         0.1        0.         0.         0.         0.         0.1        0.         0.         0.         0.         0.         0.         0.         0.         0.         0.         0.         0.11915708 0.         0.36769278 0.         0.         0.        ],[0. 0. 0. 0. 1. 0. 0. 0. 1. 0. 0. 0. 0. 1. 0. 0. 0. 0. 0. 0. 0. 0. 0. 0. 0. 1. 0. 1. 0. 0. 0.],5.0,1000,100,0.01,0.0035,1,6,random,,best,single_objective
721,0.048660198103358754,0.12332559190258906,0.003721295646,[0.         0.         0.         0.         0.1        0.         0.         0.         0.1        0.         0.         0.         0.         0.1        0.         0.         0.         0.         0.         0.         0.         0.         0.         0.         0.         0.11915708 0.         0.36769278 0.         0.         0.        ],[0. 0. 0. 0. 1. 0. 0. 0. 1. 0. 0. 0. 0. 1. 0. 0. 0. 0. 0. 0. 0. 0. 0. 0. 0. 1. 0. 1. 0. 0. 0.],5.0,1000,100,0.01,0.0035,1,6,random,,best,single_objective
722,0.048660198103358754,0.12332559190258906,0.003721295646,[0.         0.         0.         0.         0.1        0.         0.         0.         0.1        0.         0.         0.         0.         0.1        0.         0.         0.         0.         0.         0.         0.         0.         0.         0.         0.         0.11915708 0.         0.36769278 0.         0.         0.        ],[0. 0. 0. 0. 1. 0. 0. 0. 1. 0. 0. 0. 0. 1. 0. 0. 0. 0. 0. 0. 0. 0. 0. 0. 0. 1. 0. 1. 0. 0. 0.],5.0,1000,100,0.01,0.0035,1,6,random,,best,single_objective
723,0.048660198103358754,0.12332559190258906,0.003721295646,[0.         0.         0.         0.         0.1        0.         0.         0.         0.1        0.         0.         0.         0.         0.1        0.         0.         0.         0.         0.         0.         0.         0.         0.         0.         0.         0.11915708 0.         0.36769278 0.         0.         0.        ],[0. 0. 0. 0. 1. 0. 0. 0. 1. 0. 0. 0. 0. 1. 0. 0. 0. 0. 0. 0. 0. 0. 0. 0. 0. 1. 0. 1. 0. 0. 0.],5.0,1000,100,0.01,0.0035,1,6,random,,best,single_objective
724,0.048660198103358754,0.12332559190258906,0.003721295646,[0.         0.         0.         0.         0.1        0.         0.         0.         0.1        0.         0.         0.         0.         0.1        0.         0.         0.         0.         0.         0.         0.         0.         0.         0.         0.         0.11915708 0.         0.36769278 0.         0.         0.        ],[0. 0. 0. 0. 1. 0. 0. 0. 1. 0. 0. 0. 0. 1. 0. 0. 0. 0. 0. 0. 0. 0. 0. 0. 0. 1. 0. 1. 0. 0. 0.],5.0,1000,100,0.01,0.0035,1,6,random,,best,single_objective
725,0.048660198103358754,0.12332559190258906,0.003721295646,[0.         0.         0.         0.         0.1        0.         0.         0.         0.1        0.         0.         0.         0.         0.1        0.         0.         0.         0.         0.         0.         0.         0.         0.         0.         0.         0.11915708 0.         0.36769278 0.         0.         0.        ],[0. 0. 0. 0. 1. 0. 0. 0. 1. 0. 0. 0. 0. 1. 0. 0. 0. 0. 0. 0. 0. 0. 0. 0. 0. 1. 0. 1. 0. 0. 0.],5.0,1000,100,0.01,0.0035,1,6,random,,best,single_objective
726,0.048660198103358754,0.12332559190258906,0.003721295646,[0.         0.         0.         0.         0.1        0.         0.         0.         0.1        0.         0.         0.         0.         0.1        0.         0.         0.         0.         0.         0.         0.         0.         0.         0.         0.         0.11915708 0.         0.36769278 0.         0.         0.        ],[0. 0. 0. 0. 1. 0. 0. 0. 1. 0. 0. 0. 0. 1. 0. 0. 0. 0. 0. 0. 0. 0. 0. 0. 0. 1. 0. 1. 0. 0. 0.],5.0,1000,100,0.01,0.0035,1,6,random,,best,single_objective
727,0.048660198103358754,0.12332559190258906,0.003721295646,[0.         0.         0.         0.         0.1        0.         0.         0.         0.1        0.         0.         0.         0.         0.1        0.         0.         0.         0.         0.         0.         0.         0.         0.         0.         0.         0.11915708 0.         0.36769278 0.         0.         0.        ],[0. 0. 0. 0. 1. 0. 0. 0. 1. 0. 0. 0. 0. 1. 0. 0. 0. 0. 0. 0. 0. 0. 0. 0. 0. 1. 0. 1. 0. 0. 0.],5.0,1000,100,0.01,0.0035,1,6,random,,best,single_objective
728,0.048660198103358754,0.12332559190258906,0.003721295646,[0.         0.         0.         0.         0.1        0.         0.         0.         0.1        0.         0.         0.         0.         0.1        0.         0.         0.         0.         0.         0.         0.         0.         0.         0.         0.         0.11915708 0.         0.36769278 0.         0.         0.        ],[0. 0. 0. 0. 1. 0. 0. 0. 1. 0. 0. 0. 0. 1. 0. 0. 0. 0. 0. 0. 0. 0. 0. 0. 0. 1. 0. 1. 0. 0. 0.],5.0,1000,100,0.01,0.0035,1,6,random,,best,single_objective
729,0.048660198103358754,0.12332559190258906,0.003721295646,[0.         0.         0.         0.         0.1        0.         0.         0.         0.1        0.         0.         0.         0.         0.1        0.         0.         0.         0.         0.         0.         0.         0.         0.         0.         0.         0.11915708 0.         0.36769278 0.         0.         0.        ],[0. 0. 0. 0. 1. 0. 0. 0. 1. 0. 0. 0. 0. 1. 0. 0. 0. 0. 0. 0. 0. 0. 0. 0. 0. 1. 0. 1. 0. 0. 0.],5.0,1000,100,0.01,0.0035,1,6,random,,best,single_objective
730,0.048660198103358754,0.12332559190258906,0.003721295646,[0.         0.         0.         0.         0.1        0.         0.         0.         0.1        0.         0.         0.         0.         0.1        0.         0.         0.         0.         0.         0.         0.         0.         0.         0.         0.         0.11915708 0.         0.36769278 0.         0.         0.        ],[0. 0. 0. 0. 1. 0. 0. 0. 1. 0. 0. 0. 0. 1. 0. 0. 0. 0. 0. 0. 0. 0. 0. 0. 0. 1. 0. 1. 0. 0. 0.],5.0,1000,100,0.01,0.0035,1,6,random,,best,single_objective
731,0.048660198103358754,0.12332559190258906,0.003721295646,[0.         0.         0.         0.         0.1        0.         0.         0.         0.1        0.         0.         0.         0.         0.1        0.         0.         0.         0.         0.         0.         0.         0.         0.         0.         0.         0.11915708 0.         0.36769278 0.         0.         0.        ],[0. 0. 0. 0. 1. 0. 0. 0. 1. 0. 0. 0. 0. 1. 0. 0. 0. 0. 0. 0. 0. 0. 0. 0. 0. 1. 0. 1. 0. 0. 0.],5.0,1000,100,0.01,0.0035,1,6,random,,best,single_objective
732,0.048660198103358754,0.12332559190258906,0.003721295646,[0.         0.         0.         0.         0.1        0.         0.         0.         0.1        0.         0.         0.         0.         0.1        0.         0.         0.         0.         0.         0.         0.         0.         0.         0.         0.         0.11915708 0.         0.36769278 0.         0.         0.        ],[0. 0. 0. 0. 1. 0. 0. 0. 1. 0. 0. 0. 0. 1. 0. 0. 0. 0. 0. 0. 0. 0. 0. 0. 0. 1. 0. 1. 0. 0. 0.],5.0,1000,100,0.01,0.0035,1,6,random,,best,single_objective
733,0.048660198103358754,0.12332559190258906,0.003721295646,[0.         0.         0.         0.         0.1        0.         0.         0.         0.1        0.         0.         0.         0.         0.1        0.         0.         0.         0.         0.         0.         0.         0.         0.         0.         0.         0.11915708 0.         0.36769278 0.         0.         0.        ],[0. 0. 0. 0. 1. 0. 0. 0. 1. 0. 0. 0. 0. 1. 0. 0. 0. 0. 0. 0. 0. 0. 0. 0. 0. 1. 0. 1. 0. 0. 0.],5.0,1000,100,0.01,0.0035,1,6,random,,best,single_objective
734,0.048660198103358754,0.12332559190258906,0.003721295646,[0.         0.         0.         0.         0.1        0.         0.         0.         0.1        0.         0.         0.         0.         0.1        0.         0.         0.         0.         0.         0.         0.         0.         0.         0.         0.         0.11915708 0.         0.36769278 0.         0.         0.        ],[0. 0. 0. 0. 1. 0. 0. 0. 1. 0. 0. 0. 0. 1. 0. 0. 0. 0. 0. 0. 0. 0. 0. 0. 0. 1. 0. 1. 0. 0. 0.],5.0,1000,100,0.01,0.0035,1,6,random,,best,single_objective
735,0.048660198103358754,0.12332559190258906,0.003721295646,[0.         0.         0.         0.         0.1        0.         0.         0.         0.1        0.         0.         0.         0.         0.1        0.         0.         0.         0.         0.         0.         0.         0.         0.         0.         0.         0.11915708 0.         0.36769278 0.         0.         0.        ],[0. 0. 0. 0. 1. 0. 0. 0. 1. 0. 0. 0. 0. 1. 0. 0. 0. 0. 0. 0. 0. 0. 0. 0. 0. 1. 0. 1. 0. 0. 0.],5.0,1000,100,0.01,0.0035,1,6,random,,best,single_objective
736,0.048660198103358754,0.12332559190258906,0.003721295646,[0.         0.         0.         0.         0.1        0.         0.         0.         0.1        0.         0.         0.         0.         0.1        0.         0.         0.         0.         0.         0.         0.         0.         0.         0.         0.         0.11915708 0.         0.36769278 0.         0.         0.        ],[0. 0. 0. 0. 1. 0. 0. 0. 1. 0. 0. 0. 0. 1. 0. 0. 0. 0. 0. 0. 0. 0. 0. 0. 0. 1. 0. 1. 0. 0. 0.],5.0,1000,100,0.01,0.0035,1,6,random,,best,single_objective
737,0.048660198103358754,0.12332559190258906,0.003721295646,[0.         0.         0.         0.         0.1        0.         0.         0.         0.1        0.         0.         0.         0.         0.1        0.         0.         0.         0.         0.         0.         0.         0.         0.         0.         0.         0.11915708 0.         0.36769278 0.         0.         0.        ],[0. 0. 0. 0. 1. 0. 0. 0. 1. 0. 0. 0. 0. 1. 0. 0. 0. 0. 0. 0. 0. 0. 0. 0. 0. 1. 0. 1. 0. 0. 0.],5.0,1000,100,0.01,0.0035,1,6,random,,best,single_objective
738,0.048660198103358754,0.12332559190258906,0.003721295646,[0.         0.         0.         0.         0.1        0.         0.         0.         0.1        0.         0.         0.         0.         0.1        0.         0.         0.         0.         0.         0.         0.         0.         0.         0.         0.         0.11915708 0.         0.36769278 0.         0.         0.        ],[0. 0. 0. 0. 1. 0. 0. 0. 1. 0. 0. 0. 0. 1. 0. 0. 0. 0. 0. 0. 0. 0. 0. 0. 0. 1. 0. 1. 0. 0. 0.],5.0,1000,100,0.01,0.0035,1,6,random,,best,single_objective
739,0.048660198103358754,0.12332559190258906,0.003721295646,[0.         0.         0.         0.         0.1        0.         0.         0.         0.1        0.         0.         0.         0.         0.1        0.         0.         0.         0.         0.         0.         0.         0.         0.         0.         0.         0.11915708 0.         0.36769278 0.         0.         0.        ],[0. 0. 0. 0. 1. 0. 0. 0. 1. 0. 0. 0. 0. 1. 0. 0. 0. 0. 0. 0. 0. 0. 0. 0. 0. 1. 0. 1. 0. 0. 0.],5.0,1000,100,0.01,0.0035,1,6,random,,best,single_objective
740,0.048660198103358754,0.12332559190258906,0.003721295646,[0.         0.         0.         0.         0.1        0.         0.         0.         0.1        0.         0.         0.         0.         0.1        0.         0.         0.         0.         0.         0.         0.         0.         0.         0.         0.         0.11915708 0.         0.36769278 0.         0.         0.        ],[0. 0. 0. 0. 1. 0. 0. 0. 1. 0. 0. 0. 0. 1. 0. 0. 0. 0. 0. 0. 0. 0. 0. 0. 0. 1. 0. 1. 0. 0. 0.],5.0,1000,100,0.01,0.0035,1,6,random,,best,single_objective
741,0.048660198103358754,0.12332559190258906,0.003721295646,[0.         0.         0.         0.         0.1        0.         0.         0.         0.1        0.         0.         0.         0.         0.1        0.         0.         0.         0.         0.         0.         0.         0.         0.         0.         0.         0.11915708 0.         0.36769278 0.         0.         0.        ],[0. 0. 0. 0. 1. 0. 0. 0. 1. 0. 0. 0. 0. 1. 0. 0. 0. 0. 0. 0. 0. 0. 0. 0. 0. 1. 0. 1. 0. 0. 0.],5.0,1000,100,0.01,0.0035,1,6,random,,best,single_objective
742,0.048660198103358754,0.12332559190258906,0.003721295646,[0.         0.         0.         0.         0.1        0.         0.         0.         0.1        0.         0.         0.         0.         0.1        0.         0.         0.         0.         0.         0.         0.         0.         0.         0.         0.         0.11915708 0.         0.36769278 0.         0.         0.        ],[0. 0. 0. 0. 1. 0. 0. 0. 1. 0. 0. 0. 0. 1. 0. 0. 0. 0. 0. 0. 0. 0. 0. 0. 0. 1. 0. 1. 0. 0. 0.],5.0,1000,100,0.01,0.0035,1,6,random,,best,single_objective
743,0.048660198103358754,0.12332559190258906,0.003721295646,[0.         0.         0.         0.         0.1        0.         0.         0.         0.1        0.         0.         0.         0.         0.1        0.         0.         0.         0.         0.         0.         0.         0.         0.         0.         0.         0.11915708 0.         0.36769278 0.         0.         0.        ],[0. 0. 0. 0. 1. 0. 0. 0. 1. 0. 0. 0. 0. 1. 0. 0. 0. 0. 0. 0. 0. 0. 0. 0. 0. 1. 0. 1. 0. 0. 0.],5.0,1000,100,0.01,0.0035,1,6,random,,best,single_objective
744,0.048660198103358754,0.12332559190258906,0.003721295646,[0.         0.         0.         0.         0.1        0.         0.         0.         0.1        0.         0.         0.         0.         0.1        0.         0.         0.         0.         0.         0.         0.         0.         0.         0.         0.         0.11915708 0.         0.36769278 0.         0.         0.        ],[0. 0. 0. 0. 1. 0. 0. 0. 1. 0. 0. 0. 0. 1. 0. 0. 0. 0. 0. 0. 0. 0. 0. 0. 0. 1. 0. 1. 0. 0. 0.],5.0,1000,100,0.01,0.0035,1,6,random,,best,single_objective
745,0.048660198103358754,0.12332559190258906,0.003721295646,[0.         0.         0.         0.         0.1        0.         0.         0.         0.1        0.         0.         0.         0.         0.1        0.         0.         0.         0.         0.         0.         0.         0.         0.         0.         0.         0.11915708 0.         0.36769278 0.         0.         0.        ],[0. 0. 0. 0. 1. 0. 0. 0. 1. 0. 0. 0. 0. 1. 0. 0. 0. 0. 0. 0. 0. 0. 0. 0. 0. 1. 0. 1. 0. 0. 0.],5.0,1000,100,0.01,0.0035,1,6,random,,best,single_objective
746,0.048660198103358754,0.12332559190258906,0.003721295646,[0.         0.         0.         0.         0.1        0.         0.         0.         0.1        0.         0.         0.         0.         0.1        0.         0.         0.         0.         0.         0.         0.         0.         0.         0.         0.         0.11915708 0.         0.36769278 0.         0.         0.        ],[0. 0. 0. 0. 1. 0. 0. 0. 1. 0. 0. 0. 0. 1. 0. 0. 0. 0. 0. 0. 0. 0. 0. 0. 0. 1. 0. 1. 0. 0. 0.],5.0,1000,100,0.01,0.0035,1,6,random,,best,single_objective
747,0.048660198103358754,0.12332559190258906,0.003721295646,[0.         0.         0.         0.         0.1        0.         0.         0.         0.1        0.         0.         0.         0.         0.1        0.         0.         0.         0.         0.         0.         0.         0.         0.         0.         0.         0.11915708 0.         0.36769278 0.         0.         0.        ],[0. 0. 0. 0. 1. 0. 0. 0. 1. 0. 0. 0. 0. 1. 0. 0. 0. 0. 0. 0. 0. 0. 0. 0. 0. 1. 0. 1. 0. 0. 0.],5.0,1000,100,0.01,0.0035,1,6,random,,best,single_objective
748,0.048660198103358754,0.12332559190258906,0.003721295646,[0.         0.         0.         0.         0.1        0.         0.         0.         0.1        0.         0.         0.         0.         0.1        0.         0.         0.         0.         0.         0.         0.         0.         0.         0.         0.         0.11915708 0.         0.36769278 0.         0.         0.        ],[0. 0. 0. 0. 1. 0. 0. 0. 1. 0. 0. 0. 0. 1. 0. 0. 0. 0. 0. 0. 0. 0. 0. 0. 0. 1. 0. 1. 0. 0. 0.],5.0,1000,100,0.01,0.0035,1,6,random,,best,single_objective
749,0.048660198103358754,0.12332559190258906,0.003721295646,[0.         0.         0.         0.         0.1        0.         0.         0.         0.1        0.         0.         0.         0.         0.1        0.         0.         0.         0.         0.         0.         0.         0.         0.         0.         0.         0.11915708 0.         0.36769278 0.         0.         0.        ],[0. 0. 0. 0. 1. 0. 0. 0. 1. 0. 0. 0. 0. 1. 0. 0. 0. 0. 0. 0. 0. 0. 0. 0. 0. 1. 0. 1. 0. 0. 0.],5.0,1000,100,0.01,0.0035,1,6,random,,best,single_objective
750,0.048660198103358754,0.12332559190258906,0.003721295646,[0.         0.         0.         0.         0.1        0.         0.         0.         0.1        0.         0.         0.         0.         0.1        0.         0.         0.         0.         0.         0.         0.         0.         0.         0.         0.         0.11915708 0.         0.36769278 0.         0.         0.        ],[0. 0. 0. 0. 1. 0. 0. 0. 1. 0. 0. 0. 0. 1. 0. 0. 0. 0. 0. 0. 0. 0. 0. 0. 0. 1. 0. 1. 0. 0. 0.],5.0,1000,100,0.01,0.0035,1,6,random,,best,single_objective
751,0.048660198103358754,0.12332559190258906,0.003721295646,[0.         0.         0.         0.         0.1        0.         0.         0.         0.1        0.         0.         0.         0.         0.1        0.         0.         0.         0.         0.         0.         0.         0.         0.         0.         0.         0.11915708 0.         0.36769278 0.         0.         0.        ],[0. 0. 0. 0. 1. 0. 0. 0. 1. 0. 0. 0. 0. 1. 0. 0. 0. 0. 0. 0. 0. 0. 0. 0. 0. 1. 0. 1. 0. 0. 0.],5.0,1000,100,0.01,0.0035,1,6,random,,best,single_objective
752,0.048660198103358754,0.12332559190258906,0.003721295646,[0.         0.         0.         0.         0.1        0.         0.         0.         0.1        0.         0.         0.         0.         0.1        0.         0.         0.         0.         0.         0.         0.         0.         0.         0.         0.         0.11915708 0.         0.36769278 0.         0.         0.        ],[0. 0. 0. 0. 1. 0. 0. 0. 1. 0. 0. 0. 0. 1. 0. 0. 0. 0. 0. 0. 0. 0. 0. 0. 0. 1. 0. 1. 0. 0. 0.],5.0,1000,100,0.01,0.0035,1,6,random,,best,single_objective
753,0.048660198103358754,0.12332559190258906,0.003721295646,[0.         0.         0.         0.         0.1        0.         0.         0.         0.1        0.         0.         0.         0.         0.1        0.         0.         0.         0.         0.         0.         0.         0.         0.         0.         0.         0.11915708 0.         0.36769278 0.         0.         0.        ],[0. 0. 0. 0. 1. 0. 0. 0. 1. 0. 0. 0. 0. 1. 0. 0. 0. 0. 0. 0. 0. 0. 0. 0. 0. 1. 0. 1. 0. 0. 0.],5.0,1000,100,0.01,0.0035,1,6,random,,best,single_objective
754,0.048660198103358754,0.12332559190258906,0.003721295646,[0.         0.         0.         0.         0.1        0.         0.         0.         0.1        0.         0.         0.         0.         0.1        0.         0.         0.         0.         0.         0.         0.         0.         0.         0.         0.         0.11915708 0.         0.36769278 0.         0.         0.        ],[0. 0. 0. 0. 1. 0. 0. 0. 1. 0. 0. 0. 0. 1. 0. 0. 0. 0. 0. 0. 0. 0. 0. 0. 0. 1. 0. 1. 0. 0. 0.],5.0,1000,100,0.01,0.0035,1,6,random,,best,single_objective
755,0.048660198103358754,0.12332559190258906,0.003721295646,[0.         0.         0.         0.         0.1        0.         0.         0.         0.1        0.         0.         0.         0.         0.1        0.         0.         0.         0.         0.         0.         0.         0.         0.         0.         0.         0.11915708 0.         0.36769278 0.         0.         0.        ],[0. 0. 0. 0. 1. 0. 0. 0. 1. 0. 0. 0. 0. 1. 0. 0. 0. 0. 0. 0. 0. 0. 0. 0. 0. 1. 0. 1. 0. 0. 0.],5.0,1000,100,0.01,0.0035,1,6,random,,best,single_objective
756,0.048660198103358754,0.12332559190258906,0.003721295646,[0.         0.         0.         0.         0.1        0.         0.         0.         0.1        0.         0.         0.         0.         0.1        0.         0.         0.         0.         0.         0.         0.         0.         0.         0.         0.         0.11915708 0.         0.36769278 0.         0.         0.        ],[0. 0. 0. 0. 1. 0. 0. 0. 1. 0. 0. 0. 0. 1. 0. 0. 0. 0. 0. 0. 0. 0. 0. 0. 0. 1. 0. 1. 0. 0. 0.],5.0,1000,100,0.01,0.0035,1,6,random,,best,single_objective
757,0.048660198103358754,0.12332559190258906,0.003721295646,[0.         0.         0.         0.         0.1        0.         0.         0.         0.1        0.         0.         0.         0.         0.1        0.         0.         0.         0.         0.         0.         0.         0.         0.         0.         0.         0.11915708 0.         0.36769278 0.         0.         0.        ],[0. 0. 0. 0. 1. 0. 0. 0. 1. 0. 0. 0. 0. 1. 0. 0. 0. 0. 0. 0. 0. 0. 0. 0. 0. 1. 0. 1. 0. 0. 0.],5.0,1000,100,0.01,0.0035,1,6,random,,best,single_objective
758,0.048660198103358754,0.12332559190258906,0.003721295646,[0.         0.         0.         0.         0.1        0.         0.         0.         0.1        0.         0.         0.         0.         0.1        0.         0.         0.         0.         0.         0.         0.         0.         0.         0.         0.         0.11915708 0.         0.36769278 0.         0.         0.        ],[0. 0. 0. 0. 1. 0. 0. 0. 1. 0. 0. 0. 0. 1. 0. 0. 0. 0. 0. 0. 0. 0. 0. 0. 0. 1. 0. 1. 0. 0. 0.],5.0,1000,100,0.01,0.0035,1,6,random,,best,single_objective
759,0.048660198103358754,0.12332559190258906,0.003721295646,[0.         0.         0.         0.         0.1        0.         0.         0.         0.1        0.         0.         0.         0.         0.1        0.         0.         0.         0.         0.         0.         0.         0.         0.         0.         0.         0.11915708 0.         0.36769278 0.         0.         0.        ],[0. 0. 0. 0. 1. 0. 0. 0. 1. 0. 0. 0. 0. 1. 0. 0. 0. 0. 0. 0. 0. 0. 0. 0. 0. 1. 0. 1. 0. 0. 0.],5.0,1000,100,0.01,0.0035,1,6,random,,best,single_objective
760,0.048660198103358754,0.12332559190258906,0.003721295646,[0.         0.         0.         0.         0.1        0.         0.         0.         0.1        0.         0.         0.         0.         0.1        0.         0.         0.         0.         0.         0.         0.         0.         0.         0.         0.         0.11915708 0.         0.36769278 0.         0.         0.        ],[0. 0. 0. 0. 1. 0. 0. 0. 1. 0. 0. 0. 0. 1. 0. 0. 0. 0. 0. 0. 0. 0. 0. 0. 0. 1. 0. 1. 0. 0. 0.],5.0,1000,100,0.01,0.0035,1,6,random,,best,single_objective
761,0.048660198103358754,0.12332559190258906,0.003721295646,[0.         0.         0.         0.         0.1        0.         0.         0.         0.1        0.         0.         0.         0.         0.1        0.         0.         0.         0.         0.         0.         0.         0.         0.         0.         0.         0.11915708 0.         0.36769278 0.         0.         0.        ],[0. 0. 0. 0. 1. 0. 0. 0. 1. 0. 0. 0. 0. 1. 0. 0. 0. 0. 0. 0. 0. 0. 0. 0. 0. 1. 0. 1. 0. 0. 0.],5.0,1000,100,0.01,0.0035,1,6,random,,best,single_objective
762,0.048660198103358754,0.12332559190258906,0.003721295646,[0.         0.         0.         0.         0.1        0.         0.         0.         0.1        0.         0.         0.         0.         0.1        0.         0.         0.         0.         0.         0.         0.         0.         0.         0.         0.         0.11915708 0.         0.36769278 0.         0.         0.        ],[0. 0. 0. 0. 1. 0. 0. 0. 1. 0. 0. 0. 0. 1. 0. 0. 0. 0. 0. 0. 0. 0. 0. 0. 0. 1. 0. 1. 0. 0. 0.],5.0,1000,100,0.01,0.0035,1,6,random,,best,single_objective
763,0.048660198103358754,0.12332559190258906,0.003721295646,[0.         0.         0.         0.         0.1        0.         0.         0.         0.1        0.         0.         0.         0.         0.1        0.         0.         0.         0.         0.         0.         0.         0.         0.         0.         0.         0.11915708 0.         0.36769278 0.         0.         0.        ],[0. 0. 0. 0. 1. 0. 0. 0. 1. 0. 0. 0. 0. 1. 0. 0. 0. 0. 0. 0. 0. 0. 0. 0. 0. 1. 0. 1. 0. 0. 0.],5.0,1000,100,0.01,0.0035,1,6,random,,best,single_objective
764,0.048660198103358754,0.12332559190258906,0.003721295646,[0.         0.         0.         0.         0.1        0.         0.         0.         0.1        0.         0.         0.         0.         0.1        0.         0.         0.         0.         0.         0.         0.         0.         0.         0.         0.         0.11915708 0.         0.36769278 0.         0.         0.        ],[0. 0. 0. 0. 1. 0. 0. 0. 1. 0. 0. 0. 0. 1. 0. 0. 0. 0. 0. 0. 0. 0. 0. 0. 0. 1. 0. 1. 0. 0. 0.],5.0,1000,100,0.01,0.0035,1,6,random,,best,single_objective
765,0.048660198103358754,0.12332559190258906,0.003721295646,[0.         0.         0.         0.         0.1        0.         0.         0.         0.1        0.         0.         0.         0.         0.1        0.         0.         0.         0.         0.         0.         0.         0.         0.         0.         0.         0.11915708 0.         0.36769278 0.         0.         0.        ],[0. 0. 0. 0. 1. 0. 0. 0. 1. 0. 0. 0. 0. 1. 0. 0. 0. 0. 0. 0. 0. 0. 0. 0. 0. 1. 0. 1. 0. 0. 0.],5.0,1000,100,0.01,0.0035,1,6,random,,best,single_objective
766,0.048660198103358754,0.12332559190258906,0.003721295646,[0.         0.         0.         0.         0.1        0.         0.         0.         0.1        0.         0.         0.         0.         0.1        0.         0.         0.         0.         0.         0.         0.         0.         0.         0.         0.         0.11915708 0.         0.36769278 0.         0.         0.        ],[0. 0. 0. 0. 1. 0. 0. 0. 1. 0. 0. 0. 0. 1. 0. 0. 0. 0. 0. 0. 0. 0. 0. 0. 0. 1. 0. 1. 0. 0. 0.],5.0,1000,100,0.01,0.0035,1,6,random,,best,single_objective
767,0.048660198103358754,0.12332559190258906,0.003721295646,[0.         0.         0.         0.         0.1        0.         0.         0.         0.1        0.         0.         0.         0.         0.1        0.         0.         0.         0.         0.         0.         0.         0.         0.         0.         0.         0.11915708 0.         0.36769278 0.         0.         0.        ],[0. 0. 0. 0. 1. 0. 0. 0. 1. 0. 0. 0. 0. 1. 0. 0. 0. 0. 0. 0. 0. 0. 0. 0. 0. 1. 0. 1. 0. 0. 0.],5.0,1000,100,0.01,0.0035,1,6,random,,best,single_objective
768,0.048660198103358754,0.12332559190258906,0.003721295646,[0.         0.         0.         0.         0.1        0.         0.         0.         0.1        0.         0.         0.         0.         0.1        0.         0.         0.         0.         0.         0.         0.         0.         0.         0.         0.         0.11915708 0.         0.36769278 0.         0.         0.        ],[0. 0. 0. 0. 1. 0. 0. 0. 1. 0. 0. 0. 0. 1. 0. 0. 0. 0. 0. 0. 0. 0. 0. 0. 0. 1. 0. 1. 0. 0. 0.],5.0,1000,100,0.01,0.0035,1,6,random,,best,single_objective
769,0.048660198103358754,0.12332559190258906,0.003721295646,[0.         0.         0.         0.         0.1        0.         0.         0.         0.1        0.         0.         0.         0.         0.1        0.         0.         0.         0.         0.         0.         0.         0.         0.         0.         0.         0.11915708 0.         0.36769278 0.         0.         0.        ],[0. 0. 0. 0. 1. 0. 0. 0. 1. 0. 0. 0. 0. 1. 0. 0. 0. 0. 0. 0. 0. 0. 0. 0. 0. 1. 0. 1. 0. 0. 0.],5.0,1000,100,0.01,0.0035,1,6,random,,best,single_objective
770,0.048660198103358754,0.12332559190258906,0.003721295646,[0.         0.         0.         0.         0.1        0.         0.         0.         0.1        0.         0.         0.         0.         0.1        0.         0.         0.         0.         0.         0.         0.         0.         0.         0.         0.         0.11915708 0.         0.36769278 0.         0.         0.        ],[0. 0. 0. 0. 1. 0. 0. 0. 1. 0. 0. 0. 0. 1. 0. 0. 0. 0. 0. 0. 0. 0. 0. 0. 0. 1. 0. 1. 0. 0. 0.],5.0,1000,100,0.01,0.0035,1,6,random,,best,single_objective
771,0.048660198103358754,0.12332559190258906,0.003721295646,[0.         0.         0.         0.         0.1        0.         0.         0.         0.1        0.         0.         0.         0.         0.1        0.         0.         0.         0.         0.         0.         0.         0.         0.         0.         0.         0.11915708 0.         0.36769278 0.         0.         0.        ],[0. 0. 0. 0. 1. 0. 0. 0. 1. 0. 0. 0. 0. 1. 0. 0. 0. 0. 0. 0. 0. 0. 0. 0. 0. 1. 0. 1. 0. 0. 0.],5.0,1000,100,0.01,0.0035,1,6,random,,best,single_objective
772,0.048660198103358754,0.12332559190258906,0.003721295646,[0.         0.         0.         0.         0.1        0.         0.         0.         0.1        0.         0.         0.         0.         0.1        0.         0.         0.         0.         0.         0.         0.         0.         0.         0.         0.         0.11915708 0.         0.36769278 0.         0.         0.        ],[0. 0. 0. 0. 1. 0. 0. 0. 1. 0. 0. 0. 0. 1. 0. 0. 0. 0. 0. 0. 0. 0. 0. 0. 0. 1. 0. 1. 0. 0. 0.],5.0,1000,100,0.01,0.0035,1,6,random,,best,single_objective
773,0.048660198103358754,0.12332559190258906,0.003721295646,[0.         0.         0.         0.         0.1        0.         0.         0.         0.1        0.         0.         0.         0.         0.1        0.         0.         0.         0.         0.         0.         0.         0.         0.         0.         0.         0.11915708 0.         0.36769278 0.         0.         0.        ],[0. 0. 0. 0. 1. 0. 0. 0. 1. 0. 0. 0. 0. 1. 0. 0. 0. 0. 0. 0. 0. 0. 0. 0. 0. 1. 0. 1. 0. 0. 0.],5.0,1000,100,0.01,0.0035,1,6,random,,best,single_objective
774,0.048660198103358754,0.12332559190258906,0.003721295646,[0.         0.         0.         0.         0.1        0.         0.         0.         0.1        0.         0.         0.         0.         0.1        0.         0.         0.         0.         0.         0.         0.         0.         0.         0.         0.         0.11915708 0.         0.36769278 0.         0.         0.        ],[0. 0. 0. 0. 1. 0. 0. 0. 1. 0. 0. 0. 0. 1. 0. 0. 0. 0. 0. 0. 0. 0. 0. 0. 0. 1. 0. 1. 0. 0. 0.],5.0,1000,100,0.01,0.0035,1,6,random,,best,single_objective
775,0.048660198103358754,0.12332559190258906,0.003721295646,[0.         0.         0.         0.         0.1        0.         0.         0.         0.1        0.         0.         0.         0.         0.1        0.         0.         0.         0.         0.         0.         0.         0.         0.         0.         0.         0.11915708 0.         0.36769278 0.         0.         0.        ],[0. 0. 0. 0. 1. 0. 0. 0. 1. 0. 0. 0. 0. 1. 0. 0. 0. 0. 0. 0. 0. 0. 0. 0. 0. 1. 0. 1. 0. 0. 0.],5.0,1000,100,0.01,0.0035,1,6,random,,best,single_objective
776,0.048660198103358754,0.12332559190258906,0.003721295646,[0.         0.         0.         0.         0.1        0.         0.         0.         0.1        0.         0.         0.         0.         0.1        0.         0.         0.         0.         0.         0.         0.         0.         0.         0.         0.         0.11915708 0.         0.36769278 0.         0.         0.        ],[0. 0. 0. 0. 1. 0. 0. 0. 1. 0. 0. 0. 0. 1. 0. 0. 0. 0. 0. 0. 0. 0. 0. 0. 0. 1. 0. 1. 0. 0. 0.],5.0,1000,100,0.01,0.0035,1,6,random,,best,single_objective
777,0.048660198103358754,0.12332559190258906,0.003721295646,[0.         0.         0.         0.         0.1        0.         0.         0.         0.1        0.         0.         0.         0.         0.1        0.         0.         0.         0.         0.         0.         0.         0.         0.         0.         0.         0.11915708 0.         0.36769278 0.         0.         0.        ],[0. 0. 0. 0. 1. 0. 0. 0. 1. 0. 0. 0. 0. 1. 0. 0. 0. 0. 0. 0. 0. 0. 0. 0. 0. 1. 0. 1. 0. 0. 0.],5.0,1000,100,0.01,0.0035,1,6,random,,best,single_objective
778,0.048660198103358754,0.12332559190258906,0.003721295646,[0.         0.         0.         0.         0.1        0.         0.         0.         0.1        0.         0.         0.         0.         0.1        0.         0.         0.         0.         0.         0.         0.         0.         0.         0.         0.         0.11915708 0.         0.36769278 0.         0.         0.        ],[0. 0. 0. 0. 1. 0. 0. 0. 1. 0. 0. 0. 0. 1. 0. 0. 0. 0. 0. 0. 0. 0. 0. 0. 0. 1. 0. 1. 0. 0. 0.],5.0,1000,100,0.01,0.0035,1,6,random,,best,single_objective
779,0.048660198103358754,0.12332559190258906,0.003721295646,[0.         0.         0.         0.         0.1        0.         0.         0.         0.1        0.         0.         0.         0.         0.1        0.         0.         0.         0.         0.         0.         0.         0.         0.         0.         0.         0.11915708 0.         0.36769278 0.         0.         0.        ],[0. 0. 0. 0. 1. 0. 0. 0. 1. 0. 0. 0. 0. 1. 0. 0. 0. 0. 0. 0. 0. 0. 0. 0. 0. 1. 0. 1. 0. 0. 0.],5.0,1000,100,0.01,0.0035,1,6,random,,best,single_objective
780,0.048660198103358754,0.12332559190258906,0.003721295646,[0.         0.         0.         0.         0.1        0.         0.         0.         0.1        0.         0.         0.         0.         0.1        0.         0.         0.         0.         0.         0.         0.         0.         0.         0.         0.         0.11915708 0.         0.36769278 0.         0.         0.        ],[0. 0. 0. 0. 1. 0. 0. 0. 1. 0. 0. 0. 0. 1. 0. 0. 0. 0. 0. 0. 0. 0. 0. 0. 0. 1. 0. 1. 0. 0. 0.],5.0,1000,100,0.01,0.0035,1,6,random,,best,single_objective
781,0.048660198103358754,0.12332559190258906,0.003721295646,[0.         0.         0.         0.         0.1        0.         0.         0.         0.1        0.         0.         0.         0.         0.1        0.         0.         0.         0.         0.         0.         0.         0.         0.         0.         0.         0.11915708 0.         0.36769278 0.         0.         0.        ],[0. 0. 0. 0. 1. 0. 0. 0. 1. 0. 0. 0. 0. 1. 0. 0. 0. 0. 0. 0. 0. 0. 0. 0. 0. 1. 0. 1. 0. 0. 0.],5.0,1000,100,0.01,0.0035,1,6,random,,best,single_objective
782,0.048660198103358754,0.12332559190258906,0.003721295646,[0.         0.         0.         0.         0.1        0.         0.         0.         0.1        0.         0.         0.         0.         0.1        0.         0.         0.         0.         0.         0.         0.         0.         0.         0.         0.         0.11915708 0.         0.36769278 0.         0.         0.        ],[0. 0. 0. 0. 1. 0. 0. 0. 1. 0. 0. 0. 0. 1. 0. 0. 0. 0. 0. 0. 0. 0. 0. 0. 0. 1. 0. 1. 0. 0. 0.],5.0,1000,100,0.01,0.0035,1,6,random,,best,single_objective
783,0.048660198103358754,0.12332559190258906,0.003721295646,[0.         0.         0.         0.         0.1        0.         0.         0.         0.1        0.         0.         0.         0.         0.1        0.         0.         0.         0.         0.         0.         0.         0.         0.         0.         0.         0.11915708 0.         0.36769278 0.         0.         0.        ],[0. 0. 0. 0. 1. 0. 0. 0. 1. 0. 0. 0. 0. 1. 0. 0. 0. 0. 0. 0. 0. 0. 0. 0. 0. 1. 0. 1. 0. 0. 0.],5.0,1000,100,0.01,0.0035,1,6,random,,best,single_objective
784,0.048660198103358754,0.12332559190258906,0.003721295646,[0.         0.         0.         0.         0.1        0.         0.         0.         0.1        0.         0.         0.         0.         0.1        0.         0.         0.         0.         0.         0.         0.         0.         0.         0.         0.         0.11915708 0.         0.36769278 0.         0.         0.        ],[0. 0. 0. 0. 1. 0. 0. 0. 1. 0. 0. 0. 0. 1. 0. 0. 0. 0. 0. 0. 0. 0. 0. 0. 0. 1. 0. 1. 0. 0. 0.],5.0,1000,100,0.01,0.0035,1,6,random,,best,single_objective
785,0.048660198103358754,0.12332559190258906,0.003721295646,[0.         0.         0.         0.         0.1        0.         0.         0.         0.1        0.         0.         0.         0.         0.1        0.         0.         0.         0.         0.         0.         0.         0.         0.         0.         0.         0.11915708 0.         0.36769278 0.         0.         0.        ],[0. 0. 0. 0. 1. 0. 0. 0. 1. 0. 0. 0. 0. 1. 0. 0. 0. 0. 0. 0. 0. 0. 0. 0. 0. 1. 0. 1. 0. 0. 0.],5.0,1000,100,0.01,0.0035,1,6,random,,best,single_objective
786,0.048660198103358754,0.12332559190258906,0.003721295646,[0.         0.         0.         0.         0.1        0.         0.         0.         0.1        0.         0.         0.         0.         0.1        0.         0.         0.         0.         0.         0.         0.         0.         0.         0.         0.         0.11915708 0.         0.36769278 0.         0.         0.        ],[0. 0. 0. 0. 1. 0. 0. 0. 1. 0. 0. 0. 0. 1. 0. 0. 0. 0. 0. 0. 0. 0. 0. 0. 0. 1. 0. 1. 0. 0. 0.],5.0,1000,100,0.01,0.0035,1,6,random,,best,single_objective
787,0.048660198103358754,0.12332559190258906,0.003721295646,[0.         0.         0.         0.         0.1        0.         0.         0.         0.1        0.         0.         0.         0.         0.1        0.         0.         0.         0.         0.         0.         0.         0.         0.         0.         0.         0.11915708 0.         0.36769278 0.         0.         0.        ],[0. 0. 0. 0. 1. 0. 0. 0. 1. 0. 0. 0. 0. 1. 0. 0. 0. 0. 0. 0. 0. 0. 0. 0. 0. 1. 0. 1. 0. 0. 0.],5.0,1000,100,0.01,0.0035,1,6,random,,best,single_objective
788,0.048660198103358754,0.12332559190258906,0.003721295646,[0.         0.         0.         0.         0.1        0.         0.         0.         0.1        0.         0.         0.         0.         0.1        0.         0.         0.         0.         0.         0.         0.         0.         0.         0.         0.         0.11915708 0.         0.36769278 0.         0.         0.        ],[0. 0. 0. 0. 1. 0. 0. 0. 1. 0. 0. 0. 0. 1. 0. 0. 0. 0. 0. 0. 0. 0. 0. 0. 0. 1. 0. 1. 0. 0. 0.],5.0,1000,100,0.01,0.0035,1,6,random,,best,single_objective
789,0.048660198103358754,0.12332559190258906,0.003721295646,[0.         0.         0.         0.         0.1        0.         0.         0.         0.1        0.         0.         0.         0.         0.1        0.         0.         0.         0.         0.         0.         0.         0.         0.         0.         0.         0.11915708 0.         0.36769278 0.         0.         0.        ],[0. 0. 0. 0. 1. 0. 0. 0. 1. 0. 0. 0. 0. 1. 0. 0. 0. 0. 0. 0. 0. 0. 0. 0. 0. 1. 0. 1. 0. 0. 0.],5.0,1000,100,0.01,0.0035,1,6,random,,best,single_objective
790,0.048660198103358754,0.12332559190258906,0.003721295646,[0.         0.         0.         0.         0.1        0.         0.         0.         0.1        0.         0.         0.         0.         0.1        0.         0.         0.         0.         0.         0.         0.         0.         0.         0.         0.         0.11915708 0.         0.36769278 0.         0.         0.        ],[0. 0. 0. 0. 1. 0. 0. 0. 1. 0. 0. 0. 0. 1. 0. 0. 0. 0. 0. 0. 0. 0. 0. 0. 0. 1. 0. 1. 0. 0. 0.],5.0,1000,100,0.01,0.0035,1,6,random,,best,single_objective
791,0.048660198103358754,0.12332559190258906,0.003721295646,[0.         0.         0.         0.         0.1        0.         0.         0.         0.1        0.         0.         0.         0.         0.1        0.         0.         0.         0.         0.         0.         0.         0.         0.         0.         0.         0.11915708 0.         0.36769278 0.         0.         0.        ],[0. 0. 0. 0. 1. 0. 0. 0. 1. 0. 0. 0. 0. 1. 0. 0. 0. 0. 0. 0. 0. 0. 0. 0. 0. 1. 0. 1. 0. 0. 0.],5.0,1000,100,0.01,0.0035,1,6,random,,best,single_objective
792,0.048660198103358754,0.12332559190258906,0.003721295646,[0.         0.         0.         0.         0.1        0.         0.         0.         0.1        0.         0.         0.         0.         0.1        0.         0.         0.         0.         0.         0.         0.         0.         0.         0.         0.         0.11915708 0.         0.36769278 0.         0.         0.        ],[0. 0. 0. 0. 1. 0. 0. 0. 1. 0. 0. 0. 0. 1. 0. 0. 0. 0. 0. 0. 0. 0. 0. 0. 0. 1. 0. 1. 0. 0. 0.],5.0,1000,100,0.01,0.0035,1,6,random,,best,single_objective
793,0.048660198103358754,0.12332559190258906,0.003721295646,[0.         0.         0.         0.         0.1        0.         0.         0.         0.1        0.         0.         0.         0.         0.1        0.         0.         0.         0.         0.         0.         0.         0.         0.         0.         0.         0.11915708 0.         0.36769278 0.         0.         0.        ],[0. 0. 0. 0. 1. 0. 0. 0. 1. 0. 0. 0. 0. 1. 0. 0. 0. 0. 0. 0. 0. 0. 0. 0. 0. 1. 0. 1. 0. 0. 0.],5.0,1000,100,0.01,0.0035,1,6,random,,best,single_objective
794,0.048660198103358754,0.12332559190258906,0.003721295646,[0.         0.         0.         0.         0.1        0.         0.         0.         0.1        0.         0.         0.         0.         0.1        0.         0.         0.         0.         0.         0.         0.         0.         0.         0.         0.         0.11915708 0.         0.36769278 0.         0.         0.        ],[0. 0. 0. 0. 1. 0. 0. 0. 1. 0. 0. 0. 0. 1. 0. 0. 0. 0. 0. 0. 0. 0. 0. 0. 0. 1. 0. 1. 0. 0. 0.],5.0,1000,100,0.01,0.0035,1,6,random,,best,single_objective
795,0.048660198103358754,0.12332559190258906,0.003721295646,[0.         0.         0.         0.         0.1        0.         0.         0.         0.1        0.         0.         0.         0.         0.1        0.         0.         0.         0.         0.         0.         0.         0.         0.         0.         0.         0.11915708 0.         0.36769278 0.         0.         0.        ],[0. 0. 0. 0. 1. 0. 0. 0. 1. 0. 0. 0. 0. 1. 0. 0. 0. 0. 0. 0. 0. 0. 0. 0. 0. 1. 0. 1. 0. 0. 0.],5.0,1000,100,0.01,0.0035,1,6,random,,best,single_objective
796,0.048660198103358754,0.12332559190258906,0.003721295646,[0.         0.         0.         0.         0.1        0.         0.         0.         0.1        0.         0.         0.         0.         0.1        0.         0.         0.         0.         0.         0.         0.         0.         0.         0.         0.         0.11915708 0.         0.36769278 0.         0.         0.        ],[0. 0. 0. 0. 1. 0. 0. 0. 1. 0. 0. 0. 0. 1. 0. 0. 0. 0. 0. 0. 0. 0. 0. 0. 0. 1. 0. 1. 0. 0. 0.],5.0,1000,100,0.01,0.0035,1,6,random,,best,single_objective
797,0.048660198103358754,0.12332559190258906,0.003721295646,[0.         0.         0.         0.         0.1        0.         0.         0.         0.1        0.         0.         0.         0.         0.1        0.         0.         0.         0.         0.         0.         0.         0.         0.         0.         0.         0.11915708 0.         0.36769278 0.         0.         0.        ],[0. 0. 0. 0. 1. 0. 0. 0. 1. 0. 0. 0. 0. 1. 0. 0. 0. 0. 0. 0. 0. 0. 0. 0. 0. 1. 0. 1. 0. 0. 0.],5.0,1000,100,0.01,0.0035,1,6,random,,best,single_objective
798,0.048660198103358754,0.12332559190258906,0.003721295646,[0.         0.         0.         0.         0.1        0.         0.         0.         0.1        0.         0.         0.         0.         0.1        0.         0.         0.         0.         0.         0.         0.         0.         0.         0.         0.         0.11915708 0.         0.36769278 0.         0.         0.        ],[0. 0. 0. 0. 1. 0. 0. 0. 1. 0. 0. 0. 0. 1. 0. 0. 0. 0. 0. 0. 0. 0. 0. 0. 0. 1. 0. 1. 0. 0. 0.],5.0,1000,100,0.01,0.0035,1,6,random,,best,single_objective
799,0.048660198103358754,0.12332559190258906,0.003721295646,[0.         0.         0.         0.         0.1        0.         0.         0.         0.1        0.         0.         0.         0.         0.1        0.         0.         0.         0.         0.         0.         0.         0.         0.         0.         0.         0.11915708 0.         0.36769278 0.         0.         0.        ],[0. 0. 0. 0. 1. 0. 0. 0. 1. 0. 0. 0. 0. 1. 0. 0. 0. 0. 0. 0. 0. 0. 0. 0. 0. 1. 0. 1. 0. 0. 0.],5.0,1000,100,0.01,0.0035,1,6,random,,best,single_objective
800,0.048660198103358754,0.12332559190258906,0.003721295646,[0.         0.         0.         0.         0.1        0.         0.         0.         0.1        0.         0.         0.         0.         0.1        0.         0.         0.         0.         0.         0.         0.         0.         0.         0.         0.         0.11915708 0.         0.36769278 0.         0.         0.        ],[0. 0. 0. 0. 1. 0. 0. 0. 1. 0. 0. 0. 0. 1. 0. 0. 0. 0. 0. 0. 0. 0. 0. 0. 0. 1. 0. 1. 0. 0. 0.],5.0,1000,100,0.01,0.0035,1,6,random,,best,single_objective
801,0.048660198103358754,0.12332559190258906,0.003721295646,[0.         0.         0.         0.         0.1        0.         0.         0.         0.1        0.         0.         0.         0.         0.1        0.         0.         0.         0.         0.         0.         0.         0.         0.         0.         0.         0.11915708 0.         0.36769278 0.         0.         0.        ],[0. 0. 0. 0. 1. 0. 0. 0. 1. 0. 0. 0. 0. 1. 0. 0. 0. 0. 0. 0. 0. 0. 0. 0. 0. 1. 0. 1. 0. 0. 0.],5.0,1000,100,0.01,0.0035,1,6,random,,best,single_objective
802,0.048660198103358754,0.12332559190258906,0.003721295646,[0.         0.         0.         0.         0.1        0.         0.         0.         0.1        0.         0.         0.         0.         0.1        0.         0.         0.         0.         0.         0.         0.         0.         0.         0.         0.         0.11915708 0.         0.36769278 0.         0.         0.        ],[0. 0. 0. 0. 1. 0. 0. 0. 1. 0. 0. 0. 0. 1. 0. 0. 0. 0. 0. 0. 0. 0. 0. 0. 0. 1. 0. 1. 0. 0. 0.],5.0,1000,100,0.01,0.0035,1,6,random,,best,single_objective
803,0.048660198103358754,0.12332559190258906,0.003721295646,[0.         0.         0.         0.         0.1        0.         0.         0.         0.1        0.         0.         0.         0.         0.1        0.         0.         0.         0.         0.         0.         0.         0.         0.         0.         0.         0.11915708 0.         0.36769278 0.         0.         0.        ],[0. 0. 0. 0. 1. 0. 0. 0. 1. 0. 0. 0. 0. 1. 0. 0. 0. 0. 0. 0. 0. 0. 0. 0. 0. 1. 0. 1. 0. 0. 0.],5.0,1000,100,0.01,0.0035,1,6,random,,best,single_objective
804,0.048660198103358754,0.12332559190258906,0.003721295646,[0.         0.         0.         0.         0.1        0.         0.         0.         0.1        0.         0.         0.         0.         0.1        0.         0.         0.         0.         0.         0.         0.         0.         0.         0.         0.         0.11915708 0.         0.36769278 0.         0.         0.        ],[0. 0. 0. 0. 1. 0. 0. 0. 1. 0. 0. 0. 0. 1. 0. 0. 0. 0. 0. 0. 0. 0. 0. 0. 0. 1. 0. 1. 0. 0. 0.],5.0,1000,100,0.01,0.0035,1,6,random,,best,single_objective
805,0.048660198103358754,0.12332559190258906,0.003721295646,[0.         0.         0.         0.         0.1        0.         0.         0.         0.1        0.         0.         0.         0.         0.1        0.         0.         0.         0.         0.         0.         0.         0.         0.         0.         0.         0.11915708 0.         0.36769278 0.         0.         0.        ],[0. 0. 0. 0. 1. 0. 0. 0. 1. 0. 0. 0. 0. 1. 0. 0. 0. 0. 0. 0. 0. 0. 0. 0. 0. 1. 0. 1. 0. 0. 0.],5.0,1000,100,0.01,0.0035,1,6,random,,best,single_objective
806,0.048660198103358754,0.12332559190258906,0.003721295646,[0.         0.         0.         0.         0.1        0.         0.         0.         0.1        0.         0.         0.         0.         0.1        0.         0.         0.         0.         0.         0.         0.         0.         0.         0.         0.         0.11915708 0.         0.36769278 0.         0.         0.        ],[0. 0. 0. 0. 1. 0. 0. 0. 1. 0. 0. 0. 0. 1. 0. 0. 0. 0. 0. 0. 0. 0. 0. 0. 0. 1. 0. 1. 0. 0. 0.],5.0,1000,100,0.01,0.0035,1,6,random,,best,single_objective
807,0.048660198103358754,0.12332559190258906,0.003721295646,[0.         0.         0.         0.         0.1        0.         0.         0.         0.1        0.         0.         0.         0.         0.1        0.         0.         0.         0.         0.         0.         0.         0.         0.         0.         0.         0.11915708 0.         0.36769278 0.         0.         0.        ],[0. 0. 0. 0. 1. 0. 0. 0. 1. 0. 0. 0. 0. 1. 0. 0. 0. 0. 0. 0. 0. 0. 0. 0. 0. 1. 0. 1. 0. 0. 0.],5.0,1000,100,0.01,0.0035,1,6,random,,best,single_objective
808,0.048660198103358754,0.12332559190258906,0.003721295646,[0.         0.         0.         0.         0.1        0.         0.         0.         0.1        0.         0.         0.         0.         0.1        0.         0.         0.         0.         0.         0.         0.         0.         0.         0.         0.         0.11915708 0.         0.36769278 0.         0.         0.        ],[0. 0. 0. 0. 1. 0. 0. 0. 1. 0. 0. 0. 0. 1. 0. 0. 0. 0. 0. 0. 0. 0. 0. 0. 0. 1. 0. 1. 0. 0. 0.],5.0,1000,100,0.01,0.0035,1,6,random,,best,single_objective
809,0.048660198103358754,0.12332559190258906,0.003721295646,[0.         0.         0.         0.         0.1        0.         0.         0.         0.1        0.         0.         0.         0.         0.1        0.         0.         0.         0.         0.         0.         0.         0.         0.         0.         0.         0.11915708 0.         0.36769278 0.         0.         0.        ],[0. 0. 0. 0. 1. 0. 0. 0. 1. 0. 0. 0. 0. 1. 0. 0. 0. 0. 0. 0. 0. 0. 0. 0. 0. 1. 0. 1. 0. 0. 0.],5.0,1000,100,0.01,0.0035,1,6,random,,best,single_objective
810,0.048660198103358754,0.12332559190258906,0.003721295646,[0.         0.         0.         0.         0.1        0.         0.         0.         0.1        0.         0.         0.         0.         0.1        0.         0.         0.         0.         0.         0.         0.         0.         0.         0.         0.         0.11915708 0.         0.36769278 0.         0.         0.        ],[0. 0. 0. 0. 1. 0. 0. 0. 1. 0. 0. 0. 0. 1. 0. 0. 0. 0. 0. 0. 0. 0. 0. 0. 0. 1. 0. 1. 0. 0. 0.],5.0,1000,100,0.01,0.0035,1,6,random,,best,single_objective
811,0.048660198103358754,0.12332559190258906,0.003721295646,[0.         0.         0.         0.         0.1        0.         0.         0.         0.1        0.         0.         0.         0.         0.1        0.         0.         0.         0.         0.         0.         0.         0.         0.         0.         0.         0.11915708 0.         0.36769278 0.         0.         0.        ],[0. 0. 0. 0. 1. 0. 0. 0. 1. 0. 0. 0. 0. 1. 0. 0. 0. 0. 0. 0. 0. 0. 0. 0. 0. 1. 0. 1. 0. 0. 0.],5.0,1000,100,0.01,0.0035,1,6,random,,best,single_objective
812,0.048660198103358754,0.12332559190258906,0.003721295646,[0.         0.         0.         0.         0.1        0.         0.         0.         0.1        0.         0.         0.         0.         0.1        0.         0.         0.         0.         0.         0.         0.         0.         0.         0.         0.         0.11915708 0.         0.36769278 0.         0.         0.        ],[0. 0. 0. 0. 1. 0. 0. 0. 1. 0. 0. 0. 0. 1. 0. 0. 0. 0. 0. 0. 0. 0. 0. 0. 0. 1. 0. 1. 0. 0. 0.],5.0,1000,100,0.01,0.0035,1,6,random,,best,single_objective
813,0.048660198103358754,0.12332559190258906,0.003721295646,[0.         0.         0.         0.         0.1        0.         0.         0.         0.1        0.         0.         0.         0.         0.1        0.         0.         0.         0.         0.         0.         0.         0.         0.         0.         0.         0.11915708 0.         0.36769278 0.         0.         0.        ],[0. 0. 0. 0. 1. 0. 0. 0. 1. 0. 0. 0. 0. 1. 0. 0. 0. 0. 0. 0. 0. 0. 0. 0. 0. 1. 0. 1. 0. 0. 0.],5.0,1000,100,0.01,0.0035,1,6,random,,best,single_objective
814,0.048660198103358754,0.12332559190258906,0.003721295646,[0.         0.         0.         0.         0.1        0.         0.         0.         0.1        0.         0.         0.         0.         0.1        0.         0.         0.         0.         0.         0.         0.         0.         0.         0.         0.         0.11915708 0.         0.36769278 0.         0.         0.        ],[0. 0. 0. 0. 1. 0. 0. 0. 1. 0. 0. 0. 0. 1. 0. 0. 0. 0. 0. 0. 0. 0. 0. 0. 0. 1. 0. 1. 0. 0. 0.],5.0,1000,100,0.01,0.0035,1,6,random,,best,single_objective
815,0.048660198103358754,0.12332559190258906,0.003721295646,[0.         0.         0.         0.         0.1        0.         0.         0.         0.1        0.         0.         0.         0.         0.1        0.         0.         0.         0.         0.         0.         0.         0.         0.         0.         0.         0.11915708 0.         0.36769278 0.         0.         0.        ],[0. 0. 0. 0. 1. 0. 0. 0. 1. 0. 0. 0. 0. 1. 0. 0. 0. 0. 0. 0. 0. 0. 0. 0. 0. 1. 0. 1. 0. 0. 0.],5.0,1000,100,0.01,0.0035,1,6,random,,best,single_objective
816,0.048660198103358754,0.12332559190258906,0.003721295646,[0.         0.         0.         0.         0.1        0.         0.         0.         0.1        0.         0.         0.         0.         0.1        0.         0.         0.         0.         0.         0.         0.         0.         0.         0.         0.         0.11915708 0.         0.36769278 0.         0.         0.        ],[0. 0. 0. 0. 1. 0. 0. 0. 1. 0. 0. 0. 0. 1. 0. 0. 0. 0. 0. 0. 0. 0. 0. 0. 0. 1. 0. 1. 0. 0. 0.],5.0,1000,100,0.01,0.0035,1,6,random,,best,single_objective
817,0.048660198103358754,0.12332559190258906,0.003721295646,[0.         0.         0.         0.         0.1        0.         0.         0.         0.1        0.         0.         0.         0.         0.1        0.         0.         0.         0.         0.         0.         0.         0.         0.         0.         0.         0.11915708 0.         0.36769278 0.         0.         0.        ],[0. 0. 0. 0. 1. 0. 0. 0. 1. 0. 0. 0. 0. 1. 0. 0. 0. 0. 0. 0. 0. 0. 0. 0. 0. 1. 0. 1. 0. 0. 0.],5.0,1000,100,0.01,0.0035,1,6,random,,best,single_objective
818,0.048660198103358754,0.12332559190258906,0.003721295646,[0.         0.         0.         0.         0.1        0.         0.         0.         0.1        0.         0.         0.         0.         0.1        0.         0.         0.         0.         0.         0.         0.         0.         0.         0.         0.         0.11915708 0.         0.36769278 0.         0.         0.        ],[0. 0. 0. 0. 1. 0. 0. 0. 1. 0. 0. 0. 0. 1. 0. 0. 0. 0. 0. 0. 0. 0. 0. 0. 0. 1. 0. 1. 0. 0. 0.],5.0,1000,100,0.01,0.0035,1,6,random,,best,single_objective
819,0.048660198103358754,0.12332559190258906,0.003721295646,[0.         0.         0.         0.         0.1        0.         0.         0.         0.1        0.         0.         0.         0.         0.1        0.         0.         0.         0.         0.         0.         0.         0.         0.         0.         0.         0.11915708 0.         0.36769278 0.         0.         0.        ],[0. 0. 0. 0. 1. 0. 0. 0. 1. 0. 0. 0. 0. 1. 0. 0. 0. 0. 0. 0. 0. 0. 0. 0. 0. 1. 0. 1. 0. 0. 0.],5.0,1000,100,0.01,0.0035,1,6,random,,best,single_objective
820,0.048660198103358754,0.12332559190258906,0.003721295646,[0.         0.         0.         0.         0.1        0.         0.         0.         0.1        0.         0.         0.         0.         0.1        0.         0.         0.         0.         0.         0.         0.         0.         0.         0.         0.         0.11915708 0.         0.36769278 0.         0.         0.        ],[0. 0. 0. 0. 1. 0. 0. 0. 1. 0. 0. 0. 0. 1. 0. 0. 0. 0. 0. 0. 0. 0. 0. 0. 0. 1. 0. 1. 0. 0. 0.],5.0,1000,100,0.01,0.0035,1,6,random,,best,single_objective
821,0.048660198103358754,0.12332559190258906,0.003721295646,[0.         0.         0.         0.         0.1        0.         0.         0.         0.1        0.         0.         0.         0.         0.1        0.         0.         0.         0.         0.         0.         0.         0.         0.         0.         0.         0.11915708 0.         0.36769278 0.         0.         0.        ],[0. 0. 0. 0. 1. 0. 0. 0. 1. 0. 0. 0. 0. 1. 0. 0. 0. 0. 0. 0. 0. 0. 0. 0. 0. 1. 0. 1. 0. 0. 0.],5.0,1000,100,0.01,0.0035,1,6,random,,best,single_objective
822,0.048660198103358754,0.12332559190258906,0.003721295646,[0.         0.         0.         0.         0.1        0.         0.         0.         0.1        0.         0.         0.         0.         0.1        0.         0.         0.         0.         0.         0.         0.         0.         0.         0.         0.         0.11915708 0.         0.36769278 0.         0.         0.        ],[0. 0. 0. 0. 1. 0. 0. 0. 1. 0. 0. 0. 0. 1. 0. 0. 0. 0. 0. 0. 0. 0. 0. 0. 0. 1. 0. 1. 0. 0. 0.],5.0,1000,100,0.01,0.0035,1,6,random,,best,single_objective
823,0.048660198103358754,0.12332559190258906,0.003721295646,[0.         0.         0.         0.         0.1        0.         0.         0.         0.1        0.         0.         0.         0.         0.1        0.         0.         0.         0.         0.         0.         0.         0.         0.         0.         0.         0.11915708 0.         0.36769278 0.         0.         0.        ],[0. 0. 0. 0. 1. 0. 0. 0. 1. 0. 0. 0. 0. 1. 0. 0. 0. 0. 0. 0. 0. 0. 0. 0. 0. 1. 0. 1. 0. 0. 0.],5.0,1000,100,0.01,0.0035,1,6,random,,best,single_objective
824,0.048660198103358754,0.12332559190258906,0.003721295646,[0.         0.         0.         0.         0.1        0.         0.         0.         0.1        0.         0.         0.         0.         0.1        0.         0.         0.         0.         0.         0.         0.         0.         0.         0.         0.         0.11915708 0.         0.36769278 0.         0.         0.        ],[0. 0. 0. 0. 1. 0. 0. 0. 1. 0. 0. 0. 0. 1. 0. 0. 0. 0. 0. 0. 0. 0. 0. 0. 0. 1. 0. 1. 0. 0. 0.],5.0,1000,100,0.01,0.0035,1,6,random,,best,single_objective
825,0.048660198103358754,0.12332559190258906,0.003721295646,[0.         0.         0.         0.         0.1        0.         0.         0.         0.1        0.         0.         0.         0.         0.1        0.         0.         0.         0.         0.         0.         0.         0.         0.         0.         0.         0.11915708 0.         0.36769278 0.         0.         0.        ],[0. 0. 0. 0. 1. 0. 0. 0. 1. 0. 0. 0. 0. 1. 0. 0. 0. 0. 0. 0. 0. 0. 0. 0. 0. 1. 0. 1. 0. 0. 0.],5.0,1000,100,0.01,0.0035,1,6,random,,best,single_objective
826,0.048660198103358754,0.12332559190258906,0.003721295646,[0.         0.         0.         0.         0.1        0.         0.         0.         0.1        0.         0.         0.         0.         0.1        0.         0.         0.         0.         0.         0.         0.         0.         0.         0.         0.         0.11915708 0.         0.36769278 0.         0.         0.        ],[0. 0. 0. 0. 1. 0. 0. 0. 1. 0. 0. 0. 0. 1. 0. 0. 0. 0. 0. 0. 0. 0. 0. 0. 0. 1. 0. 1. 0. 0. 0.],5.0,1000,100,0.01,0.0035,1,6,random,,best,single_objective
827,0.048660198103358754,0.12332559190258906,0.003721295646,[0.         0.         0.         0.         0.1        0.         0.         0.         0.1        0.         0.         0.         0.         0.1        0.         0.         0.         0.         0.         0.         0.         0.         0.         0.         0.         0.11915708 0.         0.36769278 0.         0.         0.        ],[0. 0. 0. 0. 1. 0. 0. 0. 1. 0. 0. 0. 0. 1. 0. 0. 0. 0. 0. 0. 0. 0. 0. 0. 0. 1. 0. 1. 0. 0. 0.],5.0,1000,100,0.01,0.0035,1,6,random,,best,single_objective
828,0.048660198103358754,0.12332559190258906,0.003721295646,[0.         0.         0.         0.         0.1        0.         0.         0.         0.1        0.         0.         0.         0.         0.1        0.         0.         0.         0.         0.         0.         0.         0.         0.         0.         0.         0.11915708 0.         0.36769278 0.         0.         0.        ],[0. 0. 0. 0. 1. 0. 0. 0. 1. 0. 0. 0. 0. 1. 0. 0. 0. 0. 0. 0. 0. 0. 0. 0. 0. 1. 0. 1. 0. 0. 0.],5.0,1000,100,0.01,0.0035,1,6,random,,best,single_objective
829,0.048660198103358754,0.12332559190258906,0.003721295646,[0.         0.         0.         0.         0.1        0.         0.         0.         0.1        0.         0.         0.         0.         0.1        0.         0.         0.         0.         0.         0.         0.         0.         0.         0.         0.         0.11915708 0.         0.36769278 0.         0.         0.        ],[0. 0. 0. 0. 1. 0. 0. 0. 1. 0. 0. 0. 0. 1. 0. 0. 0. 0. 0. 0. 0. 0. 0. 0. 0. 1. 0. 1. 0. 0. 0.],5.0,1000,100,0.01,0.0035,1,6,random,,best,single_objective
830,0.048660198103358754,0.12332559190258906,0.003721295646,[0.         0.         0.         0.         0.1        0.         0.         0.         0.1        0.         0.         0.         0.         0.1        0.         0.         0.         0.         0.         0.         0.         0.         0.         0.         0.         0.11915708 0.         0.36769278 0.         0.         0.        ],[0. 0. 0. 0. 1. 0. 0. 0. 1. 0. 0. 0. 0. 1. 0. 0. 0. 0. 0. 0. 0. 0. 0. 0. 0. 1. 0. 1. 0. 0. 0.],5.0,1000,100,0.01,0.0035,1,6,random,,best,single_objective
831,0.048660198103358754,0.12332559190258906,0.003721295646,[0.         0.         0.         0.         0.1        0.         0.         0.         0.1        0.         0.         0.         0.         0.1        0.         0.         0.         0.         0.         0.         0.         0.         0.         0.         0.         0.11915708 0.         0.36769278 0.         0.         0.        ],[0. 0. 0. 0. 1. 0. 0. 0. 1. 0. 0. 0. 0. 1. 0. 0. 0. 0. 0. 0. 0. 0. 0. 0. 0. 1. 0. 1. 0. 0. 0.],5.0,1000,100,0.01,0.0035,1,6,random,,best,single_objective
832,0.048660198103358754,0.12332559190258906,0.003721295646,[0.         0.         0.         0.         0.1        0.         0.         0.         0.1        0.         0.         0.         0.         0.1        0.         0.         0.         0.         0.         0.         0.         0.         0.         0.         0.         0.11915708 0.         0.36769278 0.         0.         0.        ],[0. 0. 0. 0. 1. 0. 0. 0. 1. 0. 0. 0. 0. 1. 0. 0. 0. 0. 0. 0. 0. 0. 0. 0. 0. 1. 0. 1. 0. 0. 0.],5.0,1000,100,0.01,0.0035,1,6,random,,best,single_objective
833,0.048660198103358754,0.12332559190258906,0.003721295646,[0.         0.         0.         0.         0.1        0.         0.         0.         0.1        0.         0.         0.         0.         0.1        0.         0.         0.         0.         0.         0.         0.         0.         0.         0.         0.         0.11915708 0.         0.36769278 0.         0.         0.        ],[0. 0. 0. 0. 1. 0. 0. 0. 1. 0. 0. 0. 0. 1. 0. 0. 0. 0. 0. 0. 0. 0. 0. 0. 0. 1. 0. 1. 0. 0. 0.],5.0,1000,100,0.01,0.0035,1,6,random,,best,single_objective
834,0.048660198103358754,0.12332559190258906,0.003721295646,[0.         0.         0.         0.         0.1        0.         0.         0.         0.1        0.         0.         0.         0.         0.1        0.         0.         0.         0.         0.         0.         0.         0.         0.         0.         0.         0.11915708 0.         0.36769278 0.         0.         0.        ],[0. 0. 0. 0. 1. 0. 0. 0. 1. 0. 0. 0. 0. 1. 0. 0. 0. 0. 0. 0. 0. 0. 0. 0. 0. 1. 0. 1. 0. 0. 0.],5.0,1000,100,0.01,0.0035,1,6,random,,best,single_objective
835,0.048660198103358754,0.12332559190258906,0.003721295646,[0.         0.         0.         0.         0.1        0.         0.         0.         0.1        0.         0.         0.         0.         0.1        0.         0.         0.         0.         0.         0.         0.         0.         0.         0.         0.         0.11915708 0.         0.36769278 0.         0.         0.        ],[0. 0. 0. 0. 1. 0. 0. 0. 1. 0. 0. 0. 0. 1. 0. 0. 0. 0. 0. 0. 0. 0. 0. 0. 0. 1. 0. 1. 0. 0. 0.],5.0,1000,100,0.01,0.0035,1,6,random,,best,single_objective
836,0.048660198103358754,0.12332559190258906,0.003721295646,[0.         0.         0.         0.         0.1        0.         0.         0.         0.1        0.         0.         0.         0.         0.1        0.         0.         0.         0.         0.         0.         0.         0.         0.         0.         0.         0.11915708 0.         0.36769278 0.         0.         0.        ],[0. 0. 0. 0. 1. 0. 0. 0. 1. 0. 0. 0. 0. 1. 0. 0. 0. 0. 0. 0. 0. 0. 0. 0. 0. 1. 0. 1. 0. 0. 0.],5.0,1000,100,0.01,0.0035,1,6,random,,best,single_objective
837,0.048660198103358754,0.12332559190258906,0.003721295646,[0.         0.         0.         0.         0.1        0.         0.         0.         0.1        0.         0.         0.         0.         0.1        0.         0.         0.         0.         0.         0.         0.         0.         0.         0.         0.         0.11915708 0.         0.36769278 0.         0.         0.        ],[0. 0. 0. 0. 1. 0. 0. 0. 1. 0. 0. 0. 0. 1. 0. 0. 0. 0. 0. 0. 0. 0. 0. 0. 0. 1. 0. 1. 0. 0. 0.],5.0,1000,100,0.01,0.0035,1,6,random,,best,single_objective
838,0.048660198103358754,0.12332559190258906,0.003721295646,[0.         0.         0.         0.         0.1        0.         0.         0.         0.1        0.         0.         0.         0.         0.1        0.         0.         0.         0.         0.         0.         0.         0.         0.         0.         0.         0.11915708 0.         0.36769278 0.         0.         0.        ],[0. 0. 0. 0. 1. 0. 0. 0. 1. 0. 0. 0. 0. 1. 0. 0. 0. 0. 0. 0. 0. 0. 0. 0. 0. 1. 0. 1. 0. 0. 0.],5.0,1000,100,0.01,0.0035,1,6,random,,best,single_objective
839,0.048660198103358754,0.12332559190258906,0.003721295646,[0.         0.         0.         0.         0.1        0.         0.         0.         0.1        0.         0.         0.         0.         0.1        0.         0.         0.         0.         0.         0.         0.         0.         0.         0.         0.         0.11915708 0.         0.36769278 0.         0.         0.        ],[0. 0. 0. 0. 1. 0. 0. 0. 1. 0. 0. 0. 0. 1. 0. 0. 0. 0. 0. 0. 0. 0. 0. 0. 0. 1. 0. 1. 0. 0. 0.],5.0,1000,100,0.01,0.0035,1,6,random,,best,single_objective
840,0.048660198103358754,0.12332559190258906,0.003721295646,[0.         0.         0.         0.         0.1        0.         0.         0.         0.1        0.         0.         0.         0.         0.1        0.         0.         0.         0.         0.         0.         0.         0.         0.         0.         0.         0.11915708 0.         0.36769278 0.         0.         0.        ],[0. 0. 0. 0. 1. 0. 0. 0. 1. 0. 0. 0. 0. 1. 0. 0. 0. 0. 0. 0. 0. 0. 0. 0. 0. 1. 0. 1. 0. 0. 0.],5.0,1000,100,0.01,0.0035,1,6,random,,best,single_objective
841,0.048660198103358754,0.12332559190258906,0.003721295646,[0.         0.         0.         0.         0.1        0.         0.         0.         0.1        0.         0.         0.         0.         0.1        0.         0.         0.         0.         0.         0.         0.         0.         0.         0.         0.         0.11915708 0.         0.36769278 0.         0.         0.        ],[0. 0. 0. 0. 1. 0. 0. 0. 1. 0. 0. 0. 0. 1. 0. 0. 0. 0. 0. 0. 0. 0. 0. 0. 0. 1. 0. 1. 0. 0. 0.],5.0,1000,100,0.01,0.0035,1,6,random,,best,single_objective
842,0.048660198103358754,0.12332559190258906,0.003721295646,[0.         0.         0.         0.         0.1        0.         0.         0.         0.1        0.         0.         0.         0.         0.1        0.         0.         0.         0.         0.         0.         0.         0.         0.         0.         0.         0.11915708 0.         0.36769278 0.         0.         0.        ],[0. 0. 0. 0. 1. 0. 0. 0. 1. 0. 0. 0. 0. 1. 0. 0. 0. 0. 0. 0. 0. 0. 0. 0. 0. 1. 0. 1. 0. 0. 0.],5.0,1000,100,0.01,0.0035,1,6,random,,best,single_objective
843,0.048660198103358754,0.12332559190258906,0.003721295646,[0.         0.         0.         0.         0.1        0.         0.         0.         0.1        0.         0.         0.         0.         0.1        0.         0.         0.         0.         0.         0.         0.         0.         0.         0.         0.         0.11915708 0.         0.36769278 0.         0.         0.        ],[0. 0. 0. 0. 1. 0. 0. 0. 1. 0. 0. 0. 0. 1. 0. 0. 0. 0. 0. 0. 0. 0. 0. 0. 0. 1. 0. 1. 0. 0. 0.],5.0,1000,100,0.01,0.0035,1,6,random,,best,single_objective
844,0.048660198103358754,0.12332559190258906,0.003721295646,[0.         0.         0.         0.         0.1        0.         0.         0.         0.1        0.         0.         0.         0.         0.1        0.         0.         0.         0.         0.         0.         0.         0.         0.         0.         0.         0.11915708 0.         0.36769278 0.         0.         0.        ],[0. 0. 0. 0. 1. 0. 0. 0. 1. 0. 0. 0. 0. 1. 0. 0. 0. 0. 0. 0. 0. 0. 0. 0. 0. 1. 0. 1. 0. 0. 0.],5.0,1000,100,0.01,0.0035,1,6,random,,best,single_objective
845,0.048660198103358754,0.12332559190258906,0.003721295646,[0.         0.         0.         0.         0.1        0.         0.         0.         0.1        0.         0.         0.         0.         0.1        0.         0.         0.         0.         0.         0.         0.         0.         0.         0.         0.         0.11915708 0.         0.36769278 0.         0.         0.        ],[0. 0. 0. 0. 1. 0. 0. 0. 1. 0. 0. 0. 0. 1. 0. 0. 0. 0. 0. 0. 0. 0. 0. 0. 0. 1. 0. 1. 0. 0. 0.],5.0,1000,100,0.01,0.0035,1,6,random,,best,single_objective
846,0.048660198103358754,0.12332559190258906,0.003721295646,[0.         0.         0.         0.         0.1        0.         0.         0.         0.1        0.         0.         0.         0.         0.1        0.         0.         0.         0.         0.         0.         0.         0.         0.         0.         0.         0.11915708 0.         0.36769278 0.         0.         0.        ],[0. 0. 0. 0. 1. 0. 0. 0. 1. 0. 0. 0. 0. 1. 0. 0. 0. 0. 0. 0. 0. 0. 0. 0. 0. 1. 0. 1. 0. 0. 0.],5.0,1000,100,0.01,0.0035,1,6,random,,best,single_objective
847,0.048660198103358754,0.12332559190258906,0.003721295646,[0.         0.         0.         0.         0.1        0.         0.         0.         0.1        0.         0.         0.         0.         0.1        0.         0.         0.         0.         0.         0.         0.         0.         0.         0.         0.         0.11915708 0.         0.36769278 0.         0.         0.        ],[0. 0. 0. 0. 1. 0. 0. 0. 1. 0. 0. 0. 0. 1. 0. 0. 0. 0. 0. 0. 0. 0. 0. 0. 0. 1. 0. 1. 0. 0. 0.],5.0,1000,100,0.01,0.0035,1,6,random,,best,single_objective
848,0.048660198103358754,0.12332559190258906,0.003721295646,[0.         0.         0.         0.         0.1        0.         0.         0.         0.1        0.         0.         0.         0.         0.1        0.         0.         0.         0.         0.         0.         0.         0.         0.         0.         0.         0.11915708 0.         0.36769278 0.         0.         0.        ],[0. 0. 0. 0. 1. 0. 0. 0. 1. 0. 0. 0. 0. 1. 0. 0. 0. 0. 0. 0. 0. 0. 0. 0. 0. 1. 0. 1. 0. 0. 0.],5.0,1000,100,0.01,0.0035,1,6,random,,best,single_objective
849,0.048660198103358754,0.12332559190258906,0.003721295646,[0.         0.         0.         0.         0.1        0.         0.         0.         0.1        0.         0.         0.         0.         0.1        0.         0.         0.         0.         0.         0.         0.         0.         0.         0.         0.         0.11915708 0.         0.36769278 0.         0.         0.        ],[0. 0. 0. 0. 1. 0. 0. 0. 1. 0. 0. 0. 0. 1. 0. 0. 0. 0. 0. 0. 0. 0. 0. 0. 0. 1. 0. 1. 0. 0. 0.],5.0,1000,100,0.01,0.0035,1,6,random,,best,single_objective
850,0.048660198103358754,0.12332559190258906,0.003721295646,[0.         0.         0.         0.         0.1        0.         0.         0.         0.1        0.         0.         0.         0.         0.1        0.         0.         0.         0.         0.         0.         0.         0.         0.         0.         0.         0.11915708 0.         0.36769278 0.         0.         0.        ],[0. 0. 0. 0. 1. 0. 0. 0. 1. 0. 0. 0. 0. 1. 0. 0. 0. 0. 0. 0. 0. 0. 0. 0. 0. 1. 0. 1. 0. 0. 0.],5.0,1000,100,0.01,0.0035,1,6,random,,best,single_objective
851,0.048660198103358754,0.12332559190258906,0.003721295646,[0.         0.         0.         0.         0.1        0.         0.         0.         0.1        0.         0.         0.         0.         0.1        0.         0.         0.         0.         0.         0.         0.         0.         0.         0.         0.         0.11915708 0.         0.36769278 0.         0.         0.        ],[0. 0. 0. 0. 1. 0. 0. 0. 1. 0. 0. 0. 0. 1. 0. 0. 0. 0. 0. 0. 0. 0. 0. 0. 0. 1. 0. 1. 0. 0. 0.],5.0,1000,100,0.01,0.0035,1,6,random,,best,single_objective
852,0.048660198103358754,0.12332559190258906,0.003721295646,[0.         0.         0.         0.         0.1        0.         0.         0.         0.1        0.         0.         0.         0.         0.1        0.         0.         0.         0.         0.         0.         0.         0.         0.         0.         0.         0.11915708 0.         0.36769278 0.         0.         0.        ],[0. 0. 0. 0. 1. 0. 0. 0. 1. 0. 0. 0. 0. 1. 0. 0. 0. 0. 0. 0. 0. 0. 0. 0. 0. 1. 0. 1. 0. 0. 0.],5.0,1000,100,0.01,0.0035,1,6,random,,best,single_objective
853,0.048660198103358754,0.12332559190258906,0.003721295646,[0.         0.         0.         0.         0.1        0.         0.         0.         0.1        0.         0.         0.         0.         0.1        0.         0.         0.         0.         0.         0.         0.         0.         0.         0.         0.         0.11915708 0.         0.36769278 0.         0.         0.        ],[0. 0. 0. 0. 1. 0. 0. 0. 1. 0. 0. 0. 0. 1. 0. 0. 0. 0. 0. 0. 0. 0. 0. 0. 0. 1. 0. 1. 0. 0. 0.],5.0,1000,100,0.01,0.0035,1,6,random,,best,single_objective
854,0.048660198103358754,0.12332559190258906,0.003721295646,[0.         0.         0.         0.         0.1        0.         0.         0.         0.1        0.         0.         0.         0.         0.1        0.         0.         0.         0.         0.         0.         0.         0.         0.         0.         0.         0.11915708 0.         0.36769278 0.         0.         0.        ],[0. 0. 0. 0. 1. 0. 0. 0. 1. 0. 0. 0. 0. 1. 0. 0. 0. 0. 0. 0. 0. 0. 0. 0. 0. 1. 0. 1. 0. 0. 0.],5.0,1000,100,0.01,0.0035,1,6,random,,best,single_objective
855,0.048660198103358754,0.12332559190258906,0.003721295646,[0.         0.         0.         0.         0.1        0.         0.         0.         0.1        0.         0.         0.         0.         0.1        0.         0.         0.         0.         0.         0.         0.         0.         0.         0.         0.         0.11915708 0.         0.36769278 0.         0.         0.        ],[0. 0. 0. 0. 1. 0. 0. 0. 1. 0. 0. 0. 0. 1. 0. 0. 0. 0. 0. 0. 0. 0. 0. 0. 0. 1. 0. 1. 0. 0. 0.],5.0,1000,100,0.01,0.0035,1,6,random,,best,single_objective
856,0.048660198103358754,0.12332559190258906,0.003721295646,[0.         0.         0.         0.         0.1        0.         0.         0.         0.1        0.         0.         0.         0.         0.1        0.         0.         0.         0.         0.         0.         0.         0.         0.         0.         0.         0.11915708 0.         0.36769278 0.         0.         0.        ],[0. 0. 0. 0. 1. 0. 0. 0. 1. 0. 0. 0. 0. 1. 0. 0. 0. 0. 0. 0. 0. 0. 0. 0. 0. 1. 0. 1. 0. 0. 0.],5.0,1000,100,0.01,0.0035,1,6,random,,best,single_objective
857,0.048660198103358754,0.12332559190258906,0.003721295646,[0.         0.         0.         0.         0.1        0.         0.         0.         0.1        0.         0.         0.         0.         0.1        0.         0.         0.         0.         0.         0.         0.         0.         0.         0.         0.         0.11915708 0.         0.36769278 0.         0.         0.        ],[0. 0. 0. 0. 1. 0. 0. 0. 1. 0. 0. 0. 0. 1. 0. 0. 0. 0. 0. 0. 0. 0. 0. 0. 0. 1. 0. 1. 0. 0. 0.],5.0,1000,100,0.01,0.0035,1,6,random,,best,single_objective
858,0.048660198103358754,0.12332559190258906,0.003721295646,[0.         0.         0.         0.         0.1        0.         0.         0.         0.1        0.         0.         0.         0.         0.1        0.         0.         0.         0.         0.         0.         0.         0.         0.         0.         0.         0.11915708 0.         0.36769278 0.         0.         0.        ],[0. 0. 0. 0. 1. 0. 0. 0. 1. 0. 0. 0. 0. 1. 0. 0. 0. 0. 0. 0. 0. 0. 0. 0. 0. 1. 0. 1. 0. 0. 0.],5.0,1000,100,0.01,0.0035,1,6,random,,best,single_objective
859,0.048660198103358754,0.12332559190258906,0.003721295646,[0.         0.         0.         0.         0.1        0.         0.         0.         0.1        0.         0.         0.         0.         0.1        0.         0.         0.         0.         0.         0.         0.         0.         0.         0.         0.         0.11915708 0.         0.36769278 0.         0.         0.        ],[0. 0. 0. 0. 1. 0. 0. 0. 1. 0. 0. 0. 0. 1. 0. 0. 0. 0. 0. 0. 0. 0. 0. 0. 0. 1. 0. 1. 0. 0. 0.],5.0,1000,100,0.01,0.0035,1,6,random,,best,single_objective
860,0.048660198103358754,0.12332559190258906,0.003721295646,[0.         0.         0.         0.         0.1        0.         0.         0.         0.1        0.         0.         0.         0.         0.1        0.         0.         0.         0.         0.         0.         0.         0.         0.         0.         0.         0.11915708 0.         0.36769278 0.         0.         0.        ],[0. 0. 0. 0. 1. 0. 0. 0. 1. 0. 0. 0. 0. 1. 0. 0. 0. 0. 0. 0. 0. 0. 0. 0. 0. 1. 0. 1. 0. 0. 0.],5.0,1000,100,0.01,0.0035,1,6,random,,best,single_objective
861,0.048660198103358754,0.12332559190258906,0.003721295646,[0.         0.         0.         0.         0.1        0.         0.         0.         0.1        0.         0.         0.         0.         0.1        0.         0.         0.         0.         0.         0.         0.         0.         0.         0.         0.         0.11915708 0.         0.36769278 0.         0.         0.        ],[0. 0. 0. 0. 1. 0. 0. 0. 1. 0. 0. 0. 0. 1. 0. 0. 0. 0. 0. 0. 0. 0. 0. 0. 0. 1. 0. 1. 0. 0. 0.],5.0,1000,100,0.01,0.0035,1,6,random,,best,single_objective
862,0.048660198103358754,0.12332559190258906,0.003721295646,[0.         0.         0.         0.         0.1        0.         0.         0.         0.1        0.         0.         0.         0.         0.1        0.         0.         0.         0.         0.         0.         0.         0.         0.         0.         0.         0.11915708 0.         0.36769278 0.         0.         0.        ],[0. 0. 0. 0. 1. 0. 0. 0. 1. 0. 0. 0. 0. 1. 0. 0. 0. 0. 0. 0. 0. 0. 0. 0. 0. 1. 0. 1. 0. 0. 0.],5.0,1000,100,0.01,0.0035,1,6,random,,best,single_objective
863,0.048660198103358754,0.12332559190258906,0.003721295646,[0.         0.         0.         0.         0.1        0.         0.         0.         0.1        0.         0.         0.         0.         0.1        0.         0.         0.         0.         0.         0.         0.         0.         0.         0.         0.         0.11915708 0.         0.36769278 0.         0.         0.        ],[0. 0. 0. 0. 1. 0. 0. 0. 1. 0. 0. 0. 0. 1. 0. 0. 0. 0. 0. 0. 0. 0. 0. 0. 0. 1. 0. 1. 0. 0. 0.],5.0,1000,100,0.01,0.0035,1,6,random,,best,single_objective
864,0.048660198103358754,0.12332559190258906,0.003721295646,[0.         0.         0.         0.         0.1        0.         0.         0.         0.1        0.         0.         0.         0.         0.1        0.         0.         0.         0.         0.         0.         0.         0.         0.         0.         0.         0.11915708 0.         0.36769278 0.         0.         0.        ],[0. 0. 0. 0. 1. 0. 0. 0. 1. 0. 0. 0. 0. 1. 0. 0. 0. 0. 0. 0. 0. 0. 0. 0. 0. 1. 0. 1. 0. 0. 0.],5.0,1000,100,0.01,0.0035,1,6,random,,best,single_objective
865,0.048660198103358754,0.12332559190258906,0.003721295646,[0.         0.         0.         0.         0.1        0.         0.         0.         0.1        0.         0.         0.         0.         0.1        0.         0.         0.         0.         0.         0.         0.         0.         0.         0.         0.         0.11915708 0.         0.36769278 0.         0.         0.        ],[0. 0. 0. 0. 1. 0. 0. 0. 1. 0. 0. 0. 0. 1. 0. 0. 0. 0. 0. 0. 0. 0. 0. 0. 0. 1. 0. 1. 0. 0. 0.],5.0,1000,100,0.01,0.0035,1,6,random,,best,single_objective
866,0.048660198103358754,0.12332559190258906,0.003721295646,[0.         0.         0.         0.         0.1        0.         0.         0.         0.1        0.         0.         0.         0.         0.1        0.         0.         0.         0.         0.         0.         0.         0.         0.         0.         0.         0.11915708 0.         0.36769278 0.         0.         0.        ],[0. 0. 0. 0. 1. 0. 0. 0. 1. 0. 0. 0. 0. 1. 0. 0. 0. 0. 0. 0. 0. 0. 0. 0. 0. 1. 0. 1. 0. 0. 0.],5.0,1000,100,0.01,0.0035,1,6,random,,best,single_objective
867,0.048660198103358754,0.12332559190258906,0.003721295646,[0.         0.         0.         0.         0.1        0.         0.         0.         0.1        0.         0.         0.         0.         0.1        0.         0.         0.         0.         0.         0.         0.         0.         0.         0.         0.         0.11915708 0.         0.36769278 0.         0.         0.        ],[0. 0. 0. 0. 1. 0. 0. 0. 1. 0. 0. 0. 0. 1. 0. 0. 0. 0. 0. 0. 0. 0. 0. 0. 0. 1. 0. 1. 0. 0. 0.],5.0,1000,100,0.01,0.0035,1,6,random,,best,single_objective
868,0.048660198103358754,0.12332559190258906,0.003721295646,[0.         0.         0.         0.         0.1        0.         0.         0.         0.1        0.         0.         0.         0.         0.1        0.         0.         0.         0.         0.         0.         0.         0.         0.         0.         0.         0.11915708 0.         0.36769278 0.         0.         0.        ],[0. 0. 0. 0. 1. 0. 0. 0. 1. 0. 0. 0. 0. 1. 0. 0. 0. 0. 0. 0. 0. 0. 0. 0. 0. 1. 0. 1. 0. 0. 0.],5.0,1000,100,0.01,0.0035,1,6,random,,best,single_objective
869,0.048660198103358754,0.12332559190258906,0.003721295646,[0.         0.         0.         0.         0.1        0.         0.         0.         0.1        0.         0.         0.         0.         0.1        0.         0.         0.         0.         0.         0.         0.         0.         0.         0.         0.         0.11915708 0.         0.36769278 0.         0.         0.        ],[0. 0. 0. 0. 1. 0. 0. 0. 1. 0. 0. 0. 0. 1. 0. 0. 0. 0. 0. 0. 0. 0. 0. 0. 0. 1. 0. 1. 0. 0. 0.],5.0,1000,100,0.01,0.0035,1,6,random,,best,single_objective
870,0.048660198103358754,0.12332559190258906,0.003721295646,[0.         0.         0.         0.         0.1        0.         0.         0.         0.1        0.         0.         0.         0.         0.1        0.         0.         0.         0.         0.         0.         0.         0.         0.         0.         0.         0.11915708 0.         0.36769278 0.         0.         0.        ],[0. 0. 0. 0. 1. 0. 0. 0. 1. 0. 0. 0. 0. 1. 0. 0. 0. 0. 0. 0. 0. 0. 0. 0. 0. 1. 0. 1. 0. 0. 0.],5.0,1000,100,0.01,0.0035,1,6,random,,best,single_objective
871,0.048660198103358754,0.12332559190258906,0.003721295646,[0.         0.         0.         0.         0.1        0.         0.         0.         0.1        0.         0.         0.         0.         0.1        0.         0.         0.         0.         0.         0.         0.         0.         0.         0.         0.         0.11915708 0.         0.36769278 0.         0.         0.        ],[0. 0. 0. 0. 1. 0. 0. 0. 1. 0. 0. 0. 0. 1. 0. 0. 0. 0. 0. 0. 0. 0. 0. 0. 0. 1. 0. 1. 0. 0. 0.],5.0,1000,100,0.01,0.0035,1,6,random,,best,single_objective
872,0.048660198103358754,0.12332559190258906,0.003721295646,[0.         0.         0.         0.         0.1        0.         0.         0.         0.1        0.         0.         0.         0.         0.1        0.         0.         0.         0.         0.         0.         0.         0.         0.         0.         0.         0.11915708 0.         0.36769278 0.         0.         0.        ],[0. 0. 0. 0. 1. 0. 0. 0. 1. 0. 0. 0. 0. 1. 0. 0. 0. 0. 0. 0. 0. 0. 0. 0. 0. 1. 0. 1. 0. 0. 0.],5.0,1000,100,0.01,0.0035,1,6,random,,best,single_objective
873,0.048660198103358754,0.12332559190258906,0.003721295646,[0.         0.         0.         0.         0.1        0.         0.         0.         0.1        0.         0.         0.         0.         0.1        0.         0.         0.         0.         0.         0.         0.         0.         0.         0.         0.         0.11915708 0.         0.36769278 0.         0.         0.        ],[0. 0. 0. 0. 1. 0. 0. 0. 1. 0. 0. 0. 0. 1. 0. 0. 0. 0. 0. 0. 0. 0. 0. 0. 0. 1. 0. 1. 0. 0. 0.],5.0,1000,100,0.01,0.0035,1,6,random,,best,single_objective
874,0.048660198103358754,0.12332559190258906,0.003721295646,[0.         0.         0.         0.         0.1        0.         0.         0.         0.1        0.         0.         0.         0.         0.1        0.         0.         0.         0.         0.         0.         0.         0.         0.         0.         0.         0.11915708 0.         0.36769278 0.         0.         0.        ],[0. 0. 0. 0. 1. 0. 0. 0. 1. 0. 0. 0. 0. 1. 0. 0. 0. 0. 0. 0. 0. 0. 0. 0. 0. 1. 0. 1. 0. 0. 0.],5.0,1000,100,0.01,0.0035,1,6,random,,best,single_objective
875,0.048660198103358754,0.12332559190258906,0.003721295646,[0.         0.         0.         0.         0.1        0.         0.         0.         0.1        0.         0.         0.         0.         0.1        0.         0.         0.         0.         0.         0.         0.         0.         0.         0.         0.         0.11915708 0.         0.36769278 0.         0.         0.        ],[0. 0. 0. 0. 1. 0. 0. 0. 1. 0. 0. 0. 0. 1. 0. 0. 0. 0. 0. 0. 0. 0. 0. 0. 0. 1. 0. 1. 0. 0. 0.],5.0,1000,100,0.01,0.0035,1,6,random,,best,single_objective
876,0.048660198103358754,0.12332559190258906,0.003721295646,[0.         0.         0.         0.         0.1        0.         0.         0.         0.1        0.         0.         0.         0.         0.1        0.         0.         0.         0.         0.         0.         0.         0.         0.         0.         0.         0.11915708 0.         0.36769278 0.         0.         0.        ],[0. 0. 0. 0. 1. 0. 0. 0. 1. 0. 0. 0. 0. 1. 0. 0. 0. 0. 0. 0. 0. 0. 0. 0. 0. 1. 0. 1. 0. 0. 0.],5.0,1000,100,0.01,0.0035,1,6,random,,best,single_objective
877,0.048660198103358754,0.12332559190258906,0.003721295646,[0.         0.         0.         0.         0.1        0.         0.         0.         0.1        0.         0.         0.         0.         0.1        0.         0.         0.         0.         0.         0.         0.         0.         0.         0.         0.         0.11915708 0.         0.36769278 0.         0.         0.        ],[0. 0. 0. 0. 1. 0. 0. 0. 1. 0. 0. 0. 0. 1. 0. 0. 0. 0. 0. 0. 0. 0. 0. 0. 0. 1. 0. 1. 0. 0. 0.],5.0,1000,100,0.01,0.0035,1,6,random,,best,single_objective
878,0.048660198103358754,0.12332559190258906,0.003721295646,[0.         0.         0.         0.         0.1        0.         0.         0.         0.1        0.         0.         0.         0.         0.1        0.         0.         0.         0.         0.         0.         0.         0.         0.         0.         0.         0.11915708 0.         0.36769278 0.         0.         0.        ],[0. 0. 0. 0. 1. 0. 0. 0. 1. 0. 0. 0. 0. 1. 0. 0. 0. 0. 0. 0. 0. 0. 0. 0. 0. 1. 0. 1. 0. 0. 0.],5.0,1000,100,0.01,0.0035,1,6,random,,best,single_objective
879,0.048660198103358754,0.12332559190258906,0.003721295646,[0.         0.         0.         0.         0.1        0.         0.         0.         0.1        0.         0.         0.         0.         0.1        0.         0.         0.         0.         0.         0.         0.         0.         0.         0.         0.         0.11915708 0.         0.36769278 0.         0.         0.        ],[0. 0. 0. 0. 1. 0. 0. 0. 1. 0. 0. 0. 0. 1. 0. 0. 0. 0. 0. 0. 0. 0. 0. 0. 0. 1. 0. 1. 0. 0. 0.],5.0,1000,100,0.01,0.0035,1,6,random,,best,single_objective
880,0.048660198103358754,0.12332559190258906,0.003721295646,[0.         0.         0.         0.         0.1        0.         0.         0.         0.1        0.         0.         0.         0.         0.1        0.         0.         0.         0.         0.         0.         0.         0.         0.         0.         0.         0.11915708 0.         0.36769278 0.         0.         0.        ],[0. 0. 0. 0. 1. 0. 0. 0. 1. 0. 0. 0. 0. 1. 0. 0. 0. 0. 0. 0. 0. 0. 0. 0. 0. 1. 0. 1. 0. 0. 0.],5.0,1000,100,0.01,0.0035,1,6,random,,best,single_objective
881,0.048660198103358754,0.12332559190258906,0.003721295646,[0.         0.         0.         0.         0.1        0.         0.         0.         0.1        0.         0.         0.         0.         0.1        0.         0.         0.         0.         0.         0.         0.         0.         0.         0.         0.         0.11915708 0.         0.36769278 0.         0.         0.        ],[0. 0. 0. 0. 1. 0. 0. 0. 1. 0. 0. 0. 0. 1. 0. 0. 0. 0. 0. 0. 0. 0. 0. 0. 0. 1. 0. 1. 0. 0. 0.],5.0,1000,100,0.01,0.0035,1,6,random,,best,single_objective
882,0.048660198103358754,0.12332559190258906,0.003721295646,[0.         0.         0.         0.         0.1        0.         0.         0.         0.1        0.         0.         0.         0.         0.1        0.         0.         0.         0.         0.         0.         0.         0.         0.         0.         0.         0.11915708 0.         0.36769278 0.         0.         0.        ],[0. 0. 0. 0. 1. 0. 0. 0. 1. 0. 0. 0. 0. 1. 0. 0. 0. 0. 0. 0. 0. 0. 0. 0. 0. 1. 0. 1. 0. 0. 0.],5.0,1000,100,0.01,0.0035,1,6,random,,best,single_objective
883,0.048660198103358754,0.12332559190258906,0.003721295646,[0.         0.         0.         0.         0.1        0.         0.         0.         0.1        0.         0.         0.         0.         0.1        0.         0.         0.         0.         0.         0.         0.         0.         0.         0.         0.         0.11915708 0.         0.36769278 0.         0.         0.        ],[0. 0. 0. 0. 1. 0. 0. 0. 1. 0. 0. 0. 0. 1. 0. 0. 0. 0. 0. 0. 0. 0. 0. 0. 0. 1. 0. 1. 0. 0. 0.],5.0,1000,100,0.01,0.0035,1,6,random,,best,single_objective
884,0.048660198103358754,0.12332559190258906,0.003721295646,[0.         0.         0.         0.         0.1        0.         0.         0.         0.1        0.         0.         0.         0.         0.1        0.         0.         0.         0.         0.         0.         0.         0.         0.         0.         0.         0.11915708 0.         0.36769278 0.         0.         0.        ],[0. 0. 0. 0. 1. 0. 0. 0. 1. 0. 0. 0. 0. 1. 0. 0. 0. 0. 0. 0. 0. 0. 0. 0. 0. 1. 0. 1. 0. 0. 0.],5.0,1000,100,0.01,0.0035,1,6,random,,best,single_objective
885,0.048660198103358754,0.12332559190258906,0.003721295646,[0.         0.         0.         0.         0.1        0.         0.         0.         0.1        0.         0.         0.         0.         0.1        0.         0.         0.         0.         0.         0.         0.         0.         0.         0.         0.         0.11915708 0.         0.36769278 0.         0.         0.        ],[0. 0. 0. 0. 1. 0. 0. 0. 1. 0. 0. 0. 0. 1. 0. 0. 0. 0. 0. 0. 0. 0. 0. 0. 0. 1. 0. 1. 0. 0. 0.],5.0,1000,100,0.01,0.0035,1,6,random,,best,single_objective
886,0.048660198103358754,0.12332559190258906,0.003721295646,[0.         0.         0.         0.         0.1        0.         0.         0.         0.1        0.         0.         0.         0.         0.1        0.         0.         0.         0.         0.         0.         0.         0.         0.         0.         0.         0.11915708 0.         0.36769278 0.         0.         0.        ],[0. 0. 0. 0. 1. 0. 0. 0. 1. 0. 0. 0. 0. 1. 0. 0. 0. 0. 0. 0. 0. 0. 0. 0. 0. 1. 0. 1. 0. 0. 0.],5.0,1000,100,0.01,0.0035,1,6,random,,best,single_objective
887,0.048660198103358754,0.12332559190258906,0.003721295646,[0.         0.         0.         0.         0.1        0.         0.         0.         0.1        0.         0.         0.         0.         0.1        0.         0.         0.         0.         0.         0.         0.         0.         0.         0.         0.         0.11915708 0.         0.36769278 0.         0.         0.        ],[0. 0. 0. 0. 1. 0. 0. 0. 1. 0. 0. 0. 0. 1. 0. 0. 0. 0. 0. 0. 0. 0. 0. 0. 0. 1. 0. 1. 0. 0. 0.],5.0,1000,100,0.01,0.0035,1,6,random,,best,single_objective
888,0.048660198103358754,0.12332559190258906,0.003721295646,[0.         0.         0.         0.         0.1        0.         0.         0.         0.1        0.         0.         0.         0.         0.1        0.         0.         0.         0.         0.         0.         0.         0.         0.         0.         0.         0.11915708 0.         0.36769278 0.         0.         0.        ],[0. 0. 0. 0. 1. 0. 0. 0. 1. 0. 0. 0. 0. 1. 0. 0. 0. 0. 0. 0. 0. 0. 0. 0. 0. 1. 0. 1. 0. 0. 0.],5.0,1000,100,0.01,0.0035,1,6,random,,best,single_objective
889,0.048660198103358754,0.12332559190258906,0.003721295646,[0.         0.         0.         0.         0.1        0.         0.         0.         0.1        0.         0.         0.         0.         0.1        0.         0.         0.         0.         0.         0.         0.         0.         0.         0.         0.         0.11915708 0.         0.36769278 0.         0.         0.        ],[0. 0. 0. 0. 1. 0. 0. 0. 1. 0. 0. 0. 0. 1. 0. 0. 0. 0. 0. 0. 0. 0. 0. 0. 0. 1. 0. 1. 0. 0. 0.],5.0,1000,100,0.01,0.0035,1,6,random,,best,single_objective
890,0.048660198103358754,0.12332559190258906,0.003721295646,[0.         0.         0.         0.         0.1        0.         0.         0.         0.1        0.         0.         0.         0.         0.1        0.         0.         0.         0.         0.         0.         0.         0.         0.         0.         0.         0.11915708 0.         0.36769278 0.         0.         0.        ],[0. 0. 0. 0. 1. 0. 0. 0. 1. 0. 0. 0. 0. 1. 0. 0. 0. 0. 0. 0. 0. 0. 0. 0. 0. 1. 0. 1. 0. 0. 0.],5.0,1000,100,0.01,0.0035,1,6,random,,best,single_objective
891,0.048660198103358754,0.12332559190258906,0.003721295646,[0.         0.         0.         0.         0.1        0.         0.         0.         0.1        0.         0.         0.         0.         0.1        0.         0.         0.         0.         0.         0.         0.         0.         0.         0.         0.         0.11915708 0.         0.36769278 0.         0.         0.        ],[0. 0. 0. 0. 1. 0. 0. 0. 1. 0. 0. 0. 0. 1. 0. 0. 0. 0. 0. 0. 0. 0. 0. 0. 0. 1. 0. 1. 0. 0. 0.],5.0,1000,100,0.01,0.0035,1,6,random,,best,single_objective
892,0.048660198103358754,0.12332559190258906,0.003721295646,[0.         0.         0.         0.         0.1        0.         0.         0.         0.1        0.         0.         0.         0.         0.1        0.         0.         0.         0.         0.         0.         0.         0.         0.         0.         0.         0.11915708 0.         0.36769278 0.         0.         0.        ],[0. 0. 0. 0. 1. 0. 0. 0. 1. 0. 0. 0. 0. 1. 0. 0. 0. 0. 0. 0. 0. 0. 0. 0. 0. 1. 0. 1. 0. 0. 0.],5.0,1000,100,0.01,0.0035,1,6,random,,best,single_objective
893,0.048660198103358754,0.12332559190258906,0.003721295646,[0.         0.         0.         0.         0.1        0.         0.         0.         0.1        0.         0.         0.         0.         0.1        0.         0.         0.         0.         0.         0.         0.         0.         0.         0.         0.         0.11915708 0.         0.36769278 0.         0.         0.        ],[0. 0. 0. 0. 1. 0. 0. 0. 1. 0. 0. 0. 0. 1. 0. 0. 0. 0. 0. 0. 0. 0. 0. 0. 0. 1. 0. 1. 0. 0. 0.],5.0,1000,100,0.01,0.0035,1,6,random,,best,single_objective
894,0.048660198103358754,0.12332559190258906,0.003721295646,[0.         0.         0.         0.         0.1        0.         0.         0.         0.1        0.         0.         0.         0.         0.1        0.         0.         0.         0.         0.         0.         0.         0.         0.         0.         0.         0.11915708 0.         0.36769278 0.         0.         0.        ],[0. 0. 0. 0. 1. 0. 0. 0. 1. 0. 0. 0. 0. 1. 0. 0. 0. 0. 0. 0. 0. 0. 0. 0. 0. 1. 0. 1. 0. 0. 0.],5.0,1000,100,0.01,0.0035,1,6,random,,best,single_objective
895,0.048660198103358754,0.12332559190258906,0.003721295646,[0.         0.         0.         0.         0.1        0.         0.         0.         0.1        0.         0.         0.         0.         0.1        0.         0.         0.         0.         0.         0.         0.         0.         0.         0.         0.         0.11915708 0.         0.36769278 0.         0.         0.        ],[0. 0. 0. 0. 1. 0. 0. 0. 1. 0. 0. 0. 0. 1. 0. 0. 0. 0. 0. 0. 0. 0. 0. 0. 0. 1. 0. 1. 0. 0. 0.],5.0,1000,100,0.01,0.0035,1,6,random,,best,single_objective
896,0.048660198103358754,0.12332559190258906,0.003721295646,[0.         0.         0.         0.         0.1        0.         0.         0.         0.1        0.         0.         0.         0.         0.1        0.         0.         0.         0.         0.         0.         0.         0.         0.         0.         0.         0.11915708 0.         0.36769278 0.         0.         0.        ],[0. 0. 0. 0. 1. 0. 0. 0. 1. 0. 0. 0. 0. 1. 0. 0. 0. 0. 0. 0. 0. 0. 0. 0. 0. 1. 0. 1. 0. 0. 0.],5.0,1000,100,0.01,0.0035,1,6,random,,best,single_objective
897,0.048660198103358754,0.12332559190258906,0.003721295646,[0.         0.         0.         0.         0.1        0.         0.         0.         0.1        0.         0.         0.         0.         0.1        0.         0.         0.         0.         0.         0.         0.         0.         0.         0.         0.         0.11915708 0.         0.36769278 0.         0.         0.        ],[0. 0. 0. 0. 1. 0. 0. 0. 1. 0. 0. 0. 0. 1. 0. 0. 0. 0. 0. 0. 0. 0. 0. 0. 0. 1. 0. 1. 0. 0. 0.],5.0,1000,100,0.01,0.0035,1,6,random,,best,single_objective
898,0.048660198103358754,0.12332559190258906,0.003721295646,[0.         0.         0.         0.         0.1        0.         0.         0.         0.1        0.         0.         0.         0.         0.1        0.         0.         0.         0.         0.         0.         0.         0.         0.         0.         0.         0.11915708 0.         0.36769278 0.         0.         0.        ],[0. 0. 0. 0. 1. 0. 0. 0. 1. 0. 0. 0. 0. 1. 0. 0. 0. 0. 0. 0. 0. 0. 0. 0. 0. 1. 0. 1. 0. 0. 0.],5.0,1000,100,0.01,0.0035,1,6,random,,best,single_objective
899,0.048660198103358754,0.12332559190258906,0.003721295646,[0.         0.         0.         0.         0.1        0.         0.         0.         0.1        0.         0.         0.         0.         0.1        0.         0.         0.         0.         0.         0.         0.         0.         0.         0.         0.         0.11915708 0.         0.36769278 0.         0.         0.        ],[0. 0. 0. 0. 1. 0. 0. 0. 1. 0. 0. 0. 0. 1. 0. 0. 0. 0. 0. 0. 0. 0. 0. 0. 0. 1. 0. 1. 0. 0. 0.],5.0,1000,100,0.01,0.0035,1,6,random,,best,single_objective
900,0.048660198103358754,0.12332559190258906,0.003721295646,[0.         0.         0.         0.         0.1        0.         0.         0.         0.1        0.         0.         0.         0.         0.1        0.         0.         0.         0.         0.         0.         0.         0.         0.         0.         0.         0.11915708 0.         0.36769278 0.         0.         0.        ],[0. 0. 0. 0. 1. 0. 0. 0. 1. 0. 0. 0. 0. 1. 0. 0. 0. 0. 0. 0. 0. 0. 0. 0. 0. 1. 0. 1. 0. 0. 0.],5.0,1000,100,0.01,0.0035,1,6,random,,best,single_objective
901,0.048660198103358754,0.12332559190258906,0.003721295646,[0.         0.         0.         0.         0.1        0.         0.         0.         0.1        0.         0.         0.         0.         0.1        0.         0.         0.         0.         0.         0.         0.         0.         0.         0.         0.         0.11915708 0.         0.36769278 0.         0.         0.        ],[0. 0. 0. 0. 1. 0. 0. 0. 1. 0. 0. 0. 0. 1. 0. 0. 0. 0. 0. 0. 0. 0. 0. 0. 0. 1. 0. 1. 0. 0. 0.],5.0,1000,100,0.01,0.0035,1,6,random,,best,single_objective
902,0.048660198103358754,0.12332559190258906,0.003721295646,[0.         0.         0.         0.         0.1        0.         0.         0.         0.1        0.         0.         0.         0.         0.1        0.         0.         0.         0.         0.         0.         0.         0.         0.         0.         0.         0.11915708 0.         0.36769278 0.         0.         0.        ],[0. 0. 0. 0. 1. 0. 0. 0. 1. 0. 0. 0. 0. 1. 0. 0. 0. 0. 0. 0. 0. 0. 0. 0. 0. 1. 0. 1. 0. 0. 0.],5.0,1000,100,0.01,0.0035,1,6,random,,best,single_objective
903,0.048660198103358754,0.12332559190258906,0.003721295646,[0.         0.         0.         0.         0.1        0.         0.         0.         0.1        0.         0.         0.         0.         0.1        0.         0.         0.         0.         0.         0.         0.         0.         0.         0.         0.         0.11915708 0.         0.36769278 0.         0.         0.        ],[0. 0. 0. 0. 1. 0. 0. 0. 1. 0. 0. 0. 0. 1. 0. 0. 0. 0. 0. 0. 0. 0. 0. 0. 0. 1. 0. 1. 0. 0. 0.],5.0,1000,100,0.01,0.0035,1,6,random,,best,single_objective
904,0.048660198103358754,0.12332559190258906,0.003721295646,[0.         0.         0.         0.         0.1        0.         0.         0.         0.1        0.         0.         0.         0.         0.1        0.         0.         0.         0.         0.         0.         0.         0.         0.         0.         0.         0.11915708 0.         0.36769278 0.         0.         0.        ],[0. 0. 0. 0. 1. 0. 0. 0. 1. 0. 0. 0. 0. 1. 0. 0. 0. 0. 0. 0. 0. 0. 0. 0. 0. 1. 0. 1. 0. 0. 0.],5.0,1000,100,0.01,0.0035,1,6,random,,best,single_objective
905,0.048660198103358754,0.12332559190258906,0.003721295646,[0.         0.         0.         0.         0.1        0.         0.         0.         0.1        0.         0.         0.         0.         0.1        0.         0.         0.         0.         0.         0.         0.         0.         0.         0.         0.         0.11915708 0.         0.36769278 0.         0.         0.        ],[0. 0. 0. 0. 1. 0. 0. 0. 1. 0. 0. 0. 0. 1. 0. 0. 0. 0. 0. 0. 0. 0. 0. 0. 0. 1. 0. 1. 0. 0. 0.],5.0,1000,100,0.01,0.0035,1,6,random,,best,single_objective
906,0.048660198103358754,0.12332559190258906,0.003721295646,[0.         0.         0.         0.         0.1        0.         0.         0.         0.1        0.         0.         0.         0.         0.1        0.         0.         0.         0.         0.         0.         0.         0.         0.         0.         0.         0.11915708 0.         0.36769278 0.         0.         0.        ],[0. 0. 0. 0. 1. 0. 0. 0. 1. 0. 0. 0. 0. 1. 0. 0. 0. 0. 0. 0. 0. 0. 0. 0. 0. 1. 0. 1. 0. 0. 0.],5.0,1000,100,0.01,0.0035,1,6,random,,best,single_objective
907,0.048660198103358754,0.12332559190258906,0.003721295646,[0.         0.         0.         0.         0.1        0.         0.         0.         0.1        0.         0.         0.         0.         0.1        0.         0.         0.         0.         0.         0.         0.         0.         0.         0.         0.         0.11915708 0.         0.36769278 0.         0.         0.        ],[0. 0. 0. 0. 1. 0. 0. 0. 1. 0. 0. 0. 0. 1. 0. 0. 0. 0. 0. 0. 0. 0. 0. 0. 0. 1. 0. 1. 0. 0. 0.],5.0,1000,100,0.01,0.0035,1,6,random,,best,single_objective
908,0.048660198103358754,0.12332559190258906,0.003721295646,[0.         0.         0.         0.         0.1        0.         0.         0.         0.1        0.         0.         0.         0.         0.1        0.         0.         0.         0.         0.         0.         0.         0.         0.         0.         0.         0.11915708 0.         0.36769278 0.         0.         0.        ],[0. 0. 0. 0. 1. 0. 0. 0. 1. 0. 0. 0. 0. 1. 0. 0. 0. 0. 0. 0. 0. 0. 0. 0. 0. 1. 0. 1. 0. 0. 0.],5.0,1000,100,0.01,0.0035,1,6,random,,best,single_objective
909,0.048660198103358754,0.12332559190258906,0.003721295646,[0.         0.         0.         0.         0.1        0.         0.         0.         0.1        0.         0.         0.         0.         0.1        0.         0.         0.         0.         0.         0.         0.         0.         0.         0.         0.         0.11915708 0.         0.36769278 0.         0.         0.        ],[0. 0. 0. 0. 1. 0. 0. 0. 1. 0. 0. 0. 0. 1. 0. 0. 0. 0. 0. 0. 0. 0. 0. 0. 0. 1. 0. 1. 0. 0. 0.],5.0,1000,100,0.01,0.0035,1,6,random,,best,single_objective
910,0.048660198103358754,0.12332559190258906,0.003721295646,[0.         0.         0.         0.         0.1        0.         0.         0.         0.1        0.         0.         0.         0.         0.1        0.         0.         0.         0.         0.         0.         0.         0.         0.         0.         0.         0.11915708 0.         0.36769278 0.         0.         0.        ],[0. 0. 0. 0. 1. 0. 0. 0. 1. 0. 0. 0. 0. 1. 0. 0. 0. 0. 0. 0. 0. 0. 0. 0. 0. 1. 0. 1. 0. 0. 0.],5.0,1000,100,0.01,0.0035,1,6,random,,best,single_objective
911,0.048660198103358754,0.12332559190258906,0.003721295646,[0.         0.         0.         0.         0.1        0.         0.         0.         0.1        0.         0.         0.         0.         0.1        0.         0.         0.         0.         0.         0.         0.         0.         0.         0.         0.         0.11915708 0.         0.36769278 0.         0.         0.        ],[0. 0. 0. 0. 1. 0. 0. 0. 1. 0. 0. 0. 0. 1. 0. 0. 0. 0. 0. 0. 0. 0. 0. 0. 0. 1. 0. 1. 0. 0. 0.],5.0,1000,100,0.01,0.0035,1,6,random,,best,single_objective
912,0.048660198103358754,0.12332559190258906,0.003721295646,[0.         0.         0.         0.         0.1        0.         0.         0.         0.1        0.         0.         0.         0.         0.1        0.         0.         0.         0.         0.         0.         0.         0.         0.         0.         0.         0.11915708 0.         0.36769278 0.         0.         0.        ],[0. 0. 0. 0. 1. 0. 0. 0. 1. 0. 0. 0. 0. 1. 0. 0. 0. 0. 0. 0. 0. 0. 0. 0. 0. 1. 0. 1. 0. 0. 0.],5.0,1000,100,0.01,0.0035,1,6,random,,best,single_objective
913,0.048660198103358754,0.12332559190258906,0.003721295646,[0.         0.         0.         0.         0.1        0.         0.         0.         0.1        0.         0.         0.         0.         0.1        0.         0.         0.         0.         0.         0.         0.         0.         0.         0.         0.         0.11915708 0.         0.36769278 0.         0.         0.        ],[0. 0. 0. 0. 1. 0. 0. 0. 1. 0. 0. 0. 0. 1. 0. 0. 0. 0. 0. 0. 0. 0. 0. 0. 0. 1. 0. 1. 0. 0. 0.],5.0,1000,100,0.01,0.0035,1,6,random,,best,single_objective
914,0.048660198103358754,0.12332559190258906,0.003721295646,[0.         0.         0.         0.         0.1        0.         0.         0.         0.1        0.         0.         0.         0.         0.1        0.         0.         0.         0.         0.         0.         0.         0.         0.         0.         0.         0.11915708 0.         0.36769278 0.         0.         0.        ],[0. 0. 0. 0. 1. 0. 0. 0. 1. 0. 0. 0. 0. 1. 0. 0. 0. 0. 0. 0. 0. 0. 0. 0. 0. 1. 0. 1. 0. 0. 0.],5.0,1000,100,0.01,0.0035,1,6,random,,best,single_objective
915,0.048660198103358754,0.12332559190258906,0.003721295646,[0.         0.         0.         0.         0.1        0.         0.         0.         0.1        0.         0.         0.         0.         0.1        0.         0.         0.         0.         0.         0.         0.         0.         0.         0.         0.         0.11915708 0.         0.36769278 0.         0.         0.        ],[0. 0. 0. 0. 1. 0. 0. 0. 1. 0. 0. 0. 0. 1. 0. 0. 0. 0. 0. 0. 0. 0. 0. 0. 0. 1. 0. 1. 0. 0. 0.],5.0,1000,100,0.01,0.0035,1,6,random,,best,single_objective
916,0.048660198103358754,0.12332559190258906,0.003721295646,[0.         0.         0.         0.         0.1        0.         0.         0.         0.1        0.         0.         0.         0.         0.1        0.         0.         0.         0.         0.         0.         0.         0.         0.         0.         0.         0.11915708 0.         0.36769278 0.         0.         0.        ],[0. 0. 0. 0. 1. 0. 0. 0. 1. 0. 0. 0. 0. 1. 0. 0. 0. 0. 0. 0. 0. 0. 0. 0. 0. 1. 0. 1. 0. 0. 0.],5.0,1000,100,0.01,0.0035,1,6,random,,best,single_objective
917,0.048660198103358754,0.12332559190258906,0.003721295646,[0.         0.         0.         0.         0.1        0.         0.         0.         0.1        0.         0.         0.         0.         0.1        0.         0.         0.         0.         0.         0.         0.         0.         0.         0.         0.         0.11915708 0.         0.36769278 0.         0.         0.        ],[0. 0. 0. 0. 1. 0. 0. 0. 1. 0. 0. 0. 0. 1. 0. 0. 0. 0. 0. 0. 0. 0. 0. 0. 0. 1. 0. 1. 0. 0. 0.],5.0,1000,100,0.01,0.0035,1,6,random,,best,single_objective
918,0.048660198103358754,0.12332559190258906,0.003721295646,[0.         0.         0.         0.         0.1        0.         0.         0.         0.1        0.         0.         0.         0.         0.1        0.         0.         0.         0.         0.         0.         0.         0.         0.         0.         0.         0.11915708 0.         0.36769278 0.         0.         0.        ],[0. 0. 0. 0. 1. 0. 0. 0. 1. 0. 0. 0. 0. 1. 0. 0. 0. 0. 0. 0. 0. 0. 0. 0. 0. 1. 0. 1. 0. 0. 0.],5.0,1000,100,0.01,0.0035,1,6,random,,best,single_objective
919,0.048660198103358754,0.12332559190258906,0.003721295646,[0.         0.         0.         0.         0.1        0.         0.         0.         0.1        0.         0.         0.         0.         0.1        0.         0.         0.         0.         0.         0.         0.         0.         0.         0.         0.         0.11915708 0.         0.36769278 0.         0.         0.        ],[0. 0. 0. 0. 1. 0. 0. 0. 1. 0. 0. 0. 0. 1. 0. 0. 0. 0. 0. 0. 0. 0. 0. 0. 0. 1. 0. 1. 0. 0. 0.],5.0,1000,100,0.01,0.0035,1,6,random,,best,single_objective
920,0.048660198103358754,0.12332559190258906,0.003721295646,[0.         0.         0.         0.         0.1        0.         0.         0.         0.1        0.         0.         0.         0.         0.1        0.         0.         0.         0.         0.         0.         0.         0.         0.         0.         0.         0.11915708 0.         0.36769278 0.         0.         0.        ],[0. 0. 0. 0. 1. 0. 0. 0. 1. 0. 0. 0. 0. 1. 0. 0. 0. 0. 0. 0. 0. 0. 0. 0. 0. 1. 0. 1. 0. 0. 0.],5.0,1000,100,0.01,0.0035,1,6,random,,best,single_objective
921,0.048660198103358754,0.12332559190258906,0.003721295646,[0.         0.         0.         0.         0.1        0.         0.         0.         0.1        0.         0.         0.         0.         0.1        0.         0.         0.         0.         0.         0.         0.         0.         0.         0.         0.         0.11915708 0.         0.36769278 0.         0.         0.        ],[0. 0. 0. 0. 1. 0. 0. 0. 1. 0. 0. 0. 0. 1. 0. 0. 0. 0. 0. 0. 0. 0. 0. 0. 0. 1. 0. 1. 0. 0. 0.],5.0,1000,100,0.01,0.0035,1,6,random,,best,single_objective
922,0.048660198103358754,0.12332559190258906,0.003721295646,[0.         0.         0.         0.         0.1        0.         0.         0.         0.1        0.         0.         0.         0.         0.1        0.         0.         0.         0.         0.         0.         0.         0.         0.         0.         0.         0.11915708 0.         0.36769278 0.         0.         0.        ],[0. 0. 0. 0. 1. 0. 0. 0. 1. 0. 0. 0. 0. 1. 0. 0. 0. 0. 0. 0. 0. 0. 0. 0. 0. 1. 0. 1. 0. 0. 0.],5.0,1000,100,0.01,0.0035,1,6,random,,best,single_objective
923,0.048660198103358754,0.12332559190258906,0.003721295646,[0.         0.         0.         0.         0.1        0.         0.         0.         0.1        0.         0.         0.         0.         0.1        0.         0.         0.         0.         0.         0.         0.         0.         0.         0.         0.         0.11915708 0.         0.36769278 0.         0.         0.        ],[0. 0. 0. 0. 1. 0. 0. 0. 1. 0. 0. 0. 0. 1. 0. 0. 0. 0. 0. 0. 0. 0. 0. 0. 0. 1. 0. 1. 0. 0. 0.],5.0,1000,100,0.01,0.0035,1,6,random,,best,single_objective
924,0.048660198103358754,0.12332559190258906,0.003721295646,[0.         0.         0.         0.         0.1        0.         0.         0.         0.1        0.         0.         0.         0.         0.1        0.         0.         0.         0.         0.         0.         0.         0.         0.         0.         0.         0.11915708 0.         0.36769278 0.         0.         0.        ],[0. 0. 0. 0. 1. 0. 0. 0. 1. 0. 0. 0. 0. 1. 0. 0. 0. 0. 0. 0. 0. 0. 0. 0. 0. 1. 0. 1. 0. 0. 0.],5.0,1000,100,0.01,0.0035,1,6,random,,best,single_objective
925,0.048660198103358754,0.12332559190258906,0.003721295646,[0.         0.         0.         0.         0.1        0.         0.         0.         0.1        0.         0.         0.         0.         0.1        0.         0.         0.         0.         0.         0.         0.         0.         0.         0.         0.         0.11915708 0.         0.36769278 0.         0.         0.        ],[0. 0. 0. 0. 1. 0. 0. 0. 1. 0. 0. 0. 0. 1. 0. 0. 0. 0. 0. 0. 0. 0. 0. 0. 0. 1. 0. 1. 0. 0. 0.],5.0,1000,100,0.01,0.0035,1,6,random,,best,single_objective
926,0.048660198103358754,0.12332559190258906,0.003721295646,[0.         0.         0.         0.         0.1        0.         0.         0.         0.1        0.         0.         0.         0.         0.1        0.         0.         0.         0.         0.         0.         0.         0.         0.         0.         0.         0.11915708 0.         0.36769278 0.         0.         0.        ],[0. 0. 0. 0. 1. 0. 0. 0. 1. 0. 0. 0. 0. 1. 0. 0. 0. 0. 0. 0. 0. 0. 0. 0. 0. 1. 0. 1. 0. 0. 0.],5.0,1000,100,0.01,0.0035,1,6,random,,best,single_objective
927,0.048660198103358754,0.12332559190258906,0.003721295646,[0.         0.         0.         0.         0.1        0.         0.         0.         0.1        0.         0.         0.         0.         0.1        0.         0.         0.         0.         0.         0.         0.         0.         0.         0.         0.         0.11915708 0.         0.36769278 0.         0.         0.        ],[0. 0. 0. 0. 1. 0. 0. 0. 1. 0. 0. 0. 0. 1. 0. 0. 0. 0. 0. 0. 0. 0. 0. 0. 0. 1. 0. 1. 0. 0. 0.],5.0,1000,100,0.01,0.0035,1,6,random,,best,single_objective
928,0.048660198103358754,0.12332559190258906,0.003721295646,[0.         0.         0.         0.         0.1        0.         0.         0.         0.1        0.         0.         0.         0.         0.1        0.         0.         0.         0.         0.         0.         0.         0.         0.         0.         0.         0.11915708 0.         0.36769278 0.         0.         0.        ],[0. 0. 0. 0. 1. 0. 0. 0. 1. 0. 0. 0. 0. 1. 0. 0. 0. 0. 0. 0. 0. 0. 0. 0. 0. 1. 0. 1. 0. 0. 0.],5.0,1000,100,0.01,0.0035,1,6,random,,best,single_objective
929,0.048660198103358754,0.12332559190258906,0.003721295646,[0.         0.         0.         0.         0.1        0.         0.         0.         0.1        0.         0.         0.         0.         0.1        0.         0.         0.         0.         0.         0.         0.         0.         0.         0.         0.         0.11915708 0.         0.36769278 0.         0.         0.        ],[0. 0. 0. 0. 1. 0. 0. 0. 1. 0. 0. 0. 0. 1. 0. 0. 0. 0. 0. 0. 0. 0. 0. 0. 0. 1. 0. 1. 0. 0. 0.],5.0,1000,100,0.01,0.0035,1,6,random,,best,single_objective
930,0.048660198103358754,0.12332559190258906,0.003721295646,[0.         0.         0.         0.         0.1        0.         0.         0.         0.1        0.         0.         0.         0.         0.1        0.         0.         0.         0.         0.         0.         0.         0.         0.         0.         0.         0.11915708 0.         0.36769278 0.         0.         0.        ],[0. 0. 0. 0. 1. 0. 0. 0. 1. 0. 0. 0. 0. 1. 0. 0. 0. 0. 0. 0. 0. 0. 0. 0. 0. 1. 0. 1. 0. 0. 0.],5.0,1000,100,0.01,0.0035,1,6,random,,best,single_objective
931,0.048660198103358754,0.12332559190258906,0.003721295646,[0.         0.         0.         0.         0.1        0.         0.         0.         0.1        0.         0.         0.         0.         0.1        0.         0.         0.         0.         0.         0.         0.         0.         0.         0.         0.         0.11915708 0.         0.36769278 0.         0.         0.        ],[0. 0. 0. 0. 1. 0. 0. 0. 1. 0. 0. 0. 0. 1. 0. 0. 0. 0. 0. 0. 0. 0. 0. 0. 0. 1. 0. 1. 0. 0. 0.],5.0,1000,100,0.01,0.0035,1,6,random,,best,single_objective
932,0.048660198103358754,0.12332559190258906,0.003721295646,[0.         0.         0.         0.         0.1        0.         0.         0.         0.1        0.         0.         0.         0.         0.1        0.         0.         0.         0.         0.         0.         0.         0.         0.         0.         0.         0.11915708 0.         0.36769278 0.         0.         0.        ],[0. 0. 0. 0. 1. 0. 0. 0. 1. 0. 0. 0. 0. 1. 0. 0. 0. 0. 0. 0. 0. 0. 0. 0. 0. 1. 0. 1. 0. 0. 0.],5.0,1000,100,0.01,0.0035,1,6,random,,best,single_objective
933,0.048660198103358754,0.12332559190258906,0.003721295646,[0.         0.         0.         0.         0.1        0.         0.         0.         0.1        0.         0.         0.         0.         0.1        0.         0.         0.         0.         0.         0.         0.         0.         0.         0.         0.         0.11915708 0.         0.36769278 0.         0.         0.        ],[0. 0. 0. 0. 1. 0. 0. 0. 1. 0. 0. 0. 0. 1. 0. 0. 0. 0. 0. 0. 0. 0. 0. 0. 0. 1. 0. 1. 0. 0. 0.],5.0,1000,100,0.01,0.0035,1,6,random,,best,single_objective
934,0.048660198103358754,0.12332559190258906,0.003721295646,[0.         0.         0.         0.         0.1        0.         0.         0.         0.1        0.         0.         0.         0.         0.1        0.         0.         0.         0.         0.         0.         0.         0.         0.         0.         0.         0.11915708 0.         0.36769278 0.         0.         0.        ],[0. 0. 0. 0. 1. 0. 0. 0. 1. 0. 0. 0. 0. 1. 0. 0. 0. 0. 0. 0. 0. 0. 0. 0. 0. 1. 0. 1. 0. 0. 0.],5.0,1000,100,0.01,0.0035,1,6,random,,best,single_objective
935,0.048660198103358754,0.12332559190258906,0.003721295646,[0.         0.         0.         0.         0.1        0.         0.         0.         0.1        0.         0.         0.         0.         0.1        0.         0.         0.         0.         0.         0.         0.         0.         0.         0.         0.         0.11915708 0.         0.36769278 0.         0.         0.        ],[0. 0. 0. 0. 1. 0. 0. 0. 1. 0. 0. 0. 0. 1. 0. 0. 0. 0. 0. 0. 0. 0. 0. 0. 0. 1. 0. 1. 0. 0. 0.],5.0,1000,100,0.01,0.0035,1,6,random,,best,single_objective
936,0.048660198103358754,0.12332559190258906,0.003721295646,[0.         0.         0.         0.         0.1        0.         0.         0.         0.1        0.         0.         0.         0.         0.1        0.         0.         0.         0.         0.         0.         0.         0.         0.         0.         0.         0.11915708 0.         0.36769278 0.         0.         0.        ],[0. 0. 0. 0. 1. 0. 0. 0. 1. 0. 0. 0. 0. 1. 0. 0. 0. 0. 0. 0. 0. 0. 0. 0. 0. 1. 0. 1. 0. 0. 0.],5.0,1000,100,0.01,0.0035,1,6,random,,best,single_objective
937,0.048660198103358754,0.12332559190258906,0.003721295646,[0.         0.         0.         0.         0.1        0.         0.         0.         0.1        0.         0.         0.         0.         0.1        0.         0.         0.         0.         0.         0.         0.         0.         0.         0.         0.         0.11915708 0.         0.36769278 0.         0.         0.        ],[0. 0. 0. 0. 1. 0. 0. 0. 1. 0. 0. 0. 0. 1. 0. 0. 0. 0. 0. 0. 0. 0. 0. 0. 0. 1. 0. 1. 0. 0. 0.],5.0,1000,100,0.01,0.0035,1,6,random,,best,single_objective
938,0.048660198103358754,0.12332559190258906,0.003721295646,[0.         0.         0.         0.         0.1        0.         0.         0.         0.1        0.         0.         0.         0.         0.1        0.         0.         0.         0.         0.         0.         0.         0.         0.         0.         0.         0.11915708 0.         0.36769278 0.         0.         0.        ],[0. 0. 0. 0. 1. 0. 0. 0. 1. 0. 0. 0. 0. 1. 0. 0. 0. 0. 0. 0. 0. 0. 0. 0. 0. 1. 0. 1. 0. 0. 0.],5.0,1000,100,0.01,0.0035,1,6,random,,best,single_objective
939,0.048660198103358754,0.12332559190258906,0.003721295646,[0.         0.         0.         0.         0.1        0.         0.         0.         0.1        0.         0.         0.         0.         0.1        0.         0.         0.         0.         0.         0.         0.         0.         0.         0.         0.         0.11915708 0.         0.36769278 0.         0.         0.        ],[0. 0. 0. 0. 1. 0. 0. 0. 1. 0. 0. 0. 0. 1. 0. 0. 0. 0. 0. 0. 0. 0. 0. 0. 0. 1. 0. 1. 0. 0. 0.],5.0,1000,100,0.01,0.0035,1,6,random,,best,single_objective
940,0.048660198103358754,0.12332559190258906,0.003721295646,[0.         0.         0.         0.         0.1        0.         0.         0.         0.1        0.         0.         0.         0.         0.1        0.         0.         0.         0.         0.         0.         0.         0.         0.         0.         0.         0.11915708 0.         0.36769278 0.         0.         0.        ],[0. 0. 0. 0. 1. 0. 0. 0. 1. 0. 0. 0. 0. 1. 0. 0. 0. 0. 0. 0. 0. 0. 0. 0. 0. 1. 0. 1. 0. 0. 0.],5.0,1000,100,0.01,0.0035,1,6,random,,best,single_objective
941,0.048660198103358754,0.12332559190258906,0.003721295646,[0.         0.         0.         0.         0.1        0.         0.         0.         0.1        0.         0.         0.         0.         0.1        0.         0.         0.         0.         0.         0.         0.         0.         0.         0.         0.         0.11915708 0.         0.36769278 0.         0.         0.        ],[0. 0. 0. 0. 1. 0. 0. 0. 1. 0. 0. 0. 0. 1. 0. 0. 0. 0. 0. 0. 0. 0. 0. 0. 0. 1. 0. 1. 0. 0. 0.],5.0,1000,100,0.01,0.0035,1,6,random,,best,single_objective
942,0.048660198103358754,0.12332559190258906,0.003721295646,[0.         0.         0.         0.         0.1        0.         0.         0.         0.1        0.         0.         0.         0.         0.1        0.         0.         0.         0.         0.         0.         0.         0.         0.         0.         0.         0.11915708 0.         0.36769278 0.         0.         0.        ],[0. 0. 0. 0. 1. 0. 0. 0. 1. 0. 0. 0. 0. 1. 0. 0. 0. 0. 0. 0. 0. 0. 0. 0. 0. 1. 0. 1. 0. 0. 0.],5.0,1000,100,0.01,0.0035,1,6,random,,best,single_objective
943,0.048660198103358754,0.12332559190258906,0.003721295646,[0.         0.         0.         0.         0.1        0.         0.         0.         0.1        0.         0.         0.         0.         0.1        0.         0.         0.         0.         0.         0.         0.         0.         0.         0.         0.         0.11915708 0.         0.36769278 0.         0.         0.        ],[0. 0. 0. 0. 1. 0. 0. 0. 1. 0. 0. 0. 0. 1. 0. 0. 0. 0. 0. 0. 0. 0. 0. 0. 0. 1. 0. 1. 0. 0. 0.],5.0,1000,100,0.01,0.0035,1,6,random,,best,single_objective
944,0.048660198103358754,0.12332559190258906,0.003721295646,[0.         0.         0.         0.         0.1        0.         0.         0.         0.1        0.         0.         0.         0.         0.1        0.         0.         0.         0.         0.         0.         0.         0.         0.         0.         0.         0.11915708 0.         0.36769278 0.         0.         0.        ],[0. 0. 0. 0. 1. 0. 0. 0. 1. 0. 0. 0. 0. 1. 0. 0. 0. 0. 0. 0. 0. 0. 0. 0. 0. 1. 0. 1. 0. 0. 0.],5.0,1000,100,0.01,0.0035,1,6,random,,best,single_objective
945,0.048660198103358754,0.12332559190258906,0.003721295646,[0.         0.         0.         0.         0.1        0.         0.         0.         0.1        0.         0.         0.         0.         0.1        0.         0.         0.         0.         0.         0.         0.         0.         0.         0.         0.         0.11915708 0.         0.36769278 0.         0.         0.        ],[0. 0. 0. 0. 1. 0. 0. 0. 1. 0. 0. 0. 0. 1. 0. 0. 0. 0. 0. 0. 0. 0. 0. 0. 0. 1. 0. 1. 0. 0. 0.],5.0,1000,100,0.01,0.0035,1,6,random,,best,single_objective
946,0.048660198103358754,0.12332559190258906,0.003721295646,[0.         0.         0.         0.         0.1        0.         0.         0.         0.1        0.         0.         0.         0.         0.1        0.         0.         0.         0.         0.         0.         0.         0.         0.         0.         0.         0.11915708 0.         0.36769278 0.         0.         0.        ],[0. 0. 0. 0. 1. 0. 0. 0. 1. 0. 0. 0. 0. 1. 0. 0. 0. 0. 0. 0. 0. 0. 0. 0. 0. 1. 0. 1. 0. 0. 0.],5.0,1000,100,0.01,0.0035,1,6,random,,best,single_objective
947,0.048660198103358754,0.12332559190258906,0.003721295646,[0.         0.         0.         0.         0.1        0.         0.         0.         0.1        0.         0.         0.         0.         0.1        0.         0.         0.         0.         0.         0.         0.         0.         0.         0.         0.         0.11915708 0.         0.36769278 0.         0.         0.        ],[0. 0. 0. 0. 1. 0. 0. 0. 1. 0. 0. 0. 0. 1. 0. 0. 0. 0. 0. 0. 0. 0. 0. 0. 0. 1. 0. 1. 0. 0. 0.],5.0,1000,100,0.01,0.0035,1,6,random,,best,single_objective
948,0.048660198103358754,0.12332559190258906,0.003721295646,[0.         0.         0.         0.         0.1        0.         0.         0.         0.1        0.         0.         0.         0.         0.1        0.         0.         0.         0.         0.         0.         0.         0.         0.         0.         0.         0.11915708 0.         0.36769278 0.         0.         0.        ],[0. 0. 0. 0. 1. 0. 0. 0. 1. 0. 0. 0. 0. 1. 0. 0. 0. 0. 0. 0. 0. 0. 0. 0. 0. 1. 0. 1. 0. 0. 0.],5.0,1000,100,0.01,0.0035,1,6,random,,best,single_objective
949,0.048660198103358754,0.12332559190258906,0.003721295646,[0.         0.         0.         0.         0.1        0.         0.         0.         0.1        0.         0.         0.         0.         0.1        0.         0.         0.         0.         0.         0.         0.         0.         0.         0.         0.         0.11915708 0.         0.36769278 0.         0.         0.        ],[0. 0. 0. 0. 1. 0. 0. 0. 1. 0. 0. 0. 0. 1. 0. 0. 0. 0. 0. 0. 0. 0. 0. 0. 0. 1. 0. 1. 0. 0. 0.],5.0,1000,100,0.01,0.0035,1,6,random,,best,single_objective
950,0.048660198103358754,0.12332559190258906,0.003721295646,[0.         0.         0.         0.         0.1        0.         0.         0.         0.1        0.         0.         0.         0.         0.1        0.         0.         0.         0.         0.         0.         0.         0.         0.         0.         0.         0.11915708 0.         0.36769278 0.         0.         0.        ],[0. 0. 0. 0. 1. 0. 0. 0. 1. 0. 0. 0. 0. 1. 0. 0. 0. 0. 0. 0. 0. 0. 0. 0. 0. 1. 0. 1. 0. 0. 0.],5.0,1000,100,0.01,0.0035,1,6,random,,best,single_objective
951,0.048660198103358754,0.12332559190258906,0.003721295646,[0.         0.         0.         0.         0.1        0.         0.         0.         0.1        0.         0.         0.         0.         0.1        0.         0.         0.         0.         0.         0.         0.         0.         0.         0.         0.         0.11915708 0.         0.36769278 0.         0.         0.        ],[0. 0. 0. 0. 1. 0. 0. 0. 1. 0. 0. 0. 0. 1. 0. 0. 0. 0. 0. 0. 0. 0. 0. 0. 0. 1. 0. 1. 0. 0. 0.],5.0,1000,100,0.01,0.0035,1,6,random,,best,single_objective
952,0.048660198103358754,0.12332559190258906,0.003721295646,[0.         0.         0.         0.         0.1        0.         0.         0.         0.1        0.         0.         0.         0.         0.1        0.         0.         0.         0.         0.         0.         0.         0.         0.         0.         0.         0.11915708 0.         0.36769278 0.         0.         0.        ],[0. 0. 0. 0. 1. 0. 0. 0. 1. 0. 0. 0. 0. 1. 0. 0. 0. 0. 0. 0. 0. 0. 0. 0. 0. 1. 0. 1. 0. 0. 0.],5.0,1000,100,0.01,0.0035,1,6,random,,best,single_objective
953,0.048660198103358754,0.12332559190258906,0.003721295646,[0.         0.         0.         0.         0.1        0.         0.         0.         0.1        0.         0.         0.         0.         0.1        0.         0.         0.         0.         0.         0.         0.         0.         0.         0.         0.         0.11915708 0.         0.36769278 0.         0.         0.        ],[0. 0. 0. 0. 1. 0. 0. 0. 1. 0. 0. 0. 0. 1. 0. 0. 0. 0. 0. 0. 0. 0. 0. 0. 0. 1. 0. 1. 0. 0. 0.],5.0,1000,100,0.01,0.0035,1,6,random,,best,single_objective
954,0.048660198103358754,0.12332559190258906,0.003721295646,[0.         0.         0.         0.         0.1        0.         0.         0.         0.1        0.         0.         0.         0.         0.1        0.         0.         0.         0.         0.         0.         0.         0.         0.         0.         0.         0.11915708 0.         0.36769278 0.         0.         0.        ],[0. 0. 0. 0. 1. 0. 0. 0. 1. 0. 0. 0. 0. 1. 0. 0. 0. 0. 0. 0. 0. 0. 0. 0. 0. 1. 0. 1. 0. 0. 0.],5.0,1000,100,0.01,0.0035,1,6,random,,best,single_objective
955,0.048660198103358754,0.12332559190258906,0.003721295646,[0.         0.         0.         0.         0.1        0.         0.         0.         0.1        0.         0.         0.         0.         0.1        0.         0.         0.         0.         0.         0.         0.         0.         0.         0.         0.         0.11915708 0.         0.36769278 0.         0.         0.        ],[0. 0. 0. 0. 1. 0. 0. 0. 1. 0. 0. 0. 0. 1. 0. 0. 0. 0. 0. 0. 0. 0. 0. 0. 0. 1. 0. 1. 0. 0. 0.],5.0,1000,100,0.01,0.0035,1,6,random,,best,single_objective
956,0.048660198103358754,0.12332559190258906,0.003721295646,[0.         0.         0.         0.         0.1        0.         0.         0.         0.1        0.         0.         0.         0.         0.1        0.         0.         0.         0.         0.         0.         0.         0.         0.         0.         0.         0.11915708 0.         0.36769278 0.         0.         0.        ],[0. 0. 0. 0. 1. 0. 0. 0. 1. 0. 0. 0. 0. 1. 0. 0. 0. 0. 0. 0. 0. 0. 0. 0. 0. 1. 0. 1. 0. 0. 0.],5.0,1000,100,0.01,0.0035,1,6,random,,best,single_objective
957,0.048660198103358754,0.12332559190258906,0.003721295646,[0.         0.         0.         0.         0.1        0.         0.         0.         0.1        0.         0.         0.         0.         0.1        0.         0.         0.         0.         0.         0.         0.         0.         0.         0.         0.         0.11915708 0.         0.36769278 0.         0.         0.        ],[0. 0. 0. 0. 1. 0. 0. 0. 1. 0. 0. 0. 0. 1. 0. 0. 0. 0. 0. 0. 0. 0. 0. 0. 0. 1. 0. 1. 0. 0. 0.],5.0,1000,100,0.01,0.0035,1,6,random,,best,single_objective
958,0.048660198103358754,0.12332559190258906,0.003721295646,[0.         0.         0.         0.         0.1        0.         0.         0.         0.1        0.         0.         0.         0.         0.1        0.         0.         0.         0.         0.         0.         0.         0.         0.         0.         0.         0.11915708 0.         0.36769278 0.         0.         0.        ],[0. 0. 0. 0. 1. 0. 0. 0. 1. 0. 0. 0. 0. 1. 0. 0. 0. 0. 0. 0. 0. 0. 0. 0. 0. 1. 0. 1. 0. 0. 0.],5.0,1000,100,0.01,0.0035,1,6,random,,best,single_objective
959,0.048660198103358754,0.12332559190258906,0.003721295646,[0.         0.         0.         0.         0.1        0.         0.         0.         0.1        0.         0.         0.         0.         0.1        0.         0.         0.         0.         0.         0.         0.         0.         0.         0.         0.         0.11915708 0.         0.36769278 0.         0.         0.        ],[0. 0. 0. 0. 1. 0. 0. 0. 1. 0. 0. 0. 0. 1. 0. 0. 0. 0. 0. 0. 0. 0. 0. 0. 0. 1. 0. 1. 0. 0. 0.],5.0,1000,100,0.01,0.0035,1,6,random,,best,single_objective
960,0.048660198103358754,0.12332559190258906,0.003721295646,[0.         0.         0.         0.         0.1        0.         0.         0.         0.1        0.         0.         0.         0.         0.1        0.         0.         0.         0.         0.         0.         0.         0.         0.         0.         0.         0.11915708 0.         0.36769278 0.         0.         0.        ],[0. 0. 0. 0. 1. 0. 0. 0. 1. 0. 0. 0. 0. 1. 0. 0. 0. 0. 0. 0. 0. 0. 0. 0. 0. 1. 0. 1. 0. 0. 0.],5.0,1000,100,0.01,0.0035,1,6,random,,best,single_objective
961,0.048660198103358754,0.12332559190258906,0.003721295646,[0.         0.         0.         0.         0.1        0.         0.         0.         0.1        0.         0.         0.         0.         0.1        0.         0.         0.         0.         0.         0.         0.         0.         0.         0.         0.         0.11915708 0.         0.36769278 0.         0.         0.        ],[0. 0. 0. 0. 1. 0. 0. 0. 1. 0. 0. 0. 0. 1. 0. 0. 0. 0. 0. 0. 0. 0. 0. 0. 0. 1. 0. 1. 0. 0. 0.],5.0,1000,100,0.01,0.0035,1,6,random,,best,single_objective
962,0.048660198103358754,0.12332559190258906,0.003721295646,[0.         0.         0.         0.         0.1        0.         0.         0.         0.1        0.         0.         0.         0.         0.1        0.         0.         0.         0.         0.         0.         0.         0.         0.         0.         0.         0.11915708 0.         0.36769278 0.         0.         0.        ],[0. 0. 0. 0. 1. 0. 0. 0. 1. 0. 0. 0. 0. 1. 0. 0. 0. 0. 0. 0. 0. 0. 0. 0. 0. 1. 0. 1. 0. 0. 0.],5.0,1000,100,0.01,0.0035,1,6,random,,best,single_objective
963,0.048660198103358754,0.12332559190258906,0.003721295646,[0.         0.         0.         0.         0.1        0.         0.         0.         0.1        0.         0.         0.         0.         0.1        0.         0.         0.         0.         0.         0.         0.         0.         0.         0.         0.         0.11915708 0.         0.36769278 0.         0.         0.        ],[0. 0. 0. 0. 1. 0. 0. 0. 1. 0. 0. 0. 0. 1. 0. 0. 0. 0. 0. 0. 0. 0. 0. 0. 0. 1. 0. 1. 0. 0. 0.],5.0,1000,100,0.01,0.0035,1,6,random,,best,single_objective
964,0.048660198103358754,0.12332559190258906,0.003721295646,[0.         0.         0.         0.         0.1        0.         0.         0.         0.1        0.         0.         0.         0.         0.1        0.         0.         0.         0.         0.         0.         0.         0.         0.         0.         0.         0.11915708 0.         0.36769278 0.         0.         0.        ],[0. 0. 0. 0. 1. 0. 0. 0. 1. 0. 0. 0. 0. 1. 0. 0. 0. 0. 0. 0. 0. 0. 0. 0. 0. 1. 0. 1. 0. 0. 0.],5.0,1000,100,0.01,0.0035,1,6,random,,best,single_objective
965,0.048660198103358754,0.12332559190258906,0.003721295646,[0.         0.         0.         0.         0.1        0.         0.         0.         0.1        0.         0.         0.         0.         0.1        0.         0.         0.         0.         0.         0.         0.         0.         0.         0.         0.         0.11915708 0.         0.36769278 0.         0.         0.        ],[0. 0. 0. 0. 1. 0. 0. 0. 1. 0. 0. 0. 0. 1. 0. 0. 0. 0. 0. 0. 0. 0. 0. 0. 0. 1. 0. 1. 0. 0. 0.],5.0,1000,100,0.01,0.0035,1,6,random,,best,single_objective
966,0.048660198103358754,0.12332559190258906,0.003721295646,[0.         0.         0.         0.         0.1        0.         0.         0.         0.1        0.         0.         0.         0.         0.1        0.         0.         0.         0.         0.         0.         0.         0.         0.         0.         0.         0.11915708 0.         0.36769278 0.         0.         0.        ],[0. 0. 0. 0. 1. 0. 0. 0. 1. 0. 0. 0. 0. 1. 0. 0. 0. 0. 0. 0. 0. 0. 0. 0. 0. 1. 0. 1. 0. 0. 0.],5.0,1000,100,0.01,0.0035,1,6,random,,best,single_objective
967,0.048660198103358754,0.12332559190258906,0.003721295646,[0.         0.         0.         0.         0.1        0.         0.         0.         0.1        0.         0.         0.         0.         0.1        0.         0.         0.         0.         0.         0.         0.         0.         0.         0.         0.         0.11915708 0.         0.36769278 0.         0.         0.        ],[0. 0. 0. 0. 1. 0. 0. 0. 1. 0. 0. 0. 0. 1. 0. 0. 0. 0. 0. 0. 0. 0. 0. 0. 0. 1. 0. 1. 0. 0. 0.],5.0,1000,100,0.01,0.0035,1,6,random,,best,single_objective
968,0.048660198103358754,0.12332559190258906,0.003721295646,[0.         0.         0.         0.         0.1        0.         0.         0.         0.1        0.         0.         0.         0.         0.1        0.         0.         0.         0.         0.         0.         0.         0.         0.         0.         0.         0.11915708 0.         0.36769278 0.         0.         0.        ],[0. 0. 0. 0. 1. 0. 0. 0. 1. 0. 0. 0. 0. 1. 0. 0. 0. 0. 0. 0. 0. 0. 0. 0. 0. 1. 0. 1. 0. 0. 0.],5.0,1000,100,0.01,0.0035,1,6,random,,best,single_objective
969,0.048660198103358754,0.12332559190258906,0.003721295646,[0.         0.         0.         0.         0.1        0.         0.         0.         0.1        0.         0.         0.         0.         0.1        0.         0.         0.         0.         0.         0.         0.         0.         0.         0.         0.         0.11915708 0.         0.36769278 0.         0.         0.        ],[0. 0. 0. 0. 1. 0. 0. 0. 1. 0. 0. 0. 0. 1. 0. 0. 0. 0. 0. 0. 0. 0. 0. 0. 0. 1. 0. 1. 0. 0. 0.],5.0,1000,100,0.01,0.0035,1,6,random,,best,single_objective
970,0.048660198103358754,0.12332559190258906,0.003721295646,[0.         0.         0.         0.         0.1        0.         0.         0.         0.1        0.         0.         0.         0.         0.1        0.         0.         0.         0.         0.         0.         0.         0.         0.         0.         0.         0.11915708 0.         0.36769278 0.         0.         0.        ],[0. 0. 0. 0. 1. 0. 0. 0. 1. 0. 0. 0. 0. 1. 0. 0. 0. 0. 0. 0. 0. 0. 0. 0. 0. 1. 0. 1. 0. 0. 0.],5.0,1000,100,0.01,0.0035,1,6,random,,best,single_objective
971,0.048660198103358754,0.12332559190258906,0.003721295646,[0.         0.         0.         0.         0.1        0.         0.         0.         0.1        0.         0.         0.         0.         0.1        0.         0.         0.         0.         0.         0.         0.         0.         0.         0.         0.         0.11915708 0.         0.36769278 0.         0.         0.        ],[0. 0. 0. 0. 1. 0. 0. 0. 1. 0. 0. 0. 0. 1. 0. 0. 0. 0. 0. 0. 0. 0. 0. 0. 0. 1. 0. 1. 0. 0. 0.],5.0,1000,100,0.01,0.0035,1,6,random,,best,single_objective
972,0.048660198103358754,0.12332559190258906,0.003721295646,[0.         0.         0.         0.         0.1        0.         0.         0.         0.1        0.         0.         0.         0.         0.1        0.         0.         0.         0.         0.         0.         0.         0.         0.         0.         0.         0.11915708 0.         0.36769278 0.         0.         0.        ],[0. 0. 0. 0. 1. 0. 0. 0. 1. 0. 0. 0. 0. 1. 0. 0. 0. 0. 0. 0. 0. 0. 0. 0. 0. 1. 0. 1. 0. 0. 0.],5.0,1000,100,0.01,0.0035,1,6,random,,best,single_objective
973,0.048660198103358754,0.12332559190258906,0.003721295646,[0.         0.         0.         0.         0.1        0.         0.         0.         0.1        0.         0.         0.         0.         0.1        0.         0.         0.         0.         0.         0.         0.         0.         0.         0.         0.         0.11915708 0.         0.36769278 0.         0.         0.        ],[0. 0. 0. 0. 1. 0. 0. 0. 1. 0. 0. 0. 0. 1. 0. 0. 0. 0. 0. 0. 0. 0. 0. 0. 0. 1. 0. 1. 0. 0. 0.],5.0,1000,100,0.01,0.0035,1,6,random,,best,single_objective
974,0.048660198103358754,0.12332559190258906,0.003721295646,[0.         0.         0.         0.         0.1        0.         0.         0.         0.1        0.         0.         0.         0.         0.1        0.         0.         0.         0.         0.         0.         0.         0.         0.         0.         0.         0.11915708 0.         0.36769278 0.         0.         0.        ],[0. 0. 0. 0. 1. 0. 0. 0. 1. 0. 0. 0. 0. 1. 0. 0. 0. 0. 0. 0. 0. 0. 0. 0. 0. 1. 0. 1. 0. 0. 0.],5.0,1000,100,0.01,0.0035,1,6,random,,best,single_objective
975,0.048660198103358754,0.12332559190258906,0.003721295646,[0.         0.         0.         0.         0.1        0.         0.         0.         0.1        0.         0.         0.         0.         0.1        0.         0.         0.         0.         0.         0.         0.         0.         0.         0.         0.         0.11915708 0.         0.36769278 0.         0.         0.        ],[0. 0. 0. 0. 1. 0. 0. 0. 1. 0. 0. 0. 0. 1. 0. 0. 0. 0. 0. 0. 0. 0. 0. 0. 0. 1. 0. 1. 0. 0. 0.],5.0,1000,100,0.01,0.0035,1,6,random,,best,single_objective
976,0.048660198103358754,0.12332559190258906,0.003721295646,[0.         0.         0.         0.         0.1        0.         0.         0.         0.1        0.         0.         0.         0.         0.1        0.         0.         0.         0.         0.         0.         0.         0.         0.         0.         0.         0.11915708 0.         0.36769278 0.         0.         0.        ],[0. 0. 0. 0. 1. 0. 0. 0. 1. 0. 0. 0. 0. 1. 0. 0. 0. 0. 0. 0. 0. 0. 0. 0. 0. 1. 0. 1. 0. 0. 0.],5.0,1000,100,0.01,0.0035,1,6,random,,best,single_objective
977,0.048660198103358754,0.12332559190258906,0.003721295646,[0.         0.         0.         0.         0.1        0.         0.         0.         0.1        0.         0.         0.         0.         0.1        0.         0.         0.         0.         0.         0.         0.         0.         0.         0.         0.         0.11915708 0.         0.36769278 0.         0.         0.        ],[0. 0. 0. 0. 1. 0. 0. 0. 1. 0. 0. 0. 0. 1. 0. 0. 0. 0. 0. 0. 0. 0. 0. 0. 0. 1. 0. 1. 0. 0. 0.],5.0,1000,100,0.01,0.0035,1,6,random,,best,single_objective
978,0.048660198103358754,0.12332559190258906,0.003721295646,[0.         0.         0.         0.         0.1        0.         0.         0.         0.1        0.         0.         0.         0.         0.1        0.         0.         0.         0.         0.         0.         0.         0.         0.         0.         0.         0.11915708 0.         0.36769278 0.         0.         0.        ],[0. 0. 0. 0. 1. 0. 0. 0. 1. 0. 0. 0. 0. 1. 0. 0. 0. 0. 0. 0. 0. 0. 0. 0. 0. 1. 0. 1. 0. 0. 0.],5.0,1000,100,0.01,0.0035,1,6,random,,best,single_objective
979,0.048660198103358754,0.12332559190258906,0.003721295646,[0.         0.         0.         0.         0.1        0.         0.         0.         0.1        0.         0.         0.         0.         0.1        0.         0.         0.         0.         0.         0.         0.         0.         0.         0.         0.         0.11915708 0.         0.36769278 0.         0.         0.        ],[0. 0. 0. 0. 1. 0. 0. 0. 1. 0. 0. 0. 0. 1. 0. 0. 0. 0. 0. 0. 0. 0. 0. 0. 0. 1. 0. 1. 0. 0. 0.],5.0,1000,100,0.01,0.0035,1,6,random,,best,single_objective
980,0.048660198103358754,0.12332559190258906,0.003721295646,[0.         0.         0.         0.         0.1        0.         0.         0.         0.1        0.         0.         0.         0.         0.1        0.         0.         0.         0.         0.         0.         0.         0.         0.         0.         0.         0.11915708 0.         0.36769278 0.         0.         0.        ],[0. 0. 0. 0. 1. 0. 0. 0. 1. 0. 0. 0. 0. 1. 0. 0. 0. 0. 0. 0. 0. 0. 0. 0. 0. 1. 0. 1. 0. 0. 0.],5.0,1000,100,0.01,0.0035,1,6,random,,best,single_objective
981,0.048660198103358754,0.12332559190258906,0.003721295646,[0.         0.         0.         0.         0.1        0.         0.         0.         0.1        0.         0.         0.         0.         0.1        0.         0.         0.         0.         0.         0.         0.         0.         0.         0.         0.         0.11915708 0.         0.36769278 0.         0.         0.        ],[0. 0. 0. 0. 1. 0. 0. 0. 1. 0. 0. 0. 0. 1. 0. 0. 0. 0. 0. 0. 0. 0. 0. 0. 0. 1. 0. 1. 0. 0. 0.],5.0,1000,100,0.01,0.0035,1,6,random,,best,single_objective
982,0.048660198103358754,0.12332559190258906,0.003721295646,[0.         0.         0.         0.         0.1        0.         0.         0.         0.1        0.         0.         0.         0.         0.1        0.         0.         0.         0.         0.         0.         0.         0.         0.         0.         0.         0.11915708 0.         0.36769278 0.         0.         0.        ],[0. 0. 0. 0. 1. 0. 0. 0. 1. 0. 0. 0. 0. 1. 0. 0. 0. 0. 0. 0. 0. 0. 0. 0. 0. 1. 0. 1. 0. 0. 0.],5.0,1000,100,0.01,0.0035,1,6,random,,best,single_objective
983,0.048660198103358754,0.12332559190258906,0.003721295646,[0.         0.         0.         0.         0.1        0.         0.         0.         0.1        0.         0.         0.         0.         0.1        0.         0.         0.         0.         0.         0.         0.         0.         0.         0.         0.         0.11915708 0.         0.36769278 0.         0.         0.        ],[0. 0. 0. 0. 1. 0. 0. 0. 1. 0. 0. 0. 0. 1. 0. 0. 0. 0. 0. 0. 0. 0. 0. 0. 0. 1. 0. 1. 0. 0. 0.],5.0,1000,100,0.01,0.0035,1,6,random,,best,single_objective
984,0.048660198103358754,0.12332559190258906,0.003721295646,[0.         0.         0.         0.         0.1        0.         0.         0.         0.1        0.         0.         0.         0.         0.1        0.         0.         0.         0.         0.         0.         0.         0.         0.         0.         0.         0.11915708 0.         0.36769278 0.         0.         0.        ],[0. 0. 0. 0. 1. 0. 0. 0. 1. 0. 0. 0. 0. 1. 0. 0. 0. 0. 0. 0. 0. 0. 0. 0. 0. 1. 0. 1. 0. 0. 0.],5.0,1000,100,0.01,0.0035,1,6,random,,best,single_objective
985,0.048660198103358754,0.12332559190258906,0.003721295646,[0.         0.         0.         0.         0.1        0.         0.         0.         0.1        0.         0.         0.         0.         0.1        0.         0.         0.         0.         0.         0.         0.         0.         0.         0.         0.         0.11915708 0.         0.36769278 0.         0.         0.        ],[0. 0. 0. 0. 1. 0. 0. 0. 1. 0. 0. 0. 0. 1. 0. 0. 0. 0. 0. 0. 0. 0. 0. 0. 0. 1. 0. 1. 0. 0. 0.],5.0,1000,100,0.01,0.0035,1,6,random,,best,single_objective
986,0.048660198103358754,0.12332559190258906,0.003721295646,[0.         0.         0.         0.         0.1        0.         0.         0.         0.1        0.         0.         0.         0.         0.1        0.         0.         0.         0.         0.         0.         0.         0.         0.         0.         0.         0.11915708 0.         0.36769278 0.         0.         0.        ],[0. 0. 0. 0. 1. 0. 0. 0. 1. 0. 0. 0. 0. 1. 0. 0. 0. 0. 0. 0. 0. 0. 0. 0. 0. 1. 0. 1. 0. 0. 0.],5.0,1000,100,0.01,0.0035,1,6,random,,best,single_objective
987,0.048660198103358754,0.12332559190258906,0.003721295646,[0.         0.         0.         0.         0.1        0.         0.         0.         0.1        0.         0.         0.         0.         0.1        0.         0.         0.         0.         0.         0.         0.         0.         0.         0.         0.         0.11915708 0.         0.36769278 0.         0.         0.        ],[0. 0. 0. 0. 1. 0. 0. 0. 1. 0. 0. 0. 0. 1. 0. 0. 0. 0. 0. 0. 0. 0. 0. 0. 0. 1. 0. 1. 0. 0. 0.],5.0,1000,100,0.01,0.0035,1,6,random,,best,single_objective
988,0.048660198103358754,0.12332559190258906,0.003721295646,[0.         0.         0.         0.         0.1        0.         0.         0.         0.1        0.         0.         0.         0.         0.1        0.         0.         0.         0.         0.         0.         0.         0.         0.         0.         0.         0.11915708 0.         0.36769278 0.         0.         0.        ],[0. 0. 0. 0. 1. 0. 0. 0. 1. 0. 0. 0. 0. 1. 0. 0. 0. 0. 0. 0. 0. 0. 0. 0. 0. 1. 0. 1. 0. 0. 0.],5.0,1000,100,0.01,0.0035,1,6,random,,best,single_objective
989,0.048660198103358754,0.12332559190258906,0.003721295646,[0.         0.         0.         0.         0.1        0.         0.         0.         0.1        0.         0.         0.         0.         0.1        0.         0.         0.         0.         0.         0.         0.         0.         0.         0.         0.         0.11915708 0.         0.36769278 0.         0.         0.        ],[0. 0. 0. 0. 1. 0. 0. 0. 1. 0. 0. 0. 0. 1. 0. 0. 0. 0. 0. 0. 0. 0. 0. 0. 0. 1. 0. 1. 0. 0. 0.],5.0,1000,100,0.01,0.0035,1,6,random,,best,single_objective
990,0.048660198103358754,0.12332559190258906,0.003721295646,[0.         0.         0.         0.         0.1        0.         0.         0.         0.1        0.         0.         0.         0.         0.1        0.         0.         0.         0.         0.         0.         0.         0.         0.         0.         0.         0.11915708 0.         0.36769278 0.         0.         0.        ],[0. 0. 0. 0. 1. 0. 0. 0. 1. 0. 0. 0. 0. 1. 0. 0. 0. 0. 0. 0. 0. 0. 0. 0. 0. 1. 0. 1. 0. 0. 0.],5.0,1000,100,0.01,0.0035,1,6,random,,best,single_objective
991,0.048660198103358754,0.12332559190258906,0.003721295646,[0.         0.         0.         0.         0.1        0.         0.         0.         0.1        0.         0.         0.         0.         0.1        0.         0.         0.         0.         0.         0.         0.         0.         0.         0.         0.         0.11915708 0.         0.36769278 0.         0.         0.        ],[0. 0. 0. 0. 1. 0. 0. 0. 1. 0. 0. 0. 0. 1. 0. 0. 0. 0. 0. 0. 0. 0. 0. 0. 0. 1. 0. 1. 0. 0. 0.],5.0,1000,100,0.01,0.0035,1,6,random,,best,single_objective
992,0.048660198103358754,0.12332559190258906,0.003721295646,[0.         0.         0.         0.         0.1        0.         0.         0.         0.1        0.         0.         0.         0.         0.1        0.         0.         0.         0.         0.         0.         0.         0.         0.         0.         0.         0.11915708 0.         0.36769278 0.         0.         0.        ],[0. 0. 0. 0. 1. 0. 0. 0. 1. 0. 0. 0. 0. 1. 0. 0. 0. 0. 0. 0. 0. 0. 0. 0. 0. 1. 0. 1. 0. 0. 0.],5.0,1000,100,0.01,0.0035,1,6,random,,best,single_objective
993,0.048660198103358754,0.12332559190258906,0.003721295646,[0.         0.         0.         0.         0.1        0.         0.         0.         0.1        0.         0.         0.         0.         0.1        0.         0.         0.         0.         0.         0.         0.         0.         0.         0.         0.         0.11915708 0.         0.36769278 0.         0.         0.        ],[0. 0. 0. 0. 1. 0. 0. 0. 1. 0. 0. 0. 0. 1. 0. 0. 0. 0. 0. 0. 0. 0. 0. 0. 0. 1. 0. 1. 0. 0. 0.],5.0,1000,100,0.01,0.0035,1,6,random,,best,single_objective
994,0.048660198103358754,0.12332559190258906,0.003721295646,[0.         0.         0.         0.         0.1        0.         0.         0.         0.1        0.         0.         0.         0.         0.1        0.         0.         0.         0.         0.         0.         0.         0.         0.         0.         0.         0.11915708 0.         0.36769278 0.         0.         0.        ],[0. 0. 0. 0. 1. 0. 0. 0. 1. 0. 0. 0. 0. 1. 0. 0. 0. 0. 0. 0. 0. 0. 0. 0. 0. 1. 0. 1. 0. 0. 0.],5.0,1000,100,0.01,0.0035,1,6,random,,best,single_objective
995,0.048660198103358754,0.12332559190258906,0.003721295646,[0.         0.         0.         0.         0.1        0.         0.         0.         0.1        0.         0.         0.         0.         0.1        0.         0.         0.         0.         0.         0.         0.         0.         0.         0.         0.         0.11915708 0.         0.36769278 0.         0.         0.        ],[0. 0. 0. 0. 1. 0. 0. 0. 1. 0. 0. 0. 0. 1. 0. 0. 0. 0. 0. 0. 0. 0. 0. 0. 0. 1. 0. 1. 0. 0. 0.],5.0,1000,100,0.01,0.0035,1,6,random,,best,single_objective
996,0.048660198103358754,0.12332559190258906,0.003721295646,[0.         0.         0.         0.         0.1        0.         0.         0.         0.1        0.         0.         0.         0.         0.1        0.         0.         0.         0.         0.         0.         0.         0.         0.         0.         0.         0.11915708 0.         0.36769278 0.         0.         0.        ],[0. 0. 0. 0. 1. 0. 0. 0. 1. 0. 0. 0. 0. 1. 0. 0. 0. 0. 0. 0. 0. 0. 0. 0. 0. 1. 0. 1. 0. 0. 0.],5.0,1000,100,0.01,0.0035,1,6,random,,best,single_objective
997,0.048660198103358754,0.12332559190258906,0.003721295646,[0.         0.         0.         0.         0.1        0.         0.         0.         0.1        0.         0.         0.         0.         0.1        0.         0.         0.         0.         0.         0.         0.         0.         0.         0.         0.         0.11915708 0.         0.36769278 0.         0.         0.        ],[0. 0. 0. 0. 1. 0. 0. 0. 1. 0. 0. 0. 0. 1. 0. 0. 0. 0. 0. 0. 0. 0. 0. 0. 0. 1. 0. 1. 0. 0. 0.],5.0,1000,100,0.01,0.0035,1,6,random,,best,single_objective
998,0.048660198103358754,0.12332559190258906,0.003721295646,[0.         0.         0.         0.         0.1        0.         0.         0.         0.1        0.         0.         0.         0.         0.1        0.         0.         0.         0.         0.         0.         0.         0.         0.         0.         0.         0.11915708 0.         0.36769278 0.         0.         0.        ],[0. 0. 0. 0. 1. 0. 0. 0. 1. 0. 0. 0. 0. 1. 0. 0. 0. 0. 0. 0. 0. 0. 0. 0. 0. 1. 0. 1. 0. 0. 0.],5.0,1000,100,0.01,0.0035,1,6,random,,best,single_objective
999,0.048660198103358754,0.12332559190258906,0.003721295646,[0.         0.         0.         0.         0.1        0.         0.         0.         0.1        0.         0.         0.         0.         0.1        0.         0.         0.         0.         0.         0.         0.         0.         0.         0.         0.         0.11915708 0.         0.36769278 0.         0.         0.        ],[0. 0. 0. 0. 1. 0. 0. 0. 1. 0. 0. 0. 0. 1. 0. 0. 0. 0. 0. 0. 0. 0. 0. 0. 0. 1. 0. 1. 0. 0. 0.],5.0,1000,100,0.01,0.0035,1,6,random,,best,single_objective
