iter,obj,aug_obj,return,X,Z,Q,max_iter,neighbours,alpha,exp_return,n_port,k,move_strategy,seed,selection_strategy,tag
0,0.16087274122393036,0.16087274122393036,0.005785237519,[0.145596 0.       0.       0.140002 0.406934 0.       0.       0.       0.       0.       0.       0.       0.       0.       0.       0.       0.154015 0.       0.153454 0.       0.       0.       0.       0.       0.       0.       0.       0.       0.       0.       0.      ],[1. 0. 0. 1. 1. 0. 0. 0. 0. 0. 0. 0. 0. 0. 0. 0. 1. 0. 1. 0. 0. 0. 0. 0. 0. 0. 0. 0. 0. 0. 0.],5.0,1000,100,0.01,0.0015,1,5,idID,,best,single_objective
1,0.16005753881569662,0.16005753881569662,0.005785237519,[0.145697 0.       0.       0.143941 0.41386  0.       0.       0.       0.       0.       0.       0.       0.       0.       0.       0.       0.148339 0.       0.148163 0.       0.       0.       0.       0.       0.       0.       0.       0.       0.       0.       0.      ],[1. 0. 0. 1. 1. 0. 0. 0. 0. 0. 0. 0. 0. 0. 0. 0. 1. 0. 1. 0. 0. 0. 0. 0. 0. 0. 0. 0. 0. 0. 0.],5.0,1000,100,0.01,0.0015,1,5,idID,,best,single_objective
2,0.15991761211359837,0.15991761211359837,0.005785237519,[0.145928 0.       0.       0.145375 0.415231 0.       0.       0.       0.       0.       0.       0.       0.       0.       0.       0.       0.146761 0.       0.146706 0.       0.       0.       0.       0.       0.       0.       0.       0.       0.       0.       0.      ],[1. 0. 0. 1. 1. 0. 0. 0. 0. 0. 0. 0. 0. 0. 0. 0. 1. 0. 1. 0. 0. 0. 0. 0. 0. 0. 0. 0. 0. 0. 0.],5.0,1000,100,0.01,0.0015,1,5,idID,,best,single_objective
3,0.15989759515078927,0.15989759515078927,0.005785237519,[0.146041 0.       0.       0.145866 0.415503 0.       0.       0.       0.       0.       0.       0.       0.       0.       0.       0.       0.146304 0.       0.146286 0.       0.       0.       0.       0.       0.       0.       0.       0.       0.       0.       0.      ],[1. 0. 0. 1. 1. 0. 0. 0. 0. 0. 0. 0. 0. 0. 0. 0. 1. 0. 1. 0. 0. 0. 0. 0. 0. 0. 0. 0. 0. 0. 0.],5.0,1000,100,0.01,0.0015,1,5,idID,,best,single_objective
4,0.1598963451427471,0.1598963451427471,0.005785237519,[0.146084 0.       0.       0.146029 0.415558 0.       0.       0.       0.       0.       0.       0.       0.       0.       0.       0.       0.146167 0.       0.146162 0.       0.       0.       0.       0.       0.       0.       0.       0.       0.       0.       0.      ],[1. 0. 0. 1. 1. 0. 0. 0. 0. 0. 0. 0. 0. 0. 0. 0. 1. 0. 1. 0. 0. 0. 0. 0. 0. 0. 0. 0. 0. 0. 0.],5.0,1000,100,0.01,0.0015,1,5,idID,,best,single_objective
5,0.1598963451427471,0.1598963451427471,0.005785237519,[0.146084 0.       0.       0.146029 0.415558 0.       0.       0.       0.       0.       0.       0.       0.       0.       0.       0.       0.146167 0.       0.146162 0.       0.       0.       0.       0.       0.       0.       0.       0.       0.       0.       0.      ],[1. 0. 0. 1. 1. 0. 0. 0. 0. 0. 0. 0. 0. 0. 0. 0. 1. 0. 1. 0. 0. 0. 0. 0. 0. 0. 0. 0. 0. 0. 0.],5.0,1000,100,0.01,0.0015,1,5,idID,,best,single_objective
6,0.1598963451427471,0.16309427204560203,0.005785237519,[0.146084 0.       0.       0.146029 0.415558 0.       0.       0.       0.       0.       0.       0.       0.       0.       0.       0.       0.146167 0.       0.146162 0.       0.       0.       0.       0.       0.       0.       0.       0.       0.       0.       0.      ],[1. 0. 0. 1. 1. 0. 0. 0. 0. 0. 0. 0. 0. 0. 0. 0. 1. 0. 1. 0. 0. 0. 0. 0. 0. 0. 0. 0. 0. 0. 0.],5.0,1000,100,0.01,0.0015,1,5,idID,,best,single_objective
7,0.1598963451427471,0.16629219894845698,0.005785237519,[0.146084 0.       0.       0.146029 0.415558 0.       0.       0.       0.       0.       0.       0.       0.       0.       0.       0.       0.146167 0.       0.146162 0.       0.       0.       0.       0.       0.       0.       0.       0.       0.       0.       0.      ],[1. 0. 0. 1. 1. 0. 0. 0. 0. 0. 0. 0. 0. 0. 0. 0. 1. 0. 1. 0. 0. 0. 0. 0. 0. 0. 0. 0. 0. 0. 0.],5.0,1000,100,0.01,0.0015,1,5,idID,,best,single_objective
8,0.1598963451427471,0.1694901258513119,0.005785237519,[0.146084 0.       0.       0.146029 0.415558 0.       0.       0.       0.       0.       0.       0.       0.       0.       0.       0.       0.146167 0.       0.146162 0.       0.       0.       0.       0.       0.       0.       0.       0.       0.       0.       0.      ],[1. 0. 0. 1. 1. 0. 0. 0. 0. 0. 0. 0. 0. 0. 0. 0. 1. 0. 1. 0. 0. 0. 0. 0. 0. 0. 0. 0. 0. 0. 0.],5.0,1000,100,0.01,0.0015,1,5,idID,,best,single_objective
9,0.1598963451427471,0.17268805275416685,0.005785237519,[0.146084 0.       0.       0.146029 0.415558 0.       0.       0.       0.       0.       0.       0.       0.       0.       0.       0.       0.146167 0.       0.146162 0.       0.       0.       0.       0.       0.       0.       0.       0.       0.       0.       0.      ],[1. 0. 0. 1. 1. 0. 0. 0. 0. 0. 0. 0. 0. 0. 0. 0. 1. 0. 1. 0. 0. 0. 0. 0. 0. 0. 0. 0. 0. 0. 0.],5.0,1000,100,0.01,0.0015,1,5,idID,,best,single_objective
10,0.1598963451427471,0.1758859796570218,0.005785237519,[0.146084 0.       0.       0.146029 0.415558 0.       0.       0.       0.       0.       0.       0.       0.       0.       0.       0.       0.146167 0.       0.146162 0.       0.       0.       0.       0.       0.       0.       0.       0.       0.       0.       0.      ],[1. 0. 0. 1. 1. 0. 0. 0. 0. 0. 0. 0. 0. 0. 0. 0. 1. 0. 1. 0. 0. 0. 0. 0. 0. 0. 0. 0. 0. 0. 0.],5.0,1000,100,0.01,0.0015,1,5,idID,,best,single_objective
11,0.1598963451427471,0.17908390655987674,0.005785237519,[0.146084 0.       0.       0.146029 0.415558 0.       0.       0.       0.       0.       0.       0.       0.       0.       0.       0.       0.146167 0.       0.146162 0.       0.       0.       0.       0.       0.       0.       0.       0.       0.       0.       0.      ],[1. 0. 0. 1. 1. 0. 0. 0. 0. 0. 0. 0. 0. 0. 0. 0. 1. 0. 1. 0. 0. 0. 0. 0. 0. 0. 0. 0. 0. 0. 0.],5.0,1000,100,0.01,0.0015,1,5,idID,,best,single_objective
12,0.1598963451427471,0.1822818334627317,0.005785237519,[0.146084 0.       0.       0.146029 0.415558 0.       0.       0.       0.       0.       0.       0.       0.       0.       0.       0.       0.146167 0.       0.146162 0.       0.       0.       0.       0.       0.       0.       0.       0.       0.       0.       0.      ],[1. 0. 0. 1. 1. 0. 0. 0. 0. 0. 0. 0. 0. 0. 0. 0. 1. 0. 1. 0. 0. 0. 0. 0. 0. 0. 0. 0. 0. 0. 0.],5.0,1000,100,0.01,0.0015,1,5,idID,,best,single_objective
13,0.1598963451427471,0.1854797603655866,0.005785237519,[0.146084 0.       0.       0.146029 0.415558 0.       0.       0.       0.       0.       0.       0.       0.       0.       0.       0.       0.146167 0.       0.146162 0.       0.       0.       0.       0.       0.       0.       0.       0.       0.       0.       0.      ],[1. 0. 0. 1. 1. 0. 0. 0. 0. 0. 0. 0. 0. 0. 0. 0. 1. 0. 1. 0. 0. 0. 0. 0. 0. 0. 0. 0. 0. 0. 0.],5.0,1000,100,0.01,0.0015,1,5,idID,,best,single_objective
14,0.1598963451427471,0.18867768726844156,0.005785237519,[0.146084 0.       0.       0.146029 0.415558 0.       0.       0.       0.       0.       0.       0.       0.       0.       0.       0.       0.146167 0.       0.146162 0.       0.       0.       0.       0.       0.       0.       0.       0.       0.       0.       0.      ],[1. 0. 0. 1. 1. 0. 0. 0. 0. 0. 0. 0. 0. 0. 0. 0. 1. 0. 1. 0. 0. 0. 0. 0. 0. 0. 0. 0. 0. 0. 0.],5.0,1000,100,0.01,0.0015,1,5,idID,,best,single_objective
15,0.1598963451427471,0.1918756141712965,0.005785237519,[0.146084 0.       0.       0.146029 0.415558 0.       0.       0.       0.       0.       0.       0.       0.       0.       0.       0.       0.146167 0.       0.146162 0.       0.       0.       0.       0.       0.       0.       0.       0.       0.       0.       0.      ],[1. 0. 0. 1. 1. 0. 0. 0. 0. 0. 0. 0. 0. 0. 0. 0. 1. 0. 1. 0. 0. 0. 0. 0. 0. 0. 0. 0. 0. 0. 0.],5.0,1000,100,0.01,0.0015,1,5,idID,,best,single_objective
16,0.1598963451427471,0.19507354107415145,0.005785237519,[0.146084 0.       0.       0.146029 0.415558 0.       0.       0.       0.       0.       0.       0.       0.       0.       0.       0.       0.146167 0.       0.146162 0.       0.       0.       0.       0.       0.       0.       0.       0.       0.       0.       0.      ],[1. 0. 0. 1. 1. 0. 0. 0. 0. 0. 0. 0. 0. 0. 0. 0. 1. 0. 1. 0. 0. 0. 0. 0. 0. 0. 0. 0. 0. 0. 0.],5.0,1000,100,0.01,0.0015,1,5,idID,,best,single_objective
17,0.1598963451427471,0.1982714679770064,0.005785237519,[0.146084 0.       0.       0.146029 0.415558 0.       0.       0.       0.       0.       0.       0.       0.       0.       0.       0.       0.146167 0.       0.146162 0.       0.       0.       0.       0.       0.       0.       0.       0.       0.       0.       0.      ],[1. 0. 0. 1. 1. 0. 0. 0. 0. 0. 0. 0. 0. 0. 0. 0. 1. 0. 1. 0. 0. 0. 0. 0. 0. 0. 0. 0. 0. 0. 0.],5.0,1000,100,0.01,0.0015,1,5,idID,,best,single_objective
18,0.1598963451427471,0.20146939487986132,0.005785237519,[0.146084 0.       0.       0.146029 0.415558 0.       0.       0.       0.       0.       0.       0.       0.       0.       0.       0.       0.146167 0.       0.146162 0.       0.       0.       0.       0.       0.       0.       0.       0.       0.       0.       0.      ],[1. 0. 0. 1. 1. 0. 0. 0. 0. 0. 0. 0. 0. 0. 0. 0. 1. 0. 1. 0. 0. 0. 0. 0. 0. 0. 0. 0. 0. 0. 0.],5.0,1000,100,0.01,0.0015,1,5,idID,,best,single_objective
19,0.1598963451427471,0.20466732178271627,0.005785237519,[0.146084 0.       0.       0.146029 0.415558 0.       0.       0.       0.       0.       0.       0.       0.       0.       0.       0.       0.146167 0.       0.146162 0.       0.       0.       0.       0.       0.       0.       0.       0.       0.       0.       0.      ],[1. 0. 0. 1. 1. 0. 0. 0. 0. 0. 0. 0. 0. 0. 0. 0. 1. 0. 1. 0. 0. 0. 0. 0. 0. 0. 0. 0. 0. 0. 0.],5.0,1000,100,0.01,0.0015,1,5,idID,,best,single_objective
20,0.1598963451427471,0.2078652486855712,0.005785237519,[0.146084 0.       0.       0.146029 0.415558 0.       0.       0.       0.       0.       0.       0.       0.       0.       0.       0.       0.146167 0.       0.146162 0.       0.       0.       0.       0.       0.       0.       0.       0.       0.       0.       0.      ],[1. 0. 0. 1. 1. 0. 0. 0. 0. 0. 0. 0. 0. 0. 0. 0. 1. 0. 1. 0. 0. 0. 0. 0. 0. 0. 0. 0. 0. 0. 0.],5.0,1000,100,0.01,0.0015,1,5,idID,,best,single_objective
21,0.1598963451427471,0.21106317558842616,0.005785237519,[0.146084 0.       0.       0.146029 0.415558 0.       0.       0.       0.       0.       0.       0.       0.       0.       0.       0.       0.146167 0.       0.146162 0.       0.       0.       0.       0.       0.       0.       0.       0.       0.       0.       0.      ],[1. 0. 0. 1. 1. 0. 0. 0. 0. 0. 0. 0. 0. 0. 0. 0. 1. 0. 1. 0. 0. 0. 0. 0. 0. 0. 0. 0. 0. 0. 0.],5.0,1000,100,0.01,0.0015,1,5,idID,,best,single_objective
22,0.1598963451427471,0.2142611024912811,0.005785237519,[0.146084 0.       0.       0.146029 0.415558 0.       0.       0.       0.       0.       0.       0.       0.       0.       0.       0.       0.146167 0.       0.146162 0.       0.       0.       0.       0.       0.       0.       0.       0.       0.       0.       0.      ],[1. 0. 0. 1. 1. 0. 0. 0. 0. 0. 0. 0. 0. 0. 0. 0. 1. 0. 1. 0. 0. 0. 0. 0. 0. 0. 0. 0. 0. 0. 0.],5.0,1000,100,0.01,0.0015,1,5,idID,,best,single_objective
23,0.1598963451427471,0.21745902939413603,0.005785237519,[0.146084 0.       0.       0.146029 0.415558 0.       0.       0.       0.       0.       0.       0.       0.       0.       0.       0.       0.146167 0.       0.146162 0.       0.       0.       0.       0.       0.       0.       0.       0.       0.       0.       0.      ],[1. 0. 0. 1. 1. 0. 0. 0. 0. 0. 0. 0. 0. 0. 0. 0. 1. 0. 1. 0. 0. 0. 0. 0. 0. 0. 0. 0. 0. 0. 0.],5.0,1000,100,0.01,0.0015,1,5,idID,,best,single_objective
24,0.1598963451427471,0.22065695629699097,0.005785237519,[0.146084 0.       0.       0.146029 0.415558 0.       0.       0.       0.       0.       0.       0.       0.       0.       0.       0.       0.146167 0.       0.146162 0.       0.       0.       0.       0.       0.       0.       0.       0.       0.       0.       0.      ],[1. 0. 0. 1. 1. 0. 0. 0. 0. 0. 0. 0. 0. 0. 0. 0. 1. 0. 1. 0. 0. 0. 0. 0. 0. 0. 0. 0. 0. 0. 0.],5.0,1000,100,0.01,0.0015,1,5,idID,,best,single_objective
25,0.1598963451427471,0.22385488319984592,0.005785237519,[0.146084 0.       0.       0.146029 0.415558 0.       0.       0.       0.       0.       0.       0.       0.       0.       0.       0.       0.146167 0.       0.146162 0.       0.       0.       0.       0.       0.       0.       0.       0.       0.       0.       0.      ],[1. 0. 0. 1. 1. 0. 0. 0. 0. 0. 0. 0. 0. 0. 0. 0. 1. 0. 1. 0. 0. 0. 0. 0. 0. 0. 0. 0. 0. 0. 0.],5.0,1000,100,0.01,0.0015,1,5,idID,,best,single_objective
26,0.1598963451427471,0.22705281010270087,0.005785237519,[0.146084 0.       0.       0.146029 0.415558 0.       0.       0.       0.       0.       0.       0.       0.       0.       0.       0.       0.146167 0.       0.146162 0.       0.       0.       0.       0.       0.       0.       0.       0.       0.       0.       0.      ],[1. 0. 0. 1. 1. 0. 0. 0. 0. 0. 0. 0. 0. 0. 0. 0. 1. 0. 1. 0. 0. 0. 0. 0. 0. 0. 0. 0. 0. 0. 0.],5.0,1000,100,0.01,0.0015,1,5,idID,,best,single_objective
27,0.1598963451427471,0.23025073700555582,0.005785237519,[0.146084 0.       0.       0.146029 0.415558 0.       0.       0.       0.       0.       0.       0.       0.       0.       0.       0.       0.146167 0.       0.146162 0.       0.       0.       0.       0.       0.       0.       0.       0.       0.       0.       0.      ],[1. 0. 0. 1. 1. 0. 0. 0. 0. 0. 0. 0. 0. 0. 0. 0. 1. 0. 1. 0. 0. 0. 0. 0. 0. 0. 0. 0. 0. 0. 0.],5.0,1000,100,0.01,0.0015,1,5,idID,,best,single_objective
28,0.1598963451427471,0.23344866390841074,0.005785237519,[0.146084 0.       0.       0.146029 0.415558 0.       0.       0.       0.       0.       0.       0.       0.       0.       0.       0.       0.146167 0.       0.146162 0.       0.       0.       0.       0.       0.       0.       0.       0.       0.       0.       0.      ],[1. 0. 0. 1. 1. 0. 0. 0. 0. 0. 0. 0. 0. 0. 0. 0. 1. 0. 1. 0. 0. 0. 0. 0. 0. 0. 0. 0. 0. 0. 0.],5.0,1000,100,0.01,0.0015,1,5,idID,,best,single_objective
29,0.1598963451427471,0.23664659081126568,0.005785237519,[0.146084 0.       0.       0.146029 0.415558 0.       0.       0.       0.       0.       0.       0.       0.       0.       0.       0.       0.146167 0.       0.146162 0.       0.       0.       0.       0.       0.       0.       0.       0.       0.       0.       0.      ],[1. 0. 0. 1. 1. 0. 0. 0. 0. 0. 0. 0. 0. 0. 0. 0. 1. 0. 1. 0. 0. 0. 0. 0. 0. 0. 0. 0. 0. 0. 0.],5.0,1000,100,0.01,0.0015,1,5,idID,,best,single_objective
30,0.1598963451427471,0.23984451771412063,0.005785237519,[0.146084 0.       0.       0.146029 0.415558 0.       0.       0.       0.       0.       0.       0.       0.       0.       0.       0.       0.146167 0.       0.146162 0.       0.       0.       0.       0.       0.       0.       0.       0.       0.       0.       0.      ],[1. 0. 0. 1. 1. 0. 0. 0. 0. 0. 0. 0. 0. 0. 0. 0. 1. 0. 1. 0. 0. 0. 0. 0. 0. 0. 0. 0. 0. 0. 0.],5.0,1000,100,0.01,0.0015,1,5,idID,,best,single_objective
31,0.1598963451427471,0.24304244461697558,0.005785237519,[0.146084 0.       0.       0.146029 0.415558 0.       0.       0.       0.       0.       0.       0.       0.       0.       0.       0.       0.146167 0.       0.146162 0.       0.       0.       0.       0.       0.       0.       0.       0.       0.       0.       0.      ],[1. 0. 0. 1. 1. 0. 0. 0. 0. 0. 0. 0. 0. 0. 0. 0. 1. 0. 1. 0. 0. 0. 0. 0. 0. 0. 0. 0. 0. 0. 0.],5.0,1000,100,0.01,0.0015,1,5,idID,,best,single_objective
32,0.1598963451427471,0.24624037151983053,0.005785237519,[0.146084 0.       0.       0.146029 0.415558 0.       0.       0.       0.       0.       0.       0.       0.       0.       0.       0.       0.146167 0.       0.146162 0.       0.       0.       0.       0.       0.       0.       0.       0.       0.       0.       0.      ],[1. 0. 0. 1. 1. 0. 0. 0. 0. 0. 0. 0. 0. 0. 0. 0. 1. 0. 1. 0. 0. 0. 0. 0. 0. 0. 0. 0. 0. 0. 0.],5.0,1000,100,0.01,0.0015,1,5,idID,,best,single_objective
33,0.1598963451427471,0.24943829842268544,0.005785237519,[0.146084 0.       0.       0.146029 0.415558 0.       0.       0.       0.       0.       0.       0.       0.       0.       0.       0.       0.146167 0.       0.146162 0.       0.       0.       0.       0.       0.       0.       0.       0.       0.       0.       0.      ],[1. 0. 0. 1. 1. 0. 0. 0. 0. 0. 0. 0. 0. 0. 0. 0. 1. 0. 1. 0. 0. 0. 0. 0. 0. 0. 0. 0. 0. 0. 0.],5.0,1000,100,0.01,0.0015,1,5,idID,,best,single_objective
34,0.1598963451427471,0.2526362253255404,0.005785237519,[0.146084 0.       0.       0.146029 0.415558 0.       0.       0.       0.       0.       0.       0.       0.       0.       0.       0.       0.146167 0.       0.146162 0.       0.       0.       0.       0.       0.       0.       0.       0.       0.       0.       0.      ],[1. 0. 0. 1. 1. 0. 0. 0. 0. 0. 0. 0. 0. 0. 0. 0. 1. 0. 1. 0. 0. 0. 0. 0. 0. 0. 0. 0. 0. 0. 0.],5.0,1000,100,0.01,0.0015,1,5,idID,,best,single_objective
35,0.1598963451427471,0.25583415222839534,0.005785237519,[0.146084 0.       0.       0.146029 0.415558 0.       0.       0.       0.       0.       0.       0.       0.       0.       0.       0.       0.146167 0.       0.146162 0.       0.       0.       0.       0.       0.       0.       0.       0.       0.       0.       0.      ],[1. 0. 0. 1. 1. 0. 0. 0. 0. 0. 0. 0. 0. 0. 0. 0. 1. 0. 1. 0. 0. 0. 0. 0. 0. 0. 0. 0. 0. 0. 0.],5.0,1000,100,0.01,0.0015,1,5,idID,,best,single_objective
36,0.1598963451427471,0.25903207913125026,0.005785237519,[0.146084 0.       0.       0.146029 0.415558 0.       0.       0.       0.       0.       0.       0.       0.       0.       0.       0.       0.146167 0.       0.146162 0.       0.       0.       0.       0.       0.       0.       0.       0.       0.       0.       0.      ],[1. 0. 0. 1. 1. 0. 0. 0. 0. 0. 0. 0. 0. 0. 0. 0. 1. 0. 1. 0. 0. 0. 0. 0. 0. 0. 0. 0. 0. 0. 0.],5.0,1000,100,0.01,0.0015,1,5,idID,,best,single_objective
37,0.1598963451427471,0.26223000603410523,0.005785237519,[0.146084 0.       0.       0.146029 0.415558 0.       0.       0.       0.       0.       0.       0.       0.       0.       0.       0.       0.146167 0.       0.146162 0.       0.       0.       0.       0.       0.       0.       0.       0.       0.       0.       0.      ],[1. 0. 0. 1. 1. 0. 0. 0. 0. 0. 0. 0. 0. 0. 0. 0. 1. 0. 1. 0. 0. 0. 0. 0. 0. 0. 0. 0. 0. 0. 0.],5.0,1000,100,0.01,0.0015,1,5,idID,,best,single_objective
38,0.1598963451427471,0.26542793293696015,0.005785237519,[0.146084 0.       0.       0.146029 0.415558 0.       0.       0.       0.       0.       0.       0.       0.       0.       0.       0.       0.146167 0.       0.146162 0.       0.       0.       0.       0.       0.       0.       0.       0.       0.       0.       0.      ],[1. 0. 0. 1. 1. 0. 0. 0. 0. 0. 0. 0. 0. 0. 0. 0. 1. 0. 1. 0. 0. 0. 0. 0. 0. 0. 0. 0. 0. 0. 0.],5.0,1000,100,0.01,0.0015,1,5,idID,,best,single_objective
39,0.1598963451427471,0.26862585983981513,0.005785237519,[0.146084 0.       0.       0.146029 0.415558 0.       0.       0.       0.       0.       0.       0.       0.       0.       0.       0.       0.146167 0.       0.146162 0.       0.       0.       0.       0.       0.       0.       0.       0.       0.       0.       0.      ],[1. 0. 0. 1. 1. 0. 0. 0. 0. 0. 0. 0. 0. 0. 0. 0. 1. 0. 1. 0. 0. 0. 0. 0. 0. 0. 0. 0. 0. 0. 0.],5.0,1000,100,0.01,0.0015,1,5,idID,,best,single_objective
40,0.1598963451427471,0.27182378674267005,0.005785237519,[0.146084 0.       0.       0.146029 0.415558 0.       0.       0.       0.       0.       0.       0.       0.       0.       0.       0.       0.146167 0.       0.146162 0.       0.       0.       0.       0.       0.       0.       0.       0.       0.       0.       0.      ],[1. 0. 0. 1. 1. 0. 0. 0. 0. 0. 0. 0. 0. 0. 0. 0. 1. 0. 1. 0. 0. 0. 0. 0. 0. 0. 0. 0. 0. 0. 0.],5.0,1000,100,0.01,0.0015,1,5,idID,,best,single_objective
41,0.1598963451427471,0.27502171364552497,0.005785237519,[0.146084 0.       0.       0.146029 0.415558 0.       0.       0.       0.       0.       0.       0.       0.       0.       0.       0.       0.146167 0.       0.146162 0.       0.       0.       0.       0.       0.       0.       0.       0.       0.       0.       0.      ],[1. 0. 0. 1. 1. 0. 0. 0. 0. 0. 0. 0. 0. 0. 0. 0. 1. 0. 1. 0. 0. 0. 0. 0. 0. 0. 0. 0. 0. 0. 0.],5.0,1000,100,0.01,0.0015,1,5,idID,,best,single_objective
42,0.1598963451427471,0.27821964054837994,0.005785237519,[0.146084 0.       0.       0.146029 0.415558 0.       0.       0.       0.       0.       0.       0.       0.       0.       0.       0.       0.146167 0.       0.146162 0.       0.       0.       0.       0.       0.       0.       0.       0.       0.       0.       0.      ],[1. 0. 0. 1. 1. 0. 0. 0. 0. 0. 0. 0. 0. 0. 0. 0. 1. 0. 1. 0. 0. 0. 0. 0. 0. 0. 0. 0. 0. 0. 0.],5.0,1000,100,0.01,0.0015,1,5,idID,,best,single_objective
43,0.1598963451427471,0.28141756745123486,0.005785237519,[0.146084 0.       0.       0.146029 0.415558 0.       0.       0.       0.       0.       0.       0.       0.       0.       0.       0.       0.146167 0.       0.146162 0.       0.       0.       0.       0.       0.       0.       0.       0.       0.       0.       0.      ],[1. 0. 0. 1. 1. 0. 0. 0. 0. 0. 0. 0. 0. 0. 0. 0. 1. 0. 1. 0. 0. 0. 0. 0. 0. 0. 0. 0. 0. 0. 0.],5.0,1000,100,0.01,0.0015,1,5,idID,,best,single_objective
44,0.1598963451427471,0.2846154943540898,0.005785237519,[0.146084 0.       0.       0.146029 0.415558 0.       0.       0.       0.       0.       0.       0.       0.       0.       0.       0.       0.146167 0.       0.146162 0.       0.       0.       0.       0.       0.       0.       0.       0.       0.       0.       0.      ],[1. 0. 0. 1. 1. 0. 0. 0. 0. 0. 0. 0. 0. 0. 0. 0. 1. 0. 1. 0. 0. 0. 0. 0. 0. 0. 0. 0. 0. 0. 0.],5.0,1000,100,0.01,0.0015,1,5,idID,,best,single_objective
45,0.1598963451427471,0.28781342125694476,0.005785237519,[0.146084 0.       0.       0.146029 0.415558 0.       0.       0.       0.       0.       0.       0.       0.       0.       0.       0.       0.146167 0.       0.146162 0.       0.       0.       0.       0.       0.       0.       0.       0.       0.       0.       0.      ],[1. 0. 0. 1. 1. 0. 0. 0. 0. 0. 0. 0. 0. 0. 0. 0. 1. 0. 1. 0. 0. 0. 0. 0. 0. 0. 0. 0. 0. 0. 0.],5.0,1000,100,0.01,0.0015,1,5,idID,,best,single_objective
46,0.1598963451427471,0.2910113481597997,0.005785237519,[0.146084 0.       0.       0.146029 0.415558 0.       0.       0.       0.       0.       0.       0.       0.       0.       0.       0.       0.146167 0.       0.146162 0.       0.       0.       0.       0.       0.       0.       0.       0.       0.       0.       0.      ],[1. 0. 0. 1. 1. 0. 0. 0. 0. 0. 0. 0. 0. 0. 0. 0. 1. 0. 1. 0. 0. 0. 0. 0. 0. 0. 0. 0. 0. 0. 0.],5.0,1000,100,0.01,0.0015,1,5,idID,,best,single_objective
47,0.1598963451427471,0.29420927506265465,0.005785237519,[0.146084 0.       0.       0.146029 0.415558 0.       0.       0.       0.       0.       0.       0.       0.       0.       0.       0.       0.146167 0.       0.146162 0.       0.       0.       0.       0.       0.       0.       0.       0.       0.       0.       0.      ],[1. 0. 0. 1. 1. 0. 0. 0. 0. 0. 0. 0. 0. 0. 0. 0. 1. 0. 1. 0. 0. 0. 0. 0. 0. 0. 0. 0. 0. 0. 0.],5.0,1000,100,0.01,0.0015,1,5,idID,,best,single_objective
48,0.1598963451427471,0.2974072019655096,0.005785237519,[0.146084 0.       0.       0.146029 0.415558 0.       0.       0.       0.       0.       0.       0.       0.       0.       0.       0.       0.146167 0.       0.146162 0.       0.       0.       0.       0.       0.       0.       0.       0.       0.       0.       0.      ],[1. 0. 0. 1. 1. 0. 0. 0. 0. 0. 0. 0. 0. 0. 0. 0. 1. 0. 1. 0. 0. 0. 0. 0. 0. 0. 0. 0. 0. 0. 0.],5.0,1000,100,0.01,0.0015,1,5,idID,,best,single_objective
49,0.1598963451427471,0.30060512886836455,0.005785237519,[0.146084 0.       0.       0.146029 0.415558 0.       0.       0.       0.       0.       0.       0.       0.       0.       0.       0.       0.146167 0.       0.146162 0.       0.       0.       0.       0.       0.       0.       0.       0.       0.       0.       0.      ],[1. 0. 0. 1. 1. 0. 0. 0. 0. 0. 0. 0. 0. 0. 0. 0. 1. 0. 1. 0. 0. 0. 0. 0. 0. 0. 0. 0. 0. 0. 0.],5.0,1000,100,0.01,0.0015,1,5,idID,,best,single_objective
50,0.1598963451427471,0.30380305577121947,0.005785237519,[0.146084 0.       0.       0.146029 0.415558 0.       0.       0.       0.       0.       0.       0.       0.       0.       0.       0.       0.146167 0.       0.146162 0.       0.       0.       0.       0.       0.       0.       0.       0.       0.       0.       0.      ],[1. 0. 0. 1. 1. 0. 0. 0. 0. 0. 0. 0. 0. 0. 0. 0. 1. 0. 1. 0. 0. 0. 0. 0. 0. 0. 0. 0. 0. 0. 0.],5.0,1000,100,0.01,0.0015,1,5,idID,,best,single_objective
51,0.1598963451427471,0.3070009826740744,0.005785237519,[0.146084 0.       0.       0.146029 0.415558 0.       0.       0.       0.       0.       0.       0.       0.       0.       0.       0.       0.146167 0.       0.146162 0.       0.       0.       0.       0.       0.       0.       0.       0.       0.       0.       0.      ],[1. 0. 0. 1. 1. 0. 0. 0. 0. 0. 0. 0. 0. 0. 0. 0. 1. 0. 1. 0. 0. 0. 0. 0. 0. 0. 0. 0. 0. 0. 0.],5.0,1000,100,0.01,0.0015,1,5,idID,,best,single_objective
52,0.1598963451427471,0.31019890957692936,0.005785237519,[0.146084 0.       0.       0.146029 0.415558 0.       0.       0.       0.       0.       0.       0.       0.       0.       0.       0.       0.146167 0.       0.146162 0.       0.       0.       0.       0.       0.       0.       0.       0.       0.       0.       0.      ],[1. 0. 0. 1. 1. 0. 0. 0. 0. 0. 0. 0. 0. 0. 0. 0. 1. 0. 1. 0. 0. 0. 0. 0. 0. 0. 0. 0. 0. 0. 0.],5.0,1000,100,0.01,0.0015,1,5,idID,,best,single_objective
53,0.1598963451427471,0.3133968364797843,0.005785237519,[0.146084 0.       0.       0.146029 0.415558 0.       0.       0.       0.       0.       0.       0.       0.       0.       0.       0.       0.146167 0.       0.146162 0.       0.       0.       0.       0.       0.       0.       0.       0.       0.       0.       0.      ],[1. 0. 0. 1. 1. 0. 0. 0. 0. 0. 0. 0. 0. 0. 0. 0. 1. 0. 1. 0. 0. 0. 0. 0. 0. 0. 0. 0. 0. 0. 0.],5.0,1000,100,0.01,0.0015,1,5,idID,,best,single_objective
54,0.1598963451427471,0.31659476338263925,0.005785237519,[0.146084 0.       0.       0.146029 0.415558 0.       0.       0.       0.       0.       0.       0.       0.       0.       0.       0.       0.146167 0.       0.146162 0.       0.       0.       0.       0.       0.       0.       0.       0.       0.       0.       0.      ],[1. 0. 0. 1. 1. 0. 0. 0. 0. 0. 0. 0. 0. 0. 0. 0. 1. 0. 1. 0. 0. 0. 0. 0. 0. 0. 0. 0. 0. 0. 0.],5.0,1000,100,0.01,0.0015,1,5,idID,,best,single_objective
55,0.1598963451427471,0.3197926902854942,0.005785237519,[0.146084 0.       0.       0.146029 0.415558 0.       0.       0.       0.       0.       0.       0.       0.       0.       0.       0.       0.146167 0.       0.146162 0.       0.       0.       0.       0.       0.       0.       0.       0.       0.       0.       0.      ],[1. 0. 0. 1. 1. 0. 0. 0. 0. 0. 0. 0. 0. 0. 0. 0. 1. 0. 1. 0. 0. 0. 0. 0. 0. 0. 0. 0. 0. 0. 0.],5.0,1000,100,0.01,0.0015,1,5,idID,,best,single_objective
56,0.1598963451427471,0.3229906171883491,0.005785237519,[0.146084 0.       0.       0.146029 0.415558 0.       0.       0.       0.       0.       0.       0.       0.       0.       0.       0.       0.146167 0.       0.146162 0.       0.       0.       0.       0.       0.       0.       0.       0.       0.       0.       0.      ],[1. 0. 0. 1. 1. 0. 0. 0. 0. 0. 0. 0. 0. 0. 0. 0. 1. 0. 1. 0. 0. 0. 0. 0. 0. 0. 0. 0. 0. 0. 0.],5.0,1000,100,0.01,0.0015,1,5,idID,,best,single_objective
57,0.1598963451427471,0.32618854409120407,0.005785237519,[0.146084 0.       0.       0.146029 0.415558 0.       0.       0.       0.       0.       0.       0.       0.       0.       0.       0.       0.146167 0.       0.146162 0.       0.       0.       0.       0.       0.       0.       0.       0.       0.       0.       0.      ],[1. 0. 0. 1. 1. 0. 0. 0. 0. 0. 0. 0. 0. 0. 0. 0. 1. 0. 1. 0. 0. 0. 0. 0. 0. 0. 0. 0. 0. 0. 0.],5.0,1000,100,0.01,0.0015,1,5,idID,,best,single_objective
58,0.1598963451427471,0.32938647099405904,0.005785237519,[0.146084 0.       0.       0.146029 0.415558 0.       0.       0.       0.       0.       0.       0.       0.       0.       0.       0.       0.146167 0.       0.146162 0.       0.       0.       0.       0.       0.       0.       0.       0.       0.       0.       0.      ],[1. 0. 0. 1. 1. 0. 0. 0. 0. 0. 0. 0. 0. 0. 0. 0. 1. 0. 1. 0. 0. 0. 0. 0. 0. 0. 0. 0. 0. 0. 0.],5.0,1000,100,0.01,0.0015,1,5,idID,,best,single_objective
59,0.1598963451427471,0.33258439789691396,0.005785237519,[0.146084 0.       0.       0.146029 0.415558 0.       0.       0.       0.       0.       0.       0.       0.       0.       0.       0.       0.146167 0.       0.146162 0.       0.       0.       0.       0.       0.       0.       0.       0.       0.       0.       0.      ],[1. 0. 0. 1. 1. 0. 0. 0. 0. 0. 0. 0. 0. 0. 0. 0. 1. 0. 1. 0. 0. 0. 0. 0. 0. 0. 0. 0. 0. 0. 0.],5.0,1000,100,0.01,0.0015,1,5,idID,,best,single_objective
60,0.1598963451427471,0.3357823247997689,0.005785237519,[0.146084 0.       0.       0.146029 0.415558 0.       0.       0.       0.       0.       0.       0.       0.       0.       0.       0.       0.146167 0.       0.146162 0.       0.       0.       0.       0.       0.       0.       0.       0.       0.       0.       0.      ],[1. 0. 0. 1. 1. 0. 0. 0. 0. 0. 0. 0. 0. 0. 0. 0. 1. 0. 1. 0. 0. 0. 0. 0. 0. 0. 0. 0. 0. 0. 0.],5.0,1000,100,0.01,0.0015,1,5,idID,,best,single_objective
61,0.1598963451427471,0.3389802517026238,0.005785237519,[0.146084 0.       0.       0.146029 0.415558 0.       0.       0.       0.       0.       0.       0.       0.       0.       0.       0.       0.146167 0.       0.146162 0.       0.       0.       0.       0.       0.       0.       0.       0.       0.       0.       0.      ],[1. 0. 0. 1. 1. 0. 0. 0. 0. 0. 0. 0. 0. 0. 0. 0. 1. 0. 1. 0. 0. 0. 0. 0. 0. 0. 0. 0. 0. 0. 0.],5.0,1000,100,0.01,0.0015,1,5,idID,,best,single_objective
62,0.1598963451427471,0.3421781786054787,0.005785237519,[0.146084 0.       0.       0.146029 0.415558 0.       0.       0.       0.       0.       0.       0.       0.       0.       0.       0.       0.146167 0.       0.146162 0.       0.       0.       0.       0.       0.       0.       0.       0.       0.       0.       0.      ],[1. 0. 0. 1. 1. 0. 0. 0. 0. 0. 0. 0. 0. 0. 0. 0. 1. 0. 1. 0. 0. 0. 0. 0. 0. 0. 0. 0. 0. 0. 0.],5.0,1000,100,0.01,0.0015,1,5,idID,,best,single_objective
63,0.1598963451427471,0.3453761055083337,0.005785237519,[0.146084 0.       0.       0.146029 0.415558 0.       0.       0.       0.       0.       0.       0.       0.       0.       0.       0.       0.146167 0.       0.146162 0.       0.       0.       0.       0.       0.       0.       0.       0.       0.       0.       0.      ],[1. 0. 0. 1. 1. 0. 0. 0. 0. 0. 0. 0. 0. 0. 0. 0. 1. 0. 1. 0. 0. 0. 0. 0. 0. 0. 0. 0. 0. 0. 0.],5.0,1000,100,0.01,0.0015,1,5,idID,,best,single_objective
64,0.1598963451427471,0.3485740324111886,0.005785237519,[0.146084 0.       0.       0.146029 0.415558 0.       0.       0.       0.       0.       0.       0.       0.       0.       0.       0.       0.146167 0.       0.146162 0.       0.       0.       0.       0.       0.       0.       0.       0.       0.       0.       0.      ],[1. 0. 0. 1. 1. 0. 0. 0. 0. 0. 0. 0. 0. 0. 0. 0. 1. 0. 1. 0. 0. 0. 0. 0. 0. 0. 0. 0. 0. 0. 0.],5.0,1000,100,0.01,0.0015,1,5,idID,,best,single_objective
65,0.1598963451427471,0.3517719593140436,0.005785237519,[0.146084 0.       0.       0.146029 0.415558 0.       0.       0.       0.       0.       0.       0.       0.       0.       0.       0.       0.146167 0.       0.146162 0.       0.       0.       0.       0.       0.       0.       0.       0.       0.       0.       0.      ],[1. 0. 0. 1. 1. 0. 0. 0. 0. 0. 0. 0. 0. 0. 0. 0. 1. 0. 1. 0. 0. 0. 0. 0. 0. 0. 0. 0. 0. 0. 0.],5.0,1000,100,0.01,0.0015,1,5,idID,,best,single_objective
66,0.1598963451427471,0.3549698862168985,0.005785237519,[0.146084 0.       0.       0.146029 0.415558 0.       0.       0.       0.       0.       0.       0.       0.       0.       0.       0.       0.146167 0.       0.146162 0.       0.       0.       0.       0.       0.       0.       0.       0.       0.       0.       0.      ],[1. 0. 0. 1. 1. 0. 0. 0. 0. 0. 0. 0. 0. 0. 0. 0. 1. 0. 1. 0. 0. 0. 0. 0. 0. 0. 0. 0. 0. 0. 0.],5.0,1000,100,0.01,0.0015,1,5,idID,,best,single_objective
67,0.1598963451427471,0.35816781311975343,0.005785237519,[0.146084 0.       0.       0.146029 0.415558 0.       0.       0.       0.       0.       0.       0.       0.       0.       0.       0.       0.146167 0.       0.146162 0.       0.       0.       0.       0.       0.       0.       0.       0.       0.       0.       0.      ],[1. 0. 0. 1. 1. 0. 0. 0. 0. 0. 0. 0. 0. 0. 0. 0. 1. 0. 1. 0. 0. 0. 0. 0. 0. 0. 0. 0. 0. 0. 0.],5.0,1000,100,0.01,0.0015,1,5,idID,,best,single_objective
68,0.1598963451427471,0.36136574002260835,0.005785237519,[0.146084 0.       0.       0.146029 0.415558 0.       0.       0.       0.       0.       0.       0.       0.       0.       0.       0.       0.146167 0.       0.146162 0.       0.       0.       0.       0.       0.       0.       0.       0.       0.       0.       0.      ],[1. 0. 0. 1. 1. 0. 0. 0. 0. 0. 0. 0. 0. 0. 0. 0. 1. 0. 1. 0. 0. 0. 0. 0. 0. 0. 0. 0. 0. 0. 0.],5.0,1000,100,0.01,0.0015,1,5,idID,,best,single_objective
69,0.1598963451427471,0.3645636669254633,0.005785237519,[0.146084 0.       0.       0.146029 0.415558 0.       0.       0.       0.       0.       0.       0.       0.       0.       0.       0.       0.146167 0.       0.146162 0.       0.       0.       0.       0.       0.       0.       0.       0.       0.       0.       0.      ],[1. 0. 0. 1. 1. 0. 0. 0. 0. 0. 0. 0. 0. 0. 0. 0. 1. 0. 1. 0. 0. 0. 0. 0. 0. 0. 0. 0. 0. 0. 0.],5.0,1000,100,0.01,0.0015,1,5,idID,,best,single_objective
70,0.1598963451427471,0.3677615938283183,0.005785237519,[0.146084 0.       0.       0.146029 0.415558 0.       0.       0.       0.       0.       0.       0.       0.       0.       0.       0.       0.146167 0.       0.146162 0.       0.       0.       0.       0.       0.       0.       0.       0.       0.       0.       0.      ],[1. 0. 0. 1. 1. 0. 0. 0. 0. 0. 0. 0. 0. 0. 0. 0. 1. 0. 1. 0. 0. 0. 0. 0. 0. 0. 0. 0. 0. 0. 0.],5.0,1000,100,0.01,0.0015,1,5,idID,,best,single_objective
71,0.1598963451427471,0.3709595207311732,0.005785237519,[0.146084 0.       0.       0.146029 0.415558 0.       0.       0.       0.       0.       0.       0.       0.       0.       0.       0.       0.146167 0.       0.146162 0.       0.       0.       0.       0.       0.       0.       0.       0.       0.       0.       0.      ],[1. 0. 0. 1. 1. 0. 0. 0. 0. 0. 0. 0. 0. 0. 0. 0. 1. 0. 1. 0. 0. 0. 0. 0. 0. 0. 0. 0. 0. 0. 0.],5.0,1000,100,0.01,0.0015,1,5,idID,,best,single_objective
72,0.1598963451427471,0.37415744763402814,0.005785237519,[0.146084 0.       0.       0.146029 0.415558 0.       0.       0.       0.       0.       0.       0.       0.       0.       0.       0.       0.146167 0.       0.146162 0.       0.       0.       0.       0.       0.       0.       0.       0.       0.       0.       0.      ],[1. 0. 0. 1. 1. 0. 0. 0. 0. 0. 0. 0. 0. 0. 0. 0. 1. 0. 1. 0. 0. 0. 0. 0. 0. 0. 0. 0. 0. 0. 0.],5.0,1000,100,0.01,0.0015,1,5,idID,,best,single_objective
73,0.1598963451427471,0.3773553745368831,0.005785237519,[0.146084 0.       0.       0.146029 0.415558 0.       0.       0.       0.       0.       0.       0.       0.       0.       0.       0.       0.146167 0.       0.146162 0.       0.       0.       0.       0.       0.       0.       0.       0.       0.       0.       0.      ],[1. 0. 0. 1. 1. 0. 0. 0. 0. 0. 0. 0. 0. 0. 0. 0. 1. 0. 1. 0. 0. 0. 0. 0. 0. 0. 0. 0. 0. 0. 0.],5.0,1000,100,0.01,0.0015,1,5,idID,,best,single_objective
74,0.1598963451427471,0.3805533014397381,0.005785237519,[0.146084 0.       0.       0.146029 0.415558 0.       0.       0.       0.       0.       0.       0.       0.       0.       0.       0.       0.146167 0.       0.146162 0.       0.       0.       0.       0.       0.       0.       0.       0.       0.       0.       0.      ],[1. 0. 0. 1. 1. 0. 0. 0. 0. 0. 0. 0. 0. 0. 0. 0. 1. 0. 1. 0. 0. 0. 0. 0. 0. 0. 0. 0. 0. 0. 0.],5.0,1000,100,0.01,0.0015,1,5,idID,,best,single_objective
75,0.1598963451427471,0.383751228342593,0.005785237519,[0.146084 0.       0.       0.146029 0.415558 0.       0.       0.       0.       0.       0.       0.       0.       0.       0.       0.       0.146167 0.       0.146162 0.       0.       0.       0.       0.       0.       0.       0.       0.       0.       0.       0.      ],[1. 0. 0. 1. 1. 0. 0. 0. 0. 0. 0. 0. 0. 0. 0. 0. 1. 0. 1. 0. 0. 0. 0. 0. 0. 0. 0. 0. 0. 0. 0.],5.0,1000,100,0.01,0.0015,1,5,idID,,best,single_objective
76,0.1598963451427471,0.38694915524544793,0.005785237519,[0.146084 0.       0.       0.146029 0.415558 0.       0.       0.       0.       0.       0.       0.       0.       0.       0.       0.       0.146167 0.       0.146162 0.       0.       0.       0.       0.       0.       0.       0.       0.       0.       0.       0.      ],[1. 0. 0. 1. 1. 0. 0. 0. 0. 0. 0. 0. 0. 0. 0. 0. 1. 0. 1. 0. 0. 0. 0. 0. 0. 0. 0. 0. 0. 0. 0.],5.0,1000,100,0.01,0.0015,1,5,idID,,best,single_objective
77,0.1598963451427471,0.39014708214830285,0.005785237519,[0.146084 0.       0.       0.146029 0.415558 0.       0.       0.       0.       0.       0.       0.       0.       0.       0.       0.       0.146167 0.       0.146162 0.       0.       0.       0.       0.       0.       0.       0.       0.       0.       0.       0.      ],[1. 0. 0. 1. 1. 0. 0. 0. 0. 0. 0. 0. 0. 0. 0. 0. 1. 0. 1. 0. 0. 0. 0. 0. 0. 0. 0. 0. 0. 0. 0.],5.0,1000,100,0.01,0.0015,1,5,idID,,best,single_objective
78,0.1598963451427471,0.3933450090511578,0.005785237519,[0.146084 0.       0.       0.146029 0.415558 0.       0.       0.       0.       0.       0.       0.       0.       0.       0.       0.       0.146167 0.       0.146162 0.       0.       0.       0.       0.       0.       0.       0.       0.       0.       0.       0.      ],[1. 0. 0. 1. 1. 0. 0. 0. 0. 0. 0. 0. 0. 0. 0. 0. 1. 0. 1. 0. 0. 0. 0. 0. 0. 0. 0. 0. 0. 0. 0.],5.0,1000,100,0.01,0.0015,1,5,idID,,best,single_objective
79,0.1598963451427471,0.39654293595401274,0.005785237519,[0.146084 0.       0.       0.146029 0.415558 0.       0.       0.       0.       0.       0.       0.       0.       0.       0.       0.       0.146167 0.       0.146162 0.       0.       0.       0.       0.       0.       0.       0.       0.       0.       0.       0.      ],[1. 0. 0. 1. 1. 0. 0. 0. 0. 0. 0. 0. 0. 0. 0. 0. 1. 0. 1. 0. 0. 0. 0. 0. 0. 0. 0. 0. 0. 0. 0.],5.0,1000,100,0.01,0.0015,1,5,idID,,best,single_objective
80,0.1598963451427471,0.3997408628568677,0.005785237519,[0.146084 0.       0.       0.146029 0.415558 0.       0.       0.       0.       0.       0.       0.       0.       0.       0.       0.       0.146167 0.       0.146162 0.       0.       0.       0.       0.       0.       0.       0.       0.       0.       0.       0.      ],[1. 0. 0. 1. 1. 0. 0. 0. 0. 0. 0. 0. 0. 0. 0. 0. 1. 0. 1. 0. 0. 0. 0. 0. 0. 0. 0. 0. 0. 0. 0.],5.0,1000,100,0.01,0.0015,1,5,idID,,best,single_objective
81,0.1598963451427471,0.40293878975972264,0.005785237519,[0.146084 0.       0.       0.146029 0.415558 0.       0.       0.       0.       0.       0.       0.       0.       0.       0.       0.       0.146167 0.       0.146162 0.       0.       0.       0.       0.       0.       0.       0.       0.       0.       0.       0.      ],[1. 0. 0. 1. 1. 0. 0. 0. 0. 0. 0. 0. 0. 0. 0. 0. 1. 0. 1. 0. 0. 0. 0. 0. 0. 0. 0. 0. 0. 0. 0.],5.0,1000,100,0.01,0.0015,1,5,idID,,best,single_objective
82,0.1598963451427471,0.40613671666257756,0.005785237519,[0.146084 0.       0.       0.146029 0.415558 0.       0.       0.       0.       0.       0.       0.       0.       0.       0.       0.       0.146167 0.       0.146162 0.       0.       0.       0.       0.       0.       0.       0.       0.       0.       0.       0.      ],[1. 0. 0. 1. 1. 0. 0. 0. 0. 0. 0. 0. 0. 0. 0. 0. 1. 0. 1. 0. 0. 0. 0. 0. 0. 0. 0. 0. 0. 0. 0.],5.0,1000,100,0.01,0.0015,1,5,idID,,best,single_objective
83,0.1598963451427471,0.4093346435654325,0.005785237519,[0.146084 0.       0.       0.146029 0.415558 0.       0.       0.       0.       0.       0.       0.       0.       0.       0.       0.       0.146167 0.       0.146162 0.       0.       0.       0.       0.       0.       0.       0.       0.       0.       0.       0.      ],[1. 0. 0. 1. 1. 0. 0. 0. 0. 0. 0. 0. 0. 0. 0. 0. 1. 0. 1. 0. 0. 0. 0. 0. 0. 0. 0. 0. 0. 0. 0.],5.0,1000,100,0.01,0.0015,1,5,idID,,best,single_objective
84,0.1598963451427471,0.4125325704682875,0.005785237519,[0.146084 0.       0.       0.146029 0.415558 0.       0.       0.       0.       0.       0.       0.       0.       0.       0.       0.       0.146167 0.       0.146162 0.       0.       0.       0.       0.       0.       0.       0.       0.       0.       0.       0.      ],[1. 0. 0. 1. 1. 0. 0. 0. 0. 0. 0. 0. 0. 0. 0. 0. 1. 0. 1. 0. 0. 0. 0. 0. 0. 0. 0. 0. 0. 0. 0.],5.0,1000,100,0.01,0.0015,1,5,idID,,best,single_objective
85,0.1598963451427471,0.4157304973711424,0.005785237519,[0.146084 0.       0.       0.146029 0.415558 0.       0.       0.       0.       0.       0.       0.       0.       0.       0.       0.       0.146167 0.       0.146162 0.       0.       0.       0.       0.       0.       0.       0.       0.       0.       0.       0.      ],[1. 0. 0. 1. 1. 0. 0. 0. 0. 0. 0. 0. 0. 0. 0. 0. 1. 0. 1. 0. 0. 0. 0. 0. 0. 0. 0. 0. 0. 0. 0.],5.0,1000,100,0.01,0.0015,1,5,idID,,best,single_objective
86,0.1598963451427471,0.4189284242739974,0.005785237519,[0.146084 0.       0.       0.146029 0.415558 0.       0.       0.       0.       0.       0.       0.       0.       0.       0.       0.       0.146167 0.       0.146162 0.       0.       0.       0.       0.       0.       0.       0.       0.       0.       0.       0.      ],[1. 0. 0. 1. 1. 0. 0. 0. 0. 0. 0. 0. 0. 0. 0. 0. 1. 0. 1. 0. 0. 0. 0. 0. 0. 0. 0. 0. 0. 0. 0.],5.0,1000,100,0.01,0.0015,1,5,idID,,best,single_objective
87,0.1598963451427471,0.4221263511768523,0.005785237519,[0.146084 0.       0.       0.146029 0.415558 0.       0.       0.       0.       0.       0.       0.       0.       0.       0.       0.       0.146167 0.       0.146162 0.       0.       0.       0.       0.       0.       0.       0.       0.       0.       0.       0.      ],[1. 0. 0. 1. 1. 0. 0. 0. 0. 0. 0. 0. 0. 0. 0. 0. 1. 0. 1. 0. 0. 0. 0. 0. 0. 0. 0. 0. 0. 0. 0.],5.0,1000,100,0.01,0.0015,1,5,idID,,best,single_objective
88,0.1598963451427471,0.4253242780797073,0.005785237519,[0.146084 0.       0.       0.146029 0.415558 0.       0.       0.       0.       0.       0.       0.       0.       0.       0.       0.       0.146167 0.       0.146162 0.       0.       0.       0.       0.       0.       0.       0.       0.       0.       0.       0.      ],[1. 0. 0. 1. 1. 0. 0. 0. 0. 0. 0. 0. 0. 0. 0. 0. 1. 0. 1. 0. 0. 0. 0. 0. 0. 0. 0. 0. 0. 0. 0.],5.0,1000,100,0.01,0.0015,1,5,idID,,best,single_objective
89,0.1598963451427471,0.4285222049825622,0.005785237519,[0.146084 0.       0.       0.146029 0.415558 0.       0.       0.       0.       0.       0.       0.       0.       0.       0.       0.       0.146167 0.       0.146162 0.       0.       0.       0.       0.       0.       0.       0.       0.       0.       0.       0.      ],[1. 0. 0. 1. 1. 0. 0. 0. 0. 0. 0. 0. 0. 0. 0. 0. 1. 0. 1. 0. 0. 0. 0. 0. 0. 0. 0. 0. 0. 0. 0.],5.0,1000,100,0.01,0.0015,1,5,idID,,best,single_objective
90,0.1598963451427471,0.43172013188541714,0.005785237519,[0.146084 0.       0.       0.146029 0.415558 0.       0.       0.       0.       0.       0.       0.       0.       0.       0.       0.       0.146167 0.       0.146162 0.       0.       0.       0.       0.       0.       0.       0.       0.       0.       0.       0.      ],[1. 0. 0. 1. 1. 0. 0. 0. 0. 0. 0. 0. 0. 0. 0. 0. 1. 0. 1. 0. 0. 0. 0. 0. 0. 0. 0. 0. 0. 0. 0.],5.0,1000,100,0.01,0.0015,1,5,idID,,best,single_objective
91,0.1598963451427471,0.43491805878827206,0.005785237519,[0.146084 0.       0.       0.146029 0.415558 0.       0.       0.       0.       0.       0.       0.       0.       0.       0.       0.       0.146167 0.       0.146162 0.       0.       0.       0.       0.       0.       0.       0.       0.       0.       0.       0.      ],[1. 0. 0. 1. 1. 0. 0. 0. 0. 0. 0. 0. 0. 0. 0. 0. 1. 0. 1. 0. 0. 0. 0. 0. 0. 0. 0. 0. 0. 0. 0.],5.0,1000,100,0.01,0.0015,1,5,idID,,best,single_objective
92,0.1598963451427471,0.43811598569112703,0.005785237519,[0.146084 0.       0.       0.146029 0.415558 0.       0.       0.       0.       0.       0.       0.       0.       0.       0.       0.       0.146167 0.       0.146162 0.       0.       0.       0.       0.       0.       0.       0.       0.       0.       0.       0.      ],[1. 0. 0. 1. 1. 0. 0. 0. 0. 0. 0. 0. 0. 0. 0. 0. 1. 0. 1. 0. 0. 0. 0. 0. 0. 0. 0. 0. 0. 0. 0.],5.0,1000,100,0.01,0.0015,1,5,idID,,best,single_objective
93,0.1598963451427471,0.441313912593982,0.005785237519,[0.146084 0.       0.       0.146029 0.415558 0.       0.       0.       0.       0.       0.       0.       0.       0.       0.       0.       0.146167 0.       0.146162 0.       0.       0.       0.       0.       0.       0.       0.       0.       0.       0.       0.      ],[1. 0. 0. 1. 1. 0. 0. 0. 0. 0. 0. 0. 0. 0. 0. 0. 1. 0. 1. 0. 0. 0. 0. 0. 0. 0. 0. 0. 0. 0. 0.],5.0,1000,100,0.01,0.0015,1,5,idID,,best,single_objective
94,0.1598963451427471,0.4445118394968369,0.005785237519,[0.146084 0.       0.       0.146029 0.415558 0.       0.       0.       0.       0.       0.       0.       0.       0.       0.       0.       0.146167 0.       0.146162 0.       0.       0.       0.       0.       0.       0.       0.       0.       0.       0.       0.      ],[1. 0. 0. 1. 1. 0. 0. 0. 0. 0. 0. 0. 0. 0. 0. 0. 1. 0. 1. 0. 0. 0. 0. 0. 0. 0. 0. 0. 0. 0. 0.],5.0,1000,100,0.01,0.0015,1,5,idID,,best,single_objective
95,0.1598963451427471,0.44770976639969184,0.005785237519,[0.146084 0.       0.       0.146029 0.415558 0.       0.       0.       0.       0.       0.       0.       0.       0.       0.       0.       0.146167 0.       0.146162 0.       0.       0.       0.       0.       0.       0.       0.       0.       0.       0.       0.      ],[1. 0. 0. 1. 1. 0. 0. 0. 0. 0. 0. 0. 0. 0. 0. 0. 1. 0. 1. 0. 0. 0. 0. 0. 0. 0. 0. 0. 0. 0. 0.],5.0,1000,100,0.01,0.0015,1,5,idID,,best,single_objective
96,0.1598963451427471,0.45090769330254676,0.005785237519,[0.146084 0.       0.       0.146029 0.415558 0.       0.       0.       0.       0.       0.       0.       0.       0.       0.       0.       0.146167 0.       0.146162 0.       0.       0.       0.       0.       0.       0.       0.       0.       0.       0.       0.      ],[1. 0. 0. 1. 1. 0. 0. 0. 0. 0. 0. 0. 0. 0. 0. 0. 1. 0. 1. 0. 0. 0. 0. 0. 0. 0. 0. 0. 0. 0. 0.],5.0,1000,100,0.01,0.0015,1,5,idID,,best,single_objective
97,0.1598963451427471,0.45410562020540174,0.005785237519,[0.146084 0.       0.       0.146029 0.415558 0.       0.       0.       0.       0.       0.       0.       0.       0.       0.       0.       0.146167 0.       0.146162 0.       0.       0.       0.       0.       0.       0.       0.       0.       0.       0.       0.      ],[1. 0. 0. 1. 1. 0. 0. 0. 0. 0. 0. 0. 0. 0. 0. 0. 1. 0. 1. 0. 0. 0. 0. 0. 0. 0. 0. 0. 0. 0. 0.],5.0,1000,100,0.01,0.0015,1,5,idID,,best,single_objective
98,0.1598963451427471,0.4573035471082567,0.005785237519,[0.146084 0.       0.       0.146029 0.415558 0.       0.       0.       0.       0.       0.       0.       0.       0.       0.       0.       0.146167 0.       0.146162 0.       0.       0.       0.       0.       0.       0.       0.       0.       0.       0.       0.      ],[1. 0. 0. 1. 1. 0. 0. 0. 0. 0. 0. 0. 0. 0. 0. 0. 1. 0. 1. 0. 0. 0. 0. 0. 0. 0. 0. 0. 0. 0. 0.],5.0,1000,100,0.01,0.0015,1,5,idID,,best,single_objective
99,0.1598963451427471,0.46050147401111163,0.005785237519,[0.146084 0.       0.       0.146029 0.415558 0.       0.       0.       0.       0.       0.       0.       0.       0.       0.       0.       0.146167 0.       0.146162 0.       0.       0.       0.       0.       0.       0.       0.       0.       0.       0.       0.      ],[1. 0. 0. 1. 1. 0. 0. 0. 0. 0. 0. 0. 0. 0. 0. 0. 1. 0. 1. 0. 0. 0. 0. 0. 0. 0. 0. 0. 0. 0. 0.],5.0,1000,100,0.01,0.0015,1,5,idID,,best,single_objective
100,0.1598963451427471,0.46369940091396655,0.005785237519,[0.146084 0.       0.       0.146029 0.415558 0.       0.       0.       0.       0.       0.       0.       0.       0.       0.       0.       0.146167 0.       0.146162 0.       0.       0.       0.       0.       0.       0.       0.       0.       0.       0.       0.      ],[1. 0. 0. 1. 1. 0. 0. 0. 0. 0. 0. 0. 0. 0. 0. 0. 1. 0. 1. 0. 0. 0. 0. 0. 0. 0. 0. 0. 0. 0. 0.],5.0,1000,100,0.01,0.0015,1,5,idID,,best,single_objective
101,0.1598963451427471,0.4668973278168215,0.005785237519,[0.146084 0.       0.       0.146029 0.415558 0.       0.       0.       0.       0.       0.       0.       0.       0.       0.       0.       0.146167 0.       0.146162 0.       0.       0.       0.       0.       0.       0.       0.       0.       0.       0.       0.      ],[1. 0. 0. 1. 1. 0. 0. 0. 0. 0. 0. 0. 0. 0. 0. 0. 1. 0. 1. 0. 0. 0. 0. 0. 0. 0. 0. 0. 0. 0. 0.],5.0,1000,100,0.01,0.0015,1,5,idID,,best,single_objective
102,0.1598963451427471,0.47009525471967645,0.005785237519,[0.146084 0.       0.       0.146029 0.415558 0.       0.       0.       0.       0.       0.       0.       0.       0.       0.       0.       0.146167 0.       0.146162 0.       0.       0.       0.       0.       0.       0.       0.       0.       0.       0.       0.      ],[1. 0. 0. 1. 1. 0. 0. 0. 0. 0. 0. 0. 0. 0. 0. 0. 1. 0. 1. 0. 0. 0. 0. 0. 0. 0. 0. 0. 0. 0. 0.],5.0,1000,100,0.01,0.0015,1,5,idID,,best,single_objective
103,0.1598963451427471,0.47329318162253137,0.005785237519,[0.146084 0.       0.       0.146029 0.415558 0.       0.       0.       0.       0.       0.       0.       0.       0.       0.       0.       0.146167 0.       0.146162 0.       0.       0.       0.       0.       0.       0.       0.       0.       0.       0.       0.      ],[1. 0. 0. 1. 1. 0. 0. 0. 0. 0. 0. 0. 0. 0. 0. 0. 1. 0. 1. 0. 0. 0. 0. 0. 0. 0. 0. 0. 0. 0. 0.],5.0,1000,100,0.01,0.0015,1,5,idID,,best,single_objective
104,0.1598963451427471,0.47649110852538634,0.005785237519,[0.146084 0.       0.       0.146029 0.415558 0.       0.       0.       0.       0.       0.       0.       0.       0.       0.       0.       0.146167 0.       0.146162 0.       0.       0.       0.       0.       0.       0.       0.       0.       0.       0.       0.      ],[1. 0. 0. 1. 1. 0. 0. 0. 0. 0. 0. 0. 0. 0. 0. 0. 1. 0. 1. 0. 0. 0. 0. 0. 0. 0. 0. 0. 0. 0. 0.],5.0,1000,100,0.01,0.0015,1,5,idID,,best,single_objective
105,0.1598963451427471,0.47649110852538634,0.005785237519,[0.146084 0.       0.       0.146029 0.415558 0.       0.       0.       0.       0.       0.       0.       0.       0.       0.       0.       0.146167 0.       0.146162 0.       0.       0.       0.       0.       0.       0.       0.       0.       0.       0.       0.      ],[1. 0. 0. 1. 1. 0. 0. 0. 0. 0. 0. 0. 0. 0. 0. 0. 1. 0. 1. 0. 0. 0. 0. 0. 0. 0. 0. 0. 0. 0. 0.],5.0,1000,100,0.01,0.0015,1,5,idID,,best,single_objective
106,0.1598963451427471,0.47649110852538634,0.005785237519,[0.146084 0.       0.       0.146029 0.415558 0.       0.       0.       0.       0.       0.       0.       0.       0.       0.       0.       0.146167 0.       0.146162 0.       0.       0.       0.       0.       0.       0.       0.       0.       0.       0.       0.      ],[1. 0. 0. 1. 1. 0. 0. 0. 0. 0. 0. 0. 0. 0. 0. 0. 1. 0. 1. 0. 0. 0. 0. 0. 0. 0. 0. 0. 0. 0. 0.],5.0,1000,100,0.01,0.0015,1,5,idID,,best,single_objective
107,0.1598963451427471,0.47649110852538634,0.005785237519,[0.146084 0.       0.       0.146029 0.415558 0.       0.       0.       0.       0.       0.       0.       0.       0.       0.       0.       0.146167 0.       0.146162 0.       0.       0.       0.       0.       0.       0.       0.       0.       0.       0.       0.      ],[1. 0. 0. 1. 1. 0. 0. 0. 0. 0. 0. 0. 0. 0. 0. 0. 1. 0. 1. 0. 0. 0. 0. 0. 0. 0. 0. 0. 0. 0. 0.],5.0,1000,100,0.01,0.0015,1,5,idID,,best,single_objective
108,0.1598963451427471,0.47649110852538634,0.005785237519,[0.146084 0.       0.       0.146029 0.415558 0.       0.       0.       0.       0.       0.       0.       0.       0.       0.       0.       0.146167 0.       0.146162 0.       0.       0.       0.       0.       0.       0.       0.       0.       0.       0.       0.      ],[1. 0. 0. 1. 1. 0. 0. 0. 0. 0. 0. 0. 0. 0. 0. 0. 1. 0. 1. 0. 0. 0. 0. 0. 0. 0. 0. 0. 0. 0. 0.],5.0,1000,100,0.01,0.0015,1,5,idID,,best,single_objective
109,0.1598963451427471,0.47649110852538634,0.005785237519,[0.146084 0.       0.       0.146029 0.415558 0.       0.       0.       0.       0.       0.       0.       0.       0.       0.       0.       0.146167 0.       0.146162 0.       0.       0.       0.       0.       0.       0.       0.       0.       0.       0.       0.      ],[1. 0. 0. 1. 1. 0. 0. 0. 0. 0. 0. 0. 0. 0. 0. 0. 1. 0. 1. 0. 0. 0. 0. 0. 0. 0. 0. 0. 0. 0. 0.],5.0,1000,100,0.01,0.0015,1,5,idID,,best,single_objective
110,0.1598963451427471,0.47649110852538634,0.005785237519,[0.146084 0.       0.       0.146029 0.415558 0.       0.       0.       0.       0.       0.       0.       0.       0.       0.       0.       0.146167 0.       0.146162 0.       0.       0.       0.       0.       0.       0.       0.       0.       0.       0.       0.      ],[1. 0. 0. 1. 1. 0. 0. 0. 0. 0. 0. 0. 0. 0. 0. 0. 1. 0. 1. 0. 0. 0. 0. 0. 0. 0. 0. 0. 0. 0. 0.],5.0,1000,100,0.01,0.0015,1,5,idID,,best,single_objective
111,0.1598963451427471,0.47649110852538634,0.005785237519,[0.146084 0.       0.       0.146029 0.415558 0.       0.       0.       0.       0.       0.       0.       0.       0.       0.       0.       0.146167 0.       0.146162 0.       0.       0.       0.       0.       0.       0.       0.       0.       0.       0.       0.      ],[1. 0. 0. 1. 1. 0. 0. 0. 0. 0. 0. 0. 0. 0. 0. 0. 1. 0. 1. 0. 0. 0. 0. 0. 0. 0. 0. 0. 0. 0. 0.],5.0,1000,100,0.01,0.0015,1,5,idID,,best,single_objective
112,0.1598963451427471,0.47649110852538634,0.005785237519,[0.146084 0.       0.       0.146029 0.415558 0.       0.       0.       0.       0.       0.       0.       0.       0.       0.       0.       0.146167 0.       0.146162 0.       0.       0.       0.       0.       0.       0.       0.       0.       0.       0.       0.      ],[1. 0. 0. 1. 1. 0. 0. 0. 0. 0. 0. 0. 0. 0. 0. 0. 1. 0. 1. 0. 0. 0. 0. 0. 0. 0. 0. 0. 0. 0. 0.],5.0,1000,100,0.01,0.0015,1,5,idID,,best,single_objective
113,0.1598963451427471,0.47649110852538634,0.005785237519,[0.146084 0.       0.       0.146029 0.415558 0.       0.       0.       0.       0.       0.       0.       0.       0.       0.       0.       0.146167 0.       0.146162 0.       0.       0.       0.       0.       0.       0.       0.       0.       0.       0.       0.      ],[1. 0. 0. 1. 1. 0. 0. 0. 0. 0. 0. 0. 0. 0. 0. 0. 1. 0. 1. 0. 0. 0. 0. 0. 0. 0. 0. 0. 0. 0. 0.],5.0,1000,100,0.01,0.0015,1,5,idID,,best,single_objective
114,0.1598963451427471,0.47649110852538634,0.005785237519,[0.146084 0.       0.       0.146029 0.415558 0.       0.       0.       0.       0.       0.       0.       0.       0.       0.       0.       0.146167 0.       0.146162 0.       0.       0.       0.       0.       0.       0.       0.       0.       0.       0.       0.      ],[1. 0. 0. 1. 1. 0. 0. 0. 0. 0. 0. 0. 0. 0. 0. 0. 1. 0. 1. 0. 0. 0. 0. 0. 0. 0. 0. 0. 0. 0. 0.],5.0,1000,100,0.01,0.0015,1,5,idID,,best,single_objective
115,0.1598963451427471,0.47649110852538634,0.005785237519,[0.146084 0.       0.       0.146029 0.415558 0.       0.       0.       0.       0.       0.       0.       0.       0.       0.       0.       0.146167 0.       0.146162 0.       0.       0.       0.       0.       0.       0.       0.       0.       0.       0.       0.      ],[1. 0. 0. 1. 1. 0. 0. 0. 0. 0. 0. 0. 0. 0. 0. 0. 1. 0. 1. 0. 0. 0. 0. 0. 0. 0. 0. 0. 0. 0. 0.],5.0,1000,100,0.01,0.0015,1,5,idID,,best,single_objective
116,0.1598963451427471,0.47649110852538634,0.005785237519,[0.146084 0.       0.       0.146029 0.415558 0.       0.       0.       0.       0.       0.       0.       0.       0.       0.       0.       0.146167 0.       0.146162 0.       0.       0.       0.       0.       0.       0.       0.       0.       0.       0.       0.      ],[1. 0. 0. 1. 1. 0. 0. 0. 0. 0. 0. 0. 0. 0. 0. 0. 1. 0. 1. 0. 0. 0. 0. 0. 0. 0. 0. 0. 0. 0. 0.],5.0,1000,100,0.01,0.0015,1,5,idID,,best,single_objective
117,0.1598963451427471,0.47649110852538634,0.005785237519,[0.146084 0.       0.       0.146029 0.415558 0.       0.       0.       0.       0.       0.       0.       0.       0.       0.       0.       0.146167 0.       0.146162 0.       0.       0.       0.       0.       0.       0.       0.       0.       0.       0.       0.      ],[1. 0. 0. 1. 1. 0. 0. 0. 0. 0. 0. 0. 0. 0. 0. 0. 1. 0. 1. 0. 0. 0. 0. 0. 0. 0. 0. 0. 0. 0. 0.],5.0,1000,100,0.01,0.0015,1,5,idID,,best,single_objective
118,0.1598963451427471,0.47649110852538634,0.005785237519,[0.146084 0.       0.       0.146029 0.415558 0.       0.       0.       0.       0.       0.       0.       0.       0.       0.       0.       0.146167 0.       0.146162 0.       0.       0.       0.       0.       0.       0.       0.       0.       0.       0.       0.      ],[1. 0. 0. 1. 1. 0. 0. 0. 0. 0. 0. 0. 0. 0. 0. 0. 1. 0. 1. 0. 0. 0. 0. 0. 0. 0. 0. 0. 0. 0. 0.],5.0,1000,100,0.01,0.0015,1,5,idID,,best,single_objective
119,0.1598963451427471,0.47649110852538634,0.005785237519,[0.146084 0.       0.       0.146029 0.415558 0.       0.       0.       0.       0.       0.       0.       0.       0.       0.       0.       0.146167 0.       0.146162 0.       0.       0.       0.       0.       0.       0.       0.       0.       0.       0.       0.      ],[1. 0. 0. 1. 1. 0. 0. 0. 0. 0. 0. 0. 0. 0. 0. 0. 1. 0. 1. 0. 0. 0. 0. 0. 0. 0. 0. 0. 0. 0. 0.],5.0,1000,100,0.01,0.0015,1,5,idID,,best,single_objective
120,0.1598963451427471,0.47649110852538634,0.005785237519,[0.146084 0.       0.       0.146029 0.415558 0.       0.       0.       0.       0.       0.       0.       0.       0.       0.       0.       0.146167 0.       0.146162 0.       0.       0.       0.       0.       0.       0.       0.       0.       0.       0.       0.      ],[1. 0. 0. 1. 1. 0. 0. 0. 0. 0. 0. 0. 0. 0. 0. 0. 1. 0. 1. 0. 0. 0. 0. 0. 0. 0. 0. 0. 0. 0. 0.],5.0,1000,100,0.01,0.0015,1,5,idID,,best,single_objective
121,0.1598963451427471,0.47649110852538634,0.005785237519,[0.146084 0.       0.       0.146029 0.415558 0.       0.       0.       0.       0.       0.       0.       0.       0.       0.       0.       0.146167 0.       0.146162 0.       0.       0.       0.       0.       0.       0.       0.       0.       0.       0.       0.      ],[1. 0. 0. 1. 1. 0. 0. 0. 0. 0. 0. 0. 0. 0. 0. 0. 1. 0. 1. 0. 0. 0. 0. 0. 0. 0. 0. 0. 0. 0. 0.],5.0,1000,100,0.01,0.0015,1,5,idID,,best,single_objective
122,0.1598963451427471,0.47649110852538634,0.005785237519,[0.146084 0.       0.       0.146029 0.415558 0.       0.       0.       0.       0.       0.       0.       0.       0.       0.       0.       0.146167 0.       0.146162 0.       0.       0.       0.       0.       0.       0.       0.       0.       0.       0.       0.      ],[1. 0. 0. 1. 1. 0. 0. 0. 0. 0. 0. 0. 0. 0. 0. 0. 1. 0. 1. 0. 0. 0. 0. 0. 0. 0. 0. 0. 0. 0. 0.],5.0,1000,100,0.01,0.0015,1,5,idID,,best,single_objective
123,0.1598963451427471,0.47649110852538634,0.005785237519,[0.146084 0.       0.       0.146029 0.415558 0.       0.       0.       0.       0.       0.       0.       0.       0.       0.       0.       0.146167 0.       0.146162 0.       0.       0.       0.       0.       0.       0.       0.       0.       0.       0.       0.      ],[1. 0. 0. 1. 1. 0. 0. 0. 0. 0. 0. 0. 0. 0. 0. 0. 1. 0. 1. 0. 0. 0. 0. 0. 0. 0. 0. 0. 0. 0. 0.],5.0,1000,100,0.01,0.0015,1,5,idID,,best,single_objective
124,0.1598963451427471,0.47649110852538634,0.005785237519,[0.146084 0.       0.       0.146029 0.415558 0.       0.       0.       0.       0.       0.       0.       0.       0.       0.       0.       0.146167 0.       0.146162 0.       0.       0.       0.       0.       0.       0.       0.       0.       0.       0.       0.      ],[1. 0. 0. 1. 1. 0. 0. 0. 0. 0. 0. 0. 0. 0. 0. 0. 1. 0. 1. 0. 0. 0. 0. 0. 0. 0. 0. 0. 0. 0. 0.],5.0,1000,100,0.01,0.0015,1,5,idID,,best,single_objective
125,0.1598963451427471,0.47649110852538634,0.005785237519,[0.146084 0.       0.       0.146029 0.415558 0.       0.       0.       0.       0.       0.       0.       0.       0.       0.       0.       0.146167 0.       0.146162 0.       0.       0.       0.       0.       0.       0.       0.       0.       0.       0.       0.      ],[1. 0. 0. 1. 1. 0. 0. 0. 0. 0. 0. 0. 0. 0. 0. 0. 1. 0. 1. 0. 0. 0. 0. 0. 0. 0. 0. 0. 0. 0. 0.],5.0,1000,100,0.01,0.0015,1,5,idID,,best,single_objective
126,0.1598963451427471,0.47649110852538634,0.005785237519,[0.146084 0.       0.       0.146029 0.415558 0.       0.       0.       0.       0.       0.       0.       0.       0.       0.       0.       0.146167 0.       0.146162 0.       0.       0.       0.       0.       0.       0.       0.       0.       0.       0.       0.      ],[1. 0. 0. 1. 1. 0. 0. 0. 0. 0. 0. 0. 0. 0. 0. 0. 1. 0. 1. 0. 0. 0. 0. 0. 0. 0. 0. 0. 0. 0. 0.],5.0,1000,100,0.01,0.0015,1,5,idID,,best,single_objective
127,0.1598963451427471,0.47649110852538634,0.005785237519,[0.146084 0.       0.       0.146029 0.415558 0.       0.       0.       0.       0.       0.       0.       0.       0.       0.       0.       0.146167 0.       0.146162 0.       0.       0.       0.       0.       0.       0.       0.       0.       0.       0.       0.      ],[1. 0. 0. 1. 1. 0. 0. 0. 0. 0. 0. 0. 0. 0. 0. 0. 1. 0. 1. 0. 0. 0. 0. 0. 0. 0. 0. 0. 0. 0. 0.],5.0,1000,100,0.01,0.0015,1,5,idID,,best,single_objective
128,0.1598963451427471,0.47649110852538634,0.005785237519,[0.146084 0.       0.       0.146029 0.415558 0.       0.       0.       0.       0.       0.       0.       0.       0.       0.       0.       0.146167 0.       0.146162 0.       0.       0.       0.       0.       0.       0.       0.       0.       0.       0.       0.      ],[1. 0. 0. 1. 1. 0. 0. 0. 0. 0. 0. 0. 0. 0. 0. 0. 1. 0. 1. 0. 0. 0. 0. 0. 0. 0. 0. 0. 0. 0. 0.],5.0,1000,100,0.01,0.0015,1,5,idID,,best,single_objective
129,0.1598963451427471,0.47649110852538634,0.005785237519,[0.146084 0.       0.       0.146029 0.415558 0.       0.       0.       0.       0.       0.       0.       0.       0.       0.       0.       0.146167 0.       0.146162 0.       0.       0.       0.       0.       0.       0.       0.       0.       0.       0.       0.      ],[1. 0. 0. 1. 1. 0. 0. 0. 0. 0. 0. 0. 0. 0. 0. 0. 1. 0. 1. 0. 0. 0. 0. 0. 0. 0. 0. 0. 0. 0. 0.],5.0,1000,100,0.01,0.0015,1,5,idID,,best,single_objective
130,0.1598963451427471,0.47649110852538634,0.005785237519,[0.146084 0.       0.       0.146029 0.415558 0.       0.       0.       0.       0.       0.       0.       0.       0.       0.       0.       0.146167 0.       0.146162 0.       0.       0.       0.       0.       0.       0.       0.       0.       0.       0.       0.      ],[1. 0. 0. 1. 1. 0. 0. 0. 0. 0. 0. 0. 0. 0. 0. 0. 1. 0. 1. 0. 0. 0. 0. 0. 0. 0. 0. 0. 0. 0. 0.],5.0,1000,100,0.01,0.0015,1,5,idID,,best,single_objective
131,0.1598963451427471,0.47649110852538634,0.005785237519,[0.146084 0.       0.       0.146029 0.415558 0.       0.       0.       0.       0.       0.       0.       0.       0.       0.       0.       0.146167 0.       0.146162 0.       0.       0.       0.       0.       0.       0.       0.       0.       0.       0.       0.      ],[1. 0. 0. 1. 1. 0. 0. 0. 0. 0. 0. 0. 0. 0. 0. 0. 1. 0. 1. 0. 0. 0. 0. 0. 0. 0. 0. 0. 0. 0. 0.],5.0,1000,100,0.01,0.0015,1,5,idID,,best,single_objective
132,0.1598963451427471,0.47649110852538634,0.005785237519,[0.146084 0.       0.       0.146029 0.415558 0.       0.       0.       0.       0.       0.       0.       0.       0.       0.       0.       0.146167 0.       0.146162 0.       0.       0.       0.       0.       0.       0.       0.       0.       0.       0.       0.      ],[1. 0. 0. 1. 1. 0. 0. 0. 0. 0. 0. 0. 0. 0. 0. 0. 1. 0. 1. 0. 0. 0. 0. 0. 0. 0. 0. 0. 0. 0. 0.],5.0,1000,100,0.01,0.0015,1,5,idID,,best,single_objective
133,0.1598963451427471,0.47649110852538634,0.005785237519,[0.146084 0.       0.       0.146029 0.415558 0.       0.       0.       0.       0.       0.       0.       0.       0.       0.       0.       0.146167 0.       0.146162 0.       0.       0.       0.       0.       0.       0.       0.       0.       0.       0.       0.      ],[1. 0. 0. 1. 1. 0. 0. 0. 0. 0. 0. 0. 0. 0. 0. 0. 1. 0. 1. 0. 0. 0. 0. 0. 0. 0. 0. 0. 0. 0. 0.],5.0,1000,100,0.01,0.0015,1,5,idID,,best,single_objective
134,0.1598963451427471,0.47649110852538634,0.005785237519,[0.146084 0.       0.       0.146029 0.415558 0.       0.       0.       0.       0.       0.       0.       0.       0.       0.       0.       0.146167 0.       0.146162 0.       0.       0.       0.       0.       0.       0.       0.       0.       0.       0.       0.      ],[1. 0. 0. 1. 1. 0. 0. 0. 0. 0. 0. 0. 0. 0. 0. 0. 1. 0. 1. 0. 0. 0. 0. 0. 0. 0. 0. 0. 0. 0. 0.],5.0,1000,100,0.01,0.0015,1,5,idID,,best,single_objective
135,0.1598963451427471,0.47649110852538634,0.005785237519,[0.146084 0.       0.       0.146029 0.415558 0.       0.       0.       0.       0.       0.       0.       0.       0.       0.       0.       0.146167 0.       0.146162 0.       0.       0.       0.       0.       0.       0.       0.       0.       0.       0.       0.      ],[1. 0. 0. 1. 1. 0. 0. 0. 0. 0. 0. 0. 0. 0. 0. 0. 1. 0. 1. 0. 0. 0. 0. 0. 0. 0. 0. 0. 0. 0. 0.],5.0,1000,100,0.01,0.0015,1,5,idID,,best,single_objective
136,0.1598963451427471,0.47649110852538634,0.005785237519,[0.146084 0.       0.       0.146029 0.415558 0.       0.       0.       0.       0.       0.       0.       0.       0.       0.       0.       0.146167 0.       0.146162 0.       0.       0.       0.       0.       0.       0.       0.       0.       0.       0.       0.      ],[1. 0. 0. 1. 1. 0. 0. 0. 0. 0. 0. 0. 0. 0. 0. 0. 1. 0. 1. 0. 0. 0. 0. 0. 0. 0. 0. 0. 0. 0. 0.],5.0,1000,100,0.01,0.0015,1,5,idID,,best,single_objective
137,0.1598963451427471,0.47649110852538634,0.005785237519,[0.146084 0.       0.       0.146029 0.415558 0.       0.       0.       0.       0.       0.       0.       0.       0.       0.       0.       0.146167 0.       0.146162 0.       0.       0.       0.       0.       0.       0.       0.       0.       0.       0.       0.      ],[1. 0. 0. 1. 1. 0. 0. 0. 0. 0. 0. 0. 0. 0. 0. 0. 1. 0. 1. 0. 0. 0. 0. 0. 0. 0. 0. 0. 0. 0. 0.],5.0,1000,100,0.01,0.0015,1,5,idID,,best,single_objective
138,0.1598963451427471,0.47649110852538634,0.005785237519,[0.146084 0.       0.       0.146029 0.415558 0.       0.       0.       0.       0.       0.       0.       0.       0.       0.       0.       0.146167 0.       0.146162 0.       0.       0.       0.       0.       0.       0.       0.       0.       0.       0.       0.      ],[1. 0. 0. 1. 1. 0. 0. 0. 0. 0. 0. 0. 0. 0. 0. 0. 1. 0. 1. 0. 0. 0. 0. 0. 0. 0. 0. 0. 0. 0. 0.],5.0,1000,100,0.01,0.0015,1,5,idID,,best,single_objective
139,0.1598963451427471,0.47649110852538634,0.005785237519,[0.146084 0.       0.       0.146029 0.415558 0.       0.       0.       0.       0.       0.       0.       0.       0.       0.       0.       0.146167 0.       0.146162 0.       0.       0.       0.       0.       0.       0.       0.       0.       0.       0.       0.      ],[1. 0. 0. 1. 1. 0. 0. 0. 0. 0. 0. 0. 0. 0. 0. 0. 1. 0. 1. 0. 0. 0. 0. 0. 0. 0. 0. 0. 0. 0. 0.],5.0,1000,100,0.01,0.0015,1,5,idID,,best,single_objective
140,0.1598963451427471,0.47649110852538634,0.005785237519,[0.146084 0.       0.       0.146029 0.415558 0.       0.       0.       0.       0.       0.       0.       0.       0.       0.       0.       0.146167 0.       0.146162 0.       0.       0.       0.       0.       0.       0.       0.       0.       0.       0.       0.      ],[1. 0. 0. 1. 1. 0. 0. 0. 0. 0. 0. 0. 0. 0. 0. 0. 1. 0. 1. 0. 0. 0. 0. 0. 0. 0. 0. 0. 0. 0. 0.],5.0,1000,100,0.01,0.0015,1,5,idID,,best,single_objective
141,0.1598963451427471,0.47649110852538634,0.005785237519,[0.146084 0.       0.       0.146029 0.415558 0.       0.       0.       0.       0.       0.       0.       0.       0.       0.       0.       0.146167 0.       0.146162 0.       0.       0.       0.       0.       0.       0.       0.       0.       0.       0.       0.      ],[1. 0. 0. 1. 1. 0. 0. 0. 0. 0. 0. 0. 0. 0. 0. 0. 1. 0. 1. 0. 0. 0. 0. 0. 0. 0. 0. 0. 0. 0. 0.],5.0,1000,100,0.01,0.0015,1,5,idID,,best,single_objective
142,0.1598963451427471,0.47649110852538634,0.005785237519,[0.146084 0.       0.       0.146029 0.415558 0.       0.       0.       0.       0.       0.       0.       0.       0.       0.       0.       0.146167 0.       0.146162 0.       0.       0.       0.       0.       0.       0.       0.       0.       0.       0.       0.      ],[1. 0. 0. 1. 1. 0. 0. 0. 0. 0. 0. 0. 0. 0. 0. 0. 1. 0. 1. 0. 0. 0. 0. 0. 0. 0. 0. 0. 0. 0. 0.],5.0,1000,100,0.01,0.0015,1,5,idID,,best,single_objective
143,0.1598963451427471,0.47649110852538634,0.005785237519,[0.146084 0.       0.       0.146029 0.415558 0.       0.       0.       0.       0.       0.       0.       0.       0.       0.       0.       0.146167 0.       0.146162 0.       0.       0.       0.       0.       0.       0.       0.       0.       0.       0.       0.      ],[1. 0. 0. 1. 1. 0. 0. 0. 0. 0. 0. 0. 0. 0. 0. 0. 1. 0. 1. 0. 0. 0. 0. 0. 0. 0. 0. 0. 0. 0. 0.],5.0,1000,100,0.01,0.0015,1,5,idID,,best,single_objective
144,0.1598963451427471,0.47649110852538634,0.005785237519,[0.146084 0.       0.       0.146029 0.415558 0.       0.       0.       0.       0.       0.       0.       0.       0.       0.       0.       0.146167 0.       0.146162 0.       0.       0.       0.       0.       0.       0.       0.       0.       0.       0.       0.      ],[1. 0. 0. 1. 1. 0. 0. 0. 0. 0. 0. 0. 0. 0. 0. 0. 1. 0. 1. 0. 0. 0. 0. 0. 0. 0. 0. 0. 0. 0. 0.],5.0,1000,100,0.01,0.0015,1,5,idID,,best,single_objective
145,0.1598963451427471,0.47649110852538634,0.005785237519,[0.146084 0.       0.       0.146029 0.415558 0.       0.       0.       0.       0.       0.       0.       0.       0.       0.       0.       0.146167 0.       0.146162 0.       0.       0.       0.       0.       0.       0.       0.       0.       0.       0.       0.      ],[1. 0. 0. 1. 1. 0. 0. 0. 0. 0. 0. 0. 0. 0. 0. 0. 1. 0. 1. 0. 0. 0. 0. 0. 0. 0. 0. 0. 0. 0. 0.],5.0,1000,100,0.01,0.0015,1,5,idID,,best,single_objective
146,0.1598963451427471,0.47649110852538634,0.005785237519,[0.146084 0.       0.       0.146029 0.415558 0.       0.       0.       0.       0.       0.       0.       0.       0.       0.       0.       0.146167 0.       0.146162 0.       0.       0.       0.       0.       0.       0.       0.       0.       0.       0.       0.      ],[1. 0. 0. 1. 1. 0. 0. 0. 0. 0. 0. 0. 0. 0. 0. 0. 1. 0. 1. 0. 0. 0. 0. 0. 0. 0. 0. 0. 0. 0. 0.],5.0,1000,100,0.01,0.0015,1,5,idID,,best,single_objective
147,0.1598963451427471,0.47649110852538634,0.005785237519,[0.146084 0.       0.       0.146029 0.415558 0.       0.       0.       0.       0.       0.       0.       0.       0.       0.       0.       0.146167 0.       0.146162 0.       0.       0.       0.       0.       0.       0.       0.       0.       0.       0.       0.      ],[1. 0. 0. 1. 1. 0. 0. 0. 0. 0. 0. 0. 0. 0. 0. 0. 1. 0. 1. 0. 0. 0. 0. 0. 0. 0. 0. 0. 0. 0. 0.],5.0,1000,100,0.01,0.0015,1,5,idID,,best,single_objective
148,0.1598963451427471,0.47649110852538634,0.005785237519,[0.146084 0.       0.       0.146029 0.415558 0.       0.       0.       0.       0.       0.       0.       0.       0.       0.       0.       0.146167 0.       0.146162 0.       0.       0.       0.       0.       0.       0.       0.       0.       0.       0.       0.      ],[1. 0. 0. 1. 1. 0. 0. 0. 0. 0. 0. 0. 0. 0. 0. 0. 1. 0. 1. 0. 0. 0. 0. 0. 0. 0. 0. 0. 0. 0. 0.],5.0,1000,100,0.01,0.0015,1,5,idID,,best,single_objective
149,0.1598963451427471,0.47649110852538634,0.005785237519,[0.146084 0.       0.       0.146029 0.415558 0.       0.       0.       0.       0.       0.       0.       0.       0.       0.       0.       0.146167 0.       0.146162 0.       0.       0.       0.       0.       0.       0.       0.       0.       0.       0.       0.      ],[1. 0. 0. 1. 1. 0. 0. 0. 0. 0. 0. 0. 0. 0. 0. 0. 1. 0. 1. 0. 0. 0. 0. 0. 0. 0. 0. 0. 0. 0. 0.],5.0,1000,100,0.01,0.0015,1,5,idID,,best,single_objective
150,0.1598963451427471,0.47649110852538634,0.005785237519,[0.146084 0.       0.       0.146029 0.415558 0.       0.       0.       0.       0.       0.       0.       0.       0.       0.       0.       0.146167 0.       0.146162 0.       0.       0.       0.       0.       0.       0.       0.       0.       0.       0.       0.      ],[1. 0. 0. 1. 1. 0. 0. 0. 0. 0. 0. 0. 0. 0. 0. 0. 1. 0. 1. 0. 0. 0. 0. 0. 0. 0. 0. 0. 0. 0. 0.],5.0,1000,100,0.01,0.0015,1,5,idID,,best,single_objective
151,0.1598963451427471,0.47649110852538634,0.005785237519,[0.146084 0.       0.       0.146029 0.415558 0.       0.       0.       0.       0.       0.       0.       0.       0.       0.       0.       0.146167 0.       0.146162 0.       0.       0.       0.       0.       0.       0.       0.       0.       0.       0.       0.      ],[1. 0. 0. 1. 1. 0. 0. 0. 0. 0. 0. 0. 0. 0. 0. 0. 1. 0. 1. 0. 0. 0. 0. 0. 0. 0. 0. 0. 0. 0. 0.],5.0,1000,100,0.01,0.0015,1,5,idID,,best,single_objective
152,0.1598963451427471,0.47649110852538634,0.005785237519,[0.146084 0.       0.       0.146029 0.415558 0.       0.       0.       0.       0.       0.       0.       0.       0.       0.       0.       0.146167 0.       0.146162 0.       0.       0.       0.       0.       0.       0.       0.       0.       0.       0.       0.      ],[1. 0. 0. 1. 1. 0. 0. 0. 0. 0. 0. 0. 0. 0. 0. 0. 1. 0. 1. 0. 0. 0. 0. 0. 0. 0. 0. 0. 0. 0. 0.],5.0,1000,100,0.01,0.0015,1,5,idID,,best,single_objective
153,0.1598963451427471,0.47649110852538634,0.005785237519,[0.146084 0.       0.       0.146029 0.415558 0.       0.       0.       0.       0.       0.       0.       0.       0.       0.       0.       0.146167 0.       0.146162 0.       0.       0.       0.       0.       0.       0.       0.       0.       0.       0.       0.      ],[1. 0. 0. 1. 1. 0. 0. 0. 0. 0. 0. 0. 0. 0. 0. 0. 1. 0. 1. 0. 0. 0. 0. 0. 0. 0. 0. 0. 0. 0. 0.],5.0,1000,100,0.01,0.0015,1,5,idID,,best,single_objective
154,0.1598963451427471,0.47649110852538634,0.005785237519,[0.146084 0.       0.       0.146029 0.415558 0.       0.       0.       0.       0.       0.       0.       0.       0.       0.       0.       0.146167 0.       0.146162 0.       0.       0.       0.       0.       0.       0.       0.       0.       0.       0.       0.      ],[1. 0. 0. 1. 1. 0. 0. 0. 0. 0. 0. 0. 0. 0. 0. 0. 1. 0. 1. 0. 0. 0. 0. 0. 0. 0. 0. 0. 0. 0. 0.],5.0,1000,100,0.01,0.0015,1,5,idID,,best,single_objective
155,0.1598963451427471,0.47649110852538634,0.005785237519,[0.146084 0.       0.       0.146029 0.415558 0.       0.       0.       0.       0.       0.       0.       0.       0.       0.       0.       0.146167 0.       0.146162 0.       0.       0.       0.       0.       0.       0.       0.       0.       0.       0.       0.      ],[1. 0. 0. 1. 1. 0. 0. 0. 0. 0. 0. 0. 0. 0. 0. 0. 1. 0. 1. 0. 0. 0. 0. 0. 0. 0. 0. 0. 0. 0. 0.],5.0,1000,100,0.01,0.0015,1,5,idID,,best,single_objective
156,0.1598963451427471,0.47649110852538634,0.005785237519,[0.146084 0.       0.       0.146029 0.415558 0.       0.       0.       0.       0.       0.       0.       0.       0.       0.       0.       0.146167 0.       0.146162 0.       0.       0.       0.       0.       0.       0.       0.       0.       0.       0.       0.      ],[1. 0. 0. 1. 1. 0. 0. 0. 0. 0. 0. 0. 0. 0. 0. 0. 1. 0. 1. 0. 0. 0. 0. 0. 0. 0. 0. 0. 0. 0. 0.],5.0,1000,100,0.01,0.0015,1,5,idID,,best,single_objective
157,0.1598963451427471,0.47649110852538634,0.005785237519,[0.146084 0.       0.       0.146029 0.415558 0.       0.       0.       0.       0.       0.       0.       0.       0.       0.       0.       0.146167 0.       0.146162 0.       0.       0.       0.       0.       0.       0.       0.       0.       0.       0.       0.      ],[1. 0. 0. 1. 1. 0. 0. 0. 0. 0. 0. 0. 0. 0. 0. 0. 1. 0. 1. 0. 0. 0. 0. 0. 0. 0. 0. 0. 0. 0. 0.],5.0,1000,100,0.01,0.0015,1,5,idID,,best,single_objective
158,0.1598963451427471,0.47649110852538634,0.005785237519,[0.146084 0.       0.       0.146029 0.415558 0.       0.       0.       0.       0.       0.       0.       0.       0.       0.       0.       0.146167 0.       0.146162 0.       0.       0.       0.       0.       0.       0.       0.       0.       0.       0.       0.      ],[1. 0. 0. 1. 1. 0. 0. 0. 0. 0. 0. 0. 0. 0. 0. 0. 1. 0. 1. 0. 0. 0. 0. 0. 0. 0. 0. 0. 0. 0. 0.],5.0,1000,100,0.01,0.0015,1,5,idID,,best,single_objective
159,0.1598963451427471,0.47649110852538634,0.005785237519,[0.146084 0.       0.       0.146029 0.415558 0.       0.       0.       0.       0.       0.       0.       0.       0.       0.       0.       0.146167 0.       0.146162 0.       0.       0.       0.       0.       0.       0.       0.       0.       0.       0.       0.      ],[1. 0. 0. 1. 1. 0. 0. 0. 0. 0. 0. 0. 0. 0. 0. 0. 1. 0. 1. 0. 0. 0. 0. 0. 0. 0. 0. 0. 0. 0. 0.],5.0,1000,100,0.01,0.0015,1,5,idID,,best,single_objective
160,0.1598963451427471,0.47649110852538634,0.005785237519,[0.146084 0.       0.       0.146029 0.415558 0.       0.       0.       0.       0.       0.       0.       0.       0.       0.       0.       0.146167 0.       0.146162 0.       0.       0.       0.       0.       0.       0.       0.       0.       0.       0.       0.      ],[1. 0. 0. 1. 1. 0. 0. 0. 0. 0. 0. 0. 0. 0. 0. 0. 1. 0. 1. 0. 0. 0. 0. 0. 0. 0. 0. 0. 0. 0. 0.],5.0,1000,100,0.01,0.0015,1,5,idID,,best,single_objective
161,0.1598963451427471,0.47649110852538634,0.005785237519,[0.146084 0.       0.       0.146029 0.415558 0.       0.       0.       0.       0.       0.       0.       0.       0.       0.       0.       0.146167 0.       0.146162 0.       0.       0.       0.       0.       0.       0.       0.       0.       0.       0.       0.      ],[1. 0. 0. 1. 1. 0. 0. 0. 0. 0. 0. 0. 0. 0. 0. 0. 1. 0. 1. 0. 0. 0. 0. 0. 0. 0. 0. 0. 0. 0. 0.],5.0,1000,100,0.01,0.0015,1,5,idID,,best,single_objective
162,0.1598963451427471,0.47649110852538634,0.005785237519,[0.146084 0.       0.       0.146029 0.415558 0.       0.       0.       0.       0.       0.       0.       0.       0.       0.       0.       0.146167 0.       0.146162 0.       0.       0.       0.       0.       0.       0.       0.       0.       0.       0.       0.      ],[1. 0. 0. 1. 1. 0. 0. 0. 0. 0. 0. 0. 0. 0. 0. 0. 1. 0. 1. 0. 0. 0. 0. 0. 0. 0. 0. 0. 0. 0. 0.],5.0,1000,100,0.01,0.0015,1,5,idID,,best,single_objective
163,0.1598963451427471,0.47649110852538634,0.005785237519,[0.146084 0.       0.       0.146029 0.415558 0.       0.       0.       0.       0.       0.       0.       0.       0.       0.       0.       0.146167 0.       0.146162 0.       0.       0.       0.       0.       0.       0.       0.       0.       0.       0.       0.      ],[1. 0. 0. 1. 1. 0. 0. 0. 0. 0. 0. 0. 0. 0. 0. 0. 1. 0. 1. 0. 0. 0. 0. 0. 0. 0. 0. 0. 0. 0. 0.],5.0,1000,100,0.01,0.0015,1,5,idID,,best,single_objective
164,0.1598963451427471,0.47649110852538634,0.005785237519,[0.146084 0.       0.       0.146029 0.415558 0.       0.       0.       0.       0.       0.       0.       0.       0.       0.       0.       0.146167 0.       0.146162 0.       0.       0.       0.       0.       0.       0.       0.       0.       0.       0.       0.      ],[1. 0. 0. 1. 1. 0. 0. 0. 0. 0. 0. 0. 0. 0. 0. 0. 1. 0. 1. 0. 0. 0. 0. 0. 0. 0. 0. 0. 0. 0. 0.],5.0,1000,100,0.01,0.0015,1,5,idID,,best,single_objective
165,0.1598963451427471,0.47649110852538634,0.005785237519,[0.146084 0.       0.       0.146029 0.415558 0.       0.       0.       0.       0.       0.       0.       0.       0.       0.       0.       0.146167 0.       0.146162 0.       0.       0.       0.       0.       0.       0.       0.       0.       0.       0.       0.      ],[1. 0. 0. 1. 1. 0. 0. 0. 0. 0. 0. 0. 0. 0. 0. 0. 1. 0. 1. 0. 0. 0. 0. 0. 0. 0. 0. 0. 0. 0. 0.],5.0,1000,100,0.01,0.0015,1,5,idID,,best,single_objective
166,0.1598963451427471,0.47649110852538634,0.005785237519,[0.146084 0.       0.       0.146029 0.415558 0.       0.       0.       0.       0.       0.       0.       0.       0.       0.       0.       0.146167 0.       0.146162 0.       0.       0.       0.       0.       0.       0.       0.       0.       0.       0.       0.      ],[1. 0. 0. 1. 1. 0. 0. 0. 0. 0. 0. 0. 0. 0. 0. 0. 1. 0. 1. 0. 0. 0. 0. 0. 0. 0. 0. 0. 0. 0. 0.],5.0,1000,100,0.01,0.0015,1,5,idID,,best,single_objective
167,0.1598963451427471,0.47649110852538634,0.005785237519,[0.146084 0.       0.       0.146029 0.415558 0.       0.       0.       0.       0.       0.       0.       0.       0.       0.       0.       0.146167 0.       0.146162 0.       0.       0.       0.       0.       0.       0.       0.       0.       0.       0.       0.      ],[1. 0. 0. 1. 1. 0. 0. 0. 0. 0. 0. 0. 0. 0. 0. 0. 1. 0. 1. 0. 0. 0. 0. 0. 0. 0. 0. 0. 0. 0. 0.],5.0,1000,100,0.01,0.0015,1,5,idID,,best,single_objective
168,0.1598963451427471,0.47649110852538634,0.005785237519,[0.146084 0.       0.       0.146029 0.415558 0.       0.       0.       0.       0.       0.       0.       0.       0.       0.       0.       0.146167 0.       0.146162 0.       0.       0.       0.       0.       0.       0.       0.       0.       0.       0.       0.      ],[1. 0. 0. 1. 1. 0. 0. 0. 0. 0. 0. 0. 0. 0. 0. 0. 1. 0. 1. 0. 0. 0. 0. 0. 0. 0. 0. 0. 0. 0. 0.],5.0,1000,100,0.01,0.0015,1,5,idID,,best,single_objective
169,0.1598963451427471,0.47649110852538634,0.005785237519,[0.146084 0.       0.       0.146029 0.415558 0.       0.       0.       0.       0.       0.       0.       0.       0.       0.       0.       0.146167 0.       0.146162 0.       0.       0.       0.       0.       0.       0.       0.       0.       0.       0.       0.      ],[1. 0. 0. 1. 1. 0. 0. 0. 0. 0. 0. 0. 0. 0. 0. 0. 1. 0. 1. 0. 0. 0. 0. 0. 0. 0. 0. 0. 0. 0. 0.],5.0,1000,100,0.01,0.0015,1,5,idID,,best,single_objective
170,0.1598963451427471,0.47649110852538634,0.005785237519,[0.146084 0.       0.       0.146029 0.415558 0.       0.       0.       0.       0.       0.       0.       0.       0.       0.       0.       0.146167 0.       0.146162 0.       0.       0.       0.       0.       0.       0.       0.       0.       0.       0.       0.      ],[1. 0. 0. 1. 1. 0. 0. 0. 0. 0. 0. 0. 0. 0. 0. 0. 1. 0. 1. 0. 0. 0. 0. 0. 0. 0. 0. 0. 0. 0. 0.],5.0,1000,100,0.01,0.0015,1,5,idID,,best,single_objective
171,0.1598963451427471,0.47649110852538634,0.005785237519,[0.146084 0.       0.       0.146029 0.415558 0.       0.       0.       0.       0.       0.       0.       0.       0.       0.       0.       0.146167 0.       0.146162 0.       0.       0.       0.       0.       0.       0.       0.       0.       0.       0.       0.      ],[1. 0. 0. 1. 1. 0. 0. 0. 0. 0. 0. 0. 0. 0. 0. 0. 1. 0. 1. 0. 0. 0. 0. 0. 0. 0. 0. 0. 0. 0. 0.],5.0,1000,100,0.01,0.0015,1,5,idID,,best,single_objective
172,0.1598963451427471,0.47649110852538634,0.005785237519,[0.146084 0.       0.       0.146029 0.415558 0.       0.       0.       0.       0.       0.       0.       0.       0.       0.       0.       0.146167 0.       0.146162 0.       0.       0.       0.       0.       0.       0.       0.       0.       0.       0.       0.      ],[1. 0. 0. 1. 1. 0. 0. 0. 0. 0. 0. 0. 0. 0. 0. 0. 1. 0. 1. 0. 0. 0. 0. 0. 0. 0. 0. 0. 0. 0. 0.],5.0,1000,100,0.01,0.0015,1,5,idID,,best,single_objective
173,0.1598963451427471,0.47649110852538634,0.005785237519,[0.146084 0.       0.       0.146029 0.415558 0.       0.       0.       0.       0.       0.       0.       0.       0.       0.       0.       0.146167 0.       0.146162 0.       0.       0.       0.       0.       0.       0.       0.       0.       0.       0.       0.      ],[1. 0. 0. 1. 1. 0. 0. 0. 0. 0. 0. 0. 0. 0. 0. 0. 1. 0. 1. 0. 0. 0. 0. 0. 0. 0. 0. 0. 0. 0. 0.],5.0,1000,100,0.01,0.0015,1,5,idID,,best,single_objective
174,0.1598963451427471,0.47649110852538634,0.005785237519,[0.146084 0.       0.       0.146029 0.415558 0.       0.       0.       0.       0.       0.       0.       0.       0.       0.       0.       0.146167 0.       0.146162 0.       0.       0.       0.       0.       0.       0.       0.       0.       0.       0.       0.      ],[1. 0. 0. 1. 1. 0. 0. 0. 0. 0. 0. 0. 0. 0. 0. 0. 1. 0. 1. 0. 0. 0. 0. 0. 0. 0. 0. 0. 0. 0. 0.],5.0,1000,100,0.01,0.0015,1,5,idID,,best,single_objective
175,0.1598963451427471,0.47649110852538634,0.005785237519,[0.146084 0.       0.       0.146029 0.415558 0.       0.       0.       0.       0.       0.       0.       0.       0.       0.       0.       0.146167 0.       0.146162 0.       0.       0.       0.       0.       0.       0.       0.       0.       0.       0.       0.      ],[1. 0. 0. 1. 1. 0. 0. 0. 0. 0. 0. 0. 0. 0. 0. 0. 1. 0. 1. 0. 0. 0. 0. 0. 0. 0. 0. 0. 0. 0. 0.],5.0,1000,100,0.01,0.0015,1,5,idID,,best,single_objective
176,0.1598963451427471,0.47649110852538634,0.005785237519,[0.146084 0.       0.       0.146029 0.415558 0.       0.       0.       0.       0.       0.       0.       0.       0.       0.       0.       0.146167 0.       0.146162 0.       0.       0.       0.       0.       0.       0.       0.       0.       0.       0.       0.      ],[1. 0. 0. 1. 1. 0. 0. 0. 0. 0. 0. 0. 0. 0. 0. 0. 1. 0. 1. 0. 0. 0. 0. 0. 0. 0. 0. 0. 0. 0. 0.],5.0,1000,100,0.01,0.0015,1,5,idID,,best,single_objective
177,0.1598963451427471,0.47649110852538634,0.005785237519,[0.146084 0.       0.       0.146029 0.415558 0.       0.       0.       0.       0.       0.       0.       0.       0.       0.       0.       0.146167 0.       0.146162 0.       0.       0.       0.       0.       0.       0.       0.       0.       0.       0.       0.      ],[1. 0. 0. 1. 1. 0. 0. 0. 0. 0. 0. 0. 0. 0. 0. 0. 1. 0. 1. 0. 0. 0. 0. 0. 0. 0. 0. 0. 0. 0. 0.],5.0,1000,100,0.01,0.0015,1,5,idID,,best,single_objective
178,0.1598963451427471,0.47649110852538634,0.005785237519,[0.146084 0.       0.       0.146029 0.415558 0.       0.       0.       0.       0.       0.       0.       0.       0.       0.       0.       0.146167 0.       0.146162 0.       0.       0.       0.       0.       0.       0.       0.       0.       0.       0.       0.      ],[1. 0. 0. 1. 1. 0. 0. 0. 0. 0. 0. 0. 0. 0. 0. 0. 1. 0. 1. 0. 0. 0. 0. 0. 0. 0. 0. 0. 0. 0. 0.],5.0,1000,100,0.01,0.0015,1,5,idID,,best,single_objective
179,0.1598963451427471,0.47649110852538634,0.005785237519,[0.146084 0.       0.       0.146029 0.415558 0.       0.       0.       0.       0.       0.       0.       0.       0.       0.       0.       0.146167 0.       0.146162 0.       0.       0.       0.       0.       0.       0.       0.       0.       0.       0.       0.      ],[1. 0. 0. 1. 1. 0. 0. 0. 0. 0. 0. 0. 0. 0. 0. 0. 1. 0. 1. 0. 0. 0. 0. 0. 0. 0. 0. 0. 0. 0. 0.],5.0,1000,100,0.01,0.0015,1,5,idID,,best,single_objective
180,0.1598963451427471,0.47649110852538634,0.005785237519,[0.146084 0.       0.       0.146029 0.415558 0.       0.       0.       0.       0.       0.       0.       0.       0.       0.       0.       0.146167 0.       0.146162 0.       0.       0.       0.       0.       0.       0.       0.       0.       0.       0.       0.      ],[1. 0. 0. 1. 1. 0. 0. 0. 0. 0. 0. 0. 0. 0. 0. 0. 1. 0. 1. 0. 0. 0. 0. 0. 0. 0. 0. 0. 0. 0. 0.],5.0,1000,100,0.01,0.0015,1,5,idID,,best,single_objective
181,0.1598963451427471,0.47649110852538634,0.005785237519,[0.146084 0.       0.       0.146029 0.415558 0.       0.       0.       0.       0.       0.       0.       0.       0.       0.       0.       0.146167 0.       0.146162 0.       0.       0.       0.       0.       0.       0.       0.       0.       0.       0.       0.      ],[1. 0. 0. 1. 1. 0. 0. 0. 0. 0. 0. 0. 0. 0. 0. 0. 1. 0. 1. 0. 0. 0. 0. 0. 0. 0. 0. 0. 0. 0. 0.],5.0,1000,100,0.01,0.0015,1,5,idID,,best,single_objective
182,0.1598963451427471,0.47649110852538634,0.005785237519,[0.146084 0.       0.       0.146029 0.415558 0.       0.       0.       0.       0.       0.       0.       0.       0.       0.       0.       0.146167 0.       0.146162 0.       0.       0.       0.       0.       0.       0.       0.       0.       0.       0.       0.      ],[1. 0. 0. 1. 1. 0. 0. 0. 0. 0. 0. 0. 0. 0. 0. 0. 1. 0. 1. 0. 0. 0. 0. 0. 0. 0. 0. 0. 0. 0. 0.],5.0,1000,100,0.01,0.0015,1,5,idID,,best,single_objective
183,0.1598963451427471,0.47649110852538634,0.005785237519,[0.146084 0.       0.       0.146029 0.415558 0.       0.       0.       0.       0.       0.       0.       0.       0.       0.       0.       0.146167 0.       0.146162 0.       0.       0.       0.       0.       0.       0.       0.       0.       0.       0.       0.      ],[1. 0. 0. 1. 1. 0. 0. 0. 0. 0. 0. 0. 0. 0. 0. 0. 1. 0. 1. 0. 0. 0. 0. 0. 0. 0. 0. 0. 0. 0. 0.],5.0,1000,100,0.01,0.0015,1,5,idID,,best,single_objective
184,0.1598963451427471,0.47649110852538634,0.005785237519,[0.146084 0.       0.       0.146029 0.415558 0.       0.       0.       0.       0.       0.       0.       0.       0.       0.       0.       0.146167 0.       0.146162 0.       0.       0.       0.       0.       0.       0.       0.       0.       0.       0.       0.      ],[1. 0. 0. 1. 1. 0. 0. 0. 0. 0. 0. 0. 0. 0. 0. 0. 1. 0. 1. 0. 0. 0. 0. 0. 0. 0. 0. 0. 0. 0. 0.],5.0,1000,100,0.01,0.0015,1,5,idID,,best,single_objective
185,0.1598963451427471,0.47649110852538634,0.005785237519,[0.146084 0.       0.       0.146029 0.415558 0.       0.       0.       0.       0.       0.       0.       0.       0.       0.       0.       0.146167 0.       0.146162 0.       0.       0.       0.       0.       0.       0.       0.       0.       0.       0.       0.      ],[1. 0. 0. 1. 1. 0. 0. 0. 0. 0. 0. 0. 0. 0. 0. 0. 1. 0. 1. 0. 0. 0. 0. 0. 0. 0. 0. 0. 0. 0. 0.],5.0,1000,100,0.01,0.0015,1,5,idID,,best,single_objective
186,0.1598963451427471,0.47649110852538634,0.005785237519,[0.146084 0.       0.       0.146029 0.415558 0.       0.       0.       0.       0.       0.       0.       0.       0.       0.       0.       0.146167 0.       0.146162 0.       0.       0.       0.       0.       0.       0.       0.       0.       0.       0.       0.      ],[1. 0. 0. 1. 1. 0. 0. 0. 0. 0. 0. 0. 0. 0. 0. 0. 1. 0. 1. 0. 0. 0. 0. 0. 0. 0. 0. 0. 0. 0. 0.],5.0,1000,100,0.01,0.0015,1,5,idID,,best,single_objective
187,0.1598963451427471,0.47649110852538634,0.005785237519,[0.146084 0.       0.       0.146029 0.415558 0.       0.       0.       0.       0.       0.       0.       0.       0.       0.       0.       0.146167 0.       0.146162 0.       0.       0.       0.       0.       0.       0.       0.       0.       0.       0.       0.      ],[1. 0. 0. 1. 1. 0. 0. 0. 0. 0. 0. 0. 0. 0. 0. 0. 1. 0. 1. 0. 0. 0. 0. 0. 0. 0. 0. 0. 0. 0. 0.],5.0,1000,100,0.01,0.0015,1,5,idID,,best,single_objective
188,0.1598963451427471,0.47649110852538634,0.005785237519,[0.146084 0.       0.       0.146029 0.415558 0.       0.       0.       0.       0.       0.       0.       0.       0.       0.       0.       0.146167 0.       0.146162 0.       0.       0.       0.       0.       0.       0.       0.       0.       0.       0.       0.      ],[1. 0. 0. 1. 1. 0. 0. 0. 0. 0. 0. 0. 0. 0. 0. 0. 1. 0. 1. 0. 0. 0. 0. 0. 0. 0. 0. 0. 0. 0. 0.],5.0,1000,100,0.01,0.0015,1,5,idID,,best,single_objective
189,0.1598963451427471,0.47649110852538634,0.005785237519,[0.146084 0.       0.       0.146029 0.415558 0.       0.       0.       0.       0.       0.       0.       0.       0.       0.       0.       0.146167 0.       0.146162 0.       0.       0.       0.       0.       0.       0.       0.       0.       0.       0.       0.      ],[1. 0. 0. 1. 1. 0. 0. 0. 0. 0. 0. 0. 0. 0. 0. 0. 1. 0. 1. 0. 0. 0. 0. 0. 0. 0. 0. 0. 0. 0. 0.],5.0,1000,100,0.01,0.0015,1,5,idID,,best,single_objective
190,0.1598963451427471,0.47649110852538634,0.005785237519,[0.146084 0.       0.       0.146029 0.415558 0.       0.       0.       0.       0.       0.       0.       0.       0.       0.       0.       0.146167 0.       0.146162 0.       0.       0.       0.       0.       0.       0.       0.       0.       0.       0.       0.      ],[1. 0. 0. 1. 1. 0. 0. 0. 0. 0. 0. 0. 0. 0. 0. 0. 1. 0. 1. 0. 0. 0. 0. 0. 0. 0. 0. 0. 0. 0. 0.],5.0,1000,100,0.01,0.0015,1,5,idID,,best,single_objective
191,0.1598963451427471,0.47649110852538634,0.005785237519,[0.146084 0.       0.       0.146029 0.415558 0.       0.       0.       0.       0.       0.       0.       0.       0.       0.       0.       0.146167 0.       0.146162 0.       0.       0.       0.       0.       0.       0.       0.       0.       0.       0.       0.      ],[1. 0. 0. 1. 1. 0. 0. 0. 0. 0. 0. 0. 0. 0. 0. 0. 1. 0. 1. 0. 0. 0. 0. 0. 0. 0. 0. 0. 0. 0. 0.],5.0,1000,100,0.01,0.0015,1,5,idID,,best,single_objective
192,0.1598963451427471,0.47649110852538634,0.005785237519,[0.146084 0.       0.       0.146029 0.415558 0.       0.       0.       0.       0.       0.       0.       0.       0.       0.       0.       0.146167 0.       0.146162 0.       0.       0.       0.       0.       0.       0.       0.       0.       0.       0.       0.      ],[1. 0. 0. 1. 1. 0. 0. 0. 0. 0. 0. 0. 0. 0. 0. 0. 1. 0. 1. 0. 0. 0. 0. 0. 0. 0. 0. 0. 0. 0. 0.],5.0,1000,100,0.01,0.0015,1,5,idID,,best,single_objective
193,0.1598963451427471,0.47649110852538634,0.005785237519,[0.146084 0.       0.       0.146029 0.415558 0.       0.       0.       0.       0.       0.       0.       0.       0.       0.       0.       0.146167 0.       0.146162 0.       0.       0.       0.       0.       0.       0.       0.       0.       0.       0.       0.      ],[1. 0. 0. 1. 1. 0. 0. 0. 0. 0. 0. 0. 0. 0. 0. 0. 1. 0. 1. 0. 0. 0. 0. 0. 0. 0. 0. 0. 0. 0. 0.],5.0,1000,100,0.01,0.0015,1,5,idID,,best,single_objective
194,0.1598963451427471,0.47649110852538634,0.005785237519,[0.146084 0.       0.       0.146029 0.415558 0.       0.       0.       0.       0.       0.       0.       0.       0.       0.       0.       0.146167 0.       0.146162 0.       0.       0.       0.       0.       0.       0.       0.       0.       0.       0.       0.      ],[1. 0. 0. 1. 1. 0. 0. 0. 0. 0. 0. 0. 0. 0. 0. 0. 1. 0. 1. 0. 0. 0. 0. 0. 0. 0. 0. 0. 0. 0. 0.],5.0,1000,100,0.01,0.0015,1,5,idID,,best,single_objective
195,0.1598963451427471,0.47649110852538634,0.005785237519,[0.146084 0.       0.       0.146029 0.415558 0.       0.       0.       0.       0.       0.       0.       0.       0.       0.       0.       0.146167 0.       0.146162 0.       0.       0.       0.       0.       0.       0.       0.       0.       0.       0.       0.      ],[1. 0. 0. 1. 1. 0. 0. 0. 0. 0. 0. 0. 0. 0. 0. 0. 1. 0. 1. 0. 0. 0. 0. 0. 0. 0. 0. 0. 0. 0. 0.],5.0,1000,100,0.01,0.0015,1,5,idID,,best,single_objective
196,0.1598963451427471,0.47649110852538634,0.005785237519,[0.146084 0.       0.       0.146029 0.415558 0.       0.       0.       0.       0.       0.       0.       0.       0.       0.       0.       0.146167 0.       0.146162 0.       0.       0.       0.       0.       0.       0.       0.       0.       0.       0.       0.      ],[1. 0. 0. 1. 1. 0. 0. 0. 0. 0. 0. 0. 0. 0. 0. 0. 1. 0. 1. 0. 0. 0. 0. 0. 0. 0. 0. 0. 0. 0. 0.],5.0,1000,100,0.01,0.0015,1,5,idID,,best,single_objective
197,0.1598963451427471,0.47649110852538634,0.005785237519,[0.146084 0.       0.       0.146029 0.415558 0.       0.       0.       0.       0.       0.       0.       0.       0.       0.       0.       0.146167 0.       0.146162 0.       0.       0.       0.       0.       0.       0.       0.       0.       0.       0.       0.      ],[1. 0. 0. 1. 1. 0. 0. 0. 0. 0. 0. 0. 0. 0. 0. 0. 1. 0. 1. 0. 0. 0. 0. 0. 0. 0. 0. 0. 0. 0. 0.],5.0,1000,100,0.01,0.0015,1,5,idID,,best,single_objective
198,0.1598963451427471,0.47649110852538634,0.005785237519,[0.146084 0.       0.       0.146029 0.415558 0.       0.       0.       0.       0.       0.       0.       0.       0.       0.       0.       0.146167 0.       0.146162 0.       0.       0.       0.       0.       0.       0.       0.       0.       0.       0.       0.      ],[1. 0. 0. 1. 1. 0. 0. 0. 0. 0. 0. 0. 0. 0. 0. 0. 1. 0. 1. 0. 0. 0. 0. 0. 0. 0. 0. 0. 0. 0. 0.],5.0,1000,100,0.01,0.0015,1,5,idID,,best,single_objective
199,0.1598963451427471,0.47649110852538634,0.005785237519,[0.146084 0.       0.       0.146029 0.415558 0.       0.       0.       0.       0.       0.       0.       0.       0.       0.       0.       0.146167 0.       0.146162 0.       0.       0.       0.       0.       0.       0.       0.       0.       0.       0.       0.      ],[1. 0. 0. 1. 1. 0. 0. 0. 0. 0. 0. 0. 0. 0. 0. 0. 1. 0. 1. 0. 0. 0. 0. 0. 0. 0. 0. 0. 0. 0. 0.],5.0,1000,100,0.01,0.0015,1,5,idID,,best,single_objective
200,0.1598963451427471,0.47649110852538634,0.005785237519,[0.146084 0.       0.       0.146029 0.415558 0.       0.       0.       0.       0.       0.       0.       0.       0.       0.       0.       0.146167 0.       0.146162 0.       0.       0.       0.       0.       0.       0.       0.       0.       0.       0.       0.      ],[1. 0. 0. 1. 1. 0. 0. 0. 0. 0. 0. 0. 0. 0. 0. 0. 1. 0. 1. 0. 0. 0. 0. 0. 0. 0. 0. 0. 0. 0. 0.],5.0,1000,100,0.01,0.0015,1,5,idID,,best,single_objective
201,0.1598963451427471,0.47649110852538634,0.005785237519,[0.146084 0.       0.       0.146029 0.415558 0.       0.       0.       0.       0.       0.       0.       0.       0.       0.       0.       0.146167 0.       0.146162 0.       0.       0.       0.       0.       0.       0.       0.       0.       0.       0.       0.      ],[1. 0. 0. 1. 1. 0. 0. 0. 0. 0. 0. 0. 0. 0. 0. 0. 1. 0. 1. 0. 0. 0. 0. 0. 0. 0. 0. 0. 0. 0. 0.],5.0,1000,100,0.01,0.0015,1,5,idID,,best,single_objective
202,0.1598963451427471,0.47649110852538634,0.005785237519,[0.146084 0.       0.       0.146029 0.415558 0.       0.       0.       0.       0.       0.       0.       0.       0.       0.       0.       0.146167 0.       0.146162 0.       0.       0.       0.       0.       0.       0.       0.       0.       0.       0.       0.      ],[1. 0. 0. 1. 1. 0. 0. 0. 0. 0. 0. 0. 0. 0. 0. 0. 1. 0. 1. 0. 0. 0. 0. 0. 0. 0. 0. 0. 0. 0. 0.],5.0,1000,100,0.01,0.0015,1,5,idID,,best,single_objective
203,0.1598963451427471,0.47649110852538634,0.005785237519,[0.146084 0.       0.       0.146029 0.415558 0.       0.       0.       0.       0.       0.       0.       0.       0.       0.       0.       0.146167 0.       0.146162 0.       0.       0.       0.       0.       0.       0.       0.       0.       0.       0.       0.      ],[1. 0. 0. 1. 1. 0. 0. 0. 0. 0. 0. 0. 0. 0. 0. 0. 1. 0. 1. 0. 0. 0. 0. 0. 0. 0. 0. 0. 0. 0. 0.],5.0,1000,100,0.01,0.0015,1,5,idID,,best,single_objective
204,0.1598963451427471,0.47649110852538634,0.005785237519,[0.146084 0.       0.       0.146029 0.415558 0.       0.       0.       0.       0.       0.       0.       0.       0.       0.       0.       0.146167 0.       0.146162 0.       0.       0.       0.       0.       0.       0.       0.       0.       0.       0.       0.      ],[1. 0. 0. 1. 1. 0. 0. 0. 0. 0. 0. 0. 0. 0. 0. 0. 1. 0. 1. 0. 0. 0. 0. 0. 0. 0. 0. 0. 0. 0. 0.],5.0,1000,100,0.01,0.0015,1,5,idID,,best,single_objective
205,0.1598963451427471,0.47649110852538634,0.005785237519,[0.146084 0.       0.       0.146029 0.415558 0.       0.       0.       0.       0.       0.       0.       0.       0.       0.       0.       0.146167 0.       0.146162 0.       0.       0.       0.       0.       0.       0.       0.       0.       0.       0.       0.      ],[1. 0. 0. 1. 1. 0. 0. 0. 0. 0. 0. 0. 0. 0. 0. 0. 1. 0. 1. 0. 0. 0. 0. 0. 0. 0. 0. 0. 0. 0. 0.],5.0,1000,100,0.01,0.0015,1,5,idID,,best,single_objective
206,0.1598963451427471,0.47649110852538634,0.005785237519,[0.146084 0.       0.       0.146029 0.415558 0.       0.       0.       0.       0.       0.       0.       0.       0.       0.       0.       0.146167 0.       0.146162 0.       0.       0.       0.       0.       0.       0.       0.       0.       0.       0.       0.      ],[1. 0. 0. 1. 1. 0. 0. 0. 0. 0. 0. 0. 0. 0. 0. 0. 1. 0. 1. 0. 0. 0. 0. 0. 0. 0. 0. 0. 0. 0. 0.],5.0,1000,100,0.01,0.0015,1,5,idID,,best,single_objective
207,0.1598963451427471,0.47649110852538634,0.005785237519,[0.146084 0.       0.       0.146029 0.415558 0.       0.       0.       0.       0.       0.       0.       0.       0.       0.       0.       0.146167 0.       0.146162 0.       0.       0.       0.       0.       0.       0.       0.       0.       0.       0.       0.      ],[1. 0. 0. 1. 1. 0. 0. 0. 0. 0. 0. 0. 0. 0. 0. 0. 1. 0. 1. 0. 0. 0. 0. 0. 0. 0. 0. 0. 0. 0. 0.],5.0,1000,100,0.01,0.0015,1,5,idID,,best,single_objective
208,0.1598963451427471,0.47649110852538634,0.005785237519,[0.146084 0.       0.       0.146029 0.415558 0.       0.       0.       0.       0.       0.       0.       0.       0.       0.       0.       0.146167 0.       0.146162 0.       0.       0.       0.       0.       0.       0.       0.       0.       0.       0.       0.      ],[1. 0. 0. 1. 1. 0. 0. 0. 0. 0. 0. 0. 0. 0. 0. 0. 1. 0. 1. 0. 0. 0. 0. 0. 0. 0. 0. 0. 0. 0. 0.],5.0,1000,100,0.01,0.0015,1,5,idID,,best,single_objective
209,0.1598963451427471,0.47649110852538634,0.005785237519,[0.146084 0.       0.       0.146029 0.415558 0.       0.       0.       0.       0.       0.       0.       0.       0.       0.       0.       0.146167 0.       0.146162 0.       0.       0.       0.       0.       0.       0.       0.       0.       0.       0.       0.      ],[1. 0. 0. 1. 1. 0. 0. 0. 0. 0. 0. 0. 0. 0. 0. 0. 1. 0. 1. 0. 0. 0. 0. 0. 0. 0. 0. 0. 0. 0. 0.],5.0,1000,100,0.01,0.0015,1,5,idID,,best,single_objective
210,0.1598963451427471,0.47649110852538634,0.005785237519,[0.146084 0.       0.       0.146029 0.415558 0.       0.       0.       0.       0.       0.       0.       0.       0.       0.       0.       0.146167 0.       0.146162 0.       0.       0.       0.       0.       0.       0.       0.       0.       0.       0.       0.      ],[1. 0. 0. 1. 1. 0. 0. 0. 0. 0. 0. 0. 0. 0. 0. 0. 1. 0. 1. 0. 0. 0. 0. 0. 0. 0. 0. 0. 0. 0. 0.],5.0,1000,100,0.01,0.0015,1,5,idID,,best,single_objective
211,0.1598963451427471,0.47649110852538634,0.005785237519,[0.146084 0.       0.       0.146029 0.415558 0.       0.       0.       0.       0.       0.       0.       0.       0.       0.       0.       0.146167 0.       0.146162 0.       0.       0.       0.       0.       0.       0.       0.       0.       0.       0.       0.      ],[1. 0. 0. 1. 1. 0. 0. 0. 0. 0. 0. 0. 0. 0. 0. 0. 1. 0. 1. 0. 0. 0. 0. 0. 0. 0. 0. 0. 0. 0. 0.],5.0,1000,100,0.01,0.0015,1,5,idID,,best,single_objective
212,0.1598963451427471,0.47649110852538634,0.005785237519,[0.146084 0.       0.       0.146029 0.415558 0.       0.       0.       0.       0.       0.       0.       0.       0.       0.       0.       0.146167 0.       0.146162 0.       0.       0.       0.       0.       0.       0.       0.       0.       0.       0.       0.      ],[1. 0. 0. 1. 1. 0. 0. 0. 0. 0. 0. 0. 0. 0. 0. 0. 1. 0. 1. 0. 0. 0. 0. 0. 0. 0. 0. 0. 0. 0. 0.],5.0,1000,100,0.01,0.0015,1,5,idID,,best,single_objective
213,0.1598963451427471,0.47649110852538634,0.005785237519,[0.146084 0.       0.       0.146029 0.415558 0.       0.       0.       0.       0.       0.       0.       0.       0.       0.       0.       0.146167 0.       0.146162 0.       0.       0.       0.       0.       0.       0.       0.       0.       0.       0.       0.      ],[1. 0. 0. 1. 1. 0. 0. 0. 0. 0. 0. 0. 0. 0. 0. 0. 1. 0. 1. 0. 0. 0. 0. 0. 0. 0. 0. 0. 0. 0. 0.],5.0,1000,100,0.01,0.0015,1,5,idID,,best,single_objective
214,0.1598963451427471,0.47649110852538634,0.005785237519,[0.146084 0.       0.       0.146029 0.415558 0.       0.       0.       0.       0.       0.       0.       0.       0.       0.       0.       0.146167 0.       0.146162 0.       0.       0.       0.       0.       0.       0.       0.       0.       0.       0.       0.      ],[1. 0. 0. 1. 1. 0. 0. 0. 0. 0. 0. 0. 0. 0. 0. 0. 1. 0. 1. 0. 0. 0. 0. 0. 0. 0. 0. 0. 0. 0. 0.],5.0,1000,100,0.01,0.0015,1,5,idID,,best,single_objective
215,0.1598963451427471,0.47649110852538634,0.005785237519,[0.146084 0.       0.       0.146029 0.415558 0.       0.       0.       0.       0.       0.       0.       0.       0.       0.       0.       0.146167 0.       0.146162 0.       0.       0.       0.       0.       0.       0.       0.       0.       0.       0.       0.      ],[1. 0. 0. 1. 1. 0. 0. 0. 0. 0. 0. 0. 0. 0. 0. 0. 1. 0. 1. 0. 0. 0. 0. 0. 0. 0. 0. 0. 0. 0. 0.],5.0,1000,100,0.01,0.0015,1,5,idID,,best,single_objective
216,0.1598963451427471,0.47649110852538634,0.005785237519,[0.146084 0.       0.       0.146029 0.415558 0.       0.       0.       0.       0.       0.       0.       0.       0.       0.       0.       0.146167 0.       0.146162 0.       0.       0.       0.       0.       0.       0.       0.       0.       0.       0.       0.      ],[1. 0. 0. 1. 1. 0. 0. 0. 0. 0. 0. 0. 0. 0. 0. 0. 1. 0. 1. 0. 0. 0. 0. 0. 0. 0. 0. 0. 0. 0. 0.],5.0,1000,100,0.01,0.0015,1,5,idID,,best,single_objective
217,0.1598963451427471,0.47649110852538634,0.005785237519,[0.146084 0.       0.       0.146029 0.415558 0.       0.       0.       0.       0.       0.       0.       0.       0.       0.       0.       0.146167 0.       0.146162 0.       0.       0.       0.       0.       0.       0.       0.       0.       0.       0.       0.      ],[1. 0. 0. 1. 1. 0. 0. 0. 0. 0. 0. 0. 0. 0. 0. 0. 1. 0. 1. 0. 0. 0. 0. 0. 0. 0. 0. 0. 0. 0. 0.],5.0,1000,100,0.01,0.0015,1,5,idID,,best,single_objective
218,0.1598963451427471,0.47649110852538634,0.005785237519,[0.146084 0.       0.       0.146029 0.415558 0.       0.       0.       0.       0.       0.       0.       0.       0.       0.       0.       0.146167 0.       0.146162 0.       0.       0.       0.       0.       0.       0.       0.       0.       0.       0.       0.      ],[1. 0. 0. 1. 1. 0. 0. 0. 0. 0. 0. 0. 0. 0. 0. 0. 1. 0. 1. 0. 0. 0. 0. 0. 0. 0. 0. 0. 0. 0. 0.],5.0,1000,100,0.01,0.0015,1,5,idID,,best,single_objective
219,0.1598963451427471,0.47649110852538634,0.005785237519,[0.146084 0.       0.       0.146029 0.415558 0.       0.       0.       0.       0.       0.       0.       0.       0.       0.       0.       0.146167 0.       0.146162 0.       0.       0.       0.       0.       0.       0.       0.       0.       0.       0.       0.      ],[1. 0. 0. 1. 1. 0. 0. 0. 0. 0. 0. 0. 0. 0. 0. 0. 1. 0. 1. 0. 0. 0. 0. 0. 0. 0. 0. 0. 0. 0. 0.],5.0,1000,100,0.01,0.0015,1,5,idID,,best,single_objective
220,0.1598963451427471,0.47649110852538634,0.005785237519,[0.146084 0.       0.       0.146029 0.415558 0.       0.       0.       0.       0.       0.       0.       0.       0.       0.       0.       0.146167 0.       0.146162 0.       0.       0.       0.       0.       0.       0.       0.       0.       0.       0.       0.      ],[1. 0. 0. 1. 1. 0. 0. 0. 0. 0. 0. 0. 0. 0. 0. 0. 1. 0. 1. 0. 0. 0. 0. 0. 0. 0. 0. 0. 0. 0. 0.],5.0,1000,100,0.01,0.0015,1,5,idID,,best,single_objective
221,0.1598963451427471,0.47649110852538634,0.005785237519,[0.146084 0.       0.       0.146029 0.415558 0.       0.       0.       0.       0.       0.       0.       0.       0.       0.       0.       0.146167 0.       0.146162 0.       0.       0.       0.       0.       0.       0.       0.       0.       0.       0.       0.      ],[1. 0. 0. 1. 1. 0. 0. 0. 0. 0. 0. 0. 0. 0. 0. 0. 1. 0. 1. 0. 0. 0. 0. 0. 0. 0. 0. 0. 0. 0. 0.],5.0,1000,100,0.01,0.0015,1,5,idID,,best,single_objective
222,0.1598963451427471,0.47649110852538634,0.005785237519,[0.146084 0.       0.       0.146029 0.415558 0.       0.       0.       0.       0.       0.       0.       0.       0.       0.       0.       0.146167 0.       0.146162 0.       0.       0.       0.       0.       0.       0.       0.       0.       0.       0.       0.      ],[1. 0. 0. 1. 1. 0. 0. 0. 0. 0. 0. 0. 0. 0. 0. 0. 1. 0. 1. 0. 0. 0. 0. 0. 0. 0. 0. 0. 0. 0. 0.],5.0,1000,100,0.01,0.0015,1,5,idID,,best,single_objective
223,0.1598963451427471,0.47649110852538634,0.005785237519,[0.146084 0.       0.       0.146029 0.415558 0.       0.       0.       0.       0.       0.       0.       0.       0.       0.       0.       0.146167 0.       0.146162 0.       0.       0.       0.       0.       0.       0.       0.       0.       0.       0.       0.      ],[1. 0. 0. 1. 1. 0. 0. 0. 0. 0. 0. 0. 0. 0. 0. 0. 1. 0. 1. 0. 0. 0. 0. 0. 0. 0. 0. 0. 0. 0. 0.],5.0,1000,100,0.01,0.0015,1,5,idID,,best,single_objective
224,0.1598963451427471,0.47649110852538634,0.005785237519,[0.146084 0.       0.       0.146029 0.415558 0.       0.       0.       0.       0.       0.       0.       0.       0.       0.       0.       0.146167 0.       0.146162 0.       0.       0.       0.       0.       0.       0.       0.       0.       0.       0.       0.      ],[1. 0. 0. 1. 1. 0. 0. 0. 0. 0. 0. 0. 0. 0. 0. 0. 1. 0. 1. 0. 0. 0. 0. 0. 0. 0. 0. 0. 0. 0. 0.],5.0,1000,100,0.01,0.0015,1,5,idID,,best,single_objective
225,0.1598963451427471,0.47649110852538634,0.005785237519,[0.146084 0.       0.       0.146029 0.415558 0.       0.       0.       0.       0.       0.       0.       0.       0.       0.       0.       0.146167 0.       0.146162 0.       0.       0.       0.       0.       0.       0.       0.       0.       0.       0.       0.      ],[1. 0. 0. 1. 1. 0. 0. 0. 0. 0. 0. 0. 0. 0. 0. 0. 1. 0. 1. 0. 0. 0. 0. 0. 0. 0. 0. 0. 0. 0. 0.],5.0,1000,100,0.01,0.0015,1,5,idID,,best,single_objective
226,0.1598963451427471,0.47649110852538634,0.005785237519,[0.146084 0.       0.       0.146029 0.415558 0.       0.       0.       0.       0.       0.       0.       0.       0.       0.       0.       0.146167 0.       0.146162 0.       0.       0.       0.       0.       0.       0.       0.       0.       0.       0.       0.      ],[1. 0. 0. 1. 1. 0. 0. 0. 0. 0. 0. 0. 0. 0. 0. 0. 1. 0. 1. 0. 0. 0. 0. 0. 0. 0. 0. 0. 0. 0. 0.],5.0,1000,100,0.01,0.0015,1,5,idID,,best,single_objective
227,0.1598963451427471,0.47649110852538634,0.005785237519,[0.146084 0.       0.       0.146029 0.415558 0.       0.       0.       0.       0.       0.       0.       0.       0.       0.       0.       0.146167 0.       0.146162 0.       0.       0.       0.       0.       0.       0.       0.       0.       0.       0.       0.      ],[1. 0. 0. 1. 1. 0. 0. 0. 0. 0. 0. 0. 0. 0. 0. 0. 1. 0. 1. 0. 0. 0. 0. 0. 0. 0. 0. 0. 0. 0. 0.],5.0,1000,100,0.01,0.0015,1,5,idID,,best,single_objective
228,0.1598963451427471,0.47649110852538634,0.005785237519,[0.146084 0.       0.       0.146029 0.415558 0.       0.       0.       0.       0.       0.       0.       0.       0.       0.       0.       0.146167 0.       0.146162 0.       0.       0.       0.       0.       0.       0.       0.       0.       0.       0.       0.      ],[1. 0. 0. 1. 1. 0. 0. 0. 0. 0. 0. 0. 0. 0. 0. 0. 1. 0. 1. 0. 0. 0. 0. 0. 0. 0. 0. 0. 0. 0. 0.],5.0,1000,100,0.01,0.0015,1,5,idID,,best,single_objective
229,0.1598963451427471,0.47649110852538634,0.005785237519,[0.146084 0.       0.       0.146029 0.415558 0.       0.       0.       0.       0.       0.       0.       0.       0.       0.       0.       0.146167 0.       0.146162 0.       0.       0.       0.       0.       0.       0.       0.       0.       0.       0.       0.      ],[1. 0. 0. 1. 1. 0. 0. 0. 0. 0. 0. 0. 0. 0. 0. 0. 1. 0. 1. 0. 0. 0. 0. 0. 0. 0. 0. 0. 0. 0. 0.],5.0,1000,100,0.01,0.0015,1,5,idID,,best,single_objective
230,0.1598963451427471,0.47649110852538634,0.005785237519,[0.146084 0.       0.       0.146029 0.415558 0.       0.       0.       0.       0.       0.       0.       0.       0.       0.       0.       0.146167 0.       0.146162 0.       0.       0.       0.       0.       0.       0.       0.       0.       0.       0.       0.      ],[1. 0. 0. 1. 1. 0. 0. 0. 0. 0. 0. 0. 0. 0. 0. 0. 1. 0. 1. 0. 0. 0. 0. 0. 0. 0. 0. 0. 0. 0. 0.],5.0,1000,100,0.01,0.0015,1,5,idID,,best,single_objective
231,0.1598963451427471,0.47649110852538634,0.005785237519,[0.146084 0.       0.       0.146029 0.415558 0.       0.       0.       0.       0.       0.       0.       0.       0.       0.       0.       0.146167 0.       0.146162 0.       0.       0.       0.       0.       0.       0.       0.       0.       0.       0.       0.      ],[1. 0. 0. 1. 1. 0. 0. 0. 0. 0. 0. 0. 0. 0. 0. 0. 1. 0. 1. 0. 0. 0. 0. 0. 0. 0. 0. 0. 0. 0. 0.],5.0,1000,100,0.01,0.0015,1,5,idID,,best,single_objective
232,0.1598963451427471,0.47649110852538634,0.005785237519,[0.146084 0.       0.       0.146029 0.415558 0.       0.       0.       0.       0.       0.       0.       0.       0.       0.       0.       0.146167 0.       0.146162 0.       0.       0.       0.       0.       0.       0.       0.       0.       0.       0.       0.      ],[1. 0. 0. 1. 1. 0. 0. 0. 0. 0. 0. 0. 0. 0. 0. 0. 1. 0. 1. 0. 0. 0. 0. 0. 0. 0. 0. 0. 0. 0. 0.],5.0,1000,100,0.01,0.0015,1,5,idID,,best,single_objective
233,0.1598963451427471,0.47649110852538634,0.005785237519,[0.146084 0.       0.       0.146029 0.415558 0.       0.       0.       0.       0.       0.       0.       0.       0.       0.       0.       0.146167 0.       0.146162 0.       0.       0.       0.       0.       0.       0.       0.       0.       0.       0.       0.      ],[1. 0. 0. 1. 1. 0. 0. 0. 0. 0. 0. 0. 0. 0. 0. 0. 1. 0. 1. 0. 0. 0. 0. 0. 0. 0. 0. 0. 0. 0. 0.],5.0,1000,100,0.01,0.0015,1,5,idID,,best,single_objective
234,0.1598963451427471,0.47649110852538634,0.005785237519,[0.146084 0.       0.       0.146029 0.415558 0.       0.       0.       0.       0.       0.       0.       0.       0.       0.       0.       0.146167 0.       0.146162 0.       0.       0.       0.       0.       0.       0.       0.       0.       0.       0.       0.      ],[1. 0. 0. 1. 1. 0. 0. 0. 0. 0. 0. 0. 0. 0. 0. 0. 1. 0. 1. 0. 0. 0. 0. 0. 0. 0. 0. 0. 0. 0. 0.],5.0,1000,100,0.01,0.0015,1,5,idID,,best,single_objective
235,0.1598963451427471,0.47649110852538634,0.005785237519,[0.146084 0.       0.       0.146029 0.415558 0.       0.       0.       0.       0.       0.       0.       0.       0.       0.       0.       0.146167 0.       0.146162 0.       0.       0.       0.       0.       0.       0.       0.       0.       0.       0.       0.      ],[1. 0. 0. 1. 1. 0. 0. 0. 0. 0. 0. 0. 0. 0. 0. 0. 1. 0. 1. 0. 0. 0. 0. 0. 0. 0. 0. 0. 0. 0. 0.],5.0,1000,100,0.01,0.0015,1,5,idID,,best,single_objective
236,0.1598963451427471,0.47649110852538634,0.005785237519,[0.146084 0.       0.       0.146029 0.415558 0.       0.       0.       0.       0.       0.       0.       0.       0.       0.       0.       0.146167 0.       0.146162 0.       0.       0.       0.       0.       0.       0.       0.       0.       0.       0.       0.      ],[1. 0. 0. 1. 1. 0. 0. 0. 0. 0. 0. 0. 0. 0. 0. 0. 1. 0. 1. 0. 0. 0. 0. 0. 0. 0. 0. 0. 0. 0. 0.],5.0,1000,100,0.01,0.0015,1,5,idID,,best,single_objective
237,0.1598963451427471,0.47649110852538634,0.005785237519,[0.146084 0.       0.       0.146029 0.415558 0.       0.       0.       0.       0.       0.       0.       0.       0.       0.       0.       0.146167 0.       0.146162 0.       0.       0.       0.       0.       0.       0.       0.       0.       0.       0.       0.      ],[1. 0. 0. 1. 1. 0. 0. 0. 0. 0. 0. 0. 0. 0. 0. 0. 1. 0. 1. 0. 0. 0. 0. 0. 0. 0. 0. 0. 0. 0. 0.],5.0,1000,100,0.01,0.0015,1,5,idID,,best,single_objective
238,0.1598963451427471,0.47649110852538634,0.005785237519,[0.146084 0.       0.       0.146029 0.415558 0.       0.       0.       0.       0.       0.       0.       0.       0.       0.       0.       0.146167 0.       0.146162 0.       0.       0.       0.       0.       0.       0.       0.       0.       0.       0.       0.      ],[1. 0. 0. 1. 1. 0. 0. 0. 0. 0. 0. 0. 0. 0. 0. 0. 1. 0. 1. 0. 0. 0. 0. 0. 0. 0. 0. 0. 0. 0. 0.],5.0,1000,100,0.01,0.0015,1,5,idID,,best,single_objective
239,0.1598963451427471,0.47649110852538634,0.005785237519,[0.146084 0.       0.       0.146029 0.415558 0.       0.       0.       0.       0.       0.       0.       0.       0.       0.       0.       0.146167 0.       0.146162 0.       0.       0.       0.       0.       0.       0.       0.       0.       0.       0.       0.      ],[1. 0. 0. 1. 1. 0. 0. 0. 0. 0. 0. 0. 0. 0. 0. 0. 1. 0. 1. 0. 0. 0. 0. 0. 0. 0. 0. 0. 0. 0. 0.],5.0,1000,100,0.01,0.0015,1,5,idID,,best,single_objective
240,0.1598963451427471,0.47649110852538634,0.005785237519,[0.146084 0.       0.       0.146029 0.415558 0.       0.       0.       0.       0.       0.       0.       0.       0.       0.       0.       0.146167 0.       0.146162 0.       0.       0.       0.       0.       0.       0.       0.       0.       0.       0.       0.      ],[1. 0. 0. 1. 1. 0. 0. 0. 0. 0. 0. 0. 0. 0. 0. 0. 1. 0. 1. 0. 0. 0. 0. 0. 0. 0. 0. 0. 0. 0. 0.],5.0,1000,100,0.01,0.0015,1,5,idID,,best,single_objective
241,0.1598963451427471,0.47649110852538634,0.005785237519,[0.146084 0.       0.       0.146029 0.415558 0.       0.       0.       0.       0.       0.       0.       0.       0.       0.       0.       0.146167 0.       0.146162 0.       0.       0.       0.       0.       0.       0.       0.       0.       0.       0.       0.      ],[1. 0. 0. 1. 1. 0. 0. 0. 0. 0. 0. 0. 0. 0. 0. 0. 1. 0. 1. 0. 0. 0. 0. 0. 0. 0. 0. 0. 0. 0. 0.],5.0,1000,100,0.01,0.0015,1,5,idID,,best,single_objective
242,0.1598963451427471,0.47649110852538634,0.005785237519,[0.146084 0.       0.       0.146029 0.415558 0.       0.       0.       0.       0.       0.       0.       0.       0.       0.       0.       0.146167 0.       0.146162 0.       0.       0.       0.       0.       0.       0.       0.       0.       0.       0.       0.      ],[1. 0. 0. 1. 1. 0. 0. 0. 0. 0. 0. 0. 0. 0. 0. 0. 1. 0. 1. 0. 0. 0. 0. 0. 0. 0. 0. 0. 0. 0. 0.],5.0,1000,100,0.01,0.0015,1,5,idID,,best,single_objective
243,0.1598963451427471,0.47649110852538634,0.005785237519,[0.146084 0.       0.       0.146029 0.415558 0.       0.       0.       0.       0.       0.       0.       0.       0.       0.       0.       0.146167 0.       0.146162 0.       0.       0.       0.       0.       0.       0.       0.       0.       0.       0.       0.      ],[1. 0. 0. 1. 1. 0. 0. 0. 0. 0. 0. 0. 0. 0. 0. 0. 1. 0. 1. 0. 0. 0. 0. 0. 0. 0. 0. 0. 0. 0. 0.],5.0,1000,100,0.01,0.0015,1,5,idID,,best,single_objective
244,0.1598963451427471,0.47649110852538634,0.005785237519,[0.146084 0.       0.       0.146029 0.415558 0.       0.       0.       0.       0.       0.       0.       0.       0.       0.       0.       0.146167 0.       0.146162 0.       0.       0.       0.       0.       0.       0.       0.       0.       0.       0.       0.      ],[1. 0. 0. 1. 1. 0. 0. 0. 0. 0. 0. 0. 0. 0. 0. 0. 1. 0. 1. 0. 0. 0. 0. 0. 0. 0. 0. 0. 0. 0. 0.],5.0,1000,100,0.01,0.0015,1,5,idID,,best,single_objective
245,0.1598963451427471,0.47649110852538634,0.005785237519,[0.146084 0.       0.       0.146029 0.415558 0.       0.       0.       0.       0.       0.       0.       0.       0.       0.       0.       0.146167 0.       0.146162 0.       0.       0.       0.       0.       0.       0.       0.       0.       0.       0.       0.      ],[1. 0. 0. 1. 1. 0. 0. 0. 0. 0. 0. 0. 0. 0. 0. 0. 1. 0. 1. 0. 0. 0. 0. 0. 0. 0. 0. 0. 0. 0. 0.],5.0,1000,100,0.01,0.0015,1,5,idID,,best,single_objective
246,0.1598963451427471,0.47649110852538634,0.005785237519,[0.146084 0.       0.       0.146029 0.415558 0.       0.       0.       0.       0.       0.       0.       0.       0.       0.       0.       0.146167 0.       0.146162 0.       0.       0.       0.       0.       0.       0.       0.       0.       0.       0.       0.      ],[1. 0. 0. 1. 1. 0. 0. 0. 0. 0. 0. 0. 0. 0. 0. 0. 1. 0. 1. 0. 0. 0. 0. 0. 0. 0. 0. 0. 0. 0. 0.],5.0,1000,100,0.01,0.0015,1,5,idID,,best,single_objective
247,0.1598963451427471,0.47649110852538634,0.005785237519,[0.146084 0.       0.       0.146029 0.415558 0.       0.       0.       0.       0.       0.       0.       0.       0.       0.       0.       0.146167 0.       0.146162 0.       0.       0.       0.       0.       0.       0.       0.       0.       0.       0.       0.      ],[1. 0. 0. 1. 1. 0. 0. 0. 0. 0. 0. 0. 0. 0. 0. 0. 1. 0. 1. 0. 0. 0. 0. 0. 0. 0. 0. 0. 0. 0. 0.],5.0,1000,100,0.01,0.0015,1,5,idID,,best,single_objective
248,0.1598963451427471,0.47649110852538634,0.005785237519,[0.146084 0.       0.       0.146029 0.415558 0.       0.       0.       0.       0.       0.       0.       0.       0.       0.       0.       0.146167 0.       0.146162 0.       0.       0.       0.       0.       0.       0.       0.       0.       0.       0.       0.      ],[1. 0. 0. 1. 1. 0. 0. 0. 0. 0. 0. 0. 0. 0. 0. 0. 1. 0. 1. 0. 0. 0. 0. 0. 0. 0. 0. 0. 0. 0. 0.],5.0,1000,100,0.01,0.0015,1,5,idID,,best,single_objective
249,0.1598963451427471,0.47649110852538634,0.005785237519,[0.146084 0.       0.       0.146029 0.415558 0.       0.       0.       0.       0.       0.       0.       0.       0.       0.       0.       0.146167 0.       0.146162 0.       0.       0.       0.       0.       0.       0.       0.       0.       0.       0.       0.      ],[1. 0. 0. 1. 1. 0. 0. 0. 0. 0. 0. 0. 0. 0. 0. 0. 1. 0. 1. 0. 0. 0. 0. 0. 0. 0. 0. 0. 0. 0. 0.],5.0,1000,100,0.01,0.0015,1,5,idID,,best,single_objective
250,0.1598963451427471,0.47649110852538634,0.005785237519,[0.146084 0.       0.       0.146029 0.415558 0.       0.       0.       0.       0.       0.       0.       0.       0.       0.       0.       0.146167 0.       0.146162 0.       0.       0.       0.       0.       0.       0.       0.       0.       0.       0.       0.      ],[1. 0. 0. 1. 1. 0. 0. 0. 0. 0. 0. 0. 0. 0. 0. 0. 1. 0. 1. 0. 0. 0. 0. 0. 0. 0. 0. 0. 0. 0. 0.],5.0,1000,100,0.01,0.0015,1,5,idID,,best,single_objective
251,0.1598963451427471,0.47649110852538634,0.005785237519,[0.146084 0.       0.       0.146029 0.415558 0.       0.       0.       0.       0.       0.       0.       0.       0.       0.       0.       0.146167 0.       0.146162 0.       0.       0.       0.       0.       0.       0.       0.       0.       0.       0.       0.      ],[1. 0. 0. 1. 1. 0. 0. 0. 0. 0. 0. 0. 0. 0. 0. 0. 1. 0. 1. 0. 0. 0. 0. 0. 0. 0. 0. 0. 0. 0. 0.],5.0,1000,100,0.01,0.0015,1,5,idID,,best,single_objective
252,0.1598963451427471,0.47649110852538634,0.005785237519,[0.146084 0.       0.       0.146029 0.415558 0.       0.       0.       0.       0.       0.       0.       0.       0.       0.       0.       0.146167 0.       0.146162 0.       0.       0.       0.       0.       0.       0.       0.       0.       0.       0.       0.      ],[1. 0. 0. 1. 1. 0. 0. 0. 0. 0. 0. 0. 0. 0. 0. 0. 1. 0. 1. 0. 0. 0. 0. 0. 0. 0. 0. 0. 0. 0. 0.],5.0,1000,100,0.01,0.0015,1,5,idID,,best,single_objective
253,0.1598963451427471,0.47649110852538634,0.005785237519,[0.146084 0.       0.       0.146029 0.415558 0.       0.       0.       0.       0.       0.       0.       0.       0.       0.       0.       0.146167 0.       0.146162 0.       0.       0.       0.       0.       0.       0.       0.       0.       0.       0.       0.      ],[1. 0. 0. 1. 1. 0. 0. 0. 0. 0. 0. 0. 0. 0. 0. 0. 1. 0. 1. 0. 0. 0. 0. 0. 0. 0. 0. 0. 0. 0. 0.],5.0,1000,100,0.01,0.0015,1,5,idID,,best,single_objective
254,0.1598963451427471,0.47649110852538634,0.005785237519,[0.146084 0.       0.       0.146029 0.415558 0.       0.       0.       0.       0.       0.       0.       0.       0.       0.       0.       0.146167 0.       0.146162 0.       0.       0.       0.       0.       0.       0.       0.       0.       0.       0.       0.      ],[1. 0. 0. 1. 1. 0. 0. 0. 0. 0. 0. 0. 0. 0. 0. 0. 1. 0. 1. 0. 0. 0. 0. 0. 0. 0. 0. 0. 0. 0. 0.],5.0,1000,100,0.01,0.0015,1,5,idID,,best,single_objective
255,0.1598963451427471,0.47649110852538634,0.005785237519,[0.146084 0.       0.       0.146029 0.415558 0.       0.       0.       0.       0.       0.       0.       0.       0.       0.       0.       0.146167 0.       0.146162 0.       0.       0.       0.       0.       0.       0.       0.       0.       0.       0.       0.      ],[1. 0. 0. 1. 1. 0. 0. 0. 0. 0. 0. 0. 0. 0. 0. 0. 1. 0. 1. 0. 0. 0. 0. 0. 0. 0. 0. 0. 0. 0. 0.],5.0,1000,100,0.01,0.0015,1,5,idID,,best,single_objective
256,0.1598963451427471,0.47649110852538634,0.005785237519,[0.146084 0.       0.       0.146029 0.415558 0.       0.       0.       0.       0.       0.       0.       0.       0.       0.       0.       0.146167 0.       0.146162 0.       0.       0.       0.       0.       0.       0.       0.       0.       0.       0.       0.      ],[1. 0. 0. 1. 1. 0. 0. 0. 0. 0. 0. 0. 0. 0. 0. 0. 1. 0. 1. 0. 0. 0. 0. 0. 0. 0. 0. 0. 0. 0. 0.],5.0,1000,100,0.01,0.0015,1,5,idID,,best,single_objective
257,0.1598963451427471,0.47649110852538634,0.005785237519,[0.146084 0.       0.       0.146029 0.415558 0.       0.       0.       0.       0.       0.       0.       0.       0.       0.       0.       0.146167 0.       0.146162 0.       0.       0.       0.       0.       0.       0.       0.       0.       0.       0.       0.      ],[1. 0. 0. 1. 1. 0. 0. 0. 0. 0. 0. 0. 0. 0. 0. 0. 1. 0. 1. 0. 0. 0. 0. 0. 0. 0. 0. 0. 0. 0. 0.],5.0,1000,100,0.01,0.0015,1,5,idID,,best,single_objective
258,0.1598963451427471,0.47649110852538634,0.005785237519,[0.146084 0.       0.       0.146029 0.415558 0.       0.       0.       0.       0.       0.       0.       0.       0.       0.       0.       0.146167 0.       0.146162 0.       0.       0.       0.       0.       0.       0.       0.       0.       0.       0.       0.      ],[1. 0. 0. 1. 1. 0. 0. 0. 0. 0. 0. 0. 0. 0. 0. 0. 1. 0. 1. 0. 0. 0. 0. 0. 0. 0. 0. 0. 0. 0. 0.],5.0,1000,100,0.01,0.0015,1,5,idID,,best,single_objective
259,0.1598963451427471,0.47649110852538634,0.005785237519,[0.146084 0.       0.       0.146029 0.415558 0.       0.       0.       0.       0.       0.       0.       0.       0.       0.       0.       0.146167 0.       0.146162 0.       0.       0.       0.       0.       0.       0.       0.       0.       0.       0.       0.      ],[1. 0. 0. 1. 1. 0. 0. 0. 0. 0. 0. 0. 0. 0. 0. 0. 1. 0. 1. 0. 0. 0. 0. 0. 0. 0. 0. 0. 0. 0. 0.],5.0,1000,100,0.01,0.0015,1,5,idID,,best,single_objective
260,0.1598963451427471,0.47649110852538634,0.005785237519,[0.146084 0.       0.       0.146029 0.415558 0.       0.       0.       0.       0.       0.       0.       0.       0.       0.       0.       0.146167 0.       0.146162 0.       0.       0.       0.       0.       0.       0.       0.       0.       0.       0.       0.      ],[1. 0. 0. 1. 1. 0. 0. 0. 0. 0. 0. 0. 0. 0. 0. 0. 1. 0. 1. 0. 0. 0. 0. 0. 0. 0. 0. 0. 0. 0. 0.],5.0,1000,100,0.01,0.0015,1,5,idID,,best,single_objective
261,0.1598963451427471,0.47649110852538634,0.005785237519,[0.146084 0.       0.       0.146029 0.415558 0.       0.       0.       0.       0.       0.       0.       0.       0.       0.       0.       0.146167 0.       0.146162 0.       0.       0.       0.       0.       0.       0.       0.       0.       0.       0.       0.      ],[1. 0. 0. 1. 1. 0. 0. 0. 0. 0. 0. 0. 0. 0. 0. 0. 1. 0. 1. 0. 0. 0. 0. 0. 0. 0. 0. 0. 0. 0. 0.],5.0,1000,100,0.01,0.0015,1,5,idID,,best,single_objective
262,0.1598963451427471,0.47649110852538634,0.005785237519,[0.146084 0.       0.       0.146029 0.415558 0.       0.       0.       0.       0.       0.       0.       0.       0.       0.       0.       0.146167 0.       0.146162 0.       0.       0.       0.       0.       0.       0.       0.       0.       0.       0.       0.      ],[1. 0. 0. 1. 1. 0. 0. 0. 0. 0. 0. 0. 0. 0. 0. 0. 1. 0. 1. 0. 0. 0. 0. 0. 0. 0. 0. 0. 0. 0. 0.],5.0,1000,100,0.01,0.0015,1,5,idID,,best,single_objective
263,0.1598963451427471,0.47649110852538634,0.005785237519,[0.146084 0.       0.       0.146029 0.415558 0.       0.       0.       0.       0.       0.       0.       0.       0.       0.       0.       0.146167 0.       0.146162 0.       0.       0.       0.       0.       0.       0.       0.       0.       0.       0.       0.      ],[1. 0. 0. 1. 1. 0. 0. 0. 0. 0. 0. 0. 0. 0. 0. 0. 1. 0. 1. 0. 0. 0. 0. 0. 0. 0. 0. 0. 0. 0. 0.],5.0,1000,100,0.01,0.0015,1,5,idID,,best,single_objective
264,0.1598963451427471,0.47649110852538634,0.005785237519,[0.146084 0.       0.       0.146029 0.415558 0.       0.       0.       0.       0.       0.       0.       0.       0.       0.       0.       0.146167 0.       0.146162 0.       0.       0.       0.       0.       0.       0.       0.       0.       0.       0.       0.      ],[1. 0. 0. 1. 1. 0. 0. 0. 0. 0. 0. 0. 0. 0. 0. 0. 1. 0. 1. 0. 0. 0. 0. 0. 0. 0. 0. 0. 0. 0. 0.],5.0,1000,100,0.01,0.0015,1,5,idID,,best,single_objective
265,0.1598963451427471,0.47649110852538634,0.005785237519,[0.146084 0.       0.       0.146029 0.415558 0.       0.       0.       0.       0.       0.       0.       0.       0.       0.       0.       0.146167 0.       0.146162 0.       0.       0.       0.       0.       0.       0.       0.       0.       0.       0.       0.      ],[1. 0. 0. 1. 1. 0. 0. 0. 0. 0. 0. 0. 0. 0. 0. 0. 1. 0. 1. 0. 0. 0. 0. 0. 0. 0. 0. 0. 0. 0. 0.],5.0,1000,100,0.01,0.0015,1,5,idID,,best,single_objective
266,0.1598963451427471,0.47649110852538634,0.005785237519,[0.146084 0.       0.       0.146029 0.415558 0.       0.       0.       0.       0.       0.       0.       0.       0.       0.       0.       0.146167 0.       0.146162 0.       0.       0.       0.       0.       0.       0.       0.       0.       0.       0.       0.      ],[1. 0. 0. 1. 1. 0. 0. 0. 0. 0. 0. 0. 0. 0. 0. 0. 1. 0. 1. 0. 0. 0. 0. 0. 0. 0. 0. 0. 0. 0. 0.],5.0,1000,100,0.01,0.0015,1,5,idID,,best,single_objective
267,0.1598963451427471,0.47649110852538634,0.005785237519,[0.146084 0.       0.       0.146029 0.415558 0.       0.       0.       0.       0.       0.       0.       0.       0.       0.       0.       0.146167 0.       0.146162 0.       0.       0.       0.       0.       0.       0.       0.       0.       0.       0.       0.      ],[1. 0. 0. 1. 1. 0. 0. 0. 0. 0. 0. 0. 0. 0. 0. 0. 1. 0. 1. 0. 0. 0. 0. 0. 0. 0. 0. 0. 0. 0. 0.],5.0,1000,100,0.01,0.0015,1,5,idID,,best,single_objective
268,0.1598963451427471,0.47649110852538634,0.005785237519,[0.146084 0.       0.       0.146029 0.415558 0.       0.       0.       0.       0.       0.       0.       0.       0.       0.       0.       0.146167 0.       0.146162 0.       0.       0.       0.       0.       0.       0.       0.       0.       0.       0.       0.      ],[1. 0. 0. 1. 1. 0. 0. 0. 0. 0. 0. 0. 0. 0. 0. 0. 1. 0. 1. 0. 0. 0. 0. 0. 0. 0. 0. 0. 0. 0. 0.],5.0,1000,100,0.01,0.0015,1,5,idID,,best,single_objective
269,0.1598963451427471,0.47649110852538634,0.005785237519,[0.146084 0.       0.       0.146029 0.415558 0.       0.       0.       0.       0.       0.       0.       0.       0.       0.       0.       0.146167 0.       0.146162 0.       0.       0.       0.       0.       0.       0.       0.       0.       0.       0.       0.      ],[1. 0. 0. 1. 1. 0. 0. 0. 0. 0. 0. 0. 0. 0. 0. 0. 1. 0. 1. 0. 0. 0. 0. 0. 0. 0. 0. 0. 0. 0. 0.],5.0,1000,100,0.01,0.0015,1,5,idID,,best,single_objective
270,0.1598963451427471,0.47649110852538634,0.005785237519,[0.146084 0.       0.       0.146029 0.415558 0.       0.       0.       0.       0.       0.       0.       0.       0.       0.       0.       0.146167 0.       0.146162 0.       0.       0.       0.       0.       0.       0.       0.       0.       0.       0.       0.      ],[1. 0. 0. 1. 1. 0. 0. 0. 0. 0. 0. 0. 0. 0. 0. 0. 1. 0. 1. 0. 0. 0. 0. 0. 0. 0. 0. 0. 0. 0. 0.],5.0,1000,100,0.01,0.0015,1,5,idID,,best,single_objective
271,0.1598963451427471,0.47649110852538634,0.005785237519,[0.146084 0.       0.       0.146029 0.415558 0.       0.       0.       0.       0.       0.       0.       0.       0.       0.       0.       0.146167 0.       0.146162 0.       0.       0.       0.       0.       0.       0.       0.       0.       0.       0.       0.      ],[1. 0. 0. 1. 1. 0. 0. 0. 0. 0. 0. 0. 0. 0. 0. 0. 1. 0. 1. 0. 0. 0. 0. 0. 0. 0. 0. 0. 0. 0. 0.],5.0,1000,100,0.01,0.0015,1,5,idID,,best,single_objective
272,0.1598963451427471,0.47649110852538634,0.005785237519,[0.146084 0.       0.       0.146029 0.415558 0.       0.       0.       0.       0.       0.       0.       0.       0.       0.       0.       0.146167 0.       0.146162 0.       0.       0.       0.       0.       0.       0.       0.       0.       0.       0.       0.      ],[1. 0. 0. 1. 1. 0. 0. 0. 0. 0. 0. 0. 0. 0. 0. 0. 1. 0. 1. 0. 0. 0. 0. 0. 0. 0. 0. 0. 0. 0. 0.],5.0,1000,100,0.01,0.0015,1,5,idID,,best,single_objective
273,0.1598963451427471,0.47649110852538634,0.005785237519,[0.146084 0.       0.       0.146029 0.415558 0.       0.       0.       0.       0.       0.       0.       0.       0.       0.       0.       0.146167 0.       0.146162 0.       0.       0.       0.       0.       0.       0.       0.       0.       0.       0.       0.      ],[1. 0. 0. 1. 1. 0. 0. 0. 0. 0. 0. 0. 0. 0. 0. 0. 1. 0. 1. 0. 0. 0. 0. 0. 0. 0. 0. 0. 0. 0. 0.],5.0,1000,100,0.01,0.0015,1,5,idID,,best,single_objective
274,0.1598963451427471,0.47649110852538634,0.005785237519,[0.146084 0.       0.       0.146029 0.415558 0.       0.       0.       0.       0.       0.       0.       0.       0.       0.       0.       0.146167 0.       0.146162 0.       0.       0.       0.       0.       0.       0.       0.       0.       0.       0.       0.      ],[1. 0. 0. 1. 1. 0. 0. 0. 0. 0. 0. 0. 0. 0. 0. 0. 1. 0. 1. 0. 0. 0. 0. 0. 0. 0. 0. 0. 0. 0. 0.],5.0,1000,100,0.01,0.0015,1,5,idID,,best,single_objective
275,0.1598963451427471,0.47649110852538634,0.005785237519,[0.146084 0.       0.       0.146029 0.415558 0.       0.       0.       0.       0.       0.       0.       0.       0.       0.       0.       0.146167 0.       0.146162 0.       0.       0.       0.       0.       0.       0.       0.       0.       0.       0.       0.      ],[1. 0. 0. 1. 1. 0. 0. 0. 0. 0. 0. 0. 0. 0. 0. 0. 1. 0. 1. 0. 0. 0. 0. 0. 0. 0. 0. 0. 0. 0. 0.],5.0,1000,100,0.01,0.0015,1,5,idID,,best,single_objective
276,0.1598963451427471,0.47649110852538634,0.005785237519,[0.146084 0.       0.       0.146029 0.415558 0.       0.       0.       0.       0.       0.       0.       0.       0.       0.       0.       0.146167 0.       0.146162 0.       0.       0.       0.       0.       0.       0.       0.       0.       0.       0.       0.      ],[1. 0. 0. 1. 1. 0. 0. 0. 0. 0. 0. 0. 0. 0. 0. 0. 1. 0. 1. 0. 0. 0. 0. 0. 0. 0. 0. 0. 0. 0. 0.],5.0,1000,100,0.01,0.0015,1,5,idID,,best,single_objective
277,0.1598963451427471,0.47649110852538634,0.005785237519,[0.146084 0.       0.       0.146029 0.415558 0.       0.       0.       0.       0.       0.       0.       0.       0.       0.       0.       0.146167 0.       0.146162 0.       0.       0.       0.       0.       0.       0.       0.       0.       0.       0.       0.      ],[1. 0. 0. 1. 1. 0. 0. 0. 0. 0. 0. 0. 0. 0. 0. 0. 1. 0. 1. 0. 0. 0. 0. 0. 0. 0. 0. 0. 0. 0. 0.],5.0,1000,100,0.01,0.0015,1,5,idID,,best,single_objective
278,0.1598963451427471,0.47649110852538634,0.005785237519,[0.146084 0.       0.       0.146029 0.415558 0.       0.       0.       0.       0.       0.       0.       0.       0.       0.       0.       0.146167 0.       0.146162 0.       0.       0.       0.       0.       0.       0.       0.       0.       0.       0.       0.      ],[1. 0. 0. 1. 1. 0. 0. 0. 0. 0. 0. 0. 0. 0. 0. 0. 1. 0. 1. 0. 0. 0. 0. 0. 0. 0. 0. 0. 0. 0. 0.],5.0,1000,100,0.01,0.0015,1,5,idID,,best,single_objective
279,0.1598963451427471,0.47649110852538634,0.005785237519,[0.146084 0.       0.       0.146029 0.415558 0.       0.       0.       0.       0.       0.       0.       0.       0.       0.       0.       0.146167 0.       0.146162 0.       0.       0.       0.       0.       0.       0.       0.       0.       0.       0.       0.      ],[1. 0. 0. 1. 1. 0. 0. 0. 0. 0. 0. 0. 0. 0. 0. 0. 1. 0. 1. 0. 0. 0. 0. 0. 0. 0. 0. 0. 0. 0. 0.],5.0,1000,100,0.01,0.0015,1,5,idID,,best,single_objective
280,0.1598963451427471,0.47649110852538634,0.005785237519,[0.146084 0.       0.       0.146029 0.415558 0.       0.       0.       0.       0.       0.       0.       0.       0.       0.       0.       0.146167 0.       0.146162 0.       0.       0.       0.       0.       0.       0.       0.       0.       0.       0.       0.      ],[1. 0. 0. 1. 1. 0. 0. 0. 0. 0. 0. 0. 0. 0. 0. 0. 1. 0. 1. 0. 0. 0. 0. 0. 0. 0. 0. 0. 0. 0. 0.],5.0,1000,100,0.01,0.0015,1,5,idID,,best,single_objective
281,0.1598963451427471,0.47649110852538634,0.005785237519,[0.146084 0.       0.       0.146029 0.415558 0.       0.       0.       0.       0.       0.       0.       0.       0.       0.       0.       0.146167 0.       0.146162 0.       0.       0.       0.       0.       0.       0.       0.       0.       0.       0.       0.      ],[1. 0. 0. 1. 1. 0. 0. 0. 0. 0. 0. 0. 0. 0. 0. 0. 1. 0. 1. 0. 0. 0. 0. 0. 0. 0. 0. 0. 0. 0. 0.],5.0,1000,100,0.01,0.0015,1,5,idID,,best,single_objective
282,0.1598963451427471,0.47649110852538634,0.005785237519,[0.146084 0.       0.       0.146029 0.415558 0.       0.       0.       0.       0.       0.       0.       0.       0.       0.       0.       0.146167 0.       0.146162 0.       0.       0.       0.       0.       0.       0.       0.       0.       0.       0.       0.      ],[1. 0. 0. 1. 1. 0. 0. 0. 0. 0. 0. 0. 0. 0. 0. 0. 1. 0. 1. 0. 0. 0. 0. 0. 0. 0. 0. 0. 0. 0. 0.],5.0,1000,100,0.01,0.0015,1,5,idID,,best,single_objective
283,0.1598963451427471,0.47649110852538634,0.005785237519,[0.146084 0.       0.       0.146029 0.415558 0.       0.       0.       0.       0.       0.       0.       0.       0.       0.       0.       0.146167 0.       0.146162 0.       0.       0.       0.       0.       0.       0.       0.       0.       0.       0.       0.      ],[1. 0. 0. 1. 1. 0. 0. 0. 0. 0. 0. 0. 0. 0. 0. 0. 1. 0. 1. 0. 0. 0. 0. 0. 0. 0. 0. 0. 0. 0. 0.],5.0,1000,100,0.01,0.0015,1,5,idID,,best,single_objective
284,0.1598963451427471,0.47649110852538634,0.005785237519,[0.146084 0.       0.       0.146029 0.415558 0.       0.       0.       0.       0.       0.       0.       0.       0.       0.       0.       0.146167 0.       0.146162 0.       0.       0.       0.       0.       0.       0.       0.       0.       0.       0.       0.      ],[1. 0. 0. 1. 1. 0. 0. 0. 0. 0. 0. 0. 0. 0. 0. 0. 1. 0. 1. 0. 0. 0. 0. 0. 0. 0. 0. 0. 0. 0. 0.],5.0,1000,100,0.01,0.0015,1,5,idID,,best,single_objective
285,0.1598963451427471,0.47649110852538634,0.005785237519,[0.146084 0.       0.       0.146029 0.415558 0.       0.       0.       0.       0.       0.       0.       0.       0.       0.       0.       0.146167 0.       0.146162 0.       0.       0.       0.       0.       0.       0.       0.       0.       0.       0.       0.      ],[1. 0. 0. 1. 1. 0. 0. 0. 0. 0. 0. 0. 0. 0. 0. 0. 1. 0. 1. 0. 0. 0. 0. 0. 0. 0. 0. 0. 0. 0. 0.],5.0,1000,100,0.01,0.0015,1,5,idID,,best,single_objective
286,0.1598963451427471,0.47649110852538634,0.005785237519,[0.146084 0.       0.       0.146029 0.415558 0.       0.       0.       0.       0.       0.       0.       0.       0.       0.       0.       0.146167 0.       0.146162 0.       0.       0.       0.       0.       0.       0.       0.       0.       0.       0.       0.      ],[1. 0. 0. 1. 1. 0. 0. 0. 0. 0. 0. 0. 0. 0. 0. 0. 1. 0. 1. 0. 0. 0. 0. 0. 0. 0. 0. 0. 0. 0. 0.],5.0,1000,100,0.01,0.0015,1,5,idID,,best,single_objective
287,0.1598963451427471,0.47649110852538634,0.005785237519,[0.146084 0.       0.       0.146029 0.415558 0.       0.       0.       0.       0.       0.       0.       0.       0.       0.       0.       0.146167 0.       0.146162 0.       0.       0.       0.       0.       0.       0.       0.       0.       0.       0.       0.      ],[1. 0. 0. 1. 1. 0. 0. 0. 0. 0. 0. 0. 0. 0. 0. 0. 1. 0. 1. 0. 0. 0. 0. 0. 0. 0. 0. 0. 0. 0. 0.],5.0,1000,100,0.01,0.0015,1,5,idID,,best,single_objective
288,0.1598963451427471,0.47649110852538634,0.005785237519,[0.146084 0.       0.       0.146029 0.415558 0.       0.       0.       0.       0.       0.       0.       0.       0.       0.       0.       0.146167 0.       0.146162 0.       0.       0.       0.       0.       0.       0.       0.       0.       0.       0.       0.      ],[1. 0. 0. 1. 1. 0. 0. 0. 0. 0. 0. 0. 0. 0. 0. 0. 1. 0. 1. 0. 0. 0. 0. 0. 0. 0. 0. 0. 0. 0. 0.],5.0,1000,100,0.01,0.0015,1,5,idID,,best,single_objective
289,0.1598963451427471,0.47649110852538634,0.005785237519,[0.146084 0.       0.       0.146029 0.415558 0.       0.       0.       0.       0.       0.       0.       0.       0.       0.       0.       0.146167 0.       0.146162 0.       0.       0.       0.       0.       0.       0.       0.       0.       0.       0.       0.      ],[1. 0. 0. 1. 1. 0. 0. 0. 0. 0. 0. 0. 0. 0. 0. 0. 1. 0. 1. 0. 0. 0. 0. 0. 0. 0. 0. 0. 0. 0. 0.],5.0,1000,100,0.01,0.0015,1,5,idID,,best,single_objective
290,0.1598963451427471,0.47649110852538634,0.005785237519,[0.146084 0.       0.       0.146029 0.415558 0.       0.       0.       0.       0.       0.       0.       0.       0.       0.       0.       0.146167 0.       0.146162 0.       0.       0.       0.       0.       0.       0.       0.       0.       0.       0.       0.      ],[1. 0. 0. 1. 1. 0. 0. 0. 0. 0. 0. 0. 0. 0. 0. 0. 1. 0. 1. 0. 0. 0. 0. 0. 0. 0. 0. 0. 0. 0. 0.],5.0,1000,100,0.01,0.0015,1,5,idID,,best,single_objective
291,0.1598963451427471,0.47649110852538634,0.005785237519,[0.146084 0.       0.       0.146029 0.415558 0.       0.       0.       0.       0.       0.       0.       0.       0.       0.       0.       0.146167 0.       0.146162 0.       0.       0.       0.       0.       0.       0.       0.       0.       0.       0.       0.      ],[1. 0. 0. 1. 1. 0. 0. 0. 0. 0. 0. 0. 0. 0. 0. 0. 1. 0. 1. 0. 0. 0. 0. 0. 0. 0. 0. 0. 0. 0. 0.],5.0,1000,100,0.01,0.0015,1,5,idID,,best,single_objective
292,0.1598963451427471,0.47649110852538634,0.005785237519,[0.146084 0.       0.       0.146029 0.415558 0.       0.       0.       0.       0.       0.       0.       0.       0.       0.       0.       0.146167 0.       0.146162 0.       0.       0.       0.       0.       0.       0.       0.       0.       0.       0.       0.      ],[1. 0. 0. 1. 1. 0. 0. 0. 0. 0. 0. 0. 0. 0. 0. 0. 1. 0. 1. 0. 0. 0. 0. 0. 0. 0. 0. 0. 0. 0. 0.],5.0,1000,100,0.01,0.0015,1,5,idID,,best,single_objective
293,0.1598963451427471,0.47649110852538634,0.005785237519,[0.146084 0.       0.       0.146029 0.415558 0.       0.       0.       0.       0.       0.       0.       0.       0.       0.       0.       0.146167 0.       0.146162 0.       0.       0.       0.       0.       0.       0.       0.       0.       0.       0.       0.      ],[1. 0. 0. 1. 1. 0. 0. 0. 0. 0. 0. 0. 0. 0. 0. 0. 1. 0. 1. 0. 0. 0. 0. 0. 0. 0. 0. 0. 0. 0. 0.],5.0,1000,100,0.01,0.0015,1,5,idID,,best,single_objective
294,0.1598963451427471,0.47649110852538634,0.005785237519,[0.146084 0.       0.       0.146029 0.415558 0.       0.       0.       0.       0.       0.       0.       0.       0.       0.       0.       0.146167 0.       0.146162 0.       0.       0.       0.       0.       0.       0.       0.       0.       0.       0.       0.      ],[1. 0. 0. 1. 1. 0. 0. 0. 0. 0. 0. 0. 0. 0. 0. 0. 1. 0. 1. 0. 0. 0. 0. 0. 0. 0. 0. 0. 0. 0. 0.],5.0,1000,100,0.01,0.0015,1,5,idID,,best,single_objective
295,0.1598963451427471,0.47649110852538634,0.005785237519,[0.146084 0.       0.       0.146029 0.415558 0.       0.       0.       0.       0.       0.       0.       0.       0.       0.       0.       0.146167 0.       0.146162 0.       0.       0.       0.       0.       0.       0.       0.       0.       0.       0.       0.      ],[1. 0. 0. 1. 1. 0. 0. 0. 0. 0. 0. 0. 0. 0. 0. 0. 1. 0. 1. 0. 0. 0. 0. 0. 0. 0. 0. 0. 0. 0. 0.],5.0,1000,100,0.01,0.0015,1,5,idID,,best,single_objective
296,0.1598963451427471,0.47649110852538634,0.005785237519,[0.146084 0.       0.       0.146029 0.415558 0.       0.       0.       0.       0.       0.       0.       0.       0.       0.       0.       0.146167 0.       0.146162 0.       0.       0.       0.       0.       0.       0.       0.       0.       0.       0.       0.      ],[1. 0. 0. 1. 1. 0. 0. 0. 0. 0. 0. 0. 0. 0. 0. 0. 1. 0. 1. 0. 0. 0. 0. 0. 0. 0. 0. 0. 0. 0. 0.],5.0,1000,100,0.01,0.0015,1,5,idID,,best,single_objective
297,0.1598963451427471,0.47649110852538634,0.005785237519,[0.146084 0.       0.       0.146029 0.415558 0.       0.       0.       0.       0.       0.       0.       0.       0.       0.       0.       0.146167 0.       0.146162 0.       0.       0.       0.       0.       0.       0.       0.       0.       0.       0.       0.      ],[1. 0. 0. 1. 1. 0. 0. 0. 0. 0. 0. 0. 0. 0. 0. 0. 1. 0. 1. 0. 0. 0. 0. 0. 0. 0. 0. 0. 0. 0. 0.],5.0,1000,100,0.01,0.0015,1,5,idID,,best,single_objective
298,0.1598963451427471,0.47649110852538634,0.005785237519,[0.146084 0.       0.       0.146029 0.415558 0.       0.       0.       0.       0.       0.       0.       0.       0.       0.       0.       0.146167 0.       0.146162 0.       0.       0.       0.       0.       0.       0.       0.       0.       0.       0.       0.      ],[1. 0. 0. 1. 1. 0. 0. 0. 0. 0. 0. 0. 0. 0. 0. 0. 1. 0. 1. 0. 0. 0. 0. 0. 0. 0. 0. 0. 0. 0. 0.],5.0,1000,100,0.01,0.0015,1,5,idID,,best,single_objective
299,0.1598963451427471,0.47649110852538634,0.005785237519,[0.146084 0.       0.       0.146029 0.415558 0.       0.       0.       0.       0.       0.       0.       0.       0.       0.       0.       0.146167 0.       0.146162 0.       0.       0.       0.       0.       0.       0.       0.       0.       0.       0.       0.      ],[1. 0. 0. 1. 1. 0. 0. 0. 0. 0. 0. 0. 0. 0. 0. 0. 1. 0. 1. 0. 0. 0. 0. 0. 0. 0. 0. 0. 0. 0. 0.],5.0,1000,100,0.01,0.0015,1,5,idID,,best,single_objective
300,0.1598963451427471,0.47649110852538634,0.005785237519,[0.146084 0.       0.       0.146029 0.415558 0.       0.       0.       0.       0.       0.       0.       0.       0.       0.       0.       0.146167 0.       0.146162 0.       0.       0.       0.       0.       0.       0.       0.       0.       0.       0.       0.      ],[1. 0. 0. 1. 1. 0. 0. 0. 0. 0. 0. 0. 0. 0. 0. 0. 1. 0. 1. 0. 0. 0. 0. 0. 0. 0. 0. 0. 0. 0. 0.],5.0,1000,100,0.01,0.0015,1,5,idID,,best,single_objective
301,0.1598963451427471,0.47649110852538634,0.005785237519,[0.146084 0.       0.       0.146029 0.415558 0.       0.       0.       0.       0.       0.       0.       0.       0.       0.       0.       0.146167 0.       0.146162 0.       0.       0.       0.       0.       0.       0.       0.       0.       0.       0.       0.      ],[1. 0. 0. 1. 1. 0. 0. 0. 0. 0. 0. 0. 0. 0. 0. 0. 1. 0. 1. 0. 0. 0. 0. 0. 0. 0. 0. 0. 0. 0. 0.],5.0,1000,100,0.01,0.0015,1,5,idID,,best,single_objective
302,0.1598963451427471,0.47649110852538634,0.005785237519,[0.146084 0.       0.       0.146029 0.415558 0.       0.       0.       0.       0.       0.       0.       0.       0.       0.       0.       0.146167 0.       0.146162 0.       0.       0.       0.       0.       0.       0.       0.       0.       0.       0.       0.      ],[1. 0. 0. 1. 1. 0. 0. 0. 0. 0. 0. 0. 0. 0. 0. 0. 1. 0. 1. 0. 0. 0. 0. 0. 0. 0. 0. 0. 0. 0. 0.],5.0,1000,100,0.01,0.0015,1,5,idID,,best,single_objective
303,0.1598963451427471,0.47649110852538634,0.005785237519,[0.146084 0.       0.       0.146029 0.415558 0.       0.       0.       0.       0.       0.       0.       0.       0.       0.       0.       0.146167 0.       0.146162 0.       0.       0.       0.       0.       0.       0.       0.       0.       0.       0.       0.      ],[1. 0. 0. 1. 1. 0. 0. 0. 0. 0. 0. 0. 0. 0. 0. 0. 1. 0. 1. 0. 0. 0. 0. 0. 0. 0. 0. 0. 0. 0. 0.],5.0,1000,100,0.01,0.0015,1,5,idID,,best,single_objective
304,0.1598963451427471,0.47649110852538634,0.005785237519,[0.146084 0.       0.       0.146029 0.415558 0.       0.       0.       0.       0.       0.       0.       0.       0.       0.       0.       0.146167 0.       0.146162 0.       0.       0.       0.       0.       0.       0.       0.       0.       0.       0.       0.      ],[1. 0. 0. 1. 1. 0. 0. 0. 0. 0. 0. 0. 0. 0. 0. 0. 1. 0. 1. 0. 0. 0. 0. 0. 0. 0. 0. 0. 0. 0. 0.],5.0,1000,100,0.01,0.0015,1,5,idID,,best,single_objective
305,0.1598963451427471,0.47649110852538634,0.005785237519,[0.146084 0.       0.       0.146029 0.415558 0.       0.       0.       0.       0.       0.       0.       0.       0.       0.       0.       0.146167 0.       0.146162 0.       0.       0.       0.       0.       0.       0.       0.       0.       0.       0.       0.      ],[1. 0. 0. 1. 1. 0. 0. 0. 0. 0. 0. 0. 0. 0. 0. 0. 1. 0. 1. 0. 0. 0. 0. 0. 0. 0. 0. 0. 0. 0. 0.],5.0,1000,100,0.01,0.0015,1,5,idID,,best,single_objective
306,0.1598963451427471,0.47649110852538634,0.005785237519,[0.146084 0.       0.       0.146029 0.415558 0.       0.       0.       0.       0.       0.       0.       0.       0.       0.       0.       0.146167 0.       0.146162 0.       0.       0.       0.       0.       0.       0.       0.       0.       0.       0.       0.      ],[1. 0. 0. 1. 1. 0. 0. 0. 0. 0. 0. 0. 0. 0. 0. 0. 1. 0. 1. 0. 0. 0. 0. 0. 0. 0. 0. 0. 0. 0. 0.],5.0,1000,100,0.01,0.0015,1,5,idID,,best,single_objective
307,0.1598963451427471,0.47649110852538634,0.005785237519,[0.146084 0.       0.       0.146029 0.415558 0.       0.       0.       0.       0.       0.       0.       0.       0.       0.       0.       0.146167 0.       0.146162 0.       0.       0.       0.       0.       0.       0.       0.       0.       0.       0.       0.      ],[1. 0. 0. 1. 1. 0. 0. 0. 0. 0. 0. 0. 0. 0. 0. 0. 1. 0. 1. 0. 0. 0. 0. 0. 0. 0. 0. 0. 0. 0. 0.],5.0,1000,100,0.01,0.0015,1,5,idID,,best,single_objective
308,0.1598963451427471,0.47649110852538634,0.005785237519,[0.146084 0.       0.       0.146029 0.415558 0.       0.       0.       0.       0.       0.       0.       0.       0.       0.       0.       0.146167 0.       0.146162 0.       0.       0.       0.       0.       0.       0.       0.       0.       0.       0.       0.      ],[1. 0. 0. 1. 1. 0. 0. 0. 0. 0. 0. 0. 0. 0. 0. 0. 1. 0. 1. 0. 0. 0. 0. 0. 0. 0. 0. 0. 0. 0. 0.],5.0,1000,100,0.01,0.0015,1,5,idID,,best,single_objective
309,0.1598963451427471,0.47649110852538634,0.005785237519,[0.146084 0.       0.       0.146029 0.415558 0.       0.       0.       0.       0.       0.       0.       0.       0.       0.       0.       0.146167 0.       0.146162 0.       0.       0.       0.       0.       0.       0.       0.       0.       0.       0.       0.      ],[1. 0. 0. 1. 1. 0. 0. 0. 0. 0. 0. 0. 0. 0. 0. 0. 1. 0. 1. 0. 0. 0. 0. 0. 0. 0. 0. 0. 0. 0. 0.],5.0,1000,100,0.01,0.0015,1,5,idID,,best,single_objective
310,0.1598963451427471,0.47649110852538634,0.005785237519,[0.146084 0.       0.       0.146029 0.415558 0.       0.       0.       0.       0.       0.       0.       0.       0.       0.       0.       0.146167 0.       0.146162 0.       0.       0.       0.       0.       0.       0.       0.       0.       0.       0.       0.      ],[1. 0. 0. 1. 1. 0. 0. 0. 0. 0. 0. 0. 0. 0. 0. 0. 1. 0. 1. 0. 0. 0. 0. 0. 0. 0. 0. 0. 0. 0. 0.],5.0,1000,100,0.01,0.0015,1,5,idID,,best,single_objective
311,0.1598963451427471,0.47649110852538634,0.005785237519,[0.146084 0.       0.       0.146029 0.415558 0.       0.       0.       0.       0.       0.       0.       0.       0.       0.       0.       0.146167 0.       0.146162 0.       0.       0.       0.       0.       0.       0.       0.       0.       0.       0.       0.      ],[1. 0. 0. 1. 1. 0. 0. 0. 0. 0. 0. 0. 0. 0. 0. 0. 1. 0. 1. 0. 0. 0. 0. 0. 0. 0. 0. 0. 0. 0. 0.],5.0,1000,100,0.01,0.0015,1,5,idID,,best,single_objective
312,0.1598963451427471,0.47649110852538634,0.005785237519,[0.146084 0.       0.       0.146029 0.415558 0.       0.       0.       0.       0.       0.       0.       0.       0.       0.       0.       0.146167 0.       0.146162 0.       0.       0.       0.       0.       0.       0.       0.       0.       0.       0.       0.      ],[1. 0. 0. 1. 1. 0. 0. 0. 0. 0. 0. 0. 0. 0. 0. 0. 1. 0. 1. 0. 0. 0. 0. 0. 0. 0. 0. 0. 0. 0. 0.],5.0,1000,100,0.01,0.0015,1,5,idID,,best,single_objective
313,0.1598963451427471,0.47649110852538634,0.005785237519,[0.146084 0.       0.       0.146029 0.415558 0.       0.       0.       0.       0.       0.       0.       0.       0.       0.       0.       0.146167 0.       0.146162 0.       0.       0.       0.       0.       0.       0.       0.       0.       0.       0.       0.      ],[1. 0. 0. 1. 1. 0. 0. 0. 0. 0. 0. 0. 0. 0. 0. 0. 1. 0. 1. 0. 0. 0. 0. 0. 0. 0. 0. 0. 0. 0. 0.],5.0,1000,100,0.01,0.0015,1,5,idID,,best,single_objective
314,0.1598963451427471,0.47649110852538634,0.005785237519,[0.146084 0.       0.       0.146029 0.415558 0.       0.       0.       0.       0.       0.       0.       0.       0.       0.       0.       0.146167 0.       0.146162 0.       0.       0.       0.       0.       0.       0.       0.       0.       0.       0.       0.      ],[1. 0. 0. 1. 1. 0. 0. 0. 0. 0. 0. 0. 0. 0. 0. 0. 1. 0. 1. 0. 0. 0. 0. 0. 0. 0. 0. 0. 0. 0. 0.],5.0,1000,100,0.01,0.0015,1,5,idID,,best,single_objective
315,0.1598963451427471,0.47649110852538634,0.005785237519,[0.146084 0.       0.       0.146029 0.415558 0.       0.       0.       0.       0.       0.       0.       0.       0.       0.       0.       0.146167 0.       0.146162 0.       0.       0.       0.       0.       0.       0.       0.       0.       0.       0.       0.      ],[1. 0. 0. 1. 1. 0. 0. 0. 0. 0. 0. 0. 0. 0. 0. 0. 1. 0. 1. 0. 0. 0. 0. 0. 0. 0. 0. 0. 0. 0. 0.],5.0,1000,100,0.01,0.0015,1,5,idID,,best,single_objective
316,0.1598963451427471,0.47649110852538634,0.005785237519,[0.146084 0.       0.       0.146029 0.415558 0.       0.       0.       0.       0.       0.       0.       0.       0.       0.       0.       0.146167 0.       0.146162 0.       0.       0.       0.       0.       0.       0.       0.       0.       0.       0.       0.      ],[1. 0. 0. 1. 1. 0. 0. 0. 0. 0. 0. 0. 0. 0. 0. 0. 1. 0. 1. 0. 0. 0. 0. 0. 0. 0. 0. 0. 0. 0. 0.],5.0,1000,100,0.01,0.0015,1,5,idID,,best,single_objective
317,0.1598963451427471,0.47649110852538634,0.005785237519,[0.146084 0.       0.       0.146029 0.415558 0.       0.       0.       0.       0.       0.       0.       0.       0.       0.       0.       0.146167 0.       0.146162 0.       0.       0.       0.       0.       0.       0.       0.       0.       0.       0.       0.      ],[1. 0. 0. 1. 1. 0. 0. 0. 0. 0. 0. 0. 0. 0. 0. 0. 1. 0. 1. 0. 0. 0. 0. 0. 0. 0. 0. 0. 0. 0. 0.],5.0,1000,100,0.01,0.0015,1,5,idID,,best,single_objective
318,0.1598963451427471,0.47649110852538634,0.005785237519,[0.146084 0.       0.       0.146029 0.415558 0.       0.       0.       0.       0.       0.       0.       0.       0.       0.       0.       0.146167 0.       0.146162 0.       0.       0.       0.       0.       0.       0.       0.       0.       0.       0.       0.      ],[1. 0. 0. 1. 1. 0. 0. 0. 0. 0. 0. 0. 0. 0. 0. 0. 1. 0. 1. 0. 0. 0. 0. 0. 0. 0. 0. 0. 0. 0. 0.],5.0,1000,100,0.01,0.0015,1,5,idID,,best,single_objective
319,0.1598963451427471,0.47649110852538634,0.005785237519,[0.146084 0.       0.       0.146029 0.415558 0.       0.       0.       0.       0.       0.       0.       0.       0.       0.       0.       0.146167 0.       0.146162 0.       0.       0.       0.       0.       0.       0.       0.       0.       0.       0.       0.      ],[1. 0. 0. 1. 1. 0. 0. 0. 0. 0. 0. 0. 0. 0. 0. 0. 1. 0. 1. 0. 0. 0. 0. 0. 0. 0. 0. 0. 0. 0. 0.],5.0,1000,100,0.01,0.0015,1,5,idID,,best,single_objective
320,0.1598963451427471,0.47649110852538634,0.005785237519,[0.146084 0.       0.       0.146029 0.415558 0.       0.       0.       0.       0.       0.       0.       0.       0.       0.       0.       0.146167 0.       0.146162 0.       0.       0.       0.       0.       0.       0.       0.       0.       0.       0.       0.      ],[1. 0. 0. 1. 1. 0. 0. 0. 0. 0. 0. 0. 0. 0. 0. 0. 1. 0. 1. 0. 0. 0. 0. 0. 0. 0. 0. 0. 0. 0. 0.],5.0,1000,100,0.01,0.0015,1,5,idID,,best,single_objective
321,0.1598963451427471,0.47649110852538634,0.005785237519,[0.146084 0.       0.       0.146029 0.415558 0.       0.       0.       0.       0.       0.       0.       0.       0.       0.       0.       0.146167 0.       0.146162 0.       0.       0.       0.       0.       0.       0.       0.       0.       0.       0.       0.      ],[1. 0. 0. 1. 1. 0. 0. 0. 0. 0. 0. 0. 0. 0. 0. 0. 1. 0. 1. 0. 0. 0. 0. 0. 0. 0. 0. 0. 0. 0. 0.],5.0,1000,100,0.01,0.0015,1,5,idID,,best,single_objective
322,0.1598963451427471,0.47649110852538634,0.005785237519,[0.146084 0.       0.       0.146029 0.415558 0.       0.       0.       0.       0.       0.       0.       0.       0.       0.       0.       0.146167 0.       0.146162 0.       0.       0.       0.       0.       0.       0.       0.       0.       0.       0.       0.      ],[1. 0. 0. 1. 1. 0. 0. 0. 0. 0. 0. 0. 0. 0. 0. 0. 1. 0. 1. 0. 0. 0. 0. 0. 0. 0. 0. 0. 0. 0. 0.],5.0,1000,100,0.01,0.0015,1,5,idID,,best,single_objective
323,0.1598963451427471,0.47649110852538634,0.005785237519,[0.146084 0.       0.       0.146029 0.415558 0.       0.       0.       0.       0.       0.       0.       0.       0.       0.       0.       0.146167 0.       0.146162 0.       0.       0.       0.       0.       0.       0.       0.       0.       0.       0.       0.      ],[1. 0. 0. 1. 1. 0. 0. 0. 0. 0. 0. 0. 0. 0. 0. 0. 1. 0. 1. 0. 0. 0. 0. 0. 0. 0. 0. 0. 0. 0. 0.],5.0,1000,100,0.01,0.0015,1,5,idID,,best,single_objective
324,0.1598963451427471,0.47649110852538634,0.005785237519,[0.146084 0.       0.       0.146029 0.415558 0.       0.       0.       0.       0.       0.       0.       0.       0.       0.       0.       0.146167 0.       0.146162 0.       0.       0.       0.       0.       0.       0.       0.       0.       0.       0.       0.      ],[1. 0. 0. 1. 1. 0. 0. 0. 0. 0. 0. 0. 0. 0. 0. 0. 1. 0. 1. 0. 0. 0. 0. 0. 0. 0. 0. 0. 0. 0. 0.],5.0,1000,100,0.01,0.0015,1,5,idID,,best,single_objective
325,0.1598963451427471,0.47649110852538634,0.005785237519,[0.146084 0.       0.       0.146029 0.415558 0.       0.       0.       0.       0.       0.       0.       0.       0.       0.       0.       0.146167 0.       0.146162 0.       0.       0.       0.       0.       0.       0.       0.       0.       0.       0.       0.      ],[1. 0. 0. 1. 1. 0. 0. 0. 0. 0. 0. 0. 0. 0. 0. 0. 1. 0. 1. 0. 0. 0. 0. 0. 0. 0. 0. 0. 0. 0. 0.],5.0,1000,100,0.01,0.0015,1,5,idID,,best,single_objective
326,0.1598963451427471,0.47649110852538634,0.005785237519,[0.146084 0.       0.       0.146029 0.415558 0.       0.       0.       0.       0.       0.       0.       0.       0.       0.       0.       0.146167 0.       0.146162 0.       0.       0.       0.       0.       0.       0.       0.       0.       0.       0.       0.      ],[1. 0. 0. 1. 1. 0. 0. 0. 0. 0. 0. 0. 0. 0. 0. 0. 1. 0. 1. 0. 0. 0. 0. 0. 0. 0. 0. 0. 0. 0. 0.],5.0,1000,100,0.01,0.0015,1,5,idID,,best,single_objective
327,0.1598963451427471,0.47649110852538634,0.005785237519,[0.146084 0.       0.       0.146029 0.415558 0.       0.       0.       0.       0.       0.       0.       0.       0.       0.       0.       0.146167 0.       0.146162 0.       0.       0.       0.       0.       0.       0.       0.       0.       0.       0.       0.      ],[1. 0. 0. 1. 1. 0. 0. 0. 0. 0. 0. 0. 0. 0. 0. 0. 1. 0. 1. 0. 0. 0. 0. 0. 0. 0. 0. 0. 0. 0. 0.],5.0,1000,100,0.01,0.0015,1,5,idID,,best,single_objective
328,0.1598963451427471,0.47649110852538634,0.005785237519,[0.146084 0.       0.       0.146029 0.415558 0.       0.       0.       0.       0.       0.       0.       0.       0.       0.       0.       0.146167 0.       0.146162 0.       0.       0.       0.       0.       0.       0.       0.       0.       0.       0.       0.      ],[1. 0. 0. 1. 1. 0. 0. 0. 0. 0. 0. 0. 0. 0. 0. 0. 1. 0. 1. 0. 0. 0. 0. 0. 0. 0. 0. 0. 0. 0. 0.],5.0,1000,100,0.01,0.0015,1,5,idID,,best,single_objective
329,0.1598963451427471,0.47649110852538634,0.005785237519,[0.146084 0.       0.       0.146029 0.415558 0.       0.       0.       0.       0.       0.       0.       0.       0.       0.       0.       0.146167 0.       0.146162 0.       0.       0.       0.       0.       0.       0.       0.       0.       0.       0.       0.      ],[1. 0. 0. 1. 1. 0. 0. 0. 0. 0. 0. 0. 0. 0. 0. 0. 1. 0. 1. 0. 0. 0. 0. 0. 0. 0. 0. 0. 0. 0. 0.],5.0,1000,100,0.01,0.0015,1,5,idID,,best,single_objective
330,0.1598963451427471,0.47649110852538634,0.005785237519,[0.146084 0.       0.       0.146029 0.415558 0.       0.       0.       0.       0.       0.       0.       0.       0.       0.       0.       0.146167 0.       0.146162 0.       0.       0.       0.       0.       0.       0.       0.       0.       0.       0.       0.      ],[1. 0. 0. 1. 1. 0. 0. 0. 0. 0. 0. 0. 0. 0. 0. 0. 1. 0. 1. 0. 0. 0. 0. 0. 0. 0. 0. 0. 0. 0. 0.],5.0,1000,100,0.01,0.0015,1,5,idID,,best,single_objective
331,0.1598963451427471,0.47649110852538634,0.005785237519,[0.146084 0.       0.       0.146029 0.415558 0.       0.       0.       0.       0.       0.       0.       0.       0.       0.       0.       0.146167 0.       0.146162 0.       0.       0.       0.       0.       0.       0.       0.       0.       0.       0.       0.      ],[1. 0. 0. 1. 1. 0. 0. 0. 0. 0. 0. 0. 0. 0. 0. 0. 1. 0. 1. 0. 0. 0. 0. 0. 0. 0. 0. 0. 0. 0. 0.],5.0,1000,100,0.01,0.0015,1,5,idID,,best,single_objective
332,0.1598963451427471,0.47649110852538634,0.005785237519,[0.146084 0.       0.       0.146029 0.415558 0.       0.       0.       0.       0.       0.       0.       0.       0.       0.       0.       0.146167 0.       0.146162 0.       0.       0.       0.       0.       0.       0.       0.       0.       0.       0.       0.      ],[1. 0. 0. 1. 1. 0. 0. 0. 0. 0. 0. 0. 0. 0. 0. 0. 1. 0. 1. 0. 0. 0. 0. 0. 0. 0. 0. 0. 0. 0. 0.],5.0,1000,100,0.01,0.0015,1,5,idID,,best,single_objective
333,0.1598963451427471,0.47649110852538634,0.005785237519,[0.146084 0.       0.       0.146029 0.415558 0.       0.       0.       0.       0.       0.       0.       0.       0.       0.       0.       0.146167 0.       0.146162 0.       0.       0.       0.       0.       0.       0.       0.       0.       0.       0.       0.      ],[1. 0. 0. 1. 1. 0. 0. 0. 0. 0. 0. 0. 0. 0. 0. 0. 1. 0. 1. 0. 0. 0. 0. 0. 0. 0. 0. 0. 0. 0. 0.],5.0,1000,100,0.01,0.0015,1,5,idID,,best,single_objective
334,0.1598963451427471,0.47649110852538634,0.005785237519,[0.146084 0.       0.       0.146029 0.415558 0.       0.       0.       0.       0.       0.       0.       0.       0.       0.       0.       0.146167 0.       0.146162 0.       0.       0.       0.       0.       0.       0.       0.       0.       0.       0.       0.      ],[1. 0. 0. 1. 1. 0. 0. 0. 0. 0. 0. 0. 0. 0. 0. 0. 1. 0. 1. 0. 0. 0. 0. 0. 0. 0. 0. 0. 0. 0. 0.],5.0,1000,100,0.01,0.0015,1,5,idID,,best,single_objective
335,0.1598963451427471,0.47649110852538634,0.005785237519,[0.146084 0.       0.       0.146029 0.415558 0.       0.       0.       0.       0.       0.       0.       0.       0.       0.       0.       0.146167 0.       0.146162 0.       0.       0.       0.       0.       0.       0.       0.       0.       0.       0.       0.      ],[1. 0. 0. 1. 1. 0. 0. 0. 0. 0. 0. 0. 0. 0. 0. 0. 1. 0. 1. 0. 0. 0. 0. 0. 0. 0. 0. 0. 0. 0. 0.],5.0,1000,100,0.01,0.0015,1,5,idID,,best,single_objective
336,0.1598963451427471,0.47649110852538634,0.005785237519,[0.146084 0.       0.       0.146029 0.415558 0.       0.       0.       0.       0.       0.       0.       0.       0.       0.       0.       0.146167 0.       0.146162 0.       0.       0.       0.       0.       0.       0.       0.       0.       0.       0.       0.      ],[1. 0. 0. 1. 1. 0. 0. 0. 0. 0. 0. 0. 0. 0. 0. 0. 1. 0. 1. 0. 0. 0. 0. 0. 0. 0. 0. 0. 0. 0. 0.],5.0,1000,100,0.01,0.0015,1,5,idID,,best,single_objective
337,0.1598963451427471,0.47649110852538634,0.005785237519,[0.146084 0.       0.       0.146029 0.415558 0.       0.       0.       0.       0.       0.       0.       0.       0.       0.       0.       0.146167 0.       0.146162 0.       0.       0.       0.       0.       0.       0.       0.       0.       0.       0.       0.      ],[1. 0. 0. 1. 1. 0. 0. 0. 0. 0. 0. 0. 0. 0. 0. 0. 1. 0. 1. 0. 0. 0. 0. 0. 0. 0. 0. 0. 0. 0. 0.],5.0,1000,100,0.01,0.0015,1,5,idID,,best,single_objective
338,0.1598963451427471,0.47649110852538634,0.005785237519,[0.146084 0.       0.       0.146029 0.415558 0.       0.       0.       0.       0.       0.       0.       0.       0.       0.       0.       0.146167 0.       0.146162 0.       0.       0.       0.       0.       0.       0.       0.       0.       0.       0.       0.      ],[1. 0. 0. 1. 1. 0. 0. 0. 0. 0. 0. 0. 0. 0. 0. 0. 1. 0. 1. 0. 0. 0. 0. 0. 0. 0. 0. 0. 0. 0. 0.],5.0,1000,100,0.01,0.0015,1,5,idID,,best,single_objective
339,0.1598963451427471,0.47649110852538634,0.005785237519,[0.146084 0.       0.       0.146029 0.415558 0.       0.       0.       0.       0.       0.       0.       0.       0.       0.       0.       0.146167 0.       0.146162 0.       0.       0.       0.       0.       0.       0.       0.       0.       0.       0.       0.      ],[1. 0. 0. 1. 1. 0. 0. 0. 0. 0. 0. 0. 0. 0. 0. 0. 1. 0. 1. 0. 0. 0. 0. 0. 0. 0. 0. 0. 0. 0. 0.],5.0,1000,100,0.01,0.0015,1,5,idID,,best,single_objective
340,0.1598963451427471,0.47649110852538634,0.005785237519,[0.146084 0.       0.       0.146029 0.415558 0.       0.       0.       0.       0.       0.       0.       0.       0.       0.       0.       0.146167 0.       0.146162 0.       0.       0.       0.       0.       0.       0.       0.       0.       0.       0.       0.      ],[1. 0. 0. 1. 1. 0. 0. 0. 0. 0. 0. 0. 0. 0. 0. 0. 1. 0. 1. 0. 0. 0. 0. 0. 0. 0. 0. 0. 0. 0. 0.],5.0,1000,100,0.01,0.0015,1,5,idID,,best,single_objective
341,0.1598963451427471,0.47649110852538634,0.005785237519,[0.146084 0.       0.       0.146029 0.415558 0.       0.       0.       0.       0.       0.       0.       0.       0.       0.       0.       0.146167 0.       0.146162 0.       0.       0.       0.       0.       0.       0.       0.       0.       0.       0.       0.      ],[1. 0. 0. 1. 1. 0. 0. 0. 0. 0. 0. 0. 0. 0. 0. 0. 1. 0. 1. 0. 0. 0. 0. 0. 0. 0. 0. 0. 0. 0. 0.],5.0,1000,100,0.01,0.0015,1,5,idID,,best,single_objective
342,0.1598963451427471,0.47649110852538634,0.005785237519,[0.146084 0.       0.       0.146029 0.415558 0.       0.       0.       0.       0.       0.       0.       0.       0.       0.       0.       0.146167 0.       0.146162 0.       0.       0.       0.       0.       0.       0.       0.       0.       0.       0.       0.      ],[1. 0. 0. 1. 1. 0. 0. 0. 0. 0. 0. 0. 0. 0. 0. 0. 1. 0. 1. 0. 0. 0. 0. 0. 0. 0. 0. 0. 0. 0. 0.],5.0,1000,100,0.01,0.0015,1,5,idID,,best,single_objective
343,0.1598963451427471,0.47649110852538634,0.005785237519,[0.146084 0.       0.       0.146029 0.415558 0.       0.       0.       0.       0.       0.       0.       0.       0.       0.       0.       0.146167 0.       0.146162 0.       0.       0.       0.       0.       0.       0.       0.       0.       0.       0.       0.      ],[1. 0. 0. 1. 1. 0. 0. 0. 0. 0. 0. 0. 0. 0. 0. 0. 1. 0. 1. 0. 0. 0. 0. 0. 0. 0. 0. 0. 0. 0. 0.],5.0,1000,100,0.01,0.0015,1,5,idID,,best,single_objective
344,0.1598963451427471,0.47649110852538634,0.005785237519,[0.146084 0.       0.       0.146029 0.415558 0.       0.       0.       0.       0.       0.       0.       0.       0.       0.       0.       0.146167 0.       0.146162 0.       0.       0.       0.       0.       0.       0.       0.       0.       0.       0.       0.      ],[1. 0. 0. 1. 1. 0. 0. 0. 0. 0. 0. 0. 0. 0. 0. 0. 1. 0. 1. 0. 0. 0. 0. 0. 0. 0. 0. 0. 0. 0. 0.],5.0,1000,100,0.01,0.0015,1,5,idID,,best,single_objective
345,0.1598963451427471,0.47649110852538634,0.005785237519,[0.146084 0.       0.       0.146029 0.415558 0.       0.       0.       0.       0.       0.       0.       0.       0.       0.       0.       0.146167 0.       0.146162 0.       0.       0.       0.       0.       0.       0.       0.       0.       0.       0.       0.      ],[1. 0. 0. 1. 1. 0. 0. 0. 0. 0. 0. 0. 0. 0. 0. 0. 1. 0. 1. 0. 0. 0. 0. 0. 0. 0. 0. 0. 0. 0. 0.],5.0,1000,100,0.01,0.0015,1,5,idID,,best,single_objective
346,0.1598963451427471,0.47649110852538634,0.005785237519,[0.146084 0.       0.       0.146029 0.415558 0.       0.       0.       0.       0.       0.       0.       0.       0.       0.       0.       0.146167 0.       0.146162 0.       0.       0.       0.       0.       0.       0.       0.       0.       0.       0.       0.      ],[1. 0. 0. 1. 1. 0. 0. 0. 0. 0. 0. 0. 0. 0. 0. 0. 1. 0. 1. 0. 0. 0. 0. 0. 0. 0. 0. 0. 0. 0. 0.],5.0,1000,100,0.01,0.0015,1,5,idID,,best,single_objective
347,0.1598963451427471,0.47649110852538634,0.005785237519,[0.146084 0.       0.       0.146029 0.415558 0.       0.       0.       0.       0.       0.       0.       0.       0.       0.       0.       0.146167 0.       0.146162 0.       0.       0.       0.       0.       0.       0.       0.       0.       0.       0.       0.      ],[1. 0. 0. 1. 1. 0. 0. 0. 0. 0. 0. 0. 0. 0. 0. 0. 1. 0. 1. 0. 0. 0. 0. 0. 0. 0. 0. 0. 0. 0. 0.],5.0,1000,100,0.01,0.0015,1,5,idID,,best,single_objective
348,0.1598963451427471,0.47649110852538634,0.005785237519,[0.146084 0.       0.       0.146029 0.415558 0.       0.       0.       0.       0.       0.       0.       0.       0.       0.       0.       0.146167 0.       0.146162 0.       0.       0.       0.       0.       0.       0.       0.       0.       0.       0.       0.      ],[1. 0. 0. 1. 1. 0. 0. 0. 0. 0. 0. 0. 0. 0. 0. 0. 1. 0. 1. 0. 0. 0. 0. 0. 0. 0. 0. 0. 0. 0. 0.],5.0,1000,100,0.01,0.0015,1,5,idID,,best,single_objective
349,0.1598963451427471,0.47649110852538634,0.005785237519,[0.146084 0.       0.       0.146029 0.415558 0.       0.       0.       0.       0.       0.       0.       0.       0.       0.       0.       0.146167 0.       0.146162 0.       0.       0.       0.       0.       0.       0.       0.       0.       0.       0.       0.      ],[1. 0. 0. 1. 1. 0. 0. 0. 0. 0. 0. 0. 0. 0. 0. 0. 1. 0. 1. 0. 0. 0. 0. 0. 0. 0. 0. 0. 0. 0. 0.],5.0,1000,100,0.01,0.0015,1,5,idID,,best,single_objective
350,0.1598963451427471,0.47649110852538634,0.005785237519,[0.146084 0.       0.       0.146029 0.415558 0.       0.       0.       0.       0.       0.       0.       0.       0.       0.       0.       0.146167 0.       0.146162 0.       0.       0.       0.       0.       0.       0.       0.       0.       0.       0.       0.      ],[1. 0. 0. 1. 1. 0. 0. 0. 0. 0. 0. 0. 0. 0. 0. 0. 1. 0. 1. 0. 0. 0. 0. 0. 0. 0. 0. 0. 0. 0. 0.],5.0,1000,100,0.01,0.0015,1,5,idID,,best,single_objective
351,0.1598963451427471,0.47649110852538634,0.005785237519,[0.146084 0.       0.       0.146029 0.415558 0.       0.       0.       0.       0.       0.       0.       0.       0.       0.       0.       0.146167 0.       0.146162 0.       0.       0.       0.       0.       0.       0.       0.       0.       0.       0.       0.      ],[1. 0. 0. 1. 1. 0. 0. 0. 0. 0. 0. 0. 0. 0. 0. 0. 1. 0. 1. 0. 0. 0. 0. 0. 0. 0. 0. 0. 0. 0. 0.],5.0,1000,100,0.01,0.0015,1,5,idID,,best,single_objective
352,0.1598963451427471,0.47649110852538634,0.005785237519,[0.146084 0.       0.       0.146029 0.415558 0.       0.       0.       0.       0.       0.       0.       0.       0.       0.       0.       0.146167 0.       0.146162 0.       0.       0.       0.       0.       0.       0.       0.       0.       0.       0.       0.      ],[1. 0. 0. 1. 1. 0. 0. 0. 0. 0. 0. 0. 0. 0. 0. 0. 1. 0. 1. 0. 0. 0. 0. 0. 0. 0. 0. 0. 0. 0. 0.],5.0,1000,100,0.01,0.0015,1,5,idID,,best,single_objective
353,0.1598963451427471,0.47649110852538634,0.005785237519,[0.146084 0.       0.       0.146029 0.415558 0.       0.       0.       0.       0.       0.       0.       0.       0.       0.       0.       0.146167 0.       0.146162 0.       0.       0.       0.       0.       0.       0.       0.       0.       0.       0.       0.      ],[1. 0. 0. 1. 1. 0. 0. 0. 0. 0. 0. 0. 0. 0. 0. 0. 1. 0. 1. 0. 0. 0. 0. 0. 0. 0. 0. 0. 0. 0. 0.],5.0,1000,100,0.01,0.0015,1,5,idID,,best,single_objective
354,0.1598963451427471,0.47649110852538634,0.005785237519,[0.146084 0.       0.       0.146029 0.415558 0.       0.       0.       0.       0.       0.       0.       0.       0.       0.       0.       0.146167 0.       0.146162 0.       0.       0.       0.       0.       0.       0.       0.       0.       0.       0.       0.      ],[1. 0. 0. 1. 1. 0. 0. 0. 0. 0. 0. 0. 0. 0. 0. 0. 1. 0. 1. 0. 0. 0. 0. 0. 0. 0. 0. 0. 0. 0. 0.],5.0,1000,100,0.01,0.0015,1,5,idID,,best,single_objective
355,0.1598963451427471,0.47649110852538634,0.005785237519,[0.146084 0.       0.       0.146029 0.415558 0.       0.       0.       0.       0.       0.       0.       0.       0.       0.       0.       0.146167 0.       0.146162 0.       0.       0.       0.       0.       0.       0.       0.       0.       0.       0.       0.      ],[1. 0. 0. 1. 1. 0. 0. 0. 0. 0. 0. 0. 0. 0. 0. 0. 1. 0. 1. 0. 0. 0. 0. 0. 0. 0. 0. 0. 0. 0. 0.],5.0,1000,100,0.01,0.0015,1,5,idID,,best,single_objective
356,0.1598963451427471,0.47649110852538634,0.005785237519,[0.146084 0.       0.       0.146029 0.415558 0.       0.       0.       0.       0.       0.       0.       0.       0.       0.       0.       0.146167 0.       0.146162 0.       0.       0.       0.       0.       0.       0.       0.       0.       0.       0.       0.      ],[1. 0. 0. 1. 1. 0. 0. 0. 0. 0. 0. 0. 0. 0. 0. 0. 1. 0. 1. 0. 0. 0. 0. 0. 0. 0. 0. 0. 0. 0. 0.],5.0,1000,100,0.01,0.0015,1,5,idID,,best,single_objective
357,0.1598963451427471,0.47649110852538634,0.005785237519,[0.146084 0.       0.       0.146029 0.415558 0.       0.       0.       0.       0.       0.       0.       0.       0.       0.       0.       0.146167 0.       0.146162 0.       0.       0.       0.       0.       0.       0.       0.       0.       0.       0.       0.      ],[1. 0. 0. 1. 1. 0. 0. 0. 0. 0. 0. 0. 0. 0. 0. 0. 1. 0. 1. 0. 0. 0. 0. 0. 0. 0. 0. 0. 0. 0. 0.],5.0,1000,100,0.01,0.0015,1,5,idID,,best,single_objective
358,0.1598963451427471,0.47649110852538634,0.005785237519,[0.146084 0.       0.       0.146029 0.415558 0.       0.       0.       0.       0.       0.       0.       0.       0.       0.       0.       0.146167 0.       0.146162 0.       0.       0.       0.       0.       0.       0.       0.       0.       0.       0.       0.      ],[1. 0. 0. 1. 1. 0. 0. 0. 0. 0. 0. 0. 0. 0. 0. 0. 1. 0. 1. 0. 0. 0. 0. 0. 0. 0. 0. 0. 0. 0. 0.],5.0,1000,100,0.01,0.0015,1,5,idID,,best,single_objective
359,0.1598963451427471,0.47649110852538634,0.005785237519,[0.146084 0.       0.       0.146029 0.415558 0.       0.       0.       0.       0.       0.       0.       0.       0.       0.       0.       0.146167 0.       0.146162 0.       0.       0.       0.       0.       0.       0.       0.       0.       0.       0.       0.      ],[1. 0. 0. 1. 1. 0. 0. 0. 0. 0. 0. 0. 0. 0. 0. 0. 1. 0. 1. 0. 0. 0. 0. 0. 0. 0. 0. 0. 0. 0. 0.],5.0,1000,100,0.01,0.0015,1,5,idID,,best,single_objective
360,0.1598963451427471,0.47649110852538634,0.005785237519,[0.146084 0.       0.       0.146029 0.415558 0.       0.       0.       0.       0.       0.       0.       0.       0.       0.       0.       0.146167 0.       0.146162 0.       0.       0.       0.       0.       0.       0.       0.       0.       0.       0.       0.      ],[1. 0. 0. 1. 1. 0. 0. 0. 0. 0. 0. 0. 0. 0. 0. 0. 1. 0. 1. 0. 0. 0. 0. 0. 0. 0. 0. 0. 0. 0. 0.],5.0,1000,100,0.01,0.0015,1,5,idID,,best,single_objective
361,0.1598963451427471,0.47649110852538634,0.005785237519,[0.146084 0.       0.       0.146029 0.415558 0.       0.       0.       0.       0.       0.       0.       0.       0.       0.       0.       0.146167 0.       0.146162 0.       0.       0.       0.       0.       0.       0.       0.       0.       0.       0.       0.      ],[1. 0. 0. 1. 1. 0. 0. 0. 0. 0. 0. 0. 0. 0. 0. 0. 1. 0. 1. 0. 0. 0. 0. 0. 0. 0. 0. 0. 0. 0. 0.],5.0,1000,100,0.01,0.0015,1,5,idID,,best,single_objective
362,0.1598963451427471,0.47649110852538634,0.005785237519,[0.146084 0.       0.       0.146029 0.415558 0.       0.       0.       0.       0.       0.       0.       0.       0.       0.       0.       0.146167 0.       0.146162 0.       0.       0.       0.       0.       0.       0.       0.       0.       0.       0.       0.      ],[1. 0. 0. 1. 1. 0. 0. 0. 0. 0. 0. 0. 0. 0. 0. 0. 1. 0. 1. 0. 0. 0. 0. 0. 0. 0. 0. 0. 0. 0. 0.],5.0,1000,100,0.01,0.0015,1,5,idID,,best,single_objective
363,0.1598963451427471,0.47649110852538634,0.005785237519,[0.146084 0.       0.       0.146029 0.415558 0.       0.       0.       0.       0.       0.       0.       0.       0.       0.       0.       0.146167 0.       0.146162 0.       0.       0.       0.       0.       0.       0.       0.       0.       0.       0.       0.      ],[1. 0. 0. 1. 1. 0. 0. 0. 0. 0. 0. 0. 0. 0. 0. 0. 1. 0. 1. 0. 0. 0. 0. 0. 0. 0. 0. 0. 0. 0. 0.],5.0,1000,100,0.01,0.0015,1,5,idID,,best,single_objective
364,0.1598963451427471,0.47649110852538634,0.005785237519,[0.146084 0.       0.       0.146029 0.415558 0.       0.       0.       0.       0.       0.       0.       0.       0.       0.       0.       0.146167 0.       0.146162 0.       0.       0.       0.       0.       0.       0.       0.       0.       0.       0.       0.      ],[1. 0. 0. 1. 1. 0. 0. 0. 0. 0. 0. 0. 0. 0. 0. 0. 1. 0. 1. 0. 0. 0. 0. 0. 0. 0. 0. 0. 0. 0. 0.],5.0,1000,100,0.01,0.0015,1,5,idID,,best,single_objective
365,0.1598963451427471,0.47649110852538634,0.005785237519,[0.146084 0.       0.       0.146029 0.415558 0.       0.       0.       0.       0.       0.       0.       0.       0.       0.       0.       0.146167 0.       0.146162 0.       0.       0.       0.       0.       0.       0.       0.       0.       0.       0.       0.      ],[1. 0. 0. 1. 1. 0. 0. 0. 0. 0. 0. 0. 0. 0. 0. 0. 1. 0. 1. 0. 0. 0. 0. 0. 0. 0. 0. 0. 0. 0. 0.],5.0,1000,100,0.01,0.0015,1,5,idID,,best,single_objective
366,0.1598963451427471,0.47649110852538634,0.005785237519,[0.146084 0.       0.       0.146029 0.415558 0.       0.       0.       0.       0.       0.       0.       0.       0.       0.       0.       0.146167 0.       0.146162 0.       0.       0.       0.       0.       0.       0.       0.       0.       0.       0.       0.      ],[1. 0. 0. 1. 1. 0. 0. 0. 0. 0. 0. 0. 0. 0. 0. 0. 1. 0. 1. 0. 0. 0. 0. 0. 0. 0. 0. 0. 0. 0. 0.],5.0,1000,100,0.01,0.0015,1,5,idID,,best,single_objective
367,0.1598963451427471,0.47649110852538634,0.005785237519,[0.146084 0.       0.       0.146029 0.415558 0.       0.       0.       0.       0.       0.       0.       0.       0.       0.       0.       0.146167 0.       0.146162 0.       0.       0.       0.       0.       0.       0.       0.       0.       0.       0.       0.      ],[1. 0. 0. 1. 1. 0. 0. 0. 0. 0. 0. 0. 0. 0. 0. 0. 1. 0. 1. 0. 0. 0. 0. 0. 0. 0. 0. 0. 0. 0. 0.],5.0,1000,100,0.01,0.0015,1,5,idID,,best,single_objective
368,0.1598963451427471,0.47649110852538634,0.005785237519,[0.146084 0.       0.       0.146029 0.415558 0.       0.       0.       0.       0.       0.       0.       0.       0.       0.       0.       0.146167 0.       0.146162 0.       0.       0.       0.       0.       0.       0.       0.       0.       0.       0.       0.      ],[1. 0. 0. 1. 1. 0. 0. 0. 0. 0. 0. 0. 0. 0. 0. 0. 1. 0. 1. 0. 0. 0. 0. 0. 0. 0. 0. 0. 0. 0. 0.],5.0,1000,100,0.01,0.0015,1,5,idID,,best,single_objective
369,0.1598963451427471,0.47649110852538634,0.005785237519,[0.146084 0.       0.       0.146029 0.415558 0.       0.       0.       0.       0.       0.       0.       0.       0.       0.       0.       0.146167 0.       0.146162 0.       0.       0.       0.       0.       0.       0.       0.       0.       0.       0.       0.      ],[1. 0. 0. 1. 1. 0. 0. 0. 0. 0. 0. 0. 0. 0. 0. 0. 1. 0. 1. 0. 0. 0. 0. 0. 0. 0. 0. 0. 0. 0. 0.],5.0,1000,100,0.01,0.0015,1,5,idID,,best,single_objective
370,0.1598963451427471,0.47649110852538634,0.005785237519,[0.146084 0.       0.       0.146029 0.415558 0.       0.       0.       0.       0.       0.       0.       0.       0.       0.       0.       0.146167 0.       0.146162 0.       0.       0.       0.       0.       0.       0.       0.       0.       0.       0.       0.      ],[1. 0. 0. 1. 1. 0. 0. 0. 0. 0. 0. 0. 0. 0. 0. 0. 1. 0. 1. 0. 0. 0. 0. 0. 0. 0. 0. 0. 0. 0. 0.],5.0,1000,100,0.01,0.0015,1,5,idID,,best,single_objective
371,0.1598963451427471,0.47649110852538634,0.005785237519,[0.146084 0.       0.       0.146029 0.415558 0.       0.       0.       0.       0.       0.       0.       0.       0.       0.       0.       0.146167 0.       0.146162 0.       0.       0.       0.       0.       0.       0.       0.       0.       0.       0.       0.      ],[1. 0. 0. 1. 1. 0. 0. 0. 0. 0. 0. 0. 0. 0. 0. 0. 1. 0. 1. 0. 0. 0. 0. 0. 0. 0. 0. 0. 0. 0. 0.],5.0,1000,100,0.01,0.0015,1,5,idID,,best,single_objective
372,0.1598963451427471,0.47649110852538634,0.005785237519,[0.146084 0.       0.       0.146029 0.415558 0.       0.       0.       0.       0.       0.       0.       0.       0.       0.       0.       0.146167 0.       0.146162 0.       0.       0.       0.       0.       0.       0.       0.       0.       0.       0.       0.      ],[1. 0. 0. 1. 1. 0. 0. 0. 0. 0. 0. 0. 0. 0. 0. 0. 1. 0. 1. 0. 0. 0. 0. 0. 0. 0. 0. 0. 0. 0. 0.],5.0,1000,100,0.01,0.0015,1,5,idID,,best,single_objective
373,0.1598963451427471,0.47649110852538634,0.005785237519,[0.146084 0.       0.       0.146029 0.415558 0.       0.       0.       0.       0.       0.       0.       0.       0.       0.       0.       0.146167 0.       0.146162 0.       0.       0.       0.       0.       0.       0.       0.       0.       0.       0.       0.      ],[1. 0. 0. 1. 1. 0. 0. 0. 0. 0. 0. 0. 0. 0. 0. 0. 1. 0. 1. 0. 0. 0. 0. 0. 0. 0. 0. 0. 0. 0. 0.],5.0,1000,100,0.01,0.0015,1,5,idID,,best,single_objective
374,0.1598963451427471,0.47649110852538634,0.005785237519,[0.146084 0.       0.       0.146029 0.415558 0.       0.       0.       0.       0.       0.       0.       0.       0.       0.       0.       0.146167 0.       0.146162 0.       0.       0.       0.       0.       0.       0.       0.       0.       0.       0.       0.      ],[1. 0. 0. 1. 1. 0. 0. 0. 0. 0. 0. 0. 0. 0. 0. 0. 1. 0. 1. 0. 0. 0. 0. 0. 0. 0. 0. 0. 0. 0. 0.],5.0,1000,100,0.01,0.0015,1,5,idID,,best,single_objective
375,0.1598963451427471,0.47649110852538634,0.005785237519,[0.146084 0.       0.       0.146029 0.415558 0.       0.       0.       0.       0.       0.       0.       0.       0.       0.       0.       0.146167 0.       0.146162 0.       0.       0.       0.       0.       0.       0.       0.       0.       0.       0.       0.      ],[1. 0. 0. 1. 1. 0. 0. 0. 0. 0. 0. 0. 0. 0. 0. 0. 1. 0. 1. 0. 0. 0. 0. 0. 0. 0. 0. 0. 0. 0. 0.],5.0,1000,100,0.01,0.0015,1,5,idID,,best,single_objective
376,0.1598963451427471,0.47649110852538634,0.005785237519,[0.146084 0.       0.       0.146029 0.415558 0.       0.       0.       0.       0.       0.       0.       0.       0.       0.       0.       0.146167 0.       0.146162 0.       0.       0.       0.       0.       0.       0.       0.       0.       0.       0.       0.      ],[1. 0. 0. 1. 1. 0. 0. 0. 0. 0. 0. 0. 0. 0. 0. 0. 1. 0. 1. 0. 0. 0. 0. 0. 0. 0. 0. 0. 0. 0. 0.],5.0,1000,100,0.01,0.0015,1,5,idID,,best,single_objective
377,0.1598963451427471,0.47649110852538634,0.005785237519,[0.146084 0.       0.       0.146029 0.415558 0.       0.       0.       0.       0.       0.       0.       0.       0.       0.       0.       0.146167 0.       0.146162 0.       0.       0.       0.       0.       0.       0.       0.       0.       0.       0.       0.      ],[1. 0. 0. 1. 1. 0. 0. 0. 0. 0. 0. 0. 0. 0. 0. 0. 1. 0. 1. 0. 0. 0. 0. 0. 0. 0. 0. 0. 0. 0. 0.],5.0,1000,100,0.01,0.0015,1,5,idID,,best,single_objective
378,0.1598963451427471,0.47649110852538634,0.005785237519,[0.146084 0.       0.       0.146029 0.415558 0.       0.       0.       0.       0.       0.       0.       0.       0.       0.       0.       0.146167 0.       0.146162 0.       0.       0.       0.       0.       0.       0.       0.       0.       0.       0.       0.      ],[1. 0. 0. 1. 1. 0. 0. 0. 0. 0. 0. 0. 0. 0. 0. 0. 1. 0. 1. 0. 0. 0. 0. 0. 0. 0. 0. 0. 0. 0. 0.],5.0,1000,100,0.01,0.0015,1,5,idID,,best,single_objective
379,0.1598963451427471,0.47649110852538634,0.005785237519,[0.146084 0.       0.       0.146029 0.415558 0.       0.       0.       0.       0.       0.       0.       0.       0.       0.       0.       0.146167 0.       0.146162 0.       0.       0.       0.       0.       0.       0.       0.       0.       0.       0.       0.      ],[1. 0. 0. 1. 1. 0. 0. 0. 0. 0. 0. 0. 0. 0. 0. 0. 1. 0. 1. 0. 0. 0. 0. 0. 0. 0. 0. 0. 0. 0. 0.],5.0,1000,100,0.01,0.0015,1,5,idID,,best,single_objective
380,0.1598963451427471,0.47649110852538634,0.005785237519,[0.146084 0.       0.       0.146029 0.415558 0.       0.       0.       0.       0.       0.       0.       0.       0.       0.       0.       0.146167 0.       0.146162 0.       0.       0.       0.       0.       0.       0.       0.       0.       0.       0.       0.      ],[1. 0. 0. 1. 1. 0. 0. 0. 0. 0. 0. 0. 0. 0. 0. 0. 1. 0. 1. 0. 0. 0. 0. 0. 0. 0. 0. 0. 0. 0. 0.],5.0,1000,100,0.01,0.0015,1,5,idID,,best,single_objective
381,0.1598963451427471,0.47649110852538634,0.005785237519,[0.146084 0.       0.       0.146029 0.415558 0.       0.       0.       0.       0.       0.       0.       0.       0.       0.       0.       0.146167 0.       0.146162 0.       0.       0.       0.       0.       0.       0.       0.       0.       0.       0.       0.      ],[1. 0. 0. 1. 1. 0. 0. 0. 0. 0. 0. 0. 0. 0. 0. 0. 1. 0. 1. 0. 0. 0. 0. 0. 0. 0. 0. 0. 0. 0. 0.],5.0,1000,100,0.01,0.0015,1,5,idID,,best,single_objective
382,0.1598963451427471,0.47649110852538634,0.005785237519,[0.146084 0.       0.       0.146029 0.415558 0.       0.       0.       0.       0.       0.       0.       0.       0.       0.       0.       0.146167 0.       0.146162 0.       0.       0.       0.       0.       0.       0.       0.       0.       0.       0.       0.      ],[1. 0. 0. 1. 1. 0. 0. 0. 0. 0. 0. 0. 0. 0. 0. 0. 1. 0. 1. 0. 0. 0. 0. 0. 0. 0. 0. 0. 0. 0. 0.],5.0,1000,100,0.01,0.0015,1,5,idID,,best,single_objective
383,0.1598963451427471,0.47649110852538634,0.005785237519,[0.146084 0.       0.       0.146029 0.415558 0.       0.       0.       0.       0.       0.       0.       0.       0.       0.       0.       0.146167 0.       0.146162 0.       0.       0.       0.       0.       0.       0.       0.       0.       0.       0.       0.      ],[1. 0. 0. 1. 1. 0. 0. 0. 0. 0. 0. 0. 0. 0. 0. 0. 1. 0. 1. 0. 0. 0. 0. 0. 0. 0. 0. 0. 0. 0. 0.],5.0,1000,100,0.01,0.0015,1,5,idID,,best,single_objective
384,0.1598963451427471,0.47649110852538634,0.005785237519,[0.146084 0.       0.       0.146029 0.415558 0.       0.       0.       0.       0.       0.       0.       0.       0.       0.       0.       0.146167 0.       0.146162 0.       0.       0.       0.       0.       0.       0.       0.       0.       0.       0.       0.      ],[1. 0. 0. 1. 1. 0. 0. 0. 0. 0. 0. 0. 0. 0. 0. 0. 1. 0. 1. 0. 0. 0. 0. 0. 0. 0. 0. 0. 0. 0. 0.],5.0,1000,100,0.01,0.0015,1,5,idID,,best,single_objective
385,0.1598963451427471,0.47649110852538634,0.005785237519,[0.146084 0.       0.       0.146029 0.415558 0.       0.       0.       0.       0.       0.       0.       0.       0.       0.       0.       0.146167 0.       0.146162 0.       0.       0.       0.       0.       0.       0.       0.       0.       0.       0.       0.      ],[1. 0. 0. 1. 1. 0. 0. 0. 0. 0. 0. 0. 0. 0. 0. 0. 1. 0. 1. 0. 0. 0. 0. 0. 0. 0. 0. 0. 0. 0. 0.],5.0,1000,100,0.01,0.0015,1,5,idID,,best,single_objective
386,0.1598963451427471,0.47649110852538634,0.005785237519,[0.146084 0.       0.       0.146029 0.415558 0.       0.       0.       0.       0.       0.       0.       0.       0.       0.       0.       0.146167 0.       0.146162 0.       0.       0.       0.       0.       0.       0.       0.       0.       0.       0.       0.      ],[1. 0. 0. 1. 1. 0. 0. 0. 0. 0. 0. 0. 0. 0. 0. 0. 1. 0. 1. 0. 0. 0. 0. 0. 0. 0. 0. 0. 0. 0. 0.],5.0,1000,100,0.01,0.0015,1,5,idID,,best,single_objective
387,0.1598963451427471,0.47649110852538634,0.005785237519,[0.146084 0.       0.       0.146029 0.415558 0.       0.       0.       0.       0.       0.       0.       0.       0.       0.       0.       0.146167 0.       0.146162 0.       0.       0.       0.       0.       0.       0.       0.       0.       0.       0.       0.      ],[1. 0. 0. 1. 1. 0. 0. 0. 0. 0. 0. 0. 0. 0. 0. 0. 1. 0. 1. 0. 0. 0. 0. 0. 0. 0. 0. 0. 0. 0. 0.],5.0,1000,100,0.01,0.0015,1,5,idID,,best,single_objective
388,0.1598963451427471,0.47649110852538634,0.005785237519,[0.146084 0.       0.       0.146029 0.415558 0.       0.       0.       0.       0.       0.       0.       0.       0.       0.       0.       0.146167 0.       0.146162 0.       0.       0.       0.       0.       0.       0.       0.       0.       0.       0.       0.      ],[1. 0. 0. 1. 1. 0. 0. 0. 0. 0. 0. 0. 0. 0. 0. 0. 1. 0. 1. 0. 0. 0. 0. 0. 0. 0. 0. 0. 0. 0. 0.],5.0,1000,100,0.01,0.0015,1,5,idID,,best,single_objective
389,0.1598963451427471,0.47649110852538634,0.005785237519,[0.146084 0.       0.       0.146029 0.415558 0.       0.       0.       0.       0.       0.       0.       0.       0.       0.       0.       0.146167 0.       0.146162 0.       0.       0.       0.       0.       0.       0.       0.       0.       0.       0.       0.      ],[1. 0. 0. 1. 1. 0. 0. 0. 0. 0. 0. 0. 0. 0. 0. 0. 1. 0. 1. 0. 0. 0. 0. 0. 0. 0. 0. 0. 0. 0. 0.],5.0,1000,100,0.01,0.0015,1,5,idID,,best,single_objective
390,0.1598963451427471,0.47649110852538634,0.005785237519,[0.146084 0.       0.       0.146029 0.415558 0.       0.       0.       0.       0.       0.       0.       0.       0.       0.       0.       0.146167 0.       0.146162 0.       0.       0.       0.       0.       0.       0.       0.       0.       0.       0.       0.      ],[1. 0. 0. 1. 1. 0. 0. 0. 0. 0. 0. 0. 0. 0. 0. 0. 1. 0. 1. 0. 0. 0. 0. 0. 0. 0. 0. 0. 0. 0. 0.],5.0,1000,100,0.01,0.0015,1,5,idID,,best,single_objective
391,0.1598963451427471,0.47649110852538634,0.005785237519,[0.146084 0.       0.       0.146029 0.415558 0.       0.       0.       0.       0.       0.       0.       0.       0.       0.       0.       0.146167 0.       0.146162 0.       0.       0.       0.       0.       0.       0.       0.       0.       0.       0.       0.      ],[1. 0. 0. 1. 1. 0. 0. 0. 0. 0. 0. 0. 0. 0. 0. 0. 1. 0. 1. 0. 0. 0. 0. 0. 0. 0. 0. 0. 0. 0. 0.],5.0,1000,100,0.01,0.0015,1,5,idID,,best,single_objective
392,0.1598963451427471,0.47649110852538634,0.005785237519,[0.146084 0.       0.       0.146029 0.415558 0.       0.       0.       0.       0.       0.       0.       0.       0.       0.       0.       0.146167 0.       0.146162 0.       0.       0.       0.       0.       0.       0.       0.       0.       0.       0.       0.      ],[1. 0. 0. 1. 1. 0. 0. 0. 0. 0. 0. 0. 0. 0. 0. 0. 1. 0. 1. 0. 0. 0. 0. 0. 0. 0. 0. 0. 0. 0. 0.],5.0,1000,100,0.01,0.0015,1,5,idID,,best,single_objective
393,0.1598963451427471,0.47649110852538634,0.005785237519,[0.146084 0.       0.       0.146029 0.415558 0.       0.       0.       0.       0.       0.       0.       0.       0.       0.       0.       0.146167 0.       0.146162 0.       0.       0.       0.       0.       0.       0.       0.       0.       0.       0.       0.      ],[1. 0. 0. 1. 1. 0. 0. 0. 0. 0. 0. 0. 0. 0. 0. 0. 1. 0. 1. 0. 0. 0. 0. 0. 0. 0. 0. 0. 0. 0. 0.],5.0,1000,100,0.01,0.0015,1,5,idID,,best,single_objective
394,0.1598963451427471,0.47649110852538634,0.005785237519,[0.146084 0.       0.       0.146029 0.415558 0.       0.       0.       0.       0.       0.       0.       0.       0.       0.       0.       0.146167 0.       0.146162 0.       0.       0.       0.       0.       0.       0.       0.       0.       0.       0.       0.      ],[1. 0. 0. 1. 1. 0. 0. 0. 0. 0. 0. 0. 0. 0. 0. 0. 1. 0. 1. 0. 0. 0. 0. 0. 0. 0. 0. 0. 0. 0. 0.],5.0,1000,100,0.01,0.0015,1,5,idID,,best,single_objective
395,0.1598963451427471,0.47649110852538634,0.005785237519,[0.146084 0.       0.       0.146029 0.415558 0.       0.       0.       0.       0.       0.       0.       0.       0.       0.       0.       0.146167 0.       0.146162 0.       0.       0.       0.       0.       0.       0.       0.       0.       0.       0.       0.      ],[1. 0. 0. 1. 1. 0. 0. 0. 0. 0. 0. 0. 0. 0. 0. 0. 1. 0. 1. 0. 0. 0. 0. 0. 0. 0. 0. 0. 0. 0. 0.],5.0,1000,100,0.01,0.0015,1,5,idID,,best,single_objective
396,0.1598963451427471,0.47649110852538634,0.005785237519,[0.146084 0.       0.       0.146029 0.415558 0.       0.       0.       0.       0.       0.       0.       0.       0.       0.       0.       0.146167 0.       0.146162 0.       0.       0.       0.       0.       0.       0.       0.       0.       0.       0.       0.      ],[1. 0. 0. 1. 1. 0. 0. 0. 0. 0. 0. 0. 0. 0. 0. 0. 1. 0. 1. 0. 0. 0. 0. 0. 0. 0. 0. 0. 0. 0. 0.],5.0,1000,100,0.01,0.0015,1,5,idID,,best,single_objective
397,0.1598963451427471,0.47649110852538634,0.005785237519,[0.146084 0.       0.       0.146029 0.415558 0.       0.       0.       0.       0.       0.       0.       0.       0.       0.       0.       0.146167 0.       0.146162 0.       0.       0.       0.       0.       0.       0.       0.       0.       0.       0.       0.      ],[1. 0. 0. 1. 1. 0. 0. 0. 0. 0. 0. 0. 0. 0. 0. 0. 1. 0. 1. 0. 0. 0. 0. 0. 0. 0. 0. 0. 0. 0. 0.],5.0,1000,100,0.01,0.0015,1,5,idID,,best,single_objective
398,0.1598963451427471,0.47649110852538634,0.005785237519,[0.146084 0.       0.       0.146029 0.415558 0.       0.       0.       0.       0.       0.       0.       0.       0.       0.       0.       0.146167 0.       0.146162 0.       0.       0.       0.       0.       0.       0.       0.       0.       0.       0.       0.      ],[1. 0. 0. 1. 1. 0. 0. 0. 0. 0. 0. 0. 0. 0. 0. 0. 1. 0. 1. 0. 0. 0. 0. 0. 0. 0. 0. 0. 0. 0. 0.],5.0,1000,100,0.01,0.0015,1,5,idID,,best,single_objective
399,0.1598963451427471,0.47649110852538634,0.005785237519,[0.146084 0.       0.       0.146029 0.415558 0.       0.       0.       0.       0.       0.       0.       0.       0.       0.       0.       0.146167 0.       0.146162 0.       0.       0.       0.       0.       0.       0.       0.       0.       0.       0.       0.      ],[1. 0. 0. 1. 1. 0. 0. 0. 0. 0. 0. 0. 0. 0. 0. 0. 1. 0. 1. 0. 0. 0. 0. 0. 0. 0. 0. 0. 0. 0. 0.],5.0,1000,100,0.01,0.0015,1,5,idID,,best,single_objective
400,0.1598963451427471,0.47649110852538634,0.005785237519,[0.146084 0.       0.       0.146029 0.415558 0.       0.       0.       0.       0.       0.       0.       0.       0.       0.       0.       0.146167 0.       0.146162 0.       0.       0.       0.       0.       0.       0.       0.       0.       0.       0.       0.      ],[1. 0. 0. 1. 1. 0. 0. 0. 0. 0. 0. 0. 0. 0. 0. 0. 1. 0. 1. 0. 0. 0. 0. 0. 0. 0. 0. 0. 0. 0. 0.],5.0,1000,100,0.01,0.0015,1,5,idID,,best,single_objective
401,0.1598963451427471,0.47649110852538634,0.005785237519,[0.146084 0.       0.       0.146029 0.415558 0.       0.       0.       0.       0.       0.       0.       0.       0.       0.       0.       0.146167 0.       0.146162 0.       0.       0.       0.       0.       0.       0.       0.       0.       0.       0.       0.      ],[1. 0. 0. 1. 1. 0. 0. 0. 0. 0. 0. 0. 0. 0. 0. 0. 1. 0. 1. 0. 0. 0. 0. 0. 0. 0. 0. 0. 0. 0. 0.],5.0,1000,100,0.01,0.0015,1,5,idID,,best,single_objective
402,0.1598963451427471,0.47649110852538634,0.005785237519,[0.146084 0.       0.       0.146029 0.415558 0.       0.       0.       0.       0.       0.       0.       0.       0.       0.       0.       0.146167 0.       0.146162 0.       0.       0.       0.       0.       0.       0.       0.       0.       0.       0.       0.      ],[1. 0. 0. 1. 1. 0. 0. 0. 0. 0. 0. 0. 0. 0. 0. 0. 1. 0. 1. 0. 0. 0. 0. 0. 0. 0. 0. 0. 0. 0. 0.],5.0,1000,100,0.01,0.0015,1,5,idID,,best,single_objective
403,0.1598963451427471,0.47649110852538634,0.005785237519,[0.146084 0.       0.       0.146029 0.415558 0.       0.       0.       0.       0.       0.       0.       0.       0.       0.       0.       0.146167 0.       0.146162 0.       0.       0.       0.       0.       0.       0.       0.       0.       0.       0.       0.      ],[1. 0. 0. 1. 1. 0. 0. 0. 0. 0. 0. 0. 0. 0. 0. 0. 1. 0. 1. 0. 0. 0. 0. 0. 0. 0. 0. 0. 0. 0. 0.],5.0,1000,100,0.01,0.0015,1,5,idID,,best,single_objective
404,0.1598963451427471,0.47649110852538634,0.005785237519,[0.146084 0.       0.       0.146029 0.415558 0.       0.       0.       0.       0.       0.       0.       0.       0.       0.       0.       0.146167 0.       0.146162 0.       0.       0.       0.       0.       0.       0.       0.       0.       0.       0.       0.      ],[1. 0. 0. 1. 1. 0. 0. 0. 0. 0. 0. 0. 0. 0. 0. 0. 1. 0. 1. 0. 0. 0. 0. 0. 0. 0. 0. 0. 0. 0. 0.],5.0,1000,100,0.01,0.0015,1,5,idID,,best,single_objective
405,0.1598963451427471,0.47649110852538634,0.005785237519,[0.146084 0.       0.       0.146029 0.415558 0.       0.       0.       0.       0.       0.       0.       0.       0.       0.       0.       0.146167 0.       0.146162 0.       0.       0.       0.       0.       0.       0.       0.       0.       0.       0.       0.      ],[1. 0. 0. 1. 1. 0. 0. 0. 0. 0. 0. 0. 0. 0. 0. 0. 1. 0. 1. 0. 0. 0. 0. 0. 0. 0. 0. 0. 0. 0. 0.],5.0,1000,100,0.01,0.0015,1,5,idID,,best,single_objective
406,0.1598963451427471,0.47649110852538634,0.005785237519,[0.146084 0.       0.       0.146029 0.415558 0.       0.       0.       0.       0.       0.       0.       0.       0.       0.       0.       0.146167 0.       0.146162 0.       0.       0.       0.       0.       0.       0.       0.       0.       0.       0.       0.      ],[1. 0. 0. 1. 1. 0. 0. 0. 0. 0. 0. 0. 0. 0. 0. 0. 1. 0. 1. 0. 0. 0. 0. 0. 0. 0. 0. 0. 0. 0. 0.],5.0,1000,100,0.01,0.0015,1,5,idID,,best,single_objective
407,0.1598963451427471,0.47649110852538634,0.005785237519,[0.146084 0.       0.       0.146029 0.415558 0.       0.       0.       0.       0.       0.       0.       0.       0.       0.       0.       0.146167 0.       0.146162 0.       0.       0.       0.       0.       0.       0.       0.       0.       0.       0.       0.      ],[1. 0. 0. 1. 1. 0. 0. 0. 0. 0. 0. 0. 0. 0. 0. 0. 1. 0. 1. 0. 0. 0. 0. 0. 0. 0. 0. 0. 0. 0. 0.],5.0,1000,100,0.01,0.0015,1,5,idID,,best,single_objective
408,0.1598963451427471,0.47649110852538634,0.005785237519,[0.146084 0.       0.       0.146029 0.415558 0.       0.       0.       0.       0.       0.       0.       0.       0.       0.       0.       0.146167 0.       0.146162 0.       0.       0.       0.       0.       0.       0.       0.       0.       0.       0.       0.      ],[1. 0. 0. 1. 1. 0. 0. 0. 0. 0. 0. 0. 0. 0. 0. 0. 1. 0. 1. 0. 0. 0. 0. 0. 0. 0. 0. 0. 0. 0. 0.],5.0,1000,100,0.01,0.0015,1,5,idID,,best,single_objective
409,0.1598963451427471,0.47649110852538634,0.005785237519,[0.146084 0.       0.       0.146029 0.415558 0.       0.       0.       0.       0.       0.       0.       0.       0.       0.       0.       0.146167 0.       0.146162 0.       0.       0.       0.       0.       0.       0.       0.       0.       0.       0.       0.      ],[1. 0. 0. 1. 1. 0. 0. 0. 0. 0. 0. 0. 0. 0. 0. 0. 1. 0. 1. 0. 0. 0. 0. 0. 0. 0. 0. 0. 0. 0. 0.],5.0,1000,100,0.01,0.0015,1,5,idID,,best,single_objective
410,0.1598963451427471,0.47649110852538634,0.005785237519,[0.146084 0.       0.       0.146029 0.415558 0.       0.       0.       0.       0.       0.       0.       0.       0.       0.       0.       0.146167 0.       0.146162 0.       0.       0.       0.       0.       0.       0.       0.       0.       0.       0.       0.      ],[1. 0. 0. 1. 1. 0. 0. 0. 0. 0. 0. 0. 0. 0. 0. 0. 1. 0. 1. 0. 0. 0. 0. 0. 0. 0. 0. 0. 0. 0. 0.],5.0,1000,100,0.01,0.0015,1,5,idID,,best,single_objective
411,0.1598963451427471,0.47649110852538634,0.005785237519,[0.146084 0.       0.       0.146029 0.415558 0.       0.       0.       0.       0.       0.       0.       0.       0.       0.       0.       0.146167 0.       0.146162 0.       0.       0.       0.       0.       0.       0.       0.       0.       0.       0.       0.      ],[1. 0. 0. 1. 1. 0. 0. 0. 0. 0. 0. 0. 0. 0. 0. 0. 1. 0. 1. 0. 0. 0. 0. 0. 0. 0. 0. 0. 0. 0. 0.],5.0,1000,100,0.01,0.0015,1,5,idID,,best,single_objective
412,0.1598963451427471,0.47649110852538634,0.005785237519,[0.146084 0.       0.       0.146029 0.415558 0.       0.       0.       0.       0.       0.       0.       0.       0.       0.       0.       0.146167 0.       0.146162 0.       0.       0.       0.       0.       0.       0.       0.       0.       0.       0.       0.      ],[1. 0. 0. 1. 1. 0. 0. 0. 0. 0. 0. 0. 0. 0. 0. 0. 1. 0. 1. 0. 0. 0. 0. 0. 0. 0. 0. 0. 0. 0. 0.],5.0,1000,100,0.01,0.0015,1,5,idID,,best,single_objective
413,0.1598963451427471,0.47649110852538634,0.005785237519,[0.146084 0.       0.       0.146029 0.415558 0.       0.       0.       0.       0.       0.       0.       0.       0.       0.       0.       0.146167 0.       0.146162 0.       0.       0.       0.       0.       0.       0.       0.       0.       0.       0.       0.      ],[1. 0. 0. 1. 1. 0. 0. 0. 0. 0. 0. 0. 0. 0. 0. 0. 1. 0. 1. 0. 0. 0. 0. 0. 0. 0. 0. 0. 0. 0. 0.],5.0,1000,100,0.01,0.0015,1,5,idID,,best,single_objective
414,0.1598963451427471,0.47649110852538634,0.005785237519,[0.146084 0.       0.       0.146029 0.415558 0.       0.       0.       0.       0.       0.       0.       0.       0.       0.       0.       0.146167 0.       0.146162 0.       0.       0.       0.       0.       0.       0.       0.       0.       0.       0.       0.      ],[1. 0. 0. 1. 1. 0. 0. 0. 0. 0. 0. 0. 0. 0. 0. 0. 1. 0. 1. 0. 0. 0. 0. 0. 0. 0. 0. 0. 0. 0. 0.],5.0,1000,100,0.01,0.0015,1,5,idID,,best,single_objective
415,0.1598963451427471,0.47649110852538634,0.005785237519,[0.146084 0.       0.       0.146029 0.415558 0.       0.       0.       0.       0.       0.       0.       0.       0.       0.       0.       0.146167 0.       0.146162 0.       0.       0.       0.       0.       0.       0.       0.       0.       0.       0.       0.      ],[1. 0. 0. 1. 1. 0. 0. 0. 0. 0. 0. 0. 0. 0. 0. 0. 1. 0. 1. 0. 0. 0. 0. 0. 0. 0. 0. 0. 0. 0. 0.],5.0,1000,100,0.01,0.0015,1,5,idID,,best,single_objective
416,0.1598963451427471,0.47649110852538634,0.005785237519,[0.146084 0.       0.       0.146029 0.415558 0.       0.       0.       0.       0.       0.       0.       0.       0.       0.       0.       0.146167 0.       0.146162 0.       0.       0.       0.       0.       0.       0.       0.       0.       0.       0.       0.      ],[1. 0. 0. 1. 1. 0. 0. 0. 0. 0. 0. 0. 0. 0. 0. 0. 1. 0. 1. 0. 0. 0. 0. 0. 0. 0. 0. 0. 0. 0. 0.],5.0,1000,100,0.01,0.0015,1,5,idID,,best,single_objective
417,0.1598963451427471,0.47649110852538634,0.005785237519,[0.146084 0.       0.       0.146029 0.415558 0.       0.       0.       0.       0.       0.       0.       0.       0.       0.       0.       0.146167 0.       0.146162 0.       0.       0.       0.       0.       0.       0.       0.       0.       0.       0.       0.      ],[1. 0. 0. 1. 1. 0. 0. 0. 0. 0. 0. 0. 0. 0. 0. 0. 1. 0. 1. 0. 0. 0. 0. 0. 0. 0. 0. 0. 0. 0. 0.],5.0,1000,100,0.01,0.0015,1,5,idID,,best,single_objective
418,0.1598963451427471,0.47649110852538634,0.005785237519,[0.146084 0.       0.       0.146029 0.415558 0.       0.       0.       0.       0.       0.       0.       0.       0.       0.       0.       0.146167 0.       0.146162 0.       0.       0.       0.       0.       0.       0.       0.       0.       0.       0.       0.      ],[1. 0. 0. 1. 1. 0. 0. 0. 0. 0. 0. 0. 0. 0. 0. 0. 1. 0. 1. 0. 0. 0. 0. 0. 0. 0. 0. 0. 0. 0. 0.],5.0,1000,100,0.01,0.0015,1,5,idID,,best,single_objective
419,0.1598963451427471,0.47649110852538634,0.005785237519,[0.146084 0.       0.       0.146029 0.415558 0.       0.       0.       0.       0.       0.       0.       0.       0.       0.       0.       0.146167 0.       0.146162 0.       0.       0.       0.       0.       0.       0.       0.       0.       0.       0.       0.      ],[1. 0. 0. 1. 1. 0. 0. 0. 0. 0. 0. 0. 0. 0. 0. 0. 1. 0. 1. 0. 0. 0. 0. 0. 0. 0. 0. 0. 0. 0. 0.],5.0,1000,100,0.01,0.0015,1,5,idID,,best,single_objective
420,0.1598963451427471,0.47649110852538634,0.005785237519,[0.146084 0.       0.       0.146029 0.415558 0.       0.       0.       0.       0.       0.       0.       0.       0.       0.       0.       0.146167 0.       0.146162 0.       0.       0.       0.       0.       0.       0.       0.       0.       0.       0.       0.      ],[1. 0. 0. 1. 1. 0. 0. 0. 0. 0. 0. 0. 0. 0. 0. 0. 1. 0. 1. 0. 0. 0. 0. 0. 0. 0. 0. 0. 0. 0. 0.],5.0,1000,100,0.01,0.0015,1,5,idID,,best,single_objective
421,0.1598963451427471,0.47649110852538634,0.005785237519,[0.146084 0.       0.       0.146029 0.415558 0.       0.       0.       0.       0.       0.       0.       0.       0.       0.       0.       0.146167 0.       0.146162 0.       0.       0.       0.       0.       0.       0.       0.       0.       0.       0.       0.      ],[1. 0. 0. 1. 1. 0. 0. 0. 0. 0. 0. 0. 0. 0. 0. 0. 1. 0. 1. 0. 0. 0. 0. 0. 0. 0. 0. 0. 0. 0. 0.],5.0,1000,100,0.01,0.0015,1,5,idID,,best,single_objective
422,0.1598963451427471,0.47649110852538634,0.005785237519,[0.146084 0.       0.       0.146029 0.415558 0.       0.       0.       0.       0.       0.       0.       0.       0.       0.       0.       0.146167 0.       0.146162 0.       0.       0.       0.       0.       0.       0.       0.       0.       0.       0.       0.      ],[1. 0. 0. 1. 1. 0. 0. 0. 0. 0. 0. 0. 0. 0. 0. 0. 1. 0. 1. 0. 0. 0. 0. 0. 0. 0. 0. 0. 0. 0. 0.],5.0,1000,100,0.01,0.0015,1,5,idID,,best,single_objective
423,0.1598963451427471,0.47649110852538634,0.005785237519,[0.146084 0.       0.       0.146029 0.415558 0.       0.       0.       0.       0.       0.       0.       0.       0.       0.       0.       0.146167 0.       0.146162 0.       0.       0.       0.       0.       0.       0.       0.       0.       0.       0.       0.      ],[1. 0. 0. 1. 1. 0. 0. 0. 0. 0. 0. 0. 0. 0. 0. 0. 1. 0. 1. 0. 0. 0. 0. 0. 0. 0. 0. 0. 0. 0. 0.],5.0,1000,100,0.01,0.0015,1,5,idID,,best,single_objective
424,0.1598963451427471,0.47649110852538634,0.005785237519,[0.146084 0.       0.       0.146029 0.415558 0.       0.       0.       0.       0.       0.       0.       0.       0.       0.       0.       0.146167 0.       0.146162 0.       0.       0.       0.       0.       0.       0.       0.       0.       0.       0.       0.      ],[1. 0. 0. 1. 1. 0. 0. 0. 0. 0. 0. 0. 0. 0. 0. 0. 1. 0. 1. 0. 0. 0. 0. 0. 0. 0. 0. 0. 0. 0. 0.],5.0,1000,100,0.01,0.0015,1,5,idID,,best,single_objective
425,0.1598963451427471,0.47649110852538634,0.005785237519,[0.146084 0.       0.       0.146029 0.415558 0.       0.       0.       0.       0.       0.       0.       0.       0.       0.       0.       0.146167 0.       0.146162 0.       0.       0.       0.       0.       0.       0.       0.       0.       0.       0.       0.      ],[1. 0. 0. 1. 1. 0. 0. 0. 0. 0. 0. 0. 0. 0. 0. 0. 1. 0. 1. 0. 0. 0. 0. 0. 0. 0. 0. 0. 0. 0. 0.],5.0,1000,100,0.01,0.0015,1,5,idID,,best,single_objective
426,0.1598963451427471,0.47649110852538634,0.005785237519,[0.146084 0.       0.       0.146029 0.415558 0.       0.       0.       0.       0.       0.       0.       0.       0.       0.       0.       0.146167 0.       0.146162 0.       0.       0.       0.       0.       0.       0.       0.       0.       0.       0.       0.      ],[1. 0. 0. 1. 1. 0. 0. 0. 0. 0. 0. 0. 0. 0. 0. 0. 1. 0. 1. 0. 0. 0. 0. 0. 0. 0. 0. 0. 0. 0. 0.],5.0,1000,100,0.01,0.0015,1,5,idID,,best,single_objective
427,0.1598963451427471,0.47649110852538634,0.005785237519,[0.146084 0.       0.       0.146029 0.415558 0.       0.       0.       0.       0.       0.       0.       0.       0.       0.       0.       0.146167 0.       0.146162 0.       0.       0.       0.       0.       0.       0.       0.       0.       0.       0.       0.      ],[1. 0. 0. 1. 1. 0. 0. 0. 0. 0. 0. 0. 0. 0. 0. 0. 1. 0. 1. 0. 0. 0. 0. 0. 0. 0. 0. 0. 0. 0. 0.],5.0,1000,100,0.01,0.0015,1,5,idID,,best,single_objective
428,0.1598963451427471,0.47649110852538634,0.005785237519,[0.146084 0.       0.       0.146029 0.415558 0.       0.       0.       0.       0.       0.       0.       0.       0.       0.       0.       0.146167 0.       0.146162 0.       0.       0.       0.       0.       0.       0.       0.       0.       0.       0.       0.      ],[1. 0. 0. 1. 1. 0. 0. 0. 0. 0. 0. 0. 0. 0. 0. 0. 1. 0. 1. 0. 0. 0. 0. 0. 0. 0. 0. 0. 0. 0. 0.],5.0,1000,100,0.01,0.0015,1,5,idID,,best,single_objective
429,0.1598963451427471,0.47649110852538634,0.005785237519,[0.146084 0.       0.       0.146029 0.415558 0.       0.       0.       0.       0.       0.       0.       0.       0.       0.       0.       0.146167 0.       0.146162 0.       0.       0.       0.       0.       0.       0.       0.       0.       0.       0.       0.      ],[1. 0. 0. 1. 1. 0. 0. 0. 0. 0. 0. 0. 0. 0. 0. 0. 1. 0. 1. 0. 0. 0. 0. 0. 0. 0. 0. 0. 0. 0. 0.],5.0,1000,100,0.01,0.0015,1,5,idID,,best,single_objective
430,0.1598963451427471,0.47649110852538634,0.005785237519,[0.146084 0.       0.       0.146029 0.415558 0.       0.       0.       0.       0.       0.       0.       0.       0.       0.       0.       0.146167 0.       0.146162 0.       0.       0.       0.       0.       0.       0.       0.       0.       0.       0.       0.      ],[1. 0. 0. 1. 1. 0. 0. 0. 0. 0. 0. 0. 0. 0. 0. 0. 1. 0. 1. 0. 0. 0. 0. 0. 0. 0. 0. 0. 0. 0. 0.],5.0,1000,100,0.01,0.0015,1,5,idID,,best,single_objective
431,0.1598963451427471,0.47649110852538634,0.005785237519,[0.146084 0.       0.       0.146029 0.415558 0.       0.       0.       0.       0.       0.       0.       0.       0.       0.       0.       0.146167 0.       0.146162 0.       0.       0.       0.       0.       0.       0.       0.       0.       0.       0.       0.      ],[1. 0. 0. 1. 1. 0. 0. 0. 0. 0. 0. 0. 0. 0. 0. 0. 1. 0. 1. 0. 0. 0. 0. 0. 0. 0. 0. 0. 0. 0. 0.],5.0,1000,100,0.01,0.0015,1,5,idID,,best,single_objective
432,0.1598963451427471,0.47649110852538634,0.005785237519,[0.146084 0.       0.       0.146029 0.415558 0.       0.       0.       0.       0.       0.       0.       0.       0.       0.       0.       0.146167 0.       0.146162 0.       0.       0.       0.       0.       0.       0.       0.       0.       0.       0.       0.      ],[1. 0. 0. 1. 1. 0. 0. 0. 0. 0. 0. 0. 0. 0. 0. 0. 1. 0. 1. 0. 0. 0. 0. 0. 0. 0. 0. 0. 0. 0. 0.],5.0,1000,100,0.01,0.0015,1,5,idID,,best,single_objective
433,0.1598963451427471,0.47649110852538634,0.005785237519,[0.146084 0.       0.       0.146029 0.415558 0.       0.       0.       0.       0.       0.       0.       0.       0.       0.       0.       0.146167 0.       0.146162 0.       0.       0.       0.       0.       0.       0.       0.       0.       0.       0.       0.      ],[1. 0. 0. 1. 1. 0. 0. 0. 0. 0. 0. 0. 0. 0. 0. 0. 1. 0. 1. 0. 0. 0. 0. 0. 0. 0. 0. 0. 0. 0. 0.],5.0,1000,100,0.01,0.0015,1,5,idID,,best,single_objective
434,0.1598963451427471,0.47649110852538634,0.005785237519,[0.146084 0.       0.       0.146029 0.415558 0.       0.       0.       0.       0.       0.       0.       0.       0.       0.       0.       0.146167 0.       0.146162 0.       0.       0.       0.       0.       0.       0.       0.       0.       0.       0.       0.      ],[1. 0. 0. 1. 1. 0. 0. 0. 0. 0. 0. 0. 0. 0. 0. 0. 1. 0. 1. 0. 0. 0. 0. 0. 0. 0. 0. 0. 0. 0. 0.],5.0,1000,100,0.01,0.0015,1,5,idID,,best,single_objective
435,0.1598963451427471,0.47649110852538634,0.005785237519,[0.146084 0.       0.       0.146029 0.415558 0.       0.       0.       0.       0.       0.       0.       0.       0.       0.       0.       0.146167 0.       0.146162 0.       0.       0.       0.       0.       0.       0.       0.       0.       0.       0.       0.      ],[1. 0. 0. 1. 1. 0. 0. 0. 0. 0. 0. 0. 0. 0. 0. 0. 1. 0. 1. 0. 0. 0. 0. 0. 0. 0. 0. 0. 0. 0. 0.],5.0,1000,100,0.01,0.0015,1,5,idID,,best,single_objective
436,0.1598963451427471,0.47649110852538634,0.005785237519,[0.146084 0.       0.       0.146029 0.415558 0.       0.       0.       0.       0.       0.       0.       0.       0.       0.       0.       0.146167 0.       0.146162 0.       0.       0.       0.       0.       0.       0.       0.       0.       0.       0.       0.      ],[1. 0. 0. 1. 1. 0. 0. 0. 0. 0. 0. 0. 0. 0. 0. 0. 1. 0. 1. 0. 0. 0. 0. 0. 0. 0. 0. 0. 0. 0. 0.],5.0,1000,100,0.01,0.0015,1,5,idID,,best,single_objective
437,0.1598963451427471,0.47649110852538634,0.005785237519,[0.146084 0.       0.       0.146029 0.415558 0.       0.       0.       0.       0.       0.       0.       0.       0.       0.       0.       0.146167 0.       0.146162 0.       0.       0.       0.       0.       0.       0.       0.       0.       0.       0.       0.      ],[1. 0. 0. 1. 1. 0. 0. 0. 0. 0. 0. 0. 0. 0. 0. 0. 1. 0. 1. 0. 0. 0. 0. 0. 0. 0. 0. 0. 0. 0. 0.],5.0,1000,100,0.01,0.0015,1,5,idID,,best,single_objective
438,0.1598963451427471,0.47649110852538634,0.005785237519,[0.146084 0.       0.       0.146029 0.415558 0.       0.       0.       0.       0.       0.       0.       0.       0.       0.       0.       0.146167 0.       0.146162 0.       0.       0.       0.       0.       0.       0.       0.       0.       0.       0.       0.      ],[1. 0. 0. 1. 1. 0. 0. 0. 0. 0. 0. 0. 0. 0. 0. 0. 1. 0. 1. 0. 0. 0. 0. 0. 0. 0. 0. 0. 0. 0. 0.],5.0,1000,100,0.01,0.0015,1,5,idID,,best,single_objective
439,0.1598963451427471,0.47649110852538634,0.005785237519,[0.146084 0.       0.       0.146029 0.415558 0.       0.       0.       0.       0.       0.       0.       0.       0.       0.       0.       0.146167 0.       0.146162 0.       0.       0.       0.       0.       0.       0.       0.       0.       0.       0.       0.      ],[1. 0. 0. 1. 1. 0. 0. 0. 0. 0. 0. 0. 0. 0. 0. 0. 1. 0. 1. 0. 0. 0. 0. 0. 0. 0. 0. 0. 0. 0. 0.],5.0,1000,100,0.01,0.0015,1,5,idID,,best,single_objective
440,0.1598963451427471,0.47649110852538634,0.005785237519,[0.146084 0.       0.       0.146029 0.415558 0.       0.       0.       0.       0.       0.       0.       0.       0.       0.       0.       0.146167 0.       0.146162 0.       0.       0.       0.       0.       0.       0.       0.       0.       0.       0.       0.      ],[1. 0. 0. 1. 1. 0. 0. 0. 0. 0. 0. 0. 0. 0. 0. 0. 1. 0. 1. 0. 0. 0. 0. 0. 0. 0. 0. 0. 0. 0. 0.],5.0,1000,100,0.01,0.0015,1,5,idID,,best,single_objective
441,0.1598963451427471,0.47649110852538634,0.005785237519,[0.146084 0.       0.       0.146029 0.415558 0.       0.       0.       0.       0.       0.       0.       0.       0.       0.       0.       0.146167 0.       0.146162 0.       0.       0.       0.       0.       0.       0.       0.       0.       0.       0.       0.      ],[1. 0. 0. 1. 1. 0. 0. 0. 0. 0. 0. 0. 0. 0. 0. 0. 1. 0. 1. 0. 0. 0. 0. 0. 0. 0. 0. 0. 0. 0. 0.],5.0,1000,100,0.01,0.0015,1,5,idID,,best,single_objective
442,0.1598963451427471,0.47649110852538634,0.005785237519,[0.146084 0.       0.       0.146029 0.415558 0.       0.       0.       0.       0.       0.       0.       0.       0.       0.       0.       0.146167 0.       0.146162 0.       0.       0.       0.       0.       0.       0.       0.       0.       0.       0.       0.      ],[1. 0. 0. 1. 1. 0. 0. 0. 0. 0. 0. 0. 0. 0. 0. 0. 1. 0. 1. 0. 0. 0. 0. 0. 0. 0. 0. 0. 0. 0. 0.],5.0,1000,100,0.01,0.0015,1,5,idID,,best,single_objective
443,0.1598963451427471,0.47649110852538634,0.005785237519,[0.146084 0.       0.       0.146029 0.415558 0.       0.       0.       0.       0.       0.       0.       0.       0.       0.       0.       0.146167 0.       0.146162 0.       0.       0.       0.       0.       0.       0.       0.       0.       0.       0.       0.      ],[1. 0. 0. 1. 1. 0. 0. 0. 0. 0. 0. 0. 0. 0. 0. 0. 1. 0. 1. 0. 0. 0. 0. 0. 0. 0. 0. 0. 0. 0. 0.],5.0,1000,100,0.01,0.0015,1,5,idID,,best,single_objective
444,0.1598963451427471,0.47649110852538634,0.005785237519,[0.146084 0.       0.       0.146029 0.415558 0.       0.       0.       0.       0.       0.       0.       0.       0.       0.       0.       0.146167 0.       0.146162 0.       0.       0.       0.       0.       0.       0.       0.       0.       0.       0.       0.      ],[1. 0. 0. 1. 1. 0. 0. 0. 0. 0. 0. 0. 0. 0. 0. 0. 1. 0. 1. 0. 0. 0. 0. 0. 0. 0. 0. 0. 0. 0. 0.],5.0,1000,100,0.01,0.0015,1,5,idID,,best,single_objective
445,0.1598963451427471,0.47649110852538634,0.005785237519,[0.146084 0.       0.       0.146029 0.415558 0.       0.       0.       0.       0.       0.       0.       0.       0.       0.       0.       0.146167 0.       0.146162 0.       0.       0.       0.       0.       0.       0.       0.       0.       0.       0.       0.      ],[1. 0. 0. 1. 1. 0. 0. 0. 0. 0. 0. 0. 0. 0. 0. 0. 1. 0. 1. 0. 0. 0. 0. 0. 0. 0. 0. 0. 0. 0. 0.],5.0,1000,100,0.01,0.0015,1,5,idID,,best,single_objective
446,0.1598963451427471,0.47649110852538634,0.005785237519,[0.146084 0.       0.       0.146029 0.415558 0.       0.       0.       0.       0.       0.       0.       0.       0.       0.       0.       0.146167 0.       0.146162 0.       0.       0.       0.       0.       0.       0.       0.       0.       0.       0.       0.      ],[1. 0. 0. 1. 1. 0. 0. 0. 0. 0. 0. 0. 0. 0. 0. 0. 1. 0. 1. 0. 0. 0. 0. 0. 0. 0. 0. 0. 0. 0. 0.],5.0,1000,100,0.01,0.0015,1,5,idID,,best,single_objective
447,0.1598963451427471,0.47649110852538634,0.005785237519,[0.146084 0.       0.       0.146029 0.415558 0.       0.       0.       0.       0.       0.       0.       0.       0.       0.       0.       0.146167 0.       0.146162 0.       0.       0.       0.       0.       0.       0.       0.       0.       0.       0.       0.      ],[1. 0. 0. 1. 1. 0. 0. 0. 0. 0. 0. 0. 0. 0. 0. 0. 1. 0. 1. 0. 0. 0. 0. 0. 0. 0. 0. 0. 0. 0. 0.],5.0,1000,100,0.01,0.0015,1,5,idID,,best,single_objective
448,0.1598963451427471,0.47649110852538634,0.005785237519,[0.146084 0.       0.       0.146029 0.415558 0.       0.       0.       0.       0.       0.       0.       0.       0.       0.       0.       0.146167 0.       0.146162 0.       0.       0.       0.       0.       0.       0.       0.       0.       0.       0.       0.      ],[1. 0. 0. 1. 1. 0. 0. 0. 0. 0. 0. 0. 0. 0. 0. 0. 1. 0. 1. 0. 0. 0. 0. 0. 0. 0. 0. 0. 0. 0. 0.],5.0,1000,100,0.01,0.0015,1,5,idID,,best,single_objective
449,0.1598963451427471,0.47649110852538634,0.005785237519,[0.146084 0.       0.       0.146029 0.415558 0.       0.       0.       0.       0.       0.       0.       0.       0.       0.       0.       0.146167 0.       0.146162 0.       0.       0.       0.       0.       0.       0.       0.       0.       0.       0.       0.      ],[1. 0. 0. 1. 1. 0. 0. 0. 0. 0. 0. 0. 0. 0. 0. 0. 1. 0. 1. 0. 0. 0. 0. 0. 0. 0. 0. 0. 0. 0. 0.],5.0,1000,100,0.01,0.0015,1,5,idID,,best,single_objective
450,0.1598963451427471,0.47649110852538634,0.005785237519,[0.146084 0.       0.       0.146029 0.415558 0.       0.       0.       0.       0.       0.       0.       0.       0.       0.       0.       0.146167 0.       0.146162 0.       0.       0.       0.       0.       0.       0.       0.       0.       0.       0.       0.      ],[1. 0. 0. 1. 1. 0. 0. 0. 0. 0. 0. 0. 0. 0. 0. 0. 1. 0. 1. 0. 0. 0. 0. 0. 0. 0. 0. 0. 0. 0. 0.],5.0,1000,100,0.01,0.0015,1,5,idID,,best,single_objective
451,0.1598963451427471,0.47649110852538634,0.005785237519,[0.146084 0.       0.       0.146029 0.415558 0.       0.       0.       0.       0.       0.       0.       0.       0.       0.       0.       0.146167 0.       0.146162 0.       0.       0.       0.       0.       0.       0.       0.       0.       0.       0.       0.      ],[1. 0. 0. 1. 1. 0. 0. 0. 0. 0. 0. 0. 0. 0. 0. 0. 1. 0. 1. 0. 0. 0. 0. 0. 0. 0. 0. 0. 0. 0. 0.],5.0,1000,100,0.01,0.0015,1,5,idID,,best,single_objective
452,0.1598963451427471,0.47649110852538634,0.005785237519,[0.146084 0.       0.       0.146029 0.415558 0.       0.       0.       0.       0.       0.       0.       0.       0.       0.       0.       0.146167 0.       0.146162 0.       0.       0.       0.       0.       0.       0.       0.       0.       0.       0.       0.      ],[1. 0. 0. 1. 1. 0. 0. 0. 0. 0. 0. 0. 0. 0. 0. 0. 1. 0. 1. 0. 0. 0. 0. 0. 0. 0. 0. 0. 0. 0. 0.],5.0,1000,100,0.01,0.0015,1,5,idID,,best,single_objective
453,0.1598963451427471,0.47649110852538634,0.005785237519,[0.146084 0.       0.       0.146029 0.415558 0.       0.       0.       0.       0.       0.       0.       0.       0.       0.       0.       0.146167 0.       0.146162 0.       0.       0.       0.       0.       0.       0.       0.       0.       0.       0.       0.      ],[1. 0. 0. 1. 1. 0. 0. 0. 0. 0. 0. 0. 0. 0. 0. 0. 1. 0. 1. 0. 0. 0. 0. 0. 0. 0. 0. 0. 0. 0. 0.],5.0,1000,100,0.01,0.0015,1,5,idID,,best,single_objective
454,0.1598963451427471,0.47649110852538634,0.005785237519,[0.146084 0.       0.       0.146029 0.415558 0.       0.       0.       0.       0.       0.       0.       0.       0.       0.       0.       0.146167 0.       0.146162 0.       0.       0.       0.       0.       0.       0.       0.       0.       0.       0.       0.      ],[1. 0. 0. 1. 1. 0. 0. 0. 0. 0. 0. 0. 0. 0. 0. 0. 1. 0. 1. 0. 0. 0. 0. 0. 0. 0. 0. 0. 0. 0. 0.],5.0,1000,100,0.01,0.0015,1,5,idID,,best,single_objective
455,0.1598963451427471,0.47649110852538634,0.005785237519,[0.146084 0.       0.       0.146029 0.415558 0.       0.       0.       0.       0.       0.       0.       0.       0.       0.       0.       0.146167 0.       0.146162 0.       0.       0.       0.       0.       0.       0.       0.       0.       0.       0.       0.      ],[1. 0. 0. 1. 1. 0. 0. 0. 0. 0. 0. 0. 0. 0. 0. 0. 1. 0. 1. 0. 0. 0. 0. 0. 0. 0. 0. 0. 0. 0. 0.],5.0,1000,100,0.01,0.0015,1,5,idID,,best,single_objective
456,0.1598963451427471,0.47649110852538634,0.005785237519,[0.146084 0.       0.       0.146029 0.415558 0.       0.       0.       0.       0.       0.       0.       0.       0.       0.       0.       0.146167 0.       0.146162 0.       0.       0.       0.       0.       0.       0.       0.       0.       0.       0.       0.      ],[1. 0. 0. 1. 1. 0. 0. 0. 0. 0. 0. 0. 0. 0. 0. 0. 1. 0. 1. 0. 0. 0. 0. 0. 0. 0. 0. 0. 0. 0. 0.],5.0,1000,100,0.01,0.0015,1,5,idID,,best,single_objective
457,0.1598963451427471,0.47649110852538634,0.005785237519,[0.146084 0.       0.       0.146029 0.415558 0.       0.       0.       0.       0.       0.       0.       0.       0.       0.       0.       0.146167 0.       0.146162 0.       0.       0.       0.       0.       0.       0.       0.       0.       0.       0.       0.      ],[1. 0. 0. 1. 1. 0. 0. 0. 0. 0. 0. 0. 0. 0. 0. 0. 1. 0. 1. 0. 0. 0. 0. 0. 0. 0. 0. 0. 0. 0. 0.],5.0,1000,100,0.01,0.0015,1,5,idID,,best,single_objective
458,0.1598963451427471,0.47649110852538634,0.005785237519,[0.146084 0.       0.       0.146029 0.415558 0.       0.       0.       0.       0.       0.       0.       0.       0.       0.       0.       0.146167 0.       0.146162 0.       0.       0.       0.       0.       0.       0.       0.       0.       0.       0.       0.      ],[1. 0. 0. 1. 1. 0. 0. 0. 0. 0. 0. 0. 0. 0. 0. 0. 1. 0. 1. 0. 0. 0. 0. 0. 0. 0. 0. 0. 0. 0. 0.],5.0,1000,100,0.01,0.0015,1,5,idID,,best,single_objective
459,0.1598963451427471,0.47649110852538634,0.005785237519,[0.146084 0.       0.       0.146029 0.415558 0.       0.       0.       0.       0.       0.       0.       0.       0.       0.       0.       0.146167 0.       0.146162 0.       0.       0.       0.       0.       0.       0.       0.       0.       0.       0.       0.      ],[1. 0. 0. 1. 1. 0. 0. 0. 0. 0. 0. 0. 0. 0. 0. 0. 1. 0. 1. 0. 0. 0. 0. 0. 0. 0. 0. 0. 0. 0. 0.],5.0,1000,100,0.01,0.0015,1,5,idID,,best,single_objective
460,0.1598963451427471,0.47649110852538634,0.005785237519,[0.146084 0.       0.       0.146029 0.415558 0.       0.       0.       0.       0.       0.       0.       0.       0.       0.       0.       0.146167 0.       0.146162 0.       0.       0.       0.       0.       0.       0.       0.       0.       0.       0.       0.      ],[1. 0. 0. 1. 1. 0. 0. 0. 0. 0. 0. 0. 0. 0. 0. 0. 1. 0. 1. 0. 0. 0. 0. 0. 0. 0. 0. 0. 0. 0. 0.],5.0,1000,100,0.01,0.0015,1,5,idID,,best,single_objective
461,0.1598963451427471,0.47649110852538634,0.005785237519,[0.146084 0.       0.       0.146029 0.415558 0.       0.       0.       0.       0.       0.       0.       0.       0.       0.       0.       0.146167 0.       0.146162 0.       0.       0.       0.       0.       0.       0.       0.       0.       0.       0.       0.      ],[1. 0. 0. 1. 1. 0. 0. 0. 0. 0. 0. 0. 0. 0. 0. 0. 1. 0. 1. 0. 0. 0. 0. 0. 0. 0. 0. 0. 0. 0. 0.],5.0,1000,100,0.01,0.0015,1,5,idID,,best,single_objective
462,0.1598963451427471,0.47649110852538634,0.005785237519,[0.146084 0.       0.       0.146029 0.415558 0.       0.       0.       0.       0.       0.       0.       0.       0.       0.       0.       0.146167 0.       0.146162 0.       0.       0.       0.       0.       0.       0.       0.       0.       0.       0.       0.      ],[1. 0. 0. 1. 1. 0. 0. 0. 0. 0. 0. 0. 0. 0. 0. 0. 1. 0. 1. 0. 0. 0. 0. 0. 0. 0. 0. 0. 0. 0. 0.],5.0,1000,100,0.01,0.0015,1,5,idID,,best,single_objective
463,0.1598963451427471,0.47649110852538634,0.005785237519,[0.146084 0.       0.       0.146029 0.415558 0.       0.       0.       0.       0.       0.       0.       0.       0.       0.       0.       0.146167 0.       0.146162 0.       0.       0.       0.       0.       0.       0.       0.       0.       0.       0.       0.      ],[1. 0. 0. 1. 1. 0. 0. 0. 0. 0. 0. 0. 0. 0. 0. 0. 1. 0. 1. 0. 0. 0. 0. 0. 0. 0. 0. 0. 0. 0. 0.],5.0,1000,100,0.01,0.0015,1,5,idID,,best,single_objective
464,0.1598963451427471,0.47649110852538634,0.005785237519,[0.146084 0.       0.       0.146029 0.415558 0.       0.       0.       0.       0.       0.       0.       0.       0.       0.       0.       0.146167 0.       0.146162 0.       0.       0.       0.       0.       0.       0.       0.       0.       0.       0.       0.      ],[1. 0. 0. 1. 1. 0. 0. 0. 0. 0. 0. 0. 0. 0. 0. 0. 1. 0. 1. 0. 0. 0. 0. 0. 0. 0. 0. 0. 0. 0. 0.],5.0,1000,100,0.01,0.0015,1,5,idID,,best,single_objective
465,0.1598963451427471,0.47649110852538634,0.005785237519,[0.146084 0.       0.       0.146029 0.415558 0.       0.       0.       0.       0.       0.       0.       0.       0.       0.       0.       0.146167 0.       0.146162 0.       0.       0.       0.       0.       0.       0.       0.       0.       0.       0.       0.      ],[1. 0. 0. 1. 1. 0. 0. 0. 0. 0. 0. 0. 0. 0. 0. 0. 1. 0. 1. 0. 0. 0. 0. 0. 0. 0. 0. 0. 0. 0. 0.],5.0,1000,100,0.01,0.0015,1,5,idID,,best,single_objective
466,0.1598963451427471,0.47649110852538634,0.005785237519,[0.146084 0.       0.       0.146029 0.415558 0.       0.       0.       0.       0.       0.       0.       0.       0.       0.       0.       0.146167 0.       0.146162 0.       0.       0.       0.       0.       0.       0.       0.       0.       0.       0.       0.      ],[1. 0. 0. 1. 1. 0. 0. 0. 0. 0. 0. 0. 0. 0. 0. 0. 1. 0. 1. 0. 0. 0. 0. 0. 0. 0. 0. 0. 0. 0. 0.],5.0,1000,100,0.01,0.0015,1,5,idID,,best,single_objective
467,0.1598963451427471,0.47649110852538634,0.005785237519,[0.146084 0.       0.       0.146029 0.415558 0.       0.       0.       0.       0.       0.       0.       0.       0.       0.       0.       0.146167 0.       0.146162 0.       0.       0.       0.       0.       0.       0.       0.       0.       0.       0.       0.      ],[1. 0. 0. 1. 1. 0. 0. 0. 0. 0. 0. 0. 0. 0. 0. 0. 1. 0. 1. 0. 0. 0. 0. 0. 0. 0. 0. 0. 0. 0. 0.],5.0,1000,100,0.01,0.0015,1,5,idID,,best,single_objective
468,0.1598963451427471,0.47649110852538634,0.005785237519,[0.146084 0.       0.       0.146029 0.415558 0.       0.       0.       0.       0.       0.       0.       0.       0.       0.       0.       0.146167 0.       0.146162 0.       0.       0.       0.       0.       0.       0.       0.       0.       0.       0.       0.      ],[1. 0. 0. 1. 1. 0. 0. 0. 0. 0. 0. 0. 0. 0. 0. 0. 1. 0. 1. 0. 0. 0. 0. 0. 0. 0. 0. 0. 0. 0. 0.],5.0,1000,100,0.01,0.0015,1,5,idID,,best,single_objective
469,0.1598963451427471,0.47649110852538634,0.005785237519,[0.146084 0.       0.       0.146029 0.415558 0.       0.       0.       0.       0.       0.       0.       0.       0.       0.       0.       0.146167 0.       0.146162 0.       0.       0.       0.       0.       0.       0.       0.       0.       0.       0.       0.      ],[1. 0. 0. 1. 1. 0. 0. 0. 0. 0. 0. 0. 0. 0. 0. 0. 1. 0. 1. 0. 0. 0. 0. 0. 0. 0. 0. 0. 0. 0. 0.],5.0,1000,100,0.01,0.0015,1,5,idID,,best,single_objective
470,0.1598963451427471,0.47649110852538634,0.005785237519,[0.146084 0.       0.       0.146029 0.415558 0.       0.       0.       0.       0.       0.       0.       0.       0.       0.       0.       0.146167 0.       0.146162 0.       0.       0.       0.       0.       0.       0.       0.       0.       0.       0.       0.      ],[1. 0. 0. 1. 1. 0. 0. 0. 0. 0. 0. 0. 0. 0. 0. 0. 1. 0. 1. 0. 0. 0. 0. 0. 0. 0. 0. 0. 0. 0. 0.],5.0,1000,100,0.01,0.0015,1,5,idID,,best,single_objective
471,0.1598963451427471,0.47649110852538634,0.005785237519,[0.146084 0.       0.       0.146029 0.415558 0.       0.       0.       0.       0.       0.       0.       0.       0.       0.       0.       0.146167 0.       0.146162 0.       0.       0.       0.       0.       0.       0.       0.       0.       0.       0.       0.      ],[1. 0. 0. 1. 1. 0. 0. 0. 0. 0. 0. 0. 0. 0. 0. 0. 1. 0. 1. 0. 0. 0. 0. 0. 0. 0. 0. 0. 0. 0. 0.],5.0,1000,100,0.01,0.0015,1,5,idID,,best,single_objective
472,0.1598963451427471,0.47649110852538634,0.005785237519,[0.146084 0.       0.       0.146029 0.415558 0.       0.       0.       0.       0.       0.       0.       0.       0.       0.       0.       0.146167 0.       0.146162 0.       0.       0.       0.       0.       0.       0.       0.       0.       0.       0.       0.      ],[1. 0. 0. 1. 1. 0. 0. 0. 0. 0. 0. 0. 0. 0. 0. 0. 1. 0. 1. 0. 0. 0. 0. 0. 0. 0. 0. 0. 0. 0. 0.],5.0,1000,100,0.01,0.0015,1,5,idID,,best,single_objective
473,0.1598963451427471,0.47649110852538634,0.005785237519,[0.146084 0.       0.       0.146029 0.415558 0.       0.       0.       0.       0.       0.       0.       0.       0.       0.       0.       0.146167 0.       0.146162 0.       0.       0.       0.       0.       0.       0.       0.       0.       0.       0.       0.      ],[1. 0. 0. 1. 1. 0. 0. 0. 0. 0. 0. 0. 0. 0. 0. 0. 1. 0. 1. 0. 0. 0. 0. 0. 0. 0. 0. 0. 0. 0. 0.],5.0,1000,100,0.01,0.0015,1,5,idID,,best,single_objective
474,0.1598963451427471,0.47649110852538634,0.005785237519,[0.146084 0.       0.       0.146029 0.415558 0.       0.       0.       0.       0.       0.       0.       0.       0.       0.       0.       0.146167 0.       0.146162 0.       0.       0.       0.       0.       0.       0.       0.       0.       0.       0.       0.      ],[1. 0. 0. 1. 1. 0. 0. 0. 0. 0. 0. 0. 0. 0. 0. 0. 1. 0. 1. 0. 0. 0. 0. 0. 0. 0. 0. 0. 0. 0. 0.],5.0,1000,100,0.01,0.0015,1,5,idID,,best,single_objective
475,0.1598963451427471,0.47649110852538634,0.005785237519,[0.146084 0.       0.       0.146029 0.415558 0.       0.       0.       0.       0.       0.       0.       0.       0.       0.       0.       0.146167 0.       0.146162 0.       0.       0.       0.       0.       0.       0.       0.       0.       0.       0.       0.      ],[1. 0. 0. 1. 1. 0. 0. 0. 0. 0. 0. 0. 0. 0. 0. 0. 1. 0. 1. 0. 0. 0. 0. 0. 0. 0. 0. 0. 0. 0. 0.],5.0,1000,100,0.01,0.0015,1,5,idID,,best,single_objective
476,0.1598963451427471,0.47649110852538634,0.005785237519,[0.146084 0.       0.       0.146029 0.415558 0.       0.       0.       0.       0.       0.       0.       0.       0.       0.       0.       0.146167 0.       0.146162 0.       0.       0.       0.       0.       0.       0.       0.       0.       0.       0.       0.      ],[1. 0. 0. 1. 1. 0. 0. 0. 0. 0. 0. 0. 0. 0. 0. 0. 1. 0. 1. 0. 0. 0. 0. 0. 0. 0. 0. 0. 0. 0. 0.],5.0,1000,100,0.01,0.0015,1,5,idID,,best,single_objective
477,0.1598963451427471,0.47649110852538634,0.005785237519,[0.146084 0.       0.       0.146029 0.415558 0.       0.       0.       0.       0.       0.       0.       0.       0.       0.       0.       0.146167 0.       0.146162 0.       0.       0.       0.       0.       0.       0.       0.       0.       0.       0.       0.      ],[1. 0. 0. 1. 1. 0. 0. 0. 0. 0. 0. 0. 0. 0. 0. 0. 1. 0. 1. 0. 0. 0. 0. 0. 0. 0. 0. 0. 0. 0. 0.],5.0,1000,100,0.01,0.0015,1,5,idID,,best,single_objective
478,0.1598963451427471,0.47649110852538634,0.005785237519,[0.146084 0.       0.       0.146029 0.415558 0.       0.       0.       0.       0.       0.       0.       0.       0.       0.       0.       0.146167 0.       0.146162 0.       0.       0.       0.       0.       0.       0.       0.       0.       0.       0.       0.      ],[1. 0. 0. 1. 1. 0. 0. 0. 0. 0. 0. 0. 0. 0. 0. 0. 1. 0. 1. 0. 0. 0. 0. 0. 0. 0. 0. 0. 0. 0. 0.],5.0,1000,100,0.01,0.0015,1,5,idID,,best,single_objective
479,0.1598963451427471,0.47649110852538634,0.005785237519,[0.146084 0.       0.       0.146029 0.415558 0.       0.       0.       0.       0.       0.       0.       0.       0.       0.       0.       0.146167 0.       0.146162 0.       0.       0.       0.       0.       0.       0.       0.       0.       0.       0.       0.      ],[1. 0. 0. 1. 1. 0. 0. 0. 0. 0. 0. 0. 0. 0. 0. 0. 1. 0. 1. 0. 0. 0. 0. 0. 0. 0. 0. 0. 0. 0. 0.],5.0,1000,100,0.01,0.0015,1,5,idID,,best,single_objective
480,0.1598963451427471,0.47649110852538634,0.005785237519,[0.146084 0.       0.       0.146029 0.415558 0.       0.       0.       0.       0.       0.       0.       0.       0.       0.       0.       0.146167 0.       0.146162 0.       0.       0.       0.       0.       0.       0.       0.       0.       0.       0.       0.      ],[1. 0. 0. 1. 1. 0. 0. 0. 0. 0. 0. 0. 0. 0. 0. 0. 1. 0. 1. 0. 0. 0. 0. 0. 0. 0. 0. 0. 0. 0. 0.],5.0,1000,100,0.01,0.0015,1,5,idID,,best,single_objective
481,0.1598963451427471,0.47649110852538634,0.005785237519,[0.146084 0.       0.       0.146029 0.415558 0.       0.       0.       0.       0.       0.       0.       0.       0.       0.       0.       0.146167 0.       0.146162 0.       0.       0.       0.       0.       0.       0.       0.       0.       0.       0.       0.      ],[1. 0. 0. 1. 1. 0. 0. 0. 0. 0. 0. 0. 0. 0. 0. 0. 1. 0. 1. 0. 0. 0. 0. 0. 0. 0. 0. 0. 0. 0. 0.],5.0,1000,100,0.01,0.0015,1,5,idID,,best,single_objective
482,0.1598963451427471,0.47649110852538634,0.005785237519,[0.146084 0.       0.       0.146029 0.415558 0.       0.       0.       0.       0.       0.       0.       0.       0.       0.       0.       0.146167 0.       0.146162 0.       0.       0.       0.       0.       0.       0.       0.       0.       0.       0.       0.      ],[1. 0. 0. 1. 1. 0. 0. 0. 0. 0. 0. 0. 0. 0. 0. 0. 1. 0. 1. 0. 0. 0. 0. 0. 0. 0. 0. 0. 0. 0. 0.],5.0,1000,100,0.01,0.0015,1,5,idID,,best,single_objective
483,0.1598963451427471,0.47649110852538634,0.005785237519,[0.146084 0.       0.       0.146029 0.415558 0.       0.       0.       0.       0.       0.       0.       0.       0.       0.       0.       0.146167 0.       0.146162 0.       0.       0.       0.       0.       0.       0.       0.       0.       0.       0.       0.      ],[1. 0. 0. 1. 1. 0. 0. 0. 0. 0. 0. 0. 0. 0. 0. 0. 1. 0. 1. 0. 0. 0. 0. 0. 0. 0. 0. 0. 0. 0. 0.],5.0,1000,100,0.01,0.0015,1,5,idID,,best,single_objective
484,0.1598963451427471,0.47649110852538634,0.005785237519,[0.146084 0.       0.       0.146029 0.415558 0.       0.       0.       0.       0.       0.       0.       0.       0.       0.       0.       0.146167 0.       0.146162 0.       0.       0.       0.       0.       0.       0.       0.       0.       0.       0.       0.      ],[1. 0. 0. 1. 1. 0. 0. 0. 0. 0. 0. 0. 0. 0. 0. 0. 1. 0. 1. 0. 0. 0. 0. 0. 0. 0. 0. 0. 0. 0. 0.],5.0,1000,100,0.01,0.0015,1,5,idID,,best,single_objective
485,0.1598963451427471,0.47649110852538634,0.005785237519,[0.146084 0.       0.       0.146029 0.415558 0.       0.       0.       0.       0.       0.       0.       0.       0.       0.       0.       0.146167 0.       0.146162 0.       0.       0.       0.       0.       0.       0.       0.       0.       0.       0.       0.      ],[1. 0. 0. 1. 1. 0. 0. 0. 0. 0. 0. 0. 0. 0. 0. 0. 1. 0. 1. 0. 0. 0. 0. 0. 0. 0. 0. 0. 0. 0. 0.],5.0,1000,100,0.01,0.0015,1,5,idID,,best,single_objective
486,0.1598963451427471,0.47649110852538634,0.005785237519,[0.146084 0.       0.       0.146029 0.415558 0.       0.       0.       0.       0.       0.       0.       0.       0.       0.       0.       0.146167 0.       0.146162 0.       0.       0.       0.       0.       0.       0.       0.       0.       0.       0.       0.      ],[1. 0. 0. 1. 1. 0. 0. 0. 0. 0. 0. 0. 0. 0. 0. 0. 1. 0. 1. 0. 0. 0. 0. 0. 0. 0. 0. 0. 0. 0. 0.],5.0,1000,100,0.01,0.0015,1,5,idID,,best,single_objective
487,0.1598963451427471,0.47649110852538634,0.005785237519,[0.146084 0.       0.       0.146029 0.415558 0.       0.       0.       0.       0.       0.       0.       0.       0.       0.       0.       0.146167 0.       0.146162 0.       0.       0.       0.       0.       0.       0.       0.       0.       0.       0.       0.      ],[1. 0. 0. 1. 1. 0. 0. 0. 0. 0. 0. 0. 0. 0. 0. 0. 1. 0. 1. 0. 0. 0. 0. 0. 0. 0. 0. 0. 0. 0. 0.],5.0,1000,100,0.01,0.0015,1,5,idID,,best,single_objective
488,0.1598963451427471,0.47649110852538634,0.005785237519,[0.146084 0.       0.       0.146029 0.415558 0.       0.       0.       0.       0.       0.       0.       0.       0.       0.       0.       0.146167 0.       0.146162 0.       0.       0.       0.       0.       0.       0.       0.       0.       0.       0.       0.      ],[1. 0. 0. 1. 1. 0. 0. 0. 0. 0. 0. 0. 0. 0. 0. 0. 1. 0. 1. 0. 0. 0. 0. 0. 0. 0. 0. 0. 0. 0. 0.],5.0,1000,100,0.01,0.0015,1,5,idID,,best,single_objective
489,0.1598963451427471,0.47649110852538634,0.005785237519,[0.146084 0.       0.       0.146029 0.415558 0.       0.       0.       0.       0.       0.       0.       0.       0.       0.       0.       0.146167 0.       0.146162 0.       0.       0.       0.       0.       0.       0.       0.       0.       0.       0.       0.      ],[1. 0. 0. 1. 1. 0. 0. 0. 0. 0. 0. 0. 0. 0. 0. 0. 1. 0. 1. 0. 0. 0. 0. 0. 0. 0. 0. 0. 0. 0. 0.],5.0,1000,100,0.01,0.0015,1,5,idID,,best,single_objective
490,0.1598963451427471,0.47649110852538634,0.005785237519,[0.146084 0.       0.       0.146029 0.415558 0.       0.       0.       0.       0.       0.       0.       0.       0.       0.       0.       0.146167 0.       0.146162 0.       0.       0.       0.       0.       0.       0.       0.       0.       0.       0.       0.      ],[1. 0. 0. 1. 1. 0. 0. 0. 0. 0. 0. 0. 0. 0. 0. 0. 1. 0. 1. 0. 0. 0. 0. 0. 0. 0. 0. 0. 0. 0. 0.],5.0,1000,100,0.01,0.0015,1,5,idID,,best,single_objective
491,0.1598963451427471,0.47649110852538634,0.005785237519,[0.146084 0.       0.       0.146029 0.415558 0.       0.       0.       0.       0.       0.       0.       0.       0.       0.       0.       0.146167 0.       0.146162 0.       0.       0.       0.       0.       0.       0.       0.       0.       0.       0.       0.      ],[1. 0. 0. 1. 1. 0. 0. 0. 0. 0. 0. 0. 0. 0. 0. 0. 1. 0. 1. 0. 0. 0. 0. 0. 0. 0. 0. 0. 0. 0. 0.],5.0,1000,100,0.01,0.0015,1,5,idID,,best,single_objective
492,0.1598963451427471,0.47649110852538634,0.005785237519,[0.146084 0.       0.       0.146029 0.415558 0.       0.       0.       0.       0.       0.       0.       0.       0.       0.       0.       0.146167 0.       0.146162 0.       0.       0.       0.       0.       0.       0.       0.       0.       0.       0.       0.      ],[1. 0. 0. 1. 1. 0. 0. 0. 0. 0. 0. 0. 0. 0. 0. 0. 1. 0. 1. 0. 0. 0. 0. 0. 0. 0. 0. 0. 0. 0. 0.],5.0,1000,100,0.01,0.0015,1,5,idID,,best,single_objective
493,0.1598963451427471,0.47649110852538634,0.005785237519,[0.146084 0.       0.       0.146029 0.415558 0.       0.       0.       0.       0.       0.       0.       0.       0.       0.       0.       0.146167 0.       0.146162 0.       0.       0.       0.       0.       0.       0.       0.       0.       0.       0.       0.      ],[1. 0. 0. 1. 1. 0. 0. 0. 0. 0. 0. 0. 0. 0. 0. 0. 1. 0. 1. 0. 0. 0. 0. 0. 0. 0. 0. 0. 0. 0. 0.],5.0,1000,100,0.01,0.0015,1,5,idID,,best,single_objective
494,0.1598963451427471,0.47649110852538634,0.005785237519,[0.146084 0.       0.       0.146029 0.415558 0.       0.       0.       0.       0.       0.       0.       0.       0.       0.       0.       0.146167 0.       0.146162 0.       0.       0.       0.       0.       0.       0.       0.       0.       0.       0.       0.      ],[1. 0. 0. 1. 1. 0. 0. 0. 0. 0. 0. 0. 0. 0. 0. 0. 1. 0. 1. 0. 0. 0. 0. 0. 0. 0. 0. 0. 0. 0. 0.],5.0,1000,100,0.01,0.0015,1,5,idID,,best,single_objective
495,0.1598963451427471,0.47649110852538634,0.005785237519,[0.146084 0.       0.       0.146029 0.415558 0.       0.       0.       0.       0.       0.       0.       0.       0.       0.       0.       0.146167 0.       0.146162 0.       0.       0.       0.       0.       0.       0.       0.       0.       0.       0.       0.      ],[1. 0. 0. 1. 1. 0. 0. 0. 0. 0. 0. 0. 0. 0. 0. 0. 1. 0. 1. 0. 0. 0. 0. 0. 0. 0. 0. 0. 0. 0. 0.],5.0,1000,100,0.01,0.0015,1,5,idID,,best,single_objective
496,0.1598963451427471,0.47649110852538634,0.005785237519,[0.146084 0.       0.       0.146029 0.415558 0.       0.       0.       0.       0.       0.       0.       0.       0.       0.       0.       0.146167 0.       0.146162 0.       0.       0.       0.       0.       0.       0.       0.       0.       0.       0.       0.      ],[1. 0. 0. 1. 1. 0. 0. 0. 0. 0. 0. 0. 0. 0. 0. 0. 1. 0. 1. 0. 0. 0. 0. 0. 0. 0. 0. 0. 0. 0. 0.],5.0,1000,100,0.01,0.0015,1,5,idID,,best,single_objective
497,0.1598963451427471,0.47649110852538634,0.005785237519,[0.146084 0.       0.       0.146029 0.415558 0.       0.       0.       0.       0.       0.       0.       0.       0.       0.       0.       0.146167 0.       0.146162 0.       0.       0.       0.       0.       0.       0.       0.       0.       0.       0.       0.      ],[1. 0. 0. 1. 1. 0. 0. 0. 0. 0. 0. 0. 0. 0. 0. 0. 1. 0. 1. 0. 0. 0. 0. 0. 0. 0. 0. 0. 0. 0. 0.],5.0,1000,100,0.01,0.0015,1,5,idID,,best,single_objective
498,0.1598963451427471,0.47649110852538634,0.005785237519,[0.146084 0.       0.       0.146029 0.415558 0.       0.       0.       0.       0.       0.       0.       0.       0.       0.       0.       0.146167 0.       0.146162 0.       0.       0.       0.       0.       0.       0.       0.       0.       0.       0.       0.      ],[1. 0. 0. 1. 1. 0. 0. 0. 0. 0. 0. 0. 0. 0. 0. 0. 1. 0. 1. 0. 0. 0. 0. 0. 0. 0. 0. 0. 0. 0. 0.],5.0,1000,100,0.01,0.0015,1,5,idID,,best,single_objective
499,0.1598963451427471,0.47649110852538634,0.005785237519,[0.146084 0.       0.       0.146029 0.415558 0.       0.       0.       0.       0.       0.       0.       0.       0.       0.       0.       0.146167 0.       0.146162 0.       0.       0.       0.       0.       0.       0.       0.       0.       0.       0.       0.      ],[1. 0. 0. 1. 1. 0. 0. 0. 0. 0. 0. 0. 0. 0. 0. 0. 1. 0. 1. 0. 0. 0. 0. 0. 0. 0. 0. 0. 0. 0. 0.],5.0,1000,100,0.01,0.0015,1,5,idID,,best,single_objective
500,0.1598963451427471,0.47649110852538634,0.005785237519,[0.146084 0.       0.       0.146029 0.415558 0.       0.       0.       0.       0.       0.       0.       0.       0.       0.       0.       0.146167 0.       0.146162 0.       0.       0.       0.       0.       0.       0.       0.       0.       0.       0.       0.      ],[1. 0. 0. 1. 1. 0. 0. 0. 0. 0. 0. 0. 0. 0. 0. 0. 1. 0. 1. 0. 0. 0. 0. 0. 0. 0. 0. 0. 0. 0. 0.],5.0,1000,100,0.01,0.0015,1,5,idID,,best,single_objective
501,0.1598963451427471,0.47649110852538634,0.005785237519,[0.146084 0.       0.       0.146029 0.415558 0.       0.       0.       0.       0.       0.       0.       0.       0.       0.       0.       0.146167 0.       0.146162 0.       0.       0.       0.       0.       0.       0.       0.       0.       0.       0.       0.      ],[1. 0. 0. 1. 1. 0. 0. 0. 0. 0. 0. 0. 0. 0. 0. 0. 1. 0. 1. 0. 0. 0. 0. 0. 0. 0. 0. 0. 0. 0. 0.],5.0,1000,100,0.01,0.0015,1,5,idID,,best,single_objective
502,0.1598963451427471,0.47649110852538634,0.005785237519,[0.146084 0.       0.       0.146029 0.415558 0.       0.       0.       0.       0.       0.       0.       0.       0.       0.       0.       0.146167 0.       0.146162 0.       0.       0.       0.       0.       0.       0.       0.       0.       0.       0.       0.      ],[1. 0. 0. 1. 1. 0. 0. 0. 0. 0. 0. 0. 0. 0. 0. 0. 1. 0. 1. 0. 0. 0. 0. 0. 0. 0. 0. 0. 0. 0. 0.],5.0,1000,100,0.01,0.0015,1,5,idID,,best,single_objective
503,0.1598963451427471,0.47649110852538634,0.005785237519,[0.146084 0.       0.       0.146029 0.415558 0.       0.       0.       0.       0.       0.       0.       0.       0.       0.       0.       0.146167 0.       0.146162 0.       0.       0.       0.       0.       0.       0.       0.       0.       0.       0.       0.      ],[1. 0. 0. 1. 1. 0. 0. 0. 0. 0. 0. 0. 0. 0. 0. 0. 1. 0. 1. 0. 0. 0. 0. 0. 0. 0. 0. 0. 0. 0. 0.],5.0,1000,100,0.01,0.0015,1,5,idID,,best,single_objective
504,0.1598963451427471,0.47649110852538634,0.005785237519,[0.146084 0.       0.       0.146029 0.415558 0.       0.       0.       0.       0.       0.       0.       0.       0.       0.       0.       0.146167 0.       0.146162 0.       0.       0.       0.       0.       0.       0.       0.       0.       0.       0.       0.      ],[1. 0. 0. 1. 1. 0. 0. 0. 0. 0. 0. 0. 0. 0. 0. 0. 1. 0. 1. 0. 0. 0. 0. 0. 0. 0. 0. 0. 0. 0. 0.],5.0,1000,100,0.01,0.0015,1,5,idID,,best,single_objective
505,0.1598963451427471,0.47649110852538634,0.005785237519,[0.146084 0.       0.       0.146029 0.415558 0.       0.       0.       0.       0.       0.       0.       0.       0.       0.       0.       0.146167 0.       0.146162 0.       0.       0.       0.       0.       0.       0.       0.       0.       0.       0.       0.      ],[1. 0. 0. 1. 1. 0. 0. 0. 0. 0. 0. 0. 0. 0. 0. 0. 1. 0. 1. 0. 0. 0. 0. 0. 0. 0. 0. 0. 0. 0. 0.],5.0,1000,100,0.01,0.0015,1,5,idID,,best,single_objective
506,0.1598963451427471,0.47649110852538634,0.005785237519,[0.146084 0.       0.       0.146029 0.415558 0.       0.       0.       0.       0.       0.       0.       0.       0.       0.       0.       0.146167 0.       0.146162 0.       0.       0.       0.       0.       0.       0.       0.       0.       0.       0.       0.      ],[1. 0. 0. 1. 1. 0. 0. 0. 0. 0. 0. 0. 0. 0. 0. 0. 1. 0. 1. 0. 0. 0. 0. 0. 0. 0. 0. 0. 0. 0. 0.],5.0,1000,100,0.01,0.0015,1,5,idID,,best,single_objective
507,0.1598963451427471,0.47649110852538634,0.005785237519,[0.146084 0.       0.       0.146029 0.415558 0.       0.       0.       0.       0.       0.       0.       0.       0.       0.       0.       0.146167 0.       0.146162 0.       0.       0.       0.       0.       0.       0.       0.       0.       0.       0.       0.      ],[1. 0. 0. 1. 1. 0. 0. 0. 0. 0. 0. 0. 0. 0. 0. 0. 1. 0. 1. 0. 0. 0. 0. 0. 0. 0. 0. 0. 0. 0. 0.],5.0,1000,100,0.01,0.0015,1,5,idID,,best,single_objective
508,0.1598963451427471,0.47649110852538634,0.005785237519,[0.146084 0.       0.       0.146029 0.415558 0.       0.       0.       0.       0.       0.       0.       0.       0.       0.       0.       0.146167 0.       0.146162 0.       0.       0.       0.       0.       0.       0.       0.       0.       0.       0.       0.      ],[1. 0. 0. 1. 1. 0. 0. 0. 0. 0. 0. 0. 0. 0. 0. 0. 1. 0. 1. 0. 0. 0. 0. 0. 0. 0. 0. 0. 0. 0. 0.],5.0,1000,100,0.01,0.0015,1,5,idID,,best,single_objective
509,0.1598963451427471,0.47649110852538634,0.005785237519,[0.146084 0.       0.       0.146029 0.415558 0.       0.       0.       0.       0.       0.       0.       0.       0.       0.       0.       0.146167 0.       0.146162 0.       0.       0.       0.       0.       0.       0.       0.       0.       0.       0.       0.      ],[1. 0. 0. 1. 1. 0. 0. 0. 0. 0. 0. 0. 0. 0. 0. 0. 1. 0. 1. 0. 0. 0. 0. 0. 0. 0. 0. 0. 0. 0. 0.],5.0,1000,100,0.01,0.0015,1,5,idID,,best,single_objective
510,0.1598963451427471,0.47649110852538634,0.005785237519,[0.146084 0.       0.       0.146029 0.415558 0.       0.       0.       0.       0.       0.       0.       0.       0.       0.       0.       0.146167 0.       0.146162 0.       0.       0.       0.       0.       0.       0.       0.       0.       0.       0.       0.      ],[1. 0. 0. 1. 1. 0. 0. 0. 0. 0. 0. 0. 0. 0. 0. 0. 1. 0. 1. 0. 0. 0. 0. 0. 0. 0. 0. 0. 0. 0. 0.],5.0,1000,100,0.01,0.0015,1,5,idID,,best,single_objective
511,0.1598963451427471,0.47649110852538634,0.005785237519,[0.146084 0.       0.       0.146029 0.415558 0.       0.       0.       0.       0.       0.       0.       0.       0.       0.       0.       0.146167 0.       0.146162 0.       0.       0.       0.       0.       0.       0.       0.       0.       0.       0.       0.      ],[1. 0. 0. 1. 1. 0. 0. 0. 0. 0. 0. 0. 0. 0. 0. 0. 1. 0. 1. 0. 0. 0. 0. 0. 0. 0. 0. 0. 0. 0. 0.],5.0,1000,100,0.01,0.0015,1,5,idID,,best,single_objective
512,0.1598963451427471,0.47649110852538634,0.005785237519,[0.146084 0.       0.       0.146029 0.415558 0.       0.       0.       0.       0.       0.       0.       0.       0.       0.       0.       0.146167 0.       0.146162 0.       0.       0.       0.       0.       0.       0.       0.       0.       0.       0.       0.      ],[1. 0. 0. 1. 1. 0. 0. 0. 0. 0. 0. 0. 0. 0. 0. 0. 1. 0. 1. 0. 0. 0. 0. 0. 0. 0. 0. 0. 0. 0. 0.],5.0,1000,100,0.01,0.0015,1,5,idID,,best,single_objective
513,0.1598963451427471,0.47649110852538634,0.005785237519,[0.146084 0.       0.       0.146029 0.415558 0.       0.       0.       0.       0.       0.       0.       0.       0.       0.       0.       0.146167 0.       0.146162 0.       0.       0.       0.       0.       0.       0.       0.       0.       0.       0.       0.      ],[1. 0. 0. 1. 1. 0. 0. 0. 0. 0. 0. 0. 0. 0. 0. 0. 1. 0. 1. 0. 0. 0. 0. 0. 0. 0. 0. 0. 0. 0. 0.],5.0,1000,100,0.01,0.0015,1,5,idID,,best,single_objective
514,0.1598963451427471,0.47649110852538634,0.005785237519,[0.146084 0.       0.       0.146029 0.415558 0.       0.       0.       0.       0.       0.       0.       0.       0.       0.       0.       0.146167 0.       0.146162 0.       0.       0.       0.       0.       0.       0.       0.       0.       0.       0.       0.      ],[1. 0. 0. 1. 1. 0. 0. 0. 0. 0. 0. 0. 0. 0. 0. 0. 1. 0. 1. 0. 0. 0. 0. 0. 0. 0. 0. 0. 0. 0. 0.],5.0,1000,100,0.01,0.0015,1,5,idID,,best,single_objective
515,0.1598963451427471,0.47649110852538634,0.005785237519,[0.146084 0.       0.       0.146029 0.415558 0.       0.       0.       0.       0.       0.       0.       0.       0.       0.       0.       0.146167 0.       0.146162 0.       0.       0.       0.       0.       0.       0.       0.       0.       0.       0.       0.      ],[1. 0. 0. 1. 1. 0. 0. 0. 0. 0. 0. 0. 0. 0. 0. 0. 1. 0. 1. 0. 0. 0. 0. 0. 0. 0. 0. 0. 0. 0. 0.],5.0,1000,100,0.01,0.0015,1,5,idID,,best,single_objective
516,0.1598963451427471,0.47649110852538634,0.005785237519,[0.146084 0.       0.       0.146029 0.415558 0.       0.       0.       0.       0.       0.       0.       0.       0.       0.       0.       0.146167 0.       0.146162 0.       0.       0.       0.       0.       0.       0.       0.       0.       0.       0.       0.      ],[1. 0. 0. 1. 1. 0. 0. 0. 0. 0. 0. 0. 0. 0. 0. 0. 1. 0. 1. 0. 0. 0. 0. 0. 0. 0. 0. 0. 0. 0. 0.],5.0,1000,100,0.01,0.0015,1,5,idID,,best,single_objective
517,0.1598963451427471,0.47649110852538634,0.005785237519,[0.146084 0.       0.       0.146029 0.415558 0.       0.       0.       0.       0.       0.       0.       0.       0.       0.       0.       0.146167 0.       0.146162 0.       0.       0.       0.       0.       0.       0.       0.       0.       0.       0.       0.      ],[1. 0. 0. 1. 1. 0. 0. 0. 0. 0. 0. 0. 0. 0. 0. 0. 1. 0. 1. 0. 0. 0. 0. 0. 0. 0. 0. 0. 0. 0. 0.],5.0,1000,100,0.01,0.0015,1,5,idID,,best,single_objective
518,0.1598963451427471,0.47649110852538634,0.005785237519,[0.146084 0.       0.       0.146029 0.415558 0.       0.       0.       0.       0.       0.       0.       0.       0.       0.       0.       0.146167 0.       0.146162 0.       0.       0.       0.       0.       0.       0.       0.       0.       0.       0.       0.      ],[1. 0. 0. 1. 1. 0. 0. 0. 0. 0. 0. 0. 0. 0. 0. 0. 1. 0. 1. 0. 0. 0. 0. 0. 0. 0. 0. 0. 0. 0. 0.],5.0,1000,100,0.01,0.0015,1,5,idID,,best,single_objective
519,0.1598963451427471,0.47649110852538634,0.005785237519,[0.146084 0.       0.       0.146029 0.415558 0.       0.       0.       0.       0.       0.       0.       0.       0.       0.       0.       0.146167 0.       0.146162 0.       0.       0.       0.       0.       0.       0.       0.       0.       0.       0.       0.      ],[1. 0. 0. 1. 1. 0. 0. 0. 0. 0. 0. 0. 0. 0. 0. 0. 1. 0. 1. 0. 0. 0. 0. 0. 0. 0. 0. 0. 0. 0. 0.],5.0,1000,100,0.01,0.0015,1,5,idID,,best,single_objective
520,0.1598963451427471,0.47649110852538634,0.005785237519,[0.146084 0.       0.       0.146029 0.415558 0.       0.       0.       0.       0.       0.       0.       0.       0.       0.       0.       0.146167 0.       0.146162 0.       0.       0.       0.       0.       0.       0.       0.       0.       0.       0.       0.      ],[1. 0. 0. 1. 1. 0. 0. 0. 0. 0. 0. 0. 0. 0. 0. 0. 1. 0. 1. 0. 0. 0. 0. 0. 0. 0. 0. 0. 0. 0. 0.],5.0,1000,100,0.01,0.0015,1,5,idID,,best,single_objective
521,0.1598963451427471,0.47649110852538634,0.005785237519,[0.146084 0.       0.       0.146029 0.415558 0.       0.       0.       0.       0.       0.       0.       0.       0.       0.       0.       0.146167 0.       0.146162 0.       0.       0.       0.       0.       0.       0.       0.       0.       0.       0.       0.      ],[1. 0. 0. 1. 1. 0. 0. 0. 0. 0. 0. 0. 0. 0. 0. 0. 1. 0. 1. 0. 0. 0. 0. 0. 0. 0. 0. 0. 0. 0. 0.],5.0,1000,100,0.01,0.0015,1,5,idID,,best,single_objective
522,0.1598963451427471,0.47649110852538634,0.005785237519,[0.146084 0.       0.       0.146029 0.415558 0.       0.       0.       0.       0.       0.       0.       0.       0.       0.       0.       0.146167 0.       0.146162 0.       0.       0.       0.       0.       0.       0.       0.       0.       0.       0.       0.      ],[1. 0. 0. 1. 1. 0. 0. 0. 0. 0. 0. 0. 0. 0. 0. 0. 1. 0. 1. 0. 0. 0. 0. 0. 0. 0. 0. 0. 0. 0. 0.],5.0,1000,100,0.01,0.0015,1,5,idID,,best,single_objective
523,0.1598963451427471,0.47649110852538634,0.005785237519,[0.146084 0.       0.       0.146029 0.415558 0.       0.       0.       0.       0.       0.       0.       0.       0.       0.       0.       0.146167 0.       0.146162 0.       0.       0.       0.       0.       0.       0.       0.       0.       0.       0.       0.      ],[1. 0. 0. 1. 1. 0. 0. 0. 0. 0. 0. 0. 0. 0. 0. 0. 1. 0. 1. 0. 0. 0. 0. 0. 0. 0. 0. 0. 0. 0. 0.],5.0,1000,100,0.01,0.0015,1,5,idID,,best,single_objective
524,0.1598963451427471,0.47649110852538634,0.005785237519,[0.146084 0.       0.       0.146029 0.415558 0.       0.       0.       0.       0.       0.       0.       0.       0.       0.       0.       0.146167 0.       0.146162 0.       0.       0.       0.       0.       0.       0.       0.       0.       0.       0.       0.      ],[1. 0. 0. 1. 1. 0. 0. 0. 0. 0. 0. 0. 0. 0. 0. 0. 1. 0. 1. 0. 0. 0. 0. 0. 0. 0. 0. 0. 0. 0. 0.],5.0,1000,100,0.01,0.0015,1,5,idID,,best,single_objective
525,0.1598963451427471,0.47649110852538634,0.005785237519,[0.146084 0.       0.       0.146029 0.415558 0.       0.       0.       0.       0.       0.       0.       0.       0.       0.       0.       0.146167 0.       0.146162 0.       0.       0.       0.       0.       0.       0.       0.       0.       0.       0.       0.      ],[1. 0. 0. 1. 1. 0. 0. 0. 0. 0. 0. 0. 0. 0. 0. 0. 1. 0. 1. 0. 0. 0. 0. 0. 0. 0. 0. 0. 0. 0. 0.],5.0,1000,100,0.01,0.0015,1,5,idID,,best,single_objective
526,0.1598963451427471,0.47649110852538634,0.005785237519,[0.146084 0.       0.       0.146029 0.415558 0.       0.       0.       0.       0.       0.       0.       0.       0.       0.       0.       0.146167 0.       0.146162 0.       0.       0.       0.       0.       0.       0.       0.       0.       0.       0.       0.      ],[1. 0. 0. 1. 1. 0. 0. 0. 0. 0. 0. 0. 0. 0. 0. 0. 1. 0. 1. 0. 0. 0. 0. 0. 0. 0. 0. 0. 0. 0. 0.],5.0,1000,100,0.01,0.0015,1,5,idID,,best,single_objective
527,0.1598963451427471,0.47649110852538634,0.005785237519,[0.146084 0.       0.       0.146029 0.415558 0.       0.       0.       0.       0.       0.       0.       0.       0.       0.       0.       0.146167 0.       0.146162 0.       0.       0.       0.       0.       0.       0.       0.       0.       0.       0.       0.      ],[1. 0. 0. 1. 1. 0. 0. 0. 0. 0. 0. 0. 0. 0. 0. 0. 1. 0. 1. 0. 0. 0. 0. 0. 0. 0. 0. 0. 0. 0. 0.],5.0,1000,100,0.01,0.0015,1,5,idID,,best,single_objective
528,0.1598963451427471,0.47649110852538634,0.005785237519,[0.146084 0.       0.       0.146029 0.415558 0.       0.       0.       0.       0.       0.       0.       0.       0.       0.       0.       0.146167 0.       0.146162 0.       0.       0.       0.       0.       0.       0.       0.       0.       0.       0.       0.      ],[1. 0. 0. 1. 1. 0. 0. 0. 0. 0. 0. 0. 0. 0. 0. 0. 1. 0. 1. 0. 0. 0. 0. 0. 0. 0. 0. 0. 0. 0. 0.],5.0,1000,100,0.01,0.0015,1,5,idID,,best,single_objective
529,0.1598963451427471,0.47649110852538634,0.005785237519,[0.146084 0.       0.       0.146029 0.415558 0.       0.       0.       0.       0.       0.       0.       0.       0.       0.       0.       0.146167 0.       0.146162 0.       0.       0.       0.       0.       0.       0.       0.       0.       0.       0.       0.      ],[1. 0. 0. 1. 1. 0. 0. 0. 0. 0. 0. 0. 0. 0. 0. 0. 1. 0. 1. 0. 0. 0. 0. 0. 0. 0. 0. 0. 0. 0. 0.],5.0,1000,100,0.01,0.0015,1,5,idID,,best,single_objective
530,0.1598963451427471,0.47649110852538634,0.005785237519,[0.146084 0.       0.       0.146029 0.415558 0.       0.       0.       0.       0.       0.       0.       0.       0.       0.       0.       0.146167 0.       0.146162 0.       0.       0.       0.       0.       0.       0.       0.       0.       0.       0.       0.      ],[1. 0. 0. 1. 1. 0. 0. 0. 0. 0. 0. 0. 0. 0. 0. 0. 1. 0. 1. 0. 0. 0. 0. 0. 0. 0. 0. 0. 0. 0. 0.],5.0,1000,100,0.01,0.0015,1,5,idID,,best,single_objective
531,0.1598963451427471,0.47649110852538634,0.005785237519,[0.146084 0.       0.       0.146029 0.415558 0.       0.       0.       0.       0.       0.       0.       0.       0.       0.       0.       0.146167 0.       0.146162 0.       0.       0.       0.       0.       0.       0.       0.       0.       0.       0.       0.      ],[1. 0. 0. 1. 1. 0. 0. 0. 0. 0. 0. 0. 0. 0. 0. 0. 1. 0. 1. 0. 0. 0. 0. 0. 0. 0. 0. 0. 0. 0. 0.],5.0,1000,100,0.01,0.0015,1,5,idID,,best,single_objective
532,0.1598963451427471,0.47649110852538634,0.005785237519,[0.146084 0.       0.       0.146029 0.415558 0.       0.       0.       0.       0.       0.       0.       0.       0.       0.       0.       0.146167 0.       0.146162 0.       0.       0.       0.       0.       0.       0.       0.       0.       0.       0.       0.      ],[1. 0. 0. 1. 1. 0. 0. 0. 0. 0. 0. 0. 0. 0. 0. 0. 1. 0. 1. 0. 0. 0. 0. 0. 0. 0. 0. 0. 0. 0. 0.],5.0,1000,100,0.01,0.0015,1,5,idID,,best,single_objective
533,0.1598963451427471,0.47649110852538634,0.005785237519,[0.146084 0.       0.       0.146029 0.415558 0.       0.       0.       0.       0.       0.       0.       0.       0.       0.       0.       0.146167 0.       0.146162 0.       0.       0.       0.       0.       0.       0.       0.       0.       0.       0.       0.      ],[1. 0. 0. 1. 1. 0. 0. 0. 0. 0. 0. 0. 0. 0. 0. 0. 1. 0. 1. 0. 0. 0. 0. 0. 0. 0. 0. 0. 0. 0. 0.],5.0,1000,100,0.01,0.0015,1,5,idID,,best,single_objective
534,0.1598963451427471,0.47649110852538634,0.005785237519,[0.146084 0.       0.       0.146029 0.415558 0.       0.       0.       0.       0.       0.       0.       0.       0.       0.       0.       0.146167 0.       0.146162 0.       0.       0.       0.       0.       0.       0.       0.       0.       0.       0.       0.      ],[1. 0. 0. 1. 1. 0. 0. 0. 0. 0. 0. 0. 0. 0. 0. 0. 1. 0. 1. 0. 0. 0. 0. 0. 0. 0. 0. 0. 0. 0. 0.],5.0,1000,100,0.01,0.0015,1,5,idID,,best,single_objective
535,0.1598963451427471,0.47649110852538634,0.005785237519,[0.146084 0.       0.       0.146029 0.415558 0.       0.       0.       0.       0.       0.       0.       0.       0.       0.       0.       0.146167 0.       0.146162 0.       0.       0.       0.       0.       0.       0.       0.       0.       0.       0.       0.      ],[1. 0. 0. 1. 1. 0. 0. 0. 0. 0. 0. 0. 0. 0. 0. 0. 1. 0. 1. 0. 0. 0. 0. 0. 0. 0. 0. 0. 0. 0. 0.],5.0,1000,100,0.01,0.0015,1,5,idID,,best,single_objective
536,0.1598963451427471,0.47649110852538634,0.005785237519,[0.146084 0.       0.       0.146029 0.415558 0.       0.       0.       0.       0.       0.       0.       0.       0.       0.       0.       0.146167 0.       0.146162 0.       0.       0.       0.       0.       0.       0.       0.       0.       0.       0.       0.      ],[1. 0. 0. 1. 1. 0. 0. 0. 0. 0. 0. 0. 0. 0. 0. 0. 1. 0. 1. 0. 0. 0. 0. 0. 0. 0. 0. 0. 0. 0. 0.],5.0,1000,100,0.01,0.0015,1,5,idID,,best,single_objective
537,0.1598963451427471,0.47649110852538634,0.005785237519,[0.146084 0.       0.       0.146029 0.415558 0.       0.       0.       0.       0.       0.       0.       0.       0.       0.       0.       0.146167 0.       0.146162 0.       0.       0.       0.       0.       0.       0.       0.       0.       0.       0.       0.      ],[1. 0. 0. 1. 1. 0. 0. 0. 0. 0. 0. 0. 0. 0. 0. 0. 1. 0. 1. 0. 0. 0. 0. 0. 0. 0. 0. 0. 0. 0. 0.],5.0,1000,100,0.01,0.0015,1,5,idID,,best,single_objective
538,0.1598963451427471,0.47649110852538634,0.005785237519,[0.146084 0.       0.       0.146029 0.415558 0.       0.       0.       0.       0.       0.       0.       0.       0.       0.       0.       0.146167 0.       0.146162 0.       0.       0.       0.       0.       0.       0.       0.       0.       0.       0.       0.      ],[1. 0. 0. 1. 1. 0. 0. 0. 0. 0. 0. 0. 0. 0. 0. 0. 1. 0. 1. 0. 0. 0. 0. 0. 0. 0. 0. 0. 0. 0. 0.],5.0,1000,100,0.01,0.0015,1,5,idID,,best,single_objective
539,0.1598963451427471,0.47649110852538634,0.005785237519,[0.146084 0.       0.       0.146029 0.415558 0.       0.       0.       0.       0.       0.       0.       0.       0.       0.       0.       0.146167 0.       0.146162 0.       0.       0.       0.       0.       0.       0.       0.       0.       0.       0.       0.      ],[1. 0. 0. 1. 1. 0. 0. 0. 0. 0. 0. 0. 0. 0. 0. 0. 1. 0. 1. 0. 0. 0. 0. 0. 0. 0. 0. 0. 0. 0. 0.],5.0,1000,100,0.01,0.0015,1,5,idID,,best,single_objective
540,0.1598963451427471,0.47649110852538634,0.005785237519,[0.146084 0.       0.       0.146029 0.415558 0.       0.       0.       0.       0.       0.       0.       0.       0.       0.       0.       0.146167 0.       0.146162 0.       0.       0.       0.       0.       0.       0.       0.       0.       0.       0.       0.      ],[1. 0. 0. 1. 1. 0. 0. 0. 0. 0. 0. 0. 0. 0. 0. 0. 1. 0. 1. 0. 0. 0. 0. 0. 0. 0. 0. 0. 0. 0. 0.],5.0,1000,100,0.01,0.0015,1,5,idID,,best,single_objective
541,0.1598963451427471,0.47649110852538634,0.005785237519,[0.146084 0.       0.       0.146029 0.415558 0.       0.       0.       0.       0.       0.       0.       0.       0.       0.       0.       0.146167 0.       0.146162 0.       0.       0.       0.       0.       0.       0.       0.       0.       0.       0.       0.      ],[1. 0. 0. 1. 1. 0. 0. 0. 0. 0. 0. 0. 0. 0. 0. 0. 1. 0. 1. 0. 0. 0. 0. 0. 0. 0. 0. 0. 0. 0. 0.],5.0,1000,100,0.01,0.0015,1,5,idID,,best,single_objective
542,0.1598963451427471,0.47649110852538634,0.005785237519,[0.146084 0.       0.       0.146029 0.415558 0.       0.       0.       0.       0.       0.       0.       0.       0.       0.       0.       0.146167 0.       0.146162 0.       0.       0.       0.       0.       0.       0.       0.       0.       0.       0.       0.      ],[1. 0. 0. 1. 1. 0. 0. 0. 0. 0. 0. 0. 0. 0. 0. 0. 1. 0. 1. 0. 0. 0. 0. 0. 0. 0. 0. 0. 0. 0. 0.],5.0,1000,100,0.01,0.0015,1,5,idID,,best,single_objective
543,0.1598963451427471,0.47649110852538634,0.005785237519,[0.146084 0.       0.       0.146029 0.415558 0.       0.       0.       0.       0.       0.       0.       0.       0.       0.       0.       0.146167 0.       0.146162 0.       0.       0.       0.       0.       0.       0.       0.       0.       0.       0.       0.      ],[1. 0. 0. 1. 1. 0. 0. 0. 0. 0. 0. 0. 0. 0. 0. 0. 1. 0. 1. 0. 0. 0. 0. 0. 0. 0. 0. 0. 0. 0. 0.],5.0,1000,100,0.01,0.0015,1,5,idID,,best,single_objective
544,0.1598963451427471,0.47649110852538634,0.005785237519,[0.146084 0.       0.       0.146029 0.415558 0.       0.       0.       0.       0.       0.       0.       0.       0.       0.       0.       0.146167 0.       0.146162 0.       0.       0.       0.       0.       0.       0.       0.       0.       0.       0.       0.      ],[1. 0. 0. 1. 1. 0. 0. 0. 0. 0. 0. 0. 0. 0. 0. 0. 1. 0. 1. 0. 0. 0. 0. 0. 0. 0. 0. 0. 0. 0. 0.],5.0,1000,100,0.01,0.0015,1,5,idID,,best,single_objective
545,0.1598963451427471,0.47649110852538634,0.005785237519,[0.146084 0.       0.       0.146029 0.415558 0.       0.       0.       0.       0.       0.       0.       0.       0.       0.       0.       0.146167 0.       0.146162 0.       0.       0.       0.       0.       0.       0.       0.       0.       0.       0.       0.      ],[1. 0. 0. 1. 1. 0. 0. 0. 0. 0. 0. 0. 0. 0. 0. 0. 1. 0. 1. 0. 0. 0. 0. 0. 0. 0. 0. 0. 0. 0. 0.],5.0,1000,100,0.01,0.0015,1,5,idID,,best,single_objective
546,0.1598963451427471,0.47649110852538634,0.005785237519,[0.146084 0.       0.       0.146029 0.415558 0.       0.       0.       0.       0.       0.       0.       0.       0.       0.       0.       0.146167 0.       0.146162 0.       0.       0.       0.       0.       0.       0.       0.       0.       0.       0.       0.      ],[1. 0. 0. 1. 1. 0. 0. 0. 0. 0. 0. 0. 0. 0. 0. 0. 1. 0. 1. 0. 0. 0. 0. 0. 0. 0. 0. 0. 0. 0. 0.],5.0,1000,100,0.01,0.0015,1,5,idID,,best,single_objective
547,0.1598963451427471,0.47649110852538634,0.005785237519,[0.146084 0.       0.       0.146029 0.415558 0.       0.       0.       0.       0.       0.       0.       0.       0.       0.       0.       0.146167 0.       0.146162 0.       0.       0.       0.       0.       0.       0.       0.       0.       0.       0.       0.      ],[1. 0. 0. 1. 1. 0. 0. 0. 0. 0. 0. 0. 0. 0. 0. 0. 1. 0. 1. 0. 0. 0. 0. 0. 0. 0. 0. 0. 0. 0. 0.],5.0,1000,100,0.01,0.0015,1,5,idID,,best,single_objective
548,0.1598963451427471,0.47649110852538634,0.005785237519,[0.146084 0.       0.       0.146029 0.415558 0.       0.       0.       0.       0.       0.       0.       0.       0.       0.       0.       0.146167 0.       0.146162 0.       0.       0.       0.       0.       0.       0.       0.       0.       0.       0.       0.      ],[1. 0. 0. 1. 1. 0. 0. 0. 0. 0. 0. 0. 0. 0. 0. 0. 1. 0. 1. 0. 0. 0. 0. 0. 0. 0. 0. 0. 0. 0. 0.],5.0,1000,100,0.01,0.0015,1,5,idID,,best,single_objective
549,0.1598963451427471,0.47649110852538634,0.005785237519,[0.146084 0.       0.       0.146029 0.415558 0.       0.       0.       0.       0.       0.       0.       0.       0.       0.       0.       0.146167 0.       0.146162 0.       0.       0.       0.       0.       0.       0.       0.       0.       0.       0.       0.      ],[1. 0. 0. 1. 1. 0. 0. 0. 0. 0. 0. 0. 0. 0. 0. 0. 1. 0. 1. 0. 0. 0. 0. 0. 0. 0. 0. 0. 0. 0. 0.],5.0,1000,100,0.01,0.0015,1,5,idID,,best,single_objective
550,0.1598963451427471,0.47649110852538634,0.005785237519,[0.146084 0.       0.       0.146029 0.415558 0.       0.       0.       0.       0.       0.       0.       0.       0.       0.       0.       0.146167 0.       0.146162 0.       0.       0.       0.       0.       0.       0.       0.       0.       0.       0.       0.      ],[1. 0. 0. 1. 1. 0. 0. 0. 0. 0. 0. 0. 0. 0. 0. 0. 1. 0. 1. 0. 0. 0. 0. 0. 0. 0. 0. 0. 0. 0. 0.],5.0,1000,100,0.01,0.0015,1,5,idID,,best,single_objective
551,0.1598963451427471,0.47649110852538634,0.005785237519,[0.146084 0.       0.       0.146029 0.415558 0.       0.       0.       0.       0.       0.       0.       0.       0.       0.       0.       0.146167 0.       0.146162 0.       0.       0.       0.       0.       0.       0.       0.       0.       0.       0.       0.      ],[1. 0. 0. 1. 1. 0. 0. 0. 0. 0. 0. 0. 0. 0. 0. 0. 1. 0. 1. 0. 0. 0. 0. 0. 0. 0. 0. 0. 0. 0. 0.],5.0,1000,100,0.01,0.0015,1,5,idID,,best,single_objective
552,0.1598963451427471,0.47649110852538634,0.005785237519,[0.146084 0.       0.       0.146029 0.415558 0.       0.       0.       0.       0.       0.       0.       0.       0.       0.       0.       0.146167 0.       0.146162 0.       0.       0.       0.       0.       0.       0.       0.       0.       0.       0.       0.      ],[1. 0. 0. 1. 1. 0. 0. 0. 0. 0. 0. 0. 0. 0. 0. 0. 1. 0. 1. 0. 0. 0. 0. 0. 0. 0. 0. 0. 0. 0. 0.],5.0,1000,100,0.01,0.0015,1,5,idID,,best,single_objective
553,0.1598963451427471,0.47649110852538634,0.005785237519,[0.146084 0.       0.       0.146029 0.415558 0.       0.       0.       0.       0.       0.       0.       0.       0.       0.       0.       0.146167 0.       0.146162 0.       0.       0.       0.       0.       0.       0.       0.       0.       0.       0.       0.      ],[1. 0. 0. 1. 1. 0. 0. 0. 0. 0. 0. 0. 0. 0. 0. 0. 1. 0. 1. 0. 0. 0. 0. 0. 0. 0. 0. 0. 0. 0. 0.],5.0,1000,100,0.01,0.0015,1,5,idID,,best,single_objective
554,0.1598963451427471,0.47649110852538634,0.005785237519,[0.146084 0.       0.       0.146029 0.415558 0.       0.       0.       0.       0.       0.       0.       0.       0.       0.       0.       0.146167 0.       0.146162 0.       0.       0.       0.       0.       0.       0.       0.       0.       0.       0.       0.      ],[1. 0. 0. 1. 1. 0. 0. 0. 0. 0. 0. 0. 0. 0. 0. 0. 1. 0. 1. 0. 0. 0. 0. 0. 0. 0. 0. 0. 0. 0. 0.],5.0,1000,100,0.01,0.0015,1,5,idID,,best,single_objective
555,0.1598963451427471,0.47649110852538634,0.005785237519,[0.146084 0.       0.       0.146029 0.415558 0.       0.       0.       0.       0.       0.       0.       0.       0.       0.       0.       0.146167 0.       0.146162 0.       0.       0.       0.       0.       0.       0.       0.       0.       0.       0.       0.      ],[1. 0. 0. 1. 1. 0. 0. 0. 0. 0. 0. 0. 0. 0. 0. 0. 1. 0. 1. 0. 0. 0. 0. 0. 0. 0. 0. 0. 0. 0. 0.],5.0,1000,100,0.01,0.0015,1,5,idID,,best,single_objective
556,0.1598963451427471,0.47649110852538634,0.005785237519,[0.146084 0.       0.       0.146029 0.415558 0.       0.       0.       0.       0.       0.       0.       0.       0.       0.       0.       0.146167 0.       0.146162 0.       0.       0.       0.       0.       0.       0.       0.       0.       0.       0.       0.      ],[1. 0. 0. 1. 1. 0. 0. 0. 0. 0. 0. 0. 0. 0. 0. 0. 1. 0. 1. 0. 0. 0. 0. 0. 0. 0. 0. 0. 0. 0. 0.],5.0,1000,100,0.01,0.0015,1,5,idID,,best,single_objective
557,0.1598963451427471,0.47649110852538634,0.005785237519,[0.146084 0.       0.       0.146029 0.415558 0.       0.       0.       0.       0.       0.       0.       0.       0.       0.       0.       0.146167 0.       0.146162 0.       0.       0.       0.       0.       0.       0.       0.       0.       0.       0.       0.      ],[1. 0. 0. 1. 1. 0. 0. 0. 0. 0. 0. 0. 0. 0. 0. 0. 1. 0. 1. 0. 0. 0. 0. 0. 0. 0. 0. 0. 0. 0. 0.],5.0,1000,100,0.01,0.0015,1,5,idID,,best,single_objective
558,0.1598963451427471,0.47649110852538634,0.005785237519,[0.146084 0.       0.       0.146029 0.415558 0.       0.       0.       0.       0.       0.       0.       0.       0.       0.       0.       0.146167 0.       0.146162 0.       0.       0.       0.       0.       0.       0.       0.       0.       0.       0.       0.      ],[1. 0. 0. 1. 1. 0. 0. 0. 0. 0. 0. 0. 0. 0. 0. 0. 1. 0. 1. 0. 0. 0. 0. 0. 0. 0. 0. 0. 0. 0. 0.],5.0,1000,100,0.01,0.0015,1,5,idID,,best,single_objective
559,0.1598963451427471,0.47649110852538634,0.005785237519,[0.146084 0.       0.       0.146029 0.415558 0.       0.       0.       0.       0.       0.       0.       0.       0.       0.       0.       0.146167 0.       0.146162 0.       0.       0.       0.       0.       0.       0.       0.       0.       0.       0.       0.      ],[1. 0. 0. 1. 1. 0. 0. 0. 0. 0. 0. 0. 0. 0. 0. 0. 1. 0. 1. 0. 0. 0. 0. 0. 0. 0. 0. 0. 0. 0. 0.],5.0,1000,100,0.01,0.0015,1,5,idID,,best,single_objective
560,0.1598963451427471,0.47649110852538634,0.005785237519,[0.146084 0.       0.       0.146029 0.415558 0.       0.       0.       0.       0.       0.       0.       0.       0.       0.       0.       0.146167 0.       0.146162 0.       0.       0.       0.       0.       0.       0.       0.       0.       0.       0.       0.      ],[1. 0. 0. 1. 1. 0. 0. 0. 0. 0. 0. 0. 0. 0. 0. 0. 1. 0. 1. 0. 0. 0. 0. 0. 0. 0. 0. 0. 0. 0. 0.],5.0,1000,100,0.01,0.0015,1,5,idID,,best,single_objective
561,0.1598963451427471,0.47649110852538634,0.005785237519,[0.146084 0.       0.       0.146029 0.415558 0.       0.       0.       0.       0.       0.       0.       0.       0.       0.       0.       0.146167 0.       0.146162 0.       0.       0.       0.       0.       0.       0.       0.       0.       0.       0.       0.      ],[1. 0. 0. 1. 1. 0. 0. 0. 0. 0. 0. 0. 0. 0. 0. 0. 1. 0. 1. 0. 0. 0. 0. 0. 0. 0. 0. 0. 0. 0. 0.],5.0,1000,100,0.01,0.0015,1,5,idID,,best,single_objective
562,0.1598963451427471,0.47649110852538634,0.005785237519,[0.146084 0.       0.       0.146029 0.415558 0.       0.       0.       0.       0.       0.       0.       0.       0.       0.       0.       0.146167 0.       0.146162 0.       0.       0.       0.       0.       0.       0.       0.       0.       0.       0.       0.      ],[1. 0. 0. 1. 1. 0. 0. 0. 0. 0. 0. 0. 0. 0. 0. 0. 1. 0. 1. 0. 0. 0. 0. 0. 0. 0. 0. 0. 0. 0. 0.],5.0,1000,100,0.01,0.0015,1,5,idID,,best,single_objective
563,0.1598963451427471,0.47649110852538634,0.005785237519,[0.146084 0.       0.       0.146029 0.415558 0.       0.       0.       0.       0.       0.       0.       0.       0.       0.       0.       0.146167 0.       0.146162 0.       0.       0.       0.       0.       0.       0.       0.       0.       0.       0.       0.      ],[1. 0. 0. 1. 1. 0. 0. 0. 0. 0. 0. 0. 0. 0. 0. 0. 1. 0. 1. 0. 0. 0. 0. 0. 0. 0. 0. 0. 0. 0. 0.],5.0,1000,100,0.01,0.0015,1,5,idID,,best,single_objective
564,0.1598963451427471,0.47649110852538634,0.005785237519,[0.146084 0.       0.       0.146029 0.415558 0.       0.       0.       0.       0.       0.       0.       0.       0.       0.       0.       0.146167 0.       0.146162 0.       0.       0.       0.       0.       0.       0.       0.       0.       0.       0.       0.      ],[1. 0. 0. 1. 1. 0. 0. 0. 0. 0. 0. 0. 0. 0. 0. 0. 1. 0. 1. 0. 0. 0. 0. 0. 0. 0. 0. 0. 0. 0. 0.],5.0,1000,100,0.01,0.0015,1,5,idID,,best,single_objective
565,0.1598963451427471,0.47649110852538634,0.005785237519,[0.146084 0.       0.       0.146029 0.415558 0.       0.       0.       0.       0.       0.       0.       0.       0.       0.       0.       0.146167 0.       0.146162 0.       0.       0.       0.       0.       0.       0.       0.       0.       0.       0.       0.      ],[1. 0. 0. 1. 1. 0. 0. 0. 0. 0. 0. 0. 0. 0. 0. 0. 1. 0. 1. 0. 0. 0. 0. 0. 0. 0. 0. 0. 0. 0. 0.],5.0,1000,100,0.01,0.0015,1,5,idID,,best,single_objective
566,0.1598963451427471,0.47649110852538634,0.005785237519,[0.146084 0.       0.       0.146029 0.415558 0.       0.       0.       0.       0.       0.       0.       0.       0.       0.       0.       0.146167 0.       0.146162 0.       0.       0.       0.       0.       0.       0.       0.       0.       0.       0.       0.      ],[1. 0. 0. 1. 1. 0. 0. 0. 0. 0. 0. 0. 0. 0. 0. 0. 1. 0. 1. 0. 0. 0. 0. 0. 0. 0. 0. 0. 0. 0. 0.],5.0,1000,100,0.01,0.0015,1,5,idID,,best,single_objective
567,0.1598963451427471,0.47649110852538634,0.005785237519,[0.146084 0.       0.       0.146029 0.415558 0.       0.       0.       0.       0.       0.       0.       0.       0.       0.       0.       0.146167 0.       0.146162 0.       0.       0.       0.       0.       0.       0.       0.       0.       0.       0.       0.      ],[1. 0. 0. 1. 1. 0. 0. 0. 0. 0. 0. 0. 0. 0. 0. 0. 1. 0. 1. 0. 0. 0. 0. 0. 0. 0. 0. 0. 0. 0. 0.],5.0,1000,100,0.01,0.0015,1,5,idID,,best,single_objective
568,0.1598963451427471,0.47649110852538634,0.005785237519,[0.146084 0.       0.       0.146029 0.415558 0.       0.       0.       0.       0.       0.       0.       0.       0.       0.       0.       0.146167 0.       0.146162 0.       0.       0.       0.       0.       0.       0.       0.       0.       0.       0.       0.      ],[1. 0. 0. 1. 1. 0. 0. 0. 0. 0. 0. 0. 0. 0. 0. 0. 1. 0. 1. 0. 0. 0. 0. 0. 0. 0. 0. 0. 0. 0. 0.],5.0,1000,100,0.01,0.0015,1,5,idID,,best,single_objective
569,0.1598963451427471,0.47649110852538634,0.005785237519,[0.146084 0.       0.       0.146029 0.415558 0.       0.       0.       0.       0.       0.       0.       0.       0.       0.       0.       0.146167 0.       0.146162 0.       0.       0.       0.       0.       0.       0.       0.       0.       0.       0.       0.      ],[1. 0. 0. 1. 1. 0. 0. 0. 0. 0. 0. 0. 0. 0. 0. 0. 1. 0. 1. 0. 0. 0. 0. 0. 0. 0. 0. 0. 0. 0. 0.],5.0,1000,100,0.01,0.0015,1,5,idID,,best,single_objective
570,0.1598963451427471,0.47649110852538634,0.005785237519,[0.146084 0.       0.       0.146029 0.415558 0.       0.       0.       0.       0.       0.       0.       0.       0.       0.       0.       0.146167 0.       0.146162 0.       0.       0.       0.       0.       0.       0.       0.       0.       0.       0.       0.      ],[1. 0. 0. 1. 1. 0. 0. 0. 0. 0. 0. 0. 0. 0. 0. 0. 1. 0. 1. 0. 0. 0. 0. 0. 0. 0. 0. 0. 0. 0. 0.],5.0,1000,100,0.01,0.0015,1,5,idID,,best,single_objective
571,0.1598963451427471,0.47649110852538634,0.005785237519,[0.146084 0.       0.       0.146029 0.415558 0.       0.       0.       0.       0.       0.       0.       0.       0.       0.       0.       0.146167 0.       0.146162 0.       0.       0.       0.       0.       0.       0.       0.       0.       0.       0.       0.      ],[1. 0. 0. 1. 1. 0. 0. 0. 0. 0. 0. 0. 0. 0. 0. 0. 1. 0. 1. 0. 0. 0. 0. 0. 0. 0. 0. 0. 0. 0. 0.],5.0,1000,100,0.01,0.0015,1,5,idID,,best,single_objective
572,0.1598963451427471,0.47649110852538634,0.005785237519,[0.146084 0.       0.       0.146029 0.415558 0.       0.       0.       0.       0.       0.       0.       0.       0.       0.       0.       0.146167 0.       0.146162 0.       0.       0.       0.       0.       0.       0.       0.       0.       0.       0.       0.      ],[1. 0. 0. 1. 1. 0. 0. 0. 0. 0. 0. 0. 0. 0. 0. 0. 1. 0. 1. 0. 0. 0. 0. 0. 0. 0. 0. 0. 0. 0. 0.],5.0,1000,100,0.01,0.0015,1,5,idID,,best,single_objective
573,0.1598963451427471,0.47649110852538634,0.005785237519,[0.146084 0.       0.       0.146029 0.415558 0.       0.       0.       0.       0.       0.       0.       0.       0.       0.       0.       0.146167 0.       0.146162 0.       0.       0.       0.       0.       0.       0.       0.       0.       0.       0.       0.      ],[1. 0. 0. 1. 1. 0. 0. 0. 0. 0. 0. 0. 0. 0. 0. 0. 1. 0. 1. 0. 0. 0. 0. 0. 0. 0. 0. 0. 0. 0. 0.],5.0,1000,100,0.01,0.0015,1,5,idID,,best,single_objective
574,0.1598963451427471,0.47649110852538634,0.005785237519,[0.146084 0.       0.       0.146029 0.415558 0.       0.       0.       0.       0.       0.       0.       0.       0.       0.       0.       0.146167 0.       0.146162 0.       0.       0.       0.       0.       0.       0.       0.       0.       0.       0.       0.      ],[1. 0. 0. 1. 1. 0. 0. 0. 0. 0. 0. 0. 0. 0. 0. 0. 1. 0. 1. 0. 0. 0. 0. 0. 0. 0. 0. 0. 0. 0. 0.],5.0,1000,100,0.01,0.0015,1,5,idID,,best,single_objective
575,0.1598963451427471,0.47649110852538634,0.005785237519,[0.146084 0.       0.       0.146029 0.415558 0.       0.       0.       0.       0.       0.       0.       0.       0.       0.       0.       0.146167 0.       0.146162 0.       0.       0.       0.       0.       0.       0.       0.       0.       0.       0.       0.      ],[1. 0. 0. 1. 1. 0. 0. 0. 0. 0. 0. 0. 0. 0. 0. 0. 1. 0. 1. 0. 0. 0. 0. 0. 0. 0. 0. 0. 0. 0. 0.],5.0,1000,100,0.01,0.0015,1,5,idID,,best,single_objective
576,0.1598963451427471,0.47649110852538634,0.005785237519,[0.146084 0.       0.       0.146029 0.415558 0.       0.       0.       0.       0.       0.       0.       0.       0.       0.       0.       0.146167 0.       0.146162 0.       0.       0.       0.       0.       0.       0.       0.       0.       0.       0.       0.      ],[1. 0. 0. 1. 1. 0. 0. 0. 0. 0. 0. 0. 0. 0. 0. 0. 1. 0. 1. 0. 0. 0. 0. 0. 0. 0. 0. 0. 0. 0. 0.],5.0,1000,100,0.01,0.0015,1,5,idID,,best,single_objective
577,0.1598963451427471,0.47649110852538634,0.005785237519,[0.146084 0.       0.       0.146029 0.415558 0.       0.       0.       0.       0.       0.       0.       0.       0.       0.       0.       0.146167 0.       0.146162 0.       0.       0.       0.       0.       0.       0.       0.       0.       0.       0.       0.      ],[1. 0. 0. 1. 1. 0. 0. 0. 0. 0. 0. 0. 0. 0. 0. 0. 1. 0. 1. 0. 0. 0. 0. 0. 0. 0. 0. 0. 0. 0. 0.],5.0,1000,100,0.01,0.0015,1,5,idID,,best,single_objective
578,0.1598963451427471,0.47649110852538634,0.005785237519,[0.146084 0.       0.       0.146029 0.415558 0.       0.       0.       0.       0.       0.       0.       0.       0.       0.       0.       0.146167 0.       0.146162 0.       0.       0.       0.       0.       0.       0.       0.       0.       0.       0.       0.      ],[1. 0. 0. 1. 1. 0. 0. 0. 0. 0. 0. 0. 0. 0. 0. 0. 1. 0. 1. 0. 0. 0. 0. 0. 0. 0. 0. 0. 0. 0. 0.],5.0,1000,100,0.01,0.0015,1,5,idID,,best,single_objective
579,0.1598963451427471,0.47649110852538634,0.005785237519,[0.146084 0.       0.       0.146029 0.415558 0.       0.       0.       0.       0.       0.       0.       0.       0.       0.       0.       0.146167 0.       0.146162 0.       0.       0.       0.       0.       0.       0.       0.       0.       0.       0.       0.      ],[1. 0. 0. 1. 1. 0. 0. 0. 0. 0. 0. 0. 0. 0. 0. 0. 1. 0. 1. 0. 0. 0. 0. 0. 0. 0. 0. 0. 0. 0. 0.],5.0,1000,100,0.01,0.0015,1,5,idID,,best,single_objective
580,0.1598963451427471,0.47649110852538634,0.005785237519,[0.146084 0.       0.       0.146029 0.415558 0.       0.       0.       0.       0.       0.       0.       0.       0.       0.       0.       0.146167 0.       0.146162 0.       0.       0.       0.       0.       0.       0.       0.       0.       0.       0.       0.      ],[1. 0. 0. 1. 1. 0. 0. 0. 0. 0. 0. 0. 0. 0. 0. 0. 1. 0. 1. 0. 0. 0. 0. 0. 0. 0. 0. 0. 0. 0. 0.],5.0,1000,100,0.01,0.0015,1,5,idID,,best,single_objective
581,0.1598963451427471,0.47649110852538634,0.005785237519,[0.146084 0.       0.       0.146029 0.415558 0.       0.       0.       0.       0.       0.       0.       0.       0.       0.       0.       0.146167 0.       0.146162 0.       0.       0.       0.       0.       0.       0.       0.       0.       0.       0.       0.      ],[1. 0. 0. 1. 1. 0. 0. 0. 0. 0. 0. 0. 0. 0. 0. 0. 1. 0. 1. 0. 0. 0. 0. 0. 0. 0. 0. 0. 0. 0. 0.],5.0,1000,100,0.01,0.0015,1,5,idID,,best,single_objective
582,0.1598963451427471,0.47649110852538634,0.005785237519,[0.146084 0.       0.       0.146029 0.415558 0.       0.       0.       0.       0.       0.       0.       0.       0.       0.       0.       0.146167 0.       0.146162 0.       0.       0.       0.       0.       0.       0.       0.       0.       0.       0.       0.      ],[1. 0. 0. 1. 1. 0. 0. 0. 0. 0. 0. 0. 0. 0. 0. 0. 1. 0. 1. 0. 0. 0. 0. 0. 0. 0. 0. 0. 0. 0. 0.],5.0,1000,100,0.01,0.0015,1,5,idID,,best,single_objective
583,0.1598963451427471,0.47649110852538634,0.005785237519,[0.146084 0.       0.       0.146029 0.415558 0.       0.       0.       0.       0.       0.       0.       0.       0.       0.       0.       0.146167 0.       0.146162 0.       0.       0.       0.       0.       0.       0.       0.       0.       0.       0.       0.      ],[1. 0. 0. 1. 1. 0. 0. 0. 0. 0. 0. 0. 0. 0. 0. 0. 1. 0. 1. 0. 0. 0. 0. 0. 0. 0. 0. 0. 0. 0. 0.],5.0,1000,100,0.01,0.0015,1,5,idID,,best,single_objective
584,0.1598963451427471,0.47649110852538634,0.005785237519,[0.146084 0.       0.       0.146029 0.415558 0.       0.       0.       0.       0.       0.       0.       0.       0.       0.       0.       0.146167 0.       0.146162 0.       0.       0.       0.       0.       0.       0.       0.       0.       0.       0.       0.      ],[1. 0. 0. 1. 1. 0. 0. 0. 0. 0. 0. 0. 0. 0. 0. 0. 1. 0. 1. 0. 0. 0. 0. 0. 0. 0. 0. 0. 0. 0. 0.],5.0,1000,100,0.01,0.0015,1,5,idID,,best,single_objective
585,0.1598963451427471,0.47649110852538634,0.005785237519,[0.146084 0.       0.       0.146029 0.415558 0.       0.       0.       0.       0.       0.       0.       0.       0.       0.       0.       0.146167 0.       0.146162 0.       0.       0.       0.       0.       0.       0.       0.       0.       0.       0.       0.      ],[1. 0. 0. 1. 1. 0. 0. 0. 0. 0. 0. 0. 0. 0. 0. 0. 1. 0. 1. 0. 0. 0. 0. 0. 0. 0. 0. 0. 0. 0. 0.],5.0,1000,100,0.01,0.0015,1,5,idID,,best,single_objective
586,0.1598963451427471,0.47649110852538634,0.005785237519,[0.146084 0.       0.       0.146029 0.415558 0.       0.       0.       0.       0.       0.       0.       0.       0.       0.       0.       0.146167 0.       0.146162 0.       0.       0.       0.       0.       0.       0.       0.       0.       0.       0.       0.      ],[1. 0. 0. 1. 1. 0. 0. 0. 0. 0. 0. 0. 0. 0. 0. 0. 1. 0. 1. 0. 0. 0. 0. 0. 0. 0. 0. 0. 0. 0. 0.],5.0,1000,100,0.01,0.0015,1,5,idID,,best,single_objective
587,0.1598963451427471,0.47649110852538634,0.005785237519,[0.146084 0.       0.       0.146029 0.415558 0.       0.       0.       0.       0.       0.       0.       0.       0.       0.       0.       0.146167 0.       0.146162 0.       0.       0.       0.       0.       0.       0.       0.       0.       0.       0.       0.      ],[1. 0. 0. 1. 1. 0. 0. 0. 0. 0. 0. 0. 0. 0. 0. 0. 1. 0. 1. 0. 0. 0. 0. 0. 0. 0. 0. 0. 0. 0. 0.],5.0,1000,100,0.01,0.0015,1,5,idID,,best,single_objective
588,0.1598963451427471,0.47649110852538634,0.005785237519,[0.146084 0.       0.       0.146029 0.415558 0.       0.       0.       0.       0.       0.       0.       0.       0.       0.       0.       0.146167 0.       0.146162 0.       0.       0.       0.       0.       0.       0.       0.       0.       0.       0.       0.      ],[1. 0. 0. 1. 1. 0. 0. 0. 0. 0. 0. 0. 0. 0. 0. 0. 1. 0. 1. 0. 0. 0. 0. 0. 0. 0. 0. 0. 0. 0. 0.],5.0,1000,100,0.01,0.0015,1,5,idID,,best,single_objective
589,0.1598963451427471,0.47649110852538634,0.005785237519,[0.146084 0.       0.       0.146029 0.415558 0.       0.       0.       0.       0.       0.       0.       0.       0.       0.       0.       0.146167 0.       0.146162 0.       0.       0.       0.       0.       0.       0.       0.       0.       0.       0.       0.      ],[1. 0. 0. 1. 1. 0. 0. 0. 0. 0. 0. 0. 0. 0. 0. 0. 1. 0. 1. 0. 0. 0. 0. 0. 0. 0. 0. 0. 0. 0. 0.],5.0,1000,100,0.01,0.0015,1,5,idID,,best,single_objective
590,0.1598963451427471,0.47649110852538634,0.005785237519,[0.146084 0.       0.       0.146029 0.415558 0.       0.       0.       0.       0.       0.       0.       0.       0.       0.       0.       0.146167 0.       0.146162 0.       0.       0.       0.       0.       0.       0.       0.       0.       0.       0.       0.      ],[1. 0. 0. 1. 1. 0. 0. 0. 0. 0. 0. 0. 0. 0. 0. 0. 1. 0. 1. 0. 0. 0. 0. 0. 0. 0. 0. 0. 0. 0. 0.],5.0,1000,100,0.01,0.0015,1,5,idID,,best,single_objective
591,0.1598963451427471,0.47649110852538634,0.005785237519,[0.146084 0.       0.       0.146029 0.415558 0.       0.       0.       0.       0.       0.       0.       0.       0.       0.       0.       0.146167 0.       0.146162 0.       0.       0.       0.       0.       0.       0.       0.       0.       0.       0.       0.      ],[1. 0. 0. 1. 1. 0. 0. 0. 0. 0. 0. 0. 0. 0. 0. 0. 1. 0. 1. 0. 0. 0. 0. 0. 0. 0. 0. 0. 0. 0. 0.],5.0,1000,100,0.01,0.0015,1,5,idID,,best,single_objective
592,0.1598963451427471,0.47649110852538634,0.005785237519,[0.146084 0.       0.       0.146029 0.415558 0.       0.       0.       0.       0.       0.       0.       0.       0.       0.       0.       0.146167 0.       0.146162 0.       0.       0.       0.       0.       0.       0.       0.       0.       0.       0.       0.      ],[1. 0. 0. 1. 1. 0. 0. 0. 0. 0. 0. 0. 0. 0. 0. 0. 1. 0. 1. 0. 0. 0. 0. 0. 0. 0. 0. 0. 0. 0. 0.],5.0,1000,100,0.01,0.0015,1,5,idID,,best,single_objective
593,0.1598963451427471,0.47649110852538634,0.005785237519,[0.146084 0.       0.       0.146029 0.415558 0.       0.       0.       0.       0.       0.       0.       0.       0.       0.       0.       0.146167 0.       0.146162 0.       0.       0.       0.       0.       0.       0.       0.       0.       0.       0.       0.      ],[1. 0. 0. 1. 1. 0. 0. 0. 0. 0. 0. 0. 0. 0. 0. 0. 1. 0. 1. 0. 0. 0. 0. 0. 0. 0. 0. 0. 0. 0. 0.],5.0,1000,100,0.01,0.0015,1,5,idID,,best,single_objective
594,0.1598963451427471,0.47649110852538634,0.005785237519,[0.146084 0.       0.       0.146029 0.415558 0.       0.       0.       0.       0.       0.       0.       0.       0.       0.       0.       0.146167 0.       0.146162 0.       0.       0.       0.       0.       0.       0.       0.       0.       0.       0.       0.      ],[1. 0. 0. 1. 1. 0. 0. 0. 0. 0. 0. 0. 0. 0. 0. 0. 1. 0. 1. 0. 0. 0. 0. 0. 0. 0. 0. 0. 0. 0. 0.],5.0,1000,100,0.01,0.0015,1,5,idID,,best,single_objective
595,0.1598963451427471,0.47649110852538634,0.005785237519,[0.146084 0.       0.       0.146029 0.415558 0.       0.       0.       0.       0.       0.       0.       0.       0.       0.       0.       0.146167 0.       0.146162 0.       0.       0.       0.       0.       0.       0.       0.       0.       0.       0.       0.      ],[1. 0. 0. 1. 1. 0. 0. 0. 0. 0. 0. 0. 0. 0. 0. 0. 1. 0. 1. 0. 0. 0. 0. 0. 0. 0. 0. 0. 0. 0. 0.],5.0,1000,100,0.01,0.0015,1,5,idID,,best,single_objective
596,0.1598963451427471,0.47649110852538634,0.005785237519,[0.146084 0.       0.       0.146029 0.415558 0.       0.       0.       0.       0.       0.       0.       0.       0.       0.       0.       0.146167 0.       0.146162 0.       0.       0.       0.       0.       0.       0.       0.       0.       0.       0.       0.      ],[1. 0. 0. 1. 1. 0. 0. 0. 0. 0. 0. 0. 0. 0. 0. 0. 1. 0. 1. 0. 0. 0. 0. 0. 0. 0. 0. 0. 0. 0. 0.],5.0,1000,100,0.01,0.0015,1,5,idID,,best,single_objective
597,0.1598963451427471,0.47649110852538634,0.005785237519,[0.146084 0.       0.       0.146029 0.415558 0.       0.       0.       0.       0.       0.       0.       0.       0.       0.       0.       0.146167 0.       0.146162 0.       0.       0.       0.       0.       0.       0.       0.       0.       0.       0.       0.      ],[1. 0. 0. 1. 1. 0. 0. 0. 0. 0. 0. 0. 0. 0. 0. 0. 1. 0. 1. 0. 0. 0. 0. 0. 0. 0. 0. 0. 0. 0. 0.],5.0,1000,100,0.01,0.0015,1,5,idID,,best,single_objective
598,0.1598963451427471,0.47649110852538634,0.005785237519,[0.146084 0.       0.       0.146029 0.415558 0.       0.       0.       0.       0.       0.       0.       0.       0.       0.       0.       0.146167 0.       0.146162 0.       0.       0.       0.       0.       0.       0.       0.       0.       0.       0.       0.      ],[1. 0. 0. 1. 1. 0. 0. 0. 0. 0. 0. 0. 0. 0. 0. 0. 1. 0. 1. 0. 0. 0. 0. 0. 0. 0. 0. 0. 0. 0. 0.],5.0,1000,100,0.01,0.0015,1,5,idID,,best,single_objective
599,0.1598963451427471,0.47649110852538634,0.005785237519,[0.146084 0.       0.       0.146029 0.415558 0.       0.       0.       0.       0.       0.       0.       0.       0.       0.       0.       0.146167 0.       0.146162 0.       0.       0.       0.       0.       0.       0.       0.       0.       0.       0.       0.      ],[1. 0. 0. 1. 1. 0. 0. 0. 0. 0. 0. 0. 0. 0. 0. 0. 1. 0. 1. 0. 0. 0. 0. 0. 0. 0. 0. 0. 0. 0. 0.],5.0,1000,100,0.01,0.0015,1,5,idID,,best,single_objective
600,0.1598963451427471,0.47649110852538634,0.005785237519,[0.146084 0.       0.       0.146029 0.415558 0.       0.       0.       0.       0.       0.       0.       0.       0.       0.       0.       0.146167 0.       0.146162 0.       0.       0.       0.       0.       0.       0.       0.       0.       0.       0.       0.      ],[1. 0. 0. 1. 1. 0. 0. 0. 0. 0. 0. 0. 0. 0. 0. 0. 1. 0. 1. 0. 0. 0. 0. 0. 0. 0. 0. 0. 0. 0. 0.],5.0,1000,100,0.01,0.0015,1,5,idID,,best,single_objective
601,0.1598963451427471,0.47649110852538634,0.005785237519,[0.146084 0.       0.       0.146029 0.415558 0.       0.       0.       0.       0.       0.       0.       0.       0.       0.       0.       0.146167 0.       0.146162 0.       0.       0.       0.       0.       0.       0.       0.       0.       0.       0.       0.      ],[1. 0. 0. 1. 1. 0. 0. 0. 0. 0. 0. 0. 0. 0. 0. 0. 1. 0. 1. 0. 0. 0. 0. 0. 0. 0. 0. 0. 0. 0. 0.],5.0,1000,100,0.01,0.0015,1,5,idID,,best,single_objective
602,0.1598963451427471,0.47649110852538634,0.005785237519,[0.146084 0.       0.       0.146029 0.415558 0.       0.       0.       0.       0.       0.       0.       0.       0.       0.       0.       0.146167 0.       0.146162 0.       0.       0.       0.       0.       0.       0.       0.       0.       0.       0.       0.      ],[1. 0. 0. 1. 1. 0. 0. 0. 0. 0. 0. 0. 0. 0. 0. 0. 1. 0. 1. 0. 0. 0. 0. 0. 0. 0. 0. 0. 0. 0. 0.],5.0,1000,100,0.01,0.0015,1,5,idID,,best,single_objective
603,0.1598963451427471,0.47649110852538634,0.005785237519,[0.146084 0.       0.       0.146029 0.415558 0.       0.       0.       0.       0.       0.       0.       0.       0.       0.       0.       0.146167 0.       0.146162 0.       0.       0.       0.       0.       0.       0.       0.       0.       0.       0.       0.      ],[1. 0. 0. 1. 1. 0. 0. 0. 0. 0. 0. 0. 0. 0. 0. 0. 1. 0. 1. 0. 0. 0. 0. 0. 0. 0. 0. 0. 0. 0. 0.],5.0,1000,100,0.01,0.0015,1,5,idID,,best,single_objective
604,0.1598963451427471,0.47649110852538634,0.005785237519,[0.146084 0.       0.       0.146029 0.415558 0.       0.       0.       0.       0.       0.       0.       0.       0.       0.       0.       0.146167 0.       0.146162 0.       0.       0.       0.       0.       0.       0.       0.       0.       0.       0.       0.      ],[1. 0. 0. 1. 1. 0. 0. 0. 0. 0. 0. 0. 0. 0. 0. 0. 1. 0. 1. 0. 0. 0. 0. 0. 0. 0. 0. 0. 0. 0. 0.],5.0,1000,100,0.01,0.0015,1,5,idID,,best,single_objective
605,0.1598963451427471,0.47649110852538634,0.005785237519,[0.146084 0.       0.       0.146029 0.415558 0.       0.       0.       0.       0.       0.       0.       0.       0.       0.       0.       0.146167 0.       0.146162 0.       0.       0.       0.       0.       0.       0.       0.       0.       0.       0.       0.      ],[1. 0. 0. 1. 1. 0. 0. 0. 0. 0. 0. 0. 0. 0. 0. 0. 1. 0. 1. 0. 0. 0. 0. 0. 0. 0. 0. 0. 0. 0. 0.],5.0,1000,100,0.01,0.0015,1,5,idID,,best,single_objective
606,0.1598963451427471,0.47649110852538634,0.005785237519,[0.146084 0.       0.       0.146029 0.415558 0.       0.       0.       0.       0.       0.       0.       0.       0.       0.       0.       0.146167 0.       0.146162 0.       0.       0.       0.       0.       0.       0.       0.       0.       0.       0.       0.      ],[1. 0. 0. 1. 1. 0. 0. 0. 0. 0. 0. 0. 0. 0. 0. 0. 1. 0. 1. 0. 0. 0. 0. 0. 0. 0. 0. 0. 0. 0. 0.],5.0,1000,100,0.01,0.0015,1,5,idID,,best,single_objective
607,0.1598963451427471,0.47649110852538634,0.005785237519,[0.146084 0.       0.       0.146029 0.415558 0.       0.       0.       0.       0.       0.       0.       0.       0.       0.       0.       0.146167 0.       0.146162 0.       0.       0.       0.       0.       0.       0.       0.       0.       0.       0.       0.      ],[1. 0. 0. 1. 1. 0. 0. 0. 0. 0. 0. 0. 0. 0. 0. 0. 1. 0. 1. 0. 0. 0. 0. 0. 0. 0. 0. 0. 0. 0. 0.],5.0,1000,100,0.01,0.0015,1,5,idID,,best,single_objective
608,0.1598963451427471,0.47649110852538634,0.005785237519,[0.146084 0.       0.       0.146029 0.415558 0.       0.       0.       0.       0.       0.       0.       0.       0.       0.       0.       0.146167 0.       0.146162 0.       0.       0.       0.       0.       0.       0.       0.       0.       0.       0.       0.      ],[1. 0. 0. 1. 1. 0. 0. 0. 0. 0. 0. 0. 0. 0. 0. 0. 1. 0. 1. 0. 0. 0. 0. 0. 0. 0. 0. 0. 0. 0. 0.],5.0,1000,100,0.01,0.0015,1,5,idID,,best,single_objective
609,0.1598963451427471,0.47649110852538634,0.005785237519,[0.146084 0.       0.       0.146029 0.415558 0.       0.       0.       0.       0.       0.       0.       0.       0.       0.       0.       0.146167 0.       0.146162 0.       0.       0.       0.       0.       0.       0.       0.       0.       0.       0.       0.      ],[1. 0. 0. 1. 1. 0. 0. 0. 0. 0. 0. 0. 0. 0. 0. 0. 1. 0. 1. 0. 0. 0. 0. 0. 0. 0. 0. 0. 0. 0. 0.],5.0,1000,100,0.01,0.0015,1,5,idID,,best,single_objective
610,0.1598963451427471,0.47649110852538634,0.005785237519,[0.146084 0.       0.       0.146029 0.415558 0.       0.       0.       0.       0.       0.       0.       0.       0.       0.       0.       0.146167 0.       0.146162 0.       0.       0.       0.       0.       0.       0.       0.       0.       0.       0.       0.      ],[1. 0. 0. 1. 1. 0. 0. 0. 0. 0. 0. 0. 0. 0. 0. 0. 1. 0. 1. 0. 0. 0. 0. 0. 0. 0. 0. 0. 0. 0. 0.],5.0,1000,100,0.01,0.0015,1,5,idID,,best,single_objective
611,0.1598963451427471,0.47649110852538634,0.005785237519,[0.146084 0.       0.       0.146029 0.415558 0.       0.       0.       0.       0.       0.       0.       0.       0.       0.       0.       0.146167 0.       0.146162 0.       0.       0.       0.       0.       0.       0.       0.       0.       0.       0.       0.      ],[1. 0. 0. 1. 1. 0. 0. 0. 0. 0. 0. 0. 0. 0. 0. 0. 1. 0. 1. 0. 0. 0. 0. 0. 0. 0. 0. 0. 0. 0. 0.],5.0,1000,100,0.01,0.0015,1,5,idID,,best,single_objective
612,0.1598963451427471,0.47649110852538634,0.005785237519,[0.146084 0.       0.       0.146029 0.415558 0.       0.       0.       0.       0.       0.       0.       0.       0.       0.       0.       0.146167 0.       0.146162 0.       0.       0.       0.       0.       0.       0.       0.       0.       0.       0.       0.      ],[1. 0. 0. 1. 1. 0. 0. 0. 0. 0. 0. 0. 0. 0. 0. 0. 1. 0. 1. 0. 0. 0. 0. 0. 0. 0. 0. 0. 0. 0. 0.],5.0,1000,100,0.01,0.0015,1,5,idID,,best,single_objective
613,0.1598963451427471,0.47649110852538634,0.005785237519,[0.146084 0.       0.       0.146029 0.415558 0.       0.       0.       0.       0.       0.       0.       0.       0.       0.       0.       0.146167 0.       0.146162 0.       0.       0.       0.       0.       0.       0.       0.       0.       0.       0.       0.      ],[1. 0. 0. 1. 1. 0. 0. 0. 0. 0. 0. 0. 0. 0. 0. 0. 1. 0. 1. 0. 0. 0. 0. 0. 0. 0. 0. 0. 0. 0. 0.],5.0,1000,100,0.01,0.0015,1,5,idID,,best,single_objective
614,0.1598963451427471,0.47649110852538634,0.005785237519,[0.146084 0.       0.       0.146029 0.415558 0.       0.       0.       0.       0.       0.       0.       0.       0.       0.       0.       0.146167 0.       0.146162 0.       0.       0.       0.       0.       0.       0.       0.       0.       0.       0.       0.      ],[1. 0. 0. 1. 1. 0. 0. 0. 0. 0. 0. 0. 0. 0. 0. 0. 1. 0. 1. 0. 0. 0. 0. 0. 0. 0. 0. 0. 0. 0. 0.],5.0,1000,100,0.01,0.0015,1,5,idID,,best,single_objective
615,0.1598963451427471,0.47649110852538634,0.005785237519,[0.146084 0.       0.       0.146029 0.415558 0.       0.       0.       0.       0.       0.       0.       0.       0.       0.       0.       0.146167 0.       0.146162 0.       0.       0.       0.       0.       0.       0.       0.       0.       0.       0.       0.      ],[1. 0. 0. 1. 1. 0. 0. 0. 0. 0. 0. 0. 0. 0. 0. 0. 1. 0. 1. 0. 0. 0. 0. 0. 0. 0. 0. 0. 0. 0. 0.],5.0,1000,100,0.01,0.0015,1,5,idID,,best,single_objective
616,0.1598963451427471,0.47649110852538634,0.005785237519,[0.146084 0.       0.       0.146029 0.415558 0.       0.       0.       0.       0.       0.       0.       0.       0.       0.       0.       0.146167 0.       0.146162 0.       0.       0.       0.       0.       0.       0.       0.       0.       0.       0.       0.      ],[1. 0. 0. 1. 1. 0. 0. 0. 0. 0. 0. 0. 0. 0. 0. 0. 1. 0. 1. 0. 0. 0. 0. 0. 0. 0. 0. 0. 0. 0. 0.],5.0,1000,100,0.01,0.0015,1,5,idID,,best,single_objective
617,0.1598963451427471,0.47649110852538634,0.005785237519,[0.146084 0.       0.       0.146029 0.415558 0.       0.       0.       0.       0.       0.       0.       0.       0.       0.       0.       0.146167 0.       0.146162 0.       0.       0.       0.       0.       0.       0.       0.       0.       0.       0.       0.      ],[1. 0. 0. 1. 1. 0. 0. 0. 0. 0. 0. 0. 0. 0. 0. 0. 1. 0. 1. 0. 0. 0. 0. 0. 0. 0. 0. 0. 0. 0. 0.],5.0,1000,100,0.01,0.0015,1,5,idID,,best,single_objective
618,0.1598963451427471,0.47649110852538634,0.005785237519,[0.146084 0.       0.       0.146029 0.415558 0.       0.       0.       0.       0.       0.       0.       0.       0.       0.       0.       0.146167 0.       0.146162 0.       0.       0.       0.       0.       0.       0.       0.       0.       0.       0.       0.      ],[1. 0. 0. 1. 1. 0. 0. 0. 0. 0. 0. 0. 0. 0. 0. 0. 1. 0. 1. 0. 0. 0. 0. 0. 0. 0. 0. 0. 0. 0. 0.],5.0,1000,100,0.01,0.0015,1,5,idID,,best,single_objective
619,0.1598963451427471,0.47649110852538634,0.005785237519,[0.146084 0.       0.       0.146029 0.415558 0.       0.       0.       0.       0.       0.       0.       0.       0.       0.       0.       0.146167 0.       0.146162 0.       0.       0.       0.       0.       0.       0.       0.       0.       0.       0.       0.      ],[1. 0. 0. 1. 1. 0. 0. 0. 0. 0. 0. 0. 0. 0. 0. 0. 1. 0. 1. 0. 0. 0. 0. 0. 0. 0. 0. 0. 0. 0. 0.],5.0,1000,100,0.01,0.0015,1,5,idID,,best,single_objective
620,0.1598963451427471,0.47649110852538634,0.005785237519,[0.146084 0.       0.       0.146029 0.415558 0.       0.       0.       0.       0.       0.       0.       0.       0.       0.       0.       0.146167 0.       0.146162 0.       0.       0.       0.       0.       0.       0.       0.       0.       0.       0.       0.      ],[1. 0. 0. 1. 1. 0. 0. 0. 0. 0. 0. 0. 0. 0. 0. 0. 1. 0. 1. 0. 0. 0. 0. 0. 0. 0. 0. 0. 0. 0. 0.],5.0,1000,100,0.01,0.0015,1,5,idID,,best,single_objective
621,0.1598963451427471,0.47649110852538634,0.005785237519,[0.146084 0.       0.       0.146029 0.415558 0.       0.       0.       0.       0.       0.       0.       0.       0.       0.       0.       0.146167 0.       0.146162 0.       0.       0.       0.       0.       0.       0.       0.       0.       0.       0.       0.      ],[1. 0. 0. 1. 1. 0. 0. 0. 0. 0. 0. 0. 0. 0. 0. 0. 1. 0. 1. 0. 0. 0. 0. 0. 0. 0. 0. 0. 0. 0. 0.],5.0,1000,100,0.01,0.0015,1,5,idID,,best,single_objective
622,0.1598963451427471,0.47649110852538634,0.005785237519,[0.146084 0.       0.       0.146029 0.415558 0.       0.       0.       0.       0.       0.       0.       0.       0.       0.       0.       0.146167 0.       0.146162 0.       0.       0.       0.       0.       0.       0.       0.       0.       0.       0.       0.      ],[1. 0. 0. 1. 1. 0. 0. 0. 0. 0. 0. 0. 0. 0. 0. 0. 1. 0. 1. 0. 0. 0. 0. 0. 0. 0. 0. 0. 0. 0. 0.],5.0,1000,100,0.01,0.0015,1,5,idID,,best,single_objective
623,0.1598963451427471,0.47649110852538634,0.005785237519,[0.146084 0.       0.       0.146029 0.415558 0.       0.       0.       0.       0.       0.       0.       0.       0.       0.       0.       0.146167 0.       0.146162 0.       0.       0.       0.       0.       0.       0.       0.       0.       0.       0.       0.      ],[1. 0. 0. 1. 1. 0. 0. 0. 0. 0. 0. 0. 0. 0. 0. 0. 1. 0. 1. 0. 0. 0. 0. 0. 0. 0. 0. 0. 0. 0. 0.],5.0,1000,100,0.01,0.0015,1,5,idID,,best,single_objective
624,0.1598963451427471,0.47649110852538634,0.005785237519,[0.146084 0.       0.       0.146029 0.415558 0.       0.       0.       0.       0.       0.       0.       0.       0.       0.       0.       0.146167 0.       0.146162 0.       0.       0.       0.       0.       0.       0.       0.       0.       0.       0.       0.      ],[1. 0. 0. 1. 1. 0. 0. 0. 0. 0. 0. 0. 0. 0. 0. 0. 1. 0. 1. 0. 0. 0. 0. 0. 0. 0. 0. 0. 0. 0. 0.],5.0,1000,100,0.01,0.0015,1,5,idID,,best,single_objective
625,0.1598963451427471,0.47649110852538634,0.005785237519,[0.146084 0.       0.       0.146029 0.415558 0.       0.       0.       0.       0.       0.       0.       0.       0.       0.       0.       0.146167 0.       0.146162 0.       0.       0.       0.       0.       0.       0.       0.       0.       0.       0.       0.      ],[1. 0. 0. 1. 1. 0. 0. 0. 0. 0. 0. 0. 0. 0. 0. 0. 1. 0. 1. 0. 0. 0. 0. 0. 0. 0. 0. 0. 0. 0. 0.],5.0,1000,100,0.01,0.0015,1,5,idID,,best,single_objective
626,0.1598963451427471,0.47649110852538634,0.005785237519,[0.146084 0.       0.       0.146029 0.415558 0.       0.       0.       0.       0.       0.       0.       0.       0.       0.       0.       0.146167 0.       0.146162 0.       0.       0.       0.       0.       0.       0.       0.       0.       0.       0.       0.      ],[1. 0. 0. 1. 1. 0. 0. 0. 0. 0. 0. 0. 0. 0. 0. 0. 1. 0. 1. 0. 0. 0. 0. 0. 0. 0. 0. 0. 0. 0. 0.],5.0,1000,100,0.01,0.0015,1,5,idID,,best,single_objective
627,0.1598963451427471,0.47649110852538634,0.005785237519,[0.146084 0.       0.       0.146029 0.415558 0.       0.       0.       0.       0.       0.       0.       0.       0.       0.       0.       0.146167 0.       0.146162 0.       0.       0.       0.       0.       0.       0.       0.       0.       0.       0.       0.      ],[1. 0. 0. 1. 1. 0. 0. 0. 0. 0. 0. 0. 0. 0. 0. 0. 1. 0. 1. 0. 0. 0. 0. 0. 0. 0. 0. 0. 0. 0. 0.],5.0,1000,100,0.01,0.0015,1,5,idID,,best,single_objective
628,0.1598963451427471,0.47649110852538634,0.005785237519,[0.146084 0.       0.       0.146029 0.415558 0.       0.       0.       0.       0.       0.       0.       0.       0.       0.       0.       0.146167 0.       0.146162 0.       0.       0.       0.       0.       0.       0.       0.       0.       0.       0.       0.      ],[1. 0. 0. 1. 1. 0. 0. 0. 0. 0. 0. 0. 0. 0. 0. 0. 1. 0. 1. 0. 0. 0. 0. 0. 0. 0. 0. 0. 0. 0. 0.],5.0,1000,100,0.01,0.0015,1,5,idID,,best,single_objective
629,0.1598963451427471,0.47649110852538634,0.005785237519,[0.146084 0.       0.       0.146029 0.415558 0.       0.       0.       0.       0.       0.       0.       0.       0.       0.       0.       0.146167 0.       0.146162 0.       0.       0.       0.       0.       0.       0.       0.       0.       0.       0.       0.      ],[1. 0. 0. 1. 1. 0. 0. 0. 0. 0. 0. 0. 0. 0. 0. 0. 1. 0. 1. 0. 0. 0. 0. 0. 0. 0. 0. 0. 0. 0. 0.],5.0,1000,100,0.01,0.0015,1,5,idID,,best,single_objective
630,0.1598963451427471,0.47649110852538634,0.005785237519,[0.146084 0.       0.       0.146029 0.415558 0.       0.       0.       0.       0.       0.       0.       0.       0.       0.       0.       0.146167 0.       0.146162 0.       0.       0.       0.       0.       0.       0.       0.       0.       0.       0.       0.      ],[1. 0. 0. 1. 1. 0. 0. 0. 0. 0. 0. 0. 0. 0. 0. 0. 1. 0. 1. 0. 0. 0. 0. 0. 0. 0. 0. 0. 0. 0. 0.],5.0,1000,100,0.01,0.0015,1,5,idID,,best,single_objective
631,0.1598963451427471,0.47649110852538634,0.005785237519,[0.146084 0.       0.       0.146029 0.415558 0.       0.       0.       0.       0.       0.       0.       0.       0.       0.       0.       0.146167 0.       0.146162 0.       0.       0.       0.       0.       0.       0.       0.       0.       0.       0.       0.      ],[1. 0. 0. 1. 1. 0. 0. 0. 0. 0. 0. 0. 0. 0. 0. 0. 1. 0. 1. 0. 0. 0. 0. 0. 0. 0. 0. 0. 0. 0. 0.],5.0,1000,100,0.01,0.0015,1,5,idID,,best,single_objective
632,0.1598963451427471,0.47649110852538634,0.005785237519,[0.146084 0.       0.       0.146029 0.415558 0.       0.       0.       0.       0.       0.       0.       0.       0.       0.       0.       0.146167 0.       0.146162 0.       0.       0.       0.       0.       0.       0.       0.       0.       0.       0.       0.      ],[1. 0. 0. 1. 1. 0. 0. 0. 0. 0. 0. 0. 0. 0. 0. 0. 1. 0. 1. 0. 0. 0. 0. 0. 0. 0. 0. 0. 0. 0. 0.],5.0,1000,100,0.01,0.0015,1,5,idID,,best,single_objective
633,0.1598963451427471,0.47649110852538634,0.005785237519,[0.146084 0.       0.       0.146029 0.415558 0.       0.       0.       0.       0.       0.       0.       0.       0.       0.       0.       0.146167 0.       0.146162 0.       0.       0.       0.       0.       0.       0.       0.       0.       0.       0.       0.      ],[1. 0. 0. 1. 1. 0. 0. 0. 0. 0. 0. 0. 0. 0. 0. 0. 1. 0. 1. 0. 0. 0. 0. 0. 0. 0. 0. 0. 0. 0. 0.],5.0,1000,100,0.01,0.0015,1,5,idID,,best,single_objective
634,0.1598963451427471,0.47649110852538634,0.005785237519,[0.146084 0.       0.       0.146029 0.415558 0.       0.       0.       0.       0.       0.       0.       0.       0.       0.       0.       0.146167 0.       0.146162 0.       0.       0.       0.       0.       0.       0.       0.       0.       0.       0.       0.      ],[1. 0. 0. 1. 1. 0. 0. 0. 0. 0. 0. 0. 0. 0. 0. 0. 1. 0. 1. 0. 0. 0. 0. 0. 0. 0. 0. 0. 0. 0. 0.],5.0,1000,100,0.01,0.0015,1,5,idID,,best,single_objective
635,0.1598963451427471,0.47649110852538634,0.005785237519,[0.146084 0.       0.       0.146029 0.415558 0.       0.       0.       0.       0.       0.       0.       0.       0.       0.       0.       0.146167 0.       0.146162 0.       0.       0.       0.       0.       0.       0.       0.       0.       0.       0.       0.      ],[1. 0. 0. 1. 1. 0. 0. 0. 0. 0. 0. 0. 0. 0. 0. 0. 1. 0. 1. 0. 0. 0. 0. 0. 0. 0. 0. 0. 0. 0. 0.],5.0,1000,100,0.01,0.0015,1,5,idID,,best,single_objective
636,0.1598963451427471,0.47649110852538634,0.005785237519,[0.146084 0.       0.       0.146029 0.415558 0.       0.       0.       0.       0.       0.       0.       0.       0.       0.       0.       0.146167 0.       0.146162 0.       0.       0.       0.       0.       0.       0.       0.       0.       0.       0.       0.      ],[1. 0. 0. 1. 1. 0. 0. 0. 0. 0. 0. 0. 0. 0. 0. 0. 1. 0. 1. 0. 0. 0. 0. 0. 0. 0. 0. 0. 0. 0. 0.],5.0,1000,100,0.01,0.0015,1,5,idID,,best,single_objective
637,0.1598963451427471,0.47649110852538634,0.005785237519,[0.146084 0.       0.       0.146029 0.415558 0.       0.       0.       0.       0.       0.       0.       0.       0.       0.       0.       0.146167 0.       0.146162 0.       0.       0.       0.       0.       0.       0.       0.       0.       0.       0.       0.      ],[1. 0. 0. 1. 1. 0. 0. 0. 0. 0. 0. 0. 0. 0. 0. 0. 1. 0. 1. 0. 0. 0. 0. 0. 0. 0. 0. 0. 0. 0. 0.],5.0,1000,100,0.01,0.0015,1,5,idID,,best,single_objective
638,0.1598963451427471,0.47649110852538634,0.005785237519,[0.146084 0.       0.       0.146029 0.415558 0.       0.       0.       0.       0.       0.       0.       0.       0.       0.       0.       0.146167 0.       0.146162 0.       0.       0.       0.       0.       0.       0.       0.       0.       0.       0.       0.      ],[1. 0. 0. 1. 1. 0. 0. 0. 0. 0. 0. 0. 0. 0. 0. 0. 1. 0. 1. 0. 0. 0. 0. 0. 0. 0. 0. 0. 0. 0. 0.],5.0,1000,100,0.01,0.0015,1,5,idID,,best,single_objective
639,0.1598963451427471,0.47649110852538634,0.005785237519,[0.146084 0.       0.       0.146029 0.415558 0.       0.       0.       0.       0.       0.       0.       0.       0.       0.       0.       0.146167 0.       0.146162 0.       0.       0.       0.       0.       0.       0.       0.       0.       0.       0.       0.      ],[1. 0. 0. 1. 1. 0. 0. 0. 0. 0. 0. 0. 0. 0. 0. 0. 1. 0. 1. 0. 0. 0. 0. 0. 0. 0. 0. 0. 0. 0. 0.],5.0,1000,100,0.01,0.0015,1,5,idID,,best,single_objective
640,0.1598963451427471,0.47649110852538634,0.005785237519,[0.146084 0.       0.       0.146029 0.415558 0.       0.       0.       0.       0.       0.       0.       0.       0.       0.       0.       0.146167 0.       0.146162 0.       0.       0.       0.       0.       0.       0.       0.       0.       0.       0.       0.      ],[1. 0. 0. 1. 1. 0. 0. 0. 0. 0. 0. 0. 0. 0. 0. 0. 1. 0. 1. 0. 0. 0. 0. 0. 0. 0. 0. 0. 0. 0. 0.],5.0,1000,100,0.01,0.0015,1,5,idID,,best,single_objective
641,0.1598963451427471,0.47649110852538634,0.005785237519,[0.146084 0.       0.       0.146029 0.415558 0.       0.       0.       0.       0.       0.       0.       0.       0.       0.       0.       0.146167 0.       0.146162 0.       0.       0.       0.       0.       0.       0.       0.       0.       0.       0.       0.      ],[1. 0. 0. 1. 1. 0. 0. 0. 0. 0. 0. 0. 0. 0. 0. 0. 1. 0. 1. 0. 0. 0. 0. 0. 0. 0. 0. 0. 0. 0. 0.],5.0,1000,100,0.01,0.0015,1,5,idID,,best,single_objective
642,0.1598963451427471,0.47649110852538634,0.005785237519,[0.146084 0.       0.       0.146029 0.415558 0.       0.       0.       0.       0.       0.       0.       0.       0.       0.       0.       0.146167 0.       0.146162 0.       0.       0.       0.       0.       0.       0.       0.       0.       0.       0.       0.      ],[1. 0. 0. 1. 1. 0. 0. 0. 0. 0. 0. 0. 0. 0. 0. 0. 1. 0. 1. 0. 0. 0. 0. 0. 0. 0. 0. 0. 0. 0. 0.],5.0,1000,100,0.01,0.0015,1,5,idID,,best,single_objective
643,0.1598963451427471,0.47649110852538634,0.005785237519,[0.146084 0.       0.       0.146029 0.415558 0.       0.       0.       0.       0.       0.       0.       0.       0.       0.       0.       0.146167 0.       0.146162 0.       0.       0.       0.       0.       0.       0.       0.       0.       0.       0.       0.      ],[1. 0. 0. 1. 1. 0. 0. 0. 0. 0. 0. 0. 0. 0. 0. 0. 1. 0. 1. 0. 0. 0. 0. 0. 0. 0. 0. 0. 0. 0. 0.],5.0,1000,100,0.01,0.0015,1,5,idID,,best,single_objective
644,0.1598963451427471,0.47649110852538634,0.005785237519,[0.146084 0.       0.       0.146029 0.415558 0.       0.       0.       0.       0.       0.       0.       0.       0.       0.       0.       0.146167 0.       0.146162 0.       0.       0.       0.       0.       0.       0.       0.       0.       0.       0.       0.      ],[1. 0. 0. 1. 1. 0. 0. 0. 0. 0. 0. 0. 0. 0. 0. 0. 1. 0. 1. 0. 0. 0. 0. 0. 0. 0. 0. 0. 0. 0. 0.],5.0,1000,100,0.01,0.0015,1,5,idID,,best,single_objective
645,0.1598963451427471,0.47649110852538634,0.005785237519,[0.146084 0.       0.       0.146029 0.415558 0.       0.       0.       0.       0.       0.       0.       0.       0.       0.       0.       0.146167 0.       0.146162 0.       0.       0.       0.       0.       0.       0.       0.       0.       0.       0.       0.      ],[1. 0. 0. 1. 1. 0. 0. 0. 0. 0. 0. 0. 0. 0. 0. 0. 1. 0. 1. 0. 0. 0. 0. 0. 0. 0. 0. 0. 0. 0. 0.],5.0,1000,100,0.01,0.0015,1,5,idID,,best,single_objective
646,0.1598963451427471,0.47649110852538634,0.005785237519,[0.146084 0.       0.       0.146029 0.415558 0.       0.       0.       0.       0.       0.       0.       0.       0.       0.       0.       0.146167 0.       0.146162 0.       0.       0.       0.       0.       0.       0.       0.       0.       0.       0.       0.      ],[1. 0. 0. 1. 1. 0. 0. 0. 0. 0. 0. 0. 0. 0. 0. 0. 1. 0. 1. 0. 0. 0. 0. 0. 0. 0. 0. 0. 0. 0. 0.],5.0,1000,100,0.01,0.0015,1,5,idID,,best,single_objective
647,0.1598963451427471,0.47649110852538634,0.005785237519,[0.146084 0.       0.       0.146029 0.415558 0.       0.       0.       0.       0.       0.       0.       0.       0.       0.       0.       0.146167 0.       0.146162 0.       0.       0.       0.       0.       0.       0.       0.       0.       0.       0.       0.      ],[1. 0. 0. 1. 1. 0. 0. 0. 0. 0. 0. 0. 0. 0. 0. 0. 1. 0. 1. 0. 0. 0. 0. 0. 0. 0. 0. 0. 0. 0. 0.],5.0,1000,100,0.01,0.0015,1,5,idID,,best,single_objective
648,0.1598963451427471,0.47649110852538634,0.005785237519,[0.146084 0.       0.       0.146029 0.415558 0.       0.       0.       0.       0.       0.       0.       0.       0.       0.       0.       0.146167 0.       0.146162 0.       0.       0.       0.       0.       0.       0.       0.       0.       0.       0.       0.      ],[1. 0. 0. 1. 1. 0. 0. 0. 0. 0. 0. 0. 0. 0. 0. 0. 1. 0. 1. 0. 0. 0. 0. 0. 0. 0. 0. 0. 0. 0. 0.],5.0,1000,100,0.01,0.0015,1,5,idID,,best,single_objective
649,0.1598963451427471,0.47649110852538634,0.005785237519,[0.146084 0.       0.       0.146029 0.415558 0.       0.       0.       0.       0.       0.       0.       0.       0.       0.       0.       0.146167 0.       0.146162 0.       0.       0.       0.       0.       0.       0.       0.       0.       0.       0.       0.      ],[1. 0. 0. 1. 1. 0. 0. 0. 0. 0. 0. 0. 0. 0. 0. 0. 1. 0. 1. 0. 0. 0. 0. 0. 0. 0. 0. 0. 0. 0. 0.],5.0,1000,100,0.01,0.0015,1,5,idID,,best,single_objective
650,0.1598963451427471,0.47649110852538634,0.005785237519,[0.146084 0.       0.       0.146029 0.415558 0.       0.       0.       0.       0.       0.       0.       0.       0.       0.       0.       0.146167 0.       0.146162 0.       0.       0.       0.       0.       0.       0.       0.       0.       0.       0.       0.      ],[1. 0. 0. 1. 1. 0. 0. 0. 0. 0. 0. 0. 0. 0. 0. 0. 1. 0. 1. 0. 0. 0. 0. 0. 0. 0. 0. 0. 0. 0. 0.],5.0,1000,100,0.01,0.0015,1,5,idID,,best,single_objective
651,0.1598963451427471,0.47649110852538634,0.005785237519,[0.146084 0.       0.       0.146029 0.415558 0.       0.       0.       0.       0.       0.       0.       0.       0.       0.       0.       0.146167 0.       0.146162 0.       0.       0.       0.       0.       0.       0.       0.       0.       0.       0.       0.      ],[1. 0. 0. 1. 1. 0. 0. 0. 0. 0. 0. 0. 0. 0. 0. 0. 1. 0. 1. 0. 0. 0. 0. 0. 0. 0. 0. 0. 0. 0. 0.],5.0,1000,100,0.01,0.0015,1,5,idID,,best,single_objective
652,0.1598963451427471,0.47649110852538634,0.005785237519,[0.146084 0.       0.       0.146029 0.415558 0.       0.       0.       0.       0.       0.       0.       0.       0.       0.       0.       0.146167 0.       0.146162 0.       0.       0.       0.       0.       0.       0.       0.       0.       0.       0.       0.      ],[1. 0. 0. 1. 1. 0. 0. 0. 0. 0. 0. 0. 0. 0. 0. 0. 1. 0. 1. 0. 0. 0. 0. 0. 0. 0. 0. 0. 0. 0. 0.],5.0,1000,100,0.01,0.0015,1,5,idID,,best,single_objective
653,0.1598963451427471,0.47649110852538634,0.005785237519,[0.146084 0.       0.       0.146029 0.415558 0.       0.       0.       0.       0.       0.       0.       0.       0.       0.       0.       0.146167 0.       0.146162 0.       0.       0.       0.       0.       0.       0.       0.       0.       0.       0.       0.      ],[1. 0. 0. 1. 1. 0. 0. 0. 0. 0. 0. 0. 0. 0. 0. 0. 1. 0. 1. 0. 0. 0. 0. 0. 0. 0. 0. 0. 0. 0. 0.],5.0,1000,100,0.01,0.0015,1,5,idID,,best,single_objective
654,0.1598963451427471,0.47649110852538634,0.005785237519,[0.146084 0.       0.       0.146029 0.415558 0.       0.       0.       0.       0.       0.       0.       0.       0.       0.       0.       0.146167 0.       0.146162 0.       0.       0.       0.       0.       0.       0.       0.       0.       0.       0.       0.      ],[1. 0. 0. 1. 1. 0. 0. 0. 0. 0. 0. 0. 0. 0. 0. 0. 1. 0. 1. 0. 0. 0. 0. 0. 0. 0. 0. 0. 0. 0. 0.],5.0,1000,100,0.01,0.0015,1,5,idID,,best,single_objective
655,0.1598963451427471,0.47649110852538634,0.005785237519,[0.146084 0.       0.       0.146029 0.415558 0.       0.       0.       0.       0.       0.       0.       0.       0.       0.       0.       0.146167 0.       0.146162 0.       0.       0.       0.       0.       0.       0.       0.       0.       0.       0.       0.      ],[1. 0. 0. 1. 1. 0. 0. 0. 0. 0. 0. 0. 0. 0. 0. 0. 1. 0. 1. 0. 0. 0. 0. 0. 0. 0. 0. 0. 0. 0. 0.],5.0,1000,100,0.01,0.0015,1,5,idID,,best,single_objective
656,0.1598963451427471,0.47649110852538634,0.005785237519,[0.146084 0.       0.       0.146029 0.415558 0.       0.       0.       0.       0.       0.       0.       0.       0.       0.       0.       0.146167 0.       0.146162 0.       0.       0.       0.       0.       0.       0.       0.       0.       0.       0.       0.      ],[1. 0. 0. 1. 1. 0. 0. 0. 0. 0. 0. 0. 0. 0. 0. 0. 1. 0. 1. 0. 0. 0. 0. 0. 0. 0. 0. 0. 0. 0. 0.],5.0,1000,100,0.01,0.0015,1,5,idID,,best,single_objective
657,0.1598963451427471,0.47649110852538634,0.005785237519,[0.146084 0.       0.       0.146029 0.415558 0.       0.       0.       0.       0.       0.       0.       0.       0.       0.       0.       0.146167 0.       0.146162 0.       0.       0.       0.       0.       0.       0.       0.       0.       0.       0.       0.      ],[1. 0. 0. 1. 1. 0. 0. 0. 0. 0. 0. 0. 0. 0. 0. 0. 1. 0. 1. 0. 0. 0. 0. 0. 0. 0. 0. 0. 0. 0. 0.],5.0,1000,100,0.01,0.0015,1,5,idID,,best,single_objective
658,0.1598963451427471,0.47649110852538634,0.005785237519,[0.146084 0.       0.       0.146029 0.415558 0.       0.       0.       0.       0.       0.       0.       0.       0.       0.       0.       0.146167 0.       0.146162 0.       0.       0.       0.       0.       0.       0.       0.       0.       0.       0.       0.      ],[1. 0. 0. 1. 1. 0. 0. 0. 0. 0. 0. 0. 0. 0. 0. 0. 1. 0. 1. 0. 0. 0. 0. 0. 0. 0. 0. 0. 0. 0. 0.],5.0,1000,100,0.01,0.0015,1,5,idID,,best,single_objective
659,0.1598963451427471,0.47649110852538634,0.005785237519,[0.146084 0.       0.       0.146029 0.415558 0.       0.       0.       0.       0.       0.       0.       0.       0.       0.       0.       0.146167 0.       0.146162 0.       0.       0.       0.       0.       0.       0.       0.       0.       0.       0.       0.      ],[1. 0. 0. 1. 1. 0. 0. 0. 0. 0. 0. 0. 0. 0. 0. 0. 1. 0. 1. 0. 0. 0. 0. 0. 0. 0. 0. 0. 0. 0. 0.],5.0,1000,100,0.01,0.0015,1,5,idID,,best,single_objective
660,0.1598963451427471,0.47649110852538634,0.005785237519,[0.146084 0.       0.       0.146029 0.415558 0.       0.       0.       0.       0.       0.       0.       0.       0.       0.       0.       0.146167 0.       0.146162 0.       0.       0.       0.       0.       0.       0.       0.       0.       0.       0.       0.      ],[1. 0. 0. 1. 1. 0. 0. 0. 0. 0. 0. 0. 0. 0. 0. 0. 1. 0. 1. 0. 0. 0. 0. 0. 0. 0. 0. 0. 0. 0. 0.],5.0,1000,100,0.01,0.0015,1,5,idID,,best,single_objective
661,0.1598963451427471,0.47649110852538634,0.005785237519,[0.146084 0.       0.       0.146029 0.415558 0.       0.       0.       0.       0.       0.       0.       0.       0.       0.       0.       0.146167 0.       0.146162 0.       0.       0.       0.       0.       0.       0.       0.       0.       0.       0.       0.      ],[1. 0. 0. 1. 1. 0. 0. 0. 0. 0. 0. 0. 0. 0. 0. 0. 1. 0. 1. 0. 0. 0. 0. 0. 0. 0. 0. 0. 0. 0. 0.],5.0,1000,100,0.01,0.0015,1,5,idID,,best,single_objective
662,0.1598963451427471,0.47649110852538634,0.005785237519,[0.146084 0.       0.       0.146029 0.415558 0.       0.       0.       0.       0.       0.       0.       0.       0.       0.       0.       0.146167 0.       0.146162 0.       0.       0.       0.       0.       0.       0.       0.       0.       0.       0.       0.      ],[1. 0. 0. 1. 1. 0. 0. 0. 0. 0. 0. 0. 0. 0. 0. 0. 1. 0. 1. 0. 0. 0. 0. 0. 0. 0. 0. 0. 0. 0. 0.],5.0,1000,100,0.01,0.0015,1,5,idID,,best,single_objective
663,0.1598963451427471,0.47649110852538634,0.005785237519,[0.146084 0.       0.       0.146029 0.415558 0.       0.       0.       0.       0.       0.       0.       0.       0.       0.       0.       0.146167 0.       0.146162 0.       0.       0.       0.       0.       0.       0.       0.       0.       0.       0.       0.      ],[1. 0. 0. 1. 1. 0. 0. 0. 0. 0. 0. 0. 0. 0. 0. 0. 1. 0. 1. 0. 0. 0. 0. 0. 0. 0. 0. 0. 0. 0. 0.],5.0,1000,100,0.01,0.0015,1,5,idID,,best,single_objective
664,0.1598963451427471,0.47649110852538634,0.005785237519,[0.146084 0.       0.       0.146029 0.415558 0.       0.       0.       0.       0.       0.       0.       0.       0.       0.       0.       0.146167 0.       0.146162 0.       0.       0.       0.       0.       0.       0.       0.       0.       0.       0.       0.      ],[1. 0. 0. 1. 1. 0. 0. 0. 0. 0. 0. 0. 0. 0. 0. 0. 1. 0. 1. 0. 0. 0. 0. 0. 0. 0. 0. 0. 0. 0. 0.],5.0,1000,100,0.01,0.0015,1,5,idID,,best,single_objective
665,0.1598963451427471,0.47649110852538634,0.005785237519,[0.146084 0.       0.       0.146029 0.415558 0.       0.       0.       0.       0.       0.       0.       0.       0.       0.       0.       0.146167 0.       0.146162 0.       0.       0.       0.       0.       0.       0.       0.       0.       0.       0.       0.      ],[1. 0. 0. 1. 1. 0. 0. 0. 0. 0. 0. 0. 0. 0. 0. 0. 1. 0. 1. 0. 0. 0. 0. 0. 0. 0. 0. 0. 0. 0. 0.],5.0,1000,100,0.01,0.0015,1,5,idID,,best,single_objective
666,0.1598963451427471,0.47649110852538634,0.005785237519,[0.146084 0.       0.       0.146029 0.415558 0.       0.       0.       0.       0.       0.       0.       0.       0.       0.       0.       0.146167 0.       0.146162 0.       0.       0.       0.       0.       0.       0.       0.       0.       0.       0.       0.      ],[1. 0. 0. 1. 1. 0. 0. 0. 0. 0. 0. 0. 0. 0. 0. 0. 1. 0. 1. 0. 0. 0. 0. 0. 0. 0. 0. 0. 0. 0. 0.],5.0,1000,100,0.01,0.0015,1,5,idID,,best,single_objective
667,0.1598963451427471,0.47649110852538634,0.005785237519,[0.146084 0.       0.       0.146029 0.415558 0.       0.       0.       0.       0.       0.       0.       0.       0.       0.       0.       0.146167 0.       0.146162 0.       0.       0.       0.       0.       0.       0.       0.       0.       0.       0.       0.      ],[1. 0. 0. 1. 1. 0. 0. 0. 0. 0. 0. 0. 0. 0. 0. 0. 1. 0. 1. 0. 0. 0. 0. 0. 0. 0. 0. 0. 0. 0. 0.],5.0,1000,100,0.01,0.0015,1,5,idID,,best,single_objective
668,0.1598963451427471,0.47649110852538634,0.005785237519,[0.146084 0.       0.       0.146029 0.415558 0.       0.       0.       0.       0.       0.       0.       0.       0.       0.       0.       0.146167 0.       0.146162 0.       0.       0.       0.       0.       0.       0.       0.       0.       0.       0.       0.      ],[1. 0. 0. 1. 1. 0. 0. 0. 0. 0. 0. 0. 0. 0. 0. 0. 1. 0. 1. 0. 0. 0. 0. 0. 0. 0. 0. 0. 0. 0. 0.],5.0,1000,100,0.01,0.0015,1,5,idID,,best,single_objective
669,0.1598963451427471,0.47649110852538634,0.005785237519,[0.146084 0.       0.       0.146029 0.415558 0.       0.       0.       0.       0.       0.       0.       0.       0.       0.       0.       0.146167 0.       0.146162 0.       0.       0.       0.       0.       0.       0.       0.       0.       0.       0.       0.      ],[1. 0. 0. 1. 1. 0. 0. 0. 0. 0. 0. 0. 0. 0. 0. 0. 1. 0. 1. 0. 0. 0. 0. 0. 0. 0. 0. 0. 0. 0. 0.],5.0,1000,100,0.01,0.0015,1,5,idID,,best,single_objective
670,0.1598963451427471,0.47649110852538634,0.005785237519,[0.146084 0.       0.       0.146029 0.415558 0.       0.       0.       0.       0.       0.       0.       0.       0.       0.       0.       0.146167 0.       0.146162 0.       0.       0.       0.       0.       0.       0.       0.       0.       0.       0.       0.      ],[1. 0. 0. 1. 1. 0. 0. 0. 0. 0. 0. 0. 0. 0. 0. 0. 1. 0. 1. 0. 0. 0. 0. 0. 0. 0. 0. 0. 0. 0. 0.],5.0,1000,100,0.01,0.0015,1,5,idID,,best,single_objective
671,0.1598963451427471,0.47649110852538634,0.005785237519,[0.146084 0.       0.       0.146029 0.415558 0.       0.       0.       0.       0.       0.       0.       0.       0.       0.       0.       0.146167 0.       0.146162 0.       0.       0.       0.       0.       0.       0.       0.       0.       0.       0.       0.      ],[1. 0. 0. 1. 1. 0. 0. 0. 0. 0. 0. 0. 0. 0. 0. 0. 1. 0. 1. 0. 0. 0. 0. 0. 0. 0. 0. 0. 0. 0. 0.],5.0,1000,100,0.01,0.0015,1,5,idID,,best,single_objective
672,0.1598963451427471,0.47649110852538634,0.005785237519,[0.146084 0.       0.       0.146029 0.415558 0.       0.       0.       0.       0.       0.       0.       0.       0.       0.       0.       0.146167 0.       0.146162 0.       0.       0.       0.       0.       0.       0.       0.       0.       0.       0.       0.      ],[1. 0. 0. 1. 1. 0. 0. 0. 0. 0. 0. 0. 0. 0. 0. 0. 1. 0. 1. 0. 0. 0. 0. 0. 0. 0. 0. 0. 0. 0. 0.],5.0,1000,100,0.01,0.0015,1,5,idID,,best,single_objective
673,0.1598963451427471,0.47649110852538634,0.005785237519,[0.146084 0.       0.       0.146029 0.415558 0.       0.       0.       0.       0.       0.       0.       0.       0.       0.       0.       0.146167 0.       0.146162 0.       0.       0.       0.       0.       0.       0.       0.       0.       0.       0.       0.      ],[1. 0. 0. 1. 1. 0. 0. 0. 0. 0. 0. 0. 0. 0. 0. 0. 1. 0. 1. 0. 0. 0. 0. 0. 0. 0. 0. 0. 0. 0. 0.],5.0,1000,100,0.01,0.0015,1,5,idID,,best,single_objective
674,0.1598963451427471,0.47649110852538634,0.005785237519,[0.146084 0.       0.       0.146029 0.415558 0.       0.       0.       0.       0.       0.       0.       0.       0.       0.       0.       0.146167 0.       0.146162 0.       0.       0.       0.       0.       0.       0.       0.       0.       0.       0.       0.      ],[1. 0. 0. 1. 1. 0. 0. 0. 0. 0. 0. 0. 0. 0. 0. 0. 1. 0. 1. 0. 0. 0. 0. 0. 0. 0. 0. 0. 0. 0. 0.],5.0,1000,100,0.01,0.0015,1,5,idID,,best,single_objective
675,0.1598963451427471,0.47649110852538634,0.005785237519,[0.146084 0.       0.       0.146029 0.415558 0.       0.       0.       0.       0.       0.       0.       0.       0.       0.       0.       0.146167 0.       0.146162 0.       0.       0.       0.       0.       0.       0.       0.       0.       0.       0.       0.      ],[1. 0. 0. 1. 1. 0. 0. 0. 0. 0. 0. 0. 0. 0. 0. 0. 1. 0. 1. 0. 0. 0. 0. 0. 0. 0. 0. 0. 0. 0. 0.],5.0,1000,100,0.01,0.0015,1,5,idID,,best,single_objective
676,0.1598963451427471,0.47649110852538634,0.005785237519,[0.146084 0.       0.       0.146029 0.415558 0.       0.       0.       0.       0.       0.       0.       0.       0.       0.       0.       0.146167 0.       0.146162 0.       0.       0.       0.       0.       0.       0.       0.       0.       0.       0.       0.      ],[1. 0. 0. 1. 1. 0. 0. 0. 0. 0. 0. 0. 0. 0. 0. 0. 1. 0. 1. 0. 0. 0. 0. 0. 0. 0. 0. 0. 0. 0. 0.],5.0,1000,100,0.01,0.0015,1,5,idID,,best,single_objective
677,0.1598963451427471,0.47649110852538634,0.005785237519,[0.146084 0.       0.       0.146029 0.415558 0.       0.       0.       0.       0.       0.       0.       0.       0.       0.       0.       0.146167 0.       0.146162 0.       0.       0.       0.       0.       0.       0.       0.       0.       0.       0.       0.      ],[1. 0. 0. 1. 1. 0. 0. 0. 0. 0. 0. 0. 0. 0. 0. 0. 1. 0. 1. 0. 0. 0. 0. 0. 0. 0. 0. 0. 0. 0. 0.],5.0,1000,100,0.01,0.0015,1,5,idID,,best,single_objective
678,0.1598963451427471,0.47649110852538634,0.005785237519,[0.146084 0.       0.       0.146029 0.415558 0.       0.       0.       0.       0.       0.       0.       0.       0.       0.       0.       0.146167 0.       0.146162 0.       0.       0.       0.       0.       0.       0.       0.       0.       0.       0.       0.      ],[1. 0. 0. 1. 1. 0. 0. 0. 0. 0. 0. 0. 0. 0. 0. 0. 1. 0. 1. 0. 0. 0. 0. 0. 0. 0. 0. 0. 0. 0. 0.],5.0,1000,100,0.01,0.0015,1,5,idID,,best,single_objective
679,0.1598963451427471,0.47649110852538634,0.005785237519,[0.146084 0.       0.       0.146029 0.415558 0.       0.       0.       0.       0.       0.       0.       0.       0.       0.       0.       0.146167 0.       0.146162 0.       0.       0.       0.       0.       0.       0.       0.       0.       0.       0.       0.      ],[1. 0. 0. 1. 1. 0. 0. 0. 0. 0. 0. 0. 0. 0. 0. 0. 1. 0. 1. 0. 0. 0. 0. 0. 0. 0. 0. 0. 0. 0. 0.],5.0,1000,100,0.01,0.0015,1,5,idID,,best,single_objective
680,0.1598963451427471,0.47649110852538634,0.005785237519,[0.146084 0.       0.       0.146029 0.415558 0.       0.       0.       0.       0.       0.       0.       0.       0.       0.       0.       0.146167 0.       0.146162 0.       0.       0.       0.       0.       0.       0.       0.       0.       0.       0.       0.      ],[1. 0. 0. 1. 1. 0. 0. 0. 0. 0. 0. 0. 0. 0. 0. 0. 1. 0. 1. 0. 0. 0. 0. 0. 0. 0. 0. 0. 0. 0. 0.],5.0,1000,100,0.01,0.0015,1,5,idID,,best,single_objective
681,0.1598963451427471,0.47649110852538634,0.005785237519,[0.146084 0.       0.       0.146029 0.415558 0.       0.       0.       0.       0.       0.       0.       0.       0.       0.       0.       0.146167 0.       0.146162 0.       0.       0.       0.       0.       0.       0.       0.       0.       0.       0.       0.      ],[1. 0. 0. 1. 1. 0. 0. 0. 0. 0. 0. 0. 0. 0. 0. 0. 1. 0. 1. 0. 0. 0. 0. 0. 0. 0. 0. 0. 0. 0. 0.],5.0,1000,100,0.01,0.0015,1,5,idID,,best,single_objective
682,0.1598963451427471,0.47649110852538634,0.005785237519,[0.146084 0.       0.       0.146029 0.415558 0.       0.       0.       0.       0.       0.       0.       0.       0.       0.       0.       0.146167 0.       0.146162 0.       0.       0.       0.       0.       0.       0.       0.       0.       0.       0.       0.      ],[1. 0. 0. 1. 1. 0. 0. 0. 0. 0. 0. 0. 0. 0. 0. 0. 1. 0. 1. 0. 0. 0. 0. 0. 0. 0. 0. 0. 0. 0. 0.],5.0,1000,100,0.01,0.0015,1,5,idID,,best,single_objective
683,0.1598963451427471,0.47649110852538634,0.005785237519,[0.146084 0.       0.       0.146029 0.415558 0.       0.       0.       0.       0.       0.       0.       0.       0.       0.       0.       0.146167 0.       0.146162 0.       0.       0.       0.       0.       0.       0.       0.       0.       0.       0.       0.      ],[1. 0. 0. 1. 1. 0. 0. 0. 0. 0. 0. 0. 0. 0. 0. 0. 1. 0. 1. 0. 0. 0. 0. 0. 0. 0. 0. 0. 0. 0. 0.],5.0,1000,100,0.01,0.0015,1,5,idID,,best,single_objective
684,0.1598963451427471,0.47649110852538634,0.005785237519,[0.146084 0.       0.       0.146029 0.415558 0.       0.       0.       0.       0.       0.       0.       0.       0.       0.       0.       0.146167 0.       0.146162 0.       0.       0.       0.       0.       0.       0.       0.       0.       0.       0.       0.      ],[1. 0. 0. 1. 1. 0. 0. 0. 0. 0. 0. 0. 0. 0. 0. 0. 1. 0. 1. 0. 0. 0. 0. 0. 0. 0. 0. 0. 0. 0. 0.],5.0,1000,100,0.01,0.0015,1,5,idID,,best,single_objective
685,0.1598963451427471,0.47649110852538634,0.005785237519,[0.146084 0.       0.       0.146029 0.415558 0.       0.       0.       0.       0.       0.       0.       0.       0.       0.       0.       0.146167 0.       0.146162 0.       0.       0.       0.       0.       0.       0.       0.       0.       0.       0.       0.      ],[1. 0. 0. 1. 1. 0. 0. 0. 0. 0. 0. 0. 0. 0. 0. 0. 1. 0. 1. 0. 0. 0. 0. 0. 0. 0. 0. 0. 0. 0. 0.],5.0,1000,100,0.01,0.0015,1,5,idID,,best,single_objective
686,0.1598963451427471,0.47649110852538634,0.005785237519,[0.146084 0.       0.       0.146029 0.415558 0.       0.       0.       0.       0.       0.       0.       0.       0.       0.       0.       0.146167 0.       0.146162 0.       0.       0.       0.       0.       0.       0.       0.       0.       0.       0.       0.      ],[1. 0. 0. 1. 1. 0. 0. 0. 0. 0. 0. 0. 0. 0. 0. 0. 1. 0. 1. 0. 0. 0. 0. 0. 0. 0. 0. 0. 0. 0. 0.],5.0,1000,100,0.01,0.0015,1,5,idID,,best,single_objective
687,0.1598963451427471,0.47649110852538634,0.005785237519,[0.146084 0.       0.       0.146029 0.415558 0.       0.       0.       0.       0.       0.       0.       0.       0.       0.       0.       0.146167 0.       0.146162 0.       0.       0.       0.       0.       0.       0.       0.       0.       0.       0.       0.      ],[1. 0. 0. 1. 1. 0. 0. 0. 0. 0. 0. 0. 0. 0. 0. 0. 1. 0. 1. 0. 0. 0. 0. 0. 0. 0. 0. 0. 0. 0. 0.],5.0,1000,100,0.01,0.0015,1,5,idID,,best,single_objective
688,0.1598963451427471,0.47649110852538634,0.005785237519,[0.146084 0.       0.       0.146029 0.415558 0.       0.       0.       0.       0.       0.       0.       0.       0.       0.       0.       0.146167 0.       0.146162 0.       0.       0.       0.       0.       0.       0.       0.       0.       0.       0.       0.      ],[1. 0. 0. 1. 1. 0. 0. 0. 0. 0. 0. 0. 0. 0. 0. 0. 1. 0. 1. 0. 0. 0. 0. 0. 0. 0. 0. 0. 0. 0. 0.],5.0,1000,100,0.01,0.0015,1,5,idID,,best,single_objective
689,0.1598963451427471,0.47649110852538634,0.005785237519,[0.146084 0.       0.       0.146029 0.415558 0.       0.       0.       0.       0.       0.       0.       0.       0.       0.       0.       0.146167 0.       0.146162 0.       0.       0.       0.       0.       0.       0.       0.       0.       0.       0.       0.      ],[1. 0. 0. 1. 1. 0. 0. 0. 0. 0. 0. 0. 0. 0. 0. 0. 1. 0. 1. 0. 0. 0. 0. 0. 0. 0. 0. 0. 0. 0. 0.],5.0,1000,100,0.01,0.0015,1,5,idID,,best,single_objective
690,0.1598963451427471,0.47649110852538634,0.005785237519,[0.146084 0.       0.       0.146029 0.415558 0.       0.       0.       0.       0.       0.       0.       0.       0.       0.       0.       0.146167 0.       0.146162 0.       0.       0.       0.       0.       0.       0.       0.       0.       0.       0.       0.      ],[1. 0. 0. 1. 1. 0. 0. 0. 0. 0. 0. 0. 0. 0. 0. 0. 1. 0. 1. 0. 0. 0. 0. 0. 0. 0. 0. 0. 0. 0. 0.],5.0,1000,100,0.01,0.0015,1,5,idID,,best,single_objective
691,0.1598963451427471,0.47649110852538634,0.005785237519,[0.146084 0.       0.       0.146029 0.415558 0.       0.       0.       0.       0.       0.       0.       0.       0.       0.       0.       0.146167 0.       0.146162 0.       0.       0.       0.       0.       0.       0.       0.       0.       0.       0.       0.      ],[1. 0. 0. 1. 1. 0. 0. 0. 0. 0. 0. 0. 0. 0. 0. 0. 1. 0. 1. 0. 0. 0. 0. 0. 0. 0. 0. 0. 0. 0. 0.],5.0,1000,100,0.01,0.0015,1,5,idID,,best,single_objective
692,0.1598963451427471,0.47649110852538634,0.005785237519,[0.146084 0.       0.       0.146029 0.415558 0.       0.       0.       0.       0.       0.       0.       0.       0.       0.       0.       0.146167 0.       0.146162 0.       0.       0.       0.       0.       0.       0.       0.       0.       0.       0.       0.      ],[1. 0. 0. 1. 1. 0. 0. 0. 0. 0. 0. 0. 0. 0. 0. 0. 1. 0. 1. 0. 0. 0. 0. 0. 0. 0. 0. 0. 0. 0. 0.],5.0,1000,100,0.01,0.0015,1,5,idID,,best,single_objective
693,0.1598963451427471,0.47649110852538634,0.005785237519,[0.146084 0.       0.       0.146029 0.415558 0.       0.       0.       0.       0.       0.       0.       0.       0.       0.       0.       0.146167 0.       0.146162 0.       0.       0.       0.       0.       0.       0.       0.       0.       0.       0.       0.      ],[1. 0. 0. 1. 1. 0. 0. 0. 0. 0. 0. 0. 0. 0. 0. 0. 1. 0. 1. 0. 0. 0. 0. 0. 0. 0. 0. 0. 0. 0. 0.],5.0,1000,100,0.01,0.0015,1,5,idID,,best,single_objective
694,0.1598963451427471,0.47649110852538634,0.005785237519,[0.146084 0.       0.       0.146029 0.415558 0.       0.       0.       0.       0.       0.       0.       0.       0.       0.       0.       0.146167 0.       0.146162 0.       0.       0.       0.       0.       0.       0.       0.       0.       0.       0.       0.      ],[1. 0. 0. 1. 1. 0. 0. 0. 0. 0. 0. 0. 0. 0. 0. 0. 1. 0. 1. 0. 0. 0. 0. 0. 0. 0. 0. 0. 0. 0. 0.],5.0,1000,100,0.01,0.0015,1,5,idID,,best,single_objective
695,0.1598963451427471,0.47649110852538634,0.005785237519,[0.146084 0.       0.       0.146029 0.415558 0.       0.       0.       0.       0.       0.       0.       0.       0.       0.       0.       0.146167 0.       0.146162 0.       0.       0.       0.       0.       0.       0.       0.       0.       0.       0.       0.      ],[1. 0. 0. 1. 1. 0. 0. 0. 0. 0. 0. 0. 0. 0. 0. 0. 1. 0. 1. 0. 0. 0. 0. 0. 0. 0. 0. 0. 0. 0. 0.],5.0,1000,100,0.01,0.0015,1,5,idID,,best,single_objective
696,0.1598963451427471,0.47649110852538634,0.005785237519,[0.146084 0.       0.       0.146029 0.415558 0.       0.       0.       0.       0.       0.       0.       0.       0.       0.       0.       0.146167 0.       0.146162 0.       0.       0.       0.       0.       0.       0.       0.       0.       0.       0.       0.      ],[1. 0. 0. 1. 1. 0. 0. 0. 0. 0. 0. 0. 0. 0. 0. 0. 1. 0. 1. 0. 0. 0. 0. 0. 0. 0. 0. 0. 0. 0. 0.],5.0,1000,100,0.01,0.0015,1,5,idID,,best,single_objective
697,0.1598963451427471,0.47649110852538634,0.005785237519,[0.146084 0.       0.       0.146029 0.415558 0.       0.       0.       0.       0.       0.       0.       0.       0.       0.       0.       0.146167 0.       0.146162 0.       0.       0.       0.       0.       0.       0.       0.       0.       0.       0.       0.      ],[1. 0. 0. 1. 1. 0. 0. 0. 0. 0. 0. 0. 0. 0. 0. 0. 1. 0. 1. 0. 0. 0. 0. 0. 0. 0. 0. 0. 0. 0. 0.],5.0,1000,100,0.01,0.0015,1,5,idID,,best,single_objective
698,0.1598963451427471,0.47649110852538634,0.005785237519,[0.146084 0.       0.       0.146029 0.415558 0.       0.       0.       0.       0.       0.       0.       0.       0.       0.       0.       0.146167 0.       0.146162 0.       0.       0.       0.       0.       0.       0.       0.       0.       0.       0.       0.      ],[1. 0. 0. 1. 1. 0. 0. 0. 0. 0. 0. 0. 0. 0. 0. 0. 1. 0. 1. 0. 0. 0. 0. 0. 0. 0. 0. 0. 0. 0. 0.],5.0,1000,100,0.01,0.0015,1,5,idID,,best,single_objective
699,0.1598963451427471,0.47649110852538634,0.005785237519,[0.146084 0.       0.       0.146029 0.415558 0.       0.       0.       0.       0.       0.       0.       0.       0.       0.       0.       0.146167 0.       0.146162 0.       0.       0.       0.       0.       0.       0.       0.       0.       0.       0.       0.      ],[1. 0. 0. 1. 1. 0. 0. 0. 0. 0. 0. 0. 0. 0. 0. 0. 1. 0. 1. 0. 0. 0. 0. 0. 0. 0. 0. 0. 0. 0. 0.],5.0,1000,100,0.01,0.0015,1,5,idID,,best,single_objective
700,0.1598963451427471,0.47649110852538634,0.005785237519,[0.146084 0.       0.       0.146029 0.415558 0.       0.       0.       0.       0.       0.       0.       0.       0.       0.       0.       0.146167 0.       0.146162 0.       0.       0.       0.       0.       0.       0.       0.       0.       0.       0.       0.      ],[1. 0. 0. 1. 1. 0. 0. 0. 0. 0. 0. 0. 0. 0. 0. 0. 1. 0. 1. 0. 0. 0. 0. 0. 0. 0. 0. 0. 0. 0. 0.],5.0,1000,100,0.01,0.0015,1,5,idID,,best,single_objective
701,0.1598963451427471,0.47649110852538634,0.005785237519,[0.146084 0.       0.       0.146029 0.415558 0.       0.       0.       0.       0.       0.       0.       0.       0.       0.       0.       0.146167 0.       0.146162 0.       0.       0.       0.       0.       0.       0.       0.       0.       0.       0.       0.      ],[1. 0. 0. 1. 1. 0. 0. 0. 0. 0. 0. 0. 0. 0. 0. 0. 1. 0. 1. 0. 0. 0. 0. 0. 0. 0. 0. 0. 0. 0. 0.],5.0,1000,100,0.01,0.0015,1,5,idID,,best,single_objective
702,0.1598963451427471,0.47649110852538634,0.005785237519,[0.146084 0.       0.       0.146029 0.415558 0.       0.       0.       0.       0.       0.       0.       0.       0.       0.       0.       0.146167 0.       0.146162 0.       0.       0.       0.       0.       0.       0.       0.       0.       0.       0.       0.      ],[1. 0. 0. 1. 1. 0. 0. 0. 0. 0. 0. 0. 0. 0. 0. 0. 1. 0. 1. 0. 0. 0. 0. 0. 0. 0. 0. 0. 0. 0. 0.],5.0,1000,100,0.01,0.0015,1,5,idID,,best,single_objective
703,0.1598963451427471,0.47649110852538634,0.005785237519,[0.146084 0.       0.       0.146029 0.415558 0.       0.       0.       0.       0.       0.       0.       0.       0.       0.       0.       0.146167 0.       0.146162 0.       0.       0.       0.       0.       0.       0.       0.       0.       0.       0.       0.      ],[1. 0. 0. 1. 1. 0. 0. 0. 0. 0. 0. 0. 0. 0. 0. 0. 1. 0. 1. 0. 0. 0. 0. 0. 0. 0. 0. 0. 0. 0. 0.],5.0,1000,100,0.01,0.0015,1,5,idID,,best,single_objective
704,0.1598963451427471,0.47649110852538634,0.005785237519,[0.146084 0.       0.       0.146029 0.415558 0.       0.       0.       0.       0.       0.       0.       0.       0.       0.       0.       0.146167 0.       0.146162 0.       0.       0.       0.       0.       0.       0.       0.       0.       0.       0.       0.      ],[1. 0. 0. 1. 1. 0. 0. 0. 0. 0. 0. 0. 0. 0. 0. 0. 1. 0. 1. 0. 0. 0. 0. 0. 0. 0. 0. 0. 0. 0. 0.],5.0,1000,100,0.01,0.0015,1,5,idID,,best,single_objective
705,0.1598963451427471,0.47649110852538634,0.005785237519,[0.146084 0.       0.       0.146029 0.415558 0.       0.       0.       0.       0.       0.       0.       0.       0.       0.       0.       0.146167 0.       0.146162 0.       0.       0.       0.       0.       0.       0.       0.       0.       0.       0.       0.      ],[1. 0. 0. 1. 1. 0. 0. 0. 0. 0. 0. 0. 0. 0. 0. 0. 1. 0. 1. 0. 0. 0. 0. 0. 0. 0. 0. 0. 0. 0. 0.],5.0,1000,100,0.01,0.0015,1,5,idID,,best,single_objective
706,0.1598963451427471,0.47649110852538634,0.005785237519,[0.146084 0.       0.       0.146029 0.415558 0.       0.       0.       0.       0.       0.       0.       0.       0.       0.       0.       0.146167 0.       0.146162 0.       0.       0.       0.       0.       0.       0.       0.       0.       0.       0.       0.      ],[1. 0. 0. 1. 1. 0. 0. 0. 0. 0. 0. 0. 0. 0. 0. 0. 1. 0. 1. 0. 0. 0. 0. 0. 0. 0. 0. 0. 0. 0. 0.],5.0,1000,100,0.01,0.0015,1,5,idID,,best,single_objective
707,0.1598963451427471,0.47649110852538634,0.005785237519,[0.146084 0.       0.       0.146029 0.415558 0.       0.       0.       0.       0.       0.       0.       0.       0.       0.       0.       0.146167 0.       0.146162 0.       0.       0.       0.       0.       0.       0.       0.       0.       0.       0.       0.      ],[1. 0. 0. 1. 1. 0. 0. 0. 0. 0. 0. 0. 0. 0. 0. 0. 1. 0. 1. 0. 0. 0. 0. 0. 0. 0. 0. 0. 0. 0. 0.],5.0,1000,100,0.01,0.0015,1,5,idID,,best,single_objective
708,0.1598963451427471,0.47649110852538634,0.005785237519,[0.146084 0.       0.       0.146029 0.415558 0.       0.       0.       0.       0.       0.       0.       0.       0.       0.       0.       0.146167 0.       0.146162 0.       0.       0.       0.       0.       0.       0.       0.       0.       0.       0.       0.      ],[1. 0. 0. 1. 1. 0. 0. 0. 0. 0. 0. 0. 0. 0. 0. 0. 1. 0. 1. 0. 0. 0. 0. 0. 0. 0. 0. 0. 0. 0. 0.],5.0,1000,100,0.01,0.0015,1,5,idID,,best,single_objective
709,0.1598963451427471,0.47649110852538634,0.005785237519,[0.146084 0.       0.       0.146029 0.415558 0.       0.       0.       0.       0.       0.       0.       0.       0.       0.       0.       0.146167 0.       0.146162 0.       0.       0.       0.       0.       0.       0.       0.       0.       0.       0.       0.      ],[1. 0. 0. 1. 1. 0. 0. 0. 0. 0. 0. 0. 0. 0. 0. 0. 1. 0. 1. 0. 0. 0. 0. 0. 0. 0. 0. 0. 0. 0. 0.],5.0,1000,100,0.01,0.0015,1,5,idID,,best,single_objective
710,0.1598963451427471,0.47649110852538634,0.005785237519,[0.146084 0.       0.       0.146029 0.415558 0.       0.       0.       0.       0.       0.       0.       0.       0.       0.       0.       0.146167 0.       0.146162 0.       0.       0.       0.       0.       0.       0.       0.       0.       0.       0.       0.      ],[1. 0. 0. 1. 1. 0. 0. 0. 0. 0. 0. 0. 0. 0. 0. 0. 1. 0. 1. 0. 0. 0. 0. 0. 0. 0. 0. 0. 0. 0. 0.],5.0,1000,100,0.01,0.0015,1,5,idID,,best,single_objective
711,0.1598963451427471,0.47649110852538634,0.005785237519,[0.146084 0.       0.       0.146029 0.415558 0.       0.       0.       0.       0.       0.       0.       0.       0.       0.       0.       0.146167 0.       0.146162 0.       0.       0.       0.       0.       0.       0.       0.       0.       0.       0.       0.      ],[1. 0. 0. 1. 1. 0. 0. 0. 0. 0. 0. 0. 0. 0. 0. 0. 1. 0. 1. 0. 0. 0. 0. 0. 0. 0. 0. 0. 0. 0. 0.],5.0,1000,100,0.01,0.0015,1,5,idID,,best,single_objective
712,0.1598963451427471,0.47649110852538634,0.005785237519,[0.146084 0.       0.       0.146029 0.415558 0.       0.       0.       0.       0.       0.       0.       0.       0.       0.       0.       0.146167 0.       0.146162 0.       0.       0.       0.       0.       0.       0.       0.       0.       0.       0.       0.      ],[1. 0. 0. 1. 1. 0. 0. 0. 0. 0. 0. 0. 0. 0. 0. 0. 1. 0. 1. 0. 0. 0. 0. 0. 0. 0. 0. 0. 0. 0. 0.],5.0,1000,100,0.01,0.0015,1,5,idID,,best,single_objective
713,0.1598963451427471,0.47649110852538634,0.005785237519,[0.146084 0.       0.       0.146029 0.415558 0.       0.       0.       0.       0.       0.       0.       0.       0.       0.       0.       0.146167 0.       0.146162 0.       0.       0.       0.       0.       0.       0.       0.       0.       0.       0.       0.      ],[1. 0. 0. 1. 1. 0. 0. 0. 0. 0. 0. 0. 0. 0. 0. 0. 1. 0. 1. 0. 0. 0. 0. 0. 0. 0. 0. 0. 0. 0. 0.],5.0,1000,100,0.01,0.0015,1,5,idID,,best,single_objective
714,0.1598963451427471,0.47649110852538634,0.005785237519,[0.146084 0.       0.       0.146029 0.415558 0.       0.       0.       0.       0.       0.       0.       0.       0.       0.       0.       0.146167 0.       0.146162 0.       0.       0.       0.       0.       0.       0.       0.       0.       0.       0.       0.      ],[1. 0. 0. 1. 1. 0. 0. 0. 0. 0. 0. 0. 0. 0. 0. 0. 1. 0. 1. 0. 0. 0. 0. 0. 0. 0. 0. 0. 0. 0. 0.],5.0,1000,100,0.01,0.0015,1,5,idID,,best,single_objective
715,0.1598963451427471,0.47649110852538634,0.005785237519,[0.146084 0.       0.       0.146029 0.415558 0.       0.       0.       0.       0.       0.       0.       0.       0.       0.       0.       0.146167 0.       0.146162 0.       0.       0.       0.       0.       0.       0.       0.       0.       0.       0.       0.      ],[1. 0. 0. 1. 1. 0. 0. 0. 0. 0. 0. 0. 0. 0. 0. 0. 1. 0. 1. 0. 0. 0. 0. 0. 0. 0. 0. 0. 0. 0. 0.],5.0,1000,100,0.01,0.0015,1,5,idID,,best,single_objective
716,0.1598963451427471,0.47649110852538634,0.005785237519,[0.146084 0.       0.       0.146029 0.415558 0.       0.       0.       0.       0.       0.       0.       0.       0.       0.       0.       0.146167 0.       0.146162 0.       0.       0.       0.       0.       0.       0.       0.       0.       0.       0.       0.      ],[1. 0. 0. 1. 1. 0. 0. 0. 0. 0. 0. 0. 0. 0. 0. 0. 1. 0. 1. 0. 0. 0. 0. 0. 0. 0. 0. 0. 0. 0. 0.],5.0,1000,100,0.01,0.0015,1,5,idID,,best,single_objective
717,0.1598963451427471,0.47649110852538634,0.005785237519,[0.146084 0.       0.       0.146029 0.415558 0.       0.       0.       0.       0.       0.       0.       0.       0.       0.       0.       0.146167 0.       0.146162 0.       0.       0.       0.       0.       0.       0.       0.       0.       0.       0.       0.      ],[1. 0. 0. 1. 1. 0. 0. 0. 0. 0. 0. 0. 0. 0. 0. 0. 1. 0. 1. 0. 0. 0. 0. 0. 0. 0. 0. 0. 0. 0. 0.],5.0,1000,100,0.01,0.0015,1,5,idID,,best,single_objective
718,0.1598963451427471,0.47649110852538634,0.005785237519,[0.146084 0.       0.       0.146029 0.415558 0.       0.       0.       0.       0.       0.       0.       0.       0.       0.       0.       0.146167 0.       0.146162 0.       0.       0.       0.       0.       0.       0.       0.       0.       0.       0.       0.      ],[1. 0. 0. 1. 1. 0. 0. 0. 0. 0. 0. 0. 0. 0. 0. 0. 1. 0. 1. 0. 0. 0. 0. 0. 0. 0. 0. 0. 0. 0. 0.],5.0,1000,100,0.01,0.0015,1,5,idID,,best,single_objective
719,0.1598963451427471,0.47649110852538634,0.005785237519,[0.146084 0.       0.       0.146029 0.415558 0.       0.       0.       0.       0.       0.       0.       0.       0.       0.       0.       0.146167 0.       0.146162 0.       0.       0.       0.       0.       0.       0.       0.       0.       0.       0.       0.      ],[1. 0. 0. 1. 1. 0. 0. 0. 0. 0. 0. 0. 0. 0. 0. 0. 1. 0. 1. 0. 0. 0. 0. 0. 0. 0. 0. 0. 0. 0. 0.],5.0,1000,100,0.01,0.0015,1,5,idID,,best,single_objective
720,0.1598963451427471,0.47649110852538634,0.005785237519,[0.146084 0.       0.       0.146029 0.415558 0.       0.       0.       0.       0.       0.       0.       0.       0.       0.       0.       0.146167 0.       0.146162 0.       0.       0.       0.       0.       0.       0.       0.       0.       0.       0.       0.      ],[1. 0. 0. 1. 1. 0. 0. 0. 0. 0. 0. 0. 0. 0. 0. 0. 1. 0. 1. 0. 0. 0. 0. 0. 0. 0. 0. 0. 0. 0. 0.],5.0,1000,100,0.01,0.0015,1,5,idID,,best,single_objective
721,0.1598963451427471,0.47649110852538634,0.005785237519,[0.146084 0.       0.       0.146029 0.415558 0.       0.       0.       0.       0.       0.       0.       0.       0.       0.       0.       0.146167 0.       0.146162 0.       0.       0.       0.       0.       0.       0.       0.       0.       0.       0.       0.      ],[1. 0. 0. 1. 1. 0. 0. 0. 0. 0. 0. 0. 0. 0. 0. 0. 1. 0. 1. 0. 0. 0. 0. 0. 0. 0. 0. 0. 0. 0. 0.],5.0,1000,100,0.01,0.0015,1,5,idID,,best,single_objective
722,0.1598963451427471,0.47649110852538634,0.005785237519,[0.146084 0.       0.       0.146029 0.415558 0.       0.       0.       0.       0.       0.       0.       0.       0.       0.       0.       0.146167 0.       0.146162 0.       0.       0.       0.       0.       0.       0.       0.       0.       0.       0.       0.      ],[1. 0. 0. 1. 1. 0. 0. 0. 0. 0. 0. 0. 0. 0. 0. 0. 1. 0. 1. 0. 0. 0. 0. 0. 0. 0. 0. 0. 0. 0. 0.],5.0,1000,100,0.01,0.0015,1,5,idID,,best,single_objective
723,0.1598963451427471,0.47649110852538634,0.005785237519,[0.146084 0.       0.       0.146029 0.415558 0.       0.       0.       0.       0.       0.       0.       0.       0.       0.       0.       0.146167 0.       0.146162 0.       0.       0.       0.       0.       0.       0.       0.       0.       0.       0.       0.      ],[1. 0. 0. 1. 1. 0. 0. 0. 0. 0. 0. 0. 0. 0. 0. 0. 1. 0. 1. 0. 0. 0. 0. 0. 0. 0. 0. 0. 0. 0. 0.],5.0,1000,100,0.01,0.0015,1,5,idID,,best,single_objective
724,0.1598963451427471,0.47649110852538634,0.005785237519,[0.146084 0.       0.       0.146029 0.415558 0.       0.       0.       0.       0.       0.       0.       0.       0.       0.       0.       0.146167 0.       0.146162 0.       0.       0.       0.       0.       0.       0.       0.       0.       0.       0.       0.      ],[1. 0. 0. 1. 1. 0. 0. 0. 0. 0. 0. 0. 0. 0. 0. 0. 1. 0. 1. 0. 0. 0. 0. 0. 0. 0. 0. 0. 0. 0. 0.],5.0,1000,100,0.01,0.0015,1,5,idID,,best,single_objective
725,0.1598963451427471,0.47649110852538634,0.005785237519,[0.146084 0.       0.       0.146029 0.415558 0.       0.       0.       0.       0.       0.       0.       0.       0.       0.       0.       0.146167 0.       0.146162 0.       0.       0.       0.       0.       0.       0.       0.       0.       0.       0.       0.      ],[1. 0. 0. 1. 1. 0. 0. 0. 0. 0. 0. 0. 0. 0. 0. 0. 1. 0. 1. 0. 0. 0. 0. 0. 0. 0. 0. 0. 0. 0. 0.],5.0,1000,100,0.01,0.0015,1,5,idID,,best,single_objective
726,0.1598963451427471,0.47649110852538634,0.005785237519,[0.146084 0.       0.       0.146029 0.415558 0.       0.       0.       0.       0.       0.       0.       0.       0.       0.       0.       0.146167 0.       0.146162 0.       0.       0.       0.       0.       0.       0.       0.       0.       0.       0.       0.      ],[1. 0. 0. 1. 1. 0. 0. 0. 0. 0. 0. 0. 0. 0. 0. 0. 1. 0. 1. 0. 0. 0. 0. 0. 0. 0. 0. 0. 0. 0. 0.],5.0,1000,100,0.01,0.0015,1,5,idID,,best,single_objective
727,0.1598963451427471,0.47649110852538634,0.005785237519,[0.146084 0.       0.       0.146029 0.415558 0.       0.       0.       0.       0.       0.       0.       0.       0.       0.       0.       0.146167 0.       0.146162 0.       0.       0.       0.       0.       0.       0.       0.       0.       0.       0.       0.      ],[1. 0. 0. 1. 1. 0. 0. 0. 0. 0. 0. 0. 0. 0. 0. 0. 1. 0. 1. 0. 0. 0. 0. 0. 0. 0. 0. 0. 0. 0. 0.],5.0,1000,100,0.01,0.0015,1,5,idID,,best,single_objective
728,0.1598963451427471,0.47649110852538634,0.005785237519,[0.146084 0.       0.       0.146029 0.415558 0.       0.       0.       0.       0.       0.       0.       0.       0.       0.       0.       0.146167 0.       0.146162 0.       0.       0.       0.       0.       0.       0.       0.       0.       0.       0.       0.      ],[1. 0. 0. 1. 1. 0. 0. 0. 0. 0. 0. 0. 0. 0. 0. 0. 1. 0. 1. 0. 0. 0. 0. 0. 0. 0. 0. 0. 0. 0. 0.],5.0,1000,100,0.01,0.0015,1,5,idID,,best,single_objective
729,0.1598963451427471,0.47649110852538634,0.005785237519,[0.146084 0.       0.       0.146029 0.415558 0.       0.       0.       0.       0.       0.       0.       0.       0.       0.       0.       0.146167 0.       0.146162 0.       0.       0.       0.       0.       0.       0.       0.       0.       0.       0.       0.      ],[1. 0. 0. 1. 1. 0. 0. 0. 0. 0. 0. 0. 0. 0. 0. 0. 1. 0. 1. 0. 0. 0. 0. 0. 0. 0. 0. 0. 0. 0. 0.],5.0,1000,100,0.01,0.0015,1,5,idID,,best,single_objective
730,0.1598963451427471,0.47649110852538634,0.005785237519,[0.146084 0.       0.       0.146029 0.415558 0.       0.       0.       0.       0.       0.       0.       0.       0.       0.       0.       0.146167 0.       0.146162 0.       0.       0.       0.       0.       0.       0.       0.       0.       0.       0.       0.      ],[1. 0. 0. 1. 1. 0. 0. 0. 0. 0. 0. 0. 0. 0. 0. 0. 1. 0. 1. 0. 0. 0. 0. 0. 0. 0. 0. 0. 0. 0. 0.],5.0,1000,100,0.01,0.0015,1,5,idID,,best,single_objective
731,0.1598963451427471,0.47649110852538634,0.005785237519,[0.146084 0.       0.       0.146029 0.415558 0.       0.       0.       0.       0.       0.       0.       0.       0.       0.       0.       0.146167 0.       0.146162 0.       0.       0.       0.       0.       0.       0.       0.       0.       0.       0.       0.      ],[1. 0. 0. 1. 1. 0. 0. 0. 0. 0. 0. 0. 0. 0. 0. 0. 1. 0. 1. 0. 0. 0. 0. 0. 0. 0. 0. 0. 0. 0. 0.],5.0,1000,100,0.01,0.0015,1,5,idID,,best,single_objective
732,0.1598963451427471,0.47649110852538634,0.005785237519,[0.146084 0.       0.       0.146029 0.415558 0.       0.       0.       0.       0.       0.       0.       0.       0.       0.       0.       0.146167 0.       0.146162 0.       0.       0.       0.       0.       0.       0.       0.       0.       0.       0.       0.      ],[1. 0. 0. 1. 1. 0. 0. 0. 0. 0. 0. 0. 0. 0. 0. 0. 1. 0. 1. 0. 0. 0. 0. 0. 0. 0. 0. 0. 0. 0. 0.],5.0,1000,100,0.01,0.0015,1,5,idID,,best,single_objective
733,0.1598963451427471,0.47649110852538634,0.005785237519,[0.146084 0.       0.       0.146029 0.415558 0.       0.       0.       0.       0.       0.       0.       0.       0.       0.       0.       0.146167 0.       0.146162 0.       0.       0.       0.       0.       0.       0.       0.       0.       0.       0.       0.      ],[1. 0. 0. 1. 1. 0. 0. 0. 0. 0. 0. 0. 0. 0. 0. 0. 1. 0. 1. 0. 0. 0. 0. 0. 0. 0. 0. 0. 0. 0. 0.],5.0,1000,100,0.01,0.0015,1,5,idID,,best,single_objective
734,0.1598963451427471,0.47649110852538634,0.005785237519,[0.146084 0.       0.       0.146029 0.415558 0.       0.       0.       0.       0.       0.       0.       0.       0.       0.       0.       0.146167 0.       0.146162 0.       0.       0.       0.       0.       0.       0.       0.       0.       0.       0.       0.      ],[1. 0. 0. 1. 1. 0. 0. 0. 0. 0. 0. 0. 0. 0. 0. 0. 1. 0. 1. 0. 0. 0. 0. 0. 0. 0. 0. 0. 0. 0. 0.],5.0,1000,100,0.01,0.0015,1,5,idID,,best,single_objective
735,0.1598963451427471,0.47649110852538634,0.005785237519,[0.146084 0.       0.       0.146029 0.415558 0.       0.       0.       0.       0.       0.       0.       0.       0.       0.       0.       0.146167 0.       0.146162 0.       0.       0.       0.       0.       0.       0.       0.       0.       0.       0.       0.      ],[1. 0. 0. 1. 1. 0. 0. 0. 0. 0. 0. 0. 0. 0. 0. 0. 1. 0. 1. 0. 0. 0. 0. 0. 0. 0. 0. 0. 0. 0. 0.],5.0,1000,100,0.01,0.0015,1,5,idID,,best,single_objective
736,0.1598963451427471,0.47649110852538634,0.005785237519,[0.146084 0.       0.       0.146029 0.415558 0.       0.       0.       0.       0.       0.       0.       0.       0.       0.       0.       0.146167 0.       0.146162 0.       0.       0.       0.       0.       0.       0.       0.       0.       0.       0.       0.      ],[1. 0. 0. 1. 1. 0. 0. 0. 0. 0. 0. 0. 0. 0. 0. 0. 1. 0. 1. 0. 0. 0. 0. 0. 0. 0. 0. 0. 0. 0. 0.],5.0,1000,100,0.01,0.0015,1,5,idID,,best,single_objective
737,0.1598963451427471,0.47649110852538634,0.005785237519,[0.146084 0.       0.       0.146029 0.415558 0.       0.       0.       0.       0.       0.       0.       0.       0.       0.       0.       0.146167 0.       0.146162 0.       0.       0.       0.       0.       0.       0.       0.       0.       0.       0.       0.      ],[1. 0. 0. 1. 1. 0. 0. 0. 0. 0. 0. 0. 0. 0. 0. 0. 1. 0. 1. 0. 0. 0. 0. 0. 0. 0. 0. 0. 0. 0. 0.],5.0,1000,100,0.01,0.0015,1,5,idID,,best,single_objective
738,0.1598963451427471,0.47649110852538634,0.005785237519,[0.146084 0.       0.       0.146029 0.415558 0.       0.       0.       0.       0.       0.       0.       0.       0.       0.       0.       0.146167 0.       0.146162 0.       0.       0.       0.       0.       0.       0.       0.       0.       0.       0.       0.      ],[1. 0. 0. 1. 1. 0. 0. 0. 0. 0. 0. 0. 0. 0. 0. 0. 1. 0. 1. 0. 0. 0. 0. 0. 0. 0. 0. 0. 0. 0. 0.],5.0,1000,100,0.01,0.0015,1,5,idID,,best,single_objective
739,0.1598963451427471,0.47649110852538634,0.005785237519,[0.146084 0.       0.       0.146029 0.415558 0.       0.       0.       0.       0.       0.       0.       0.       0.       0.       0.       0.146167 0.       0.146162 0.       0.       0.       0.       0.       0.       0.       0.       0.       0.       0.       0.      ],[1. 0. 0. 1. 1. 0. 0. 0. 0. 0. 0. 0. 0. 0. 0. 0. 1. 0. 1. 0. 0. 0. 0. 0. 0. 0. 0. 0. 0. 0. 0.],5.0,1000,100,0.01,0.0015,1,5,idID,,best,single_objective
740,0.1598963451427471,0.47649110852538634,0.005785237519,[0.146084 0.       0.       0.146029 0.415558 0.       0.       0.       0.       0.       0.       0.       0.       0.       0.       0.       0.146167 0.       0.146162 0.       0.       0.       0.       0.       0.       0.       0.       0.       0.       0.       0.      ],[1. 0. 0. 1. 1. 0. 0. 0. 0. 0. 0. 0. 0. 0. 0. 0. 1. 0. 1. 0. 0. 0. 0. 0. 0. 0. 0. 0. 0. 0. 0.],5.0,1000,100,0.01,0.0015,1,5,idID,,best,single_objective
741,0.1598963451427471,0.47649110852538634,0.005785237519,[0.146084 0.       0.       0.146029 0.415558 0.       0.       0.       0.       0.       0.       0.       0.       0.       0.       0.       0.146167 0.       0.146162 0.       0.       0.       0.       0.       0.       0.       0.       0.       0.       0.       0.      ],[1. 0. 0. 1. 1. 0. 0. 0. 0. 0. 0. 0. 0. 0. 0. 0. 1. 0. 1. 0. 0. 0. 0. 0. 0. 0. 0. 0. 0. 0. 0.],5.0,1000,100,0.01,0.0015,1,5,idID,,best,single_objective
742,0.1598963451427471,0.47649110852538634,0.005785237519,[0.146084 0.       0.       0.146029 0.415558 0.       0.       0.       0.       0.       0.       0.       0.       0.       0.       0.       0.146167 0.       0.146162 0.       0.       0.       0.       0.       0.       0.       0.       0.       0.       0.       0.      ],[1. 0. 0. 1. 1. 0. 0. 0. 0. 0. 0. 0. 0. 0. 0. 0. 1. 0. 1. 0. 0. 0. 0. 0. 0. 0. 0. 0. 0. 0. 0.],5.0,1000,100,0.01,0.0015,1,5,idID,,best,single_objective
743,0.1598963451427471,0.47649110852538634,0.005785237519,[0.146084 0.       0.       0.146029 0.415558 0.       0.       0.       0.       0.       0.       0.       0.       0.       0.       0.       0.146167 0.       0.146162 0.       0.       0.       0.       0.       0.       0.       0.       0.       0.       0.       0.      ],[1. 0. 0. 1. 1. 0. 0. 0. 0. 0. 0. 0. 0. 0. 0. 0. 1. 0. 1. 0. 0. 0. 0. 0. 0. 0. 0. 0. 0. 0. 0.],5.0,1000,100,0.01,0.0015,1,5,idID,,best,single_objective
744,0.1598963451427471,0.47649110852538634,0.005785237519,[0.146084 0.       0.       0.146029 0.415558 0.       0.       0.       0.       0.       0.       0.       0.       0.       0.       0.       0.146167 0.       0.146162 0.       0.       0.       0.       0.       0.       0.       0.       0.       0.       0.       0.      ],[1. 0. 0. 1. 1. 0. 0. 0. 0. 0. 0. 0. 0. 0. 0. 0. 1. 0. 1. 0. 0. 0. 0. 0. 0. 0. 0. 0. 0. 0. 0.],5.0,1000,100,0.01,0.0015,1,5,idID,,best,single_objective
745,0.1598963451427471,0.47649110852538634,0.005785237519,[0.146084 0.       0.       0.146029 0.415558 0.       0.       0.       0.       0.       0.       0.       0.       0.       0.       0.       0.146167 0.       0.146162 0.       0.       0.       0.       0.       0.       0.       0.       0.       0.       0.       0.      ],[1. 0. 0. 1. 1. 0. 0. 0. 0. 0. 0. 0. 0. 0. 0. 0. 1. 0. 1. 0. 0. 0. 0. 0. 0. 0. 0. 0. 0. 0. 0.],5.0,1000,100,0.01,0.0015,1,5,idID,,best,single_objective
746,0.1598963451427471,0.47649110852538634,0.005785237519,[0.146084 0.       0.       0.146029 0.415558 0.       0.       0.       0.       0.       0.       0.       0.       0.       0.       0.       0.146167 0.       0.146162 0.       0.       0.       0.       0.       0.       0.       0.       0.       0.       0.       0.      ],[1. 0. 0. 1. 1. 0. 0. 0. 0. 0. 0. 0. 0. 0. 0. 0. 1. 0. 1. 0. 0. 0. 0. 0. 0. 0. 0. 0. 0. 0. 0.],5.0,1000,100,0.01,0.0015,1,5,idID,,best,single_objective
747,0.1598963451427471,0.47649110852538634,0.005785237519,[0.146084 0.       0.       0.146029 0.415558 0.       0.       0.       0.       0.       0.       0.       0.       0.       0.       0.       0.146167 0.       0.146162 0.       0.       0.       0.       0.       0.       0.       0.       0.       0.       0.       0.      ],[1. 0. 0. 1. 1. 0. 0. 0. 0. 0. 0. 0. 0. 0. 0. 0. 1. 0. 1. 0. 0. 0. 0. 0. 0. 0. 0. 0. 0. 0. 0.],5.0,1000,100,0.01,0.0015,1,5,idID,,best,single_objective
748,0.1598963451427471,0.47649110852538634,0.005785237519,[0.146084 0.       0.       0.146029 0.415558 0.       0.       0.       0.       0.       0.       0.       0.       0.       0.       0.       0.146167 0.       0.146162 0.       0.       0.       0.       0.       0.       0.       0.       0.       0.       0.       0.      ],[1. 0. 0. 1. 1. 0. 0. 0. 0. 0. 0. 0. 0. 0. 0. 0. 1. 0. 1. 0. 0. 0. 0. 0. 0. 0. 0. 0. 0. 0. 0.],5.0,1000,100,0.01,0.0015,1,5,idID,,best,single_objective
749,0.1598963451427471,0.47649110852538634,0.005785237519,[0.146084 0.       0.       0.146029 0.415558 0.       0.       0.       0.       0.       0.       0.       0.       0.       0.       0.       0.146167 0.       0.146162 0.       0.       0.       0.       0.       0.       0.       0.       0.       0.       0.       0.      ],[1. 0. 0. 1. 1. 0. 0. 0. 0. 0. 0. 0. 0. 0. 0. 0. 1. 0. 1. 0. 0. 0. 0. 0. 0. 0. 0. 0. 0. 0. 0.],5.0,1000,100,0.01,0.0015,1,5,idID,,best,single_objective
750,0.1598963451427471,0.47649110852538634,0.005785237519,[0.146084 0.       0.       0.146029 0.415558 0.       0.       0.       0.       0.       0.       0.       0.       0.       0.       0.       0.146167 0.       0.146162 0.       0.       0.       0.       0.       0.       0.       0.       0.       0.       0.       0.      ],[1. 0. 0. 1. 1. 0. 0. 0. 0. 0. 0. 0. 0. 0. 0. 0. 1. 0. 1. 0. 0. 0. 0. 0. 0. 0. 0. 0. 0. 0. 0.],5.0,1000,100,0.01,0.0015,1,5,idID,,best,single_objective
751,0.1598963451427471,0.47649110852538634,0.005785237519,[0.146084 0.       0.       0.146029 0.415558 0.       0.       0.       0.       0.       0.       0.       0.       0.       0.       0.       0.146167 0.       0.146162 0.       0.       0.       0.       0.       0.       0.       0.       0.       0.       0.       0.      ],[1. 0. 0. 1. 1. 0. 0. 0. 0. 0. 0. 0. 0. 0. 0. 0. 1. 0. 1. 0. 0. 0. 0. 0. 0. 0. 0. 0. 0. 0. 0.],5.0,1000,100,0.01,0.0015,1,5,idID,,best,single_objective
752,0.1598963451427471,0.47649110852538634,0.005785237519,[0.146084 0.       0.       0.146029 0.415558 0.       0.       0.       0.       0.       0.       0.       0.       0.       0.       0.       0.146167 0.       0.146162 0.       0.       0.       0.       0.       0.       0.       0.       0.       0.       0.       0.      ],[1. 0. 0. 1. 1. 0. 0. 0. 0. 0. 0. 0. 0. 0. 0. 0. 1. 0. 1. 0. 0. 0. 0. 0. 0. 0. 0. 0. 0. 0. 0.],5.0,1000,100,0.01,0.0015,1,5,idID,,best,single_objective
753,0.1598963451427471,0.47649110852538634,0.005785237519,[0.146084 0.       0.       0.146029 0.415558 0.       0.       0.       0.       0.       0.       0.       0.       0.       0.       0.       0.146167 0.       0.146162 0.       0.       0.       0.       0.       0.       0.       0.       0.       0.       0.       0.      ],[1. 0. 0. 1. 1. 0. 0. 0. 0. 0. 0. 0. 0. 0. 0. 0. 1. 0. 1. 0. 0. 0. 0. 0. 0. 0. 0. 0. 0. 0. 0.],5.0,1000,100,0.01,0.0015,1,5,idID,,best,single_objective
754,0.1598963451427471,0.47649110852538634,0.005785237519,[0.146084 0.       0.       0.146029 0.415558 0.       0.       0.       0.       0.       0.       0.       0.       0.       0.       0.       0.146167 0.       0.146162 0.       0.       0.       0.       0.       0.       0.       0.       0.       0.       0.       0.      ],[1. 0. 0. 1. 1. 0. 0. 0. 0. 0. 0. 0. 0. 0. 0. 0. 1. 0. 1. 0. 0. 0. 0. 0. 0. 0. 0. 0. 0. 0. 0.],5.0,1000,100,0.01,0.0015,1,5,idID,,best,single_objective
755,0.1598963451427471,0.47649110852538634,0.005785237519,[0.146084 0.       0.       0.146029 0.415558 0.       0.       0.       0.       0.       0.       0.       0.       0.       0.       0.       0.146167 0.       0.146162 0.       0.       0.       0.       0.       0.       0.       0.       0.       0.       0.       0.      ],[1. 0. 0. 1. 1. 0. 0. 0. 0. 0. 0. 0. 0. 0. 0. 0. 1. 0. 1. 0. 0. 0. 0. 0. 0. 0. 0. 0. 0. 0. 0.],5.0,1000,100,0.01,0.0015,1,5,idID,,best,single_objective
756,0.1598963451427471,0.47649110852538634,0.005785237519,[0.146084 0.       0.       0.146029 0.415558 0.       0.       0.       0.       0.       0.       0.       0.       0.       0.       0.       0.146167 0.       0.146162 0.       0.       0.       0.       0.       0.       0.       0.       0.       0.       0.       0.      ],[1. 0. 0. 1. 1. 0. 0. 0. 0. 0. 0. 0. 0. 0. 0. 0. 1. 0. 1. 0. 0. 0. 0. 0. 0. 0. 0. 0. 0. 0. 0.],5.0,1000,100,0.01,0.0015,1,5,idID,,best,single_objective
757,0.1598963451427471,0.47649110852538634,0.005785237519,[0.146084 0.       0.       0.146029 0.415558 0.       0.       0.       0.       0.       0.       0.       0.       0.       0.       0.       0.146167 0.       0.146162 0.       0.       0.       0.       0.       0.       0.       0.       0.       0.       0.       0.      ],[1. 0. 0. 1. 1. 0. 0. 0. 0. 0. 0. 0. 0. 0. 0. 0. 1. 0. 1. 0. 0. 0. 0. 0. 0. 0. 0. 0. 0. 0. 0.],5.0,1000,100,0.01,0.0015,1,5,idID,,best,single_objective
758,0.1598963451427471,0.47649110852538634,0.005785237519,[0.146084 0.       0.       0.146029 0.415558 0.       0.       0.       0.       0.       0.       0.       0.       0.       0.       0.       0.146167 0.       0.146162 0.       0.       0.       0.       0.       0.       0.       0.       0.       0.       0.       0.      ],[1. 0. 0. 1. 1. 0. 0. 0. 0. 0. 0. 0. 0. 0. 0. 0. 1. 0. 1. 0. 0. 0. 0. 0. 0. 0. 0. 0. 0. 0. 0.],5.0,1000,100,0.01,0.0015,1,5,idID,,best,single_objective
759,0.1598963451427471,0.47649110852538634,0.005785237519,[0.146084 0.       0.       0.146029 0.415558 0.       0.       0.       0.       0.       0.       0.       0.       0.       0.       0.       0.146167 0.       0.146162 0.       0.       0.       0.       0.       0.       0.       0.       0.       0.       0.       0.      ],[1. 0. 0. 1. 1. 0. 0. 0. 0. 0. 0. 0. 0. 0. 0. 0. 1. 0. 1. 0. 0. 0. 0. 0. 0. 0. 0. 0. 0. 0. 0.],5.0,1000,100,0.01,0.0015,1,5,idID,,best,single_objective
760,0.1598963451427471,0.47649110852538634,0.005785237519,[0.146084 0.       0.       0.146029 0.415558 0.       0.       0.       0.       0.       0.       0.       0.       0.       0.       0.       0.146167 0.       0.146162 0.       0.       0.       0.       0.       0.       0.       0.       0.       0.       0.       0.      ],[1. 0. 0. 1. 1. 0. 0. 0. 0. 0. 0. 0. 0. 0. 0. 0. 1. 0. 1. 0. 0. 0. 0. 0. 0. 0. 0. 0. 0. 0. 0.],5.0,1000,100,0.01,0.0015,1,5,idID,,best,single_objective
761,0.1598963451427471,0.47649110852538634,0.005785237519,[0.146084 0.       0.       0.146029 0.415558 0.       0.       0.       0.       0.       0.       0.       0.       0.       0.       0.       0.146167 0.       0.146162 0.       0.       0.       0.       0.       0.       0.       0.       0.       0.       0.       0.      ],[1. 0. 0. 1. 1. 0. 0. 0. 0. 0. 0. 0. 0. 0. 0. 0. 1. 0. 1. 0. 0. 0. 0. 0. 0. 0. 0. 0. 0. 0. 0.],5.0,1000,100,0.01,0.0015,1,5,idID,,best,single_objective
762,0.1598963451427471,0.47649110852538634,0.005785237519,[0.146084 0.       0.       0.146029 0.415558 0.       0.       0.       0.       0.       0.       0.       0.       0.       0.       0.       0.146167 0.       0.146162 0.       0.       0.       0.       0.       0.       0.       0.       0.       0.       0.       0.      ],[1. 0. 0. 1. 1. 0. 0. 0. 0. 0. 0. 0. 0. 0. 0. 0. 1. 0. 1. 0. 0. 0. 0. 0. 0. 0. 0. 0. 0. 0. 0.],5.0,1000,100,0.01,0.0015,1,5,idID,,best,single_objective
763,0.1598963451427471,0.47649110852538634,0.005785237519,[0.146084 0.       0.       0.146029 0.415558 0.       0.       0.       0.       0.       0.       0.       0.       0.       0.       0.       0.146167 0.       0.146162 0.       0.       0.       0.       0.       0.       0.       0.       0.       0.       0.       0.      ],[1. 0. 0. 1. 1. 0. 0. 0. 0. 0. 0. 0. 0. 0. 0. 0. 1. 0. 1. 0. 0. 0. 0. 0. 0. 0. 0. 0. 0. 0. 0.],5.0,1000,100,0.01,0.0015,1,5,idID,,best,single_objective
764,0.1598963451427471,0.47649110852538634,0.005785237519,[0.146084 0.       0.       0.146029 0.415558 0.       0.       0.       0.       0.       0.       0.       0.       0.       0.       0.       0.146167 0.       0.146162 0.       0.       0.       0.       0.       0.       0.       0.       0.       0.       0.       0.      ],[1. 0. 0. 1. 1. 0. 0. 0. 0. 0. 0. 0. 0. 0. 0. 0. 1. 0. 1. 0. 0. 0. 0. 0. 0. 0. 0. 0. 0. 0. 0.],5.0,1000,100,0.01,0.0015,1,5,idID,,best,single_objective
765,0.1598963451427471,0.47649110852538634,0.005785237519,[0.146084 0.       0.       0.146029 0.415558 0.       0.       0.       0.       0.       0.       0.       0.       0.       0.       0.       0.146167 0.       0.146162 0.       0.       0.       0.       0.       0.       0.       0.       0.       0.       0.       0.      ],[1. 0. 0. 1. 1. 0. 0. 0. 0. 0. 0. 0. 0. 0. 0. 0. 1. 0. 1. 0. 0. 0. 0. 0. 0. 0. 0. 0. 0. 0. 0.],5.0,1000,100,0.01,0.0015,1,5,idID,,best,single_objective
766,0.1598963451427471,0.47649110852538634,0.005785237519,[0.146084 0.       0.       0.146029 0.415558 0.       0.       0.       0.       0.       0.       0.       0.       0.       0.       0.       0.146167 0.       0.146162 0.       0.       0.       0.       0.       0.       0.       0.       0.       0.       0.       0.      ],[1. 0. 0. 1. 1. 0. 0. 0. 0. 0. 0. 0. 0. 0. 0. 0. 1. 0. 1. 0. 0. 0. 0. 0. 0. 0. 0. 0. 0. 0. 0.],5.0,1000,100,0.01,0.0015,1,5,idID,,best,single_objective
767,0.1598963451427471,0.47649110852538634,0.005785237519,[0.146084 0.       0.       0.146029 0.415558 0.       0.       0.       0.       0.       0.       0.       0.       0.       0.       0.       0.146167 0.       0.146162 0.       0.       0.       0.       0.       0.       0.       0.       0.       0.       0.       0.      ],[1. 0. 0. 1. 1. 0. 0. 0. 0. 0. 0. 0. 0. 0. 0. 0. 1. 0. 1. 0. 0. 0. 0. 0. 0. 0. 0. 0. 0. 0. 0.],5.0,1000,100,0.01,0.0015,1,5,idID,,best,single_objective
768,0.1598963451427471,0.47649110852538634,0.005785237519,[0.146084 0.       0.       0.146029 0.415558 0.       0.       0.       0.       0.       0.       0.       0.       0.       0.       0.       0.146167 0.       0.146162 0.       0.       0.       0.       0.       0.       0.       0.       0.       0.       0.       0.      ],[1. 0. 0. 1. 1. 0. 0. 0. 0. 0. 0. 0. 0. 0. 0. 0. 1. 0. 1. 0. 0. 0. 0. 0. 0. 0. 0. 0. 0. 0. 0.],5.0,1000,100,0.01,0.0015,1,5,idID,,best,single_objective
769,0.1598963451427471,0.47649110852538634,0.005785237519,[0.146084 0.       0.       0.146029 0.415558 0.       0.       0.       0.       0.       0.       0.       0.       0.       0.       0.       0.146167 0.       0.146162 0.       0.       0.       0.       0.       0.       0.       0.       0.       0.       0.       0.      ],[1. 0. 0. 1. 1. 0. 0. 0. 0. 0. 0. 0. 0. 0. 0. 0. 1. 0. 1. 0. 0. 0. 0. 0. 0. 0. 0. 0. 0. 0. 0.],5.0,1000,100,0.01,0.0015,1,5,idID,,best,single_objective
770,0.1598963451427471,0.47649110852538634,0.005785237519,[0.146084 0.       0.       0.146029 0.415558 0.       0.       0.       0.       0.       0.       0.       0.       0.       0.       0.       0.146167 0.       0.146162 0.       0.       0.       0.       0.       0.       0.       0.       0.       0.       0.       0.      ],[1. 0. 0. 1. 1. 0. 0. 0. 0. 0. 0. 0. 0. 0. 0. 0. 1. 0. 1. 0. 0. 0. 0. 0. 0. 0. 0. 0. 0. 0. 0.],5.0,1000,100,0.01,0.0015,1,5,idID,,best,single_objective
771,0.1598963451427471,0.47649110852538634,0.005785237519,[0.146084 0.       0.       0.146029 0.415558 0.       0.       0.       0.       0.       0.       0.       0.       0.       0.       0.       0.146167 0.       0.146162 0.       0.       0.       0.       0.       0.       0.       0.       0.       0.       0.       0.      ],[1. 0. 0. 1. 1. 0. 0. 0. 0. 0. 0. 0. 0. 0. 0. 0. 1. 0. 1. 0. 0. 0. 0. 0. 0. 0. 0. 0. 0. 0. 0.],5.0,1000,100,0.01,0.0015,1,5,idID,,best,single_objective
772,0.1598963451427471,0.47649110852538634,0.005785237519,[0.146084 0.       0.       0.146029 0.415558 0.       0.       0.       0.       0.       0.       0.       0.       0.       0.       0.       0.146167 0.       0.146162 0.       0.       0.       0.       0.       0.       0.       0.       0.       0.       0.       0.      ],[1. 0. 0. 1. 1. 0. 0. 0. 0. 0. 0. 0. 0. 0. 0. 0. 1. 0. 1. 0. 0. 0. 0. 0. 0. 0. 0. 0. 0. 0. 0.],5.0,1000,100,0.01,0.0015,1,5,idID,,best,single_objective
773,0.1598963451427471,0.47649110852538634,0.005785237519,[0.146084 0.       0.       0.146029 0.415558 0.       0.       0.       0.       0.       0.       0.       0.       0.       0.       0.       0.146167 0.       0.146162 0.       0.       0.       0.       0.       0.       0.       0.       0.       0.       0.       0.      ],[1. 0. 0. 1. 1. 0. 0. 0. 0. 0. 0. 0. 0. 0. 0. 0. 1. 0. 1. 0. 0. 0. 0. 0. 0. 0. 0. 0. 0. 0. 0.],5.0,1000,100,0.01,0.0015,1,5,idID,,best,single_objective
774,0.1598963451427471,0.47649110852538634,0.005785237519,[0.146084 0.       0.       0.146029 0.415558 0.       0.       0.       0.       0.       0.       0.       0.       0.       0.       0.       0.146167 0.       0.146162 0.       0.       0.       0.       0.       0.       0.       0.       0.       0.       0.       0.      ],[1. 0. 0. 1. 1. 0. 0. 0. 0. 0. 0. 0. 0. 0. 0. 0. 1. 0. 1. 0. 0. 0. 0. 0. 0. 0. 0. 0. 0. 0. 0.],5.0,1000,100,0.01,0.0015,1,5,idID,,best,single_objective
775,0.1598963451427471,0.47649110852538634,0.005785237519,[0.146084 0.       0.       0.146029 0.415558 0.       0.       0.       0.       0.       0.       0.       0.       0.       0.       0.       0.146167 0.       0.146162 0.       0.       0.       0.       0.       0.       0.       0.       0.       0.       0.       0.      ],[1. 0. 0. 1. 1. 0. 0. 0. 0. 0. 0. 0. 0. 0. 0. 0. 1. 0. 1. 0. 0. 0. 0. 0. 0. 0. 0. 0. 0. 0. 0.],5.0,1000,100,0.01,0.0015,1,5,idID,,best,single_objective
776,0.1598963451427471,0.47649110852538634,0.005785237519,[0.146084 0.       0.       0.146029 0.415558 0.       0.       0.       0.       0.       0.       0.       0.       0.       0.       0.       0.146167 0.       0.146162 0.       0.       0.       0.       0.       0.       0.       0.       0.       0.       0.       0.      ],[1. 0. 0. 1. 1. 0. 0. 0. 0. 0. 0. 0. 0. 0. 0. 0. 1. 0. 1. 0. 0. 0. 0. 0. 0. 0. 0. 0. 0. 0. 0.],5.0,1000,100,0.01,0.0015,1,5,idID,,best,single_objective
777,0.1598963451427471,0.47649110852538634,0.005785237519,[0.146084 0.       0.       0.146029 0.415558 0.       0.       0.       0.       0.       0.       0.       0.       0.       0.       0.       0.146167 0.       0.146162 0.       0.       0.       0.       0.       0.       0.       0.       0.       0.       0.       0.      ],[1. 0. 0. 1. 1. 0. 0. 0. 0. 0. 0. 0. 0. 0. 0. 0. 1. 0. 1. 0. 0. 0. 0. 0. 0. 0. 0. 0. 0. 0. 0.],5.0,1000,100,0.01,0.0015,1,5,idID,,best,single_objective
778,0.1598963451427471,0.47649110852538634,0.005785237519,[0.146084 0.       0.       0.146029 0.415558 0.       0.       0.       0.       0.       0.       0.       0.       0.       0.       0.       0.146167 0.       0.146162 0.       0.       0.       0.       0.       0.       0.       0.       0.       0.       0.       0.      ],[1. 0. 0. 1. 1. 0. 0. 0. 0. 0. 0. 0. 0. 0. 0. 0. 1. 0. 1. 0. 0. 0. 0. 0. 0. 0. 0. 0. 0. 0. 0.],5.0,1000,100,0.01,0.0015,1,5,idID,,best,single_objective
779,0.1598963451427471,0.47649110852538634,0.005785237519,[0.146084 0.       0.       0.146029 0.415558 0.       0.       0.       0.       0.       0.       0.       0.       0.       0.       0.       0.146167 0.       0.146162 0.       0.       0.       0.       0.       0.       0.       0.       0.       0.       0.       0.      ],[1. 0. 0. 1. 1. 0. 0. 0. 0. 0. 0. 0. 0. 0. 0. 0. 1. 0. 1. 0. 0. 0. 0. 0. 0. 0. 0. 0. 0. 0. 0.],5.0,1000,100,0.01,0.0015,1,5,idID,,best,single_objective
780,0.1598963451427471,0.47649110852538634,0.005785237519,[0.146084 0.       0.       0.146029 0.415558 0.       0.       0.       0.       0.       0.       0.       0.       0.       0.       0.       0.146167 0.       0.146162 0.       0.       0.       0.       0.       0.       0.       0.       0.       0.       0.       0.      ],[1. 0. 0. 1. 1. 0. 0. 0. 0. 0. 0. 0. 0. 0. 0. 0. 1. 0. 1. 0. 0. 0. 0. 0. 0. 0. 0. 0. 0. 0. 0.],5.0,1000,100,0.01,0.0015,1,5,idID,,best,single_objective
781,0.1598963451427471,0.47649110852538634,0.005785237519,[0.146084 0.       0.       0.146029 0.415558 0.       0.       0.       0.       0.       0.       0.       0.       0.       0.       0.       0.146167 0.       0.146162 0.       0.       0.       0.       0.       0.       0.       0.       0.       0.       0.       0.      ],[1. 0. 0. 1. 1. 0. 0. 0. 0. 0. 0. 0. 0. 0. 0. 0. 1. 0. 1. 0. 0. 0. 0. 0. 0. 0. 0. 0. 0. 0. 0.],5.0,1000,100,0.01,0.0015,1,5,idID,,best,single_objective
782,0.1598963451427471,0.47649110852538634,0.005785237519,[0.146084 0.       0.       0.146029 0.415558 0.       0.       0.       0.       0.       0.       0.       0.       0.       0.       0.       0.146167 0.       0.146162 0.       0.       0.       0.       0.       0.       0.       0.       0.       0.       0.       0.      ],[1. 0. 0. 1. 1. 0. 0. 0. 0. 0. 0. 0. 0. 0. 0. 0. 1. 0. 1. 0. 0. 0. 0. 0. 0. 0. 0. 0. 0. 0. 0.],5.0,1000,100,0.01,0.0015,1,5,idID,,best,single_objective
783,0.1598963451427471,0.47649110852538634,0.005785237519,[0.146084 0.       0.       0.146029 0.415558 0.       0.       0.       0.       0.       0.       0.       0.       0.       0.       0.       0.146167 0.       0.146162 0.       0.       0.       0.       0.       0.       0.       0.       0.       0.       0.       0.      ],[1. 0. 0. 1. 1. 0. 0. 0. 0. 0. 0. 0. 0. 0. 0. 0. 1. 0. 1. 0. 0. 0. 0. 0. 0. 0. 0. 0. 0. 0. 0.],5.0,1000,100,0.01,0.0015,1,5,idID,,best,single_objective
784,0.1598963451427471,0.47649110852538634,0.005785237519,[0.146084 0.       0.       0.146029 0.415558 0.       0.       0.       0.       0.       0.       0.       0.       0.       0.       0.       0.146167 0.       0.146162 0.       0.       0.       0.       0.       0.       0.       0.       0.       0.       0.       0.      ],[1. 0. 0. 1. 1. 0. 0. 0. 0. 0. 0. 0. 0. 0. 0. 0. 1. 0. 1. 0. 0. 0. 0. 0. 0. 0. 0. 0. 0. 0. 0.],5.0,1000,100,0.01,0.0015,1,5,idID,,best,single_objective
785,0.1598963451427471,0.47649110852538634,0.005785237519,[0.146084 0.       0.       0.146029 0.415558 0.       0.       0.       0.       0.       0.       0.       0.       0.       0.       0.       0.146167 0.       0.146162 0.       0.       0.       0.       0.       0.       0.       0.       0.       0.       0.       0.      ],[1. 0. 0. 1. 1. 0. 0. 0. 0. 0. 0. 0. 0. 0. 0. 0. 1. 0. 1. 0. 0. 0. 0. 0. 0. 0. 0. 0. 0. 0. 0.],5.0,1000,100,0.01,0.0015,1,5,idID,,best,single_objective
786,0.1598963451427471,0.47649110852538634,0.005785237519,[0.146084 0.       0.       0.146029 0.415558 0.       0.       0.       0.       0.       0.       0.       0.       0.       0.       0.       0.146167 0.       0.146162 0.       0.       0.       0.       0.       0.       0.       0.       0.       0.       0.       0.      ],[1. 0. 0. 1. 1. 0. 0. 0. 0. 0. 0. 0. 0. 0. 0. 0. 1. 0. 1. 0. 0. 0. 0. 0. 0. 0. 0. 0. 0. 0. 0.],5.0,1000,100,0.01,0.0015,1,5,idID,,best,single_objective
787,0.1598963451427471,0.47649110852538634,0.005785237519,[0.146084 0.       0.       0.146029 0.415558 0.       0.       0.       0.       0.       0.       0.       0.       0.       0.       0.       0.146167 0.       0.146162 0.       0.       0.       0.       0.       0.       0.       0.       0.       0.       0.       0.      ],[1. 0. 0. 1. 1. 0. 0. 0. 0. 0. 0. 0. 0. 0. 0. 0. 1. 0. 1. 0. 0. 0. 0. 0. 0. 0. 0. 0. 0. 0. 0.],5.0,1000,100,0.01,0.0015,1,5,idID,,best,single_objective
788,0.1598963451427471,0.47649110852538634,0.005785237519,[0.146084 0.       0.       0.146029 0.415558 0.       0.       0.       0.       0.       0.       0.       0.       0.       0.       0.       0.146167 0.       0.146162 0.       0.       0.       0.       0.       0.       0.       0.       0.       0.       0.       0.      ],[1. 0. 0. 1. 1. 0. 0. 0. 0. 0. 0. 0. 0. 0. 0. 0. 1. 0. 1. 0. 0. 0. 0. 0. 0. 0. 0. 0. 0. 0. 0.],5.0,1000,100,0.01,0.0015,1,5,idID,,best,single_objective
789,0.1598963451427471,0.47649110852538634,0.005785237519,[0.146084 0.       0.       0.146029 0.415558 0.       0.       0.       0.       0.       0.       0.       0.       0.       0.       0.       0.146167 0.       0.146162 0.       0.       0.       0.       0.       0.       0.       0.       0.       0.       0.       0.      ],[1. 0. 0. 1. 1. 0. 0. 0. 0. 0. 0. 0. 0. 0. 0. 0. 1. 0. 1. 0. 0. 0. 0. 0. 0. 0. 0. 0. 0. 0. 0.],5.0,1000,100,0.01,0.0015,1,5,idID,,best,single_objective
790,0.1598963451427471,0.47649110852538634,0.005785237519,[0.146084 0.       0.       0.146029 0.415558 0.       0.       0.       0.       0.       0.       0.       0.       0.       0.       0.       0.146167 0.       0.146162 0.       0.       0.       0.       0.       0.       0.       0.       0.       0.       0.       0.      ],[1. 0. 0. 1. 1. 0. 0. 0. 0. 0. 0. 0. 0. 0. 0. 0. 1. 0. 1. 0. 0. 0. 0. 0. 0. 0. 0. 0. 0. 0. 0.],5.0,1000,100,0.01,0.0015,1,5,idID,,best,single_objective
791,0.1598963451427471,0.47649110852538634,0.005785237519,[0.146084 0.       0.       0.146029 0.415558 0.       0.       0.       0.       0.       0.       0.       0.       0.       0.       0.       0.146167 0.       0.146162 0.       0.       0.       0.       0.       0.       0.       0.       0.       0.       0.       0.      ],[1. 0. 0. 1. 1. 0. 0. 0. 0. 0. 0. 0. 0. 0. 0. 0. 1. 0. 1. 0. 0. 0. 0. 0. 0. 0. 0. 0. 0. 0. 0.],5.0,1000,100,0.01,0.0015,1,5,idID,,best,single_objective
792,0.1598963451427471,0.47649110852538634,0.005785237519,[0.146084 0.       0.       0.146029 0.415558 0.       0.       0.       0.       0.       0.       0.       0.       0.       0.       0.       0.146167 0.       0.146162 0.       0.       0.       0.       0.       0.       0.       0.       0.       0.       0.       0.      ],[1. 0. 0. 1. 1. 0. 0. 0. 0. 0. 0. 0. 0. 0. 0. 0. 1. 0. 1. 0. 0. 0. 0. 0. 0. 0. 0. 0. 0. 0. 0.],5.0,1000,100,0.01,0.0015,1,5,idID,,best,single_objective
793,0.1598963451427471,0.47649110852538634,0.005785237519,[0.146084 0.       0.       0.146029 0.415558 0.       0.       0.       0.       0.       0.       0.       0.       0.       0.       0.       0.146167 0.       0.146162 0.       0.       0.       0.       0.       0.       0.       0.       0.       0.       0.       0.      ],[1. 0. 0. 1. 1. 0. 0. 0. 0. 0. 0. 0. 0. 0. 0. 0. 1. 0. 1. 0. 0. 0. 0. 0. 0. 0. 0. 0. 0. 0. 0.],5.0,1000,100,0.01,0.0015,1,5,idID,,best,single_objective
794,0.1598963451427471,0.47649110852538634,0.005785237519,[0.146084 0.       0.       0.146029 0.415558 0.       0.       0.       0.       0.       0.       0.       0.       0.       0.       0.       0.146167 0.       0.146162 0.       0.       0.       0.       0.       0.       0.       0.       0.       0.       0.       0.      ],[1. 0. 0. 1. 1. 0. 0. 0. 0. 0. 0. 0. 0. 0. 0. 0. 1. 0. 1. 0. 0. 0. 0. 0. 0. 0. 0. 0. 0. 0. 0.],5.0,1000,100,0.01,0.0015,1,5,idID,,best,single_objective
795,0.1598963451427471,0.47649110852538634,0.005785237519,[0.146084 0.       0.       0.146029 0.415558 0.       0.       0.       0.       0.       0.       0.       0.       0.       0.       0.       0.146167 0.       0.146162 0.       0.       0.       0.       0.       0.       0.       0.       0.       0.       0.       0.      ],[1. 0. 0. 1. 1. 0. 0. 0. 0. 0. 0. 0. 0. 0. 0. 0. 1. 0. 1. 0. 0. 0. 0. 0. 0. 0. 0. 0. 0. 0. 0.],5.0,1000,100,0.01,0.0015,1,5,idID,,best,single_objective
796,0.1598963451427471,0.47649110852538634,0.005785237519,[0.146084 0.       0.       0.146029 0.415558 0.       0.       0.       0.       0.       0.       0.       0.       0.       0.       0.       0.146167 0.       0.146162 0.       0.       0.       0.       0.       0.       0.       0.       0.       0.       0.       0.      ],[1. 0. 0. 1. 1. 0. 0. 0. 0. 0. 0. 0. 0. 0. 0. 0. 1. 0. 1. 0. 0. 0. 0. 0. 0. 0. 0. 0. 0. 0. 0.],5.0,1000,100,0.01,0.0015,1,5,idID,,best,single_objective
797,0.1598963451427471,0.47649110852538634,0.005785237519,[0.146084 0.       0.       0.146029 0.415558 0.       0.       0.       0.       0.       0.       0.       0.       0.       0.       0.       0.146167 0.       0.146162 0.       0.       0.       0.       0.       0.       0.       0.       0.       0.       0.       0.      ],[1. 0. 0. 1. 1. 0. 0. 0. 0. 0. 0. 0. 0. 0. 0. 0. 1. 0. 1. 0. 0. 0. 0. 0. 0. 0. 0. 0. 0. 0. 0.],5.0,1000,100,0.01,0.0015,1,5,idID,,best,single_objective
798,0.1598963451427471,0.47649110852538634,0.005785237519,[0.146084 0.       0.       0.146029 0.415558 0.       0.       0.       0.       0.       0.       0.       0.       0.       0.       0.       0.146167 0.       0.146162 0.       0.       0.       0.       0.       0.       0.       0.       0.       0.       0.       0.      ],[1. 0. 0. 1. 1. 0. 0. 0. 0. 0. 0. 0. 0. 0. 0. 0. 1. 0. 1. 0. 0. 0. 0. 0. 0. 0. 0. 0. 0. 0. 0.],5.0,1000,100,0.01,0.0015,1,5,idID,,best,single_objective
799,0.1598963451427471,0.47649110852538634,0.005785237519,[0.146084 0.       0.       0.146029 0.415558 0.       0.       0.       0.       0.       0.       0.       0.       0.       0.       0.       0.146167 0.       0.146162 0.       0.       0.       0.       0.       0.       0.       0.       0.       0.       0.       0.      ],[1. 0. 0. 1. 1. 0. 0. 0. 0. 0. 0. 0. 0. 0. 0. 0. 1. 0. 1. 0. 0. 0. 0. 0. 0. 0. 0. 0. 0. 0. 0.],5.0,1000,100,0.01,0.0015,1,5,idID,,best,single_objective
800,0.1598963451427471,0.47649110852538634,0.005785237519,[0.146084 0.       0.       0.146029 0.415558 0.       0.       0.       0.       0.       0.       0.       0.       0.       0.       0.       0.146167 0.       0.146162 0.       0.       0.       0.       0.       0.       0.       0.       0.       0.       0.       0.      ],[1. 0. 0. 1. 1. 0. 0. 0. 0. 0. 0. 0. 0. 0. 0. 0. 1. 0. 1. 0. 0. 0. 0. 0. 0. 0. 0. 0. 0. 0. 0.],5.0,1000,100,0.01,0.0015,1,5,idID,,best,single_objective
801,0.1598963451427471,0.47649110852538634,0.005785237519,[0.146084 0.       0.       0.146029 0.415558 0.       0.       0.       0.       0.       0.       0.       0.       0.       0.       0.       0.146167 0.       0.146162 0.       0.       0.       0.       0.       0.       0.       0.       0.       0.       0.       0.      ],[1. 0. 0. 1. 1. 0. 0. 0. 0. 0. 0. 0. 0. 0. 0. 0. 1. 0. 1. 0. 0. 0. 0. 0. 0. 0. 0. 0. 0. 0. 0.],5.0,1000,100,0.01,0.0015,1,5,idID,,best,single_objective
802,0.1598963451427471,0.47649110852538634,0.005785237519,[0.146084 0.       0.       0.146029 0.415558 0.       0.       0.       0.       0.       0.       0.       0.       0.       0.       0.       0.146167 0.       0.146162 0.       0.       0.       0.       0.       0.       0.       0.       0.       0.       0.       0.      ],[1. 0. 0. 1. 1. 0. 0. 0. 0. 0. 0. 0. 0. 0. 0. 0. 1. 0. 1. 0. 0. 0. 0. 0. 0. 0. 0. 0. 0. 0. 0.],5.0,1000,100,0.01,0.0015,1,5,idID,,best,single_objective
803,0.1598963451427471,0.47649110852538634,0.005785237519,[0.146084 0.       0.       0.146029 0.415558 0.       0.       0.       0.       0.       0.       0.       0.       0.       0.       0.       0.146167 0.       0.146162 0.       0.       0.       0.       0.       0.       0.       0.       0.       0.       0.       0.      ],[1. 0. 0. 1. 1. 0. 0. 0. 0. 0. 0. 0. 0. 0. 0. 0. 1. 0. 1. 0. 0. 0. 0. 0. 0. 0. 0. 0. 0. 0. 0.],5.0,1000,100,0.01,0.0015,1,5,idID,,best,single_objective
804,0.1598963451427471,0.47649110852538634,0.005785237519,[0.146084 0.       0.       0.146029 0.415558 0.       0.       0.       0.       0.       0.       0.       0.       0.       0.       0.       0.146167 0.       0.146162 0.       0.       0.       0.       0.       0.       0.       0.       0.       0.       0.       0.      ],[1. 0. 0. 1. 1. 0. 0. 0. 0. 0. 0. 0. 0. 0. 0. 0. 1. 0. 1. 0. 0. 0. 0. 0. 0. 0. 0. 0. 0. 0. 0.],5.0,1000,100,0.01,0.0015,1,5,idID,,best,single_objective
805,0.1598963451427471,0.47649110852538634,0.005785237519,[0.146084 0.       0.       0.146029 0.415558 0.       0.       0.       0.       0.       0.       0.       0.       0.       0.       0.       0.146167 0.       0.146162 0.       0.       0.       0.       0.       0.       0.       0.       0.       0.       0.       0.      ],[1. 0. 0. 1. 1. 0. 0. 0. 0. 0. 0. 0. 0. 0. 0. 0. 1. 0. 1. 0. 0. 0. 0. 0. 0. 0. 0. 0. 0. 0. 0.],5.0,1000,100,0.01,0.0015,1,5,idID,,best,single_objective
806,0.1598963451427471,0.47649110852538634,0.005785237519,[0.146084 0.       0.       0.146029 0.415558 0.       0.       0.       0.       0.       0.       0.       0.       0.       0.       0.       0.146167 0.       0.146162 0.       0.       0.       0.       0.       0.       0.       0.       0.       0.       0.       0.      ],[1. 0. 0. 1. 1. 0. 0. 0. 0. 0. 0. 0. 0. 0. 0. 0. 1. 0. 1. 0. 0. 0. 0. 0. 0. 0. 0. 0. 0. 0. 0.],5.0,1000,100,0.01,0.0015,1,5,idID,,best,single_objective
807,0.1598963451427471,0.47649110852538634,0.005785237519,[0.146084 0.       0.       0.146029 0.415558 0.       0.       0.       0.       0.       0.       0.       0.       0.       0.       0.       0.146167 0.       0.146162 0.       0.       0.       0.       0.       0.       0.       0.       0.       0.       0.       0.      ],[1. 0. 0. 1. 1. 0. 0. 0. 0. 0. 0. 0. 0. 0. 0. 0. 1. 0. 1. 0. 0. 0. 0. 0. 0. 0. 0. 0. 0. 0. 0.],5.0,1000,100,0.01,0.0015,1,5,idID,,best,single_objective
808,0.1598963451427471,0.47649110852538634,0.005785237519,[0.146084 0.       0.       0.146029 0.415558 0.       0.       0.       0.       0.       0.       0.       0.       0.       0.       0.       0.146167 0.       0.146162 0.       0.       0.       0.       0.       0.       0.       0.       0.       0.       0.       0.      ],[1. 0. 0. 1. 1. 0. 0. 0. 0. 0. 0. 0. 0. 0. 0. 0. 1. 0. 1. 0. 0. 0. 0. 0. 0. 0. 0. 0. 0. 0. 0.],5.0,1000,100,0.01,0.0015,1,5,idID,,best,single_objective
809,0.1598963451427471,0.47649110852538634,0.005785237519,[0.146084 0.       0.       0.146029 0.415558 0.       0.       0.       0.       0.       0.       0.       0.       0.       0.       0.       0.146167 0.       0.146162 0.       0.       0.       0.       0.       0.       0.       0.       0.       0.       0.       0.      ],[1. 0. 0. 1. 1. 0. 0. 0. 0. 0. 0. 0. 0. 0. 0. 0. 1. 0. 1. 0. 0. 0. 0. 0. 0. 0. 0. 0. 0. 0. 0.],5.0,1000,100,0.01,0.0015,1,5,idID,,best,single_objective
810,0.1598963451427471,0.47649110852538634,0.005785237519,[0.146084 0.       0.       0.146029 0.415558 0.       0.       0.       0.       0.       0.       0.       0.       0.       0.       0.       0.146167 0.       0.146162 0.       0.       0.       0.       0.       0.       0.       0.       0.       0.       0.       0.      ],[1. 0. 0. 1. 1. 0. 0. 0. 0. 0. 0. 0. 0. 0. 0. 0. 1. 0. 1. 0. 0. 0. 0. 0. 0. 0. 0. 0. 0. 0. 0.],5.0,1000,100,0.01,0.0015,1,5,idID,,best,single_objective
811,0.1598963451427471,0.47649110852538634,0.005785237519,[0.146084 0.       0.       0.146029 0.415558 0.       0.       0.       0.       0.       0.       0.       0.       0.       0.       0.       0.146167 0.       0.146162 0.       0.       0.       0.       0.       0.       0.       0.       0.       0.       0.       0.      ],[1. 0. 0. 1. 1. 0. 0. 0. 0. 0. 0. 0. 0. 0. 0. 0. 1. 0. 1. 0. 0. 0. 0. 0. 0. 0. 0. 0. 0. 0. 0.],5.0,1000,100,0.01,0.0015,1,5,idID,,best,single_objective
812,0.1598963451427471,0.47649110852538634,0.005785237519,[0.146084 0.       0.       0.146029 0.415558 0.       0.       0.       0.       0.       0.       0.       0.       0.       0.       0.       0.146167 0.       0.146162 0.       0.       0.       0.       0.       0.       0.       0.       0.       0.       0.       0.      ],[1. 0. 0. 1. 1. 0. 0. 0. 0. 0. 0. 0. 0. 0. 0. 0. 1. 0. 1. 0. 0. 0. 0. 0. 0. 0. 0. 0. 0. 0. 0.],5.0,1000,100,0.01,0.0015,1,5,idID,,best,single_objective
813,0.1598963451427471,0.47649110852538634,0.005785237519,[0.146084 0.       0.       0.146029 0.415558 0.       0.       0.       0.       0.       0.       0.       0.       0.       0.       0.       0.146167 0.       0.146162 0.       0.       0.       0.       0.       0.       0.       0.       0.       0.       0.       0.      ],[1. 0. 0. 1. 1. 0. 0. 0. 0. 0. 0. 0. 0. 0. 0. 0. 1. 0. 1. 0. 0. 0. 0. 0. 0. 0. 0. 0. 0. 0. 0.],5.0,1000,100,0.01,0.0015,1,5,idID,,best,single_objective
814,0.1598963451427471,0.47649110852538634,0.005785237519,[0.146084 0.       0.       0.146029 0.415558 0.       0.       0.       0.       0.       0.       0.       0.       0.       0.       0.       0.146167 0.       0.146162 0.       0.       0.       0.       0.       0.       0.       0.       0.       0.       0.       0.      ],[1. 0. 0. 1. 1. 0. 0. 0. 0. 0. 0. 0. 0. 0. 0. 0. 1. 0. 1. 0. 0. 0. 0. 0. 0. 0. 0. 0. 0. 0. 0.],5.0,1000,100,0.01,0.0015,1,5,idID,,best,single_objective
815,0.1598963451427471,0.47649110852538634,0.005785237519,[0.146084 0.       0.       0.146029 0.415558 0.       0.       0.       0.       0.       0.       0.       0.       0.       0.       0.       0.146167 0.       0.146162 0.       0.       0.       0.       0.       0.       0.       0.       0.       0.       0.       0.      ],[1. 0. 0. 1. 1. 0. 0. 0. 0. 0. 0. 0. 0. 0. 0. 0. 1. 0. 1. 0. 0. 0. 0. 0. 0. 0. 0. 0. 0. 0. 0.],5.0,1000,100,0.01,0.0015,1,5,idID,,best,single_objective
816,0.1598963451427471,0.47649110852538634,0.005785237519,[0.146084 0.       0.       0.146029 0.415558 0.       0.       0.       0.       0.       0.       0.       0.       0.       0.       0.       0.146167 0.       0.146162 0.       0.       0.       0.       0.       0.       0.       0.       0.       0.       0.       0.      ],[1. 0. 0. 1. 1. 0. 0. 0. 0. 0. 0. 0. 0. 0. 0. 0. 1. 0. 1. 0. 0. 0. 0. 0. 0. 0. 0. 0. 0. 0. 0.],5.0,1000,100,0.01,0.0015,1,5,idID,,best,single_objective
817,0.1598963451427471,0.47649110852538634,0.005785237519,[0.146084 0.       0.       0.146029 0.415558 0.       0.       0.       0.       0.       0.       0.       0.       0.       0.       0.       0.146167 0.       0.146162 0.       0.       0.       0.       0.       0.       0.       0.       0.       0.       0.       0.      ],[1. 0. 0. 1. 1. 0. 0. 0. 0. 0. 0. 0. 0. 0. 0. 0. 1. 0. 1. 0. 0. 0. 0. 0. 0. 0. 0. 0. 0. 0. 0.],5.0,1000,100,0.01,0.0015,1,5,idID,,best,single_objective
818,0.1598963451427471,0.47649110852538634,0.005785237519,[0.146084 0.       0.       0.146029 0.415558 0.       0.       0.       0.       0.       0.       0.       0.       0.       0.       0.       0.146167 0.       0.146162 0.       0.       0.       0.       0.       0.       0.       0.       0.       0.       0.       0.      ],[1. 0. 0. 1. 1. 0. 0. 0. 0. 0. 0. 0. 0. 0. 0. 0. 1. 0. 1. 0. 0. 0. 0. 0. 0. 0. 0. 0. 0. 0. 0.],5.0,1000,100,0.01,0.0015,1,5,idID,,best,single_objective
819,0.1598963451427471,0.47649110852538634,0.005785237519,[0.146084 0.       0.       0.146029 0.415558 0.       0.       0.       0.       0.       0.       0.       0.       0.       0.       0.       0.146167 0.       0.146162 0.       0.       0.       0.       0.       0.       0.       0.       0.       0.       0.       0.      ],[1. 0. 0. 1. 1. 0. 0. 0. 0. 0. 0. 0. 0. 0. 0. 0. 1. 0. 1. 0. 0. 0. 0. 0. 0. 0. 0. 0. 0. 0. 0.],5.0,1000,100,0.01,0.0015,1,5,idID,,best,single_objective
820,0.1598963451427471,0.47649110852538634,0.005785237519,[0.146084 0.       0.       0.146029 0.415558 0.       0.       0.       0.       0.       0.       0.       0.       0.       0.       0.       0.146167 0.       0.146162 0.       0.       0.       0.       0.       0.       0.       0.       0.       0.       0.       0.      ],[1. 0. 0. 1. 1. 0. 0. 0. 0. 0. 0. 0. 0. 0. 0. 0. 1. 0. 1. 0. 0. 0. 0. 0. 0. 0. 0. 0. 0. 0. 0.],5.0,1000,100,0.01,0.0015,1,5,idID,,best,single_objective
821,0.1598963451427471,0.47649110852538634,0.005785237519,[0.146084 0.       0.       0.146029 0.415558 0.       0.       0.       0.       0.       0.       0.       0.       0.       0.       0.       0.146167 0.       0.146162 0.       0.       0.       0.       0.       0.       0.       0.       0.       0.       0.       0.      ],[1. 0. 0. 1. 1. 0. 0. 0. 0. 0. 0. 0. 0. 0. 0. 0. 1. 0. 1. 0. 0. 0. 0. 0. 0. 0. 0. 0. 0. 0. 0.],5.0,1000,100,0.01,0.0015,1,5,idID,,best,single_objective
822,0.1598963451427471,0.47649110852538634,0.005785237519,[0.146084 0.       0.       0.146029 0.415558 0.       0.       0.       0.       0.       0.       0.       0.       0.       0.       0.       0.146167 0.       0.146162 0.       0.       0.       0.       0.       0.       0.       0.       0.       0.       0.       0.      ],[1. 0. 0. 1. 1. 0. 0. 0. 0. 0. 0. 0. 0. 0. 0. 0. 1. 0. 1. 0. 0. 0. 0. 0. 0. 0. 0. 0. 0. 0. 0.],5.0,1000,100,0.01,0.0015,1,5,idID,,best,single_objective
823,0.1598963451427471,0.47649110852538634,0.005785237519,[0.146084 0.       0.       0.146029 0.415558 0.       0.       0.       0.       0.       0.       0.       0.       0.       0.       0.       0.146167 0.       0.146162 0.       0.       0.       0.       0.       0.       0.       0.       0.       0.       0.       0.      ],[1. 0. 0. 1. 1. 0. 0. 0. 0. 0. 0. 0. 0. 0. 0. 0. 1. 0. 1. 0. 0. 0. 0. 0. 0. 0. 0. 0. 0. 0. 0.],5.0,1000,100,0.01,0.0015,1,5,idID,,best,single_objective
824,0.1598963451427471,0.47649110852538634,0.005785237519,[0.146084 0.       0.       0.146029 0.415558 0.       0.       0.       0.       0.       0.       0.       0.       0.       0.       0.       0.146167 0.       0.146162 0.       0.       0.       0.       0.       0.       0.       0.       0.       0.       0.       0.      ],[1. 0. 0. 1. 1. 0. 0. 0. 0. 0. 0. 0. 0. 0. 0. 0. 1. 0. 1. 0. 0. 0. 0. 0. 0. 0. 0. 0. 0. 0. 0.],5.0,1000,100,0.01,0.0015,1,5,idID,,best,single_objective
825,0.1598963451427471,0.47649110852538634,0.005785237519,[0.146084 0.       0.       0.146029 0.415558 0.       0.       0.       0.       0.       0.       0.       0.       0.       0.       0.       0.146167 0.       0.146162 0.       0.       0.       0.       0.       0.       0.       0.       0.       0.       0.       0.      ],[1. 0. 0. 1. 1. 0. 0. 0. 0. 0. 0. 0. 0. 0. 0. 0. 1. 0. 1. 0. 0. 0. 0. 0. 0. 0. 0. 0. 0. 0. 0.],5.0,1000,100,0.01,0.0015,1,5,idID,,best,single_objective
826,0.1598963451427471,0.47649110852538634,0.005785237519,[0.146084 0.       0.       0.146029 0.415558 0.       0.       0.       0.       0.       0.       0.       0.       0.       0.       0.       0.146167 0.       0.146162 0.       0.       0.       0.       0.       0.       0.       0.       0.       0.       0.       0.      ],[1. 0. 0. 1. 1. 0. 0. 0. 0. 0. 0. 0. 0. 0. 0. 0. 1. 0. 1. 0. 0. 0. 0. 0. 0. 0. 0. 0. 0. 0. 0.],5.0,1000,100,0.01,0.0015,1,5,idID,,best,single_objective
827,0.1598963451427471,0.47649110852538634,0.005785237519,[0.146084 0.       0.       0.146029 0.415558 0.       0.       0.       0.       0.       0.       0.       0.       0.       0.       0.       0.146167 0.       0.146162 0.       0.       0.       0.       0.       0.       0.       0.       0.       0.       0.       0.      ],[1. 0. 0. 1. 1. 0. 0. 0. 0. 0. 0. 0. 0. 0. 0. 0. 1. 0. 1. 0. 0. 0. 0. 0. 0. 0. 0. 0. 0. 0. 0.],5.0,1000,100,0.01,0.0015,1,5,idID,,best,single_objective
828,0.1598963451427471,0.47649110852538634,0.005785237519,[0.146084 0.       0.       0.146029 0.415558 0.       0.       0.       0.       0.       0.       0.       0.       0.       0.       0.       0.146167 0.       0.146162 0.       0.       0.       0.       0.       0.       0.       0.       0.       0.       0.       0.      ],[1. 0. 0. 1. 1. 0. 0. 0. 0. 0. 0. 0. 0. 0. 0. 0. 1. 0. 1. 0. 0. 0. 0. 0. 0. 0. 0. 0. 0. 0. 0.],5.0,1000,100,0.01,0.0015,1,5,idID,,best,single_objective
829,0.1598963451427471,0.47649110852538634,0.005785237519,[0.146084 0.       0.       0.146029 0.415558 0.       0.       0.       0.       0.       0.       0.       0.       0.       0.       0.       0.146167 0.       0.146162 0.       0.       0.       0.       0.       0.       0.       0.       0.       0.       0.       0.      ],[1. 0. 0. 1. 1. 0. 0. 0. 0. 0. 0. 0. 0. 0. 0. 0. 1. 0. 1. 0. 0. 0. 0. 0. 0. 0. 0. 0. 0. 0. 0.],5.0,1000,100,0.01,0.0015,1,5,idID,,best,single_objective
830,0.1598963451427471,0.47649110852538634,0.005785237519,[0.146084 0.       0.       0.146029 0.415558 0.       0.       0.       0.       0.       0.       0.       0.       0.       0.       0.       0.146167 0.       0.146162 0.       0.       0.       0.       0.       0.       0.       0.       0.       0.       0.       0.      ],[1. 0. 0. 1. 1. 0. 0. 0. 0. 0. 0. 0. 0. 0. 0. 0. 1. 0. 1. 0. 0. 0. 0. 0. 0. 0. 0. 0. 0. 0. 0.],5.0,1000,100,0.01,0.0015,1,5,idID,,best,single_objective
831,0.1598963451427471,0.47649110852538634,0.005785237519,[0.146084 0.       0.       0.146029 0.415558 0.       0.       0.       0.       0.       0.       0.       0.       0.       0.       0.       0.146167 0.       0.146162 0.       0.       0.       0.       0.       0.       0.       0.       0.       0.       0.       0.      ],[1. 0. 0. 1. 1. 0. 0. 0. 0. 0. 0. 0. 0. 0. 0. 0. 1. 0. 1. 0. 0. 0. 0. 0. 0. 0. 0. 0. 0. 0. 0.],5.0,1000,100,0.01,0.0015,1,5,idID,,best,single_objective
832,0.1598963451427471,0.47649110852538634,0.005785237519,[0.146084 0.       0.       0.146029 0.415558 0.       0.       0.       0.       0.       0.       0.       0.       0.       0.       0.       0.146167 0.       0.146162 0.       0.       0.       0.       0.       0.       0.       0.       0.       0.       0.       0.      ],[1. 0. 0. 1. 1. 0. 0. 0. 0. 0. 0. 0. 0. 0. 0. 0. 1. 0. 1. 0. 0. 0. 0. 0. 0. 0. 0. 0. 0. 0. 0.],5.0,1000,100,0.01,0.0015,1,5,idID,,best,single_objective
833,0.1598963451427471,0.47649110852538634,0.005785237519,[0.146084 0.       0.       0.146029 0.415558 0.       0.       0.       0.       0.       0.       0.       0.       0.       0.       0.       0.146167 0.       0.146162 0.       0.       0.       0.       0.       0.       0.       0.       0.       0.       0.       0.      ],[1. 0. 0. 1. 1. 0. 0. 0. 0. 0. 0. 0. 0. 0. 0. 0. 1. 0. 1. 0. 0. 0. 0. 0. 0. 0. 0. 0. 0. 0. 0.],5.0,1000,100,0.01,0.0015,1,5,idID,,best,single_objective
834,0.1598963451427471,0.47649110852538634,0.005785237519,[0.146084 0.       0.       0.146029 0.415558 0.       0.       0.       0.       0.       0.       0.       0.       0.       0.       0.       0.146167 0.       0.146162 0.       0.       0.       0.       0.       0.       0.       0.       0.       0.       0.       0.      ],[1. 0. 0. 1. 1. 0. 0. 0. 0. 0. 0. 0. 0. 0. 0. 0. 1. 0. 1. 0. 0. 0. 0. 0. 0. 0. 0. 0. 0. 0. 0.],5.0,1000,100,0.01,0.0015,1,5,idID,,best,single_objective
835,0.1598963451427471,0.47649110852538634,0.005785237519,[0.146084 0.       0.       0.146029 0.415558 0.       0.       0.       0.       0.       0.       0.       0.       0.       0.       0.       0.146167 0.       0.146162 0.       0.       0.       0.       0.       0.       0.       0.       0.       0.       0.       0.      ],[1. 0. 0. 1. 1. 0. 0. 0. 0. 0. 0. 0. 0. 0. 0. 0. 1. 0. 1. 0. 0. 0. 0. 0. 0. 0. 0. 0. 0. 0. 0.],5.0,1000,100,0.01,0.0015,1,5,idID,,best,single_objective
836,0.1598963451427471,0.47649110852538634,0.005785237519,[0.146084 0.       0.       0.146029 0.415558 0.       0.       0.       0.       0.       0.       0.       0.       0.       0.       0.       0.146167 0.       0.146162 0.       0.       0.       0.       0.       0.       0.       0.       0.       0.       0.       0.      ],[1. 0. 0. 1. 1. 0. 0. 0. 0. 0. 0. 0. 0. 0. 0. 0. 1. 0. 1. 0. 0. 0. 0. 0. 0. 0. 0. 0. 0. 0. 0.],5.0,1000,100,0.01,0.0015,1,5,idID,,best,single_objective
837,0.1598963451427471,0.47649110852538634,0.005785237519,[0.146084 0.       0.       0.146029 0.415558 0.       0.       0.       0.       0.       0.       0.       0.       0.       0.       0.       0.146167 0.       0.146162 0.       0.       0.       0.       0.       0.       0.       0.       0.       0.       0.       0.      ],[1. 0. 0. 1. 1. 0. 0. 0. 0. 0. 0. 0. 0. 0. 0. 0. 1. 0. 1. 0. 0. 0. 0. 0. 0. 0. 0. 0. 0. 0. 0.],5.0,1000,100,0.01,0.0015,1,5,idID,,best,single_objective
838,0.1598963451427471,0.47649110852538634,0.005785237519,[0.146084 0.       0.       0.146029 0.415558 0.       0.       0.       0.       0.       0.       0.       0.       0.       0.       0.       0.146167 0.       0.146162 0.       0.       0.       0.       0.       0.       0.       0.       0.       0.       0.       0.      ],[1. 0. 0. 1. 1. 0. 0. 0. 0. 0. 0. 0. 0. 0. 0. 0. 1. 0. 1. 0. 0. 0. 0. 0. 0. 0. 0. 0. 0. 0. 0.],5.0,1000,100,0.01,0.0015,1,5,idID,,best,single_objective
839,0.1598963451427471,0.47649110852538634,0.005785237519,[0.146084 0.       0.       0.146029 0.415558 0.       0.       0.       0.       0.       0.       0.       0.       0.       0.       0.       0.146167 0.       0.146162 0.       0.       0.       0.       0.       0.       0.       0.       0.       0.       0.       0.      ],[1. 0. 0. 1. 1. 0. 0. 0. 0. 0. 0. 0. 0. 0. 0. 0. 1. 0. 1. 0. 0. 0. 0. 0. 0. 0. 0. 0. 0. 0. 0.],5.0,1000,100,0.01,0.0015,1,5,idID,,best,single_objective
840,0.1598963451427471,0.47649110852538634,0.005785237519,[0.146084 0.       0.       0.146029 0.415558 0.       0.       0.       0.       0.       0.       0.       0.       0.       0.       0.       0.146167 0.       0.146162 0.       0.       0.       0.       0.       0.       0.       0.       0.       0.       0.       0.      ],[1. 0. 0. 1. 1. 0. 0. 0. 0. 0. 0. 0. 0. 0. 0. 0. 1. 0. 1. 0. 0. 0. 0. 0. 0. 0. 0. 0. 0. 0. 0.],5.0,1000,100,0.01,0.0015,1,5,idID,,best,single_objective
841,0.1598963451427471,0.47649110852538634,0.005785237519,[0.146084 0.       0.       0.146029 0.415558 0.       0.       0.       0.       0.       0.       0.       0.       0.       0.       0.       0.146167 0.       0.146162 0.       0.       0.       0.       0.       0.       0.       0.       0.       0.       0.       0.      ],[1. 0. 0. 1. 1. 0. 0. 0. 0. 0. 0. 0. 0. 0. 0. 0. 1. 0. 1. 0. 0. 0. 0. 0. 0. 0. 0. 0. 0. 0. 0.],5.0,1000,100,0.01,0.0015,1,5,idID,,best,single_objective
842,0.1598963451427471,0.47649110852538634,0.005785237519,[0.146084 0.       0.       0.146029 0.415558 0.       0.       0.       0.       0.       0.       0.       0.       0.       0.       0.       0.146167 0.       0.146162 0.       0.       0.       0.       0.       0.       0.       0.       0.       0.       0.       0.      ],[1. 0. 0. 1. 1. 0. 0. 0. 0. 0. 0. 0. 0. 0. 0. 0. 1. 0. 1. 0. 0. 0. 0. 0. 0. 0. 0. 0. 0. 0. 0.],5.0,1000,100,0.01,0.0015,1,5,idID,,best,single_objective
843,0.1598963451427471,0.47649110852538634,0.005785237519,[0.146084 0.       0.       0.146029 0.415558 0.       0.       0.       0.       0.       0.       0.       0.       0.       0.       0.       0.146167 0.       0.146162 0.       0.       0.       0.       0.       0.       0.       0.       0.       0.       0.       0.      ],[1. 0. 0. 1. 1. 0. 0. 0. 0. 0. 0. 0. 0. 0. 0. 0. 1. 0. 1. 0. 0. 0. 0. 0. 0. 0. 0. 0. 0. 0. 0.],5.0,1000,100,0.01,0.0015,1,5,idID,,best,single_objective
844,0.1598963451427471,0.47649110852538634,0.005785237519,[0.146084 0.       0.       0.146029 0.415558 0.       0.       0.       0.       0.       0.       0.       0.       0.       0.       0.       0.146167 0.       0.146162 0.       0.       0.       0.       0.       0.       0.       0.       0.       0.       0.       0.      ],[1. 0. 0. 1. 1. 0. 0. 0. 0. 0. 0. 0. 0. 0. 0. 0. 1. 0. 1. 0. 0. 0. 0. 0. 0. 0. 0. 0. 0. 0. 0.],5.0,1000,100,0.01,0.0015,1,5,idID,,best,single_objective
845,0.1598963451427471,0.47649110852538634,0.005785237519,[0.146084 0.       0.       0.146029 0.415558 0.       0.       0.       0.       0.       0.       0.       0.       0.       0.       0.       0.146167 0.       0.146162 0.       0.       0.       0.       0.       0.       0.       0.       0.       0.       0.       0.      ],[1. 0. 0. 1. 1. 0. 0. 0. 0. 0. 0. 0. 0. 0. 0. 0. 1. 0. 1. 0. 0. 0. 0. 0. 0. 0. 0. 0. 0. 0. 0.],5.0,1000,100,0.01,0.0015,1,5,idID,,best,single_objective
846,0.1598963451427471,0.47649110852538634,0.005785237519,[0.146084 0.       0.       0.146029 0.415558 0.       0.       0.       0.       0.       0.       0.       0.       0.       0.       0.       0.146167 0.       0.146162 0.       0.       0.       0.       0.       0.       0.       0.       0.       0.       0.       0.      ],[1. 0. 0. 1. 1. 0. 0. 0. 0. 0. 0. 0. 0. 0. 0. 0. 1. 0. 1. 0. 0. 0. 0. 0. 0. 0. 0. 0. 0. 0. 0.],5.0,1000,100,0.01,0.0015,1,5,idID,,best,single_objective
847,0.1598963451427471,0.47649110852538634,0.005785237519,[0.146084 0.       0.       0.146029 0.415558 0.       0.       0.       0.       0.       0.       0.       0.       0.       0.       0.       0.146167 0.       0.146162 0.       0.       0.       0.       0.       0.       0.       0.       0.       0.       0.       0.      ],[1. 0. 0. 1. 1. 0. 0. 0. 0. 0. 0. 0. 0. 0. 0. 0. 1. 0. 1. 0. 0. 0. 0. 0. 0. 0. 0. 0. 0. 0. 0.],5.0,1000,100,0.01,0.0015,1,5,idID,,best,single_objective
848,0.1598963451427471,0.47649110852538634,0.005785237519,[0.146084 0.       0.       0.146029 0.415558 0.       0.       0.       0.       0.       0.       0.       0.       0.       0.       0.       0.146167 0.       0.146162 0.       0.       0.       0.       0.       0.       0.       0.       0.       0.       0.       0.      ],[1. 0. 0. 1. 1. 0. 0. 0. 0. 0. 0. 0. 0. 0. 0. 0. 1. 0. 1. 0. 0. 0. 0. 0. 0. 0. 0. 0. 0. 0. 0.],5.0,1000,100,0.01,0.0015,1,5,idID,,best,single_objective
849,0.1598963451427471,0.47649110852538634,0.005785237519,[0.146084 0.       0.       0.146029 0.415558 0.       0.       0.       0.       0.       0.       0.       0.       0.       0.       0.       0.146167 0.       0.146162 0.       0.       0.       0.       0.       0.       0.       0.       0.       0.       0.       0.      ],[1. 0. 0. 1. 1. 0. 0. 0. 0. 0. 0. 0. 0. 0. 0. 0. 1. 0. 1. 0. 0. 0. 0. 0. 0. 0. 0. 0. 0. 0. 0.],5.0,1000,100,0.01,0.0015,1,5,idID,,best,single_objective
850,0.1598963451427471,0.47649110852538634,0.005785237519,[0.146084 0.       0.       0.146029 0.415558 0.       0.       0.       0.       0.       0.       0.       0.       0.       0.       0.       0.146167 0.       0.146162 0.       0.       0.       0.       0.       0.       0.       0.       0.       0.       0.       0.      ],[1. 0. 0. 1. 1. 0. 0. 0. 0. 0. 0. 0. 0. 0. 0. 0. 1. 0. 1. 0. 0. 0. 0. 0. 0. 0. 0. 0. 0. 0. 0.],5.0,1000,100,0.01,0.0015,1,5,idID,,best,single_objective
851,0.1598963451427471,0.47649110852538634,0.005785237519,[0.146084 0.       0.       0.146029 0.415558 0.       0.       0.       0.       0.       0.       0.       0.       0.       0.       0.       0.146167 0.       0.146162 0.       0.       0.       0.       0.       0.       0.       0.       0.       0.       0.       0.      ],[1. 0. 0. 1. 1. 0. 0. 0. 0. 0. 0. 0. 0. 0. 0. 0. 1. 0. 1. 0. 0. 0. 0. 0. 0. 0. 0. 0. 0. 0. 0.],5.0,1000,100,0.01,0.0015,1,5,idID,,best,single_objective
852,0.1598963451427471,0.47649110852538634,0.005785237519,[0.146084 0.       0.       0.146029 0.415558 0.       0.       0.       0.       0.       0.       0.       0.       0.       0.       0.       0.146167 0.       0.146162 0.       0.       0.       0.       0.       0.       0.       0.       0.       0.       0.       0.      ],[1. 0. 0. 1. 1. 0. 0. 0. 0. 0. 0. 0. 0. 0. 0. 0. 1. 0. 1. 0. 0. 0. 0. 0. 0. 0. 0. 0. 0. 0. 0.],5.0,1000,100,0.01,0.0015,1,5,idID,,best,single_objective
853,0.1598963451427471,0.47649110852538634,0.005785237519,[0.146084 0.       0.       0.146029 0.415558 0.       0.       0.       0.       0.       0.       0.       0.       0.       0.       0.       0.146167 0.       0.146162 0.       0.       0.       0.       0.       0.       0.       0.       0.       0.       0.       0.      ],[1. 0. 0. 1. 1. 0. 0. 0. 0. 0. 0. 0. 0. 0. 0. 0. 1. 0. 1. 0. 0. 0. 0. 0. 0. 0. 0. 0. 0. 0. 0.],5.0,1000,100,0.01,0.0015,1,5,idID,,best,single_objective
854,0.1598963451427471,0.47649110852538634,0.005785237519,[0.146084 0.       0.       0.146029 0.415558 0.       0.       0.       0.       0.       0.       0.       0.       0.       0.       0.       0.146167 0.       0.146162 0.       0.       0.       0.       0.       0.       0.       0.       0.       0.       0.       0.      ],[1. 0. 0. 1. 1. 0. 0. 0. 0. 0. 0. 0. 0. 0. 0. 0. 1. 0. 1. 0. 0. 0. 0. 0. 0. 0. 0. 0. 0. 0. 0.],5.0,1000,100,0.01,0.0015,1,5,idID,,best,single_objective
855,0.1598963451427471,0.47649110852538634,0.005785237519,[0.146084 0.       0.       0.146029 0.415558 0.       0.       0.       0.       0.       0.       0.       0.       0.       0.       0.       0.146167 0.       0.146162 0.       0.       0.       0.       0.       0.       0.       0.       0.       0.       0.       0.      ],[1. 0. 0. 1. 1. 0. 0. 0. 0. 0. 0. 0. 0. 0. 0. 0. 1. 0. 1. 0. 0. 0. 0. 0. 0. 0. 0. 0. 0. 0. 0.],5.0,1000,100,0.01,0.0015,1,5,idID,,best,single_objective
856,0.1598963451427471,0.47649110852538634,0.005785237519,[0.146084 0.       0.       0.146029 0.415558 0.       0.       0.       0.       0.       0.       0.       0.       0.       0.       0.       0.146167 0.       0.146162 0.       0.       0.       0.       0.       0.       0.       0.       0.       0.       0.       0.      ],[1. 0. 0. 1. 1. 0. 0. 0. 0. 0. 0. 0. 0. 0. 0. 0. 1. 0. 1. 0. 0. 0. 0. 0. 0. 0. 0. 0. 0. 0. 0.],5.0,1000,100,0.01,0.0015,1,5,idID,,best,single_objective
857,0.1598963451427471,0.47649110852538634,0.005785237519,[0.146084 0.       0.       0.146029 0.415558 0.       0.       0.       0.       0.       0.       0.       0.       0.       0.       0.       0.146167 0.       0.146162 0.       0.       0.       0.       0.       0.       0.       0.       0.       0.       0.       0.      ],[1. 0. 0. 1. 1. 0. 0. 0. 0. 0. 0. 0. 0. 0. 0. 0. 1. 0. 1. 0. 0. 0. 0. 0. 0. 0. 0. 0. 0. 0. 0.],5.0,1000,100,0.01,0.0015,1,5,idID,,best,single_objective
858,0.1598963451427471,0.47649110852538634,0.005785237519,[0.146084 0.       0.       0.146029 0.415558 0.       0.       0.       0.       0.       0.       0.       0.       0.       0.       0.       0.146167 0.       0.146162 0.       0.       0.       0.       0.       0.       0.       0.       0.       0.       0.       0.      ],[1. 0. 0. 1. 1. 0. 0. 0. 0. 0. 0. 0. 0. 0. 0. 0. 1. 0. 1. 0. 0. 0. 0. 0. 0. 0. 0. 0. 0. 0. 0.],5.0,1000,100,0.01,0.0015,1,5,idID,,best,single_objective
859,0.1598963451427471,0.47649110852538634,0.005785237519,[0.146084 0.       0.       0.146029 0.415558 0.       0.       0.       0.       0.       0.       0.       0.       0.       0.       0.       0.146167 0.       0.146162 0.       0.       0.       0.       0.       0.       0.       0.       0.       0.       0.       0.      ],[1. 0. 0. 1. 1. 0. 0. 0. 0. 0. 0. 0. 0. 0. 0. 0. 1. 0. 1. 0. 0. 0. 0. 0. 0. 0. 0. 0. 0. 0. 0.],5.0,1000,100,0.01,0.0015,1,5,idID,,best,single_objective
860,0.1598963451427471,0.47649110852538634,0.005785237519,[0.146084 0.       0.       0.146029 0.415558 0.       0.       0.       0.       0.       0.       0.       0.       0.       0.       0.       0.146167 0.       0.146162 0.       0.       0.       0.       0.       0.       0.       0.       0.       0.       0.       0.      ],[1. 0. 0. 1. 1. 0. 0. 0. 0. 0. 0. 0. 0. 0. 0. 0. 1. 0. 1. 0. 0. 0. 0. 0. 0. 0. 0. 0. 0. 0. 0.],5.0,1000,100,0.01,0.0015,1,5,idID,,best,single_objective
861,0.1598963451427471,0.47649110852538634,0.005785237519,[0.146084 0.       0.       0.146029 0.415558 0.       0.       0.       0.       0.       0.       0.       0.       0.       0.       0.       0.146167 0.       0.146162 0.       0.       0.       0.       0.       0.       0.       0.       0.       0.       0.       0.      ],[1. 0. 0. 1. 1. 0. 0. 0. 0. 0. 0. 0. 0. 0. 0. 0. 1. 0. 1. 0. 0. 0. 0. 0. 0. 0. 0. 0. 0. 0. 0.],5.0,1000,100,0.01,0.0015,1,5,idID,,best,single_objective
862,0.1598963451427471,0.47649110852538634,0.005785237519,[0.146084 0.       0.       0.146029 0.415558 0.       0.       0.       0.       0.       0.       0.       0.       0.       0.       0.       0.146167 0.       0.146162 0.       0.       0.       0.       0.       0.       0.       0.       0.       0.       0.       0.      ],[1. 0. 0. 1. 1. 0. 0. 0. 0. 0. 0. 0. 0. 0. 0. 0. 1. 0. 1. 0. 0. 0. 0. 0. 0. 0. 0. 0. 0. 0. 0.],5.0,1000,100,0.01,0.0015,1,5,idID,,best,single_objective
863,0.1598963451427471,0.47649110852538634,0.005785237519,[0.146084 0.       0.       0.146029 0.415558 0.       0.       0.       0.       0.       0.       0.       0.       0.       0.       0.       0.146167 0.       0.146162 0.       0.       0.       0.       0.       0.       0.       0.       0.       0.       0.       0.      ],[1. 0. 0. 1. 1. 0. 0. 0. 0. 0. 0. 0. 0. 0. 0. 0. 1. 0. 1. 0. 0. 0. 0. 0. 0. 0. 0. 0. 0. 0. 0.],5.0,1000,100,0.01,0.0015,1,5,idID,,best,single_objective
864,0.1598963451427471,0.47649110852538634,0.005785237519,[0.146084 0.       0.       0.146029 0.415558 0.       0.       0.       0.       0.       0.       0.       0.       0.       0.       0.       0.146167 0.       0.146162 0.       0.       0.       0.       0.       0.       0.       0.       0.       0.       0.       0.      ],[1. 0. 0. 1. 1. 0. 0. 0. 0. 0. 0. 0. 0. 0. 0. 0. 1. 0. 1. 0. 0. 0. 0. 0. 0. 0. 0. 0. 0. 0. 0.],5.0,1000,100,0.01,0.0015,1,5,idID,,best,single_objective
865,0.1598963451427471,0.47649110852538634,0.005785237519,[0.146084 0.       0.       0.146029 0.415558 0.       0.       0.       0.       0.       0.       0.       0.       0.       0.       0.       0.146167 0.       0.146162 0.       0.       0.       0.       0.       0.       0.       0.       0.       0.       0.       0.      ],[1. 0. 0. 1. 1. 0. 0. 0. 0. 0. 0. 0. 0. 0. 0. 0. 1. 0. 1. 0. 0. 0. 0. 0. 0. 0. 0. 0. 0. 0. 0.],5.0,1000,100,0.01,0.0015,1,5,idID,,best,single_objective
866,0.1598963451427471,0.47649110852538634,0.005785237519,[0.146084 0.       0.       0.146029 0.415558 0.       0.       0.       0.       0.       0.       0.       0.       0.       0.       0.       0.146167 0.       0.146162 0.       0.       0.       0.       0.       0.       0.       0.       0.       0.       0.       0.      ],[1. 0. 0. 1. 1. 0. 0. 0. 0. 0. 0. 0. 0. 0. 0. 0. 1. 0. 1. 0. 0. 0. 0. 0. 0. 0. 0. 0. 0. 0. 0.],5.0,1000,100,0.01,0.0015,1,5,idID,,best,single_objective
867,0.1598963451427471,0.47649110852538634,0.005785237519,[0.146084 0.       0.       0.146029 0.415558 0.       0.       0.       0.       0.       0.       0.       0.       0.       0.       0.       0.146167 0.       0.146162 0.       0.       0.       0.       0.       0.       0.       0.       0.       0.       0.       0.      ],[1. 0. 0. 1. 1. 0. 0. 0. 0. 0. 0. 0. 0. 0. 0. 0. 1. 0. 1. 0. 0. 0. 0. 0. 0. 0. 0. 0. 0. 0. 0.],5.0,1000,100,0.01,0.0015,1,5,idID,,best,single_objective
868,0.1598963451427471,0.47649110852538634,0.005785237519,[0.146084 0.       0.       0.146029 0.415558 0.       0.       0.       0.       0.       0.       0.       0.       0.       0.       0.       0.146167 0.       0.146162 0.       0.       0.       0.       0.       0.       0.       0.       0.       0.       0.       0.      ],[1. 0. 0. 1. 1. 0. 0. 0. 0. 0. 0. 0. 0. 0. 0. 0. 1. 0. 1. 0. 0. 0. 0. 0. 0. 0. 0. 0. 0. 0. 0.],5.0,1000,100,0.01,0.0015,1,5,idID,,best,single_objective
869,0.1598963451427471,0.47649110852538634,0.005785237519,[0.146084 0.       0.       0.146029 0.415558 0.       0.       0.       0.       0.       0.       0.       0.       0.       0.       0.       0.146167 0.       0.146162 0.       0.       0.       0.       0.       0.       0.       0.       0.       0.       0.       0.      ],[1. 0. 0. 1. 1. 0. 0. 0. 0. 0. 0. 0. 0. 0. 0. 0. 1. 0. 1. 0. 0. 0. 0. 0. 0. 0. 0. 0. 0. 0. 0.],5.0,1000,100,0.01,0.0015,1,5,idID,,best,single_objective
870,0.1598963451427471,0.47649110852538634,0.005785237519,[0.146084 0.       0.       0.146029 0.415558 0.       0.       0.       0.       0.       0.       0.       0.       0.       0.       0.       0.146167 0.       0.146162 0.       0.       0.       0.       0.       0.       0.       0.       0.       0.       0.       0.      ],[1. 0. 0. 1. 1. 0. 0. 0. 0. 0. 0. 0. 0. 0. 0. 0. 1. 0. 1. 0. 0. 0. 0. 0. 0. 0. 0. 0. 0. 0. 0.],5.0,1000,100,0.01,0.0015,1,5,idID,,best,single_objective
871,0.1598963451427471,0.47649110852538634,0.005785237519,[0.146084 0.       0.       0.146029 0.415558 0.       0.       0.       0.       0.       0.       0.       0.       0.       0.       0.       0.146167 0.       0.146162 0.       0.       0.       0.       0.       0.       0.       0.       0.       0.       0.       0.      ],[1. 0. 0. 1. 1. 0. 0. 0. 0. 0. 0. 0. 0. 0. 0. 0. 1. 0. 1. 0. 0. 0. 0. 0. 0. 0. 0. 0. 0. 0. 0.],5.0,1000,100,0.01,0.0015,1,5,idID,,best,single_objective
872,0.1598963451427471,0.47649110852538634,0.005785237519,[0.146084 0.       0.       0.146029 0.415558 0.       0.       0.       0.       0.       0.       0.       0.       0.       0.       0.       0.146167 0.       0.146162 0.       0.       0.       0.       0.       0.       0.       0.       0.       0.       0.       0.      ],[1. 0. 0. 1. 1. 0. 0. 0. 0. 0. 0. 0. 0. 0. 0. 0. 1. 0. 1. 0. 0. 0. 0. 0. 0. 0. 0. 0. 0. 0. 0.],5.0,1000,100,0.01,0.0015,1,5,idID,,best,single_objective
873,0.1598963451427471,0.47649110852538634,0.005785237519,[0.146084 0.       0.       0.146029 0.415558 0.       0.       0.       0.       0.       0.       0.       0.       0.       0.       0.       0.146167 0.       0.146162 0.       0.       0.       0.       0.       0.       0.       0.       0.       0.       0.       0.      ],[1. 0. 0. 1. 1. 0. 0. 0. 0. 0. 0. 0. 0. 0. 0. 0. 1. 0. 1. 0. 0. 0. 0. 0. 0. 0. 0. 0. 0. 0. 0.],5.0,1000,100,0.01,0.0015,1,5,idID,,best,single_objective
874,0.1598963451427471,0.47649110852538634,0.005785237519,[0.146084 0.       0.       0.146029 0.415558 0.       0.       0.       0.       0.       0.       0.       0.       0.       0.       0.       0.146167 0.       0.146162 0.       0.       0.       0.       0.       0.       0.       0.       0.       0.       0.       0.      ],[1. 0. 0. 1. 1. 0. 0. 0. 0. 0. 0. 0. 0. 0. 0. 0. 1. 0. 1. 0. 0. 0. 0. 0. 0. 0. 0. 0. 0. 0. 0.],5.0,1000,100,0.01,0.0015,1,5,idID,,best,single_objective
875,0.1598963451427471,0.47649110852538634,0.005785237519,[0.146084 0.       0.       0.146029 0.415558 0.       0.       0.       0.       0.       0.       0.       0.       0.       0.       0.       0.146167 0.       0.146162 0.       0.       0.       0.       0.       0.       0.       0.       0.       0.       0.       0.      ],[1. 0. 0. 1. 1. 0. 0. 0. 0. 0. 0. 0. 0. 0. 0. 0. 1. 0. 1. 0. 0. 0. 0. 0. 0. 0. 0. 0. 0. 0. 0.],5.0,1000,100,0.01,0.0015,1,5,idID,,best,single_objective
876,0.1598963451427471,0.47649110852538634,0.005785237519,[0.146084 0.       0.       0.146029 0.415558 0.       0.       0.       0.       0.       0.       0.       0.       0.       0.       0.       0.146167 0.       0.146162 0.       0.       0.       0.       0.       0.       0.       0.       0.       0.       0.       0.      ],[1. 0. 0. 1. 1. 0. 0. 0. 0. 0. 0. 0. 0. 0. 0. 0. 1. 0. 1. 0. 0. 0. 0. 0. 0. 0. 0. 0. 0. 0. 0.],5.0,1000,100,0.01,0.0015,1,5,idID,,best,single_objective
877,0.1598963451427471,0.47649110852538634,0.005785237519,[0.146084 0.       0.       0.146029 0.415558 0.       0.       0.       0.       0.       0.       0.       0.       0.       0.       0.       0.146167 0.       0.146162 0.       0.       0.       0.       0.       0.       0.       0.       0.       0.       0.       0.      ],[1. 0. 0. 1. 1. 0. 0. 0. 0. 0. 0. 0. 0. 0. 0. 0. 1. 0. 1. 0. 0. 0. 0. 0. 0. 0. 0. 0. 0. 0. 0.],5.0,1000,100,0.01,0.0015,1,5,idID,,best,single_objective
878,0.1598963451427471,0.47649110852538634,0.005785237519,[0.146084 0.       0.       0.146029 0.415558 0.       0.       0.       0.       0.       0.       0.       0.       0.       0.       0.       0.146167 0.       0.146162 0.       0.       0.       0.       0.       0.       0.       0.       0.       0.       0.       0.      ],[1. 0. 0. 1. 1. 0. 0. 0. 0. 0. 0. 0. 0. 0. 0. 0. 1. 0. 1. 0. 0. 0. 0. 0. 0. 0. 0. 0. 0. 0. 0.],5.0,1000,100,0.01,0.0015,1,5,idID,,best,single_objective
879,0.1598963451427471,0.47649110852538634,0.005785237519,[0.146084 0.       0.       0.146029 0.415558 0.       0.       0.       0.       0.       0.       0.       0.       0.       0.       0.       0.146167 0.       0.146162 0.       0.       0.       0.       0.       0.       0.       0.       0.       0.       0.       0.      ],[1. 0. 0. 1. 1. 0. 0. 0. 0. 0. 0. 0. 0. 0. 0. 0. 1. 0. 1. 0. 0. 0. 0. 0. 0. 0. 0. 0. 0. 0. 0.],5.0,1000,100,0.01,0.0015,1,5,idID,,best,single_objective
880,0.1598963451427471,0.47649110852538634,0.005785237519,[0.146084 0.       0.       0.146029 0.415558 0.       0.       0.       0.       0.       0.       0.       0.       0.       0.       0.       0.146167 0.       0.146162 0.       0.       0.       0.       0.       0.       0.       0.       0.       0.       0.       0.      ],[1. 0. 0. 1. 1. 0. 0. 0. 0. 0. 0. 0. 0. 0. 0. 0. 1. 0. 1. 0. 0. 0. 0. 0. 0. 0. 0. 0. 0. 0. 0.],5.0,1000,100,0.01,0.0015,1,5,idID,,best,single_objective
881,0.1598963451427471,0.47649110852538634,0.005785237519,[0.146084 0.       0.       0.146029 0.415558 0.       0.       0.       0.       0.       0.       0.       0.       0.       0.       0.       0.146167 0.       0.146162 0.       0.       0.       0.       0.       0.       0.       0.       0.       0.       0.       0.      ],[1. 0. 0. 1. 1. 0. 0. 0. 0. 0. 0. 0. 0. 0. 0. 0. 1. 0. 1. 0. 0. 0. 0. 0. 0. 0. 0. 0. 0. 0. 0.],5.0,1000,100,0.01,0.0015,1,5,idID,,best,single_objective
882,0.1598963451427471,0.47649110852538634,0.005785237519,[0.146084 0.       0.       0.146029 0.415558 0.       0.       0.       0.       0.       0.       0.       0.       0.       0.       0.       0.146167 0.       0.146162 0.       0.       0.       0.       0.       0.       0.       0.       0.       0.       0.       0.      ],[1. 0. 0. 1. 1. 0. 0. 0. 0. 0. 0. 0. 0. 0. 0. 0. 1. 0. 1. 0. 0. 0. 0. 0. 0. 0. 0. 0. 0. 0. 0.],5.0,1000,100,0.01,0.0015,1,5,idID,,best,single_objective
883,0.1598963451427471,0.47649110852538634,0.005785237519,[0.146084 0.       0.       0.146029 0.415558 0.       0.       0.       0.       0.       0.       0.       0.       0.       0.       0.       0.146167 0.       0.146162 0.       0.       0.       0.       0.       0.       0.       0.       0.       0.       0.       0.      ],[1. 0. 0. 1. 1. 0. 0. 0. 0. 0. 0. 0. 0. 0. 0. 0. 1. 0. 1. 0. 0. 0. 0. 0. 0. 0. 0. 0. 0. 0. 0.],5.0,1000,100,0.01,0.0015,1,5,idID,,best,single_objective
884,0.1598963451427471,0.47649110852538634,0.005785237519,[0.146084 0.       0.       0.146029 0.415558 0.       0.       0.       0.       0.       0.       0.       0.       0.       0.       0.       0.146167 0.       0.146162 0.       0.       0.       0.       0.       0.       0.       0.       0.       0.       0.       0.      ],[1. 0. 0. 1. 1. 0. 0. 0. 0. 0. 0. 0. 0. 0. 0. 0. 1. 0. 1. 0. 0. 0. 0. 0. 0. 0. 0. 0. 0. 0. 0.],5.0,1000,100,0.01,0.0015,1,5,idID,,best,single_objective
885,0.1598963451427471,0.47649110852538634,0.005785237519,[0.146084 0.       0.       0.146029 0.415558 0.       0.       0.       0.       0.       0.       0.       0.       0.       0.       0.       0.146167 0.       0.146162 0.       0.       0.       0.       0.       0.       0.       0.       0.       0.       0.       0.      ],[1. 0. 0. 1. 1. 0. 0. 0. 0. 0. 0. 0. 0. 0. 0. 0. 1. 0. 1. 0. 0. 0. 0. 0. 0. 0. 0. 0. 0. 0. 0.],5.0,1000,100,0.01,0.0015,1,5,idID,,best,single_objective
886,0.1598963451427471,0.47649110852538634,0.005785237519,[0.146084 0.       0.       0.146029 0.415558 0.       0.       0.       0.       0.       0.       0.       0.       0.       0.       0.       0.146167 0.       0.146162 0.       0.       0.       0.       0.       0.       0.       0.       0.       0.       0.       0.      ],[1. 0. 0. 1. 1. 0. 0. 0. 0. 0. 0. 0. 0. 0. 0. 0. 1. 0. 1. 0. 0. 0. 0. 0. 0. 0. 0. 0. 0. 0. 0.],5.0,1000,100,0.01,0.0015,1,5,idID,,best,single_objective
887,0.1598963451427471,0.47649110852538634,0.005785237519,[0.146084 0.       0.       0.146029 0.415558 0.       0.       0.       0.       0.       0.       0.       0.       0.       0.       0.       0.146167 0.       0.146162 0.       0.       0.       0.       0.       0.       0.       0.       0.       0.       0.       0.      ],[1. 0. 0. 1. 1. 0. 0. 0. 0. 0. 0. 0. 0. 0. 0. 0. 1. 0. 1. 0. 0. 0. 0. 0. 0. 0. 0. 0. 0. 0. 0.],5.0,1000,100,0.01,0.0015,1,5,idID,,best,single_objective
888,0.1598963451427471,0.47649110852538634,0.005785237519,[0.146084 0.       0.       0.146029 0.415558 0.       0.       0.       0.       0.       0.       0.       0.       0.       0.       0.       0.146167 0.       0.146162 0.       0.       0.       0.       0.       0.       0.       0.       0.       0.       0.       0.      ],[1. 0. 0. 1. 1. 0. 0. 0. 0. 0. 0. 0. 0. 0. 0. 0. 1. 0. 1. 0. 0. 0. 0. 0. 0. 0. 0. 0. 0. 0. 0.],5.0,1000,100,0.01,0.0015,1,5,idID,,best,single_objective
889,0.1598963451427471,0.47649110852538634,0.005785237519,[0.146084 0.       0.       0.146029 0.415558 0.       0.       0.       0.       0.       0.       0.       0.       0.       0.       0.       0.146167 0.       0.146162 0.       0.       0.       0.       0.       0.       0.       0.       0.       0.       0.       0.      ],[1. 0. 0. 1. 1. 0. 0. 0. 0. 0. 0. 0. 0. 0. 0. 0. 1. 0. 1. 0. 0. 0. 0. 0. 0. 0. 0. 0. 0. 0. 0.],5.0,1000,100,0.01,0.0015,1,5,idID,,best,single_objective
890,0.1598963451427471,0.47649110852538634,0.005785237519,[0.146084 0.       0.       0.146029 0.415558 0.       0.       0.       0.       0.       0.       0.       0.       0.       0.       0.       0.146167 0.       0.146162 0.       0.       0.       0.       0.       0.       0.       0.       0.       0.       0.       0.      ],[1. 0. 0. 1. 1. 0. 0. 0. 0. 0. 0. 0. 0. 0. 0. 0. 1. 0. 1. 0. 0. 0. 0. 0. 0. 0. 0. 0. 0. 0. 0.],5.0,1000,100,0.01,0.0015,1,5,idID,,best,single_objective
891,0.1598963451427471,0.47649110852538634,0.005785237519,[0.146084 0.       0.       0.146029 0.415558 0.       0.       0.       0.       0.       0.       0.       0.       0.       0.       0.       0.146167 0.       0.146162 0.       0.       0.       0.       0.       0.       0.       0.       0.       0.       0.       0.      ],[1. 0. 0. 1. 1. 0. 0. 0. 0. 0. 0. 0. 0. 0. 0. 0. 1. 0. 1. 0. 0. 0. 0. 0. 0. 0. 0. 0. 0. 0. 0.],5.0,1000,100,0.01,0.0015,1,5,idID,,best,single_objective
892,0.1598963451427471,0.47649110852538634,0.005785237519,[0.146084 0.       0.       0.146029 0.415558 0.       0.       0.       0.       0.       0.       0.       0.       0.       0.       0.       0.146167 0.       0.146162 0.       0.       0.       0.       0.       0.       0.       0.       0.       0.       0.       0.      ],[1. 0. 0. 1. 1. 0. 0. 0. 0. 0. 0. 0. 0. 0. 0. 0. 1. 0. 1. 0. 0. 0. 0. 0. 0. 0. 0. 0. 0. 0. 0.],5.0,1000,100,0.01,0.0015,1,5,idID,,best,single_objective
893,0.1598963451427471,0.47649110852538634,0.005785237519,[0.146084 0.       0.       0.146029 0.415558 0.       0.       0.       0.       0.       0.       0.       0.       0.       0.       0.       0.146167 0.       0.146162 0.       0.       0.       0.       0.       0.       0.       0.       0.       0.       0.       0.      ],[1. 0. 0. 1. 1. 0. 0. 0. 0. 0. 0. 0. 0. 0. 0. 0. 1. 0. 1. 0. 0. 0. 0. 0. 0. 0. 0. 0. 0. 0. 0.],5.0,1000,100,0.01,0.0015,1,5,idID,,best,single_objective
894,0.1598963451427471,0.47649110852538634,0.005785237519,[0.146084 0.       0.       0.146029 0.415558 0.       0.       0.       0.       0.       0.       0.       0.       0.       0.       0.       0.146167 0.       0.146162 0.       0.       0.       0.       0.       0.       0.       0.       0.       0.       0.       0.      ],[1. 0. 0. 1. 1. 0. 0. 0. 0. 0. 0. 0. 0. 0. 0. 0. 1. 0. 1. 0. 0. 0. 0. 0. 0. 0. 0. 0. 0. 0. 0.],5.0,1000,100,0.01,0.0015,1,5,idID,,best,single_objective
895,0.1598963451427471,0.47649110852538634,0.005785237519,[0.146084 0.       0.       0.146029 0.415558 0.       0.       0.       0.       0.       0.       0.       0.       0.       0.       0.       0.146167 0.       0.146162 0.       0.       0.       0.       0.       0.       0.       0.       0.       0.       0.       0.      ],[1. 0. 0. 1. 1. 0. 0. 0. 0. 0. 0. 0. 0. 0. 0. 0. 1. 0. 1. 0. 0. 0. 0. 0. 0. 0. 0. 0. 0. 0. 0.],5.0,1000,100,0.01,0.0015,1,5,idID,,best,single_objective
896,0.1598963451427471,0.47649110852538634,0.005785237519,[0.146084 0.       0.       0.146029 0.415558 0.       0.       0.       0.       0.       0.       0.       0.       0.       0.       0.       0.146167 0.       0.146162 0.       0.       0.       0.       0.       0.       0.       0.       0.       0.       0.       0.      ],[1. 0. 0. 1. 1. 0. 0. 0. 0. 0. 0. 0. 0. 0. 0. 0. 1. 0. 1. 0. 0. 0. 0. 0. 0. 0. 0. 0. 0. 0. 0.],5.0,1000,100,0.01,0.0015,1,5,idID,,best,single_objective
897,0.1598963451427471,0.47649110852538634,0.005785237519,[0.146084 0.       0.       0.146029 0.415558 0.       0.       0.       0.       0.       0.       0.       0.       0.       0.       0.       0.146167 0.       0.146162 0.       0.       0.       0.       0.       0.       0.       0.       0.       0.       0.       0.      ],[1. 0. 0. 1. 1. 0. 0. 0. 0. 0. 0. 0. 0. 0. 0. 0. 1. 0. 1. 0. 0. 0. 0. 0. 0. 0. 0. 0. 0. 0. 0.],5.0,1000,100,0.01,0.0015,1,5,idID,,best,single_objective
898,0.1598963451427471,0.47649110852538634,0.005785237519,[0.146084 0.       0.       0.146029 0.415558 0.       0.       0.       0.       0.       0.       0.       0.       0.       0.       0.       0.146167 0.       0.146162 0.       0.       0.       0.       0.       0.       0.       0.       0.       0.       0.       0.      ],[1. 0. 0. 1. 1. 0. 0. 0. 0. 0. 0. 0. 0. 0. 0. 0. 1. 0. 1. 0. 0. 0. 0. 0. 0. 0. 0. 0. 0. 0. 0.],5.0,1000,100,0.01,0.0015,1,5,idID,,best,single_objective
899,0.1598963451427471,0.47649110852538634,0.005785237519,[0.146084 0.       0.       0.146029 0.415558 0.       0.       0.       0.       0.       0.       0.       0.       0.       0.       0.       0.146167 0.       0.146162 0.       0.       0.       0.       0.       0.       0.       0.       0.       0.       0.       0.      ],[1. 0. 0. 1. 1. 0. 0. 0. 0. 0. 0. 0. 0. 0. 0. 0. 1. 0. 1. 0. 0. 0. 0. 0. 0. 0. 0. 0. 0. 0. 0.],5.0,1000,100,0.01,0.0015,1,5,idID,,best,single_objective
900,0.1598963451427471,0.47649110852538634,0.005785237519,[0.146084 0.       0.       0.146029 0.415558 0.       0.       0.       0.       0.       0.       0.       0.       0.       0.       0.       0.146167 0.       0.146162 0.       0.       0.       0.       0.       0.       0.       0.       0.       0.       0.       0.      ],[1. 0. 0. 1. 1. 0. 0. 0. 0. 0. 0. 0. 0. 0. 0. 0. 1. 0. 1. 0. 0. 0. 0. 0. 0. 0. 0. 0. 0. 0. 0.],5.0,1000,100,0.01,0.0015,1,5,idID,,best,single_objective
901,0.1598963451427471,0.47649110852538634,0.005785237519,[0.146084 0.       0.       0.146029 0.415558 0.       0.       0.       0.       0.       0.       0.       0.       0.       0.       0.       0.146167 0.       0.146162 0.       0.       0.       0.       0.       0.       0.       0.       0.       0.       0.       0.      ],[1. 0. 0. 1. 1. 0. 0. 0. 0. 0. 0. 0. 0. 0. 0. 0. 1. 0. 1. 0. 0. 0. 0. 0. 0. 0. 0. 0. 0. 0. 0.],5.0,1000,100,0.01,0.0015,1,5,idID,,best,single_objective
902,0.1598963451427471,0.47649110852538634,0.005785237519,[0.146084 0.       0.       0.146029 0.415558 0.       0.       0.       0.       0.       0.       0.       0.       0.       0.       0.       0.146167 0.       0.146162 0.       0.       0.       0.       0.       0.       0.       0.       0.       0.       0.       0.      ],[1. 0. 0. 1. 1. 0. 0. 0. 0. 0. 0. 0. 0. 0. 0. 0. 1. 0. 1. 0. 0. 0. 0. 0. 0. 0. 0. 0. 0. 0. 0.],5.0,1000,100,0.01,0.0015,1,5,idID,,best,single_objective
903,0.1598963451427471,0.47649110852538634,0.005785237519,[0.146084 0.       0.       0.146029 0.415558 0.       0.       0.       0.       0.       0.       0.       0.       0.       0.       0.       0.146167 0.       0.146162 0.       0.       0.       0.       0.       0.       0.       0.       0.       0.       0.       0.      ],[1. 0. 0. 1. 1. 0. 0. 0. 0. 0. 0. 0. 0. 0. 0. 0. 1. 0. 1. 0. 0. 0. 0. 0. 0. 0. 0. 0. 0. 0. 0.],5.0,1000,100,0.01,0.0015,1,5,idID,,best,single_objective
904,0.1598963451427471,0.47649110852538634,0.005785237519,[0.146084 0.       0.       0.146029 0.415558 0.       0.       0.       0.       0.       0.       0.       0.       0.       0.       0.       0.146167 0.       0.146162 0.       0.       0.       0.       0.       0.       0.       0.       0.       0.       0.       0.      ],[1. 0. 0. 1. 1. 0. 0. 0. 0. 0. 0. 0. 0. 0. 0. 0. 1. 0. 1. 0. 0. 0. 0. 0. 0. 0. 0. 0. 0. 0. 0.],5.0,1000,100,0.01,0.0015,1,5,idID,,best,single_objective
905,0.1598963451427471,0.47649110852538634,0.005785237519,[0.146084 0.       0.       0.146029 0.415558 0.       0.       0.       0.       0.       0.       0.       0.       0.       0.       0.       0.146167 0.       0.146162 0.       0.       0.       0.       0.       0.       0.       0.       0.       0.       0.       0.      ],[1. 0. 0. 1. 1. 0. 0. 0. 0. 0. 0. 0. 0. 0. 0. 0. 1. 0. 1. 0. 0. 0. 0. 0. 0. 0. 0. 0. 0. 0. 0.],5.0,1000,100,0.01,0.0015,1,5,idID,,best,single_objective
906,0.1598963451427471,0.47649110852538634,0.005785237519,[0.146084 0.       0.       0.146029 0.415558 0.       0.       0.       0.       0.       0.       0.       0.       0.       0.       0.       0.146167 0.       0.146162 0.       0.       0.       0.       0.       0.       0.       0.       0.       0.       0.       0.      ],[1. 0. 0. 1. 1. 0. 0. 0. 0. 0. 0. 0. 0. 0. 0. 0. 1. 0. 1. 0. 0. 0. 0. 0. 0. 0. 0. 0. 0. 0. 0.],5.0,1000,100,0.01,0.0015,1,5,idID,,best,single_objective
907,0.1598963451427471,0.47649110852538634,0.005785237519,[0.146084 0.       0.       0.146029 0.415558 0.       0.       0.       0.       0.       0.       0.       0.       0.       0.       0.       0.146167 0.       0.146162 0.       0.       0.       0.       0.       0.       0.       0.       0.       0.       0.       0.      ],[1. 0. 0. 1. 1. 0. 0. 0. 0. 0. 0. 0. 0. 0. 0. 0. 1. 0. 1. 0. 0. 0. 0. 0. 0. 0. 0. 0. 0. 0. 0.],5.0,1000,100,0.01,0.0015,1,5,idID,,best,single_objective
908,0.1598963451427471,0.47649110852538634,0.005785237519,[0.146084 0.       0.       0.146029 0.415558 0.       0.       0.       0.       0.       0.       0.       0.       0.       0.       0.       0.146167 0.       0.146162 0.       0.       0.       0.       0.       0.       0.       0.       0.       0.       0.       0.      ],[1. 0. 0. 1. 1. 0. 0. 0. 0. 0. 0. 0. 0. 0. 0. 0. 1. 0. 1. 0. 0. 0. 0. 0. 0. 0. 0. 0. 0. 0. 0.],5.0,1000,100,0.01,0.0015,1,5,idID,,best,single_objective
909,0.1598963451427471,0.47649110852538634,0.005785237519,[0.146084 0.       0.       0.146029 0.415558 0.       0.       0.       0.       0.       0.       0.       0.       0.       0.       0.       0.146167 0.       0.146162 0.       0.       0.       0.       0.       0.       0.       0.       0.       0.       0.       0.      ],[1. 0. 0. 1. 1. 0. 0. 0. 0. 0. 0. 0. 0. 0. 0. 0. 1. 0. 1. 0. 0. 0. 0. 0. 0. 0. 0. 0. 0. 0. 0.],5.0,1000,100,0.01,0.0015,1,5,idID,,best,single_objective
910,0.1598963451427471,0.47649110852538634,0.005785237519,[0.146084 0.       0.       0.146029 0.415558 0.       0.       0.       0.       0.       0.       0.       0.       0.       0.       0.       0.146167 0.       0.146162 0.       0.       0.       0.       0.       0.       0.       0.       0.       0.       0.       0.      ],[1. 0. 0. 1. 1. 0. 0. 0. 0. 0. 0. 0. 0. 0. 0. 0. 1. 0. 1. 0. 0. 0. 0. 0. 0. 0. 0. 0. 0. 0. 0.],5.0,1000,100,0.01,0.0015,1,5,idID,,best,single_objective
911,0.1598963451427471,0.47649110852538634,0.005785237519,[0.146084 0.       0.       0.146029 0.415558 0.       0.       0.       0.       0.       0.       0.       0.       0.       0.       0.       0.146167 0.       0.146162 0.       0.       0.       0.       0.       0.       0.       0.       0.       0.       0.       0.      ],[1. 0. 0. 1. 1. 0. 0. 0. 0. 0. 0. 0. 0. 0. 0. 0. 1. 0. 1. 0. 0. 0. 0. 0. 0. 0. 0. 0. 0. 0. 0.],5.0,1000,100,0.01,0.0015,1,5,idID,,best,single_objective
912,0.1598963451427471,0.47649110852538634,0.005785237519,[0.146084 0.       0.       0.146029 0.415558 0.       0.       0.       0.       0.       0.       0.       0.       0.       0.       0.       0.146167 0.       0.146162 0.       0.       0.       0.       0.       0.       0.       0.       0.       0.       0.       0.      ],[1. 0. 0. 1. 1. 0. 0. 0. 0. 0. 0. 0. 0. 0. 0. 0. 1. 0. 1. 0. 0. 0. 0. 0. 0. 0. 0. 0. 0. 0. 0.],5.0,1000,100,0.01,0.0015,1,5,idID,,best,single_objective
913,0.1598963451427471,0.47649110852538634,0.005785237519,[0.146084 0.       0.       0.146029 0.415558 0.       0.       0.       0.       0.       0.       0.       0.       0.       0.       0.       0.146167 0.       0.146162 0.       0.       0.       0.       0.       0.       0.       0.       0.       0.       0.       0.      ],[1. 0. 0. 1. 1. 0. 0. 0. 0. 0. 0. 0. 0. 0. 0. 0. 1. 0. 1. 0. 0. 0. 0. 0. 0. 0. 0. 0. 0. 0. 0.],5.0,1000,100,0.01,0.0015,1,5,idID,,best,single_objective
914,0.1598963451427471,0.47649110852538634,0.005785237519,[0.146084 0.       0.       0.146029 0.415558 0.       0.       0.       0.       0.       0.       0.       0.       0.       0.       0.       0.146167 0.       0.146162 0.       0.       0.       0.       0.       0.       0.       0.       0.       0.       0.       0.      ],[1. 0. 0. 1. 1. 0. 0. 0. 0. 0. 0. 0. 0. 0. 0. 0. 1. 0. 1. 0. 0. 0. 0. 0. 0. 0. 0. 0. 0. 0. 0.],5.0,1000,100,0.01,0.0015,1,5,idID,,best,single_objective
915,0.1598963451427471,0.47649110852538634,0.005785237519,[0.146084 0.       0.       0.146029 0.415558 0.       0.       0.       0.       0.       0.       0.       0.       0.       0.       0.       0.146167 0.       0.146162 0.       0.       0.       0.       0.       0.       0.       0.       0.       0.       0.       0.      ],[1. 0. 0. 1. 1. 0. 0. 0. 0. 0. 0. 0. 0. 0. 0. 0. 1. 0. 1. 0. 0. 0. 0. 0. 0. 0. 0. 0. 0. 0. 0.],5.0,1000,100,0.01,0.0015,1,5,idID,,best,single_objective
916,0.1598963451427471,0.47649110852538634,0.005785237519,[0.146084 0.       0.       0.146029 0.415558 0.       0.       0.       0.       0.       0.       0.       0.       0.       0.       0.       0.146167 0.       0.146162 0.       0.       0.       0.       0.       0.       0.       0.       0.       0.       0.       0.      ],[1. 0. 0. 1. 1. 0. 0. 0. 0. 0. 0. 0. 0. 0. 0. 0. 1. 0. 1. 0. 0. 0. 0. 0. 0. 0. 0. 0. 0. 0. 0.],5.0,1000,100,0.01,0.0015,1,5,idID,,best,single_objective
917,0.1598963451427471,0.47649110852538634,0.005785237519,[0.146084 0.       0.       0.146029 0.415558 0.       0.       0.       0.       0.       0.       0.       0.       0.       0.       0.       0.146167 0.       0.146162 0.       0.       0.       0.       0.       0.       0.       0.       0.       0.       0.       0.      ],[1. 0. 0. 1. 1. 0. 0. 0. 0. 0. 0. 0. 0. 0. 0. 0. 1. 0. 1. 0. 0. 0. 0. 0. 0. 0. 0. 0. 0. 0. 0.],5.0,1000,100,0.01,0.0015,1,5,idID,,best,single_objective
918,0.1598963451427471,0.47649110852538634,0.005785237519,[0.146084 0.       0.       0.146029 0.415558 0.       0.       0.       0.       0.       0.       0.       0.       0.       0.       0.       0.146167 0.       0.146162 0.       0.       0.       0.       0.       0.       0.       0.       0.       0.       0.       0.      ],[1. 0. 0. 1. 1. 0. 0. 0. 0. 0. 0. 0. 0. 0. 0. 0. 1. 0. 1. 0. 0. 0. 0. 0. 0. 0. 0. 0. 0. 0. 0.],5.0,1000,100,0.01,0.0015,1,5,idID,,best,single_objective
919,0.1598963451427471,0.47649110852538634,0.005785237519,[0.146084 0.       0.       0.146029 0.415558 0.       0.       0.       0.       0.       0.       0.       0.       0.       0.       0.       0.146167 0.       0.146162 0.       0.       0.       0.       0.       0.       0.       0.       0.       0.       0.       0.      ],[1. 0. 0. 1. 1. 0. 0. 0. 0. 0. 0. 0. 0. 0. 0. 0. 1. 0. 1. 0. 0. 0. 0. 0. 0. 0. 0. 0. 0. 0. 0.],5.0,1000,100,0.01,0.0015,1,5,idID,,best,single_objective
920,0.1598963451427471,0.47649110852538634,0.005785237519,[0.146084 0.       0.       0.146029 0.415558 0.       0.       0.       0.       0.       0.       0.       0.       0.       0.       0.       0.146167 0.       0.146162 0.       0.       0.       0.       0.       0.       0.       0.       0.       0.       0.       0.      ],[1. 0. 0. 1. 1. 0. 0. 0. 0. 0. 0. 0. 0. 0. 0. 0. 1. 0. 1. 0. 0. 0. 0. 0. 0. 0. 0. 0. 0. 0. 0.],5.0,1000,100,0.01,0.0015,1,5,idID,,best,single_objective
921,0.1598963451427471,0.47649110852538634,0.005785237519,[0.146084 0.       0.       0.146029 0.415558 0.       0.       0.       0.       0.       0.       0.       0.       0.       0.       0.       0.146167 0.       0.146162 0.       0.       0.       0.       0.       0.       0.       0.       0.       0.       0.       0.      ],[1. 0. 0. 1. 1. 0. 0. 0. 0. 0. 0. 0. 0. 0. 0. 0. 1. 0. 1. 0. 0. 0. 0. 0. 0. 0. 0. 0. 0. 0. 0.],5.0,1000,100,0.01,0.0015,1,5,idID,,best,single_objective
922,0.1598963451427471,0.47649110852538634,0.005785237519,[0.146084 0.       0.       0.146029 0.415558 0.       0.       0.       0.       0.       0.       0.       0.       0.       0.       0.       0.146167 0.       0.146162 0.       0.       0.       0.       0.       0.       0.       0.       0.       0.       0.       0.      ],[1. 0. 0. 1. 1. 0. 0. 0. 0. 0. 0. 0. 0. 0. 0. 0. 1. 0. 1. 0. 0. 0. 0. 0. 0. 0. 0. 0. 0. 0. 0.],5.0,1000,100,0.01,0.0015,1,5,idID,,best,single_objective
923,0.1598963451427471,0.47649110852538634,0.005785237519,[0.146084 0.       0.       0.146029 0.415558 0.       0.       0.       0.       0.       0.       0.       0.       0.       0.       0.       0.146167 0.       0.146162 0.       0.       0.       0.       0.       0.       0.       0.       0.       0.       0.       0.      ],[1. 0. 0. 1. 1. 0. 0. 0. 0. 0. 0. 0. 0. 0. 0. 0. 1. 0. 1. 0. 0. 0. 0. 0. 0. 0. 0. 0. 0. 0. 0.],5.0,1000,100,0.01,0.0015,1,5,idID,,best,single_objective
924,0.1598963451427471,0.47649110852538634,0.005785237519,[0.146084 0.       0.       0.146029 0.415558 0.       0.       0.       0.       0.       0.       0.       0.       0.       0.       0.       0.146167 0.       0.146162 0.       0.       0.       0.       0.       0.       0.       0.       0.       0.       0.       0.      ],[1. 0. 0. 1. 1. 0. 0. 0. 0. 0. 0. 0. 0. 0. 0. 0. 1. 0. 1. 0. 0. 0. 0. 0. 0. 0. 0. 0. 0. 0. 0.],5.0,1000,100,0.01,0.0015,1,5,idID,,best,single_objective
925,0.1598963451427471,0.47649110852538634,0.005785237519,[0.146084 0.       0.       0.146029 0.415558 0.       0.       0.       0.       0.       0.       0.       0.       0.       0.       0.       0.146167 0.       0.146162 0.       0.       0.       0.       0.       0.       0.       0.       0.       0.       0.       0.      ],[1. 0. 0. 1. 1. 0. 0. 0. 0. 0. 0. 0. 0. 0. 0. 0. 1. 0. 1. 0. 0. 0. 0. 0. 0. 0. 0. 0. 0. 0. 0.],5.0,1000,100,0.01,0.0015,1,5,idID,,best,single_objective
926,0.1598963451427471,0.47649110852538634,0.005785237519,[0.146084 0.       0.       0.146029 0.415558 0.       0.       0.       0.       0.       0.       0.       0.       0.       0.       0.       0.146167 0.       0.146162 0.       0.       0.       0.       0.       0.       0.       0.       0.       0.       0.       0.      ],[1. 0. 0. 1. 1. 0. 0. 0. 0. 0. 0. 0. 0. 0. 0. 0. 1. 0. 1. 0. 0. 0. 0. 0. 0. 0. 0. 0. 0. 0. 0.],5.0,1000,100,0.01,0.0015,1,5,idID,,best,single_objective
927,0.1598963451427471,0.47649110852538634,0.005785237519,[0.146084 0.       0.       0.146029 0.415558 0.       0.       0.       0.       0.       0.       0.       0.       0.       0.       0.       0.146167 0.       0.146162 0.       0.       0.       0.       0.       0.       0.       0.       0.       0.       0.       0.      ],[1. 0. 0. 1. 1. 0. 0. 0. 0. 0. 0. 0. 0. 0. 0. 0. 1. 0. 1. 0. 0. 0. 0. 0. 0. 0. 0. 0. 0. 0. 0.],5.0,1000,100,0.01,0.0015,1,5,idID,,best,single_objective
928,0.1598963451427471,0.47649110852538634,0.005785237519,[0.146084 0.       0.       0.146029 0.415558 0.       0.       0.       0.       0.       0.       0.       0.       0.       0.       0.       0.146167 0.       0.146162 0.       0.       0.       0.       0.       0.       0.       0.       0.       0.       0.       0.      ],[1. 0. 0. 1. 1. 0. 0. 0. 0. 0. 0. 0. 0. 0. 0. 0. 1. 0. 1. 0. 0. 0. 0. 0. 0. 0. 0. 0. 0. 0. 0.],5.0,1000,100,0.01,0.0015,1,5,idID,,best,single_objective
929,0.1598963451427471,0.47649110852538634,0.005785237519,[0.146084 0.       0.       0.146029 0.415558 0.       0.       0.       0.       0.       0.       0.       0.       0.       0.       0.       0.146167 0.       0.146162 0.       0.       0.       0.       0.       0.       0.       0.       0.       0.       0.       0.      ],[1. 0. 0. 1. 1. 0. 0. 0. 0. 0. 0. 0. 0. 0. 0. 0. 1. 0. 1. 0. 0. 0. 0. 0. 0. 0. 0. 0. 0. 0. 0.],5.0,1000,100,0.01,0.0015,1,5,idID,,best,single_objective
930,0.1598963451427471,0.47649110852538634,0.005785237519,[0.146084 0.       0.       0.146029 0.415558 0.       0.       0.       0.       0.       0.       0.       0.       0.       0.       0.       0.146167 0.       0.146162 0.       0.       0.       0.       0.       0.       0.       0.       0.       0.       0.       0.      ],[1. 0. 0. 1. 1. 0. 0. 0. 0. 0. 0. 0. 0. 0. 0. 0. 1. 0. 1. 0. 0. 0. 0. 0. 0. 0. 0. 0. 0. 0. 0.],5.0,1000,100,0.01,0.0015,1,5,idID,,best,single_objective
931,0.1598963451427471,0.47649110852538634,0.005785237519,[0.146084 0.       0.       0.146029 0.415558 0.       0.       0.       0.       0.       0.       0.       0.       0.       0.       0.       0.146167 0.       0.146162 0.       0.       0.       0.       0.       0.       0.       0.       0.       0.       0.       0.      ],[1. 0. 0. 1. 1. 0. 0. 0. 0. 0. 0. 0. 0. 0. 0. 0. 1. 0. 1. 0. 0. 0. 0. 0. 0. 0. 0. 0. 0. 0. 0.],5.0,1000,100,0.01,0.0015,1,5,idID,,best,single_objective
932,0.1598963451427471,0.47649110852538634,0.005785237519,[0.146084 0.       0.       0.146029 0.415558 0.       0.       0.       0.       0.       0.       0.       0.       0.       0.       0.       0.146167 0.       0.146162 0.       0.       0.       0.       0.       0.       0.       0.       0.       0.       0.       0.      ],[1. 0. 0. 1. 1. 0. 0. 0. 0. 0. 0. 0. 0. 0. 0. 0. 1. 0. 1. 0. 0. 0. 0. 0. 0. 0. 0. 0. 0. 0. 0.],5.0,1000,100,0.01,0.0015,1,5,idID,,best,single_objective
933,0.1598963451427471,0.47649110852538634,0.005785237519,[0.146084 0.       0.       0.146029 0.415558 0.       0.       0.       0.       0.       0.       0.       0.       0.       0.       0.       0.146167 0.       0.146162 0.       0.       0.       0.       0.       0.       0.       0.       0.       0.       0.       0.      ],[1. 0. 0. 1. 1. 0. 0. 0. 0. 0. 0. 0. 0. 0. 0. 0. 1. 0. 1. 0. 0. 0. 0. 0. 0. 0. 0. 0. 0. 0. 0.],5.0,1000,100,0.01,0.0015,1,5,idID,,best,single_objective
934,0.1598963451427471,0.47649110852538634,0.005785237519,[0.146084 0.       0.       0.146029 0.415558 0.       0.       0.       0.       0.       0.       0.       0.       0.       0.       0.       0.146167 0.       0.146162 0.       0.       0.       0.       0.       0.       0.       0.       0.       0.       0.       0.      ],[1. 0. 0. 1. 1. 0. 0. 0. 0. 0. 0. 0. 0. 0. 0. 0. 1. 0. 1. 0. 0. 0. 0. 0. 0. 0. 0. 0. 0. 0. 0.],5.0,1000,100,0.01,0.0015,1,5,idID,,best,single_objective
935,0.1598963451427471,0.47649110852538634,0.005785237519,[0.146084 0.       0.       0.146029 0.415558 0.       0.       0.       0.       0.       0.       0.       0.       0.       0.       0.       0.146167 0.       0.146162 0.       0.       0.       0.       0.       0.       0.       0.       0.       0.       0.       0.      ],[1. 0. 0. 1. 1. 0. 0. 0. 0. 0. 0. 0. 0. 0. 0. 0. 1. 0. 1. 0. 0. 0. 0. 0. 0. 0. 0. 0. 0. 0. 0.],5.0,1000,100,0.01,0.0015,1,5,idID,,best,single_objective
936,0.1598963451427471,0.47649110852538634,0.005785237519,[0.146084 0.       0.       0.146029 0.415558 0.       0.       0.       0.       0.       0.       0.       0.       0.       0.       0.       0.146167 0.       0.146162 0.       0.       0.       0.       0.       0.       0.       0.       0.       0.       0.       0.      ],[1. 0. 0. 1. 1. 0. 0. 0. 0. 0. 0. 0. 0. 0. 0. 0. 1. 0. 1. 0. 0. 0. 0. 0. 0. 0. 0. 0. 0. 0. 0.],5.0,1000,100,0.01,0.0015,1,5,idID,,best,single_objective
937,0.1598963451427471,0.47649110852538634,0.005785237519,[0.146084 0.       0.       0.146029 0.415558 0.       0.       0.       0.       0.       0.       0.       0.       0.       0.       0.       0.146167 0.       0.146162 0.       0.       0.       0.       0.       0.       0.       0.       0.       0.       0.       0.      ],[1. 0. 0. 1. 1. 0. 0. 0. 0. 0. 0. 0. 0. 0. 0. 0. 1. 0. 1. 0. 0. 0. 0. 0. 0. 0. 0. 0. 0. 0. 0.],5.0,1000,100,0.01,0.0015,1,5,idID,,best,single_objective
938,0.1598963451427471,0.47649110852538634,0.005785237519,[0.146084 0.       0.       0.146029 0.415558 0.       0.       0.       0.       0.       0.       0.       0.       0.       0.       0.       0.146167 0.       0.146162 0.       0.       0.       0.       0.       0.       0.       0.       0.       0.       0.       0.      ],[1. 0. 0. 1. 1. 0. 0. 0. 0. 0. 0. 0. 0. 0. 0. 0. 1. 0. 1. 0. 0. 0. 0. 0. 0. 0. 0. 0. 0. 0. 0.],5.0,1000,100,0.01,0.0015,1,5,idID,,best,single_objective
939,0.1598963451427471,0.47649110852538634,0.005785237519,[0.146084 0.       0.       0.146029 0.415558 0.       0.       0.       0.       0.       0.       0.       0.       0.       0.       0.       0.146167 0.       0.146162 0.       0.       0.       0.       0.       0.       0.       0.       0.       0.       0.       0.      ],[1. 0. 0. 1. 1. 0. 0. 0. 0. 0. 0. 0. 0. 0. 0. 0. 1. 0. 1. 0. 0. 0. 0. 0. 0. 0. 0. 0. 0. 0. 0.],5.0,1000,100,0.01,0.0015,1,5,idID,,best,single_objective
940,0.1598963451427471,0.47649110852538634,0.005785237519,[0.146084 0.       0.       0.146029 0.415558 0.       0.       0.       0.       0.       0.       0.       0.       0.       0.       0.       0.146167 0.       0.146162 0.       0.       0.       0.       0.       0.       0.       0.       0.       0.       0.       0.      ],[1. 0. 0. 1. 1. 0. 0. 0. 0. 0. 0. 0. 0. 0. 0. 0. 1. 0. 1. 0. 0. 0. 0. 0. 0. 0. 0. 0. 0. 0. 0.],5.0,1000,100,0.01,0.0015,1,5,idID,,best,single_objective
941,0.1598963451427471,0.47649110852538634,0.005785237519,[0.146084 0.       0.       0.146029 0.415558 0.       0.       0.       0.       0.       0.       0.       0.       0.       0.       0.       0.146167 0.       0.146162 0.       0.       0.       0.       0.       0.       0.       0.       0.       0.       0.       0.      ],[1. 0. 0. 1. 1. 0. 0. 0. 0. 0. 0. 0. 0. 0. 0. 0. 1. 0. 1. 0. 0. 0. 0. 0. 0. 0. 0. 0. 0. 0. 0.],5.0,1000,100,0.01,0.0015,1,5,idID,,best,single_objective
942,0.1598963451427471,0.47649110852538634,0.005785237519,[0.146084 0.       0.       0.146029 0.415558 0.       0.       0.       0.       0.       0.       0.       0.       0.       0.       0.       0.146167 0.       0.146162 0.       0.       0.       0.       0.       0.       0.       0.       0.       0.       0.       0.      ],[1. 0. 0. 1. 1. 0. 0. 0. 0. 0. 0. 0. 0. 0. 0. 0. 1. 0. 1. 0. 0. 0. 0. 0. 0. 0. 0. 0. 0. 0. 0.],5.0,1000,100,0.01,0.0015,1,5,idID,,best,single_objective
943,0.1598963451427471,0.47649110852538634,0.005785237519,[0.146084 0.       0.       0.146029 0.415558 0.       0.       0.       0.       0.       0.       0.       0.       0.       0.       0.       0.146167 0.       0.146162 0.       0.       0.       0.       0.       0.       0.       0.       0.       0.       0.       0.      ],[1. 0. 0. 1. 1. 0. 0. 0. 0. 0. 0. 0. 0. 0. 0. 0. 1. 0. 1. 0. 0. 0. 0. 0. 0. 0. 0. 0. 0. 0. 0.],5.0,1000,100,0.01,0.0015,1,5,idID,,best,single_objective
944,0.1598963451427471,0.47649110852538634,0.005785237519,[0.146084 0.       0.       0.146029 0.415558 0.       0.       0.       0.       0.       0.       0.       0.       0.       0.       0.       0.146167 0.       0.146162 0.       0.       0.       0.       0.       0.       0.       0.       0.       0.       0.       0.      ],[1. 0. 0. 1. 1. 0. 0. 0. 0. 0. 0. 0. 0. 0. 0. 0. 1. 0. 1. 0. 0. 0. 0. 0. 0. 0. 0. 0. 0. 0. 0.],5.0,1000,100,0.01,0.0015,1,5,idID,,best,single_objective
945,0.1598963451427471,0.47649110852538634,0.005785237519,[0.146084 0.       0.       0.146029 0.415558 0.       0.       0.       0.       0.       0.       0.       0.       0.       0.       0.       0.146167 0.       0.146162 0.       0.       0.       0.       0.       0.       0.       0.       0.       0.       0.       0.      ],[1. 0. 0. 1. 1. 0. 0. 0. 0. 0. 0. 0. 0. 0. 0. 0. 1. 0. 1. 0. 0. 0. 0. 0. 0. 0. 0. 0. 0. 0. 0.],5.0,1000,100,0.01,0.0015,1,5,idID,,best,single_objective
946,0.1598963451427471,0.47649110852538634,0.005785237519,[0.146084 0.       0.       0.146029 0.415558 0.       0.       0.       0.       0.       0.       0.       0.       0.       0.       0.       0.146167 0.       0.146162 0.       0.       0.       0.       0.       0.       0.       0.       0.       0.       0.       0.      ],[1. 0. 0. 1. 1. 0. 0. 0. 0. 0. 0. 0. 0. 0. 0. 0. 1. 0. 1. 0. 0. 0. 0. 0. 0. 0. 0. 0. 0. 0. 0.],5.0,1000,100,0.01,0.0015,1,5,idID,,best,single_objective
947,0.1598963451427471,0.47649110852538634,0.005785237519,[0.146084 0.       0.       0.146029 0.415558 0.       0.       0.       0.       0.       0.       0.       0.       0.       0.       0.       0.146167 0.       0.146162 0.       0.       0.       0.       0.       0.       0.       0.       0.       0.       0.       0.      ],[1. 0. 0. 1. 1. 0. 0. 0. 0. 0. 0. 0. 0. 0. 0. 0. 1. 0. 1. 0. 0. 0. 0. 0. 0. 0. 0. 0. 0. 0. 0.],5.0,1000,100,0.01,0.0015,1,5,idID,,best,single_objective
948,0.1598963451427471,0.47649110852538634,0.005785237519,[0.146084 0.       0.       0.146029 0.415558 0.       0.       0.       0.       0.       0.       0.       0.       0.       0.       0.       0.146167 0.       0.146162 0.       0.       0.       0.       0.       0.       0.       0.       0.       0.       0.       0.      ],[1. 0. 0. 1. 1. 0. 0. 0. 0. 0. 0. 0. 0. 0. 0. 0. 1. 0. 1. 0. 0. 0. 0. 0. 0. 0. 0. 0. 0. 0. 0.],5.0,1000,100,0.01,0.0015,1,5,idID,,best,single_objective
949,0.1598963451427471,0.47649110852538634,0.005785237519,[0.146084 0.       0.       0.146029 0.415558 0.       0.       0.       0.       0.       0.       0.       0.       0.       0.       0.       0.146167 0.       0.146162 0.       0.       0.       0.       0.       0.       0.       0.       0.       0.       0.       0.      ],[1. 0. 0. 1. 1. 0. 0. 0. 0. 0. 0. 0. 0. 0. 0. 0. 1. 0. 1. 0. 0. 0. 0. 0. 0. 0. 0. 0. 0. 0. 0.],5.0,1000,100,0.01,0.0015,1,5,idID,,best,single_objective
950,0.1598963451427471,0.47649110852538634,0.005785237519,[0.146084 0.       0.       0.146029 0.415558 0.       0.       0.       0.       0.       0.       0.       0.       0.       0.       0.       0.146167 0.       0.146162 0.       0.       0.       0.       0.       0.       0.       0.       0.       0.       0.       0.      ],[1. 0. 0. 1. 1. 0. 0. 0. 0. 0. 0. 0. 0. 0. 0. 0. 1. 0. 1. 0. 0. 0. 0. 0. 0. 0. 0. 0. 0. 0. 0.],5.0,1000,100,0.01,0.0015,1,5,idID,,best,single_objective
951,0.1598963451427471,0.47649110852538634,0.005785237519,[0.146084 0.       0.       0.146029 0.415558 0.       0.       0.       0.       0.       0.       0.       0.       0.       0.       0.       0.146167 0.       0.146162 0.       0.       0.       0.       0.       0.       0.       0.       0.       0.       0.       0.      ],[1. 0. 0. 1. 1. 0. 0. 0. 0. 0. 0. 0. 0. 0. 0. 0. 1. 0. 1. 0. 0. 0. 0. 0. 0. 0. 0. 0. 0. 0. 0.],5.0,1000,100,0.01,0.0015,1,5,idID,,best,single_objective
952,0.1598963451427471,0.47649110852538634,0.005785237519,[0.146084 0.       0.       0.146029 0.415558 0.       0.       0.       0.       0.       0.       0.       0.       0.       0.       0.       0.146167 0.       0.146162 0.       0.       0.       0.       0.       0.       0.       0.       0.       0.       0.       0.      ],[1. 0. 0. 1. 1. 0. 0. 0. 0. 0. 0. 0. 0. 0. 0. 0. 1. 0. 1. 0. 0. 0. 0. 0. 0. 0. 0. 0. 0. 0. 0.],5.0,1000,100,0.01,0.0015,1,5,idID,,best,single_objective
953,0.1598963451427471,0.47649110852538634,0.005785237519,[0.146084 0.       0.       0.146029 0.415558 0.       0.       0.       0.       0.       0.       0.       0.       0.       0.       0.       0.146167 0.       0.146162 0.       0.       0.       0.       0.       0.       0.       0.       0.       0.       0.       0.      ],[1. 0. 0. 1. 1. 0. 0. 0. 0. 0. 0. 0. 0. 0. 0. 0. 1. 0. 1. 0. 0. 0. 0. 0. 0. 0. 0. 0. 0. 0. 0.],5.0,1000,100,0.01,0.0015,1,5,idID,,best,single_objective
954,0.1598963451427471,0.47649110852538634,0.005785237519,[0.146084 0.       0.       0.146029 0.415558 0.       0.       0.       0.       0.       0.       0.       0.       0.       0.       0.       0.146167 0.       0.146162 0.       0.       0.       0.       0.       0.       0.       0.       0.       0.       0.       0.      ],[1. 0. 0. 1. 1. 0. 0. 0. 0. 0. 0. 0. 0. 0. 0. 0. 1. 0. 1. 0. 0. 0. 0. 0. 0. 0. 0. 0. 0. 0. 0.],5.0,1000,100,0.01,0.0015,1,5,idID,,best,single_objective
955,0.1598963451427471,0.47649110852538634,0.005785237519,[0.146084 0.       0.       0.146029 0.415558 0.       0.       0.       0.       0.       0.       0.       0.       0.       0.       0.       0.146167 0.       0.146162 0.       0.       0.       0.       0.       0.       0.       0.       0.       0.       0.       0.      ],[1. 0. 0. 1. 1. 0. 0. 0. 0. 0. 0. 0. 0. 0. 0. 0. 1. 0. 1. 0. 0. 0. 0. 0. 0. 0. 0. 0. 0. 0. 0.],5.0,1000,100,0.01,0.0015,1,5,idID,,best,single_objective
956,0.1598963451427471,0.47649110852538634,0.005785237519,[0.146084 0.       0.       0.146029 0.415558 0.       0.       0.       0.       0.       0.       0.       0.       0.       0.       0.       0.146167 0.       0.146162 0.       0.       0.       0.       0.       0.       0.       0.       0.       0.       0.       0.      ],[1. 0. 0. 1. 1. 0. 0. 0. 0. 0. 0. 0. 0. 0. 0. 0. 1. 0. 1. 0. 0. 0. 0. 0. 0. 0. 0. 0. 0. 0. 0.],5.0,1000,100,0.01,0.0015,1,5,idID,,best,single_objective
957,0.1598963451427471,0.47649110852538634,0.005785237519,[0.146084 0.       0.       0.146029 0.415558 0.       0.       0.       0.       0.       0.       0.       0.       0.       0.       0.       0.146167 0.       0.146162 0.       0.       0.       0.       0.       0.       0.       0.       0.       0.       0.       0.      ],[1. 0. 0. 1. 1. 0. 0. 0. 0. 0. 0. 0. 0. 0. 0. 0. 1. 0. 1. 0. 0. 0. 0. 0. 0. 0. 0. 0. 0. 0. 0.],5.0,1000,100,0.01,0.0015,1,5,idID,,best,single_objective
958,0.1598963451427471,0.47649110852538634,0.005785237519,[0.146084 0.       0.       0.146029 0.415558 0.       0.       0.       0.       0.       0.       0.       0.       0.       0.       0.       0.146167 0.       0.146162 0.       0.       0.       0.       0.       0.       0.       0.       0.       0.       0.       0.      ],[1. 0. 0. 1. 1. 0. 0. 0. 0. 0. 0. 0. 0. 0. 0. 0. 1. 0. 1. 0. 0. 0. 0. 0. 0. 0. 0. 0. 0. 0. 0.],5.0,1000,100,0.01,0.0015,1,5,idID,,best,single_objective
959,0.1598963451427471,0.47649110852538634,0.005785237519,[0.146084 0.       0.       0.146029 0.415558 0.       0.       0.       0.       0.       0.       0.       0.       0.       0.       0.       0.146167 0.       0.146162 0.       0.       0.       0.       0.       0.       0.       0.       0.       0.       0.       0.      ],[1. 0. 0. 1. 1. 0. 0. 0. 0. 0. 0. 0. 0. 0. 0. 0. 1. 0. 1. 0. 0. 0. 0. 0. 0. 0. 0. 0. 0. 0. 0.],5.0,1000,100,0.01,0.0015,1,5,idID,,best,single_objective
960,0.1598963451427471,0.47649110852538634,0.005785237519,[0.146084 0.       0.       0.146029 0.415558 0.       0.       0.       0.       0.       0.       0.       0.       0.       0.       0.       0.146167 0.       0.146162 0.       0.       0.       0.       0.       0.       0.       0.       0.       0.       0.       0.      ],[1. 0. 0. 1. 1. 0. 0. 0. 0. 0. 0. 0. 0. 0. 0. 0. 1. 0. 1. 0. 0. 0. 0. 0. 0. 0. 0. 0. 0. 0. 0.],5.0,1000,100,0.01,0.0015,1,5,idID,,best,single_objective
961,0.1598963451427471,0.47649110852538634,0.005785237519,[0.146084 0.       0.       0.146029 0.415558 0.       0.       0.       0.       0.       0.       0.       0.       0.       0.       0.       0.146167 0.       0.146162 0.       0.       0.       0.       0.       0.       0.       0.       0.       0.       0.       0.      ],[1. 0. 0. 1. 1. 0. 0. 0. 0. 0. 0. 0. 0. 0. 0. 0. 1. 0. 1. 0. 0. 0. 0. 0. 0. 0. 0. 0. 0. 0. 0.],5.0,1000,100,0.01,0.0015,1,5,idID,,best,single_objective
962,0.1598963451427471,0.47649110852538634,0.005785237519,[0.146084 0.       0.       0.146029 0.415558 0.       0.       0.       0.       0.       0.       0.       0.       0.       0.       0.       0.146167 0.       0.146162 0.       0.       0.       0.       0.       0.       0.       0.       0.       0.       0.       0.      ],[1. 0. 0. 1. 1. 0. 0. 0. 0. 0. 0. 0. 0. 0. 0. 0. 1. 0. 1. 0. 0. 0. 0. 0. 0. 0. 0. 0. 0. 0. 0.],5.0,1000,100,0.01,0.0015,1,5,idID,,best,single_objective
963,0.1598963451427471,0.47649110852538634,0.005785237519,[0.146084 0.       0.       0.146029 0.415558 0.       0.       0.       0.       0.       0.       0.       0.       0.       0.       0.       0.146167 0.       0.146162 0.       0.       0.       0.       0.       0.       0.       0.       0.       0.       0.       0.      ],[1. 0. 0. 1. 1. 0. 0. 0. 0. 0. 0. 0. 0. 0. 0. 0. 1. 0. 1. 0. 0. 0. 0. 0. 0. 0. 0. 0. 0. 0. 0.],5.0,1000,100,0.01,0.0015,1,5,idID,,best,single_objective
964,0.1598963451427471,0.47649110852538634,0.005785237519,[0.146084 0.       0.       0.146029 0.415558 0.       0.       0.       0.       0.       0.       0.       0.       0.       0.       0.       0.146167 0.       0.146162 0.       0.       0.       0.       0.       0.       0.       0.       0.       0.       0.       0.      ],[1. 0. 0. 1. 1. 0. 0. 0. 0. 0. 0. 0. 0. 0. 0. 0. 1. 0. 1. 0. 0. 0. 0. 0. 0. 0. 0. 0. 0. 0. 0.],5.0,1000,100,0.01,0.0015,1,5,idID,,best,single_objective
965,0.1598963451427471,0.47649110852538634,0.005785237519,[0.146084 0.       0.       0.146029 0.415558 0.       0.       0.       0.       0.       0.       0.       0.       0.       0.       0.       0.146167 0.       0.146162 0.       0.       0.       0.       0.       0.       0.       0.       0.       0.       0.       0.      ],[1. 0. 0. 1. 1. 0. 0. 0. 0. 0. 0. 0. 0. 0. 0. 0. 1. 0. 1. 0. 0. 0. 0. 0. 0. 0. 0. 0. 0. 0. 0.],5.0,1000,100,0.01,0.0015,1,5,idID,,best,single_objective
966,0.1598963451427471,0.47649110852538634,0.005785237519,[0.146084 0.       0.       0.146029 0.415558 0.       0.       0.       0.       0.       0.       0.       0.       0.       0.       0.       0.146167 0.       0.146162 0.       0.       0.       0.       0.       0.       0.       0.       0.       0.       0.       0.      ],[1. 0. 0. 1. 1. 0. 0. 0. 0. 0. 0. 0. 0. 0. 0. 0. 1. 0. 1. 0. 0. 0. 0. 0. 0. 0. 0. 0. 0. 0. 0.],5.0,1000,100,0.01,0.0015,1,5,idID,,best,single_objective
967,0.1598963451427471,0.47649110852538634,0.005785237519,[0.146084 0.       0.       0.146029 0.415558 0.       0.       0.       0.       0.       0.       0.       0.       0.       0.       0.       0.146167 0.       0.146162 0.       0.       0.       0.       0.       0.       0.       0.       0.       0.       0.       0.      ],[1. 0. 0. 1. 1. 0. 0. 0. 0. 0. 0. 0. 0. 0. 0. 0. 1. 0. 1. 0. 0. 0. 0. 0. 0. 0. 0. 0. 0. 0. 0.],5.0,1000,100,0.01,0.0015,1,5,idID,,best,single_objective
968,0.1598963451427471,0.47649110852538634,0.005785237519,[0.146084 0.       0.       0.146029 0.415558 0.       0.       0.       0.       0.       0.       0.       0.       0.       0.       0.       0.146167 0.       0.146162 0.       0.       0.       0.       0.       0.       0.       0.       0.       0.       0.       0.      ],[1. 0. 0. 1. 1. 0. 0. 0. 0. 0. 0. 0. 0. 0. 0. 0. 1. 0. 1. 0. 0. 0. 0. 0. 0. 0. 0. 0. 0. 0. 0.],5.0,1000,100,0.01,0.0015,1,5,idID,,best,single_objective
969,0.1598963451427471,0.47649110852538634,0.005785237519,[0.146084 0.       0.       0.146029 0.415558 0.       0.       0.       0.       0.       0.       0.       0.       0.       0.       0.       0.146167 0.       0.146162 0.       0.       0.       0.       0.       0.       0.       0.       0.       0.       0.       0.      ],[1. 0. 0. 1. 1. 0. 0. 0. 0. 0. 0. 0. 0. 0. 0. 0. 1. 0. 1. 0. 0. 0. 0. 0. 0. 0. 0. 0. 0. 0. 0.],5.0,1000,100,0.01,0.0015,1,5,idID,,best,single_objective
970,0.1598963451427471,0.47649110852538634,0.005785237519,[0.146084 0.       0.       0.146029 0.415558 0.       0.       0.       0.       0.       0.       0.       0.       0.       0.       0.       0.146167 0.       0.146162 0.       0.       0.       0.       0.       0.       0.       0.       0.       0.       0.       0.      ],[1. 0. 0. 1. 1. 0. 0. 0. 0. 0. 0. 0. 0. 0. 0. 0. 1. 0. 1. 0. 0. 0. 0. 0. 0. 0. 0. 0. 0. 0. 0.],5.0,1000,100,0.01,0.0015,1,5,idID,,best,single_objective
971,0.1598963451427471,0.47649110852538634,0.005785237519,[0.146084 0.       0.       0.146029 0.415558 0.       0.       0.       0.       0.       0.       0.       0.       0.       0.       0.       0.146167 0.       0.146162 0.       0.       0.       0.       0.       0.       0.       0.       0.       0.       0.       0.      ],[1. 0. 0. 1. 1. 0. 0. 0. 0. 0. 0. 0. 0. 0. 0. 0. 1. 0. 1. 0. 0. 0. 0. 0. 0. 0. 0. 0. 0. 0. 0.],5.0,1000,100,0.01,0.0015,1,5,idID,,best,single_objective
972,0.1598963451427471,0.47649110852538634,0.005785237519,[0.146084 0.       0.       0.146029 0.415558 0.       0.       0.       0.       0.       0.       0.       0.       0.       0.       0.       0.146167 0.       0.146162 0.       0.       0.       0.       0.       0.       0.       0.       0.       0.       0.       0.      ],[1. 0. 0. 1. 1. 0. 0. 0. 0. 0. 0. 0. 0. 0. 0. 0. 1. 0. 1. 0. 0. 0. 0. 0. 0. 0. 0. 0. 0. 0. 0.],5.0,1000,100,0.01,0.0015,1,5,idID,,best,single_objective
973,0.1598963451427471,0.47649110852538634,0.005785237519,[0.146084 0.       0.       0.146029 0.415558 0.       0.       0.       0.       0.       0.       0.       0.       0.       0.       0.       0.146167 0.       0.146162 0.       0.       0.       0.       0.       0.       0.       0.       0.       0.       0.       0.      ],[1. 0. 0. 1. 1. 0. 0. 0. 0. 0. 0. 0. 0. 0. 0. 0. 1. 0. 1. 0. 0. 0. 0. 0. 0. 0. 0. 0. 0. 0. 0.],5.0,1000,100,0.01,0.0015,1,5,idID,,best,single_objective
974,0.1598963451427471,0.47649110852538634,0.005785237519,[0.146084 0.       0.       0.146029 0.415558 0.       0.       0.       0.       0.       0.       0.       0.       0.       0.       0.       0.146167 0.       0.146162 0.       0.       0.       0.       0.       0.       0.       0.       0.       0.       0.       0.      ],[1. 0. 0. 1. 1. 0. 0. 0. 0. 0. 0. 0. 0. 0. 0. 0. 1. 0. 1. 0. 0. 0. 0. 0. 0. 0. 0. 0. 0. 0. 0.],5.0,1000,100,0.01,0.0015,1,5,idID,,best,single_objective
975,0.1598963451427471,0.47649110852538634,0.005785237519,[0.146084 0.       0.       0.146029 0.415558 0.       0.       0.       0.       0.       0.       0.       0.       0.       0.       0.       0.146167 0.       0.146162 0.       0.       0.       0.       0.       0.       0.       0.       0.       0.       0.       0.      ],[1. 0. 0. 1. 1. 0. 0. 0. 0. 0. 0. 0. 0. 0. 0. 0. 1. 0. 1. 0. 0. 0. 0. 0. 0. 0. 0. 0. 0. 0. 0.],5.0,1000,100,0.01,0.0015,1,5,idID,,best,single_objective
976,0.1598963451427471,0.47649110852538634,0.005785237519,[0.146084 0.       0.       0.146029 0.415558 0.       0.       0.       0.       0.       0.       0.       0.       0.       0.       0.       0.146167 0.       0.146162 0.       0.       0.       0.       0.       0.       0.       0.       0.       0.       0.       0.      ],[1. 0. 0. 1. 1. 0. 0. 0. 0. 0. 0. 0. 0. 0. 0. 0. 1. 0. 1. 0. 0. 0. 0. 0. 0. 0. 0. 0. 0. 0. 0.],5.0,1000,100,0.01,0.0015,1,5,idID,,best,single_objective
977,0.1598963451427471,0.47649110852538634,0.005785237519,[0.146084 0.       0.       0.146029 0.415558 0.       0.       0.       0.       0.       0.       0.       0.       0.       0.       0.       0.146167 0.       0.146162 0.       0.       0.       0.       0.       0.       0.       0.       0.       0.       0.       0.      ],[1. 0. 0. 1. 1. 0. 0. 0. 0. 0. 0. 0. 0. 0. 0. 0. 1. 0. 1. 0. 0. 0. 0. 0. 0. 0. 0. 0. 0. 0. 0.],5.0,1000,100,0.01,0.0015,1,5,idID,,best,single_objective
978,0.1598963451427471,0.47649110852538634,0.005785237519,[0.146084 0.       0.       0.146029 0.415558 0.       0.       0.       0.       0.       0.       0.       0.       0.       0.       0.       0.146167 0.       0.146162 0.       0.       0.       0.       0.       0.       0.       0.       0.       0.       0.       0.      ],[1. 0. 0. 1. 1. 0. 0. 0. 0. 0. 0. 0. 0. 0. 0. 0. 1. 0. 1. 0. 0. 0. 0. 0. 0. 0. 0. 0. 0. 0. 0.],5.0,1000,100,0.01,0.0015,1,5,idID,,best,single_objective
979,0.1598963451427471,0.47649110852538634,0.005785237519,[0.146084 0.       0.       0.146029 0.415558 0.       0.       0.       0.       0.       0.       0.       0.       0.       0.       0.       0.146167 0.       0.146162 0.       0.       0.       0.       0.       0.       0.       0.       0.       0.       0.       0.      ],[1. 0. 0. 1. 1. 0. 0. 0. 0. 0. 0. 0. 0. 0. 0. 0. 1. 0. 1. 0. 0. 0. 0. 0. 0. 0. 0. 0. 0. 0. 0.],5.0,1000,100,0.01,0.0015,1,5,idID,,best,single_objective
980,0.1598963451427471,0.47649110852538634,0.005785237519,[0.146084 0.       0.       0.146029 0.415558 0.       0.       0.       0.       0.       0.       0.       0.       0.       0.       0.       0.146167 0.       0.146162 0.       0.       0.       0.       0.       0.       0.       0.       0.       0.       0.       0.      ],[1. 0. 0. 1. 1. 0. 0. 0. 0. 0. 0. 0. 0. 0. 0. 0. 1. 0. 1. 0. 0. 0. 0. 0. 0. 0. 0. 0. 0. 0. 0.],5.0,1000,100,0.01,0.0015,1,5,idID,,best,single_objective
981,0.1598963451427471,0.47649110852538634,0.005785237519,[0.146084 0.       0.       0.146029 0.415558 0.       0.       0.       0.       0.       0.       0.       0.       0.       0.       0.       0.146167 0.       0.146162 0.       0.       0.       0.       0.       0.       0.       0.       0.       0.       0.       0.      ],[1. 0. 0. 1. 1. 0. 0. 0. 0. 0. 0. 0. 0. 0. 0. 0. 1. 0. 1. 0. 0. 0. 0. 0. 0. 0. 0. 0. 0. 0. 0.],5.0,1000,100,0.01,0.0015,1,5,idID,,best,single_objective
982,0.1598963451427471,0.47649110852538634,0.005785237519,[0.146084 0.       0.       0.146029 0.415558 0.       0.       0.       0.       0.       0.       0.       0.       0.       0.       0.       0.146167 0.       0.146162 0.       0.       0.       0.       0.       0.       0.       0.       0.       0.       0.       0.      ],[1. 0. 0. 1. 1. 0. 0. 0. 0. 0. 0. 0. 0. 0. 0. 0. 1. 0. 1. 0. 0. 0. 0. 0. 0. 0. 0. 0. 0. 0. 0.],5.0,1000,100,0.01,0.0015,1,5,idID,,best,single_objective
983,0.1598963451427471,0.47649110852538634,0.005785237519,[0.146084 0.       0.       0.146029 0.415558 0.       0.       0.       0.       0.       0.       0.       0.       0.       0.       0.       0.146167 0.       0.146162 0.       0.       0.       0.       0.       0.       0.       0.       0.       0.       0.       0.      ],[1. 0. 0. 1. 1. 0. 0. 0. 0. 0. 0. 0. 0. 0. 0. 0. 1. 0. 1. 0. 0. 0. 0. 0. 0. 0. 0. 0. 0. 0. 0.],5.0,1000,100,0.01,0.0015,1,5,idID,,best,single_objective
984,0.1598963451427471,0.47649110852538634,0.005785237519,[0.146084 0.       0.       0.146029 0.415558 0.       0.       0.       0.       0.       0.       0.       0.       0.       0.       0.       0.146167 0.       0.146162 0.       0.       0.       0.       0.       0.       0.       0.       0.       0.       0.       0.      ],[1. 0. 0. 1. 1. 0. 0. 0. 0. 0. 0. 0. 0. 0. 0. 0. 1. 0. 1. 0. 0. 0. 0. 0. 0. 0. 0. 0. 0. 0. 0.],5.0,1000,100,0.01,0.0015,1,5,idID,,best,single_objective
985,0.1598963451427471,0.47649110852538634,0.005785237519,[0.146084 0.       0.       0.146029 0.415558 0.       0.       0.       0.       0.       0.       0.       0.       0.       0.       0.       0.146167 0.       0.146162 0.       0.       0.       0.       0.       0.       0.       0.       0.       0.       0.       0.      ],[1. 0. 0. 1. 1. 0. 0. 0. 0. 0. 0. 0. 0. 0. 0. 0. 1. 0. 1. 0. 0. 0. 0. 0. 0. 0. 0. 0. 0. 0. 0.],5.0,1000,100,0.01,0.0015,1,5,idID,,best,single_objective
986,0.1598963451427471,0.47649110852538634,0.005785237519,[0.146084 0.       0.       0.146029 0.415558 0.       0.       0.       0.       0.       0.       0.       0.       0.       0.       0.       0.146167 0.       0.146162 0.       0.       0.       0.       0.       0.       0.       0.       0.       0.       0.       0.      ],[1. 0. 0. 1. 1. 0. 0. 0. 0. 0. 0. 0. 0. 0. 0. 0. 1. 0. 1. 0. 0. 0. 0. 0. 0. 0. 0. 0. 0. 0. 0.],5.0,1000,100,0.01,0.0015,1,5,idID,,best,single_objective
987,0.1598963451427471,0.47649110852538634,0.005785237519,[0.146084 0.       0.       0.146029 0.415558 0.       0.       0.       0.       0.       0.       0.       0.       0.       0.       0.       0.146167 0.       0.146162 0.       0.       0.       0.       0.       0.       0.       0.       0.       0.       0.       0.      ],[1. 0. 0. 1. 1. 0. 0. 0. 0. 0. 0. 0. 0. 0. 0. 0. 1. 0. 1. 0. 0. 0. 0. 0. 0. 0. 0. 0. 0. 0. 0.],5.0,1000,100,0.01,0.0015,1,5,idID,,best,single_objective
988,0.1598963451427471,0.47649110852538634,0.005785237519,[0.146084 0.       0.       0.146029 0.415558 0.       0.       0.       0.       0.       0.       0.       0.       0.       0.       0.       0.146167 0.       0.146162 0.       0.       0.       0.       0.       0.       0.       0.       0.       0.       0.       0.      ],[1. 0. 0. 1. 1. 0. 0. 0. 0. 0. 0. 0. 0. 0. 0. 0. 1. 0. 1. 0. 0. 0. 0. 0. 0. 0. 0. 0. 0. 0. 0.],5.0,1000,100,0.01,0.0015,1,5,idID,,best,single_objective
989,0.1598963451427471,0.47649110852538634,0.005785237519,[0.146084 0.       0.       0.146029 0.415558 0.       0.       0.       0.       0.       0.       0.       0.       0.       0.       0.       0.146167 0.       0.146162 0.       0.       0.       0.       0.       0.       0.       0.       0.       0.       0.       0.      ],[1. 0. 0. 1. 1. 0. 0. 0. 0. 0. 0. 0. 0. 0. 0. 0. 1. 0. 1. 0. 0. 0. 0. 0. 0. 0. 0. 0. 0. 0. 0.],5.0,1000,100,0.01,0.0015,1,5,idID,,best,single_objective
990,0.1598963451427471,0.47649110852538634,0.005785237519,[0.146084 0.       0.       0.146029 0.415558 0.       0.       0.       0.       0.       0.       0.       0.       0.       0.       0.       0.146167 0.       0.146162 0.       0.       0.       0.       0.       0.       0.       0.       0.       0.       0.       0.      ],[1. 0. 0. 1. 1. 0. 0. 0. 0. 0. 0. 0. 0. 0. 0. 0. 1. 0. 1. 0. 0. 0. 0. 0. 0. 0. 0. 0. 0. 0. 0.],5.0,1000,100,0.01,0.0015,1,5,idID,,best,single_objective
991,0.1598963451427471,0.47649110852538634,0.005785237519,[0.146084 0.       0.       0.146029 0.415558 0.       0.       0.       0.       0.       0.       0.       0.       0.       0.       0.       0.146167 0.       0.146162 0.       0.       0.       0.       0.       0.       0.       0.       0.       0.       0.       0.      ],[1. 0. 0. 1. 1. 0. 0. 0. 0. 0. 0. 0. 0. 0. 0. 0. 1. 0. 1. 0. 0. 0. 0. 0. 0. 0. 0. 0. 0. 0. 0.],5.0,1000,100,0.01,0.0015,1,5,idID,,best,single_objective
992,0.1598963451427471,0.47649110852538634,0.005785237519,[0.146084 0.       0.       0.146029 0.415558 0.       0.       0.       0.       0.       0.       0.       0.       0.       0.       0.       0.146167 0.       0.146162 0.       0.       0.       0.       0.       0.       0.       0.       0.       0.       0.       0.      ],[1. 0. 0. 1. 1. 0. 0. 0. 0. 0. 0. 0. 0. 0. 0. 0. 1. 0. 1. 0. 0. 0. 0. 0. 0. 0. 0. 0. 0. 0. 0.],5.0,1000,100,0.01,0.0015,1,5,idID,,best,single_objective
993,0.1598963451427471,0.47649110852538634,0.005785237519,[0.146084 0.       0.       0.146029 0.415558 0.       0.       0.       0.       0.       0.       0.       0.       0.       0.       0.       0.146167 0.       0.146162 0.       0.       0.       0.       0.       0.       0.       0.       0.       0.       0.       0.      ],[1. 0. 0. 1. 1. 0. 0. 0. 0. 0. 0. 0. 0. 0. 0. 0. 1. 0. 1. 0. 0. 0. 0. 0. 0. 0. 0. 0. 0. 0. 0.],5.0,1000,100,0.01,0.0015,1,5,idID,,best,single_objective
994,0.1598963451427471,0.47649110852538634,0.005785237519,[0.146084 0.       0.       0.146029 0.415558 0.       0.       0.       0.       0.       0.       0.       0.       0.       0.       0.       0.146167 0.       0.146162 0.       0.       0.       0.       0.       0.       0.       0.       0.       0.       0.       0.      ],[1. 0. 0. 1. 1. 0. 0. 0. 0. 0. 0. 0. 0. 0. 0. 0. 1. 0. 1. 0. 0. 0. 0. 0. 0. 0. 0. 0. 0. 0. 0.],5.0,1000,100,0.01,0.0015,1,5,idID,,best,single_objective
995,0.1598963451427471,0.47649110852538634,0.005785237519,[0.146084 0.       0.       0.146029 0.415558 0.       0.       0.       0.       0.       0.       0.       0.       0.       0.       0.       0.146167 0.       0.146162 0.       0.       0.       0.       0.       0.       0.       0.       0.       0.       0.       0.      ],[1. 0. 0. 1. 1. 0. 0. 0. 0. 0. 0. 0. 0. 0. 0. 0. 1. 0. 1. 0. 0. 0. 0. 0. 0. 0. 0. 0. 0. 0. 0.],5.0,1000,100,0.01,0.0015,1,5,idID,,best,single_objective
996,0.1598963451427471,0.47649110852538634,0.005785237519,[0.146084 0.       0.       0.146029 0.415558 0.       0.       0.       0.       0.       0.       0.       0.       0.       0.       0.       0.146167 0.       0.146162 0.       0.       0.       0.       0.       0.       0.       0.       0.       0.       0.       0.      ],[1. 0. 0. 1. 1. 0. 0. 0. 0. 0. 0. 0. 0. 0. 0. 0. 1. 0. 1. 0. 0. 0. 0. 0. 0. 0. 0. 0. 0. 0. 0.],5.0,1000,100,0.01,0.0015,1,5,idID,,best,single_objective
997,0.1598963451427471,0.47649110852538634,0.005785237519,[0.146084 0.       0.       0.146029 0.415558 0.       0.       0.       0.       0.       0.       0.       0.       0.       0.       0.       0.146167 0.       0.146162 0.       0.       0.       0.       0.       0.       0.       0.       0.       0.       0.       0.      ],[1. 0. 0. 1. 1. 0. 0. 0. 0. 0. 0. 0. 0. 0. 0. 0. 1. 0. 1. 0. 0. 0. 0. 0. 0. 0. 0. 0. 0. 0. 0.],5.0,1000,100,0.01,0.0015,1,5,idID,,best,single_objective
998,0.1598963451427471,0.47649110852538634,0.005785237519,[0.146084 0.       0.       0.146029 0.415558 0.       0.       0.       0.       0.       0.       0.       0.       0.       0.       0.       0.146167 0.       0.146162 0.       0.       0.       0.       0.       0.       0.       0.       0.       0.       0.       0.      ],[1. 0. 0. 1. 1. 0. 0. 0. 0. 0. 0. 0. 0. 0. 0. 0. 1. 0. 1. 0. 0. 0. 0. 0. 0. 0. 0. 0. 0. 0. 0.],5.0,1000,100,0.01,0.0015,1,5,idID,,best,single_objective
999,0.1598963451427471,0.47649110852538634,0.005785237519,[0.146084 0.       0.       0.146029 0.415558 0.       0.       0.       0.       0.       0.       0.       0.       0.       0.       0.       0.146167 0.       0.146162 0.       0.       0.       0.       0.       0.       0.       0.       0.       0.       0.       0.      ],[1. 0. 0. 1. 1. 0. 0. 0. 0. 0. 0. 0. 0. 0. 0. 0. 1. 0. 1. 0. 0. 0. 0. 0. 0. 0. 0. 0. 0. 0. 0.],5.0,1000,100,0.01,0.0015,1,5,idID,,best,single_objective
