iter,move,improve,obj,return,n_assets,X,Z,qN,qNv,iter_time,max_iter,neighbours,alpha,exp_return,n_port,k_min,k_max,move_strategy,seed,selection_strategy
0,iDR,True,0.2138924771985395,0.003910906226735806,10,"[0.01195588 0.07560892 0.04206127 0.16413056 0.0115083  0.02225276
 0.21138997 0.20713383 0.02536063 0.22859789]",[ 1  3 18 19 20 21 22 23 25 27],100,9,0.04029,1000,100,0.03,0.003,1,10,10,best,1,random
1,idID,True,0.18278581309354963,0.0039209001069907615,10,"[0.01489149 0.09417376 0.05238889 0.20443079 0.01433402 0.02771665
 0.26329415 0.03158762 0.01245538 0.28472726]",[ 1  3 18 19 20 21 22 25 26 27],100,33,0.050287,1000,100,0.03,0.003,1,10,10,best,1,random
2,iDR,True,0.18251796098930645,0.003915047452816121,10,"[0.01501005 0.09492354 0.052806   0.2060584  0.01444814 0.02793732
 0.25742871 0.03183912 0.01255454 0.28699418]",[ 1  3 18 19 20 21 22 25 26 27],100,29,0.050071,1000,100,0.03,0.003,1,10,10,best,1,random
3,idID,True,0.1821474204905934,0.003858844178347414,10,"[0.01568131 0.09916855 0.2152734  0.01509426 0.02918668 0.268941
 0.03326297 0.01311598 0.29982864 0.0104472 ]",[ 1  3 19 20 21 22 25 26 27 28],100,31,0.05048,1000,100,0.03,0.003,1,10,10,best,1,random
4,idID,True,0.15921323592870693,0.0037885145208056696,10,"[0.01721648 0.01097898 0.23634823 0.01657196 0.032044   0.29526978
 0.03651935 0.01440001 0.32918126 0.01146996]",[ 1 14 19 20 21 22 25 26 27 28],100,37,0.050582,1000,100,0.03,0.003,1,10,10,best,1,random
5,iDR,True,0.15914627550029015,0.003787816280946428,10,"[0.0172224  0.01098276 0.23642958 0.01657767 0.03205503 0.29537141
 0.03653192 0.01440497 0.32929457 0.01112969]",[ 1 14 19 20 21 22 25 26 27 28],100,25,0.049952,1000,100,0.03,0.003,1,10,10,best,1,random
6,idID,True,0.15838492641166171,0.003813305812087498,10,"[0.01733644 0.01006621 0.01105548 0.23799503 0.03226727 0.29732713
 0.0367738  0.01450035 0.3314749  0.01120339]",[ 1  3 14 19 21 22 25 26 27 28],100,30,0.050352,1000,100,0.03,0.003,1,10,10,best,1,random
7,idID,True,0.15582734682959157,0.0038533491838462957,10,"[0.01773126 0.01022774 0.01029546 0.01130726 0.24341523 0.30409858
 0.0376113  0.01483059 0.33902404 0.01145854]",[ 1  2  3 14 19 22 25 26 27 28],100,34,0.048983,1000,100,0.03,0.003,1,10,10,best,1,random
8,iDR,True,0.15573843349593902,0.0038544082336684966,10,"[0.01771128 0.01021622 0.01028386 0.01129452 0.24314088 0.30375584
 0.03869598 0.01481387 0.33864194 0.01144562]",[ 1  2  3 14 19 22 25 26 27 28],100,38,0.049452,1000,100,0.03,0.003,1,10,10,best,1,random
9,TID,True,0.15424795096783805,0.003826766603947223,10,"[0.01771128 0.01021622 0.01129452 0.24314088 0.01       0.30375584
 0.03869598 0.01481387 0.33864194 0.01144562]",[ 1  2 14 19 21 22 25 26 27 28],100,35,0.049292,1000,100,0.03,0.003,1,10,10,best,1,random
10,idID,True,0.1060864762144662,0.003480888961562622,10,"[0.02508821 0.01447138 0.0141651  0.0159988  0.34441155 0.0141651
 0.05481325 0.020984   0.47968977 0.01621284]",[ 1  2 12 14 19 21 25 26 27 28],100,31,0.046836,1000,100,0.03,0.003,1,10,10,best,1,random
11,iDR,True,0.10596160368899099,0.0034803646415729568,10,"[0.02435389 0.01448228 0.01417577 0.01601085 0.34467096 0.01417577
 0.05485454 0.0209998  0.48005108 0.01622505]",[ 1  2 12 14 19 21 25 26 27 28],100,29,0.050162,1000,100,0.03,0.003,1,10,10,best,1,random
12,idID,True,0.10041078421835488,0.0035591593408006786,10,"[0.02462476 0.01464335 0.01011122 0.01433344 0.01618892 0.34850444
 0.01433344 0.05546464 0.48539028 0.01640551]",[ 1  2  4 12 14 19 21 25 27 28],100,29,0.050321,1000,100,0.03,0.003,1,10,10,best,1,random
13,idID,True,0.09923533900867298,0.0035439745915813764,10,"[0.02477811 0.01473454 0.01017419 0.0144227  0.35067474 0.01006227
 0.0144227  0.05581004 0.48841303 0.01650767]",[ 1  2  4 12 19 20 21 25 27 28],100,21,0.048234,1000,100,0.03,0.003,1,10,10,best,1,random
14,idID,True,0.09661998359761141,0.0036103074767261855,10,"[0.02489598 0.01022259 0.01004757 0.01449131 0.35234292 0.01011014
 0.01449131 0.05607554 0.49073644 0.0165862 ]",[ 1  4  8 12 19 20 21 25 27 28],100,39,0.048178,1000,100,0.03,0.003,1,10,10,best,1,random
15,idID,True,0.09638209150670247,0.003597587055635631,10,"[0.02516195 0.0103318  0.01015491 0.01464612 0.34542387 0.01021815
 0.01464612 0.0566746  0.49597908 0.0167634 ]",[ 1  4  8 12 19 20 21 25 27 28],100,45,0.048796,1000,100,0.03,0.003,1,10,10,best,1,random
16,TID,True,0.09620682040582729,0.00359619887089072,10,"[0.02440709 0.0103318  0.01015491 0.01464612 0.34542387 0.01021815
 0.01464612 0.0566746  0.49673394 0.0167634 ]",[ 1  4  8 12 19 20 21 25 27 28],100,42,0.04929,1000,100,0.03,0.003,1,10,10,best,1,random
17,idID,True,0.09590638704074243,0.003609007389281046,10,"[0.02441242 0.01033405 0.01015713 0.01464932 0.01000218 0.34549924
 0.01464932 0.05668697 0.49684233 0.01676705]",[ 1  4  8 12 14 19 21 25 27 28],100,35,0.0496,1000,100,0.03,0.003,1,10,10,best,1,random
18,idID,True,0.09359039636492422,0.003579556788928124,10,"[0.01048517 0.01030566 0.01014623 0.01486354 0.01014845 0.35055153
 0.01486354 0.05751591 0.50410774 0.01701224]",[ 4  8 10 12 14 19 21 25 27 28],100,32,0.046527,1000,100,0.03,0.003,1,10,10,best,1,random
19,TID,True,0.09342876337766304,0.0035777812212908055,10,"[0.01048517 0.01030566 0.01014623 0.01486354 0.01014845 0.35055153
 0.01486354 0.05751591 0.50461811 0.01650187]",[ 4  8 10 12 14 19 21 25 27 28],100,38,0.049312,1000,100,0.03,0.003,1,10,10,best,1,random
20,idID,True,0.09324953050320635,0.003575005978094527,10,"[0.01053641 0.01035602 0.01019582 0.01019804 0.35226478 0.01493618
 0.01004887 0.05779701 0.50708433 0.01658252]",[ 4  8 10 14 19 21 22 25 27 28],100,36,0.048668,1000,100,0.03,0.003,1,10,10,best,1,random
21,TID,True,0.09239424155020923,0.003548977133162137,10,"[0.01053641 0.01035602 0.01019582 0.01019804 0.34169684 0.01493618
 0.01004887 0.05779701 0.51765227 0.01658252]",[ 4  8 10 14 19 21 22 25 27 28],100,42,0.049053,1000,100,0.03,0.003,1,10,10,best,1,random
22,TID,True,0.09182820629101114,0.0035152795801951455,10,"[0.01       0.01053641 0.01035602 0.01019582 0.01019804 0.34169684
 0.01493618 0.05779701 0.51765227 0.01658252]",[ 0  4  8 10 14 19 21 25 27 28],100,36,0.047715,1000,100,0.03,0.003,1,10,10,best,1,random
23,idID,True,0.09054890594364716,0.0035075196680854404,10,"[0.0100501  0.0105892  0.01040791 0.0102469  0.01024914 0.0100501
 0.34340875 0.05808658 0.52024572 0.0166656 ]",[ 0  4  8 10 14 16 19 25 27 28],100,39,0.046627,1000,100,0.03,0.003,1,10,10,best,1,random
24,idID,True,0.0901624318172097,0.0034717180191521334,10,"[0.0100526  0.01059184 0.0104105  0.01024945 0.0100526  0.01000249
 0.34349433 0.05810105 0.52037537 0.01666976]",[ 0  4  8 10 16 17 19 25 27 28],100,49,0.049137,1000,100,0.03,0.003,1,10,10,best,1,random
25,TID,True,0.08992221035271977,0.0034951559112920833,10,"[0.0100526  0.01059184 0.0104105  0.01       0.0100526  0.01000249
 0.34349433 0.05810105 0.52037537 0.01666976]",[ 0  4  8 12 16 17 19 25 27 28],100,55,0.047088,1000,100,0.03,0.003,1,10,10,best,1,random
26,idID,True,0.08943633066656016,0.0034844595642278047,10,"[0.01059504 0.01041365 0.01000302 0.01000302 0.01005564 0.01000551
 0.34359812 0.05811861 0.5205326  0.01667479]",[ 4  8 12 15 16 17 19 25 27 28],100,51,0.046672,1000,100,0.03,0.003,1,10,10,best,1,random
27,TID,True,0.0894065896256118,0.0034817492470066856,10,"[0.01027719 0.01041365 0.01000302 0.01000302 0.01005564 0.01000551
 0.34359812 0.05811861 0.52085045 0.01667479]",[ 4  8 12 15 16 17 19 25 27 28],100,52,0.047489,1000,100,0.03,0.003,1,10,10,best,1,random
28,TID,True,0.08906460282564102,0.003497757085423271,10,"[0.01027719 0.01041365 0.01000302 0.01000302 0.01005564 0.34359812
 0.05811861 0.52085045 0.01667479 0.01      ]",[ 4  8 12 15 16 19 25 27 28 29],100,53,0.049613,1000,100,0.03,0.003,1,10,10,best,1,random
29,TID,True,0.08868844871576725,0.0035492866593913232,10,"[0.01027719 0.01041365 0.01000302 0.01005564 0.01       0.34359812
 0.05811861 0.52085045 0.01667479 0.01      ]",[ 4  8 12 16 18 19 25 27 28 29],100,51,0.048844,1000,100,0.03,0.003,1,10,10,best,1,random
30,idID,True,0.0865499538517451,0.003527887420825937,10,"[0.01034634 0.01048371 0.01006728 0.01007032 0.0101233  0.01006728
 0.34590995 0.05850964 0.52435489 0.01006728]",[ 4  8 11 12 16 18 19 25 27 29],100,53,0.045572,1000,100,0.03,0.003,1,10,10,best,1,random
31,idID,True,0.08619923164096926,0.0035145374147530386,10,"[0.01045483 0.01059365 0.01017285 0.01017592 0.01022945 0.01017285
 0.33905108 0.05912318 0.52985333 0.01017285]",[ 4  8 11 12 16 18 19 25 27 29],100,50,0.048129,1000,100,0.03,0.003,1,10,10,best,1,random
32,TID,True,0.08575308301681385,0.0034926576946850223,10,"[0.01045483 0.01059365 0.01017285 0.01022945 0.01017285 0.33905108
 0.05912318 0.52985333 0.01017285 0.01      ]",[ 4  8 11 16 18 19 25 27 29 30],100,61,0.049565,1000,100,0.03,0.003,1,10,10,best,1,random
33,iDR,True,0.08540374038292012,0.003479831570901745,10,"[0.01056414 0.01070441 0.01027921 0.01033641 0.01027921 0.3323182
 0.05974135 0.53539329 0.01027921 0.01010456]",[ 4  8 11 16 18 19 25 27 29 30],100,51,0.045597,1000,100,0.03,0.003,1,10,10,best,1,random
34,iDR,True,0.08500280342501959,0.0034665274859253478,10,"[0.01067052 0.0108122  0.01038272 0.0104405  0.01038272 0.32559468
 0.06034295 0.54078467 0.01038272 0.01020631]",[ 4  8 11 16 18 19 25 27 29 30],100,46,0.048246,1000,100,0.03,0.003,1,10,10,best,1,random
35,iDR,True,0.08492849904522125,0.0034659867495109345,10,"[0.01067385 0.01081557 0.01007438 0.01044375 0.01038596 0.32569613
 0.06036175 0.54095317 0.01038596 0.01020949]",[ 4  8 11 16 18 19 25 27 29 30],100,39,0.050215,1000,100,0.03,0.003,1,10,10,best,1,random
36,TID,True,0.08463527316177061,0.0034323698213148527,10,"[0.01067385 0.01081557 0.01044375 0.01038596 0.32569613 0.01
 0.06036175 0.54095317 0.01038596 0.01020949]",[ 4  8 16 18 19 21 25 27 29 30],100,36,0.048645,1000,100,0.03,0.003,1,10,10,best,1,random
37,idID,True,0.08459964204688576,0.003431429855936171,10,"[0.01067811 0.01049529 0.01044792 0.0103901  0.32582609 0.01000399
 0.06038583 0.54116901 0.0103901  0.01021356]",[ 4  8 16 18 19 21 25 27 29 30],100,36,0.046951,1000,100,0.03,0.003,1,10,10,best,1,random
38,iDR,True,0.08417156491487082,0.0034179104563929357,10,"[0.01078351 0.01059889 0.01055105 0.01049267 0.31917113 0.01010274
 0.06098192 0.54651104 0.01049267 0.01031438]",[ 4  8 16 18 19 21 25 27 29 30],100,38,0.048976,1000,100,0.03,0.003,1,10,10,best,1,random
39,idID,True,0.08411103172414154,0.0034189033851739496,10,"[0.01078693 0.01060225 0.01023776 0.01049599 0.31927219 0.01010594
 0.06100123 0.54668408 0.01049599 0.01031765]",[ 4  8 16 18 19 21 25 27 29 30],100,26,0.048955,1000,100,0.03,0.003,1,10,10,best,1,random
40,iDR,True,0.08405805798333855,0.003419225055959582,10,"[0.01079027 0.01060553 0.01024093 0.01049924 0.31937105 0.01010907
 0.06102011 0.54685335 0.01049924 0.01001122]",[ 4  8 16 18 19 21 25 27 29 30],100,33,0.048841,1000,100,0.03,0.003,1,10,10,best,1,random
41,iDR,True,0.08401083096111031,0.003418048812144807,10,"[0.0107937  0.01029064 0.01024419 0.01050258 0.31947269 0.01011229
 0.06103953 0.54702739 0.01050258 0.0100144 ]",[ 4  8 16 18 19 21 25 27 29 30],100,42,0.04872,1000,100,0.03,0.003,1,10,10,best,1,random
42,TID,True,0.08397099602343462,0.003420844179037477,10,"[0.01110878 0.01029064 0.01024419 0.01050258 0.31947269 0.01011229
 0.06103953 0.54702739 0.0101875  0.0100144 ]",[ 4  8 16 18 19 21 25 27 29 30],100,44,0.047634,1000,100,0.03,0.003,1,10,10,best,1,random
43,TID,True,0.08366087173675338,0.0034032531908883205,10,"[0.01110878 0.01029064 0.01       0.01024419 0.01050258 0.31947269
 0.06103953 0.54702739 0.0101875  0.0100144 ]",[ 4  8 15 16 18 19 25 27 29 30],100,44,0.047352,1000,100,0.03,0.003,1,10,10,best,1,random
44,TID,True,0.0834062857283512,0.0034031765174425276,10,"[0.01110878 0.01029064 0.01       0.01024419 0.01050258 0.30988851
 0.07062372 0.54702739 0.0101875  0.0100144 ]",[ 4  8 15 16 18 19 25 27 29 30],100,53,0.046184,1000,100,0.03,0.003,1,10,10,best,1,random
45,iDR,True,0.08296408172483442,0.003390443766697029,10,"[0.01121429 0.01038838 0.01009498 0.01034149 0.01060234 0.30344697
 0.07129452 0.55222323 0.01028427 0.01010952]",[ 4  8 15 16 18 19 25 27 29 30],100,44,0.046011,1000,100,0.03,0.003,1,10,10,best,1,random
46,TID,True,0.08281691215132013,0.003385192925168127,10,"[0.01121429 0.01038838 0.01009498 0.01034149 0.01060234 0.30344697
 0.06915569 0.55436207 0.01028427 0.01010952]",[ 4  8 15 16 18 19 25 27 29 30],100,40,0.04828,1000,100,0.03,0.003,1,10,10,best,1,random
47,TID,True,0.08187114258700555,0.0033627712285584574,10,"[0.01121429 0.01038838 0.01009498 0.01034149 0.01060234 0.29434356
 0.06915569 0.56346547 0.01028427 0.01010952]",[ 4  8 15 16 18 19 25 27 29 30],100,43,0.049002,1000,100,0.03,0.003,1,10,10,best,1,random
48,iDR,True,0.08182544463138686,0.0033621567669376317,10,"[0.01121786 0.01039169 0.0100982  0.01034478 0.01028754 0.29443721
 0.06917769 0.56364475 0.01028754 0.01011274]",[ 4  8 15 16 18 19 25 27 29 30],100,42,0.048386,1000,100,0.03,0.003,1,10,10,best,1,random
49,idID,True,0.08176631101480072,0.003363112970164744,10,"[0.01122134 0.01039491 0.01010133 0.01003755 0.01029073 0.29452862
 0.06919916 0.56381973 0.01029073 0.01011588]",[ 4  8 15 16 18 19 25 27 29 30],100,42,0.047415,1000,100,0.03,0.003,1,10,10,best,1,random
50,iDR,True,0.08125879691525724,0.0033502947437564564,10,"[0.01132138 0.01048758 0.01019138 0.01012703 0.01038247 0.2882396
 0.06981605 0.56884597 0.01038247 0.01020606]",[ 4  8 15 16 18 19 25 27 29 30],100,53,0.048322,1000,100,0.03,0.003,1,10,10,best,1,random
51,idID,True,0.08121259645531405,0.003349109891533114,10,"[0.01132494 0.01017615 0.01019459 0.01013022 0.01038574 0.28833032
 0.06983802 0.569025   0.01038574 0.01020927]",[ 4  8 15 16 18 19 25 27 29 30],100,47,0.0495,1000,100,0.03,0.003,1,10,10,best,1,random
52,TID,True,0.0802392569732526,0.003327805164187498,10,"[0.01132494 0.01017615 0.01019459 0.01013022 0.01038574 0.27968041
 0.06983802 0.57767491 0.01038574 0.01020927]",[ 4  8 15 16 18 19 25 27 29 30],100,49,0.049379,1000,100,0.03,0.003,1,10,10,best,1,random
53,idID,True,0.07969454631865965,0.0033153398630827824,10,"[0.01142077 0.01026226 0.01028085 0.01021594 0.01047362 0.27358549
 0.07042895 0.58256286 0.01047362 0.01029566]",[ 4  8 15 16 18 19 25 27 29 30],100,48,0.0483,1000,100,0.03,0.003,1,10,10,best,1,random
54,TID,True,0.07870233677232906,0.0032951246309910536,10,"[0.01142077 0.01026226 0.01028085 0.01021594 0.01047362 0.26537793
 0.07042895 0.59077042 0.01047362 0.01029566]",[ 4  8 15 16 18 19 25 27 29 30],100,51,0.048908,1000,100,0.03,0.003,1,10,10,best,1,random
55,iDR,True,0.07777566522227483,0.0032784568090422814,10,"[0.01122188 0.01008355 0.01010181 0.01003803 0.01029122 0.26075651
 0.06920247 0.59789694 0.01029122 0.01011636]",[ 4  8 15 16 18 19 25 27 29 30],100,42,0.04908,1000,100,0.03,0.003,1,10,10,best,1,random
56,TID,True,0.07769830385994582,0.003317396083926906,10,"[0.01       0.01122188 0.01008355 0.01010181 0.01029122 0.26075651
 0.06920247 0.59789694 0.01029122 0.01011636]",[ 1  4  8 15 18 19 25 27 29 30],100,56,0.048356,1000,100,0.03,0.003,1,10,10,best,1,random
57,TID,True,0.07753844653747535,0.0033122993221962036,10,"[0.01       0.01122188 0.01008355 0.01010181 0.01029122 0.26075651
 0.06712639 0.59997301 0.01029122 0.01011636]",[ 1  4  8 15 18 19 25 27 29 30],100,45,0.045003,1000,100,0.03,0.003,1,10,10,best,1,random
58,iDR,True,0.07694730811628771,0.0033006883742810926,10,"[0.01007923 0.01131079 0.01016344 0.01018185 0.01037276 0.25493781
 0.06765824 0.6047266  0.01037276 0.01019652]",[ 1  4  8 15 18 19 25 27 29 30],100,58,0.046265,1000,100,0.03,0.003,1,10,10,best,1,random
59,iDR,True,0.07634062853081529,0.0032891253538175976,10,"[0.01015691 0.01139796 0.01024177 0.01026032 0.01045271 0.24919556
 0.06817968 0.60938728 0.01045271 0.0102751 ]",[ 1  4  8 15 18 19 25 27 29 30],100,49,0.04854,1000,100,0.03,0.003,1,10,10,best,1,random
60,TID,True,0.07590697605395096,0.0032890655468833184,10,"[0.01015691 0.01139796 0.01024177 0.01026032 0.01045271 0.24171969
 0.07565555 0.60938728 0.01045271 0.0102751 ]",[ 1  4  8 15 18 19 25 27 29 30],100,44,0.048289,1000,100,0.03,0.003,1,10,10,best,1,random
61,TID,True,0.07586178206860521,0.0032899435741458086,10,"[0.01015691 0.01139796 0.01024177 0.01026032 0.01045271 0.24171969
 0.07596913 0.60938728 0.01013912 0.0102751 ]",[ 1  4  8 15 18 19 25 27 29 30],100,40,0.047457,1000,100,0.03,0.003,1,10,10,best,1,random
62,TID,True,0.0748490803804338,0.0032720829060515267,10,"[0.01015691 0.01139796 0.01024177 0.01026032 0.01045271 0.2344681
 0.07596913 0.61663887 0.01013912 0.0102751 ]",[ 1  4  8 15 18 19 25 27 29 30],100,47,0.048664,1000,100,0.03,0.003,1,10,10,best,1,random
63,TID,True,0.07464958925502786,0.003314737343154253,10,"[0.01015691 0.01843201 0.01024177 0.01026032 0.01045271 0.22743406
 0.07596913 0.61663887 0.01013912 0.0102751 ]",[ 1  4  8 15 18 19 25 27 29 30],100,42,0.04753,1000,100,0.03,0.003,1,10,10,best,1,random
64,TID,True,0.07458744586548786,0.0033138103972299954,10,"[0.01015691 0.01843201 0.01024177 0.01026032 0.01013912 0.22743406
 0.07596913 0.61695245 0.01013912 0.0102751 ]",[ 1  4  8 15 18 19 25 27 29 30],100,56,0.048643,1000,100,0.03,0.003,1,10,10,best,1,random
65,TID,True,0.07358572640173655,0.003297005294620085,10,"[0.01015691 0.01843201 0.01024177 0.01026032 0.01013912 0.22061104
 0.07596913 0.62377547 0.01013912 0.0102751 ]",[ 1  4  8 15 18 19 25 27 29 30],100,64,0.047628,1000,100,0.03,0.003,1,10,10,best,1,random
66,idID,False,0.07318010936721832,0.003162438572980143,10,"[0.01087428 0.01973383 0.01096513 0.01070628 0.01098499 0.01085523
 0.23619245 0.66783175 0.01085523 0.01100081]",[ 1  4  8 10 15 18 19 27 29 30],100,56,0.0483,1000,100,0.03,0.003,1,10,10,best,1,random
67,iDR,True,0.07208053760984798,0.0031462454143857082,10,"[0.01066069 0.01934623 0.01074976 0.010496   0.01076923 0.01064202
 0.23155329 0.67435602 0.01064202 0.01078474]",[ 1  4  8 10 15 18 19 27 29 30],100,30,0.050309,1000,100,0.03,0.003,1,10,10,best,1,random
68,iDR,True,0.07202548901550891,0.0031464934074212094,10,"[0.01066414 0.01935249 0.01075324 0.01049939 0.01077272 0.01064547
 0.23162823 0.67457427 0.01064547 0.01046459]",[ 1  4  8 10 15 18 19 27 29 30],100,31,0.049746,1000,100,0.03,0.003,1,10,10,best,1,random
69,iDR,True,0.0719736704651691,0.0031452127654266367,10,"[0.01066758 0.01935874 0.01043401 0.01050278 0.01077619 0.0106489
 0.23170298 0.67479196 0.0106489  0.01046796]",[ 1  4  8 10 15 18 19 27 29 30],100,34,0.050138,1000,100,0.03,0.003,1,10,10,best,1,random
70,idID,True,0.07192542110763367,0.003144526079318911,10,"[0.01067099 0.01936492 0.01043734 0.01050614 0.01077964 0.01033274
 0.23177702 0.6750076  0.0106523  0.01047131]",[ 1  4  8 10 15 18 19 27 29 30],100,34,0.050476,1000,100,0.03,0.003,1,10,10,best,1,random
71,idID,True,0.07122942688207241,0.0031329274526932737,10,"[0.01074571 0.01950051 0.01051042 0.0105797  0.01085511 0.01040509
 0.22639793 0.679734   0.01072689 0.01054463]",[ 1  4  8 10 15 18 19 27 29 30],100,34,0.050198,1000,100,0.03,0.003,1,10,10,best,1,random
72,idID,True,0.07052866503892691,0.0031215205326243344,10,"[0.01081919 0.01963387 0.0105823  0.01065205 0.01092935 0.01047624
 0.22110774 0.68438228 0.01080025 0.01061674]",[ 1  4  8 10 15 18 19 27 29 30],100,28,0.049842,1000,100,0.03,0.003,1,10,10,best,1,random
73,iDR,True,0.07047476344398894,0.003121886300150098,10,"[0.0108227  0.01964023 0.01058573 0.0106555  0.01093289 0.01047964
 0.2211794  0.6846041  0.01047964 0.01062018]",[ 1  4  8 10 15 18 19 27 29 30],100,28,0.049885,1000,100,0.03,0.003,1,10,10,best,1,random
74,iDR,True,0.0704077518021289,0.003122215304368088,10,"[0.01082616 0.01964651 0.01058911 0.01033914 0.01093638 0.01048299
 0.22125013 0.68482301 0.01048299 0.01062357]",[ 1  4  8 10 15 18 19 27 29 30],100,27,0.049976,1000,100,0.03,0.003,1,10,10,best,1,random
75,idID,True,0.07035341569652365,0.0031224519291596234,10,"[0.01082961 0.01965277 0.01059249 0.01034244 0.01093987 0.01048633
 0.22132066 0.68504134 0.01048633 0.01030815]",[ 1  4  8 10 15 18 19 27 29 30],100,38,0.050269,1000,100,0.03,0.003,1,10,10,best,1,random
76,iDR,True,0.070291869705158,0.0031221092073940395,10,"[0.01050814 0.01965916 0.01059593 0.0103458  0.01094343 0.01048974
 0.22139259 0.68526397 0.01048974 0.0103115 ]",[ 1  4  8 10 15 18 19 27 29 30],100,30,0.049539,1000,100,0.03,0.003,1,10,10,best,1,random
77,iDR,True,0.07022794363001775,0.0031230882353131973,10,"[0.01051159 0.01966562 0.01059941 0.0103492  0.01061861 0.01049318
 0.2214653  0.68548902 0.01049318 0.01031489]",[ 1  4  8 10 15 18 19 27 29 30],100,29,0.049452,1000,100,0.03,0.003,1,10,10,best,1,random
78,iDR,True,0.06952136879263163,0.00311186569623071,10,"[0.0105819  0.01979715 0.0106703  0.01041842 0.01068963 0.01056336
 0.21625815 0.69007384 0.01056336 0.01038388]",[ 1  4  8 10 15 18 19 27 29 30],100,31,0.050543,1000,100,0.03,0.003,1,10,10,best,1,random
79,idID,True,0.06881167065188251,0.003100835463018476,10,"[0.010651   0.01992643 0.01073998 0.01048645 0.01075944 0.01063234
 0.21114023 0.6945801  0.01063234 0.01045169]",[ 1  4  8 10 15 18 19 27 29 30],100,33,0.049533,1000,100,0.03,0.003,1,10,10,best,1,random
80,iDR,True,0.06769051555460318,0.0030852644132226817,10,"[0.01043359 0.01951969 0.01052076 0.0102724  0.01053981 0.01041532
 0.20683042 0.70081436 0.01041532 0.01023835]",[ 1  4  8 10 15 18 19 27 29 30],100,33,0.050852,1000,100,0.03,0.003,1,10,10,best,1,random
81,iDR,True,0.06762832486867532,0.003086195667623674,10,"[0.01043689 0.01952586 0.01052408 0.01027565 0.01022685 0.01041861
 0.20689584 0.70103602 0.01041861 0.01024158]",[ 1  4  8 10 15 18 19 27 29 30],100,36,0.049161,1000,100,0.03,0.003,1,10,10,best,1,random
82,iDR,True,0.06691091682057294,0.00307548561510354,10,"[0.01050207 0.01964781 0.01058981 0.01033983 0.01029073 0.01048368
 0.2019424  0.70541444 0.01048368 0.01030555]",[ 1  4  8 10 15 18 19 27 29 30],100,42,0.048616,1000,100,0.03,0.003,1,10,10,best,1,random
83,iDR,True,0.0657881654989782,0.003060202062245842,10,"[0.01028443 0.01924063 0.01037035 0.01012555 0.01007746 0.01026642
 0.19775737 0.71151939 0.01026642 0.01009198]",[ 1  4  8 10 15 18 19 27 29 30],100,37,0.049295,1000,100,0.03,0.003,1,10,10,best,1,random
84,iDR,True,0.06506642436773691,0.0030498127567172464,10,"[0.01034581 0.01935546 0.01043224 0.01018598 0.01013761 0.01032769
 0.19296948 0.71576583 0.01032769 0.01015221]",[ 1  4  8 10 15 18 19 27 29 30],100,50,0.046656,1000,100,0.03,0.003,1,10,10,best,1,random
85,iDR,True,0.06501445446965337,0.0030485400876822354,10,"[0.01034905 0.01936152 0.01012244 0.01018917 0.01014078 0.01033092
 0.1930299  0.71598991 0.01033092 0.01015539]",[ 1  4  8 10 15 18 19 27 29 30],100,39,0.048828,1000,100,0.03,0.003,1,10,10,best,1,random
86,idID,True,0.06495470909479455,0.0030481896243516877,10,"[0.01004169 0.01936754 0.01012559 0.01019233 0.01014393 0.01033413
 0.19308984 0.71621227 0.01033413 0.01015854]",[ 1  4  8 10 15 18 19 27 29 30],100,40,0.048346,1000,100,0.03,0.003,1,10,10,best,1,random
87,iDR,True,0.06423258812318641,0.0030379769690742453,10,"[0.0101002  0.01948038 0.01018458 0.01025172 0.01020303 0.01039434
 0.18838843 0.72038525 0.01039434 0.01021773]",[ 1  4  8 10 15 18 19 27 29 30],100,45,0.046737,1000,100,0.03,0.003,1,10,10,best,1,random
88,TID,True,0.06292126507458722,0.0030615887730339976,10,"[0.0101002  0.01948038 0.01018458 0.01025172 0.01020303 0.01039434
 0.18838843 0.01       0.72038525 0.01039434]",[ 1  4  8 10 15 18 19 25 27 29],100,47,0.048383,1000,100,0.03,0.003,1,10,10,best,1,random
89,iDR,True,0.06289697174410723,0.0030625891190832004,10,"[0.01010555 0.0194907  0.01018998 0.01025715 0.01020844 0.01039985
 0.18848824 0.0100053  0.72076693 0.01008785]",[ 1  4  8 10 15 18 19 25 27 29],100,43,0.04545,1000,100,0.03,0.003,1,10,10,best,1,random
90,idID,True,0.06284863503197433,0.0030618927116624695,10,"[0.01010871 0.01949679 0.01019316 0.01026035 0.01021162 0.010091
 0.18854707 0.01000842 0.72099188 0.010091  ]",[ 1  4  8 10 15 18 19 25 27 29],100,42,0.046913,1000,100,0.03,0.003,1,10,10,best,1,random
91,idID,True,0.06212572503799317,0.0030519996450301414,10,"[0.01016621 0.01960769 0.01025115 0.01031872 0.01026971 0.01014841
 0.18393105 0.01006535 0.72509331 0.01014841]",[ 1  4  8 10 15 18 19 25 27 29],100,60,0.046969,1000,100,0.03,0.003,1,10,10,best,1,random
92,iDR,True,0.06206046329171791,0.003052296606309272,10,"[0.01016936 0.01961377 0.01025432 0.01001225 0.01027289 0.01015155
 0.183988   0.01006847 0.72531784 0.01015155]",[ 1  4  8 10 15 18 19 25 27 29],100,57,0.047612,1000,100,0.03,0.003,1,10,10,best,1,random
93,iDR,True,0.061339151214445164,0.003042590820628798,10,"[0.0102258  0.01972263 0.01031123 0.01006782 0.01032991 0.01020789
 0.17945891 0.01012435 0.72934355 0.01020789]",[ 1  4  8 10 15 18 19 25 27 29],100,54,0.046685,1000,100,0.03,0.003,1,10,10,best,1,random
94,iDR,True,0.0606203606129825,0.0030330727115431386,10,"[0.01028115 0.01982938 0.01036705 0.01012232 0.01038583 0.01026315
 0.17501739 0.01017916 0.73329142 0.01026315]",[ 1  4  8 10 15 18 19 25 27 29],100,51,0.048093,1000,100,0.03,0.003,1,10,10,best,1,random
95,TID,True,0.0603204882945822,0.0030139283402834107,10,"[0.01982938 0.01036705 0.01012232 0.01038583 0.01026315 0.17501739
 0.01017916 0.73329142 0.01026315 0.01      ]",[ 4  8 10 15 18 19 25 27 29 30],100,56,0.048578,1000,100,0.03,0.003,1,10,10,best,1,random
96,iDR,True,0.059635827326367956,0.0030053451737302892,10,"[0.01993968 0.01042471 0.01017863 0.0104436  0.01032024 0.17071119
 0.01023578 0.73737031 0.01032024 0.01005562]",[ 4  8 10 15 18 19 25 27 29 30],100,32,0.044855,1000,100,0.03,0.003,1,10,10,best,1,random
97,iDR,True,0.05958878172826613,0.003000640788452723,10,"[0.01935307 0.01043095 0.01018472 0.01044985 0.01032641 0.17081337
 0.0102419  0.73781167 0.01032641 0.01006164]",[ 4  8 10 15 18 19 25 27 29 30],100,25,0.04727,1000,100,0.03,0.003,1,10,10,best,1,random
98,idID,True,0.059525124841936,0.0030015375539228927,10,"[0.01935914 0.01043422 0.01018791 0.01013953 0.01032965 0.17086694
 0.01024512 0.73804304 0.01032965 0.0100648 ]",[ 4  8 10 15 18 19 25 27 29 30],100,27,0.04639,1000,100,0.03,0.003,1,10,10,best,1,random
99,iDR,True,0.05947194536874238,0.0030002495269788832,10,"[0.0193652  0.01012437 0.0101911  0.01014271 0.01033289 0.17092044
 0.01024832 0.73827414 0.01033289 0.01006795]",[ 4  8 10 15 18 19 25 27 29 30],100,32,0.047334,1000,100,0.03,0.003,1,10,10,best,1,random
100,iDR,True,0.059420235284259125,0.003000561857609359,10,"[0.01937121 0.01012751 0.01019426 0.01014585 0.01033609 0.17097344
 0.0102515  0.73850307 0.01002601 0.01007107]",[ 4  8 10 15 18 19 25 27 29 30],100,28,0.045262,1000,100,0.03,0.003,1,10,10,best,1,random
101,idID,True,0.059230392024442274,0.003021582246091755,10,"[0.01000194 0.01937497 0.01012947 0.01014782 0.0103381  0.17100666
 0.01025349 0.73864656 0.01002795 0.01007303]",[ 1  4  8 15 18 19 25 27 29 30],100,24,0.045202,1000,100,0.03,0.003,1,10,10,best,1,random
102,iDR,True,0.05851731205477648,0.003012406403640492,10,"[0.01005352 0.01947488 0.01018171 0.01020015 0.01039141 0.16673183
 0.01030637 0.7424555  0.01007967 0.01012497]",[ 1  4  8 15 18 19 25 27 29 30],100,43,0.044697,1000,100,0.03,0.003,1,10,10,best,1,random
103,iDR,True,0.05780842516501644,0.00300341496454159,10,"[0.01010406 0.01957278 0.01023289 0.01025143 0.01044365 0.1625429
 0.01035818 0.7461879  0.01013034 0.01017587]",[ 1  4  8 15 18 19 25 27 29 30],100,45,0.04695,1000,100,0.03,0.003,1,10,10,best,1,random
104,TID,True,0.057775664236077294,0.003002652084692187,10,"[0.01010406 0.01957278 0.01023289 0.01025143 0.01044365 0.1625429
 0.01004743 0.74649864 0.01013034 0.01017587]",[ 1  4  8 15 18 19 25 27 29 30],100,36,0.046848,1000,100,0.03,0.003,1,10,10,best,1,random
105,TID,True,0.057348928396535,0.0030026130743951865,10,"[0.01010406 0.01957278 0.01023289 0.01025143 0.01044365 0.15766662
 0.01492372 0.74649864 0.01013034 0.01017587]",[ 1  4  8 15 18 19 25 27 29 30],100,28,0.045593,1000,100,0.03,0.003,1,10,10,best,1,random
106,iDR,True,0.05729966096201678,0.0030018949363648474,10,"[0.01010723 0.01957892 0.0102361  0.01025464 0.01013351 0.15771603
 0.0149284  0.7467326  0.01013351 0.01017906]",[ 1  4  8 15 18 19 25 27 29 30],100,31,0.046384,1000,100,0.03,0.003,1,10,10,best,1,random
107,TID,True,0.05725269833790665,0.0030007954598878636,10,"[0.01010723 0.01957892 0.0102361  0.01025464 0.01013351 0.15771603
 0.01448055 0.74718045 0.01013351 0.01017906]",[ 1  4  8 15 18 19 25 27 29 30],100,31,0.046385,1000,100,0.03,0.003,1,10,10,best,1,random
108,iDR,True,0.057228180934838196,0.003000016558533897,10,"[0.01011162 0.01958743 0.01024055 0.0102591  0.01013792 0.15778458
 0.01405223 0.74750518 0.01013792 0.01018348]",[ 1  4  8 15 18 19 25 27 29 30],100,29,0.04576,1000,100,0.03,0.003,1,10,10,best,1,random
109,iDR,False,0.057228180934838196,0.003000016558533897,10,"[0.01011162 0.01958743 0.01024055 0.0102591  0.01013792 0.15778458
 0.01405223 0.74750518 0.01013792 0.01018348]",[ 1  4  8 15 18 19 25 27 29 30],100,22,0.043888,1000,100,0.03,0.003,1,10,10,best,1,random
110,TID,True,0.0571395575759716,0.0030173600257015283,10,"[0.01011162 0.01958743 0.01024055 0.01013792 0.15778458 0.01
 0.01405223 0.74750518 0.01013792 0.01018348]",[ 1  4  8 18 19 21 25 27 29 30],100,20,0.044296,1000,100,0.03,0.003,1,10,10,best,1,random
111,TID,True,0.05620922151323481,0.0030057013234430136,10,"[0.01011162 0.01958743 0.01024055 0.01013792 0.15305104 0.01
 0.01405223 0.75223872 0.01013792 0.01018348]",[ 1  4  8 18 19 21 25 27 29 30],100,38,0.044652,1000,100,0.03,0.003,1,10,10,best,1,random
112,TID,True,0.056164279768746876,0.0030046663764278967,10,"[0.01011162 0.01958743 0.01024055 0.01013792 0.15305104 0.01
 0.01363067 0.75266029 0.01013792 0.01018348]",[ 1  4  8 18 19 21 25 27 29 30],100,27,0.043874,1000,100,0.03,0.003,1,10,10,best,1,random
113,TID,True,0.05586201595172195,0.003032509421243473,10,"[0.01011162 0.02417896 0.01024055 0.01013792 0.14845951 0.01
 0.01363067 0.75266029 0.01013792 0.01018348]",[ 1  4  8 18 19 21 25 27 29 30],100,31,0.043348,1000,100,0.03,0.003,1,10,10,best,1,random
114,iDR,False,0.05520773860412402,0.0030253850853434686,10,"[0.0101595  0.02429345 0.01028904 0.01018592 0.14468762 0.01004735
 0.01369521 0.75622428 0.01018592 0.0102317 ]",[ 1  4  8 18 19 21 25 27 29 30],100,44,0.044591,1000,100,0.03,0.003,1,10,10,best,1,random
115,iDR,True,0.05453108097685464,0.003017644200293271,10,"[0.01020379 0.02439936 0.0103339  0.01023033 0.14095884 0.01009115
 0.01375492 0.75952108 0.01023033 0.01027631]",[ 1  4  8 18 19 21 25 27 29 30],100,41,0.046989,1000,100,0.03,0.003,1,10,10,best,1,random
116,idID,True,0.05386135504194687,0.0030100707811986757,10,"[0.01024712 0.02450298 0.01037778 0.01027377 0.13731073 0.01013401
 0.01381333 0.76274656 0.01027377 0.01031995]",[ 1  4  8 18 19 21 25 27 29 30],100,46,0.048179,1000,100,0.03,0.003,1,10,10,best,1,random
117,idID,True,0.05379723118995437,0.0030042924595515027,10,"[0.01025466 0.02378537 0.01038541 0.01028133 0.13741174 0.01014146
 0.01382349 0.76330766 0.01028133 0.01032754]",[ 1  4  8 18 19 21 25 27 29 30],100,31,0.047367,1000,100,0.03,0.003,1,10,10,best,1,random
118,TID,True,0.05377005335327758,0.003005460818724798,10,"[0.01025466 0.02409693 0.01007385 0.01028133 0.13741174 0.01014146
 0.01382349 0.76330766 0.01028133 0.01032754]",[ 1  4  8 18 19 21 25 27 29 30],100,26,0.046923,1000,100,0.03,0.003,1,10,10,best,1,random
119,idID,True,0.05371466362032275,0.003005654662987162,10,"[0.01025784 0.0241044  0.01007697 0.01028452 0.13745433 0.01014461
 0.01382777 0.76354422 0.01028452 0.01002082]",[ 1  4  8 18 19 21 25 27 29 30],100,23,0.045739,1000,100,0.03,0.003,1,10,10,best,1,random
120,iDR,True,0.0536892782532539,0.003004912905023942,10,"[0.0102621  0.0241144  0.01008116 0.01028878 0.13751137 0.01014882
 0.01341851 0.7638611  0.01028878 0.01002498]",[ 1  4  8 18 19 21 25 27 29 30],100,35,0.045874,1000,100,0.03,0.003,1,10,10,best,1,random
121,idID,True,0.053638389702422816,0.0030227131081792943,10,"[0.01026362 0.02411799 0.01008266 0.01000149 0.01029032 0.13753184
 0.01342051 0.76397479 0.01029032 0.01002647]",[ 1  4  8 13 18 19 25 27 29 30],100,26,0.045147,1000,100,0.03,0.003,1,10,10,best,1,random
122,TID,True,0.053335592793970966,0.0030477328999002824,10,"[0.01026362 0.02824395 0.01008266 0.01000149 0.01029032 0.13340588
 0.01342051 0.76397479 0.01029032 0.01002647]",[ 1  4  8 13 18 19 25 27 29 30],100,51,0.045113,1000,100,0.03,0.003,1,10,10,best,1,random
123,idID,True,0.05267938319779643,0.0030406878199554653,10,"[0.01030487 0.02835744 0.01012317 0.01004168 0.01033167 0.12992368
 0.01347443 0.76704464 0.01033167 0.01006676]",[ 1  4  8 13 18 19 25 27 29 30],100,51,0.044923,1000,100,0.03,0.003,1,10,10,best,1,random
124,TID,True,0.052377664716046976,0.003064323536292956,10,"[0.01030487 0.03225515 0.01012317 0.01004168 0.01033167 0.12602597
 0.01347443 0.76704464 0.01033167 0.01006676]",[ 1  4  8 13 18 19 25 27 29 30],100,43,0.047688,1000,100,0.03,0.003,1,10,10,best,1,random
125,iDR,True,0.0517420844218146,0.0030577326273339986,10,"[0.01034397 0.03237756 0.01016159 0.01007979 0.01037088 0.12270913
 0.01352557 0.76995567 0.01037088 0.01010497]",[ 1  4  8 13 18 19 25 27 29 30],100,48,0.048269,1000,100,0.03,0.003,1,10,10,best,1,random
126,TID,True,0.05167548081419979,0.0030578399658905955,10,"[0.01034397 0.03237756 0.01016159 0.01007979 0.01037088 0.12270913
 0.01352557 0.7702668  0.01005975 0.01010497]",[ 1  4  8 13 18 19 25 27 29 30],100,34,0.047801,1000,100,0.03,0.003,1,10,10,best,1,random
127,idID,True,0.0510480842774815,0.003051399206201728,10,"[0.01038219 0.03249719 0.01019914 0.01011703 0.01040919 0.11946765
 0.01357554 0.77311284 0.01009692 0.0101423 ]",[ 1  4  8 13 18 19 25 27 29 30],100,54,0.049099,1000,100,0.03,0.003,1,10,10,best,1,random
128,iDR,True,0.05096035690433408,0.003043774169397279,10,"[0.01039233 0.03155304 0.01020909 0.0101269  0.01041935 0.11958423
 0.01358879 0.77386729 0.01010677 0.0101522 ]",[ 1  4  8 13 18 19 25 27 29 30],100,42,0.048097,1000,100,0.03,0.003,1,10,10,best,1,random
129,idID,True,0.05087484062939543,0.0030363636511729856,10,"[0.01040217 0.03063545 0.01021876 0.0101365  0.01042922 0.11969754
 0.01360167 0.77460052 0.01011635 0.01016182]",[ 1  4  8 13 18 19 25 27 29 30],100,43,0.048135,1000,100,0.03,0.003,1,10,10,best,1,random
130,iDR,True,0.050791492169099416,0.003029162019002285,10,"[0.01041174 0.02974372 0.01022816 0.01014582 0.01043882 0.11980765
 0.01361418 0.77531309 0.01012565 0.01017117]",[ 1  4  8 13 18 19 25 27 29 30],100,38,0.048311,1000,100,0.03,0.003,1,10,10,best,1,random
131,idID,True,0.0501693893152364,0.0030227706547194355,10,"[0.0104493  0.02985101 0.01026506 0.01018242 0.01047647 0.11663262
 0.01366329 0.77810979 0.01016218 0.01020786]",[ 1  4  8 13 18 19 25 27 29 30],100,43,0.048278,1000,100,0.03,0.003,1,10,10,best,1,random
132,iDR,True,0.0501050367921118,0.0030224087146649378,10,"[0.010139   0.02986037 0.01026828 0.01018561 0.01047976 0.1166692
 0.01366757 0.77835379 0.01016537 0.01021106]",[ 1  4  8 13 18 19 25 27 29 30],100,41,0.048314,1000,100,0.03,0.003,1,10,10,best,1,random
133,TID,True,0.05003903000550287,0.0030214793696989872,10,"[0.010139   0.02986037 0.01026828 0.01018561 0.01016537 0.1166692
 0.01366757 0.77866818 0.01016537 0.01021106]",[ 1  4  8 13 18 19 25 27 29 30],100,36,0.047424,1000,100,0.03,0.003,1,10,10,best,1,random
134,idID,True,0.04942507583504481,0.0030152290357850636,10,"[0.01017461 0.02996525 0.01030434 0.01022139 0.01020107 0.11356661
 0.01371558 0.78140315 0.01020107 0.01024692]",[ 1  4  8 13 18 19 25 27 29 30],100,44,0.046821,1000,100,0.03,0.003,1,10,10,best,1,random
135,iDR,True,0.0488200688074652,0.0030091241175646097,10,"[0.01020939 0.03006769 0.01033957 0.01025633 0.01023594 0.11053621
 0.01376247 0.78407449 0.01023594 0.01028195]",[ 1  4  8 13 18 19 25 27 29 30],100,40,0.047554,1000,100,0.03,0.003,1,10,10,best,1,random
136,iDR,True,0.048792499989293026,0.003008387297318113,10,"[0.01021361 0.03008011 0.01034384 0.01026057 0.01024017 0.11058187
 0.01335511 0.78439835 0.01024017 0.0102862 ]",[ 1  4  8 13 18 19 25 27 29 30],100,29,0.047476,1000,100,0.03,0.003,1,10,10,best,1,random
137,iDR,True,0.048708040509939966,0.003001291059643413,10,"[0.01022283 0.02920406 0.01035318 0.01026984 0.01024942 0.11068175
 0.01336717 0.78510683 0.01024942 0.01029549]",[ 1  4  8 13 18 19 25 27 29 30],100,38,0.047408,1000,100,0.03,0.003,1,10,10,best,1,random
138,iDR,True,0.048651951243847046,0.003000012963256158,10,"[0.01022601 0.02921314 0.01004571 0.01027303 0.01025261 0.11071613
 0.01337132 0.78535076 0.01025261 0.01029869]",[ 1  4  8 13 18 19 25 27 29 30],100,25,0.04627,1000,100,0.03,0.003,1,10,10,best,1,random
139,TID,True,0.0486042729612624,0.003001650454888779,10,"[0.01022601 0.02921314 0.01004571 0.01027303 0.01357409 0.10739465
 0.01337132 0.78535076 0.01025261 0.01029869]",[ 1  4  8 13 18 19 25 27 29 30],100,27,0.045852,1000,100,0.03,0.003,1,10,10,best,1,random
140,TID,True,0.048519274585139466,0.0030004467046423977,10,"[0.01022601 0.02921314 0.01004571 0.01027303 0.01316687 0.10739465
 0.01337132 0.78575798 0.01025261 0.01029869]",[ 1  4  8 13 18 19 25 27 29 30],100,26,0.045881,1000,100,0.03,0.003,1,10,10,best,1,random
141,TID,True,0.048151259000012867,0.003000420929926233,10,"[0.01022601 0.02921314 0.01004571 0.01027303 0.01316687 0.10417281
 0.01659316 0.78575798 0.01025261 0.01029869]",[ 1  4  8 13 18 19 25 27 29 30],100,29,0.045466,1000,100,0.03,0.003,1,10,10,best,1,random
142,TID,True,0.048112668208970484,0.003000223031919726,10,"[0.01022601 0.02921314 0.01004571 0.01027303 0.01277186 0.10417281
 0.01698817 0.78575798 0.01025261 0.01029869]",[ 1  4  8 13 18 19 25 27 29 30],100,15,0.045028,1000,100,0.03,0.003,1,10,10,best,1,random
143,TID,True,0.04805349346923875,0.0030017637477968593,10,"[0.01022601 0.02921314 0.01004571 0.01027303 0.01589705 0.10104763
 0.01698817 0.78575798 0.01025261 0.01029869]",[ 1  4  8 13 18 19 25 27 29 30],100,26,0.045249,1000,100,0.03,0.003,1,10,10,best,1,random
144,TID,True,0.048007452217222156,0.003001524815209994,10,"[0.01022601 0.02921314 0.01004571 0.01027303 0.01542013 0.10104763
 0.01746508 0.78575798 0.01025261 0.01029869]",[ 1  4  8 13 18 19 25 27 29 30],100,23,0.045786,1000,100,0.03,0.003,1,10,10,best,1,random
145,TID,True,0.047737867175512906,0.003019907399482952,10,"[0.01022601 0.03224457 0.01004571 0.01027303 0.01542013 0.0980162
 0.01746508 0.78575798 0.01025261 0.01029869]",[ 1  4  8 13 18 19 25 27 29 30],100,20,0.04558,1000,100,0.03,0.003,1,10,10,best,1,random
146,TID,True,0.04706177992944682,0.0030126649826108594,10,"[0.01022601 0.03224457 0.01004571 0.01027303 0.01542013 0.09507571
 0.01746508 0.78869847 0.01025261 0.01029869]",[ 1  4  8 13 18 19 25 27 29 30],100,36,0.047525,1000,100,0.03,0.003,1,10,10,best,1,random
147,iDR,True,0.04652373051501012,0.0030075495753244265,10,"[0.01025526 0.0323368  0.01007444 0.01030241 0.01546424 0.09248724
 0.01751504 0.79095448 0.01028193 0.01032815]",[ 1  4  8 13 18 19 25 27 29 30],100,37,0.047065,1000,100,0.03,0.003,1,10,10,best,1,random
148,iDR,True,0.04599517614429006,0.0030025595916652313,10,"[0.0102838  0.03242677 0.01010247 0.01033108 0.01550727 0.08996223
 0.01756377 0.79315519 0.01031054 0.01035688]",[ 1  4  8 13 18 19 25 27 29 30],100,36,0.047623,1000,100,0.03,0.003,1,10,10,best,1,random
149,iDR,True,0.045939094186064254,0.003002753085114194,10,"[0.01028699 0.03243685 0.01010561 0.01033429 0.01551209 0.08999019
 0.01756923 0.7934017  0.01031374 0.0100493 ]",[ 1  4  8 13 18 19 25 27 29 30],100,29,0.047493,1000,100,0.03,0.003,1,10,10,best,1,random
150,idID,True,0.04588672061507951,0.003003065611875182,10,"[0.01029018 0.03244689 0.01010874 0.01033749 0.01551689 0.09001805
 0.01757467 0.79364727 0.01000743 0.01005241]",[ 1  4  8 13 18 19 25 27 29 30],100,23,0.046907,1000,100,0.03,0.003,1,10,10,best,1,random
151,iDR,True,0.0458095179518941,0.003001998669937052,10,"[0.01029497 0.032462   0.01011345 0.0103423  0.01505839 0.09005997
 0.01758285 0.79401689 0.01001209 0.01005709]",[ 1  4  8 13 18 19 25 27 29 30],100,25,0.046129,1000,100,0.03,0.003,1,10,10,best,1,random
152,iDR,True,0.04573447482634488,0.0030009627863018767,10,"[0.01029962 0.03247667 0.01011802 0.01034698 0.01461324 0.09010067
 0.0175908  0.79437575 0.01001661 0.01006164]",[ 1  4  8 13 18 19 25 27 29 30],100,25,0.046775,1000,100,0.03,0.003,1,10,10,best,1,random
153,idID,True,0.04567370123129228,0.003000763740629647,10,"[0.01030282 0.03248676 0.01012116 0.01003968 0.01461778 0.09012865
 0.01759626 0.79462241 0.01001972 0.01006476]",[ 1  4  8 13 18 19 25 27 29 30],100,19,0.045277,1000,100,0.03,0.003,1,10,10,best,1,random
154,TID,True,0.04560236796485076,0.003002096743358119,10,"[0.01030282 0.03248676 0.01012116 0.01003968 0.01732164 0.08742479
 0.01759626 0.79462241 0.01001972 0.01006476]",[ 1  4  8 13 18 19 25 27 29 30],100,30,0.045615,1000,100,0.03,0.003,1,10,10,best,1,random
155,iDR,True,0.045516490568923235,0.0030009051384945924,10,"[0.01030818 0.03250365 0.01012642 0.0100449  0.01681073 0.08747024
 0.01760541 0.79503554 0.01002493 0.01006999]",[ 1  4  8 13 18 19 25 27 29 30],100,19,0.045739,1000,100,0.03,0.003,1,10,10,best,1,random
156,TID,True,0.045482744164891516,0.0030037147151009374,10,"[0.01030818 0.03300797 0.01012642 0.0100449  0.0163064  0.08747024
 0.01760541 0.79503554 0.01002493 0.01006999]",[ 1  4  8 13 18 19 25 27 29 30],100,28,0.045554,1000,100,0.03,0.003,1,10,10,best,1,random
157,iDR,False,0.04540158614827089,0.003002593777229899,10,"[0.01031322 0.03302412 0.01013138 0.01004982 0.01582495 0.08751305
 0.01761403 0.79542466 0.01002984 0.01007492]",[ 1  4  8 13 18 19 25 27 29 30],100,23,0.045328,1000,100,0.03,0.003,1,10,10,best,1,random
158,iDR,True,0.045322690117937346,0.0030015054186345856,10,"[0.01031812 0.03303981 0.01013619 0.01005459 0.0153575  0.08755462
 0.01762239 0.79580247 0.0100346  0.01007971]",[ 1  4  8 13 18 19 25 27 29 30],100,24,0.046726,1000,100,0.03,0.003,1,10,10,best,1,random
159,idID,True,0.04524599806232421,0.0030004487225170737,10,"[0.01032288 0.03305504 0.01014086 0.01005923 0.01490364 0.08759498
 0.01763052 0.79616928 0.01003923 0.01008435]",[ 1  4  8 13 18 19 25 27 29 30],100,25,0.046852,1000,100,0.03,0.003,1,10,10,best,1,random
160,iDR,True,0.04518100480115428,0.0030000842478860134,10,"[0.01001629 0.03306528 0.01014401 0.01006234 0.01490825 0.08762211
 0.01763598 0.79641592 0.01004234 0.01008748]",[ 1  4  8 13 18 19 25 27 29 30],100,20,0.045522,1000,100,0.03,0.003,1,10,10,best,1,random
161,TID,True,0.045151625955722814,0.0030061669750184347,10,"[0.01001629 0.03306528 0.01277267 0.01006234 0.01490825 0.08499345
 0.01763598 0.79641592 0.01004234 0.01008748]",[ 1  4  8 13 18 19 25 27 29 30],100,20,0.044958,1000,100,0.03,0.003,1,10,10,best,1,random
162,iDR,True,0.044653309713700504,0.003001578804541156,10,"[0.0100419  0.0331498  0.01280532 0.01008807 0.01494636 0.0826544
 0.01768106 0.79845182 0.01006801 0.01011327]",[ 1  4  8 13 18 19 25 27 29 30],100,43,0.048045,1000,100,0.03,0.003,1,10,10,best,1,random
163,iDR,True,0.04457846644061615,0.0030005504425501036,10,"[0.0100464  0.03316467 0.01281106 0.01009259 0.01450448 0.08269148
 0.01768899 0.79880999 0.01007253 0.0101178 ]",[ 1  4  8 13 18 19 25 27 29 30],100,25,0.046154,1000,100,0.03,0.003,1,10,10,best,1,random
164,TID,True,0.04433634764455055,0.003015593676111031,10,"[0.0100464  0.03564542 0.01281106 0.01009259 0.01450448 0.08021073
 0.01768899 0.79880999 0.01007253 0.0101178 ]",[ 1  4  8 13 18 19 25 27 29 30],100,30,0.046137,1000,100,0.03,0.003,1,10,10,best,1,random
165,iDR,True,0.044230214542392995,0.0030071908291994624,10,"[0.01005716 0.03461307 0.01282478 0.01010339 0.01452    0.0802966
 0.01770793 0.79966513 0.01008331 0.01012863]",[ 1  4  8 13 18 19 25 27 29 30],100,45,0.047995,1000,100,0.03,0.003,1,10,10,best,1,random
166,idID,True,0.04375179518406377,0.0030028592916859003,10,"[0.01008144 0.03469665 0.01285575 0.01012779 0.01455507 0.07807578
 0.01775069 0.80159609 0.01010766 0.01015309]",[ 1  4  8 13 18 19 25 27 29 30],100,32,0.046972,1000,100,0.03,0.003,1,10,10,best,1,random
167,TID,True,0.04366058209054098,0.003001568548428246,10,"[0.01008144 0.03469665 0.01285575 0.01012779 0.01411841 0.07807578
 0.01775069 0.80203274 0.01010766 0.01015309]",[ 1  4  8 13 18 19 25 27 29 30],100,29,0.045878,1000,100,0.03,0.003,1,10,10,best,1,random
168,TID,True,0.0433608433281673,0.003001549810241569,10,"[0.01008144 0.03469665 0.01285575 0.01012779 0.01411841 0.0757335
 0.02009296 0.80203274 0.01010766 0.01015309]",[ 1  4  8 13 18 19 25 27 29 30],100,20,0.045869,1000,100,0.03,0.003,1,10,10,best,1,random
169,iDR,True,0.04331742501281426,0.0030004692927608203,10,"[0.01008752 0.03471758 0.0128635  0.0101339  0.01412693 0.07577918
 0.01950193 0.80251649 0.01011376 0.01015921]",[ 1  4  8 13 18 19 25 27 29 30],100,29,0.04687,1000,100,0.03,0.003,1,10,10,best,1,random
170,TID,True,0.04328856509617977,0.0030028303265094733,10,"[0.01008752 0.03514139 0.0128635  0.0101339  0.01370312 0.07577918
 0.01950193 0.80251649 0.01011376 0.01015921]",[ 1  4  8 13 18 19 25 27 29 30],100,32,0.045941,1000,100,0.03,0.003,1,10,10,best,1,random
171,idID,True,0.043217659637614425,0.003001242806979289,10,"[0.01009142 0.03515495 0.01248241 0.01013781 0.01370841 0.07580844
 0.01950946 0.8028263  0.01011766 0.01016314]",[ 1  4  8 13 18 19 25 27 29 30],100,22,0.045692,1000,100,0.03,0.003,1,10,10,best,1,random
172,TID,True,0.04292400018978852,0.003001224612954124,10,"[0.01009142 0.03515495 0.01248241 0.01013781 0.01370841 0.07353419
 0.02178371 0.8028263  0.01011766 0.01016314]",[ 1  4  8 13 18 19 25 27 29 30],100,22,0.047119,1000,100,0.03,0.003,1,10,10,best,1,random
173,iDR,True,0.042854546417736485,0.0030002813157400552,10,"[0.01009557 0.03516942 0.01248755 0.01014198 0.01330263 0.07356444
 0.02179267 0.8031566  0.01012182 0.01016732]",[ 1  4  8 13 18 19 25 27 29 30],100,23,0.045866,1000,100,0.03,0.003,1,10,10,best,1,random
174,TID,True,0.04282718897134989,0.00300250458433627,10,"[0.01009557 0.03556849 0.01248755 0.01014198 0.01290355 0.07356444
 0.02179267 0.8031566  0.01012182 0.01016732]",[ 1  4  8 13 18 19 25 27 29 30],100,28,0.045658,1000,100,0.03,0.003,1,10,10,best,1,random
175,iDR,True,0.04275823346257016,0.0030009633574304482,10,"[0.01009935 0.03558182 0.01211746 0.01014578 0.01290839 0.07359201
 0.02180084 0.8034576  0.01012562 0.01017113]",[ 1  4  8 13 18 19 25 27 29 30],100,23,0.046587,1000,100,0.03,0.003,1,10,10,best,1,random
176,TID,True,0.0425326012416082,0.0030143512155444596,10,"[0.01009935 0.03778958 0.01211746 0.01014578 0.01290839 0.07138425
 0.02180084 0.8034576  0.01012562 0.01017113]",[ 1  4  8 13 18 19 25 27 29 30],100,16,0.0453,1000,100,0.03,0.003,1,10,10,best,1,random
177,TID,True,0.042373509724645195,0.0030046842618266924,10,"[0.01009935 0.0366559  0.01211746 0.01014578 0.01290839 0.07138425
 0.02180084 0.80459129 0.01012562 0.01017113]",[ 1  4  8 13 18 19 25 27 29 30],100,33,0.047338,1000,100,0.03,0.003,1,10,10,best,1,random
178,iDR,True,0.04193561389165267,0.0030008291465549422,10,"[0.01012103 0.03673457 0.01214347 0.01016756 0.01293609 0.06939132
 0.02184763 0.80631804 0.01014735 0.01019296]",[ 1  4  8 13 18 19 25 27 29 30],100,25,0.045906,1000,100,0.03,0.003,1,10,10,best,1,random
179,TID,True,0.04189192542135267,0.0030056462922564346,10,"[0.01012103 0.03673457 0.01422521 0.01016756 0.01293609 0.06730958
 0.02184763 0.80631804 0.01014735 0.01019296]",[ 1  4  8 13 18 19 25 27 29 30],100,27,0.045037,1000,100,0.03,0.003,1,10,10,best,1,random
180,iDR,True,0.04182586401279962,0.003004757876980543,10,"[0.01012495 0.03674883 0.01423073 0.01017151 0.01255288 0.06733572
 0.02185611 0.80663108 0.01015129 0.01019691]",[ 1  4  8 13 18 19 25 27 29 30],100,35,0.046971,1000,100,0.03,0.003,1,10,10,best,1,random
181,iDR,True,0.041407648076505744,0.0030011219947568926,10,"[0.01014545 0.03682321 0.01425953 0.01019209 0.01257829 0.06544785
 0.02190035 0.80826383 0.01017183 0.01021755]",[ 1  4  8 13 18 19 25 27 29 30],100,32,0.046541,1000,100,0.03,0.003,1,10,10,best,1,random
182,TID,True,0.0411995004933244,0.003013028268324365,10,"[0.01014545 0.03878665 0.01425953 0.01019209 0.01257829 0.06348442
 0.02190035 0.80826383 0.01017183 0.01021755]",[ 1  4  8 13 18 19 25 27 29 30],100,33,0.046556,1000,100,0.03,0.003,1,10,10,best,1,random
183,TID,True,0.04112658784846567,0.0030139672028696653,10,"[0.01014545 0.03878665 0.01425953 0.01019209 0.01448282 0.06157989
 0.02190035 0.80826383 0.01017183 0.01021755]",[ 1  4  8 13 18 19 25 27 29 30],100,43,0.047672,1000,100,0.03,0.003,1,10,10,best,1,random
184,TID,True,0.04092770677942644,0.0030251698156693,10,"[0.01014545 0.04063404 0.01425953 0.01019209 0.01448282 0.05973249
 0.02190035 0.80826383 0.01017183 0.01021755]",[ 1  4  8 13 18 19 25 27 29 30],100,46,0.047963,1000,100,0.03,0.003,1,10,10,best,1,random
185,iDR,True,0.04054881885841489,0.0030219818602204265,10,"[0.01016366 0.04070699 0.01428513 0.01021039 0.01450882 0.05804453
 0.02193966 0.80971482 0.01019009 0.0102359 ]",[ 1  4  8 13 18 19 25 27 29 30],100,42,0.047823,1000,100,0.03,0.003,1,10,10,best,1,random
186,TID,True,0.04011228060691687,0.0030176929499914737,10,"[0.01016366 0.04070699 0.01428513 0.01021039 0.01450882 0.05630319
 0.02193966 0.81145616 0.01019009 0.0102359 ]",[ 1  4  8 13 18 19 25 27 29 30],100,29,0.046807,1000,100,0.03,0.003,1,10,10,best,1,random
187,iDR,True,0.03975071282388965,0.0030146756771043948,10,"[0.01018086 0.04077586 0.0143093  0.01022767 0.01453337 0.0547065
 0.02197678 0.8128291  0.01020734 0.01025322]",[ 1  4  8 13 18 19 25 27 29 30],100,49,0.048167,1000,100,0.03,0.003,1,10,10,best,1,random
188,idID,True,0.03939742814708847,0.0030117391510586,10,"[0.01019759 0.0408429  0.01433283 0.01024448 0.01455726 0.05315254
 0.02201291 0.81416531 0.01022412 0.01027007]",[ 1  4  8 13 18 19 25 27 29 30],100,31,0.047215,1000,100,0.03,0.003,1,10,10,best,1,random
189,idID,True,0.03905231120506668,0.0030088814815077388,10,"[0.01021388 0.04090813 0.01435572 0.01026084 0.01458051 0.05164031
 0.02204807 0.81546563 0.01024044 0.01028647]",[ 1  4  8 13 18 19 25 27 29 30],100,36,0.046982,1000,100,0.03,0.003,1,10,10,best,1,random
190,iDR,True,0.03900133159718122,0.003007700609353604,10,"[0.01022064 0.0409352  0.01436522 0.01026763 0.01459016 0.05167449
 0.02140078 0.81600537 0.01024722 0.01029328]",[ 1  4  8 13 18 19 25 27 29 30],100,38,0.047058,1000,100,0.03,0.003,1,10,10,best,1,random
191,iDR,True,0.038925667348232974,0.003006699446930695,10,"[0.01022512 0.04095313 0.01437151 0.01027213 0.01415865 0.05169712
 0.02141015 0.81636269 0.01025171 0.01029779]",[ 1  4  8 13 18 19 25 27 29 30],100,26,0.047695,1000,100,0.03,0.003,1,10,10,best,1,random
192,TID,True,0.03875142287463971,0.0030161041863118504,10,"[0.01022512 0.04250404 0.01437151 0.01027213 0.01415865 0.0501462
 0.02141015 0.81636269 0.01025171 0.01029779]",[ 1  4  8 13 18 19 25 27 29 30],100,36,0.046738,1000,100,0.03,0.003,1,10,10,best,1,random
193,iDR,True,0.038422638535202724,0.0030134149682701744,10,"[0.01024052 0.04256808 0.01439316 0.01028761 0.01417998 0.0487151
 0.02144241 0.81759267 0.01026716 0.0103133 ]",[ 1  4  8 13 18 19 25 27 29 30],100,38,0.047592,1000,100,0.03,0.003,1,10,10,best,1,random
194,TID,True,0.03835139822018213,0.003009311207996313,10,"[0.01024052 0.04256808 0.01439316 0.01028761 0.01417998 0.04725365
 0.02144241 0.81759267 0.01172861 0.0103133 ]",[ 1  4  8 13 18 19 25 27 29 30],100,35,0.047147,1000,100,0.03,0.003,1,10,10,best,1,random
195,iDR,True,0.038291417870609155,0.003009668931344059,10,"[0.01024413 0.04258306 0.01439823 0.01029123 0.01418498 0.04727028
 0.02144996 0.81788045 0.01138075 0.01031693]",[ 1  4  8 13 18 19 25 27 29 30],100,33,0.048589,1000,100,0.03,0.003,1,10,10,best,1,random
196,idID,True,0.0379785453291685,0.003007125022044645,10,"[0.01025868 0.04264354 0.01441868 0.01030584 0.01420512 0.04591729
 0.02148042 0.81904194 0.01139692 0.01033159]",[ 1  4  8 13 18 19 25 27 29 30],100,25,0.048255,1000,100,0.03,0.003,1,10,10,best,1,random
197,TID,True,0.037888884339167046,0.003005865311997091,10,"[0.01025868 0.04264354 0.01441868 0.01030584 0.01377897 0.04591729
 0.02148042 0.81946809 0.01139692 0.01033159]",[ 1  4  8 13 18 19 25 27 29 30],100,26,0.047852,1000,100,0.03,0.003,1,10,10,best,1,random
198,iDR,True,0.03780738494055663,0.0030040870944217013,10,"[0.01026311 0.04266199 0.01399217 0.0103103  0.01378493 0.04593716
 0.02148972 0.81982271 0.01140185 0.01033606]",[ 1  4  8 13 18 19 25 27 29 30],100,23,0.047304,1000,100,0.03,0.003,1,10,10,best,1,random
199,iDR,True,0.03750165967742668,0.003001607324737697,10,"[0.01027728 0.04272087 0.01401148 0.01032453 0.01380395 0.04462054
 0.02151937 0.82095408 0.01141758 0.01035032]",[ 1  4  8 13 18 19 25 27 29 30],100,27,0.048517,1000,100,0.03,0.003,1,10,10,best,1,random
200,idID,True,0.03744202574888208,0.003001408910681234,10,"[0.01028046 0.0427341  0.01401582 0.0100179  0.01380823 0.04463436
 0.02152604 0.82120844 0.01142112 0.01035353]",[ 1  4  8 13 18 19 25 27 29 30],100,18,0.047473,1000,100,0.03,0.003,1,10,10,best,1,random
201,TID,True,0.03725020608328774,0.003001398198434254,10,"[0.01028046 0.0427341  0.01401582 0.0100179  0.01380823 0.04329533
 0.02286507 0.82120844 0.01142112 0.01035353]",[ 1  4  8 13 18 19 25 27 29 30],100,18,0.046506,1000,100,0.03,0.003,1,10,10,best,1,random
202,iDR,True,0.03719154087546836,0.0030017438279851074,10,"[0.01028399 0.04274875 0.01402062 0.01002133 0.01381296 0.04331017
 0.02287291 0.82148991 0.01108228 0.01035708]",[ 1  4  8 13 18 19 25 27 29 30],100,18,0.046206,1000,100,0.03,0.003,1,10,10,best,1,random
203,TID,True,0.03711270230083572,0.00300005923832565,10,"[0.01028399 0.04274875 0.01402062 0.01002133 0.01381296 0.04331017
 0.02218672 0.8221761  0.01108228 0.01035708]",[ 1  4  8 13 18 19 25 27 29 30],100,26,0.047364,1000,100,0.03,0.003,1,10,10,best,1,random
204,iDR,True,0.037055075052760914,0.0030002519582303278,10,"[0.01028718 0.04276204 0.01402498 0.01002445 0.01381726 0.04332363
 0.02219362 0.82243164 0.01108573 0.01004949]",[ 1  4  8 13 18 19 25 27 29 30],100,23,0.046138,1000,100,0.03,0.003,1,10,10,best,1,random
205,TID,True,0.036986319125119654,0.0030003666955226564,10,"[0.01028718 0.04276204 0.01402498 0.01002445 0.01381726 0.04332363
 0.02219362 0.82276421 0.01075316 0.01004949]",[ 1  4  8 13 18 19 25 27 29 30],100,17,0.046181,1000,100,0.03,0.003,1,10,10,best,1,random
206,iDR,True,0.03693093099764022,0.0030006917715534073,10,"[0.0102905  0.04277584 0.01402951 0.01002768 0.01382171 0.04333761
 0.02220078 0.82302971 0.01043393 0.01005273]",[ 1  4  8 13 18 19 25 27 29 30],100,21,0.045742,1000,100,0.03,0.003,1,10,10,best,1,random
207,TID,True,0.036743978652067556,0.003000681370526351,10,"[0.0102905  0.04277584 0.01402951 0.01002768 0.01382171 0.04203748
 0.02350091 0.82302971 0.01043393 0.01005273]",[ 1  4  8 13 18 19 25 27 29 30],100,20,0.0459,1000,100,0.03,0.003,1,10,10,best,1,random
208,TID,True,0.03656168299143122,0.003000671281530106,10,"[0.0102905  0.04277584 0.01402951 0.01002768 0.01382171 0.04077636
 0.02476203 0.82302971 0.01043393 0.01005273]",[ 1  4  8 13 18 19 25 27 29 30],100,19,0.045797,1000,100,0.03,0.003,1,10,10,best,1,random
209,TID,True,0.0365004874316115,0.003001274363891877,10,"[0.0102905  0.04277584 0.01402951 0.01002768 0.01504501 0.03955307
 0.02476203 0.82302971 0.01043393 0.01005273]",[ 1  4  8 13 18 19 25 27 29 30],100,19,0.04531,1000,100,0.03,0.003,1,10,10,best,1,random
210,TID,True,0.036327318892990186,0.0030012648711553107,10,"[0.0102905  0.04277584 0.01402951 0.01002768 0.01504501 0.03836648
 0.02594862 0.82302971 0.01043393 0.01005273]",[ 1  4  8 13 18 19 25 27 29 30],100,13,0.045746,1000,100,0.03,0.003,1,10,10,best,1,random
211,idID,True,0.036248303182967706,0.003000229577517519,10,"[0.01029515 0.04279515 0.01403584 0.01003221 0.01460024 0.0383838
 0.02596034 0.82340136 0.01043864 0.01005727]",[ 1  4  8 13 18 19 25 27 29 30],100,20,0.045884,1000,100,0.03,0.003,1,10,10,best,1,random
212,TID,True,0.03607951434072849,0.0030002203654051606,10,"[0.01029515 0.04279515 0.01403584 0.01003221 0.01460024 0.03723229
 0.02711185 0.82340136 0.01043864 0.01005727]",[ 1  4  8 13 18 19 25 27 29 30],100,17,0.045241,1000,100,0.03,0.003,1,10,10,best,1,random
213,TID,True,0.03594700784020977,0.0030069936631374784,10,"[0.01029515 0.04391212 0.01403584 0.01003221 0.01460024 0.03611532
 0.02711185 0.82340136 0.01043864 0.01005727]",[ 1  4  8 13 18 19 25 27 29 30],100,12,0.044886,1000,100,0.03,0.003,1,10,10,best,1,random
214,iDR,True,0.0356999202840483,0.0030050478215720147,10,"[0.01030632 0.04395975 0.01405106 0.01004309 0.01461608 0.03506986
 0.02714126 0.82429445 0.01044996 0.01006818]",[ 1  4  8 13 18 19 25 27 29 30],100,31,0.047561,1000,100,0.03,0.003,1,10,10,best,1,random
215,iDR,True,0.03563427447642056,0.003003590816925061,10,"[0.01031471 0.04399557 0.01406251 0.01005127 0.01462799 0.03509843
 0.02634848 0.82496616 0.01045848 0.01007638]",[ 1  4  8 13 18 19 25 27 29 30],100,32,0.047671,1000,100,0.03,0.003,1,10,10,best,1,random
216,TID,True,0.035357568424531,0.0030009973935996564,10,"[0.01031471 0.04399557 0.01406251 0.01005127 0.01462799 0.03404548
 0.02634848 0.82601912 0.01045848 0.01007638]",[ 1  4  8 13 18 19 25 27 29 30],100,26,0.04736,1000,100,0.03,0.003,1,10,10,best,1,random
217,idID,True,0.035289653516993466,0.0030006333770475897,10,"[0.01000837 0.04400919 0.01406687 0.01005438 0.01463252 0.03405602
 0.02635663 0.8262748  0.01046171 0.0100795 ]",[ 1  4  8 13 18 19 25 27 29 30],100,29,0.046553,1000,100,0.03,0.003,1,10,10,best,1,random
218,TID,True,0.035137909221506586,0.0030006252036028354,10,"[0.01000837 0.04400919 0.01406687 0.01005438 0.01463252 0.03303434
 0.02737831 0.8262748  0.01046171 0.0100795 ]",[ 1  4  8 13 18 19 25 27 29 30],100,25,0.045176,1000,100,0.03,0.003,1,10,10,best,1,random
219,iDR,True,0.035083742871299214,0.003000941547508689,10,"[0.01001151 0.04402301 0.01407128 0.01005754 0.01463711 0.03304471
 0.02738691 0.82653421 0.01015105 0.01008267]",[ 1  4  8 13 18 19 25 27 29 30],100,29,0.04512,1000,100,0.03,0.003,1,10,10,best,1,random
220,TID,True,0.03496416130581653,0.003006953041214865,10,"[0.01001151 0.04501435 0.01407128 0.01005754 0.01463711 0.03205337
 0.02738691 0.82653421 0.01015105 0.01008267]",[ 1  4  8 13 18 19 25 27 29 30],100,27,0.044943,1000,100,0.03,0.003,1,10,10,best,1,random
221,iDR,True,0.03488352929033273,0.0030052181439768583,10,"[0.01001574 0.04503336 0.01365491 0.01006179 0.01464329 0.03206691
 0.02739847 0.82688327 0.01015534 0.01008692]",[ 1  4  8 13 18 19 25 27 29 30],100,33,0.046808,1000,100,0.03,0.003,1,10,10,best,1,random
222,iDR,True,0.03480582934321819,0.003004212242865885,10,"[0.01002014 0.04505315 0.01366091 0.01006621 0.01421024 0.032081
 0.02741052 0.82724668 0.0101598  0.01009136]",[ 1  4  8 13 18 19 25 27 29 30],100,35,0.047611,1000,100,0.03,0.003,1,10,10,best,1,random
223,iDR,True,0.0347303169159164,0.003003235673646959,10,"[0.01002441 0.04507236 0.01366674 0.0100705  0.01378981 0.03209468
 0.02742221 0.82759949 0.01016413 0.01009566]",[ 1  4  8 13 18 19 25 27 29 30],100,27,0.046947,1000,100,0.03,0.003,1,10,10,best,1,random
224,TID,True,0.03458650537093207,0.003003227970923507,10,"[0.01002441 0.04507236 0.01366674 0.0100705  0.01378981 0.03113184
 0.02838505 0.82759949 0.01016413 0.01009566]",[ 1  4  8 13 18 19 25 27 29 30],100,33,0.047412,1000,100,0.03,0.003,1,10,10,best,1,random
225,idID,True,0.034369970942902395,0.0030015473627424114,10,"[0.01003379 0.0451145  0.01367951 0.01007992 0.0138027  0.03022612
 0.02841158 0.82837315 0.01017363 0.0101051 ]",[ 1  4  8 13 18 19 25 27 29 30],100,32,0.046953,1000,100,0.03,0.003,1,10,10,best,1,random
226,iDR,True,0.034296415820207385,0.003000597708353056,10,"[0.01003794 0.04513319 0.01368518 0.01008409 0.01339417 0.03023864
 0.02842335 0.82871631 0.01017785 0.01010928]",[ 1  4  8 13 18 19 25 27 29 30],100,26,0.046474,1000,100,0.03,0.003,1,10,10,best,1,random
227,TID,True,0.03426290705863421,0.0030021372911121975,10,"[0.01003794 0.04554374 0.01327462 0.01008409 0.01339417 0.03023864
 0.02842335 0.82871631 0.01017785 0.01010928]",[ 1  4  8 13 18 19 25 27 29 30],100,25,0.045784,1000,100,0.03,0.003,1,10,10,best,1,random
228,iDR,True,0.034186429318320694,0.0030004987373121153,10,"[0.01004194 0.04556189 0.01288152 0.01008811 0.0133995  0.03025068
 0.02843468 0.82904647 0.0101819  0.01011331]",[ 1  4  8 13 18 19 25 27 29 30],100,21,0.046622,1000,100,0.03,0.003,1,10,10,best,1,random
229,TID,True,0.03415910851058174,0.003002738196169789,10,"[0.01004194 0.04596387 0.01288152 0.01008811 0.01299752 0.03025068
 0.02843468 0.82904647 0.0101819  0.01011331]",[ 1  4  8 13 18 19 25 27 29 30],100,25,0.045124,1000,100,0.03,0.003,1,10,10,best,1,random
230,iDR,True,0.03394793619917726,0.0030011047543286955,10,"[0.01005106 0.04600562 0.01289322 0.01009727 0.01300932 0.02936982
 0.0284605  0.82979953 0.01019115 0.0101225 ]",[ 1  4  8 13 18 19 25 27 29 30],100,31,0.04694,1000,100,0.03,0.003,1,10,10,best,1,random
231,iDR,True,0.033878233902047944,0.003000209534450005,10,"[0.01005499 0.04602359 0.01289825 0.01010122 0.01262397 0.02938128
 0.02847162 0.83012351 0.01019513 0.01012645]",[ 1  4  8 13 18 19 25 27 29 30],100,27,0.045894,1000,100,0.03,0.003,1,10,10,best,1,random
232,TID,True,0.03384187670576411,0.0030000197961681237,10,"[0.01005499 0.04602359 0.01289825 0.01010122 0.01224525 0.02938128
 0.02885033 0.83012351 0.01019513 0.01012645]",[ 1  4  8 13 18 19 25 27 29 30],100,21,0.045033,1000,100,0.03,0.003,1,10,10,best,1,random
233,TID,True,0.03370921488837674,0.0030000127446600587,10,"[0.01005499 0.04602359 0.01289825 0.01010122 0.01224525 0.02849985
 0.02973177 0.83012351 0.01019513 0.01012645]",[ 1  4  8 13 18 19 25 27 29 30],100,28,0.0453,1000,100,0.03,0.003,1,10,10,best,1,random
234,TID,True,0.03367740242318841,0.00300146379785719,10,"[0.01005499 0.04641053 0.0125113  0.01010122 0.01224525 0.02849985
 0.02973177 0.83012351 0.01019513 0.01012645]",[ 1  4  8 13 18 19 25 27 29 30],100,18,0.045277,1000,100,0.03,0.003,1,10,10,best,1,random
235,iDR,True,0.03361158484352294,0.0030006213078756245,10,"[0.01005868 0.04642759 0.0125159  0.01010493 0.01188226 0.02851032
 0.0297427  0.83042857 0.01019888 0.01013017]",[ 1  4  8 13 18 19 25 27 29 30],100,29,0.045995,1000,100,0.03,0.003,1,10,10,best,1,random
236,TID,True,0.03358695946953661,0.003002607189857522,10,"[0.01005868 0.04678406 0.0125159  0.01010493 0.01152579 0.02851032
 0.0297427  0.83042857 0.01019888 0.01013017]",[ 1  4  8 13 18 19 25 27 29 30],100,15,0.044711,1000,100,0.03,0.003,1,10,10,best,1,random
237,TID,True,0.03351379718884468,0.003001585082673114,10,"[0.01005868 0.04678406 0.0125159  0.01010493 0.01118002 0.02851032
 0.0297427  0.83077435 0.01019888 0.01013017]",[ 1  4  8 13 18 19 25 27 29 30],100,24,0.046869,1000,100,0.03,0.003,1,10,10,best,1,random
238,iDR,True,0.03345347829484584,0.0030008159475248247,10,"[0.01006206 0.04679975 0.0125201  0.01010832 0.01084826 0.02851988
 0.02975268 0.83105308 0.0102023  0.01013357]",[ 1  4  8 13 18 19 25 27 29 30],100,20,0.045628,1000,100,0.03,0.003,1,10,10,best,1,random
239,iDR,True,0.03339488437137269,0.003000069393153359,10,"[0.01006533 0.04681499 0.01252418 0.01011161 0.01052623 0.02852917
 0.02976236 0.83132363 0.01020562 0.01013687]",[ 1  4  8 13 18 19 25 27 29 30],100,27,0.045748,1000,100,0.03,0.003,1,10,10,best,1,random
240,TID,True,0.033372755436215776,0.0030018286425982405,10,"[0.01006533 0.04713078 0.01252418 0.01011161 0.01021045 0.02852917
 0.02976236 0.83132363 0.01020562 0.01013687]",[ 1  4  8 13 18 19 25 27 29 30],100,25,0.045669,1000,100,0.03,0.003,1,10,10,best,1,random
241,iDR,True,0.03317232785266844,0.003000287457629764,10,"[0.01007396 0.04717115 0.0125349  0.01012027 0.01021919 0.027697
 0.02978786 0.83203575 0.01021436 0.01014555]",[ 1  4  8 13 18 19 25 27 29 30],100,28,0.04636,1000,100,0.03,0.003,1,10,10,best,1,random
242,TID,True,0.03304675777646251,0.0030002808103500003,10,"[0.01007396 0.04717115 0.0125349  0.01012027 0.01021919 0.02686609
 0.03061877 0.83203575 0.01021436 0.01014555]",[ 1  4  8 13 18 19 25 27 29 30],100,19,0.047654,1000,100,0.03,0.003,1,10,10,best,1,random
243,iDR,False,0.03304675777646251,0.0030002808103500003,10,"[0.01007396 0.04717115 0.0125349  0.01012027 0.01021919 0.02686609
 0.03061877 0.83203575 0.01021436 0.01014555]",[ 1  4  8 13 18 19 25 27 29 30],100,24,0.045648,1000,100,0.03,0.003,1,10,10,best,1,random
244,TID,True,0.03300264337597355,0.003000678159806972,10,"[0.01007396 0.04717115 0.0125349  0.01012027 0.01102518 0.02606011
 0.03061877 0.83203575 0.01021436 0.01014555]",[ 1  4  8 13 18 19 25 27 29 30],100,17,0.045307,1000,100,0.03,0.003,1,10,10,best,1,random
245,TID,True,0.03296951729698787,0.0030024872523914115,10,"[0.01007396 0.04717115 0.01331671 0.01012027 0.01102518 0.0252783
 0.03061877 0.83203575 0.01021436 0.01014555]",[ 1  4  8 13 18 19 25 27 29 30],100,18,0.046067,1000,100,0.03,0.003,1,10,10,best,1,random
246,iDR,True,0.03289231372001117,0.0030008436418681983,10,"[0.01007798 0.04719    0.01292237 0.01012432 0.01102958 0.02528841
 0.03063101 0.83236828 0.01021845 0.01014961]",[ 1  4  8 13 18 19 25 27 29 30],100,30,0.047252,1000,100,0.03,0.003,1,10,10,best,1,random
247,iDR,True,0.03283259939329339,0.00300008461402698,10,"[0.01008132 0.04720562 0.01292665 0.01012767 0.01070224 0.02529678
 0.03064115 0.8326438  0.01022183 0.01015297]",[ 1  4  8 13 18 19 25 27 29 30],100,23,0.045964,1000,100,0.03,0.003,1,10,10,best,1,random
248,TID,True,0.03271694587867805,0.003000078542800664,10,"[0.01008132 0.04720562 0.01292665 0.01012767 0.01070224 0.02453787
 0.03140005 0.8326438  0.01022183 0.01015297]",[ 1  4  8 13 18 19 25 27 29 30],100,24,0.045498,1000,100,0.03,0.003,1,10,10,best,1,random
249,TID,True,0.03262451856187516,0.003004542472661924,10,"[0.01008132 0.04794176 0.01292665 0.01012767 0.01070224 0.02380174
 0.03140005 0.8326438  0.01022183 0.01015297]",[ 1  4  8 13 18 19 25 27 29 30],100,23,0.044328,1000,100,0.03,0.003,1,10,10,best,1,random
250,idID,True,0.03245515165813509,0.0030032587917677325,10,"[0.01008852 0.04797601 0.01293588 0.0101349  0.01070988 0.02310418
 0.03142249 0.83323877 0.01022913 0.01016022]",[ 1  4  8 13 18 19 25 27 29 30],100,33,0.047794,1000,100,0.03,0.003,1,10,10,best,1,random
251,idID,True,0.032375666910361756,0.0030015700562989827,10,"[0.01009804 0.04802128 0.01294809 0.01014447 0.01071999 0.02312598
 0.03050857 0.83402499 0.01023878 0.01016981]",[ 1  4  8 13 18 19 25 27 29 30],100,44,0.047614,1000,100,0.03,0.003,1,10,10,best,1,random
252,iDR,True,0.032210615032433006,0.0030003207820111875,10,"[0.01010505 0.04805462 0.01295708 0.01015151 0.01072743 0.02244778
 0.03052975 0.83460402 0.01024589 0.01017687]",[ 1  4  8 13 18 19 25 27 29 30],100,26,0.046288,1000,100,0.03,0.003,1,10,10,best,1,random
253,TID,True,0.03217852023794411,0.003001778453316567,10,"[0.01010505 0.04844333 0.01256837 0.01015151 0.01072743 0.02244778
 0.03052975 0.83460402 0.01024589 0.01017687]",[ 1  4  8 13 18 19 25 27 29 30],100,24,0.045973,1000,100,0.03,0.003,1,10,10,best,1,random
254,TID,True,0.03199736956047016,0.0030001197870794284,10,"[0.01010505 0.04844333 0.01256837 0.01015151 0.01072743 0.02177434
 0.03052975 0.83527745 0.01024589 0.01017687]",[ 1  4  8 13 18 19 25 27 29 30],100,30,0.047261,1000,100,0.03,0.003,1,10,10,best,1,random
255,iDR,False,0.03199736956047016,0.0030001197870794284,10,"[0.01010505 0.04844333 0.01256837 0.01015151 0.01072743 0.02177434
 0.03052975 0.83527745 0.01024589 0.01017687]",[ 1  4  8 13 18 19 25 27 29 30],100,18,0.044934,1000,100,0.03,0.003,1,10,10,best,1,random
256,TID,True,0.03189685640797905,0.0030001145612369596,10,"[0.01010505 0.04844333 0.01256837 0.01015151 0.01072743 0.02112111
 0.03118298 0.83527745 0.01024589 0.01017687]",[ 1  4  8 13 18 19 25 27 29 30],100,25,0.045737,1000,100,0.03,0.003,1,10,10,best,1,random
257,TID,True,0.03186848021381116,0.003001580788922985,10,"[0.01010505 0.04844333 0.013202   0.01015151 0.01072743 0.02048748
 0.03118298 0.83527745 0.01024589 0.01017687]",[ 1  4  8 13 18 19 25 27 29 30],100,13,0.044685,1000,100,0.03,0.003,1,10,10,best,1,random
258,TID,True,0.03170254120264608,0.003000066969032337,10,"[0.01010505 0.04844333 0.013202   0.01015151 0.01072743 0.01987286
 0.03118298 0.83589207 0.01024589 0.01017687]",[ 1  4  8 13 18 19 25 27 29 30],100,31,0.046274,1000,100,0.03,0.003,1,10,10,best,1,random
259,TID,True,0.03168012551226115,0.0030018598446093247,10,"[0.01010505 0.04876516 0.013202   0.01015151 0.01040561 0.01987286
 0.03118298 0.83589207 0.01024589 0.01017687]",[ 1  4  8 13 18 19 25 27 29 30],100,18,0.04492,1000,100,0.03,0.003,1,10,10,best,1,random
260,iDR,True,0.031600215408246306,0.0030001826828904145,10,"[0.01011451 0.04881082 0.01321436 0.01016102 0.01041535 0.01989146
 0.03027582 0.83667478 0.01025549 0.0101864 ]",[ 1  4  8 13 18 19 25 27 29 30],100,17,0.046746,1000,100,0.03,0.003,1,10,10,best,1,random
261,TID,True,0.03150789455383976,0.0030001779089391103,10,"[0.01011451 0.04881082 0.01321436 0.01016102 0.01041535 0.01929472
 0.03087256 0.83667478 0.01025549 0.0101864 ]",[ 1  4  8 13 18 19 25 27 29 30],100,20,0.045358,1000,100,0.03,0.003,1,10,10,best,1,random
262,TID,True,0.03148132802180762,0.0030015173483914992,10,"[0.01011451 0.04881082 0.0137932  0.01016102 0.01041535 0.01871588
 0.03087256 0.83667478 0.01025549 0.0101864 ]",[ 1  4  8 13 18 19 25 27 29 30],100,17,0.044392,1000,100,0.03,0.003,1,10,10,best,1,random
263,iDR,True,0.031345994645232224,0.003000506413828491,10,"[0.01012019 0.04883824 0.01380095 0.01016672 0.0104212  0.0181646
 0.0308899  0.83714481 0.01026125 0.01019212]",[ 1  4  8 13 18 19 25 27 29 30],100,29,0.046661,1000,100,0.03,0.003,1,10,10,best,1,random
264,TID,True,0.03133612906967092,0.003000166372499529,10,"[0.01066513 0.04883824 0.01380095 0.01016672 0.0104212  0.01761966
 0.0308899  0.83714481 0.01026125 0.01019212]",[ 1  4  8 13 18 19 25 27 29 30],100,24,0.04583,1000,100,0.03,0.003,1,10,10,best,1,random
265,TID,True,0.03130475362387558,0.003000426967313508,10,"[0.01066513 0.04883824 0.01380095 0.01016672 0.01094979 0.01709107
 0.0308899  0.83714481 0.01026125 0.01019212]",[ 1  4  8 13 18 19 25 27 29 30],100,19,0.044761,1000,100,0.03,0.003,1,10,10,best,1,random
266,iDR,True,0.03123329521025741,0.0030000503975934423,10,"[0.01034849 0.04885387 0.01380537 0.01016998 0.0109533  0.01709654
 0.03089979 0.83741275 0.01026453 0.01019538]",[ 1  4  8 13 18 19 25 27 29 30],100,17,0.045182,1000,100,0.03,0.003,1,10,10,best,1,random
267,TID,True,0.031209046512315743,0.0030012372396154233,10,"[0.01034849 0.04885387 0.01431827 0.01016998 0.0109533  0.01658365
 0.03089979 0.83741275 0.01026453 0.01019538]",[ 1  4  8 13 18 19 25 27 29 30],100,26,0.045028,1000,100,0.03,0.003,1,10,10,best,1,random
268,iDR,True,0.031088437654841136,0.003000341395025693,10,"[0.01035364 0.04887819 0.01432539 0.01017504 0.01095875 0.01609414
 0.03091517 0.83782957 0.01026964 0.01020046]",[ 1  4  8 13 18 19 25 27 29 30],100,30,0.04669,1000,100,0.03,0.003,1,10,10,best,1,random
269,TID,True,0.03102594253818089,0.0030032692417732484,10,"[0.01035364 0.04936101 0.01432539 0.01017504 0.01095875 0.01561132
 0.03091517 0.83782957 0.01026964 0.01020046]",[ 1  4  8 13 18 19 25 27 29 30],100,22,0.046387,1000,100,0.03,0.003,1,10,10,best,1,random
270,idID,True,0.03094590632003931,0.0030016078059209405,10,"[0.01036325 0.04940684 0.01433869 0.01018449 0.01096892 0.01562581
 0.03001555 0.83860734 0.01027917 0.01020993]",[ 1  4  8 13 18 19 25 27 29 30],100,30,0.048448,1000,100,0.03,0.003,1,10,10,best,1,random
271,iDR,True,0.030876296924697292,0.003001242265692501,10,"[0.01005548 0.0494222  0.01434315 0.01018765 0.01097233 0.01563067
 0.03002489 0.83886815 0.01028237 0.0102131 ]",[ 1  4  8 13 18 19 25 27 29 30],100,19,0.046189,1000,100,0.03,0.003,1,10,10,best,1,random
272,iDR,True,0.030762198957076735,0.0030003979270892076,10,"[0.0100602  0.04944539 0.01434988 0.01019243 0.01097748 0.01516886
 0.03003897 0.83926169 0.01028719 0.01021789]",[ 1  4  8 13 18 19 25 27 29 30],100,20,0.046093,1000,100,0.03,0.003,1,10,10,best,1,random
273,TID,True,0.030730501055570694,0.0030002329355420486,10,"[0.0100602  0.04944539 0.01434988 0.01019243 0.01064816 0.01516886
 0.0303683  0.83926169 0.01028719 0.01021789]",[ 1  4  8 13 18 19 25 27 29 30],100,13,0.044965,1000,100,0.03,0.003,1,10,10,best,1,random
274,TID,True,0.03070827706275255,0.003002012562032954,10,"[0.0100602  0.04976483 0.01434988 0.01019243 0.01032871 0.01516886
 0.0303683  0.83926169 0.01028719 0.01021789]",[ 1  4  8 13 18 19 25 27 29 30],100,19,0.044968,1000,100,0.03,0.003,1,10,10,best,1,random
275,iDR,True,0.030624115091367924,0.0030002411733188873,10,"[0.01006453 0.04978626 0.01392538 0.01019682 0.01033316 0.0151754
 0.03038138 0.83962315 0.01029163 0.01022229]",[ 1  4  8 13 18 19 25 27 29 30],100,30,0.047709,1000,100,0.03,0.003,1,10,10,best,1,random
276,TID,True,0.03056486800077557,0.003003001881654146,10,"[0.01006453 0.05024153 0.01392538 0.01019682 0.01033316 0.01472014
 0.03038138 0.83962315 0.01029163 0.01022229]",[ 1  4  8 13 18 19 25 27 29 30],100,15,0.045375,1000,100,0.03,0.003,1,10,10,best,1,random
277,iDR,True,0.030457106382995803,0.0030022075275758387,10,"[0.01006898 0.05026372 0.01393153 0.01020133 0.01033773 0.01428484
 0.0303948  0.83999409 0.01029617 0.01022681]",[ 1  4  8 13 18 19 25 27 29 30],100,25,0.046433,1000,100,0.03,0.003,1,10,10,best,1,random
278,iDR,True,0.030377591701130573,0.00300057311387563,10,"[0.01007817 0.0503096  0.01394424 0.01021064 0.01034716 0.01429788
 0.02950986 0.84076074 0.01030557 0.01023614]",[ 1  4  8 13 18 19 25 27 29 30],100,22,0.046361,1000,100,0.03,0.003,1,10,10,best,1,random
279,TID,True,0.03034316321607705,0.003002141841377328,10,"[0.01007817 0.05072793 0.01352592 0.01021064 0.01034716 0.01429788
 0.02950986 0.84076074 0.01030557 0.01023614]",[ 1  4  8 13 18 19 25 27 29 30],100,22,0.04487,1000,100,0.03,0.003,1,10,10,best,1,random
280,iDR,True,0.030265650757898138,0.0030005549971096283,10,"[0.0100871  0.05077287 0.0135379  0.01021969 0.01035633 0.01431055
 0.02864993 0.84150572 0.0103147  0.01024521]",[ 1  4  8 13 18 19 25 27 29 30],100,27,0.046458,1000,100,0.03,0.003,1,10,10,best,1,random
281,iDR,True,0.030211389094958012,0.0030008668724678276,10,"[0.01009022 0.05078859 0.01354209 0.01022285 0.01035954 0.01431498
 0.0286588  0.84176619 0.01000836 0.01024839]",[ 1  4  8 13 18 19 25 27 29 30],100,21,0.045897,1000,100,0.03,0.003,1,10,10,best,1,random
282,iDR,True,0.030106290516956003,0.003000093474456642,10,"[0.01009456 0.05081041 0.01354791 0.01022724 0.01036399 0.01389149
 0.02867111 0.84212785 0.01001266 0.01025279]",[ 1  4  8 13 18 19 25 27 29 30],100,23,0.046063,1000,100,0.03,0.003,1,10,10,best,1,random
283,TID,True,0.03008446681334994,0.0030018256074052178,10,"[0.01009456 0.05112133 0.01354791 0.01022724 0.01005307 0.01389149
 0.02867111 0.84212785 0.01001266 0.01025279]",[ 1  4  8 13 18 19 25 27 29 30],100,17,0.044285,1000,100,0.03,0.003,1,10,10,best,1,random
284,iDR,True,0.030004474235476093,0.0030001531800756703,10,"[0.01009866 0.05114212 0.01314682 0.0102314  0.01005715 0.01389714
 0.02868277 0.84247026 0.01001673 0.01025696]",[ 1  4  8 13 18 19 25 27 29 30],100,27,0.04581,1000,100,0.03,0.003,1,10,10,best,1,random
285,idID,True,0.029634413420250416,0.003003307318696413,10,"[0.01013817 0.0513422  0.01319825 0.01027143 0.0100965  0.02879499
 0.84576633 0.01003912 0.01005592 0.01029709]",[ 1  4  8 13 18 25 27 28 29 30],100,16,0.044721,1000,100,0.03,0.003,1,10,10,best,1,random
286,idID,True,0.029556540609422224,0.0030016786591140817,10,"[0.01014219 0.05136254 0.01280738 0.0102755  0.0101005  0.02880639
 0.84610134 0.0100431  0.0100599  0.01030117]",[ 1  4  8 13 18 25 27 28 29 30],100,17,0.045066,1000,100,0.03,0.003,1,10,10,best,1,random
287,iDR,True,0.0294798337294137,0.003000129274856155,10,"[0.01015096 0.05140697 0.01281845 0.01028438 0.01010924 0.02796637
 0.84683317 0.01005179 0.0100686  0.01031008]",[ 1  4  8 13 18 25 27 28 29 30],100,28,0.046797,1000,100,0.03,0.003,1,10,10,best,1,random
288,iDR,True,0.029421103714060873,0.0030003211415892367,10,"[0.0101541  0.05142287 0.01282242 0.01028757 0.01011236 0.02797502
 0.84709517 0.0100549  0.01007172 0.01000387]",[ 1  4  8 13 18 25 27 28 29 30],100,18,0.044441,1000,100,0.03,0.003,1,10,10,best,1,random
289,iDR,False,0.029421103714060873,0.0030003211415892367,10,"[0.0101541  0.05142287 0.01282242 0.01028757 0.01011236 0.02797502
 0.84709517 0.0100549  0.01007172 0.01000387]",[ 1  4  8 13 18 25 27 28 29 30],100,20,0.044142,1000,100,0.03,0.003,1,10,10,best,1,random
290,iDR,False,0.029421103714060873,0.0030003211415892367,10,"[0.0101541  0.05142287 0.01282242 0.01028757 0.01011236 0.02797502
 0.84709517 0.0100549  0.01007172 0.01000387]",[ 1  4  8 13 18 25 27 28 29 30],100,15,0.044342,1000,100,0.03,0.003,1,10,10,best,1,random
291,iDR,False,0.029421103714060873,0.0030003211415892367,10,"[0.0101541  0.05142287 0.01282242 0.01028757 0.01011236 0.02797502
 0.84709517 0.0100549  0.01007172 0.01000387]",[ 1  4  8 13 18 25 27 28 29 30],100,12,0.043778,1000,100,0.03,0.003,1,10,10,best,1,random
292,iDR,False,0.029421103714060873,0.0030003211415892367,10,"[0.0101541  0.05142287 0.01282242 0.01028757 0.01011236 0.02797502
 0.84709517 0.0100549  0.01007172 0.01000387]",[ 1  4  8 13 18 25 27 28 29 30],100,14,0.044322,1000,100,0.03,0.003,1,10,10,best,1,random
293,iDR,False,0.029421103714060873,0.0030003211415892367,10,"[0.0101541  0.05142287 0.01282242 0.01028757 0.01011236 0.02797502
 0.84709517 0.0100549  0.01007172 0.01000387]",[ 1  4  8 13 18 25 27 28 29 30],100,20,0.044199,1000,100,0.03,0.003,1,10,10,best,1,random
294,iDR,False,0.029421103714060873,0.0030003211415892367,10,"[0.0101541  0.05142287 0.01282242 0.01028757 0.01011236 0.02797502
 0.84709517 0.0100549  0.01007172 0.01000387]",[ 1  4  8 13 18 25 27 28 29 30],100,19,0.045025,1000,100,0.03,0.003,1,10,10,best,1,random
295,iDR,False,0.029421103714060873,0.0030003211415892367,10,"[0.0101541  0.05142287 0.01282242 0.01028757 0.01011236 0.02797502
 0.84709517 0.0100549  0.01007172 0.01000387]",[ 1  4  8 13 18 25 27 28 29 30],100,21,0.044522,1000,100,0.03,0.003,1,10,10,best,1,random
296,iDR,False,0.029421103714060873,0.0030003211415892367,10,"[0.0101541  0.05142287 0.01282242 0.01028757 0.01011236 0.02797502
 0.84709517 0.0100549  0.01007172 0.01000387]",[ 1  4  8 13 18 25 27 28 29 30],100,21,0.044767,1000,100,0.03,0.003,1,10,10,best,1,random
297,TID,True,0.02938917166413154,0.003001763663767465,10,"[0.0101541  0.05180754 0.01243775 0.01028757 0.01011236 0.02797502
 0.84709517 0.0100549  0.01007172 0.01000387]",[ 1  4  8 13 18 25 27 28 29 30],100,8,0.043997,1000,100,0.03,0.003,1,10,10,best,1,random
298,iDR,True,0.0293143296437595,0.0030002591046801555,10,"[0.01016263 0.05185106 0.01244819 0.01029621 0.01012086 0.02715857
 0.8478067  0.01006334 0.01008018 0.01001227]",[ 1  4  8 13 18 25 27 28 29 30],100,25,0.045841,1000,100,0.03,0.003,1,10,10,best,1,random
299,iDR,False,0.0293143296437595,0.0030002591046801555,10,"[0.01016263 0.05185106 0.01244819 0.01029621 0.01012086 0.02715857
 0.8478067  0.01006334 0.01008018 0.01001227]",[ 1  4  8 13 18 25 27 28 29 30],100,23,0.044486,1000,100,0.03,0.003,1,10,10,best,1,random
300,TID,True,0.029283217347788354,0.0030016595264980564,10,"[0.01016263 0.05222451 0.01207475 0.01029621 0.01012086 0.02715857
 0.8478067  0.01006334 0.01008018 0.01001227]",[ 1  4  8 13 18 25 27 28 29 30],100,22,0.044476,1000,100,0.03,0.003,1,10,10,best,1,random
301,idID,False,0.029210292969969524,0.0030001988292234923,10,"[0.01017091 0.05226709 0.01208459 0.0103046  0.01012911 0.02636529
 0.84849802 0.01007155 0.0100884  0.01002043]",[ 1  4  8 13 18 25 27 28 29 30],100,12,0.045076,1000,100,0.03,0.003,1,10,10,best,1,random
302,iDR,False,0.029210292969969524,0.0030001988292234923,10,"[0.01017091 0.05226709 0.01208459 0.0103046  0.01012911 0.02636529
 0.84849802 0.01007155 0.0100884  0.01002043]",[ 1  4  8 13 18 25 27 28 29 30],100,15,0.044479,1000,100,0.03,0.003,1,10,10,best,1,random
303,TID,True,0.0291799836130932,0.0030015583460626955,10,"[0.01017091 0.05262963 0.01172206 0.0103046  0.01012911 0.02636529
 0.84849802 0.01007155 0.0100884  0.01002043]",[ 1  4  8 13 18 25 27 28 29 30],100,24,0.044548,1000,100,0.03,0.003,1,10,10,best,1,random
304,iDR,False,0.029108937349038272,0.0030001402680356498,10,"[0.01017897 0.05267129 0.01173134 0.01031276 0.01013713 0.02559458
 0.84916967 0.01007952 0.01009638 0.01002837]",[ 1  4  8 13 18 25 27 28 29 30],100,19,0.045029,1000,100,0.03,0.003,1,10,10,best,1,random
305,iDR,False,0.029108937349038272,0.0030001402680356498,10,"[0.01017897 0.05267129 0.01173134 0.01031276 0.01013713 0.02559458
 0.84916967 0.01007952 0.01009638 0.01002837]",[ 1  4  8 13 18 25 27 28 29 30],100,18,0.04508,1000,100,0.03,0.003,1,10,10,best,1,random
306,TID,True,0.02907796607999336,0.0030004963676642966,10,"[0.01017897 0.05267129 0.01173134 0.01000338 0.01013713 0.02590396
 0.84916967 0.01007952 0.01009638 0.01002837]",[ 1  4  8 13 18 25 27 28 29 30],100,14,0.04455,1000,100,0.03,0.003,1,10,10,best,1,random
307,iDR,False,0.02907796607999336,0.0030004963676642966,10,"[0.01017897 0.05267129 0.01173134 0.01000338 0.01013713 0.02590396
 0.84916967 0.01007952 0.01009638 0.01002837]",[ 1  4  8 13 18 25 27 28 29 30],100,13,0.043882,1000,100,0.03,0.003,1,10,10,best,1,random
308,TID,True,0.029048452154737666,0.003001816142886035,10,"[0.01017897 0.05302323 0.0113794  0.01000338 0.01013713 0.02590396
 0.84916967 0.01007952 0.01009638 0.01002837]",[ 1  4  8 13 18 25 27 28 29 30],100,30,0.04496,1000,100,0.03,0.003,1,10,10,best,1,random
309,iDR,True,0.028980687306249028,0.003000411497020631,10,"[0.01018244 0.05304134 0.01104178 0.01000679 0.01014059 0.0259128
 0.84945966 0.01008296 0.01009983 0.01003179]",[ 1  4  8 13 18 25 27 28 29 30],100,22,0.045128,1000,100,0.03,0.003,1,10,10,best,1,random
310,TID,True,0.02895279126211992,0.0030016536975915028,10,"[0.01018244 0.05337259 0.01071053 0.01000679 0.01014059 0.0259128
 0.84945966 0.01008296 0.01009983 0.01003179]",[ 1  4  8 13 18 25 27 28 29 30],100,17,0.044948,1000,100,0.03,0.003,1,10,10,best,1,random
311,idID,True,0.02888260809184009,0.0030002600499707465,10,"[0.01019036 0.05341411 0.01071886 0.01001458 0.01014848 0.02515498
 0.85012053 0.01009081 0.01010769 0.0100396 ]",[ 1  4  8 13 18 25 27 28 29 30],100,23,0.045369,1000,100,0.03,0.003,1,10,10,best,1,random
312,TID,True,0.028855443126347146,0.003001465921950255,10,"[0.01019036 0.05373568 0.0103973  0.01001458 0.01014848 0.02515498
 0.85012053 0.01009081 0.01010769 0.0100396 ]",[ 1  4  8 13 18 25 27 28 29 30],100,20,0.044735,1000,100,0.03,0.003,1,10,10,best,1,random
313,iDR,True,0.028787084646157462,0.0030001129210121893,10,"[0.01019806 0.05377626 0.01040515 0.01002214 0.01015614 0.02441875
 0.85076256 0.01009843 0.01011532 0.01004718]",[ 1  4  8 13 18 25 27 28 29 30],100,24,0.045898,1000,100,0.03,0.003,1,10,10,best,1,random
314,TID,True,0.02876063480479089,0.0030012835002090573,10,"[0.01019806 0.05408842 0.01009299 0.01002214 0.01015614 0.02441875
 0.85076256 0.01009843 0.01011532 0.01004718]",[ 1  4  8 13 18 25 27 28 29 30],100,13,0.044582,1000,100,0.03,0.003,1,10,10,best,1,random
315,iDR,False,0.02876063480479089,0.0030012835002090573,10,"[0.01019806 0.05408842 0.01009299 0.01002214 0.01015614 0.02441875
 0.85076256 0.01009843 0.01011532 0.01004718]",[ 1  4  8 13 18 25 27 28 29 30],100,15,0.04505,1000,100,0.03,0.003,1,10,10,best,1,random
316,iDR,False,0.02876063480479089,0.0030012835002090573,10,"[0.01019806 0.05408842 0.01009299 0.01002214 0.01015614 0.02441875
 0.85076256 0.01009843 0.01011532 0.01004718]",[ 1  4  8 13 18 25 27 28 29 30],100,11,0.044487,1000,100,0.03,0.003,1,10,10,best,1,random
317,iDR,False,0.02876063480479089,0.0030012835002090573,10,"[0.01019806 0.05408842 0.01009299 0.01002214 0.01015614 0.02441875
 0.85076256 0.01009843 0.01011532 0.01004718]",[ 1  4  8 13 18 25 27 28 29 30],100,18,0.04446,1000,100,0.03,0.003,1,10,10,best,1,random
318,iDR,False,0.02876063480479089,0.0030012835002090573,10,"[0.01019806 0.05408842 0.01009299 0.01002214 0.01015614 0.02441875
 0.85076256 0.01009843 0.01011532 0.01004718]",[ 1  4  8 13 18 25 27 28 29 30],100,14,0.044171,1000,100,0.03,0.003,1,10,10,best,1,random
319,iDR,False,0.02876063480479089,0.0030012835002090573,10,"[0.01019806 0.05408842 0.01009299 0.01002214 0.01015614 0.02441875
 0.85076256 0.01009843 0.01011532 0.01004718]",[ 1  4  8 13 18 25 27 28 29 30],100,15,0.044485,1000,100,0.03,0.003,1,10,10,best,1,random
320,iDR,False,0.02876063480479089,0.0030012835002090573,10,"[0.01019806 0.05408842 0.01009299 0.01002214 0.01015614 0.02441875
 0.85076256 0.01009843 0.01011532 0.01004718]",[ 1  4  8 13 18 25 27 28 29 30],100,27,0.045168,1000,100,0.03,0.003,1,10,10,best,1,random
321,iDR,False,0.02876063480479089,0.0030012835002090573,10,"[0.01019806 0.05408842 0.01009299 0.01002214 0.01015614 0.02441875
 0.85076256 0.01009843 0.01011532 0.01004718]",[ 1  4  8 13 18 25 27 28 29 30],100,15,0.044786,1000,100,0.03,0.003,1,10,10,best,1,random
322,iDR,False,0.02876063480479089,0.0030012835002090573,10,"[0.01019806 0.05408842 0.01009299 0.01002214 0.01015614 0.02441875
 0.85076256 0.01009843 0.01011532 0.01004718]",[ 1  4  8 13 18 25 27 28 29 30],100,22,0.045464,1000,100,0.03,0.003,1,10,10,best,1,random
323,iDR,False,0.02876063480479089,0.0030012835002090573,10,"[0.01019806 0.05408842 0.01009299 0.01002214 0.01015614 0.02441875
 0.85076256 0.01009843 0.01011532 0.01004718]",[ 1  4  8 13 18 25 27 28 29 30],100,8,0.043838,1000,100,0.03,0.003,1,10,10,best,1,random
324,iDR,False,0.02876063480479089,0.0030012835002090573,10,"[0.01019806 0.05408842 0.01009299 0.01002214 0.01015614 0.02441875
 0.85076256 0.01009843 0.01011532 0.01004718]",[ 1  4  8 13 18 25 27 28 29 30],100,16,0.044892,1000,100,0.03,0.003,1,10,10,best,1,random
325,iDR,False,0.02876063480479089,0.0030012835002090573,10,"[0.01019806 0.05408842 0.01009299 0.01002214 0.01015614 0.02441875
 0.85076256 0.01009843 0.01011532 0.01004718]",[ 1  4  8 13 18 25 27 28 29 30],100,19,0.044315,1000,100,0.03,0.003,1,10,10,best,1,random
326,iDR,False,0.02876063480479089,0.0030012835002090573,10,"[0.01019806 0.05408842 0.01009299 0.01002214 0.01015614 0.02441875
 0.85076256 0.01009843 0.01011532 0.01004718]",[ 1  4  8 13 18 25 27 28 29 30],100,24,0.045663,1000,100,0.03,0.003,1,10,10,best,1,random
327,iDR,False,0.02876063480479089,0.0030012835002090573,10,"[0.01019806 0.05408842 0.01009299 0.01002214 0.01015614 0.02441875
 0.85076256 0.01009843 0.01011532 0.01004718]",[ 1  4  8 13 18 25 27 28 29 30],100,18,0.044883,1000,100,0.03,0.003,1,10,10,best,1,random
328,iDR,False,0.02876063480479089,0.0030012835002090573,10,"[0.01019806 0.05408842 0.01009299 0.01002214 0.01015614 0.02441875
 0.85076256 0.01009843 0.01011532 0.01004718]",[ 1  4  8 13 18 25 27 28 29 30],100,15,0.044636,1000,100,0.03,0.003,1,10,10,best,1,random
329,iDR,False,0.02876063480479089,0.0030012835002090573,10,"[0.01019806 0.05408842 0.01009299 0.01002214 0.01015614 0.02441875
 0.85076256 0.01009843 0.01011532 0.01004718]",[ 1  4  8 13 18 25 27 28 29 30],100,23,0.044817,1000,100,0.03,0.003,1,10,10,best,1,random
330,iDR,False,0.02876063480479089,0.0030012835002090573,10,"[0.01019806 0.05408842 0.01009299 0.01002214 0.01015614 0.02441875
 0.85076256 0.01009843 0.01011532 0.01004718]",[ 1  4  8 13 18 25 27 28 29 30],100,14,0.045011,1000,100,0.03,0.003,1,10,10,best,1,random
331,iDR,False,0.02876063480479089,0.0030012835002090573,10,"[0.01019806 0.05408842 0.01009299 0.01002214 0.01015614 0.02441875
 0.85076256 0.01009843 0.01011532 0.01004718]",[ 1  4  8 13 18 25 27 28 29 30],100,16,0.04454,1000,100,0.03,0.003,1,10,10,best,1,random
332,iDR,False,0.02876063480479089,0.0030012835002090573,10,"[0.01019806 0.05408842 0.01009299 0.01002214 0.01015614 0.02441875
 0.85076256 0.01009843 0.01011532 0.01004718]",[ 1  4  8 13 18 25 27 28 29 30],100,16,0.044786,1000,100,0.03,0.003,1,10,10,best,1,random
333,iDR,False,0.02876063480479089,0.0030012835002090573,10,"[0.01019806 0.05408842 0.01009299 0.01002214 0.01015614 0.02441875
 0.85076256 0.01009843 0.01011532 0.01004718]",[ 1  4  8 13 18 25 27 28 29 30],100,20,0.04485,1000,100,0.03,0.003,1,10,10,best,1,random
334,iDR,False,0.02876063480479089,0.0030012835002090573,10,"[0.01019806 0.05408842 0.01009299 0.01002214 0.01015614 0.02441875
 0.85076256 0.01009843 0.01011532 0.01004718]",[ 1  4  8 13 18 25 27 28 29 30],100,13,0.045109,1000,100,0.03,0.003,1,10,10,best,1,random
335,iDR,False,0.02876063480479089,0.0030012835002090573,10,"[0.01019806 0.05408842 0.01009299 0.01002214 0.01015614 0.02441875
 0.85076256 0.01009843 0.01011532 0.01004718]",[ 1  4  8 13 18 25 27 28 29 30],100,17,0.044473,1000,100,0.03,0.003,1,10,10,best,1,random
336,iDR,False,0.02876063480479089,0.0030012835002090573,10,"[0.01019806 0.05408842 0.01009299 0.01002214 0.01015614 0.02441875
 0.85076256 0.01009843 0.01011532 0.01004718]",[ 1  4  8 13 18 25 27 28 29 30],100,24,0.045335,1000,100,0.03,0.003,1,10,10,best,1,random
337,iDR,False,0.02876063480479089,0.0030012835002090573,10,"[0.01019806 0.05408842 0.01009299 0.01002214 0.01015614 0.02441875
 0.85076256 0.01009843 0.01011532 0.01004718]",[ 1  4  8 13 18 25 27 28 29 30],100,15,0.045307,1000,100,0.03,0.003,1,10,10,best,1,random
338,iDR,False,0.02876063480479089,0.0030012835002090573,10,"[0.01019806 0.05408842 0.01009299 0.01002214 0.01015614 0.02441875
 0.85076256 0.01009843 0.01011532 0.01004718]",[ 1  4  8 13 18 25 27 28 29 30],100,16,0.044782,1000,100,0.03,0.003,1,10,10,best,1,random
339,iDR,False,0.02876063480479089,0.0030012835002090573,10,"[0.01019806 0.05408842 0.01009299 0.01002214 0.01015614 0.02441875
 0.85076256 0.01009843 0.01011532 0.01004718]",[ 1  4  8 13 18 25 27 28 29 30],100,18,0.045099,1000,100,0.03,0.003,1,10,10,best,1,random
340,iDR,False,0.02876063480479089,0.0030012835002090573,10,"[0.01019806 0.05408842 0.01009299 0.01002214 0.01015614 0.02441875
 0.85076256 0.01009843 0.01011532 0.01004718]",[ 1  4  8 13 18 25 27 28 29 30],100,20,0.04474,1000,100,0.03,0.003,1,10,10,best,1,random
341,iDR,False,0.02876063480479089,0.0030012835002090573,10,"[0.01019806 0.05408842 0.01009299 0.01002214 0.01015614 0.02441875
 0.85076256 0.01009843 0.01011532 0.01004718]",[ 1  4  8 13 18 25 27 28 29 30],100,19,0.04443,1000,100,0.03,0.003,1,10,10,best,1,random
342,iDR,False,0.02876063480479089,0.0030012835002090573,10,"[0.01019806 0.05408842 0.01009299 0.01002214 0.01015614 0.02441875
 0.85076256 0.01009843 0.01011532 0.01004718]",[ 1  4  8 13 18 25 27 28 29 30],100,22,0.045294,1000,100,0.03,0.003,1,10,10,best,1,random
343,iDR,False,0.02876063480479089,0.0030012835002090573,10,"[0.01019806 0.05408842 0.01009299 0.01002214 0.01015614 0.02441875
 0.85076256 0.01009843 0.01011532 0.01004718]",[ 1  4  8 13 18 25 27 28 29 30],100,21,0.045187,1000,100,0.03,0.003,1,10,10,best,1,random
344,iDR,False,0.02876063480479089,0.0030012835002090573,10,"[0.01019806 0.05408842 0.01009299 0.01002214 0.01015614 0.02441875
 0.85076256 0.01009843 0.01011532 0.01004718]",[ 1  4  8 13 18 25 27 28 29 30],100,16,0.044879,1000,100,0.03,0.003,1,10,10,best,1,random
345,iDR,False,0.02876063480479089,0.0030012835002090573,10,"[0.01019806 0.05408842 0.01009299 0.01002214 0.01015614 0.02441875
 0.85076256 0.01009843 0.01011532 0.01004718]",[ 1  4  8 13 18 25 27 28 29 30],100,18,0.04473,1000,100,0.03,0.003,1,10,10,best,1,random
346,iDR,False,0.02876063480479089,0.0030012835002090573,10,"[0.01019806 0.05408842 0.01009299 0.01002214 0.01015614 0.02441875
 0.85076256 0.01009843 0.01011532 0.01004718]",[ 1  4  8 13 18 25 27 28 29 30],100,19,0.044202,1000,100,0.03,0.003,1,10,10,best,1,random
347,iDR,False,0.02876063480479089,0.0030012835002090573,10,"[0.01019806 0.05408842 0.01009299 0.01002214 0.01015614 0.02441875
 0.85076256 0.01009843 0.01011532 0.01004718]",[ 1  4  8 13 18 25 27 28 29 30],100,14,0.045121,1000,100,0.03,0.003,1,10,10,best,1,random
348,iDR,False,0.02876063480479089,0.0030012835002090573,10,"[0.01019806 0.05408842 0.01009299 0.01002214 0.01015614 0.02441875
 0.85076256 0.01009843 0.01011532 0.01004718]",[ 1  4  8 13 18 25 27 28 29 30],100,16,0.044822,1000,100,0.03,0.003,1,10,10,best,1,random
349,iDR,False,0.02876063480479089,0.0030012835002090573,10,"[0.01019806 0.05408842 0.01009299 0.01002214 0.01015614 0.02441875
 0.85076256 0.01009843 0.01011532 0.01004718]",[ 1  4  8 13 18 25 27 28 29 30],100,13,0.044399,1000,100,0.03,0.003,1,10,10,best,1,random
350,iDR,False,0.02876063480479089,0.0030012835002090573,10,"[0.01019806 0.05408842 0.01009299 0.01002214 0.01015614 0.02441875
 0.85076256 0.01009843 0.01011532 0.01004718]",[ 1  4  8 13 18 25 27 28 29 30],100,16,0.044605,1000,100,0.03,0.003,1,10,10,best,1,random
351,iDR,False,0.02876063480479089,0.0030012835002090573,10,"[0.01019806 0.05408842 0.01009299 0.01002214 0.01015614 0.02441875
 0.85076256 0.01009843 0.01011532 0.01004718]",[ 1  4  8 13 18 25 27 28 29 30],100,21,0.044759,1000,100,0.03,0.003,1,10,10,best,1,random
352,iDR,False,0.02876063480479089,0.0030012835002090573,10,"[0.01019806 0.05408842 0.01009299 0.01002214 0.01015614 0.02441875
 0.85076256 0.01009843 0.01011532 0.01004718]",[ 1  4  8 13 18 25 27 28 29 30],100,19,0.044811,1000,100,0.03,0.003,1,10,10,best,1,random
353,iDR,False,0.02876063480479089,0.0030012835002090573,10,"[0.01019806 0.05408842 0.01009299 0.01002214 0.01015614 0.02441875
 0.85076256 0.01009843 0.01011532 0.01004718]",[ 1  4  8 13 18 25 27 28 29 30],100,14,0.043843,1000,100,0.03,0.003,1,10,10,best,1,random
354,iDR,False,0.02876063480479089,0.0030012835002090573,10,"[0.01019806 0.05408842 0.01009299 0.01002214 0.01015614 0.02441875
 0.85076256 0.01009843 0.01011532 0.01004718]",[ 1  4  8 13 18 25 27 28 29 30],100,16,0.044533,1000,100,0.03,0.003,1,10,10,best,1,random
355,iDR,False,0.02876063480479089,0.0030012835002090573,10,"[0.01019806 0.05408842 0.01009299 0.01002214 0.01015614 0.02441875
 0.85076256 0.01009843 0.01011532 0.01004718]",[ 1  4  8 13 18 25 27 28 29 30],100,11,0.044993,1000,100,0.03,0.003,1,10,10,best,1,random
356,iDR,False,0.02876063480479089,0.0030012835002090573,10,"[0.01019806 0.05408842 0.01009299 0.01002214 0.01015614 0.02441875
 0.85076256 0.01009843 0.01011532 0.01004718]",[ 1  4  8 13 18 25 27 28 29 30],100,17,0.045282,1000,100,0.03,0.003,1,10,10,best,1,random
357,iDR,False,0.02876063480479089,0.0030012835002090573,10,"[0.01019806 0.05408842 0.01009299 0.01002214 0.01015614 0.02441875
 0.85076256 0.01009843 0.01011532 0.01004718]",[ 1  4  8 13 18 25 27 28 29 30],100,22,0.044425,1000,100,0.03,0.003,1,10,10,best,1,random
358,iDR,False,0.02876063480479089,0.0030012835002090573,10,"[0.01019806 0.05408842 0.01009299 0.01002214 0.01015614 0.02441875
 0.85076256 0.01009843 0.01011532 0.01004718]",[ 1  4  8 13 18 25 27 28 29 30],100,19,0.045081,1000,100,0.03,0.003,1,10,10,best,1,random
359,iDR,False,0.02876063480479089,0.0030012835002090573,10,"[0.01019806 0.05408842 0.01009299 0.01002214 0.01015614 0.02441875
 0.85076256 0.01009843 0.01011532 0.01004718]",[ 1  4  8 13 18 25 27 28 29 30],100,20,0.044571,1000,100,0.03,0.003,1,10,10,best,1,random
360,iDR,False,0.02876063480479089,0.0030012835002090573,10,"[0.01019806 0.05408842 0.01009299 0.01002214 0.01015614 0.02441875
 0.85076256 0.01009843 0.01011532 0.01004718]",[ 1  4  8 13 18 25 27 28 29 30],100,19,0.045297,1000,100,0.03,0.003,1,10,10,best,1,random
361,iDR,False,0.02876063480479089,0.0030012835002090573,10,"[0.01019806 0.05408842 0.01009299 0.01002214 0.01015614 0.02441875
 0.85076256 0.01009843 0.01011532 0.01004718]",[ 1  4  8 13 18 25 27 28 29 30],100,18,0.044634,1000,100,0.03,0.003,1,10,10,best,1,random
362,iDR,False,0.02876063480479089,0.0030012835002090573,10,"[0.01019806 0.05408842 0.01009299 0.01002214 0.01015614 0.02441875
 0.85076256 0.01009843 0.01011532 0.01004718]",[ 1  4  8 13 18 25 27 28 29 30],100,19,0.044734,1000,100,0.03,0.003,1,10,10,best,1,random
363,iDR,False,0.02876063480479089,0.0030012835002090573,10,"[0.01019806 0.05408842 0.01009299 0.01002214 0.01015614 0.02441875
 0.85076256 0.01009843 0.01011532 0.01004718]",[ 1  4  8 13 18 25 27 28 29 30],100,24,0.044859,1000,100,0.03,0.003,1,10,10,best,1,random
364,iDR,False,0.02876063480479089,0.0030012835002090573,10,"[0.01019806 0.05408842 0.01009299 0.01002214 0.01015614 0.02441875
 0.85076256 0.01009843 0.01011532 0.01004718]",[ 1  4  8 13 18 25 27 28 29 30],100,17,0.044959,1000,100,0.03,0.003,1,10,10,best,1,random
365,iDR,False,0.02876063480479089,0.0030012835002090573,10,"[0.01019806 0.05408842 0.01009299 0.01002214 0.01015614 0.02441875
 0.85076256 0.01009843 0.01011532 0.01004718]",[ 1  4  8 13 18 25 27 28 29 30],100,20,0.044512,1000,100,0.03,0.003,1,10,10,best,1,random
