iter,obj,aug_obj,return,X,Z,max_iter,neighbours,alpha,exp_return,n_port,k,move_strategy,seed,selection_strategy
0,0.07176747845234412,0.07176747845234412,0.004030757812,[0.       0.       0.       0.       0.       0.       0.       0.       0.       0.       0.191253 0.       0.808747 0.       0.       0.       0.       0.       0.       0.       0.       0.       0.       0.       0.       0.       0.       0.       0.       0.       0.      ],[0. 0. 0. 0. 0. 0. 0. 0. 0. 0. 1. 0. 1. 0. 0. 0. 0. 0. 0. 0. 0. 0. 0. 0. 0. 0. 0. 0. 0. 0. 0.],500,100,0.3,0.0025,1,2,TID,24,best
1,0.04327728508914134,0.04327728508914134,0.0043595204000000005,[0.       0.       0.       0.       0.       0.       0.       0.       0.       0.       0.160548 0.       0.       0.       0.       0.       0.       0.       0.       0.       0.       0.       0.       0.       0.       0.839452 0.       0.       0.       0.       0.      ],[0. 0. 0. 0. 0. 0. 0. 0. 0. 0. 1. 0. 0. 0. 0. 0. 0. 0. 0. 0. 0. 0. 0. 0. 0. 1. 0. 0. 0. 0. 0.],500,100,0.3,0.0025,1,2,TID,24,best
2,0.025846265611433477,0.025846265611433477,0.009651499064,[0.       0.       0.       0.       0.861662 0.       0.       0.       0.       0.       0.138338 0.       0.       0.       0.       0.       0.       0.       0.       0.       0.       0.       0.       0.       0.       0.       0.       0.       0.       0.       0.      ],[0. 0. 0. 0. 1. 0. 0. 0. 0. 0. 1. 0. 0. 0. 0. 0. 0. 0. 0. 0. 0. 0. 0. 0. 0. 0. 0. 0. 0. 0. 0.],500,100,0.3,0.0025,1,2,TID,24,best
3,0.019692964867505967,0.019692964867505967,0.009978773611999999,[0.       0.       0.       0.       0.898971 0.       0.       0.       0.       0.       0.101029 0.       0.       0.       0.       0.       0.       0.       0.       0.       0.       0.       0.       0.       0.       0.       0.       0.       0.       0.       0.      ],[0. 0. 0. 0. 1. 0. 0. 0. 0. 0. 1. 0. 0. 0. 0. 0. 0. 0. 0. 0. 0. 0. 0. 0. 0. 0. 0. 0. 0. 0. 0.],500,100,0.3,0.0025,1,2,TID,24,best
4,0.014249837579777923,0.014249837579777923,0.010244641528399998,[0.        0.        0.        0.        0.9292797 0.        0.        0.        0.        0.        0.0707203 0.        0.        0.        0.        0.        0.        0.        0.        0.        0.        0.        0.        0.        0.        0.        0.        0.        0.        0.        0.       ],[0. 0. 0. 0. 1. 0. 0. 0. 0. 0. 1. 0. 0. 0. 0. 0. 0. 0. 0. 0. 0. 0. 0. 0. 0. 0. 0. 0. 0. 0. 0.],500,100,0.3,0.0025,1,2,TID,24,best
5,0.010411952630004929,0.010411952630004929,0.010421338556,[0.       0.       0.       0.       0.949423 0.       0.       0.       0.       0.       0.050577 0.       0.       0.       0.       0.       0.       0.       0.       0.       0.       0.       0.       0.       0.       0.       0.       0.       0.       0.       0.      ],[0. 0. 0. 0. 1. 0. 0. 0. 0. 0. 1. 0. 0. 0. 0. 0. 0. 0. 0. 0. 0. 0. 0. 0. 0. 0. 0. 0. 0. 0. 0.],500,100,0.3,0.0025,1,2,TID,24,best
6,0.007404845079802417,0.007404845079802417,0.010554436989200002,[0.        0.        0.        0.        0.9645961 0.        0.        0.        0.        0.        0.0354039 0.        0.        0.        0.        0.        0.        0.        0.        0.        0.        0.        0.        0.        0.        0.        0.        0.        0.        0.        0.       ],[0. 0. 0. 0. 1. 0. 0. 0. 0. 0. 1. 0. 0. 0. 0. 0. 0. 0. 0. 0. 0. 0. 0. 0. 0. 0. 0. 0. 0. 0. 0.],500,100,0.3,0.0025,1,2,TID,24,best
7,0.005240465892873185,0.005240465892873185,0.01064760589244,[0.         0.         0.         0.         0.97521727 0.         0.         0.         0.         0.         0.02478273 0.         0.         0.         0.         0.         0.         0.         0.         0.         0.         0.         0.         0.         0.         0.         0.         0.         0.         0.         0.        ],[0. 0. 0. 0. 1. 0. 0. 0. 0. 0. 1. 0. 0. 0. 0. 0. 0. 0. 0. 0. 0. 0. 0. 0. 0. 0. 0. 0. 0. 0. 0.],500,100,0.3,0.0025,1,2,TID,24,best
8,0.00369629255014686,0.00369629255014686,0.010712824124707998,[0.         0.         0.         0.         0.98265209 0.         0.         0.         0.         0.         0.01734791 0.         0.         0.         0.         0.         0.         0.         0.         0.         0.         0.         0.         0.         0.         0.         0.         0.         0.         0.         0.        ],[0. 0. 0. 0. 1. 0. 0. 0. 0. 0. 1. 0. 0. 0. 0. 0. 0. 0. 0. 0. 0. 0. 0. 0. 0. 0. 0. 0. 0. 0. 0.],500,100,0.3,0.0025,1,2,TID,24,best
9,0.0026145337876113304,0.0026145337876113304,0.010757920196,[0.       0.       0.       0.       0.987793 0.       0.       0.       0.       0.       0.012207 0.       0.       0.       0.       0.       0.       0.       0.       0.       0.       0.       0.       0.       0.       0.       0.       0.       0.       0.       0.      ],[0. 0. 0. 0. 1. 0. 0. 0. 0. 0. 1. 0. 0. 0. 0. 0. 0. 0. 0. 0. 0. 0. 0. 0. 0. 0. 0. 0. 0. 0. 0.],500,100,0.3,0.0025,1,2,TID,24,best
10,0.00165151087256,0.00165151087256,0.010755750945,[0.       0.       0.       0.       0.987793 0.       0.       0.       0.       0.       0.       0.       0.       0.       0.       0.       0.       0.       0.       0.       0.       0.       0.       0.       0.       0.       0.       0.01     0.       0.       0.      ],[0. 0. 0. 0. 1. 0. 0. 0. 0. 0. 0. 0. 0. 0. 0. 0. 0. 0. 0. 0. 0. 0. 0. 0. 0. 0. 0. 1. 0. 0. 0.],500,100,0.3,0.0025,1,2,TID,24,best
11,0.00165151087256,0.00165151087256,0.010755750945,[0.       0.       0.       0.       0.987793 0.       0.       0.       0.       0.       0.       0.       0.       0.       0.       0.       0.       0.       0.       0.       0.       0.       0.       0.       0.       0.       0.       0.01     0.       0.       0.      ],[0. 0. 0. 0. 1. 0. 0. 0. 0. 0. 0. 0. 0. 0. 0. 0. 0. 0. 0. 0. 0. 0. 0. 0. 0. 0. 0. 1. 0. 0. 0.],500,100,0.3,0.0025,1,2,TID,24,best
12,0.00165151087256,0.00165151087256,0.010755750945,[0.       0.       0.       0.       0.987793 0.       0.       0.       0.       0.       0.       0.       0.       0.       0.       0.       0.       0.       0.       0.       0.       0.       0.       0.       0.       0.       0.       0.01     0.       0.       0.      ],[0. 0. 0. 0. 1. 0. 0. 0. 0. 0. 0. 0. 0. 0. 0. 0. 0. 0. 0. 0. 0. 0. 0. 0. 0. 0. 0. 1. 0. 0. 0.],500,100,0.3,0.0025,1,2,TID,24,best
13,0.00165151087256,0.00165151087256,0.010755750945,[0.       0.       0.       0.       0.987793 0.       0.       0.       0.       0.       0.       0.       0.       0.       0.       0.       0.       0.       0.       0.       0.       0.       0.       0.       0.       0.       0.       0.01     0.       0.       0.      ],[0. 0. 0. 0. 1. 0. 0. 0. 0. 0. 0. 0. 0. 0. 0. 0. 0. 0. 0. 0. 0. 0. 0. 0. 0. 0. 0. 1. 0. 0. 0.],500,100,0.3,0.0025,1,2,TID,24,best
14,0.00165151087256,0.00165151087256,0.010755750945,[0.       0.       0.       0.       0.987793 0.       0.       0.       0.       0.       0.       0.       0.       0.       0.       0.       0.       0.       0.       0.       0.       0.       0.       0.       0.       0.       0.       0.01     0.       0.       0.      ],[0. 0. 0. 0. 1. 0. 0. 0. 0. 0. 0. 0. 0. 0. 0. 0. 0. 0. 0. 0. 0. 0. 0. 0. 0. 0. 0. 1. 0. 0. 0.],500,100,0.3,0.0025,1,2,TID,24,best
15,0.00165151087256,0.00165151087256,0.010755750945,[0.       0.       0.       0.       0.987793 0.       0.       0.       0.       0.       0.       0.       0.       0.       0.       0.       0.       0.       0.       0.       0.       0.       0.       0.       0.       0.       0.       0.01     0.       0.       0.      ],[0. 0. 0. 0. 1. 0. 0. 0. 0. 0. 0. 0. 0. 0. 0. 0. 0. 0. 0. 0. 0. 0. 0. 0. 0. 0. 0. 1. 0. 0. 0.],500,100,0.3,0.0025,1,2,TID,24,best
16,0.00165151087256,0.00165151087256,0.010755750945,[0.       0.       0.       0.       0.987793 0.       0.       0.       0.       0.       0.       0.       0.       0.       0.       0.       0.       0.       0.       0.       0.       0.       0.       0.       0.       0.       0.       0.01     0.       0.       0.      ],[0. 0. 0. 0. 1. 0. 0. 0. 0. 0. 0. 0. 0. 0. 0. 0. 0. 0. 0. 0. 0. 0. 0. 0. 0. 0. 0. 1. 0. 0. 0.],500,100,0.3,0.0025,1,2,TID,24,best
17,0.00165151087256,0.00165151087256,0.010755750945,[0.       0.       0.       0.       0.987793 0.       0.       0.       0.       0.       0.       0.       0.       0.       0.       0.       0.       0.       0.       0.       0.       0.       0.       0.       0.       0.       0.       0.01     0.       0.       0.      ],[0. 0. 0. 0. 1. 0. 0. 0. 0. 0. 0. 0. 0. 0. 0. 0. 0. 0. 0. 0. 0. 0. 0. 0. 0. 0. 0. 1. 0. 0. 0.],500,100,0.3,0.0025,1,2,TID,24,best
18,0.00165151087256,0.00165151087256,0.010755750945,[0.       0.       0.       0.       0.987793 0.       0.       0.       0.       0.       0.       0.       0.       0.       0.       0.       0.       0.       0.       0.       0.       0.       0.       0.       0.       0.       0.       0.01     0.       0.       0.      ],[0. 0. 0. 0. 1. 0. 0. 0. 0. 0. 0. 0. 0. 0. 0. 0. 0. 0. 0. 0. 0. 0. 0. 0. 0. 0. 0. 1. 0. 0. 0.],500,100,0.3,0.0025,1,2,TID,24,best
19,0.00165151087256,0.00165151087256,0.010755750945,[0.       0.       0.       0.       0.987793 0.       0.       0.       0.       0.       0.       0.       0.       0.       0.       0.       0.       0.       0.       0.       0.       0.       0.       0.       0.       0.       0.       0.01     0.       0.       0.      ],[0. 0. 0. 0. 1. 0. 0. 0. 0. 0. 0. 0. 0. 0. 0. 0. 0. 0. 0. 0. 0. 0. 0. 0. 0. 0. 0. 1. 0. 0. 0.],500,100,0.3,0.0025,1,2,TID,24,best
20,0.00165151087256,0.00165151087256,0.010755750945,[0.       0.       0.       0.       0.987793 0.       0.       0.       0.       0.       0.       0.       0.       0.       0.       0.       0.       0.       0.       0.       0.       0.       0.       0.       0.       0.       0.       0.01     0.       0.       0.      ],[0. 0. 0. 0. 1. 0. 0. 0. 0. 0. 0. 0. 0. 0. 0. 0. 0. 0. 0. 0. 0. 0. 0. 0. 0. 0. 0. 1. 0. 0. 0.],500,100,0.3,0.0025,1,2,TID,24,best
21,0.00165151087256,0.00165151087256,0.010755750945,[0.       0.       0.       0.       0.987793 0.       0.       0.       0.       0.       0.       0.       0.       0.       0.       0.       0.       0.       0.       0.       0.       0.       0.       0.       0.       0.       0.       0.01     0.       0.       0.      ],[0. 0. 0. 0. 1. 0. 0. 0. 0. 0. 0. 0. 0. 0. 0. 0. 0. 0. 0. 0. 0. 0. 0. 0. 0. 0. 0. 1. 0. 0. 0.],500,100,0.3,0.0025,1,2,TID,24,best
22,0.00165151087256,0.00165151087256,0.010755750945,[0.       0.       0.       0.       0.987793 0.       0.       0.       0.       0.       0.       0.       0.       0.       0.       0.       0.       0.       0.       0.       0.       0.       0.       0.       0.       0.       0.       0.01     0.       0.       0.      ],[0. 0. 0. 0. 1. 0. 0. 0. 0. 0. 0. 0. 0. 0. 0. 0. 0. 0. 0. 0. 0. 0. 0. 0. 0. 0. 0. 1. 0. 0. 0.],500,100,0.3,0.0025,1,2,TID,24,best
23,0.00165151087256,0.00165151087256,0.010755750945,[0.       0.       0.       0.       0.987793 0.       0.       0.       0.       0.       0.       0.       0.       0.       0.       0.       0.       0.       0.       0.       0.       0.       0.       0.       0.       0.       0.       0.01     0.       0.       0.      ],[0. 0. 0. 0. 1. 0. 0. 0. 0. 0. 0. 0. 0. 0. 0. 0. 0. 0. 0. 0. 0. 0. 0. 0. 0. 0. 0. 1. 0. 0. 0.],500,100,0.3,0.0025,1,2,TID,24,best
24,0.00165151087256,0.00165151087256,0.010755750945,[0.       0.       0.       0.       0.987793 0.       0.       0.       0.       0.       0.       0.       0.       0.       0.       0.       0.       0.       0.       0.       0.       0.       0.       0.       0.       0.       0.       0.01     0.       0.       0.      ],[0. 0. 0. 0. 1. 0. 0. 0. 0. 0. 0. 0. 0. 0. 0. 0. 0. 0. 0. 0. 0. 0. 0. 0. 0. 0. 0. 1. 0. 0. 0.],500,100,0.3,0.0025,1,2,TID,24,best
25,0.00165151087256,0.00165151087256,0.010755750945,[0.       0.       0.       0.       0.987793 0.       0.       0.       0.       0.       0.       0.       0.       0.       0.       0.       0.       0.       0.       0.       0.       0.       0.       0.       0.       0.       0.       0.01     0.       0.       0.      ],[0. 0. 0. 0. 1. 0. 0. 0. 0. 0. 0. 0. 0. 0. 0. 0. 0. 0. 0. 0. 0. 0. 0. 0. 0. 0. 0. 1. 0. 0. 0.],500,100,0.3,0.0025,1,2,TID,24,best
26,0.00165151087256,0.00165151087256,0.010755750945,[0.       0.       0.       0.       0.987793 0.       0.       0.       0.       0.       0.       0.       0.       0.       0.       0.       0.       0.       0.       0.       0.       0.       0.       0.       0.       0.       0.       0.01     0.       0.       0.      ],[0. 0. 0. 0. 1. 0. 0. 0. 0. 0. 0. 0. 0. 0. 0. 0. 0. 0. 0. 0. 0. 0. 0. 0. 0. 0. 0. 1. 0. 0. 0.],500,100,0.3,0.0025,1,2,TID,24,best
27,0.00165151087256,0.00165151087256,0.010755750945,[0.       0.       0.       0.       0.987793 0.       0.       0.       0.       0.       0.       0.       0.       0.       0.       0.       0.       0.       0.       0.       0.       0.       0.       0.       0.       0.       0.       0.01     0.       0.       0.      ],[0. 0. 0. 0. 1. 0. 0. 0. 0. 0. 0. 0. 0. 0. 0. 0. 0. 0. 0. 0. 0. 0. 0. 0. 0. 0. 0. 1. 0. 0. 0.],500,100,0.3,0.0025,1,2,TID,24,best
28,0.00165151087256,0.00165151087256,0.010755750945,[0.       0.       0.       0.       0.987793 0.       0.       0.       0.       0.       0.       0.       0.       0.       0.       0.       0.       0.       0.       0.       0.       0.       0.       0.       0.       0.       0.       0.01     0.       0.       0.      ],[0. 0. 0. 0. 1. 0. 0. 0. 0. 0. 0. 0. 0. 0. 0. 0. 0. 0. 0. 0. 0. 0. 0. 0. 0. 0. 0. 1. 0. 0. 0.],500,100,0.3,0.0025,1,2,TID,24,best
29,0.00165151087256,0.00165151087256,0.010755750945,[0.       0.       0.       0.       0.987793 0.       0.       0.       0.       0.       0.       0.       0.       0.       0.       0.       0.       0.       0.       0.       0.       0.       0.       0.       0.       0.       0.       0.01     0.       0.       0.      ],[0. 0. 0. 0. 1. 0. 0. 0. 0. 0. 0. 0. 0. 0. 0. 0. 0. 0. 0. 0. 0. 0. 0. 0. 0. 0. 0. 1. 0. 0. 0.],500,100,0.3,0.0025,1,2,TID,24,best
30,0.00165151087256,0.00165151087256,0.010755750945,[0.       0.       0.       0.       0.987793 0.       0.       0.       0.       0.       0.       0.       0.       0.       0.       0.       0.       0.       0.       0.       0.       0.       0.       0.       0.       0.       0.       0.01     0.       0.       0.      ],[0. 0. 0. 0. 1. 0. 0. 0. 0. 0. 0. 0. 0. 0. 0. 0. 0. 0. 0. 0. 0. 0. 0. 0. 0. 0. 0. 1. 0. 0. 0.],500,100,0.3,0.0025,1,2,TID,24,best
31,0.00165151087256,0.00165151087256,0.010755750945,[0.       0.       0.       0.       0.987793 0.       0.       0.       0.       0.       0.       0.       0.       0.       0.       0.       0.       0.       0.       0.       0.       0.       0.       0.       0.       0.       0.       0.01     0.       0.       0.      ],[0. 0. 0. 0. 1. 0. 0. 0. 0. 0. 0. 0. 0. 0. 0. 0. 0. 0. 0. 0. 0. 0. 0. 0. 0. 0. 0. 1. 0. 0. 0.],500,100,0.3,0.0025,1,2,TID,24,best
32,0.00165151087256,0.00165151087256,0.010755750945,[0.       0.       0.       0.       0.987793 0.       0.       0.       0.       0.       0.       0.       0.       0.       0.       0.       0.       0.       0.       0.       0.       0.       0.       0.       0.       0.       0.       0.01     0.       0.       0.      ],[0. 0. 0. 0. 1. 0. 0. 0. 0. 0. 0. 0. 0. 0. 0. 0. 0. 0. 0. 0. 0. 0. 0. 0. 0. 0. 0. 1. 0. 0. 0.],500,100,0.3,0.0025,1,2,TID,24,best
33,0.00165151087256,0.00165151087256,0.010755750945,[0.       0.       0.       0.       0.987793 0.       0.       0.       0.       0.       0.       0.       0.       0.       0.       0.       0.       0.       0.       0.       0.       0.       0.       0.       0.       0.       0.       0.01     0.       0.       0.      ],[0. 0. 0. 0. 1. 0. 0. 0. 0. 0. 0. 0. 0. 0. 0. 0. 0. 0. 0. 0. 0. 0. 0. 0. 0. 0. 0. 1. 0. 0. 0.],500,100,0.3,0.0025,1,2,TID,24,best
34,0.00165151087256,0.00165151087256,0.010755750945,[0.       0.       0.       0.       0.987793 0.       0.       0.       0.       0.       0.       0.       0.       0.       0.       0.       0.       0.       0.       0.       0.       0.       0.       0.       0.       0.       0.       0.01     0.       0.       0.      ],[0. 0. 0. 0. 1. 0. 0. 0. 0. 0. 0. 0. 0. 0. 0. 0. 0. 0. 0. 0. 0. 0. 0. 0. 0. 0. 0. 1. 0. 0. 0.],500,100,0.3,0.0025,1,2,TID,24,best
35,0.00165151087256,0.00165151087256,0.010755750945,[0.       0.       0.       0.       0.987793 0.       0.       0.       0.       0.       0.       0.       0.       0.       0.       0.       0.       0.       0.       0.       0.       0.       0.       0.       0.       0.       0.       0.01     0.       0.       0.      ],[0. 0. 0. 0. 1. 0. 0. 0. 0. 0. 0. 0. 0. 0. 0. 0. 0. 0. 0. 0. 0. 0. 0. 0. 0. 0. 0. 1. 0. 0. 0.],500,100,0.3,0.0025,1,2,TID,24,best
36,0.00165151087256,0.00165151087256,0.010755750945,[0.       0.       0.       0.       0.987793 0.       0.       0.       0.       0.       0.       0.       0.       0.       0.       0.       0.       0.       0.       0.       0.       0.       0.       0.       0.       0.       0.       0.01     0.       0.       0.      ],[0. 0. 0. 0. 1. 0. 0. 0. 0. 0. 0. 0. 0. 0. 0. 0. 0. 0. 0. 0. 0. 0. 0. 0. 0. 0. 0. 1. 0. 0. 0.],500,100,0.3,0.0025,1,2,TID,24,best
37,0.00165151087256,0.00165151087256,0.010755750945,[0.       0.       0.       0.       0.987793 0.       0.       0.       0.       0.       0.       0.       0.       0.       0.       0.       0.       0.       0.       0.       0.       0.       0.       0.       0.       0.       0.       0.01     0.       0.       0.      ],[0. 0. 0. 0. 1. 0. 0. 0. 0. 0. 0. 0. 0. 0. 0. 0. 0. 0. 0. 0. 0. 0. 0. 0. 0. 0. 0. 1. 0. 0. 0.],500,100,0.3,0.0025,1,2,TID,24,best
38,0.00165151087256,0.00165151087256,0.010755750945,[0.       0.       0.       0.       0.987793 0.       0.       0.       0.       0.       0.       0.       0.       0.       0.       0.       0.       0.       0.       0.       0.       0.       0.       0.       0.       0.       0.       0.01     0.       0.       0.      ],[0. 0. 0. 0. 1. 0. 0. 0. 0. 0. 0. 0. 0. 0. 0. 0. 0. 0. 0. 0. 0. 0. 0. 0. 0. 0. 0. 1. 0. 0. 0.],500,100,0.3,0.0025,1,2,TID,24,best
39,0.00165151087256,0.00165151087256,0.010755750945,[0.       0.       0.       0.       0.987793 0.       0.       0.       0.       0.       0.       0.       0.       0.       0.       0.       0.       0.       0.       0.       0.       0.       0.       0.       0.       0.       0.       0.01     0.       0.       0.      ],[0. 0. 0. 0. 1. 0. 0. 0. 0. 0. 0. 0. 0. 0. 0. 0. 0. 0. 0. 0. 0. 0. 0. 0. 0. 0. 0. 1. 0. 0. 0.],500,100,0.3,0.0025,1,2,TID,24,best
40,0.00165151087256,0.00165151087256,0.010755750945,[0.       0.       0.       0.       0.987793 0.       0.       0.       0.       0.       0.       0.       0.       0.       0.       0.       0.       0.       0.       0.       0.       0.       0.       0.       0.       0.       0.       0.01     0.       0.       0.      ],[0. 0. 0. 0. 1. 0. 0. 0. 0. 0. 0. 0. 0. 0. 0. 0. 0. 0. 0. 0. 0. 0. 0. 0. 0. 0. 0. 1. 0. 0. 0.],500,100,0.3,0.0025,1,2,TID,24,best
41,0.00165151087256,0.00165151087256,0.010755750945,[0.       0.       0.       0.       0.987793 0.       0.       0.       0.       0.       0.       0.       0.       0.       0.       0.       0.       0.       0.       0.       0.       0.       0.       0.       0.       0.       0.       0.01     0.       0.       0.      ],[0. 0. 0. 0. 1. 0. 0. 0. 0. 0. 0. 0. 0. 0. 0. 0. 0. 0. 0. 0. 0. 0. 0. 0. 0. 0. 0. 1. 0. 0. 0.],500,100,0.3,0.0025,1,2,TID,24,best
42,0.00165151087256,0.00165151087256,0.010755750945,[0.       0.       0.       0.       0.987793 0.       0.       0.       0.       0.       0.       0.       0.       0.       0.       0.       0.       0.       0.       0.       0.       0.       0.       0.       0.       0.       0.       0.01     0.       0.       0.      ],[0. 0. 0. 0. 1. 0. 0. 0. 0. 0. 0. 0. 0. 0. 0. 0. 0. 0. 0. 0. 0. 0. 0. 0. 0. 0. 0. 1. 0. 0. 0.],500,100,0.3,0.0025,1,2,TID,24,best
43,0.00165151087256,0.00165151087256,0.010755750945,[0.       0.       0.       0.       0.987793 0.       0.       0.       0.       0.       0.       0.       0.       0.       0.       0.       0.       0.       0.       0.       0.       0.       0.       0.       0.       0.       0.       0.01     0.       0.       0.      ],[0. 0. 0. 0. 1. 0. 0. 0. 0. 0. 0. 0. 0. 0. 0. 0. 0. 0. 0. 0. 0. 0. 0. 0. 0. 0. 0. 1. 0. 0. 0.],500,100,0.3,0.0025,1,2,TID,24,best
44,0.00165151087256,0.00165151087256,0.010755750945,[0.       0.       0.       0.       0.987793 0.       0.       0.       0.       0.       0.       0.       0.       0.       0.       0.       0.       0.       0.       0.       0.       0.       0.       0.       0.       0.       0.       0.01     0.       0.       0.      ],[0. 0. 0. 0. 1. 0. 0. 0. 0. 0. 0. 0. 0. 0. 0. 0. 0. 0. 0. 0. 0. 0. 0. 0. 0. 0. 0. 1. 0. 0. 0.],500,100,0.3,0.0025,1,2,TID,24,best
45,0.00165151087256,0.00165151087256,0.010755750945,[0.       0.       0.       0.       0.987793 0.       0.       0.       0.       0.       0.       0.       0.       0.       0.       0.       0.       0.       0.       0.       0.       0.       0.       0.       0.       0.       0.       0.01     0.       0.       0.      ],[0. 0. 0. 0. 1. 0. 0. 0. 0. 0. 0. 0. 0. 0. 0. 0. 0. 0. 0. 0. 0. 0. 0. 0. 0. 0. 0. 1. 0. 0. 0.],500,100,0.3,0.0025,1,2,TID,24,best
46,0.00165151087256,0.00165151087256,0.010755750945,[0.       0.       0.       0.       0.987793 0.       0.       0.       0.       0.       0.       0.       0.       0.       0.       0.       0.       0.       0.       0.       0.       0.       0.       0.       0.       0.       0.       0.01     0.       0.       0.      ],[0. 0. 0. 0. 1. 0. 0. 0. 0. 0. 0. 0. 0. 0. 0. 0. 0. 0. 0. 0. 0. 0. 0. 0. 0. 0. 0. 1. 0. 0. 0.],500,100,0.3,0.0025,1,2,TID,24,best
47,0.00165151087256,0.00165151087256,0.010755750945,[0.       0.       0.       0.       0.987793 0.       0.       0.       0.       0.       0.       0.       0.       0.       0.       0.       0.       0.       0.       0.       0.       0.       0.       0.       0.       0.       0.       0.01     0.       0.       0.      ],[0. 0. 0. 0. 1. 0. 0. 0. 0. 0. 0. 0. 0. 0. 0. 0. 0. 0. 0. 0. 0. 0. 0. 0. 0. 0. 0. 1. 0. 0. 0.],500,100,0.3,0.0025,1,2,TID,24,best
48,0.00165151087256,0.00165151087256,0.010755750945,[0.       0.       0.       0.       0.987793 0.       0.       0.       0.       0.       0.       0.       0.       0.       0.       0.       0.       0.       0.       0.       0.       0.       0.       0.       0.       0.       0.       0.01     0.       0.       0.      ],[0. 0. 0. 0. 1. 0. 0. 0. 0. 0. 0. 0. 0. 0. 0. 0. 0. 0. 0. 0. 0. 0. 0. 0. 0. 0. 0. 1. 0. 0. 0.],500,100,0.3,0.0025,1,2,TID,24,best
49,0.00165151087256,0.00165151087256,0.010755750945,[0.       0.       0.       0.       0.987793 0.       0.       0.       0.       0.       0.       0.       0.       0.       0.       0.       0.       0.       0.       0.       0.       0.       0.       0.       0.       0.       0.       0.01     0.       0.       0.      ],[0. 0. 0. 0. 1. 0. 0. 0. 0. 0. 0. 0. 0. 0. 0. 0. 0. 0. 0. 0. 0. 0. 0. 0. 0. 0. 0. 1. 0. 0. 0.],500,100,0.3,0.0025,1,2,TID,24,best
50,0.00165151087256,0.00165151087256,0.010755750945,[0.       0.       0.       0.       0.987793 0.       0.       0.       0.       0.       0.       0.       0.       0.       0.       0.       0.       0.       0.       0.       0.       0.       0.       0.       0.       0.       0.       0.01     0.       0.       0.      ],[0. 0. 0. 0. 1. 0. 0. 0. 0. 0. 0. 0. 0. 0. 0. 0. 0. 0. 0. 0. 0. 0. 0. 0. 0. 0. 0. 1. 0. 0. 0.],500,100,0.3,0.0025,1,2,TID,24,best
51,0.00165151087256,0.00165151087256,0.010755750945,[0.       0.       0.       0.       0.987793 0.       0.       0.       0.       0.       0.       0.       0.       0.       0.       0.       0.       0.       0.       0.       0.       0.       0.       0.       0.       0.       0.       0.01     0.       0.       0.      ],[0. 0. 0. 0. 1. 0. 0. 0. 0. 0. 0. 0. 0. 0. 0. 0. 0. 0. 0. 0. 0. 0. 0. 0. 0. 0. 0. 1. 0. 0. 0.],500,100,0.3,0.0025,1,2,TID,24,best
52,0.00165151087256,0.00165151087256,0.010755750945,[0.       0.       0.       0.       0.987793 0.       0.       0.       0.       0.       0.       0.       0.       0.       0.       0.       0.       0.       0.       0.       0.       0.       0.       0.       0.       0.       0.       0.01     0.       0.       0.      ],[0. 0. 0. 0. 1. 0. 0. 0. 0. 0. 0. 0. 0. 0. 0. 0. 0. 0. 0. 0. 0. 0. 0. 0. 0. 0. 0. 1. 0. 0. 0.],500,100,0.3,0.0025,1,2,TID,24,best
53,0.00165151087256,0.00165151087256,0.010755750945,[0.       0.       0.       0.       0.987793 0.       0.       0.       0.       0.       0.       0.       0.       0.       0.       0.       0.       0.       0.       0.       0.       0.       0.       0.       0.       0.       0.       0.01     0.       0.       0.      ],[0. 0. 0. 0. 1. 0. 0. 0. 0. 0. 0. 0. 0. 0. 0. 0. 0. 0. 0. 0. 0. 0. 0. 0. 0. 0. 0. 1. 0. 0. 0.],500,100,0.3,0.0025,1,2,TID,24,best
54,0.00165151087256,0.00165151087256,0.010755750945,[0.       0.       0.       0.       0.987793 0.       0.       0.       0.       0.       0.       0.       0.       0.       0.       0.       0.       0.       0.       0.       0.       0.       0.       0.       0.       0.       0.       0.01     0.       0.       0.      ],[0. 0. 0. 0. 1. 0. 0. 0. 0. 0. 0. 0. 0. 0. 0. 0. 0. 0. 0. 0. 0. 0. 0. 0. 0. 0. 0. 1. 0. 0. 0.],500,100,0.3,0.0025,1,2,TID,24,best
55,0.00165151087256,0.00165151087256,0.010755750945,[0.       0.       0.       0.       0.987793 0.       0.       0.       0.       0.       0.       0.       0.       0.       0.       0.       0.       0.       0.       0.       0.       0.       0.       0.       0.       0.       0.       0.01     0.       0.       0.      ],[0. 0. 0. 0. 1. 0. 0. 0. 0. 0. 0. 0. 0. 0. 0. 0. 0. 0. 0. 0. 0. 0. 0. 0. 0. 0. 0. 1. 0. 0. 0.],500,100,0.3,0.0025,1,2,TID,24,best
56,0.00165151087256,0.00165151087256,0.010755750945,[0.       0.       0.       0.       0.987793 0.       0.       0.       0.       0.       0.       0.       0.       0.       0.       0.       0.       0.       0.       0.       0.       0.       0.       0.       0.       0.       0.       0.01     0.       0.       0.      ],[0. 0. 0. 0. 1. 0. 0. 0. 0. 0. 0. 0. 0. 0. 0. 0. 0. 0. 0. 0. 0. 0. 0. 0. 0. 0. 0. 1. 0. 0. 0.],500,100,0.3,0.0025,1,2,TID,24,best
57,0.00165151087256,0.00165151087256,0.010755750945,[0.       0.       0.       0.       0.987793 0.       0.       0.       0.       0.       0.       0.       0.       0.       0.       0.       0.       0.       0.       0.       0.       0.       0.       0.       0.       0.       0.       0.01     0.       0.       0.      ],[0. 0. 0. 0. 1. 0. 0. 0. 0. 0. 0. 0. 0. 0. 0. 0. 0. 0. 0. 0. 0. 0. 0. 0. 0. 0. 0. 1. 0. 0. 0.],500,100,0.3,0.0025,1,2,TID,24,best
58,0.00165151087256,0.00165151087256,0.010755750945,[0.       0.       0.       0.       0.987793 0.       0.       0.       0.       0.       0.       0.       0.       0.       0.       0.       0.       0.       0.       0.       0.       0.       0.       0.       0.       0.       0.       0.01     0.       0.       0.      ],[0. 0. 0. 0. 1. 0. 0. 0. 0. 0. 0. 0. 0. 0. 0. 0. 0. 0. 0. 0. 0. 0. 0. 0. 0. 0. 0. 1. 0. 0. 0.],500,100,0.3,0.0025,1,2,TID,24,best
59,0.00165151087256,0.00165151087256,0.010755750945,[0.       0.       0.       0.       0.987793 0.       0.       0.       0.       0.       0.       0.       0.       0.       0.       0.       0.       0.       0.       0.       0.       0.       0.       0.       0.       0.       0.       0.01     0.       0.       0.      ],[0. 0. 0. 0. 1. 0. 0. 0. 0. 0. 0. 0. 0. 0. 0. 0. 0. 0. 0. 0. 0. 0. 0. 0. 0. 0. 0. 1. 0. 0. 0.],500,100,0.3,0.0025,1,2,TID,24,best
60,0.00165151087256,0.00165151087256,0.010755750945,[0.       0.       0.       0.       0.987793 0.       0.       0.       0.       0.       0.       0.       0.       0.       0.       0.       0.       0.       0.       0.       0.       0.       0.       0.       0.       0.       0.       0.01     0.       0.       0.      ],[0. 0. 0. 0. 1. 0. 0. 0. 0. 0. 0. 0. 0. 0. 0. 0. 0. 0. 0. 0. 0. 0. 0. 0. 0. 0. 0. 1. 0. 0. 0.],500,100,0.3,0.0025,1,2,TID,24,best
61,0.00165151087256,0.00165151087256,0.010755750945,[0.       0.       0.       0.       0.987793 0.       0.       0.       0.       0.       0.       0.       0.       0.       0.       0.       0.       0.       0.       0.       0.       0.       0.       0.       0.       0.       0.       0.01     0.       0.       0.      ],[0. 0. 0. 0. 1. 0. 0. 0. 0. 0. 0. 0. 0. 0. 0. 0. 0. 0. 0. 0. 0. 0. 0. 0. 0. 0. 0. 1. 0. 0. 0.],500,100,0.3,0.0025,1,2,TID,24,best
62,0.00165151087256,0.00165151087256,0.010755750945,[0.       0.       0.       0.       0.987793 0.       0.       0.       0.       0.       0.       0.       0.       0.       0.       0.       0.       0.       0.       0.       0.       0.       0.       0.       0.       0.       0.       0.01     0.       0.       0.      ],[0. 0. 0. 0. 1. 0. 0. 0. 0. 0. 0. 0. 0. 0. 0. 0. 0. 0. 0. 0. 0. 0. 0. 0. 0. 0. 0. 1. 0. 0. 0.],500,100,0.3,0.0025,1,2,TID,24,best
63,0.00165151087256,0.00165151087256,0.010755750945,[0.       0.       0.       0.       0.987793 0.       0.       0.       0.       0.       0.       0.       0.       0.       0.       0.       0.       0.       0.       0.       0.       0.       0.       0.       0.       0.       0.       0.01     0.       0.       0.      ],[0. 0. 0. 0. 1. 0. 0. 0. 0. 0. 0. 0. 0. 0. 0. 0. 0. 0. 0. 0. 0. 0. 0. 0. 0. 0. 0. 1. 0. 0. 0.],500,100,0.3,0.0025,1,2,TID,24,best
64,0.00165151087256,0.00165151087256,0.010755750945,[0.       0.       0.       0.       0.987793 0.       0.       0.       0.       0.       0.       0.       0.       0.       0.       0.       0.       0.       0.       0.       0.       0.       0.       0.       0.       0.       0.       0.01     0.       0.       0.      ],[0. 0. 0. 0. 1. 0. 0. 0. 0. 0. 0. 0. 0. 0. 0. 0. 0. 0. 0. 0. 0. 0. 0. 0. 0. 0. 0. 1. 0. 0. 0.],500,100,0.3,0.0025,1,2,TID,24,best
65,0.00165151087256,0.00165151087256,0.010755750945,[0.       0.       0.       0.       0.987793 0.       0.       0.       0.       0.       0.       0.       0.       0.       0.       0.       0.       0.       0.       0.       0.       0.       0.       0.       0.       0.       0.       0.01     0.       0.       0.      ],[0. 0. 0. 0. 1. 0. 0. 0. 0. 0. 0. 0. 0. 0. 0. 0. 0. 0. 0. 0. 0. 0. 0. 0. 0. 0. 0. 1. 0. 0. 0.],500,100,0.3,0.0025,1,2,TID,24,best
66,0.00165151087256,0.00165151087256,0.010755750945,[0.       0.       0.       0.       0.987793 0.       0.       0.       0.       0.       0.       0.       0.       0.       0.       0.       0.       0.       0.       0.       0.       0.       0.       0.       0.       0.       0.       0.01     0.       0.       0.      ],[0. 0. 0. 0. 1. 0. 0. 0. 0. 0. 0. 0. 0. 0. 0. 0. 0. 0. 0. 0. 0. 0. 0. 0. 0. 0. 0. 1. 0. 0. 0.],500,100,0.3,0.0025,1,2,TID,24,best
67,0.00165151087256,0.00165151087256,0.010755750945,[0.       0.       0.       0.       0.987793 0.       0.       0.       0.       0.       0.       0.       0.       0.       0.       0.       0.       0.       0.       0.       0.       0.       0.       0.       0.       0.       0.       0.01     0.       0.       0.      ],[0. 0. 0. 0. 1. 0. 0. 0. 0. 0. 0. 0. 0. 0. 0. 0. 0. 0. 0. 0. 0. 0. 0. 0. 0. 0. 0. 1. 0. 0. 0.],500,100,0.3,0.0025,1,2,TID,24,best
68,0.00165151087256,0.00165151087256,0.010755750945,[0.       0.       0.       0.       0.987793 0.       0.       0.       0.       0.       0.       0.       0.       0.       0.       0.       0.       0.       0.       0.       0.       0.       0.       0.       0.       0.       0.       0.01     0.       0.       0.      ],[0. 0. 0. 0. 1. 0. 0. 0. 0. 0. 0. 0. 0. 0. 0. 0. 0. 0. 0. 0. 0. 0. 0. 0. 0. 0. 0. 1. 0. 0. 0.],500,100,0.3,0.0025,1,2,TID,24,best
69,0.00165151087256,0.00165151087256,0.010755750945,[0.       0.       0.       0.       0.987793 0.       0.       0.       0.       0.       0.       0.       0.       0.       0.       0.       0.       0.       0.       0.       0.       0.       0.       0.       0.       0.       0.       0.01     0.       0.       0.      ],[0. 0. 0. 0. 1. 0. 0. 0. 0. 0. 0. 0. 0. 0. 0. 0. 0. 0. 0. 0. 0. 0. 0. 0. 0. 0. 0. 1. 0. 0. 0.],500,100,0.3,0.0025,1,2,TID,24,best
70,0.00165151087256,0.00165151087256,0.010755750945,[0.       0.       0.       0.       0.987793 0.       0.       0.       0.       0.       0.       0.       0.       0.       0.       0.       0.       0.       0.       0.       0.       0.       0.       0.       0.       0.       0.       0.01     0.       0.       0.      ],[0. 0. 0. 0. 1. 0. 0. 0. 0. 0. 0. 0. 0. 0. 0. 0. 0. 0. 0. 0. 0. 0. 0. 0. 0. 0. 0. 1. 0. 0. 0.],500,100,0.3,0.0025,1,2,TID,24,best
71,0.00165151087256,0.00165151087256,0.010755750945,[0.       0.       0.       0.       0.987793 0.       0.       0.       0.       0.       0.       0.       0.       0.       0.       0.       0.       0.       0.       0.       0.       0.       0.       0.       0.       0.       0.       0.01     0.       0.       0.      ],[0. 0. 0. 0. 1. 0. 0. 0. 0. 0. 0. 0. 0. 0. 0. 0. 0. 0. 0. 0. 0. 0. 0. 0. 0. 0. 0. 1. 0. 0. 0.],500,100,0.3,0.0025,1,2,TID,24,best
72,0.00165151087256,0.00165151087256,0.010755750945,[0.       0.       0.       0.       0.987793 0.       0.       0.       0.       0.       0.       0.       0.       0.       0.       0.       0.       0.       0.       0.       0.       0.       0.       0.       0.       0.       0.       0.01     0.       0.       0.      ],[0. 0. 0. 0. 1. 0. 0. 0. 0. 0. 0. 0. 0. 0. 0. 0. 0. 0. 0. 0. 0. 0. 0. 0. 0. 0. 0. 1. 0. 0. 0.],500,100,0.3,0.0025,1,2,TID,24,best
73,0.00165151087256,0.00165151087256,0.010755750945,[0.       0.       0.       0.       0.987793 0.       0.       0.       0.       0.       0.       0.       0.       0.       0.       0.       0.       0.       0.       0.       0.       0.       0.       0.       0.       0.       0.       0.01     0.       0.       0.      ],[0. 0. 0. 0. 1. 0. 0. 0. 0. 0. 0. 0. 0. 0. 0. 0. 0. 0. 0. 0. 0. 0. 0. 0. 0. 0. 0. 1. 0. 0. 0.],500,100,0.3,0.0025,1,2,TID,24,best
74,0.00165151087256,0.00165151087256,0.010755750945,[0.       0.       0.       0.       0.987793 0.       0.       0.       0.       0.       0.       0.       0.       0.       0.       0.       0.       0.       0.       0.       0.       0.       0.       0.       0.       0.       0.       0.01     0.       0.       0.      ],[0. 0. 0. 0. 1. 0. 0. 0. 0. 0. 0. 0. 0. 0. 0. 0. 0. 0. 0. 0. 0. 0. 0. 0. 0. 0. 0. 1. 0. 0. 0.],500,100,0.3,0.0025,1,2,TID,24,best
75,0.00165151087256,0.00165151087256,0.010755750945,[0.       0.       0.       0.       0.987793 0.       0.       0.       0.       0.       0.       0.       0.       0.       0.       0.       0.       0.       0.       0.       0.       0.       0.       0.       0.       0.       0.       0.01     0.       0.       0.      ],[0. 0. 0. 0. 1. 0. 0. 0. 0. 0. 0. 0. 0. 0. 0. 0. 0. 0. 0. 0. 0. 0. 0. 0. 0. 0. 0. 1. 0. 0. 0.],500,100,0.3,0.0025,1,2,TID,24,best
76,0.00165151087256,0.00165151087256,0.010755750945,[0.       0.       0.       0.       0.987793 0.       0.       0.       0.       0.       0.       0.       0.       0.       0.       0.       0.       0.       0.       0.       0.       0.       0.       0.       0.       0.       0.       0.01     0.       0.       0.      ],[0. 0. 0. 0. 1. 0. 0. 0. 0. 0. 0. 0. 0. 0. 0. 0. 0. 0. 0. 0. 0. 0. 0. 0. 0. 0. 0. 1. 0. 0. 0.],500,100,0.3,0.0025,1,2,TID,24,best
77,0.00165151087256,0.00165151087256,0.010755750945,[0.       0.       0.       0.       0.987793 0.       0.       0.       0.       0.       0.       0.       0.       0.       0.       0.       0.       0.       0.       0.       0.       0.       0.       0.       0.       0.       0.       0.01     0.       0.       0.      ],[0. 0. 0. 0. 1. 0. 0. 0. 0. 0. 0. 0. 0. 0. 0. 0. 0. 0. 0. 0. 0. 0. 0. 0. 0. 0. 0. 1. 0. 0. 0.],500,100,0.3,0.0025,1,2,TID,24,best
78,0.00165151087256,0.00165151087256,0.010755750945,[0.       0.       0.       0.       0.987793 0.       0.       0.       0.       0.       0.       0.       0.       0.       0.       0.       0.       0.       0.       0.       0.       0.       0.       0.       0.       0.       0.       0.01     0.       0.       0.      ],[0. 0. 0. 0. 1. 0. 0. 0. 0. 0. 0. 0. 0. 0. 0. 0. 0. 0. 0. 0. 0. 0. 0. 0. 0. 0. 0. 1. 0. 0. 0.],500,100,0.3,0.0025,1,2,TID,24,best
79,0.00165151087256,0.00165151087256,0.010755750945,[0.       0.       0.       0.       0.987793 0.       0.       0.       0.       0.       0.       0.       0.       0.       0.       0.       0.       0.       0.       0.       0.       0.       0.       0.       0.       0.       0.       0.01     0.       0.       0.      ],[0. 0. 0. 0. 1. 0. 0. 0. 0. 0. 0. 0. 0. 0. 0. 0. 0. 0. 0. 0. 0. 0. 0. 0. 0. 0. 0. 1. 0. 0. 0.],500,100,0.3,0.0025,1,2,TID,24,best
80,0.00165151087256,0.00165151087256,0.010755750945,[0.       0.       0.       0.       0.987793 0.       0.       0.       0.       0.       0.       0.       0.       0.       0.       0.       0.       0.       0.       0.       0.       0.       0.       0.       0.       0.       0.       0.01     0.       0.       0.      ],[0. 0. 0. 0. 1. 0. 0. 0. 0. 0. 0. 0. 0. 0. 0. 0. 0. 0. 0. 0. 0. 0. 0. 0. 0. 0. 0. 1. 0. 0. 0.],500,100,0.3,0.0025,1,2,TID,24,best
81,0.00165151087256,0.00165151087256,0.010755750945,[0.       0.       0.       0.       0.987793 0.       0.       0.       0.       0.       0.       0.       0.       0.       0.       0.       0.       0.       0.       0.       0.       0.       0.       0.       0.       0.       0.       0.01     0.       0.       0.      ],[0. 0. 0. 0. 1. 0. 0. 0. 0. 0. 0. 0. 0. 0. 0. 0. 0. 0. 0. 0. 0. 0. 0. 0. 0. 0. 0. 1. 0. 0. 0.],500,100,0.3,0.0025,1,2,TID,24,best
82,0.00165151087256,0.00165151087256,0.010755750945,[0.       0.       0.       0.       0.987793 0.       0.       0.       0.       0.       0.       0.       0.       0.       0.       0.       0.       0.       0.       0.       0.       0.       0.       0.       0.       0.       0.       0.01     0.       0.       0.      ],[0. 0. 0. 0. 1. 0. 0. 0. 0. 0. 0. 0. 0. 0. 0. 0. 0. 0. 0. 0. 0. 0. 0. 0. 0. 0. 0. 1. 0. 0. 0.],500,100,0.3,0.0025,1,2,TID,24,best
83,0.00165151087256,0.00165151087256,0.010755750945,[0.       0.       0.       0.       0.987793 0.       0.       0.       0.       0.       0.       0.       0.       0.       0.       0.       0.       0.       0.       0.       0.       0.       0.       0.       0.       0.       0.       0.01     0.       0.       0.      ],[0. 0. 0. 0. 1. 0. 0. 0. 0. 0. 0. 0. 0. 0. 0. 0. 0. 0. 0. 0. 0. 0. 0. 0. 0. 0. 0. 1. 0. 0. 0.],500,100,0.3,0.0025,1,2,TID,24,best
84,0.00165151087256,0.00165151087256,0.010755750945,[0.       0.       0.       0.       0.987793 0.       0.       0.       0.       0.       0.       0.       0.       0.       0.       0.       0.       0.       0.       0.       0.       0.       0.       0.       0.       0.       0.       0.01     0.       0.       0.      ],[0. 0. 0. 0. 1. 0. 0. 0. 0. 0. 0. 0. 0. 0. 0. 0. 0. 0. 0. 0. 0. 0. 0. 0. 0. 0. 0. 1. 0. 0. 0.],500,100,0.3,0.0025,1,2,TID,24,best
85,0.00165151087256,0.00165151087256,0.010755750945,[0.       0.       0.       0.       0.987793 0.       0.       0.       0.       0.       0.       0.       0.       0.       0.       0.       0.       0.       0.       0.       0.       0.       0.       0.       0.       0.       0.       0.01     0.       0.       0.      ],[0. 0. 0. 0. 1. 0. 0. 0. 0. 0. 0. 0. 0. 0. 0. 0. 0. 0. 0. 0. 0. 0. 0. 0. 0. 0. 0. 1. 0. 0. 0.],500,100,0.3,0.0025,1,2,TID,24,best
86,0.00165151087256,0.00165151087256,0.010755750945,[0.       0.       0.       0.       0.987793 0.       0.       0.       0.       0.       0.       0.       0.       0.       0.       0.       0.       0.       0.       0.       0.       0.       0.       0.       0.       0.       0.       0.01     0.       0.       0.      ],[0. 0. 0. 0. 1. 0. 0. 0. 0. 0. 0. 0. 0. 0. 0. 0. 0. 0. 0. 0. 0. 0. 0. 0. 0. 0. 0. 1. 0. 0. 0.],500,100,0.3,0.0025,1,2,TID,24,best
87,0.00165151087256,0.00165151087256,0.010755750945,[0.       0.       0.       0.       0.987793 0.       0.       0.       0.       0.       0.       0.       0.       0.       0.       0.       0.       0.       0.       0.       0.       0.       0.       0.       0.       0.       0.       0.01     0.       0.       0.      ],[0. 0. 0. 0. 1. 0. 0. 0. 0. 0. 0. 0. 0. 0. 0. 0. 0. 0. 0. 0. 0. 0. 0. 0. 0. 0. 0. 1. 0. 0. 0.],500,100,0.3,0.0025,1,2,TID,24,best
88,0.00165151087256,0.00165151087256,0.010755750945,[0.       0.       0.       0.       0.987793 0.       0.       0.       0.       0.       0.       0.       0.       0.       0.       0.       0.       0.       0.       0.       0.       0.       0.       0.       0.       0.       0.       0.01     0.       0.       0.      ],[0. 0. 0. 0. 1. 0. 0. 0. 0. 0. 0. 0. 0. 0. 0. 0. 0. 0. 0. 0. 0. 0. 0. 0. 0. 0. 0. 1. 0. 0. 0.],500,100,0.3,0.0025,1,2,TID,24,best
89,0.00165151087256,0.00165151087256,0.010755750945,[0.       0.       0.       0.       0.987793 0.       0.       0.       0.       0.       0.       0.       0.       0.       0.       0.       0.       0.       0.       0.       0.       0.       0.       0.       0.       0.       0.       0.01     0.       0.       0.      ],[0. 0. 0. 0. 1. 0. 0. 0. 0. 0. 0. 0. 0. 0. 0. 0. 0. 0. 0. 0. 0. 0. 0. 0. 0. 0. 0. 1. 0. 0. 0.],500,100,0.3,0.0025,1,2,TID,24,best
90,0.00165151087256,0.00165151087256,0.010755750945,[0.       0.       0.       0.       0.987793 0.       0.       0.       0.       0.       0.       0.       0.       0.       0.       0.       0.       0.       0.       0.       0.       0.       0.       0.       0.       0.       0.       0.01     0.       0.       0.      ],[0. 0. 0. 0. 1. 0. 0. 0. 0. 0. 0. 0. 0. 0. 0. 0. 0. 0. 0. 0. 0. 0. 0. 0. 0. 0. 0. 1. 0. 0. 0.],500,100,0.3,0.0025,1,2,TID,24,best
91,0.00165151087256,0.00165151087256,0.010755750945,[0.       0.       0.       0.       0.987793 0.       0.       0.       0.       0.       0.       0.       0.       0.       0.       0.       0.       0.       0.       0.       0.       0.       0.       0.       0.       0.       0.       0.01     0.       0.       0.      ],[0. 0. 0. 0. 1. 0. 0. 0. 0. 0. 0. 0. 0. 0. 0. 0. 0. 0. 0. 0. 0. 0. 0. 0. 0. 0. 0. 1. 0. 0. 0.],500,100,0.3,0.0025,1,2,TID,24,best
92,0.00165151087256,0.00165151087256,0.010755750945,[0.       0.       0.       0.       0.987793 0.       0.       0.       0.       0.       0.       0.       0.       0.       0.       0.       0.       0.       0.       0.       0.       0.       0.       0.       0.       0.       0.       0.01     0.       0.       0.      ],[0. 0. 0. 0. 1. 0. 0. 0. 0. 0. 0. 0. 0. 0. 0. 0. 0. 0. 0. 0. 0. 0. 0. 0. 0. 0. 0. 1. 0. 0. 0.],500,100,0.3,0.0025,1,2,TID,24,best
93,0.00165151087256,0.00165151087256,0.010755750945,[0.       0.       0.       0.       0.987793 0.       0.       0.       0.       0.       0.       0.       0.       0.       0.       0.       0.       0.       0.       0.       0.       0.       0.       0.       0.       0.       0.       0.01     0.       0.       0.      ],[0. 0. 0. 0. 1. 0. 0. 0. 0. 0. 0. 0. 0. 0. 0. 0. 0. 0. 0. 0. 0. 0. 0. 0. 0. 0. 0. 1. 0. 0. 0.],500,100,0.3,0.0025,1,2,TID,24,best
94,0.00165151087256,0.00165151087256,0.010755750945,[0.       0.       0.       0.       0.987793 0.       0.       0.       0.       0.       0.       0.       0.       0.       0.       0.       0.       0.       0.       0.       0.       0.       0.       0.       0.       0.       0.       0.01     0.       0.       0.      ],[0. 0. 0. 0. 1. 0. 0. 0. 0. 0. 0. 0. 0. 0. 0. 0. 0. 0. 0. 0. 0. 0. 0. 0. 0. 0. 0. 1. 0. 0. 0.],500,100,0.3,0.0025,1,2,TID,24,best
95,0.00165151087256,0.00165151087256,0.010755750945,[0.       0.       0.       0.       0.987793 0.       0.       0.       0.       0.       0.       0.       0.       0.       0.       0.       0.       0.       0.       0.       0.       0.       0.       0.       0.       0.       0.       0.01     0.       0.       0.      ],[0. 0. 0. 0. 1. 0. 0. 0. 0. 0. 0. 0. 0. 0. 0. 0. 0. 0. 0. 0. 0. 0. 0. 0. 0. 0. 0. 1. 0. 0. 0.],500,100,0.3,0.0025,1,2,TID,24,best
96,0.00165151087256,0.00165151087256,0.010755750945,[0.       0.       0.       0.       0.987793 0.       0.       0.       0.       0.       0.       0.       0.       0.       0.       0.       0.       0.       0.       0.       0.       0.       0.       0.       0.       0.       0.       0.01     0.       0.       0.      ],[0. 0. 0. 0. 1. 0. 0. 0. 0. 0. 0. 0. 0. 0. 0. 0. 0. 0. 0. 0. 0. 0. 0. 0. 0. 0. 0. 1. 0. 0. 0.],500,100,0.3,0.0025,1,2,TID,24,best
97,0.00165151087256,0.00165151087256,0.010755750945,[0.       0.       0.       0.       0.987793 0.       0.       0.       0.       0.       0.       0.       0.       0.       0.       0.       0.       0.       0.       0.       0.       0.       0.       0.       0.       0.       0.       0.01     0.       0.       0.      ],[0. 0. 0. 0. 1. 0. 0. 0. 0. 0. 0. 0. 0. 0. 0. 0. 0. 0. 0. 0. 0. 0. 0. 0. 0. 0. 0. 1. 0. 0. 0.],500,100,0.3,0.0025,1,2,TID,24,best
98,0.00165151087256,0.00165151087256,0.010755750945,[0.       0.       0.       0.       0.987793 0.       0.       0.       0.       0.       0.       0.       0.       0.       0.       0.       0.       0.       0.       0.       0.       0.       0.       0.       0.       0.       0.       0.01     0.       0.       0.      ],[0. 0. 0. 0. 1. 0. 0. 0. 0. 0. 0. 0. 0. 0. 0. 0. 0. 0. 0. 0. 0. 0. 0. 0. 0. 0. 0. 1. 0. 0. 0.],500,100,0.3,0.0025,1,2,TID,24,best
99,0.00165151087256,0.00165151087256,0.010755750945,[0.       0.       0.       0.       0.987793 0.       0.       0.       0.       0.       0.       0.       0.       0.       0.       0.       0.       0.       0.       0.       0.       0.       0.       0.       0.       0.       0.       0.01     0.       0.       0.      ],[0. 0. 0. 0. 1. 0. 0. 0. 0. 0. 0. 0. 0. 0. 0. 0. 0. 0. 0. 0. 0. 0. 0. 0. 0. 0. 0. 1. 0. 0. 0.],500,100,0.3,0.0025,1,2,TID,24,best
100,0.00165151087256,0.00165151087256,0.010755750945,[0.       0.       0.       0.       0.987793 0.       0.       0.       0.       0.       0.       0.       0.       0.       0.       0.       0.       0.       0.       0.       0.       0.       0.       0.       0.       0.       0.       0.01     0.       0.       0.      ],[0. 0. 0. 0. 1. 0. 0. 0. 0. 0. 0. 0. 0. 0. 0. 0. 0. 0. 0. 0. 0. 0. 0. 0. 0. 0. 0. 1. 0. 0. 0.],500,100,0.3,0.0025,1,2,TID,24,best
101,0.00165151087256,0.00165151087256,0.010755750945,[0.       0.       0.       0.       0.987793 0.       0.       0.       0.       0.       0.       0.       0.       0.       0.       0.       0.       0.       0.       0.       0.       0.       0.       0.       0.       0.       0.       0.01     0.       0.       0.      ],[0. 0. 0. 0. 1. 0. 0. 0. 0. 0. 0. 0. 0. 0. 0. 0. 0. 0. 0. 0. 0. 0. 0. 0. 0. 0. 0. 1. 0. 0. 0.],500,100,0.3,0.0025,1,2,TID,24,best
102,0.00165151087256,0.00165151087256,0.010755750945,[0.       0.       0.       0.       0.987793 0.       0.       0.       0.       0.       0.       0.       0.       0.       0.       0.       0.       0.       0.       0.       0.       0.       0.       0.       0.       0.       0.       0.01     0.       0.       0.      ],[0. 0. 0. 0. 1. 0. 0. 0. 0. 0. 0. 0. 0. 0. 0. 0. 0. 0. 0. 0. 0. 0. 0. 0. 0. 0. 0. 1. 0. 0. 0.],500,100,0.3,0.0025,1,2,TID,24,best
103,0.00165151087256,0.00165151087256,0.010755750945,[0.       0.       0.       0.       0.987793 0.       0.       0.       0.       0.       0.       0.       0.       0.       0.       0.       0.       0.       0.       0.       0.       0.       0.       0.       0.       0.       0.       0.01     0.       0.       0.      ],[0. 0. 0. 0. 1. 0. 0. 0. 0. 0. 0. 0. 0. 0. 0. 0. 0. 0. 0. 0. 0. 0. 0. 0. 0. 0. 0. 1. 0. 0. 0.],500,100,0.3,0.0025,1,2,TID,24,best
104,0.00165151087256,0.00165151087256,0.010755750945,[0.       0.       0.       0.       0.987793 0.       0.       0.       0.       0.       0.       0.       0.       0.       0.       0.       0.       0.       0.       0.       0.       0.       0.       0.       0.       0.       0.       0.01     0.       0.       0.      ],[0. 0. 0. 0. 1. 0. 0. 0. 0. 0. 0. 0. 0. 0. 0. 0. 0. 0. 0. 0. 0. 0. 0. 0. 0. 0. 0. 1. 0. 0. 0.],500,100,0.3,0.0025,1,2,TID,24,best
105,0.00165151087256,0.00165151087256,0.010755750945,[0.       0.       0.       0.       0.987793 0.       0.       0.       0.       0.       0.       0.       0.       0.       0.       0.       0.       0.       0.       0.       0.       0.       0.       0.       0.       0.       0.       0.01     0.       0.       0.      ],[0. 0. 0. 0. 1. 0. 0. 0. 0. 0. 0. 0. 0. 0. 0. 0. 0. 0. 0. 0. 0. 0. 0. 0. 0. 0. 0. 1. 0. 0. 0.],500,100,0.3,0.0025,1,2,TID,24,best
106,0.00165151087256,0.00165151087256,0.010755750945,[0.       0.       0.       0.       0.987793 0.       0.       0.       0.       0.       0.       0.       0.       0.       0.       0.       0.       0.       0.       0.       0.       0.       0.       0.       0.       0.       0.       0.01     0.       0.       0.      ],[0. 0. 0. 0. 1. 0. 0. 0. 0. 0. 0. 0. 0. 0. 0. 0. 0. 0. 0. 0. 0. 0. 0. 0. 0. 0. 0. 1. 0. 0. 0.],500,100,0.3,0.0025,1,2,TID,24,best
107,0.00165151087256,0.00165151087256,0.010755750945,[0.       0.       0.       0.       0.987793 0.       0.       0.       0.       0.       0.       0.       0.       0.       0.       0.       0.       0.       0.       0.       0.       0.       0.       0.       0.       0.       0.       0.01     0.       0.       0.      ],[0. 0. 0. 0. 1. 0. 0. 0. 0. 0. 0. 0. 0. 0. 0. 0. 0. 0. 0. 0. 0. 0. 0. 0. 0. 0. 0. 1. 0. 0. 0.],500,100,0.3,0.0025,1,2,TID,24,best
108,0.00165151087256,0.00165151087256,0.010755750945,[0.       0.       0.       0.       0.987793 0.       0.       0.       0.       0.       0.       0.       0.       0.       0.       0.       0.       0.       0.       0.       0.       0.       0.       0.       0.       0.       0.       0.01     0.       0.       0.      ],[0. 0. 0. 0. 1. 0. 0. 0. 0. 0. 0. 0. 0. 0. 0. 0. 0. 0. 0. 0. 0. 0. 0. 0. 0. 0. 0. 1. 0. 0. 0.],500,100,0.3,0.0025,1,2,TID,24,best
109,0.00165151087256,0.00165151087256,0.010755750945,[0.       0.       0.       0.       0.987793 0.       0.       0.       0.       0.       0.       0.       0.       0.       0.       0.       0.       0.       0.       0.       0.       0.       0.       0.       0.       0.       0.       0.01     0.       0.       0.      ],[0. 0. 0. 0. 1. 0. 0. 0. 0. 0. 0. 0. 0. 0. 0. 0. 0. 0. 0. 0. 0. 0. 0. 0. 0. 0. 0. 1. 0. 0. 0.],500,100,0.3,0.0025,1,2,TID,24,best
110,0.00165151087256,0.00165151087256,0.010755750945,[0.       0.       0.       0.       0.987793 0.       0.       0.       0.       0.       0.       0.       0.       0.       0.       0.       0.       0.       0.       0.       0.       0.       0.       0.       0.       0.       0.       0.01     0.       0.       0.      ],[0. 0. 0. 0. 1. 0. 0. 0. 0. 0. 0. 0. 0. 0. 0. 0. 0. 0. 0. 0. 0. 0. 0. 0. 0. 0. 0. 1. 0. 0. 0.],500,100,0.3,0.0025,1,2,TID,24,best
111,0.00165151087256,0.00165151087256,0.010755750945,[0.       0.       0.       0.       0.987793 0.       0.       0.       0.       0.       0.       0.       0.       0.       0.       0.       0.       0.       0.       0.       0.       0.       0.       0.       0.       0.       0.       0.01     0.       0.       0.      ],[0. 0. 0. 0. 1. 0. 0. 0. 0. 0. 0. 0. 0. 0. 0. 0. 0. 0. 0. 0. 0. 0. 0. 0. 0. 0. 0. 1. 0. 0. 0.],500,100,0.3,0.0025,1,2,TID,24,best
112,0.00165151087256,0.00165151087256,0.010755750945,[0.       0.       0.       0.       0.987793 0.       0.       0.       0.       0.       0.       0.       0.       0.       0.       0.       0.       0.       0.       0.       0.       0.       0.       0.       0.       0.       0.       0.01     0.       0.       0.      ],[0. 0. 0. 0. 1. 0. 0. 0. 0. 0. 0. 0. 0. 0. 0. 0. 0. 0. 0. 0. 0. 0. 0. 0. 0. 0. 0. 1. 0. 0. 0.],500,100,0.3,0.0025,1,2,TID,24,best
113,0.00165151087256,0.00165151087256,0.010755750945,[0.       0.       0.       0.       0.987793 0.       0.       0.       0.       0.       0.       0.       0.       0.       0.       0.       0.       0.       0.       0.       0.       0.       0.       0.       0.       0.       0.       0.01     0.       0.       0.      ],[0. 0. 0. 0. 1. 0. 0. 0. 0. 0. 0. 0. 0. 0. 0. 0. 0. 0. 0. 0. 0. 0. 0. 0. 0. 0. 0. 1. 0. 0. 0.],500,100,0.3,0.0025,1,2,TID,24,best
114,0.00165151087256,0.00165151087256,0.010755750945,[0.       0.       0.       0.       0.987793 0.       0.       0.       0.       0.       0.       0.       0.       0.       0.       0.       0.       0.       0.       0.       0.       0.       0.       0.       0.       0.       0.       0.01     0.       0.       0.      ],[0. 0. 0. 0. 1. 0. 0. 0. 0. 0. 0. 0. 0. 0. 0. 0. 0. 0. 0. 0. 0. 0. 0. 0. 0. 0. 0. 1. 0. 0. 0.],500,100,0.3,0.0025,1,2,TID,24,best
115,0.00165151087256,0.00165151087256,0.010755750945,[0.       0.       0.       0.       0.987793 0.       0.       0.       0.       0.       0.       0.       0.       0.       0.       0.       0.       0.       0.       0.       0.       0.       0.       0.       0.       0.       0.       0.01     0.       0.       0.      ],[0. 0. 0. 0. 1. 0. 0. 0. 0. 0. 0. 0. 0. 0. 0. 0. 0. 0. 0. 0. 0. 0. 0. 0. 0. 0. 0. 1. 0. 0. 0.],500,100,0.3,0.0025,1,2,TID,24,best
116,0.00165151087256,0.00165151087256,0.010755750945,[0.       0.       0.       0.       0.987793 0.       0.       0.       0.       0.       0.       0.       0.       0.       0.       0.       0.       0.       0.       0.       0.       0.       0.       0.       0.       0.       0.       0.01     0.       0.       0.      ],[0. 0. 0. 0. 1. 0. 0. 0. 0. 0. 0. 0. 0. 0. 0. 0. 0. 0. 0. 0. 0. 0. 0. 0. 0. 0. 0. 1. 0. 0. 0.],500,100,0.3,0.0025,1,2,TID,24,best
117,0.00165151087256,0.00165151087256,0.010755750945,[0.       0.       0.       0.       0.987793 0.       0.       0.       0.       0.       0.       0.       0.       0.       0.       0.       0.       0.       0.       0.       0.       0.       0.       0.       0.       0.       0.       0.01     0.       0.       0.      ],[0. 0. 0. 0. 1. 0. 0. 0. 0. 0. 0. 0. 0. 0. 0. 0. 0. 0. 0. 0. 0. 0. 0. 0. 0. 0. 0. 1. 0. 0. 0.],500,100,0.3,0.0025,1,2,TID,24,best
118,0.00165151087256,0.00165151087256,0.010755750945,[0.       0.       0.       0.       0.987793 0.       0.       0.       0.       0.       0.       0.       0.       0.       0.       0.       0.       0.       0.       0.       0.       0.       0.       0.       0.       0.       0.       0.01     0.       0.       0.      ],[0. 0. 0. 0. 1. 0. 0. 0. 0. 0. 0. 0. 0. 0. 0. 0. 0. 0. 0. 0. 0. 0. 0. 0. 0. 0. 0. 1. 0. 0. 0.],500,100,0.3,0.0025,1,2,TID,24,best
119,0.00165151087256,0.00165151087256,0.010755750945,[0.       0.       0.       0.       0.987793 0.       0.       0.       0.       0.       0.       0.       0.       0.       0.       0.       0.       0.       0.       0.       0.       0.       0.       0.       0.       0.       0.       0.01     0.       0.       0.      ],[0. 0. 0. 0. 1. 0. 0. 0. 0. 0. 0. 0. 0. 0. 0. 0. 0. 0. 0. 0. 0. 0. 0. 0. 0. 0. 0. 1. 0. 0. 0.],500,100,0.3,0.0025,1,2,TID,24,best
120,0.00165151087256,0.00165151087256,0.010755750945,[0.       0.       0.       0.       0.987793 0.       0.       0.       0.       0.       0.       0.       0.       0.       0.       0.       0.       0.       0.       0.       0.       0.       0.       0.       0.       0.       0.       0.01     0.       0.       0.      ],[0. 0. 0. 0. 1. 0. 0. 0. 0. 0. 0. 0. 0. 0. 0. 0. 0. 0. 0. 0. 0. 0. 0. 0. 0. 0. 0. 1. 0. 0. 0.],500,100,0.3,0.0025,1,2,TID,24,best
121,0.00165151087256,0.00165151087256,0.010755750945,[0.       0.       0.       0.       0.987793 0.       0.       0.       0.       0.       0.       0.       0.       0.       0.       0.       0.       0.       0.       0.       0.       0.       0.       0.       0.       0.       0.       0.01     0.       0.       0.      ],[0. 0. 0. 0. 1. 0. 0. 0. 0. 0. 0. 0. 0. 0. 0. 0. 0. 0. 0. 0. 0. 0. 0. 0. 0. 0. 0. 1. 0. 0. 0.],500,100,0.3,0.0025,1,2,TID,24,best
122,0.00165151087256,0.00165151087256,0.010755750945,[0.       0.       0.       0.       0.987793 0.       0.       0.       0.       0.       0.       0.       0.       0.       0.       0.       0.       0.       0.       0.       0.       0.       0.       0.       0.       0.       0.       0.01     0.       0.       0.      ],[0. 0. 0. 0. 1. 0. 0. 0. 0. 0. 0. 0. 0. 0. 0. 0. 0. 0. 0. 0. 0. 0. 0. 0. 0. 0. 0. 1. 0. 0. 0.],500,100,0.3,0.0025,1,2,TID,24,best
123,0.00165151087256,0.00165151087256,0.010755750945,[0.       0.       0.       0.       0.987793 0.       0.       0.       0.       0.       0.       0.       0.       0.       0.       0.       0.       0.       0.       0.       0.       0.       0.       0.       0.       0.       0.       0.01     0.       0.       0.      ],[0. 0. 0. 0. 1. 0. 0. 0. 0. 0. 0. 0. 0. 0. 0. 0. 0. 0. 0. 0. 0. 0. 0. 0. 0. 0. 0. 1. 0. 0. 0.],500,100,0.3,0.0025,1,2,TID,24,best
124,0.00165151087256,0.00165151087256,0.010755750945,[0.       0.       0.       0.       0.987793 0.       0.       0.       0.       0.       0.       0.       0.       0.       0.       0.       0.       0.       0.       0.       0.       0.       0.       0.       0.       0.       0.       0.01     0.       0.       0.      ],[0. 0. 0. 0. 1. 0. 0. 0. 0. 0. 0. 0. 0. 0. 0. 0. 0. 0. 0. 0. 0. 0. 0. 0. 0. 0. 0. 1. 0. 0. 0.],500,100,0.3,0.0025,1,2,TID,24,best
125,0.00165151087256,0.00165151087256,0.010755750945,[0.       0.       0.       0.       0.987793 0.       0.       0.       0.       0.       0.       0.       0.       0.       0.       0.       0.       0.       0.       0.       0.       0.       0.       0.       0.       0.       0.       0.01     0.       0.       0.      ],[0. 0. 0. 0. 1. 0. 0. 0. 0. 0. 0. 0. 0. 0. 0. 0. 0. 0. 0. 0. 0. 0. 0. 0. 0. 0. 0. 1. 0. 0. 0.],500,100,0.3,0.0025,1,2,TID,24,best
126,0.00165151087256,0.00165151087256,0.010755750945,[0.       0.       0.       0.       0.987793 0.       0.       0.       0.       0.       0.       0.       0.       0.       0.       0.       0.       0.       0.       0.       0.       0.       0.       0.       0.       0.       0.       0.01     0.       0.       0.      ],[0. 0. 0. 0. 1. 0. 0. 0. 0. 0. 0. 0. 0. 0. 0. 0. 0. 0. 0. 0. 0. 0. 0. 0. 0. 0. 0. 1. 0. 0. 0.],500,100,0.3,0.0025,1,2,TID,24,best
127,0.00165151087256,0.00165151087256,0.010755750945,[0.       0.       0.       0.       0.987793 0.       0.       0.       0.       0.       0.       0.       0.       0.       0.       0.       0.       0.       0.       0.       0.       0.       0.       0.       0.       0.       0.       0.01     0.       0.       0.      ],[0. 0. 0. 0. 1. 0. 0. 0. 0. 0. 0. 0. 0. 0. 0. 0. 0. 0. 0. 0. 0. 0. 0. 0. 0. 0. 0. 1. 0. 0. 0.],500,100,0.3,0.0025,1,2,TID,24,best
128,0.00165151087256,0.00165151087256,0.010755750945,[0.       0.       0.       0.       0.987793 0.       0.       0.       0.       0.       0.       0.       0.       0.       0.       0.       0.       0.       0.       0.       0.       0.       0.       0.       0.       0.       0.       0.01     0.       0.       0.      ],[0. 0. 0. 0. 1. 0. 0. 0. 0. 0. 0. 0. 0. 0. 0. 0. 0. 0. 0. 0. 0. 0. 0. 0. 0. 0. 0. 1. 0. 0. 0.],500,100,0.3,0.0025,1,2,TID,24,best
129,0.00165151087256,0.00165151087256,0.010755750945,[0.       0.       0.       0.       0.987793 0.       0.       0.       0.       0.       0.       0.       0.       0.       0.       0.       0.       0.       0.       0.       0.       0.       0.       0.       0.       0.       0.       0.01     0.       0.       0.      ],[0. 0. 0. 0. 1. 0. 0. 0. 0. 0. 0. 0. 0. 0. 0. 0. 0. 0. 0. 0. 0. 0. 0. 0. 0. 0. 0. 1. 0. 0. 0.],500,100,0.3,0.0025,1,2,TID,24,best
130,0.00165151087256,0.00165151087256,0.010755750945,[0.       0.       0.       0.       0.987793 0.       0.       0.       0.       0.       0.       0.       0.       0.       0.       0.       0.       0.       0.       0.       0.       0.       0.       0.       0.       0.       0.       0.01     0.       0.       0.      ],[0. 0. 0. 0. 1. 0. 0. 0. 0. 0. 0. 0. 0. 0. 0. 0. 0. 0. 0. 0. 0. 0. 0. 0. 0. 0. 0. 1. 0. 0. 0.],500,100,0.3,0.0025,1,2,TID,24,best
131,0.00165151087256,0.00165151087256,0.010755750945,[0.       0.       0.       0.       0.987793 0.       0.       0.       0.       0.       0.       0.       0.       0.       0.       0.       0.       0.       0.       0.       0.       0.       0.       0.       0.       0.       0.       0.01     0.       0.       0.      ],[0. 0. 0. 0. 1. 0. 0. 0. 0. 0. 0. 0. 0. 0. 0. 0. 0. 0. 0. 0. 0. 0. 0. 0. 0. 0. 0. 1. 0. 0. 0.],500,100,0.3,0.0025,1,2,TID,24,best
132,0.00165151087256,0.00165151087256,0.010755750945,[0.       0.       0.       0.       0.987793 0.       0.       0.       0.       0.       0.       0.       0.       0.       0.       0.       0.       0.       0.       0.       0.       0.       0.       0.       0.       0.       0.       0.01     0.       0.       0.      ],[0. 0. 0. 0. 1. 0. 0. 0. 0. 0. 0. 0. 0. 0. 0. 0. 0. 0. 0. 0. 0. 0. 0. 0. 0. 0. 0. 1. 0. 0. 0.],500,100,0.3,0.0025,1,2,TID,24,best
133,0.00165151087256,0.00165151087256,0.010755750945,[0.       0.       0.       0.       0.987793 0.       0.       0.       0.       0.       0.       0.       0.       0.       0.       0.       0.       0.       0.       0.       0.       0.       0.       0.       0.       0.       0.       0.01     0.       0.       0.      ],[0. 0. 0. 0. 1. 0. 0. 0. 0. 0. 0. 0. 0. 0. 0. 0. 0. 0. 0. 0. 0. 0. 0. 0. 0. 0. 0. 1. 0. 0. 0.],500,100,0.3,0.0025,1,2,TID,24,best
134,0.00165151087256,0.00165151087256,0.010755750945,[0.       0.       0.       0.       0.987793 0.       0.       0.       0.       0.       0.       0.       0.       0.       0.       0.       0.       0.       0.       0.       0.       0.       0.       0.       0.       0.       0.       0.01     0.       0.       0.      ],[0. 0. 0. 0. 1. 0. 0. 0. 0. 0. 0. 0. 0. 0. 0. 0. 0. 0. 0. 0. 0. 0. 0. 0. 0. 0. 0. 1. 0. 0. 0.],500,100,0.3,0.0025,1,2,TID,24,best
135,0.00165151087256,0.00165151087256,0.010755750945,[0.       0.       0.       0.       0.987793 0.       0.       0.       0.       0.       0.       0.       0.       0.       0.       0.       0.       0.       0.       0.       0.       0.       0.       0.       0.       0.       0.       0.01     0.       0.       0.      ],[0. 0. 0. 0. 1. 0. 0. 0. 0. 0. 0. 0. 0. 0. 0. 0. 0. 0. 0. 0. 0. 0. 0. 0. 0. 0. 0. 1. 0. 0. 0.],500,100,0.3,0.0025,1,2,TID,24,best
136,0.00165151087256,0.00165151087256,0.010755750945,[0.       0.       0.       0.       0.987793 0.       0.       0.       0.       0.       0.       0.       0.       0.       0.       0.       0.       0.       0.       0.       0.       0.       0.       0.       0.       0.       0.       0.01     0.       0.       0.      ],[0. 0. 0. 0. 1. 0. 0. 0. 0. 0. 0. 0. 0. 0. 0. 0. 0. 0. 0. 0. 0. 0. 0. 0. 0. 0. 0. 1. 0. 0. 0.],500,100,0.3,0.0025,1,2,TID,24,best
137,0.00165151087256,0.00165151087256,0.010755750945,[0.       0.       0.       0.       0.987793 0.       0.       0.       0.       0.       0.       0.       0.       0.       0.       0.       0.       0.       0.       0.       0.       0.       0.       0.       0.       0.       0.       0.01     0.       0.       0.      ],[0. 0. 0. 0. 1. 0. 0. 0. 0. 0. 0. 0. 0. 0. 0. 0. 0. 0. 0. 0. 0. 0. 0. 0. 0. 0. 0. 1. 0. 0. 0.],500,100,0.3,0.0025,1,2,TID,24,best
138,0.00165151087256,0.00165151087256,0.010755750945,[0.       0.       0.       0.       0.987793 0.       0.       0.       0.       0.       0.       0.       0.       0.       0.       0.       0.       0.       0.       0.       0.       0.       0.       0.       0.       0.       0.       0.01     0.       0.       0.      ],[0. 0. 0. 0. 1. 0. 0. 0. 0. 0. 0. 0. 0. 0. 0. 0. 0. 0. 0. 0. 0. 0. 0. 0. 0. 0. 0. 1. 0. 0. 0.],500,100,0.3,0.0025,1,2,TID,24,best
139,0.00165151087256,0.00165151087256,0.010755750945,[0.       0.       0.       0.       0.987793 0.       0.       0.       0.       0.       0.       0.       0.       0.       0.       0.       0.       0.       0.       0.       0.       0.       0.       0.       0.       0.       0.       0.01     0.       0.       0.      ],[0. 0. 0. 0. 1. 0. 0. 0. 0. 0. 0. 0. 0. 0. 0. 0. 0. 0. 0. 0. 0. 0. 0. 0. 0. 0. 0. 1. 0. 0. 0.],500,100,0.3,0.0025,1,2,TID,24,best
140,0.00165151087256,0.00165151087256,0.010755750945,[0.       0.       0.       0.       0.987793 0.       0.       0.       0.       0.       0.       0.       0.       0.       0.       0.       0.       0.       0.       0.       0.       0.       0.       0.       0.       0.       0.       0.01     0.       0.       0.      ],[0. 0. 0. 0. 1. 0. 0. 0. 0. 0. 0. 0. 0. 0. 0. 0. 0. 0. 0. 0. 0. 0. 0. 0. 0. 0. 0. 1. 0. 0. 0.],500,100,0.3,0.0025,1,2,TID,24,best
141,0.00165151087256,0.00165151087256,0.010755750945,[0.       0.       0.       0.       0.987793 0.       0.       0.       0.       0.       0.       0.       0.       0.       0.       0.       0.       0.       0.       0.       0.       0.       0.       0.       0.       0.       0.       0.01     0.       0.       0.      ],[0. 0. 0. 0. 1. 0. 0. 0. 0. 0. 0. 0. 0. 0. 0. 0. 0. 0. 0. 0. 0. 0. 0. 0. 0. 0. 0. 1. 0. 0. 0.],500,100,0.3,0.0025,1,2,TID,24,best
142,0.00165151087256,0.00165151087256,0.010755750945,[0.       0.       0.       0.       0.987793 0.       0.       0.       0.       0.       0.       0.       0.       0.       0.       0.       0.       0.       0.       0.       0.       0.       0.       0.       0.       0.       0.       0.01     0.       0.       0.      ],[0. 0. 0. 0. 1. 0. 0. 0. 0. 0. 0. 0. 0. 0. 0. 0. 0. 0. 0. 0. 0. 0. 0. 0. 0. 0. 0. 1. 0. 0. 0.],500,100,0.3,0.0025,1,2,TID,24,best
143,0.00165151087256,0.00165151087256,0.010755750945,[0.       0.       0.       0.       0.987793 0.       0.       0.       0.       0.       0.       0.       0.       0.       0.       0.       0.       0.       0.       0.       0.       0.       0.       0.       0.       0.       0.       0.01     0.       0.       0.      ],[0. 0. 0. 0. 1. 0. 0. 0. 0. 0. 0. 0. 0. 0. 0. 0. 0. 0. 0. 0. 0. 0. 0. 0. 0. 0. 0. 1. 0. 0. 0.],500,100,0.3,0.0025,1,2,TID,24,best
144,0.00165151087256,0.00165151087256,0.010755750945,[0.       0.       0.       0.       0.987793 0.       0.       0.       0.       0.       0.       0.       0.       0.       0.       0.       0.       0.       0.       0.       0.       0.       0.       0.       0.       0.       0.       0.01     0.       0.       0.      ],[0. 0. 0. 0. 1. 0. 0. 0. 0. 0. 0. 0. 0. 0. 0. 0. 0. 0. 0. 0. 0. 0. 0. 0. 0. 0. 0. 1. 0. 0. 0.],500,100,0.3,0.0025,1,2,TID,24,best
145,0.00165151087256,0.00165151087256,0.010755750945,[0.       0.       0.       0.       0.987793 0.       0.       0.       0.       0.       0.       0.       0.       0.       0.       0.       0.       0.       0.       0.       0.       0.       0.       0.       0.       0.       0.       0.01     0.       0.       0.      ],[0. 0. 0. 0. 1. 0. 0. 0. 0. 0. 0. 0. 0. 0. 0. 0. 0. 0. 0. 0. 0. 0. 0. 0. 0. 0. 0. 1. 0. 0. 0.],500,100,0.3,0.0025,1,2,TID,24,best
146,0.00165151087256,0.00165151087256,0.010755750945,[0.       0.       0.       0.       0.987793 0.       0.       0.       0.       0.       0.       0.       0.       0.       0.       0.       0.       0.       0.       0.       0.       0.       0.       0.       0.       0.       0.       0.01     0.       0.       0.      ],[0. 0. 0. 0. 1. 0. 0. 0. 0. 0. 0. 0. 0. 0. 0. 0. 0. 0. 0. 0. 0. 0. 0. 0. 0. 0. 0. 1. 0. 0. 0.],500,100,0.3,0.0025,1,2,TID,24,best
147,0.00165151087256,0.00165151087256,0.010755750945,[0.       0.       0.       0.       0.987793 0.       0.       0.       0.       0.       0.       0.       0.       0.       0.       0.       0.       0.       0.       0.       0.       0.       0.       0.       0.       0.       0.       0.01     0.       0.       0.      ],[0. 0. 0. 0. 1. 0. 0. 0. 0. 0. 0. 0. 0. 0. 0. 0. 0. 0. 0. 0. 0. 0. 0. 0. 0. 0. 0. 1. 0. 0. 0.],500,100,0.3,0.0025,1,2,TID,24,best
148,0.00165151087256,0.00165151087256,0.010755750945,[0.       0.       0.       0.       0.987793 0.       0.       0.       0.       0.       0.       0.       0.       0.       0.       0.       0.       0.       0.       0.       0.       0.       0.       0.       0.       0.       0.       0.01     0.       0.       0.      ],[0. 0. 0. 0. 1. 0. 0. 0. 0. 0. 0. 0. 0. 0. 0. 0. 0. 0. 0. 0. 0. 0. 0. 0. 0. 0. 0. 1. 0. 0. 0.],500,100,0.3,0.0025,1,2,TID,24,best
149,0.00165151087256,0.00165151087256,0.010755750945,[0.       0.       0.       0.       0.987793 0.       0.       0.       0.       0.       0.       0.       0.       0.       0.       0.       0.       0.       0.       0.       0.       0.       0.       0.       0.       0.       0.       0.01     0.       0.       0.      ],[0. 0. 0. 0. 1. 0. 0. 0. 0. 0. 0. 0. 0. 0. 0. 0. 0. 0. 0. 0. 0. 0. 0. 0. 0. 0. 0. 1. 0. 0. 0.],500,100,0.3,0.0025,1,2,TID,24,best
150,0.00165151087256,0.00165151087256,0.010755750945,[0.       0.       0.       0.       0.987793 0.       0.       0.       0.       0.       0.       0.       0.       0.       0.       0.       0.       0.       0.       0.       0.       0.       0.       0.       0.       0.       0.       0.01     0.       0.       0.      ],[0. 0. 0. 0. 1. 0. 0. 0. 0. 0. 0. 0. 0. 0. 0. 0. 0. 0. 0. 0. 0. 0. 0. 0. 0. 0. 0. 1. 0. 0. 0.],500,100,0.3,0.0025,1,2,TID,24,best
151,0.00165151087256,0.00165151087256,0.010755750945,[0.       0.       0.       0.       0.987793 0.       0.       0.       0.       0.       0.       0.       0.       0.       0.       0.       0.       0.       0.       0.       0.       0.       0.       0.       0.       0.       0.       0.01     0.       0.       0.      ],[0. 0. 0. 0. 1. 0. 0. 0. 0. 0. 0. 0. 0. 0. 0. 0. 0. 0. 0. 0. 0. 0. 0. 0. 0. 0. 0. 1. 0. 0. 0.],500,100,0.3,0.0025,1,2,TID,24,best
152,0.00165151087256,0.00165151087256,0.010755750945,[0.       0.       0.       0.       0.987793 0.       0.       0.       0.       0.       0.       0.       0.       0.       0.       0.       0.       0.       0.       0.       0.       0.       0.       0.       0.       0.       0.       0.01     0.       0.       0.      ],[0. 0. 0. 0. 1. 0. 0. 0. 0. 0. 0. 0. 0. 0. 0. 0. 0. 0. 0. 0. 0. 0. 0. 0. 0. 0. 0. 1. 0. 0. 0.],500,100,0.3,0.0025,1,2,TID,24,best
153,0.00165151087256,0.00165151087256,0.010755750945,[0.       0.       0.       0.       0.987793 0.       0.       0.       0.       0.       0.       0.       0.       0.       0.       0.       0.       0.       0.       0.       0.       0.       0.       0.       0.       0.       0.       0.01     0.       0.       0.      ],[0. 0. 0. 0. 1. 0. 0. 0. 0. 0. 0. 0. 0. 0. 0. 0. 0. 0. 0. 0. 0. 0. 0. 0. 0. 0. 0. 1. 0. 0. 0.],500,100,0.3,0.0025,1,2,TID,24,best
154,0.00165151087256,0.00165151087256,0.010755750945,[0.       0.       0.       0.       0.987793 0.       0.       0.       0.       0.       0.       0.       0.       0.       0.       0.       0.       0.       0.       0.       0.       0.       0.       0.       0.       0.       0.       0.01     0.       0.       0.      ],[0. 0. 0. 0. 1. 0. 0. 0. 0. 0. 0. 0. 0. 0. 0. 0. 0. 0. 0. 0. 0. 0. 0. 0. 0. 0. 0. 1. 0. 0. 0.],500,100,0.3,0.0025,1,2,TID,24,best
155,0.00165151087256,0.00165151087256,0.010755750945,[0.       0.       0.       0.       0.987793 0.       0.       0.       0.       0.       0.       0.       0.       0.       0.       0.       0.       0.       0.       0.       0.       0.       0.       0.       0.       0.       0.       0.01     0.       0.       0.      ],[0. 0. 0. 0. 1. 0. 0. 0. 0. 0. 0. 0. 0. 0. 0. 0. 0. 0. 0. 0. 0. 0. 0. 0. 0. 0. 0. 1. 0. 0. 0.],500,100,0.3,0.0025,1,2,TID,24,best
156,0.00165151087256,0.00165151087256,0.010755750945,[0.       0.       0.       0.       0.987793 0.       0.       0.       0.       0.       0.       0.       0.       0.       0.       0.       0.       0.       0.       0.       0.       0.       0.       0.       0.       0.       0.       0.01     0.       0.       0.      ],[0. 0. 0. 0. 1. 0. 0. 0. 0. 0. 0. 0. 0. 0. 0. 0. 0. 0. 0. 0. 0. 0. 0. 0. 0. 0. 0. 1. 0. 0. 0.],500,100,0.3,0.0025,1,2,TID,24,best
157,0.00165151087256,0.00165151087256,0.010755750945,[0.       0.       0.       0.       0.987793 0.       0.       0.       0.       0.       0.       0.       0.       0.       0.       0.       0.       0.       0.       0.       0.       0.       0.       0.       0.       0.       0.       0.01     0.       0.       0.      ],[0. 0. 0. 0. 1. 0. 0. 0. 0. 0. 0. 0. 0. 0. 0. 0. 0. 0. 0. 0. 0. 0. 0. 0. 0. 0. 0. 1. 0. 0. 0.],500,100,0.3,0.0025,1,2,TID,24,best
158,0.00165151087256,0.00165151087256,0.010755750945,[0.       0.       0.       0.       0.987793 0.       0.       0.       0.       0.       0.       0.       0.       0.       0.       0.       0.       0.       0.       0.       0.       0.       0.       0.       0.       0.       0.       0.01     0.       0.       0.      ],[0. 0. 0. 0. 1. 0. 0. 0. 0. 0. 0. 0. 0. 0. 0. 0. 0. 0. 0. 0. 0. 0. 0. 0. 0. 0. 0. 1. 0. 0. 0.],500,100,0.3,0.0025,1,2,TID,24,best
159,0.00165151087256,0.00165151087256,0.010755750945,[0.       0.       0.       0.       0.987793 0.       0.       0.       0.       0.       0.       0.       0.       0.       0.       0.       0.       0.       0.       0.       0.       0.       0.       0.       0.       0.       0.       0.01     0.       0.       0.      ],[0. 0. 0. 0. 1. 0. 0. 0. 0. 0. 0. 0. 0. 0. 0. 0. 0. 0. 0. 0. 0. 0. 0. 0. 0. 0. 0. 1. 0. 0. 0.],500,100,0.3,0.0025,1,2,TID,24,best
160,0.00165151087256,0.00165151087256,0.010755750945,[0.       0.       0.       0.       0.987793 0.       0.       0.       0.       0.       0.       0.       0.       0.       0.       0.       0.       0.       0.       0.       0.       0.       0.       0.       0.       0.       0.       0.01     0.       0.       0.      ],[0. 0. 0. 0. 1. 0. 0. 0. 0. 0. 0. 0. 0. 0. 0. 0. 0. 0. 0. 0. 0. 0. 0. 0. 0. 0. 0. 1. 0. 0. 0.],500,100,0.3,0.0025,1,2,TID,24,best
161,0.00165151087256,0.00165151087256,0.010755750945,[0.       0.       0.       0.       0.987793 0.       0.       0.       0.       0.       0.       0.       0.       0.       0.       0.       0.       0.       0.       0.       0.       0.       0.       0.       0.       0.       0.       0.01     0.       0.       0.      ],[0. 0. 0. 0. 1. 0. 0. 0. 0. 0. 0. 0. 0. 0. 0. 0. 0. 0. 0. 0. 0. 0. 0. 0. 0. 0. 0. 1. 0. 0. 0.],500,100,0.3,0.0025,1,2,TID,24,best
162,0.00165151087256,0.00165151087256,0.010755750945,[0.       0.       0.       0.       0.987793 0.       0.       0.       0.       0.       0.       0.       0.       0.       0.       0.       0.       0.       0.       0.       0.       0.       0.       0.       0.       0.       0.       0.01     0.       0.       0.      ],[0. 0. 0. 0. 1. 0. 0. 0. 0. 0. 0. 0. 0. 0. 0. 0. 0. 0. 0. 0. 0. 0. 0. 0. 0. 0. 0. 1. 0. 0. 0.],500,100,0.3,0.0025,1,2,TID,24,best
163,0.00165151087256,0.00165151087256,0.010755750945,[0.       0.       0.       0.       0.987793 0.       0.       0.       0.       0.       0.       0.       0.       0.       0.       0.       0.       0.       0.       0.       0.       0.       0.       0.       0.       0.       0.       0.01     0.       0.       0.      ],[0. 0. 0. 0. 1. 0. 0. 0. 0. 0. 0. 0. 0. 0. 0. 0. 0. 0. 0. 0. 0. 0. 0. 0. 0. 0. 0. 1. 0. 0. 0.],500,100,0.3,0.0025,1,2,TID,24,best
164,0.00165151087256,0.00165151087256,0.010755750945,[0.       0.       0.       0.       0.987793 0.       0.       0.       0.       0.       0.       0.       0.       0.       0.       0.       0.       0.       0.       0.       0.       0.       0.       0.       0.       0.       0.       0.01     0.       0.       0.      ],[0. 0. 0. 0. 1. 0. 0. 0. 0. 0. 0. 0. 0. 0. 0. 0. 0. 0. 0. 0. 0. 0. 0. 0. 0. 0. 0. 1. 0. 0. 0.],500,100,0.3,0.0025,1,2,TID,24,best
165,0.00165151087256,0.00165151087256,0.010755750945,[0.       0.       0.       0.       0.987793 0.       0.       0.       0.       0.       0.       0.       0.       0.       0.       0.       0.       0.       0.       0.       0.       0.       0.       0.       0.       0.       0.       0.01     0.       0.       0.      ],[0. 0. 0. 0. 1. 0. 0. 0. 0. 0. 0. 0. 0. 0. 0. 0. 0. 0. 0. 0. 0. 0. 0. 0. 0. 0. 0. 1. 0. 0. 0.],500,100,0.3,0.0025,1,2,TID,24,best
166,0.00165151087256,0.00165151087256,0.010755750945,[0.       0.       0.       0.       0.987793 0.       0.       0.       0.       0.       0.       0.       0.       0.       0.       0.       0.       0.       0.       0.       0.       0.       0.       0.       0.       0.       0.       0.01     0.       0.       0.      ],[0. 0. 0. 0. 1. 0. 0. 0. 0. 0. 0. 0. 0. 0. 0. 0. 0. 0. 0. 0. 0. 0. 0. 0. 0. 0. 0. 1. 0. 0. 0.],500,100,0.3,0.0025,1,2,TID,24,best
167,0.00165151087256,0.00165151087256,0.010755750945,[0.       0.       0.       0.       0.987793 0.       0.       0.       0.       0.       0.       0.       0.       0.       0.       0.       0.       0.       0.       0.       0.       0.       0.       0.       0.       0.       0.       0.01     0.       0.       0.      ],[0. 0. 0. 0. 1. 0. 0. 0. 0. 0. 0. 0. 0. 0. 0. 0. 0. 0. 0. 0. 0. 0. 0. 0. 0. 0. 0. 1. 0. 0. 0.],500,100,0.3,0.0025,1,2,TID,24,best
168,0.00165151087256,0.00165151087256,0.010755750945,[0.       0.       0.       0.       0.987793 0.       0.       0.       0.       0.       0.       0.       0.       0.       0.       0.       0.       0.       0.       0.       0.       0.       0.       0.       0.       0.       0.       0.01     0.       0.       0.      ],[0. 0. 0. 0. 1. 0. 0. 0. 0. 0. 0. 0. 0. 0. 0. 0. 0. 0. 0. 0. 0. 0. 0. 0. 0. 0. 0. 1. 0. 0. 0.],500,100,0.3,0.0025,1,2,TID,24,best
169,0.00165151087256,0.00165151087256,0.010755750945,[0.       0.       0.       0.       0.987793 0.       0.       0.       0.       0.       0.       0.       0.       0.       0.       0.       0.       0.       0.       0.       0.       0.       0.       0.       0.       0.       0.       0.01     0.       0.       0.      ],[0. 0. 0. 0. 1. 0. 0. 0. 0. 0. 0. 0. 0. 0. 0. 0. 0. 0. 0. 0. 0. 0. 0. 0. 0. 0. 0. 1. 0. 0. 0.],500,100,0.3,0.0025,1,2,TID,24,best
170,0.00165151087256,0.00165151087256,0.010755750945,[0.       0.       0.       0.       0.987793 0.       0.       0.       0.       0.       0.       0.       0.       0.       0.       0.       0.       0.       0.       0.       0.       0.       0.       0.       0.       0.       0.       0.01     0.       0.       0.      ],[0. 0. 0. 0. 1. 0. 0. 0. 0. 0. 0. 0. 0. 0. 0. 0. 0. 0. 0. 0. 0. 0. 0. 0. 0. 0. 0. 1. 0. 0. 0.],500,100,0.3,0.0025,1,2,TID,24,best
171,0.00165151087256,0.00165151087256,0.010755750945,[0.       0.       0.       0.       0.987793 0.       0.       0.       0.       0.       0.       0.       0.       0.       0.       0.       0.       0.       0.       0.       0.       0.       0.       0.       0.       0.       0.       0.01     0.       0.       0.      ],[0. 0. 0. 0. 1. 0. 0. 0. 0. 0. 0. 0. 0. 0. 0. 0. 0. 0. 0. 0. 0. 0. 0. 0. 0. 0. 0. 1. 0. 0. 0.],500,100,0.3,0.0025,1,2,TID,24,best
172,0.00165151087256,0.00165151087256,0.010755750945,[0.       0.       0.       0.       0.987793 0.       0.       0.       0.       0.       0.       0.       0.       0.       0.       0.       0.       0.       0.       0.       0.       0.       0.       0.       0.       0.       0.       0.01     0.       0.       0.      ],[0. 0. 0. 0. 1. 0. 0. 0. 0. 0. 0. 0. 0. 0. 0. 0. 0. 0. 0. 0. 0. 0. 0. 0. 0. 0. 0. 1. 0. 0. 0.],500,100,0.3,0.0025,1,2,TID,24,best
173,0.00165151087256,0.00165151087256,0.010755750945,[0.       0.       0.       0.       0.987793 0.       0.       0.       0.       0.       0.       0.       0.       0.       0.       0.       0.       0.       0.       0.       0.       0.       0.       0.       0.       0.       0.       0.01     0.       0.       0.      ],[0. 0. 0. 0. 1. 0. 0. 0. 0. 0. 0. 0. 0. 0. 0. 0. 0. 0. 0. 0. 0. 0. 0. 0. 0. 0. 0. 1. 0. 0. 0.],500,100,0.3,0.0025,1,2,TID,24,best
174,0.00165151087256,0.00165151087256,0.010755750945,[0.       0.       0.       0.       0.987793 0.       0.       0.       0.       0.       0.       0.       0.       0.       0.       0.       0.       0.       0.       0.       0.       0.       0.       0.       0.       0.       0.       0.01     0.       0.       0.      ],[0. 0. 0. 0. 1. 0. 0. 0. 0. 0. 0. 0. 0. 0. 0. 0. 0. 0. 0. 0. 0. 0. 0. 0. 0. 0. 0. 1. 0. 0. 0.],500,100,0.3,0.0025,1,2,TID,24,best
175,0.00165151087256,0.00165151087256,0.010755750945,[0.       0.       0.       0.       0.987793 0.       0.       0.       0.       0.       0.       0.       0.       0.       0.       0.       0.       0.       0.       0.       0.       0.       0.       0.       0.       0.       0.       0.01     0.       0.       0.      ],[0. 0. 0. 0. 1. 0. 0. 0. 0. 0. 0. 0. 0. 0. 0. 0. 0. 0. 0. 0. 0. 0. 0. 0. 0. 0. 0. 1. 0. 0. 0.],500,100,0.3,0.0025,1,2,TID,24,best
176,0.00165151087256,0.00165151087256,0.010755750945,[0.       0.       0.       0.       0.987793 0.       0.       0.       0.       0.       0.       0.       0.       0.       0.       0.       0.       0.       0.       0.       0.       0.       0.       0.       0.       0.       0.       0.01     0.       0.       0.      ],[0. 0. 0. 0. 1. 0. 0. 0. 0. 0. 0. 0. 0. 0. 0. 0. 0. 0. 0. 0. 0. 0. 0. 0. 0. 0. 0. 1. 0. 0. 0.],500,100,0.3,0.0025,1,2,TID,24,best
177,0.00165151087256,0.00165151087256,0.010755750945,[0.       0.       0.       0.       0.987793 0.       0.       0.       0.       0.       0.       0.       0.       0.       0.       0.       0.       0.       0.       0.       0.       0.       0.       0.       0.       0.       0.       0.01     0.       0.       0.      ],[0. 0. 0. 0. 1. 0. 0. 0. 0. 0. 0. 0. 0. 0. 0. 0. 0. 0. 0. 0. 0. 0. 0. 0. 0. 0. 0. 1. 0. 0. 0.],500,100,0.3,0.0025,1,2,TID,24,best
178,0.00165151087256,0.00165151087256,0.010755750945,[0.       0.       0.       0.       0.987793 0.       0.       0.       0.       0.       0.       0.       0.       0.       0.       0.       0.       0.       0.       0.       0.       0.       0.       0.       0.       0.       0.       0.01     0.       0.       0.      ],[0. 0. 0. 0. 1. 0. 0. 0. 0. 0. 0. 0. 0. 0. 0. 0. 0. 0. 0. 0. 0. 0. 0. 0. 0. 0. 0. 1. 0. 0. 0.],500,100,0.3,0.0025,1,2,TID,24,best
179,0.00165151087256,0.00165151087256,0.010755750945,[0.       0.       0.       0.       0.987793 0.       0.       0.       0.       0.       0.       0.       0.       0.       0.       0.       0.       0.       0.       0.       0.       0.       0.       0.       0.       0.       0.       0.01     0.       0.       0.      ],[0. 0. 0. 0. 1. 0. 0. 0. 0. 0. 0. 0. 0. 0. 0. 0. 0. 0. 0. 0. 0. 0. 0. 0. 0. 0. 0. 1. 0. 0. 0.],500,100,0.3,0.0025,1,2,TID,24,best
180,0.00165151087256,0.00165151087256,0.010755750945,[0.       0.       0.       0.       0.987793 0.       0.       0.       0.       0.       0.       0.       0.       0.       0.       0.       0.       0.       0.       0.       0.       0.       0.       0.       0.       0.       0.       0.01     0.       0.       0.      ],[0. 0. 0. 0. 1. 0. 0. 0. 0. 0. 0. 0. 0. 0. 0. 0. 0. 0. 0. 0. 0. 0. 0. 0. 0. 0. 0. 1. 0. 0. 0.],500,100,0.3,0.0025,1,2,TID,24,best
181,0.00165151087256,0.00165151087256,0.010755750945,[0.       0.       0.       0.       0.987793 0.       0.       0.       0.       0.       0.       0.       0.       0.       0.       0.       0.       0.       0.       0.       0.       0.       0.       0.       0.       0.       0.       0.01     0.       0.       0.      ],[0. 0. 0. 0. 1. 0. 0. 0. 0. 0. 0. 0. 0. 0. 0. 0. 0. 0. 0. 0. 0. 0. 0. 0. 0. 0. 0. 1. 0. 0. 0.],500,100,0.3,0.0025,1,2,TID,24,best
182,0.00165151087256,0.00165151087256,0.010755750945,[0.       0.       0.       0.       0.987793 0.       0.       0.       0.       0.       0.       0.       0.       0.       0.       0.       0.       0.       0.       0.       0.       0.       0.       0.       0.       0.       0.       0.01     0.       0.       0.      ],[0. 0. 0. 0. 1. 0. 0. 0. 0. 0. 0. 0. 0. 0. 0. 0. 0. 0. 0. 0. 0. 0. 0. 0. 0. 0. 0. 1. 0. 0. 0.],500,100,0.3,0.0025,1,2,TID,24,best
183,0.00165151087256,0.00165151087256,0.010755750945,[0.       0.       0.       0.       0.987793 0.       0.       0.       0.       0.       0.       0.       0.       0.       0.       0.       0.       0.       0.       0.       0.       0.       0.       0.       0.       0.       0.       0.01     0.       0.       0.      ],[0. 0. 0. 0. 1. 0. 0. 0. 0. 0. 0. 0. 0. 0. 0. 0. 0. 0. 0. 0. 0. 0. 0. 0. 0. 0. 0. 1. 0. 0. 0.],500,100,0.3,0.0025,1,2,TID,24,best
184,0.00165151087256,0.00165151087256,0.010755750945,[0.       0.       0.       0.       0.987793 0.       0.       0.       0.       0.       0.       0.       0.       0.       0.       0.       0.       0.       0.       0.       0.       0.       0.       0.       0.       0.       0.       0.01     0.       0.       0.      ],[0. 0. 0. 0. 1. 0. 0. 0. 0. 0. 0. 0. 0. 0. 0. 0. 0. 0. 0. 0. 0. 0. 0. 0. 0. 0. 0. 1. 0. 0. 0.],500,100,0.3,0.0025,1,2,TID,24,best
185,0.00165151087256,0.00165151087256,0.010755750945,[0.       0.       0.       0.       0.987793 0.       0.       0.       0.       0.       0.       0.       0.       0.       0.       0.       0.       0.       0.       0.       0.       0.       0.       0.       0.       0.       0.       0.01     0.       0.       0.      ],[0. 0. 0. 0. 1. 0. 0. 0. 0. 0. 0. 0. 0. 0. 0. 0. 0. 0. 0. 0. 0. 0. 0. 0. 0. 0. 0. 1. 0. 0. 0.],500,100,0.3,0.0025,1,2,TID,24,best
186,0.00165151087256,0.00165151087256,0.010755750945,[0.       0.       0.       0.       0.987793 0.       0.       0.       0.       0.       0.       0.       0.       0.       0.       0.       0.       0.       0.       0.       0.       0.       0.       0.       0.       0.       0.       0.01     0.       0.       0.      ],[0. 0. 0. 0. 1. 0. 0. 0. 0. 0. 0. 0. 0. 0. 0. 0. 0. 0. 0. 0. 0. 0. 0. 0. 0. 0. 0. 1. 0. 0. 0.],500,100,0.3,0.0025,1,2,TID,24,best
187,0.00165151087256,0.00165151087256,0.010755750945,[0.       0.       0.       0.       0.987793 0.       0.       0.       0.       0.       0.       0.       0.       0.       0.       0.       0.       0.       0.       0.       0.       0.       0.       0.       0.       0.       0.       0.01     0.       0.       0.      ],[0. 0. 0. 0. 1. 0. 0. 0. 0. 0. 0. 0. 0. 0. 0. 0. 0. 0. 0. 0. 0. 0. 0. 0. 0. 0. 0. 1. 0. 0. 0.],500,100,0.3,0.0025,1,2,TID,24,best
188,0.00165151087256,0.00165151087256,0.010755750945,[0.       0.       0.       0.       0.987793 0.       0.       0.       0.       0.       0.       0.       0.       0.       0.       0.       0.       0.       0.       0.       0.       0.       0.       0.       0.       0.       0.       0.01     0.       0.       0.      ],[0. 0. 0. 0. 1. 0. 0. 0. 0. 0. 0. 0. 0. 0. 0. 0. 0. 0. 0. 0. 0. 0. 0. 0. 0. 0. 0. 1. 0. 0. 0.],500,100,0.3,0.0025,1,2,TID,24,best
189,0.00165151087256,0.00165151087256,0.010755750945,[0.       0.       0.       0.       0.987793 0.       0.       0.       0.       0.       0.       0.       0.       0.       0.       0.       0.       0.       0.       0.       0.       0.       0.       0.       0.       0.       0.       0.01     0.       0.       0.      ],[0. 0. 0. 0. 1. 0. 0. 0. 0. 0. 0. 0. 0. 0. 0. 0. 0. 0. 0. 0. 0. 0. 0. 0. 0. 0. 0. 1. 0. 0. 0.],500,100,0.3,0.0025,1,2,TID,24,best
190,0.00165151087256,0.00165151087256,0.010755750945,[0.       0.       0.       0.       0.987793 0.       0.       0.       0.       0.       0.       0.       0.       0.       0.       0.       0.       0.       0.       0.       0.       0.       0.       0.       0.       0.       0.       0.01     0.       0.       0.      ],[0. 0. 0. 0. 1. 0. 0. 0. 0. 0. 0. 0. 0. 0. 0. 0. 0. 0. 0. 0. 0. 0. 0. 0. 0. 0. 0. 1. 0. 0. 0.],500,100,0.3,0.0025,1,2,TID,24,best
191,0.00165151087256,0.00165151087256,0.010755750945,[0.       0.       0.       0.       0.987793 0.       0.       0.       0.       0.       0.       0.       0.       0.       0.       0.       0.       0.       0.       0.       0.       0.       0.       0.       0.       0.       0.       0.01     0.       0.       0.      ],[0. 0. 0. 0. 1. 0. 0. 0. 0. 0. 0. 0. 0. 0. 0. 0. 0. 0. 0. 0. 0. 0. 0. 0. 0. 0. 0. 1. 0. 0. 0.],500,100,0.3,0.0025,1,2,TID,24,best
192,0.00165151087256,0.00165151087256,0.010755750945,[0.       0.       0.       0.       0.987793 0.       0.       0.       0.       0.       0.       0.       0.       0.       0.       0.       0.       0.       0.       0.       0.       0.       0.       0.       0.       0.       0.       0.01     0.       0.       0.      ],[0. 0. 0. 0. 1. 0. 0. 0. 0. 0. 0. 0. 0. 0. 0. 0. 0. 0. 0. 0. 0. 0. 0. 0. 0. 0. 0. 1. 0. 0. 0.],500,100,0.3,0.0025,1,2,TID,24,best
193,0.00165151087256,0.00165151087256,0.010755750945,[0.       0.       0.       0.       0.987793 0.       0.       0.       0.       0.       0.       0.       0.       0.       0.       0.       0.       0.       0.       0.       0.       0.       0.       0.       0.       0.       0.       0.01     0.       0.       0.      ],[0. 0. 0. 0. 1. 0. 0. 0. 0. 0. 0. 0. 0. 0. 0. 0. 0. 0. 0. 0. 0. 0. 0. 0. 0. 0. 0. 1. 0. 0. 0.],500,100,0.3,0.0025,1,2,TID,24,best
194,0.00165151087256,0.00165151087256,0.010755750945,[0.       0.       0.       0.       0.987793 0.       0.       0.       0.       0.       0.       0.       0.       0.       0.       0.       0.       0.       0.       0.       0.       0.       0.       0.       0.       0.       0.       0.01     0.       0.       0.      ],[0. 0. 0. 0. 1. 0. 0. 0. 0. 0. 0. 0. 0. 0. 0. 0. 0. 0. 0. 0. 0. 0. 0. 0. 0. 0. 0. 1. 0. 0. 0.],500,100,0.3,0.0025,1,2,TID,24,best
195,0.00165151087256,0.00165151087256,0.010755750945,[0.       0.       0.       0.       0.987793 0.       0.       0.       0.       0.       0.       0.       0.       0.       0.       0.       0.       0.       0.       0.       0.       0.       0.       0.       0.       0.       0.       0.01     0.       0.       0.      ],[0. 0. 0. 0. 1. 0. 0. 0. 0. 0. 0. 0. 0. 0. 0. 0. 0. 0. 0. 0. 0. 0. 0. 0. 0. 0. 0. 1. 0. 0. 0.],500,100,0.3,0.0025,1,2,TID,24,best
196,0.00165151087256,0.00165151087256,0.010755750945,[0.       0.       0.       0.       0.987793 0.       0.       0.       0.       0.       0.       0.       0.       0.       0.       0.       0.       0.       0.       0.       0.       0.       0.       0.       0.       0.       0.       0.01     0.       0.       0.      ],[0. 0. 0. 0. 1. 0. 0. 0. 0. 0. 0. 0. 0. 0. 0. 0. 0. 0. 0. 0. 0. 0. 0. 0. 0. 0. 0. 1. 0. 0. 0.],500,100,0.3,0.0025,1,2,TID,24,best
197,0.00165151087256,0.00165151087256,0.010755750945,[0.       0.       0.       0.       0.987793 0.       0.       0.       0.       0.       0.       0.       0.       0.       0.       0.       0.       0.       0.       0.       0.       0.       0.       0.       0.       0.       0.       0.01     0.       0.       0.      ],[0. 0. 0. 0. 1. 0. 0. 0. 0. 0. 0. 0. 0. 0. 0. 0. 0. 0. 0. 0. 0. 0. 0. 0. 0. 0. 0. 1. 0. 0. 0.],500,100,0.3,0.0025,1,2,TID,24,best
198,0.00165151087256,0.00165151087256,0.010755750945,[0.       0.       0.       0.       0.987793 0.       0.       0.       0.       0.       0.       0.       0.       0.       0.       0.       0.       0.       0.       0.       0.       0.       0.       0.       0.       0.       0.       0.01     0.       0.       0.      ],[0. 0. 0. 0. 1. 0. 0. 0. 0. 0. 0. 0. 0. 0. 0. 0. 0. 0. 0. 0. 0. 0. 0. 0. 0. 0. 0. 1. 0. 0. 0.],500,100,0.3,0.0025,1,2,TID,24,best
199,0.00165151087256,0.00165151087256,0.010755750945,[0.       0.       0.       0.       0.987793 0.       0.       0.       0.       0.       0.       0.       0.       0.       0.       0.       0.       0.       0.       0.       0.       0.       0.       0.       0.       0.       0.       0.01     0.       0.       0.      ],[0. 0. 0. 0. 1. 0. 0. 0. 0. 0. 0. 0. 0. 0. 0. 0. 0. 0. 0. 0. 0. 0. 0. 0. 0. 0. 0. 1. 0. 0. 0.],500,100,0.3,0.0025,1,2,TID,24,best
200,0.00165151087256,0.00165151087256,0.010755750945,[0.       0.       0.       0.       0.987793 0.       0.       0.       0.       0.       0.       0.       0.       0.       0.       0.       0.       0.       0.       0.       0.       0.       0.       0.       0.       0.       0.       0.01     0.       0.       0.      ],[0. 0. 0. 0. 1. 0. 0. 0. 0. 0. 0. 0. 0. 0. 0. 0. 0. 0. 0. 0. 0. 0. 0. 0. 0. 0. 0. 1. 0. 0. 0.],500,100,0.3,0.0025,1,2,TID,24,best
201,0.00165151087256,0.00165151087256,0.010755750945,[0.       0.       0.       0.       0.987793 0.       0.       0.       0.       0.       0.       0.       0.       0.       0.       0.       0.       0.       0.       0.       0.       0.       0.       0.       0.       0.       0.       0.01     0.       0.       0.      ],[0. 0. 0. 0. 1. 0. 0. 0. 0. 0. 0. 0. 0. 0. 0. 0. 0. 0. 0. 0. 0. 0. 0. 0. 0. 0. 0. 1. 0. 0. 0.],500,100,0.3,0.0025,1,2,TID,24,best
202,0.00165151087256,0.00165151087256,0.010755750945,[0.       0.       0.       0.       0.987793 0.       0.       0.       0.       0.       0.       0.       0.       0.       0.       0.       0.       0.       0.       0.       0.       0.       0.       0.       0.       0.       0.       0.01     0.       0.       0.      ],[0. 0. 0. 0. 1. 0. 0. 0. 0. 0. 0. 0. 0. 0. 0. 0. 0. 0. 0. 0. 0. 0. 0. 0. 0. 0. 0. 1. 0. 0. 0.],500,100,0.3,0.0025,1,2,TID,24,best
203,0.00165151087256,0.00165151087256,0.010755750945,[0.       0.       0.       0.       0.987793 0.       0.       0.       0.       0.       0.       0.       0.       0.       0.       0.       0.       0.       0.       0.       0.       0.       0.       0.       0.       0.       0.       0.01     0.       0.       0.      ],[0. 0. 0. 0. 1. 0. 0. 0. 0. 0. 0. 0. 0. 0. 0. 0. 0. 0. 0. 0. 0. 0. 0. 0. 0. 0. 0. 1. 0. 0. 0.],500,100,0.3,0.0025,1,2,TID,24,best
204,0.00165151087256,0.00165151087256,0.010755750945,[0.       0.       0.       0.       0.987793 0.       0.       0.       0.       0.       0.       0.       0.       0.       0.       0.       0.       0.       0.       0.       0.       0.       0.       0.       0.       0.       0.       0.01     0.       0.       0.      ],[0. 0. 0. 0. 1. 0. 0. 0. 0. 0. 0. 0. 0. 0. 0. 0. 0. 0. 0. 0. 0. 0. 0. 0. 0. 0. 0. 1. 0. 0. 0.],500,100,0.3,0.0025,1,2,TID,24,best
205,0.00165151087256,0.00165151087256,0.010755750945,[0.       0.       0.       0.       0.987793 0.       0.       0.       0.       0.       0.       0.       0.       0.       0.       0.       0.       0.       0.       0.       0.       0.       0.       0.       0.       0.       0.       0.01     0.       0.       0.      ],[0. 0. 0. 0. 1. 0. 0. 0. 0. 0. 0. 0. 0. 0. 0. 0. 0. 0. 0. 0. 0. 0. 0. 0. 0. 0. 0. 1. 0. 0. 0.],500,100,0.3,0.0025,1,2,TID,24,best
206,0.00165151087256,0.00165151087256,0.010755750945,[0.       0.       0.       0.       0.987793 0.       0.       0.       0.       0.       0.       0.       0.       0.       0.       0.       0.       0.       0.       0.       0.       0.       0.       0.       0.       0.       0.       0.01     0.       0.       0.      ],[0. 0. 0. 0. 1. 0. 0. 0. 0. 0. 0. 0. 0. 0. 0. 0. 0. 0. 0. 0. 0. 0. 0. 0. 0. 0. 0. 1. 0. 0. 0.],500,100,0.3,0.0025,1,2,TID,24,best
207,0.00165151087256,0.00165151087256,0.010755750945,[0.       0.       0.       0.       0.987793 0.       0.       0.       0.       0.       0.       0.       0.       0.       0.       0.       0.       0.       0.       0.       0.       0.       0.       0.       0.       0.       0.       0.01     0.       0.       0.      ],[0. 0. 0. 0. 1. 0. 0. 0. 0. 0. 0. 0. 0. 0. 0. 0. 0. 0. 0. 0. 0. 0. 0. 0. 0. 0. 0. 1. 0. 0. 0.],500,100,0.3,0.0025,1,2,TID,24,best
208,0.00165151087256,0.00165151087256,0.010755750945,[0.       0.       0.       0.       0.987793 0.       0.       0.       0.       0.       0.       0.       0.       0.       0.       0.       0.       0.       0.       0.       0.       0.       0.       0.       0.       0.       0.       0.01     0.       0.       0.      ],[0. 0. 0. 0. 1. 0. 0. 0. 0. 0. 0. 0. 0. 0. 0. 0. 0. 0. 0. 0. 0. 0. 0. 0. 0. 0. 0. 1. 0. 0. 0.],500,100,0.3,0.0025,1,2,TID,24,best
209,0.00165151087256,0.00165151087256,0.010755750945,[0.       0.       0.       0.       0.987793 0.       0.       0.       0.       0.       0.       0.       0.       0.       0.       0.       0.       0.       0.       0.       0.       0.       0.       0.       0.       0.       0.       0.01     0.       0.       0.      ],[0. 0. 0. 0. 1. 0. 0. 0. 0. 0. 0. 0. 0. 0. 0. 0. 0. 0. 0. 0. 0. 0. 0. 0. 0. 0. 0. 1. 0. 0. 0.],500,100,0.3,0.0025,1,2,TID,24,best
210,0.00165151087256,0.00165151087256,0.010755750945,[0.       0.       0.       0.       0.987793 0.       0.       0.       0.       0.       0.       0.       0.       0.       0.       0.       0.       0.       0.       0.       0.       0.       0.       0.       0.       0.       0.       0.01     0.       0.       0.      ],[0. 0. 0. 0. 1. 0. 0. 0. 0. 0. 0. 0. 0. 0. 0. 0. 0. 0. 0. 0. 0. 0. 0. 0. 0. 0. 0. 1. 0. 0. 0.],500,100,0.3,0.0025,1,2,TID,24,best
211,0.00165151087256,0.00165151087256,0.010755750945,[0.       0.       0.       0.       0.987793 0.       0.       0.       0.       0.       0.       0.       0.       0.       0.       0.       0.       0.       0.       0.       0.       0.       0.       0.       0.       0.       0.       0.01     0.       0.       0.      ],[0. 0. 0. 0. 1. 0. 0. 0. 0. 0. 0. 0. 0. 0. 0. 0. 0. 0. 0. 0. 0. 0. 0. 0. 0. 0. 0. 1. 0. 0. 0.],500,100,0.3,0.0025,1,2,TID,24,best
212,0.00165151087256,0.00165151087256,0.010755750945,[0.       0.       0.       0.       0.987793 0.       0.       0.       0.       0.       0.       0.       0.       0.       0.       0.       0.       0.       0.       0.       0.       0.       0.       0.       0.       0.       0.       0.01     0.       0.       0.      ],[0. 0. 0. 0. 1. 0. 0. 0. 0. 0. 0. 0. 0. 0. 0. 0. 0. 0. 0. 0. 0. 0. 0. 0. 0. 0. 0. 1. 0. 0. 0.],500,100,0.3,0.0025,1,2,TID,24,best
213,0.00165151087256,0.00165151087256,0.010755750945,[0.       0.       0.       0.       0.987793 0.       0.       0.       0.       0.       0.       0.       0.       0.       0.       0.       0.       0.       0.       0.       0.       0.       0.       0.       0.       0.       0.       0.01     0.       0.       0.      ],[0. 0. 0. 0. 1. 0. 0. 0. 0. 0. 0. 0. 0. 0. 0. 0. 0. 0. 0. 0. 0. 0. 0. 0. 0. 0. 0. 1. 0. 0. 0.],500,100,0.3,0.0025,1,2,TID,24,best
214,0.00165151087256,0.00165151087256,0.010755750945,[0.       0.       0.       0.       0.987793 0.       0.       0.       0.       0.       0.       0.       0.       0.       0.       0.       0.       0.       0.       0.       0.       0.       0.       0.       0.       0.       0.       0.01     0.       0.       0.      ],[0. 0. 0. 0. 1. 0. 0. 0. 0. 0. 0. 0. 0. 0. 0. 0. 0. 0. 0. 0. 0. 0. 0. 0. 0. 0. 0. 1. 0. 0. 0.],500,100,0.3,0.0025,1,2,TID,24,best
215,0.00165151087256,0.00165151087256,0.010755750945,[0.       0.       0.       0.       0.987793 0.       0.       0.       0.       0.       0.       0.       0.       0.       0.       0.       0.       0.       0.       0.       0.       0.       0.       0.       0.       0.       0.       0.01     0.       0.       0.      ],[0. 0. 0. 0. 1. 0. 0. 0. 0. 0. 0. 0. 0. 0. 0. 0. 0. 0. 0. 0. 0. 0. 0. 0. 0. 0. 0. 1. 0. 0. 0.],500,100,0.3,0.0025,1,2,TID,24,best
216,0.00165151087256,0.00165151087256,0.010755750945,[0.       0.       0.       0.       0.987793 0.       0.       0.       0.       0.       0.       0.       0.       0.       0.       0.       0.       0.       0.       0.       0.       0.       0.       0.       0.       0.       0.       0.01     0.       0.       0.      ],[0. 0. 0. 0. 1. 0. 0. 0. 0. 0. 0. 0. 0. 0. 0. 0. 0. 0. 0. 0. 0. 0. 0. 0. 0. 0. 0. 1. 0. 0. 0.],500,100,0.3,0.0025,1,2,TID,24,best
217,0.00165151087256,0.00165151087256,0.010755750945,[0.       0.       0.       0.       0.987793 0.       0.       0.       0.       0.       0.       0.       0.       0.       0.       0.       0.       0.       0.       0.       0.       0.       0.       0.       0.       0.       0.       0.01     0.       0.       0.      ],[0. 0. 0. 0. 1. 0. 0. 0. 0. 0. 0. 0. 0. 0. 0. 0. 0. 0. 0. 0. 0. 0. 0. 0. 0. 0. 0. 1. 0. 0. 0.],500,100,0.3,0.0025,1,2,TID,24,best
218,0.00165151087256,0.00165151087256,0.010755750945,[0.       0.       0.       0.       0.987793 0.       0.       0.       0.       0.       0.       0.       0.       0.       0.       0.       0.       0.       0.       0.       0.       0.       0.       0.       0.       0.       0.       0.01     0.       0.       0.      ],[0. 0. 0. 0. 1. 0. 0. 0. 0. 0. 0. 0. 0. 0. 0. 0. 0. 0. 0. 0. 0. 0. 0. 0. 0. 0. 0. 1. 0. 0. 0.],500,100,0.3,0.0025,1,2,TID,24,best
219,0.00165151087256,0.00165151087256,0.010755750945,[0.       0.       0.       0.       0.987793 0.       0.       0.       0.       0.       0.       0.       0.       0.       0.       0.       0.       0.       0.       0.       0.       0.       0.       0.       0.       0.       0.       0.01     0.       0.       0.      ],[0. 0. 0. 0. 1. 0. 0. 0. 0. 0. 0. 0. 0. 0. 0. 0. 0. 0. 0. 0. 0. 0. 0. 0. 0. 0. 0. 1. 0. 0. 0.],500,100,0.3,0.0025,1,2,TID,24,best
220,0.00165151087256,0.00165151087256,0.010755750945,[0.       0.       0.       0.       0.987793 0.       0.       0.       0.       0.       0.       0.       0.       0.       0.       0.       0.       0.       0.       0.       0.       0.       0.       0.       0.       0.       0.       0.01     0.       0.       0.      ],[0. 0. 0. 0. 1. 0. 0. 0. 0. 0. 0. 0. 0. 0. 0. 0. 0. 0. 0. 0. 0. 0. 0. 0. 0. 0. 0. 1. 0. 0. 0.],500,100,0.3,0.0025,1,2,TID,24,best
221,0.00165151087256,0.00165151087256,0.010755750945,[0.       0.       0.       0.       0.987793 0.       0.       0.       0.       0.       0.       0.       0.       0.       0.       0.       0.       0.       0.       0.       0.       0.       0.       0.       0.       0.       0.       0.01     0.       0.       0.      ],[0. 0. 0. 0. 1. 0. 0. 0. 0. 0. 0. 0. 0. 0. 0. 0. 0. 0. 0. 0. 0. 0. 0. 0. 0. 0. 0. 1. 0. 0. 0.],500,100,0.3,0.0025,1,2,TID,24,best
222,0.00165151087256,0.00165151087256,0.010755750945,[0.       0.       0.       0.       0.987793 0.       0.       0.       0.       0.       0.       0.       0.       0.       0.       0.       0.       0.       0.       0.       0.       0.       0.       0.       0.       0.       0.       0.01     0.       0.       0.      ],[0. 0. 0. 0. 1. 0. 0. 0. 0. 0. 0. 0. 0. 0. 0. 0. 0. 0. 0. 0. 0. 0. 0. 0. 0. 0. 0. 1. 0. 0. 0.],500,100,0.3,0.0025,1,2,TID,24,best
223,0.00165151087256,0.00165151087256,0.010755750945,[0.       0.       0.       0.       0.987793 0.       0.       0.       0.       0.       0.       0.       0.       0.       0.       0.       0.       0.       0.       0.       0.       0.       0.       0.       0.       0.       0.       0.01     0.       0.       0.      ],[0. 0. 0. 0. 1. 0. 0. 0. 0. 0. 0. 0. 0. 0. 0. 0. 0. 0. 0. 0. 0. 0. 0. 0. 0. 0. 0. 1. 0. 0. 0.],500,100,0.3,0.0025,1,2,TID,24,best
224,0.00165151087256,0.00165151087256,0.010755750945,[0.       0.       0.       0.       0.987793 0.       0.       0.       0.       0.       0.       0.       0.       0.       0.       0.       0.       0.       0.       0.       0.       0.       0.       0.       0.       0.       0.       0.01     0.       0.       0.      ],[0. 0. 0. 0. 1. 0. 0. 0. 0. 0. 0. 0. 0. 0. 0. 0. 0. 0. 0. 0. 0. 0. 0. 0. 0. 0. 0. 1. 0. 0. 0.],500,100,0.3,0.0025,1,2,TID,24,best
225,0.00165151087256,0.00165151087256,0.010755750945,[0.       0.       0.       0.       0.987793 0.       0.       0.       0.       0.       0.       0.       0.       0.       0.       0.       0.       0.       0.       0.       0.       0.       0.       0.       0.       0.       0.       0.01     0.       0.       0.      ],[0. 0. 0. 0. 1. 0. 0. 0. 0. 0. 0. 0. 0. 0. 0. 0. 0. 0. 0. 0. 0. 0. 0. 0. 0. 0. 0. 1. 0. 0. 0.],500,100,0.3,0.0025,1,2,TID,24,best
226,0.00165151087256,0.00165151087256,0.010755750945,[0.       0.       0.       0.       0.987793 0.       0.       0.       0.       0.       0.       0.       0.       0.       0.       0.       0.       0.       0.       0.       0.       0.       0.       0.       0.       0.       0.       0.01     0.       0.       0.      ],[0. 0. 0. 0. 1. 0. 0. 0. 0. 0. 0. 0. 0. 0. 0. 0. 0. 0. 0. 0. 0. 0. 0. 0. 0. 0. 0. 1. 0. 0. 0.],500,100,0.3,0.0025,1,2,TID,24,best
227,0.00165151087256,0.00165151087256,0.010755750945,[0.       0.       0.       0.       0.987793 0.       0.       0.       0.       0.       0.       0.       0.       0.       0.       0.       0.       0.       0.       0.       0.       0.       0.       0.       0.       0.       0.       0.01     0.       0.       0.      ],[0. 0. 0. 0. 1. 0. 0. 0. 0. 0. 0. 0. 0. 0. 0. 0. 0. 0. 0. 0. 0. 0. 0. 0. 0. 0. 0. 1. 0. 0. 0.],500,100,0.3,0.0025,1,2,TID,24,best
228,0.00165151087256,0.00165151087256,0.010755750945,[0.       0.       0.       0.       0.987793 0.       0.       0.       0.       0.       0.       0.       0.       0.       0.       0.       0.       0.       0.       0.       0.       0.       0.       0.       0.       0.       0.       0.01     0.       0.       0.      ],[0. 0. 0. 0. 1. 0. 0. 0. 0. 0. 0. 0. 0. 0. 0. 0. 0. 0. 0. 0. 0. 0. 0. 0. 0. 0. 0. 1. 0. 0. 0.],500,100,0.3,0.0025,1,2,TID,24,best
229,0.00165151087256,0.00165151087256,0.010755750945,[0.       0.       0.       0.       0.987793 0.       0.       0.       0.       0.       0.       0.       0.       0.       0.       0.       0.       0.       0.       0.       0.       0.       0.       0.       0.       0.       0.       0.01     0.       0.       0.      ],[0. 0. 0. 0. 1. 0. 0. 0. 0. 0. 0. 0. 0. 0. 0. 0. 0. 0. 0. 0. 0. 0. 0. 0. 0. 0. 0. 1. 0. 0. 0.],500,100,0.3,0.0025,1,2,TID,24,best
230,0.00165151087256,0.00165151087256,0.010755750945,[0.       0.       0.       0.       0.987793 0.       0.       0.       0.       0.       0.       0.       0.       0.       0.       0.       0.       0.       0.       0.       0.       0.       0.       0.       0.       0.       0.       0.01     0.       0.       0.      ],[0. 0. 0. 0. 1. 0. 0. 0. 0. 0. 0. 0. 0. 0. 0. 0. 0. 0. 0. 0. 0. 0. 0. 0. 0. 0. 0. 1. 0. 0. 0.],500,100,0.3,0.0025,1,2,TID,24,best
231,0.00165151087256,0.00165151087256,0.010755750945,[0.       0.       0.       0.       0.987793 0.       0.       0.       0.       0.       0.       0.       0.       0.       0.       0.       0.       0.       0.       0.       0.       0.       0.       0.       0.       0.       0.       0.01     0.       0.       0.      ],[0. 0. 0. 0. 1. 0. 0. 0. 0. 0. 0. 0. 0. 0. 0. 0. 0. 0. 0. 0. 0. 0. 0. 0. 0. 0. 0. 1. 0. 0. 0.],500,100,0.3,0.0025,1,2,TID,24,best
232,0.00165151087256,0.00165151087256,0.010755750945,[0.       0.       0.       0.       0.987793 0.       0.       0.       0.       0.       0.       0.       0.       0.       0.       0.       0.       0.       0.       0.       0.       0.       0.       0.       0.       0.       0.       0.01     0.       0.       0.      ],[0. 0. 0. 0. 1. 0. 0. 0. 0. 0. 0. 0. 0. 0. 0. 0. 0. 0. 0. 0. 0. 0. 0. 0. 0. 0. 0. 1. 0. 0. 0.],500,100,0.3,0.0025,1,2,TID,24,best
233,0.00165151087256,0.00165151087256,0.010755750945,[0.       0.       0.       0.       0.987793 0.       0.       0.       0.       0.       0.       0.       0.       0.       0.       0.       0.       0.       0.       0.       0.       0.       0.       0.       0.       0.       0.       0.01     0.       0.       0.      ],[0. 0. 0. 0. 1. 0. 0. 0. 0. 0. 0. 0. 0. 0. 0. 0. 0. 0. 0. 0. 0. 0. 0. 0. 0. 0. 0. 1. 0. 0. 0.],500,100,0.3,0.0025,1,2,TID,24,best
234,0.00165151087256,0.00165151087256,0.010755750945,[0.       0.       0.       0.       0.987793 0.       0.       0.       0.       0.       0.       0.       0.       0.       0.       0.       0.       0.       0.       0.       0.       0.       0.       0.       0.       0.       0.       0.01     0.       0.       0.      ],[0. 0. 0. 0. 1. 0. 0. 0. 0. 0. 0. 0. 0. 0. 0. 0. 0. 0. 0. 0. 0. 0. 0. 0. 0. 0. 0. 1. 0. 0. 0.],500,100,0.3,0.0025,1,2,TID,24,best
235,0.00165151087256,0.00165151087256,0.010755750945,[0.       0.       0.       0.       0.987793 0.       0.       0.       0.       0.       0.       0.       0.       0.       0.       0.       0.       0.       0.       0.       0.       0.       0.       0.       0.       0.       0.       0.01     0.       0.       0.      ],[0. 0. 0. 0. 1. 0. 0. 0. 0. 0. 0. 0. 0. 0. 0. 0. 0. 0. 0. 0. 0. 0. 0. 0. 0. 0. 0. 1. 0. 0. 0.],500,100,0.3,0.0025,1,2,TID,24,best
236,0.00165151087256,0.00165151087256,0.010755750945,[0.       0.       0.       0.       0.987793 0.       0.       0.       0.       0.       0.       0.       0.       0.       0.       0.       0.       0.       0.       0.       0.       0.       0.       0.       0.       0.       0.       0.01     0.       0.       0.      ],[0. 0. 0. 0. 1. 0. 0. 0. 0. 0. 0. 0. 0. 0. 0. 0. 0. 0. 0. 0. 0. 0. 0. 0. 0. 0. 0. 1. 0. 0. 0.],500,100,0.3,0.0025,1,2,TID,24,best
237,0.00165151087256,0.00165151087256,0.010755750945,[0.       0.       0.       0.       0.987793 0.       0.       0.       0.       0.       0.       0.       0.       0.       0.       0.       0.       0.       0.       0.       0.       0.       0.       0.       0.       0.       0.       0.01     0.       0.       0.      ],[0. 0. 0. 0. 1. 0. 0. 0. 0. 0. 0. 0. 0. 0. 0. 0. 0. 0. 0. 0. 0. 0. 0. 0. 0. 0. 0. 1. 0. 0. 0.],500,100,0.3,0.0025,1,2,TID,24,best
238,0.00165151087256,0.00165151087256,0.010755750945,[0.       0.       0.       0.       0.987793 0.       0.       0.       0.       0.       0.       0.       0.       0.       0.       0.       0.       0.       0.       0.       0.       0.       0.       0.       0.       0.       0.       0.01     0.       0.       0.      ],[0. 0. 0. 0. 1. 0. 0. 0. 0. 0. 0. 0. 0. 0. 0. 0. 0. 0. 0. 0. 0. 0. 0. 0. 0. 0. 0. 1. 0. 0. 0.],500,100,0.3,0.0025,1,2,TID,24,best
239,0.00165151087256,0.00165151087256,0.010755750945,[0.       0.       0.       0.       0.987793 0.       0.       0.       0.       0.       0.       0.       0.       0.       0.       0.       0.       0.       0.       0.       0.       0.       0.       0.       0.       0.       0.       0.01     0.       0.       0.      ],[0. 0. 0. 0. 1. 0. 0. 0. 0. 0. 0. 0. 0. 0. 0. 0. 0. 0. 0. 0. 0. 0. 0. 0. 0. 0. 0. 1. 0. 0. 0.],500,100,0.3,0.0025,1,2,TID,24,best
240,0.00165151087256,0.00165151087256,0.010755750945,[0.       0.       0.       0.       0.987793 0.       0.       0.       0.       0.       0.       0.       0.       0.       0.       0.       0.       0.       0.       0.       0.       0.       0.       0.       0.       0.       0.       0.01     0.       0.       0.      ],[0. 0. 0. 0. 1. 0. 0. 0. 0. 0. 0. 0. 0. 0. 0. 0. 0. 0. 0. 0. 0. 0. 0. 0. 0. 0. 0. 1. 0. 0. 0.],500,100,0.3,0.0025,1,2,TID,24,best
241,0.00165151087256,0.00165151087256,0.010755750945,[0.       0.       0.       0.       0.987793 0.       0.       0.       0.       0.       0.       0.       0.       0.       0.       0.       0.       0.       0.       0.       0.       0.       0.       0.       0.       0.       0.       0.01     0.       0.       0.      ],[0. 0. 0. 0. 1. 0. 0. 0. 0. 0. 0. 0. 0. 0. 0. 0. 0. 0. 0. 0. 0. 0. 0. 0. 0. 0. 0. 1. 0. 0. 0.],500,100,0.3,0.0025,1,2,TID,24,best
242,0.00165151087256,0.00165151087256,0.010755750945,[0.       0.       0.       0.       0.987793 0.       0.       0.       0.       0.       0.       0.       0.       0.       0.       0.       0.       0.       0.       0.       0.       0.       0.       0.       0.       0.       0.       0.01     0.       0.       0.      ],[0. 0. 0. 0. 1. 0. 0. 0. 0. 0. 0. 0. 0. 0. 0. 0. 0. 0. 0. 0. 0. 0. 0. 0. 0. 0. 0. 1. 0. 0. 0.],500,100,0.3,0.0025,1,2,TID,24,best
243,0.00165151087256,0.00165151087256,0.010755750945,[0.       0.       0.       0.       0.987793 0.       0.       0.       0.       0.       0.       0.       0.       0.       0.       0.       0.       0.       0.       0.       0.       0.       0.       0.       0.       0.       0.       0.01     0.       0.       0.      ],[0. 0. 0. 0. 1. 0. 0. 0. 0. 0. 0. 0. 0. 0. 0. 0. 0. 0. 0. 0. 0. 0. 0. 0. 0. 0. 0. 1. 0. 0. 0.],500,100,0.3,0.0025,1,2,TID,24,best
244,0.00165151087256,0.00165151087256,0.010755750945,[0.       0.       0.       0.       0.987793 0.       0.       0.       0.       0.       0.       0.       0.       0.       0.       0.       0.       0.       0.       0.       0.       0.       0.       0.       0.       0.       0.       0.01     0.       0.       0.      ],[0. 0. 0. 0. 1. 0. 0. 0. 0. 0. 0. 0. 0. 0. 0. 0. 0. 0. 0. 0. 0. 0. 0. 0. 0. 0. 0. 1. 0. 0. 0.],500,100,0.3,0.0025,1,2,TID,24,best
245,0.00165151087256,0.00165151087256,0.010755750945,[0.       0.       0.       0.       0.987793 0.       0.       0.       0.       0.       0.       0.       0.       0.       0.       0.       0.       0.       0.       0.       0.       0.       0.       0.       0.       0.       0.       0.01     0.       0.       0.      ],[0. 0. 0. 0. 1. 0. 0. 0. 0. 0. 0. 0. 0. 0. 0. 0. 0. 0. 0. 0. 0. 0. 0. 0. 0. 0. 0. 1. 0. 0. 0.],500,100,0.3,0.0025,1,2,TID,24,best
246,0.00165151087256,0.00165151087256,0.010755750945,[0.       0.       0.       0.       0.987793 0.       0.       0.       0.       0.       0.       0.       0.       0.       0.       0.       0.       0.       0.       0.       0.       0.       0.       0.       0.       0.       0.       0.01     0.       0.       0.      ],[0. 0. 0. 0. 1. 0. 0. 0. 0. 0. 0. 0. 0. 0. 0. 0. 0. 0. 0. 0. 0. 0. 0. 0. 0. 0. 0. 1. 0. 0. 0.],500,100,0.3,0.0025,1,2,TID,24,best
247,0.00165151087256,0.00165151087256,0.010755750945,[0.       0.       0.       0.       0.987793 0.       0.       0.       0.       0.       0.       0.       0.       0.       0.       0.       0.       0.       0.       0.       0.       0.       0.       0.       0.       0.       0.       0.01     0.       0.       0.      ],[0. 0. 0. 0. 1. 0. 0. 0. 0. 0. 0. 0. 0. 0. 0. 0. 0. 0. 0. 0. 0. 0. 0. 0. 0. 0. 0. 1. 0. 0. 0.],500,100,0.3,0.0025,1,2,TID,24,best
248,0.00165151087256,0.00165151087256,0.010755750945,[0.       0.       0.       0.       0.987793 0.       0.       0.       0.       0.       0.       0.       0.       0.       0.       0.       0.       0.       0.       0.       0.       0.       0.       0.       0.       0.       0.       0.01     0.       0.       0.      ],[0. 0. 0. 0. 1. 0. 0. 0. 0. 0. 0. 0. 0. 0. 0. 0. 0. 0. 0. 0. 0. 0. 0. 0. 0. 0. 0. 1. 0. 0. 0.],500,100,0.3,0.0025,1,2,TID,24,best
249,0.00165151087256,0.00165151087256,0.010755750945,[0.       0.       0.       0.       0.987793 0.       0.       0.       0.       0.       0.       0.       0.       0.       0.       0.       0.       0.       0.       0.       0.       0.       0.       0.       0.       0.       0.       0.01     0.       0.       0.      ],[0. 0. 0. 0. 1. 0. 0. 0. 0. 0. 0. 0. 0. 0. 0. 0. 0. 0. 0. 0. 0. 0. 0. 0. 0. 0. 0. 1. 0. 0. 0.],500,100,0.3,0.0025,1,2,TID,24,best
250,0.00165151087256,0.00165151087256,0.010755750945,[0.       0.       0.       0.       0.987793 0.       0.       0.       0.       0.       0.       0.       0.       0.       0.       0.       0.       0.       0.       0.       0.       0.       0.       0.       0.       0.       0.       0.01     0.       0.       0.      ],[0. 0. 0. 0. 1. 0. 0. 0. 0. 0. 0. 0. 0. 0. 0. 0. 0. 0. 0. 0. 0. 0. 0. 0. 0. 0. 0. 1. 0. 0. 0.],500,100,0.3,0.0025,1,2,TID,24,best
251,0.00165151087256,0.00165151087256,0.010755750945,[0.       0.       0.       0.       0.987793 0.       0.       0.       0.       0.       0.       0.       0.       0.       0.       0.       0.       0.       0.       0.       0.       0.       0.       0.       0.       0.       0.       0.01     0.       0.       0.      ],[0. 0. 0. 0. 1. 0. 0. 0. 0. 0. 0. 0. 0. 0. 0. 0. 0. 0. 0. 0. 0. 0. 0. 0. 0. 0. 0. 1. 0. 0. 0.],500,100,0.3,0.0025,1,2,TID,24,best
252,0.00165151087256,0.00165151087256,0.010755750945,[0.       0.       0.       0.       0.987793 0.       0.       0.       0.       0.       0.       0.       0.       0.       0.       0.       0.       0.       0.       0.       0.       0.       0.       0.       0.       0.       0.       0.01     0.       0.       0.      ],[0. 0. 0. 0. 1. 0. 0. 0. 0. 0. 0. 0. 0. 0. 0. 0. 0. 0. 0. 0. 0. 0. 0. 0. 0. 0. 0. 1. 0. 0. 0.],500,100,0.3,0.0025,1,2,TID,24,best
253,0.00165151087256,0.00165151087256,0.010755750945,[0.       0.       0.       0.       0.987793 0.       0.       0.       0.       0.       0.       0.       0.       0.       0.       0.       0.       0.       0.       0.       0.       0.       0.       0.       0.       0.       0.       0.01     0.       0.       0.      ],[0. 0. 0. 0. 1. 0. 0. 0. 0. 0. 0. 0. 0. 0. 0. 0. 0. 0. 0. 0. 0. 0. 0. 0. 0. 0. 0. 1. 0. 0. 0.],500,100,0.3,0.0025,1,2,TID,24,best
254,0.00165151087256,0.00165151087256,0.010755750945,[0.       0.       0.       0.       0.987793 0.       0.       0.       0.       0.       0.       0.       0.       0.       0.       0.       0.       0.       0.       0.       0.       0.       0.       0.       0.       0.       0.       0.01     0.       0.       0.      ],[0. 0. 0. 0. 1. 0. 0. 0. 0. 0. 0. 0. 0. 0. 0. 0. 0. 0. 0. 0. 0. 0. 0. 0. 0. 0. 0. 1. 0. 0. 0.],500,100,0.3,0.0025,1,2,TID,24,best
255,0.00165151087256,0.00165151087256,0.010755750945,[0.       0.       0.       0.       0.987793 0.       0.       0.       0.       0.       0.       0.       0.       0.       0.       0.       0.       0.       0.       0.       0.       0.       0.       0.       0.       0.       0.       0.01     0.       0.       0.      ],[0. 0. 0. 0. 1. 0. 0. 0. 0. 0. 0. 0. 0. 0. 0. 0. 0. 0. 0. 0. 0. 0. 0. 0. 0. 0. 0. 1. 0. 0. 0.],500,100,0.3,0.0025,1,2,TID,24,best
256,0.00165151087256,0.00165151087256,0.010755750945,[0.       0.       0.       0.       0.987793 0.       0.       0.       0.       0.       0.       0.       0.       0.       0.       0.       0.       0.       0.       0.       0.       0.       0.       0.       0.       0.       0.       0.01     0.       0.       0.      ],[0. 0. 0. 0. 1. 0. 0. 0. 0. 0. 0. 0. 0. 0. 0. 0. 0. 0. 0. 0. 0. 0. 0. 0. 0. 0. 0. 1. 0. 0. 0.],500,100,0.3,0.0025,1,2,TID,24,best
257,0.00165151087256,0.00165151087256,0.010755750945,[0.       0.       0.       0.       0.987793 0.       0.       0.       0.       0.       0.       0.       0.       0.       0.       0.       0.       0.       0.       0.       0.       0.       0.       0.       0.       0.       0.       0.01     0.       0.       0.      ],[0. 0. 0. 0. 1. 0. 0. 0. 0. 0. 0. 0. 0. 0. 0. 0. 0. 0. 0. 0. 0. 0. 0. 0. 0. 0. 0. 1. 0. 0. 0.],500,100,0.3,0.0025,1,2,TID,24,best
258,0.00165151087256,0.00165151087256,0.010755750945,[0.       0.       0.       0.       0.987793 0.       0.       0.       0.       0.       0.       0.       0.       0.       0.       0.       0.       0.       0.       0.       0.       0.       0.       0.       0.       0.       0.       0.01     0.       0.       0.      ],[0. 0. 0. 0. 1. 0. 0. 0. 0. 0. 0. 0. 0. 0. 0. 0. 0. 0. 0. 0. 0. 0. 0. 0. 0. 0. 0. 1. 0. 0. 0.],500,100,0.3,0.0025,1,2,TID,24,best
259,0.00165151087256,0.00165151087256,0.010755750945,[0.       0.       0.       0.       0.987793 0.       0.       0.       0.       0.       0.       0.       0.       0.       0.       0.       0.       0.       0.       0.       0.       0.       0.       0.       0.       0.       0.       0.01     0.       0.       0.      ],[0. 0. 0. 0. 1. 0. 0. 0. 0. 0. 0. 0. 0. 0. 0. 0. 0. 0. 0. 0. 0. 0. 0. 0. 0. 0. 0. 1. 0. 0. 0.],500,100,0.3,0.0025,1,2,TID,24,best
260,0.00165151087256,0.00165151087256,0.010755750945,[0.       0.       0.       0.       0.987793 0.       0.       0.       0.       0.       0.       0.       0.       0.       0.       0.       0.       0.       0.       0.       0.       0.       0.       0.       0.       0.       0.       0.01     0.       0.       0.      ],[0. 0. 0. 0. 1. 0. 0. 0. 0. 0. 0. 0. 0. 0. 0. 0. 0. 0. 0. 0. 0. 0. 0. 0. 0. 0. 0. 1. 0. 0. 0.],500,100,0.3,0.0025,1,2,TID,24,best
261,0.00165151087256,0.00165151087256,0.010755750945,[0.       0.       0.       0.       0.987793 0.       0.       0.       0.       0.       0.       0.       0.       0.       0.       0.       0.       0.       0.       0.       0.       0.       0.       0.       0.       0.       0.       0.01     0.       0.       0.      ],[0. 0. 0. 0. 1. 0. 0. 0. 0. 0. 0. 0. 0. 0. 0. 0. 0. 0. 0. 0. 0. 0. 0. 0. 0. 0. 0. 1. 0. 0. 0.],500,100,0.3,0.0025,1,2,TID,24,best
262,0.00165151087256,0.00165151087256,0.010755750945,[0.       0.       0.       0.       0.987793 0.       0.       0.       0.       0.       0.       0.       0.       0.       0.       0.       0.       0.       0.       0.       0.       0.       0.       0.       0.       0.       0.       0.01     0.       0.       0.      ],[0. 0. 0. 0. 1. 0. 0. 0. 0. 0. 0. 0. 0. 0. 0. 0. 0. 0. 0. 0. 0. 0. 0. 0. 0. 0. 0. 1. 0. 0. 0.],500,100,0.3,0.0025,1,2,TID,24,best
263,0.00165151087256,0.00165151087256,0.010755750945,[0.       0.       0.       0.       0.987793 0.       0.       0.       0.       0.       0.       0.       0.       0.       0.       0.       0.       0.       0.       0.       0.       0.       0.       0.       0.       0.       0.       0.01     0.       0.       0.      ],[0. 0. 0. 0. 1. 0. 0. 0. 0. 0. 0. 0. 0. 0. 0. 0. 0. 0. 0. 0. 0. 0. 0. 0. 0. 0. 0. 1. 0. 0. 0.],500,100,0.3,0.0025,1,2,TID,24,best
264,0.00165151087256,0.00165151087256,0.010755750945,[0.       0.       0.       0.       0.987793 0.       0.       0.       0.       0.       0.       0.       0.       0.       0.       0.       0.       0.       0.       0.       0.       0.       0.       0.       0.       0.       0.       0.01     0.       0.       0.      ],[0. 0. 0. 0. 1. 0. 0. 0. 0. 0. 0. 0. 0. 0. 0. 0. 0. 0. 0. 0. 0. 0. 0. 0. 0. 0. 0. 1. 0. 0. 0.],500,100,0.3,0.0025,1,2,TID,24,best
265,0.00165151087256,0.00165151087256,0.010755750945,[0.       0.       0.       0.       0.987793 0.       0.       0.       0.       0.       0.       0.       0.       0.       0.       0.       0.       0.       0.       0.       0.       0.       0.       0.       0.       0.       0.       0.01     0.       0.       0.      ],[0. 0. 0. 0. 1. 0. 0. 0. 0. 0. 0. 0. 0. 0. 0. 0. 0. 0. 0. 0. 0. 0. 0. 0. 0. 0. 0. 1. 0. 0. 0.],500,100,0.3,0.0025,1,2,TID,24,best
266,0.00165151087256,0.00165151087256,0.010755750945,[0.       0.       0.       0.       0.987793 0.       0.       0.       0.       0.       0.       0.       0.       0.       0.       0.       0.       0.       0.       0.       0.       0.       0.       0.       0.       0.       0.       0.01     0.       0.       0.      ],[0. 0. 0. 0. 1. 0. 0. 0. 0. 0. 0. 0. 0. 0. 0. 0. 0. 0. 0. 0. 0. 0. 0. 0. 0. 0. 0. 1. 0. 0. 0.],500,100,0.3,0.0025,1,2,TID,24,best
267,0.00165151087256,0.00165151087256,0.010755750945,[0.       0.       0.       0.       0.987793 0.       0.       0.       0.       0.       0.       0.       0.       0.       0.       0.       0.       0.       0.       0.       0.       0.       0.       0.       0.       0.       0.       0.01     0.       0.       0.      ],[0. 0. 0. 0. 1. 0. 0. 0. 0. 0. 0. 0. 0. 0. 0. 0. 0. 0. 0. 0. 0. 0. 0. 0. 0. 0. 0. 1. 0. 0. 0.],500,100,0.3,0.0025,1,2,TID,24,best
268,0.00165151087256,0.00165151087256,0.010755750945,[0.       0.       0.       0.       0.987793 0.       0.       0.       0.       0.       0.       0.       0.       0.       0.       0.       0.       0.       0.       0.       0.       0.       0.       0.       0.       0.       0.       0.01     0.       0.       0.      ],[0. 0. 0. 0. 1. 0. 0. 0. 0. 0. 0. 0. 0. 0. 0. 0. 0. 0. 0. 0. 0. 0. 0. 0. 0. 0. 0. 1. 0. 0. 0.],500,100,0.3,0.0025,1,2,TID,24,best
269,0.00165151087256,0.00165151087256,0.010755750945,[0.       0.       0.       0.       0.987793 0.       0.       0.       0.       0.       0.       0.       0.       0.       0.       0.       0.       0.       0.       0.       0.       0.       0.       0.       0.       0.       0.       0.01     0.       0.       0.      ],[0. 0. 0. 0. 1. 0. 0. 0. 0. 0. 0. 0. 0. 0. 0. 0. 0. 0. 0. 0. 0. 0. 0. 0. 0. 0. 0. 1. 0. 0. 0.],500,100,0.3,0.0025,1,2,TID,24,best
270,0.00165151087256,0.00165151087256,0.010755750945,[0.       0.       0.       0.       0.987793 0.       0.       0.       0.       0.       0.       0.       0.       0.       0.       0.       0.       0.       0.       0.       0.       0.       0.       0.       0.       0.       0.       0.01     0.       0.       0.      ],[0. 0. 0. 0. 1. 0. 0. 0. 0. 0. 0. 0. 0. 0. 0. 0. 0. 0. 0. 0. 0. 0. 0. 0. 0. 0. 0. 1. 0. 0. 0.],500,100,0.3,0.0025,1,2,TID,24,best
271,0.00165151087256,0.00165151087256,0.010755750945,[0.       0.       0.       0.       0.987793 0.       0.       0.       0.       0.       0.       0.       0.       0.       0.       0.       0.       0.       0.       0.       0.       0.       0.       0.       0.       0.       0.       0.01     0.       0.       0.      ],[0. 0. 0. 0. 1. 0. 0. 0. 0. 0. 0. 0. 0. 0. 0. 0. 0. 0. 0. 0. 0. 0. 0. 0. 0. 0. 0. 1. 0. 0. 0.],500,100,0.3,0.0025,1,2,TID,24,best
272,0.00165151087256,0.00165151087256,0.010755750945,[0.       0.       0.       0.       0.987793 0.       0.       0.       0.       0.       0.       0.       0.       0.       0.       0.       0.       0.       0.       0.       0.       0.       0.       0.       0.       0.       0.       0.01     0.       0.       0.      ],[0. 0. 0. 0. 1. 0. 0. 0. 0. 0. 0. 0. 0. 0. 0. 0. 0. 0. 0. 0. 0. 0. 0. 0. 0. 0. 0. 1. 0. 0. 0.],500,100,0.3,0.0025,1,2,TID,24,best
273,0.00165151087256,0.00165151087256,0.010755750945,[0.       0.       0.       0.       0.987793 0.       0.       0.       0.       0.       0.       0.       0.       0.       0.       0.       0.       0.       0.       0.       0.       0.       0.       0.       0.       0.       0.       0.01     0.       0.       0.      ],[0. 0. 0. 0. 1. 0. 0. 0. 0. 0. 0. 0. 0. 0. 0. 0. 0. 0. 0. 0. 0. 0. 0. 0. 0. 0. 0. 1. 0. 0. 0.],500,100,0.3,0.0025,1,2,TID,24,best
274,0.00165151087256,0.00165151087256,0.010755750945,[0.       0.       0.       0.       0.987793 0.       0.       0.       0.       0.       0.       0.       0.       0.       0.       0.       0.       0.       0.       0.       0.       0.       0.       0.       0.       0.       0.       0.01     0.       0.       0.      ],[0. 0. 0. 0. 1. 0. 0. 0. 0. 0. 0. 0. 0. 0. 0. 0. 0. 0. 0. 0. 0. 0. 0. 0. 0. 0. 0. 1. 0. 0. 0.],500,100,0.3,0.0025,1,2,TID,24,best
275,0.00165151087256,0.00165151087256,0.010755750945,[0.       0.       0.       0.       0.987793 0.       0.       0.       0.       0.       0.       0.       0.       0.       0.       0.       0.       0.       0.       0.       0.       0.       0.       0.       0.       0.       0.       0.01     0.       0.       0.      ],[0. 0. 0. 0. 1. 0. 0. 0. 0. 0. 0. 0. 0. 0. 0. 0. 0. 0. 0. 0. 0. 0. 0. 0. 0. 0. 0. 1. 0. 0. 0.],500,100,0.3,0.0025,1,2,TID,24,best
276,0.00165151087256,0.00165151087256,0.010755750945,[0.       0.       0.       0.       0.987793 0.       0.       0.       0.       0.       0.       0.       0.       0.       0.       0.       0.       0.       0.       0.       0.       0.       0.       0.       0.       0.       0.       0.01     0.       0.       0.      ],[0. 0. 0. 0. 1. 0. 0. 0. 0. 0. 0. 0. 0. 0. 0. 0. 0. 0. 0. 0. 0. 0. 0. 0. 0. 0. 0. 1. 0. 0. 0.],500,100,0.3,0.0025,1,2,TID,24,best
277,0.00165151087256,0.00165151087256,0.010755750945,[0.       0.       0.       0.       0.987793 0.       0.       0.       0.       0.       0.       0.       0.       0.       0.       0.       0.       0.       0.       0.       0.       0.       0.       0.       0.       0.       0.       0.01     0.       0.       0.      ],[0. 0. 0. 0. 1. 0. 0. 0. 0. 0. 0. 0. 0. 0. 0. 0. 0. 0. 0. 0. 0. 0. 0. 0. 0. 0. 0. 1. 0. 0. 0.],500,100,0.3,0.0025,1,2,TID,24,best
278,0.00165151087256,0.00165151087256,0.010755750945,[0.       0.       0.       0.       0.987793 0.       0.       0.       0.       0.       0.       0.       0.       0.       0.       0.       0.       0.       0.       0.       0.       0.       0.       0.       0.       0.       0.       0.01     0.       0.       0.      ],[0. 0. 0. 0. 1. 0. 0. 0. 0. 0. 0. 0. 0. 0. 0. 0. 0. 0. 0. 0. 0. 0. 0. 0. 0. 0. 0. 1. 0. 0. 0.],500,100,0.3,0.0025,1,2,TID,24,best
279,0.00165151087256,0.00165151087256,0.010755750945,[0.       0.       0.       0.       0.987793 0.       0.       0.       0.       0.       0.       0.       0.       0.       0.       0.       0.       0.       0.       0.       0.       0.       0.       0.       0.       0.       0.       0.01     0.       0.       0.      ],[0. 0. 0. 0. 1. 0. 0. 0. 0. 0. 0. 0. 0. 0. 0. 0. 0. 0. 0. 0. 0. 0. 0. 0. 0. 0. 0. 1. 0. 0. 0.],500,100,0.3,0.0025,1,2,TID,24,best
280,0.00165151087256,0.00165151087256,0.010755750945,[0.       0.       0.       0.       0.987793 0.       0.       0.       0.       0.       0.       0.       0.       0.       0.       0.       0.       0.       0.       0.       0.       0.       0.       0.       0.       0.       0.       0.01     0.       0.       0.      ],[0. 0. 0. 0. 1. 0. 0. 0. 0. 0. 0. 0. 0. 0. 0. 0. 0. 0. 0. 0. 0. 0. 0. 0. 0. 0. 0. 1. 0. 0. 0.],500,100,0.3,0.0025,1,2,TID,24,best
281,0.00165151087256,0.00165151087256,0.010755750945,[0.       0.       0.       0.       0.987793 0.       0.       0.       0.       0.       0.       0.       0.       0.       0.       0.       0.       0.       0.       0.       0.       0.       0.       0.       0.       0.       0.       0.01     0.       0.       0.      ],[0. 0. 0. 0. 1. 0. 0. 0. 0. 0. 0. 0. 0. 0. 0. 0. 0. 0. 0. 0. 0. 0. 0. 0. 0. 0. 0. 1. 0. 0. 0.],500,100,0.3,0.0025,1,2,TID,24,best
282,0.00165151087256,0.00165151087256,0.010755750945,[0.       0.       0.       0.       0.987793 0.       0.       0.       0.       0.       0.       0.       0.       0.       0.       0.       0.       0.       0.       0.       0.       0.       0.       0.       0.       0.       0.       0.01     0.       0.       0.      ],[0. 0. 0. 0. 1. 0. 0. 0. 0. 0. 0. 0. 0. 0. 0. 0. 0. 0. 0. 0. 0. 0. 0. 0. 0. 0. 0. 1. 0. 0. 0.],500,100,0.3,0.0025,1,2,TID,24,best
283,0.00165151087256,0.00165151087256,0.010755750945,[0.       0.       0.       0.       0.987793 0.       0.       0.       0.       0.       0.       0.       0.       0.       0.       0.       0.       0.       0.       0.       0.       0.       0.       0.       0.       0.       0.       0.01     0.       0.       0.      ],[0. 0. 0. 0. 1. 0. 0. 0. 0. 0. 0. 0. 0. 0. 0. 0. 0. 0. 0. 0. 0. 0. 0. 0. 0. 0. 0. 1. 0. 0. 0.],500,100,0.3,0.0025,1,2,TID,24,best
284,0.00165151087256,0.00165151087256,0.010755750945,[0.       0.       0.       0.       0.987793 0.       0.       0.       0.       0.       0.       0.       0.       0.       0.       0.       0.       0.       0.       0.       0.       0.       0.       0.       0.       0.       0.       0.01     0.       0.       0.      ],[0. 0. 0. 0. 1. 0. 0. 0. 0. 0. 0. 0. 0. 0. 0. 0. 0. 0. 0. 0. 0. 0. 0. 0. 0. 0. 0. 1. 0. 0. 0.],500,100,0.3,0.0025,1,2,TID,24,best
285,0.00165151087256,0.00165151087256,0.010755750945,[0.       0.       0.       0.       0.987793 0.       0.       0.       0.       0.       0.       0.       0.       0.       0.       0.       0.       0.       0.       0.       0.       0.       0.       0.       0.       0.       0.       0.01     0.       0.       0.      ],[0. 0. 0. 0. 1. 0. 0. 0. 0. 0. 0. 0. 0. 0. 0. 0. 0. 0. 0. 0. 0. 0. 0. 0. 0. 0. 0. 1. 0. 0. 0.],500,100,0.3,0.0025,1,2,TID,24,best
286,0.00165151087256,0.00165151087256,0.010755750945,[0.       0.       0.       0.       0.987793 0.       0.       0.       0.       0.       0.       0.       0.       0.       0.       0.       0.       0.       0.       0.       0.       0.       0.       0.       0.       0.       0.       0.01     0.       0.       0.      ],[0. 0. 0. 0. 1. 0. 0. 0. 0. 0. 0. 0. 0. 0. 0. 0. 0. 0. 0. 0. 0. 0. 0. 0. 0. 0. 0. 1. 0. 0. 0.],500,100,0.3,0.0025,1,2,TID,24,best
287,0.00165151087256,0.00165151087256,0.010755750945,[0.       0.       0.       0.       0.987793 0.       0.       0.       0.       0.       0.       0.       0.       0.       0.       0.       0.       0.       0.       0.       0.       0.       0.       0.       0.       0.       0.       0.01     0.       0.       0.      ],[0. 0. 0. 0. 1. 0. 0. 0. 0. 0. 0. 0. 0. 0. 0. 0. 0. 0. 0. 0. 0. 0. 0. 0. 0. 0. 0. 1. 0. 0. 0.],500,100,0.3,0.0025,1,2,TID,24,best
288,0.00165151087256,0.00165151087256,0.010755750945,[0.       0.       0.       0.       0.987793 0.       0.       0.       0.       0.       0.       0.       0.       0.       0.       0.       0.       0.       0.       0.       0.       0.       0.       0.       0.       0.       0.       0.01     0.       0.       0.      ],[0. 0. 0. 0. 1. 0. 0. 0. 0. 0. 0. 0. 0. 0. 0. 0. 0. 0. 0. 0. 0. 0. 0. 0. 0. 0. 0. 1. 0. 0. 0.],500,100,0.3,0.0025,1,2,TID,24,best
289,0.00165151087256,0.00165151087256,0.010755750945,[0.       0.       0.       0.       0.987793 0.       0.       0.       0.       0.       0.       0.       0.       0.       0.       0.       0.       0.       0.       0.       0.       0.       0.       0.       0.       0.       0.       0.01     0.       0.       0.      ],[0. 0. 0. 0. 1. 0. 0. 0. 0. 0. 0. 0. 0. 0. 0. 0. 0. 0. 0. 0. 0. 0. 0. 0. 0. 0. 0. 1. 0. 0. 0.],500,100,0.3,0.0025,1,2,TID,24,best
290,0.00165151087256,0.00165151087256,0.010755750945,[0.       0.       0.       0.       0.987793 0.       0.       0.       0.       0.       0.       0.       0.       0.       0.       0.       0.       0.       0.       0.       0.       0.       0.       0.       0.       0.       0.       0.01     0.       0.       0.      ],[0. 0. 0. 0. 1. 0. 0. 0. 0. 0. 0. 0. 0. 0. 0. 0. 0. 0. 0. 0. 0. 0. 0. 0. 0. 0. 0. 1. 0. 0. 0.],500,100,0.3,0.0025,1,2,TID,24,best
291,0.00165151087256,0.00165151087256,0.010755750945,[0.       0.       0.       0.       0.987793 0.       0.       0.       0.       0.       0.       0.       0.       0.       0.       0.       0.       0.       0.       0.       0.       0.       0.       0.       0.       0.       0.       0.01     0.       0.       0.      ],[0. 0. 0. 0. 1. 0. 0. 0. 0. 0. 0. 0. 0. 0. 0. 0. 0. 0. 0. 0. 0. 0. 0. 0. 0. 0. 0. 1. 0. 0. 0.],500,100,0.3,0.0025,1,2,TID,24,best
292,0.00165151087256,0.00165151087256,0.010755750945,[0.       0.       0.       0.       0.987793 0.       0.       0.       0.       0.       0.       0.       0.       0.       0.       0.       0.       0.       0.       0.       0.       0.       0.       0.       0.       0.       0.       0.01     0.       0.       0.      ],[0. 0. 0. 0. 1. 0. 0. 0. 0. 0. 0. 0. 0. 0. 0. 0. 0. 0. 0. 0. 0. 0. 0. 0. 0. 0. 0. 1. 0. 0. 0.],500,100,0.3,0.0025,1,2,TID,24,best
293,0.00165151087256,0.00165151087256,0.010755750945,[0.       0.       0.       0.       0.987793 0.       0.       0.       0.       0.       0.       0.       0.       0.       0.       0.       0.       0.       0.       0.       0.       0.       0.       0.       0.       0.       0.       0.01     0.       0.       0.      ],[0. 0. 0. 0. 1. 0. 0. 0. 0. 0. 0. 0. 0. 0. 0. 0. 0. 0. 0. 0. 0. 0. 0. 0. 0. 0. 0. 1. 0. 0. 0.],500,100,0.3,0.0025,1,2,TID,24,best
294,0.00165151087256,0.00165151087256,0.010755750945,[0.       0.       0.       0.       0.987793 0.       0.       0.       0.       0.       0.       0.       0.       0.       0.       0.       0.       0.       0.       0.       0.       0.       0.       0.       0.       0.       0.       0.01     0.       0.       0.      ],[0. 0. 0. 0. 1. 0. 0. 0. 0. 0. 0. 0. 0. 0. 0. 0. 0. 0. 0. 0. 0. 0. 0. 0. 0. 0. 0. 1. 0. 0. 0.],500,100,0.3,0.0025,1,2,TID,24,best
295,0.00165151087256,0.00165151087256,0.010755750945,[0.       0.       0.       0.       0.987793 0.       0.       0.       0.       0.       0.       0.       0.       0.       0.       0.       0.       0.       0.       0.       0.       0.       0.       0.       0.       0.       0.       0.01     0.       0.       0.      ],[0. 0. 0. 0. 1. 0. 0. 0. 0. 0. 0. 0. 0. 0. 0. 0. 0. 0. 0. 0. 0. 0. 0. 0. 0. 0. 0. 1. 0. 0. 0.],500,100,0.3,0.0025,1,2,TID,24,best
296,0.00165151087256,0.00165151087256,0.010755750945,[0.       0.       0.       0.       0.987793 0.       0.       0.       0.       0.       0.       0.       0.       0.       0.       0.       0.       0.       0.       0.       0.       0.       0.       0.       0.       0.       0.       0.01     0.       0.       0.      ],[0. 0. 0. 0. 1. 0. 0. 0. 0. 0. 0. 0. 0. 0. 0. 0. 0. 0. 0. 0. 0. 0. 0. 0. 0. 0. 0. 1. 0. 0. 0.],500,100,0.3,0.0025,1,2,TID,24,best
297,0.00165151087256,0.00165151087256,0.010755750945,[0.       0.       0.       0.       0.987793 0.       0.       0.       0.       0.       0.       0.       0.       0.       0.       0.       0.       0.       0.       0.       0.       0.       0.       0.       0.       0.       0.       0.01     0.       0.       0.      ],[0. 0. 0. 0. 1. 0. 0. 0. 0. 0. 0. 0. 0. 0. 0. 0. 0. 0. 0. 0. 0. 0. 0. 0. 0. 0. 0. 1. 0. 0. 0.],500,100,0.3,0.0025,1,2,TID,24,best
298,0.00165151087256,0.00165151087256,0.010755750945,[0.       0.       0.       0.       0.987793 0.       0.       0.       0.       0.       0.       0.       0.       0.       0.       0.       0.       0.       0.       0.       0.       0.       0.       0.       0.       0.       0.       0.01     0.       0.       0.      ],[0. 0. 0. 0. 1. 0. 0. 0. 0. 0. 0. 0. 0. 0. 0. 0. 0. 0. 0. 0. 0. 0. 0. 0. 0. 0. 0. 1. 0. 0. 0.],500,100,0.3,0.0025,1,2,TID,24,best
299,0.00165151087256,0.00165151087256,0.010755750945,[0.       0.       0.       0.       0.987793 0.       0.       0.       0.       0.       0.       0.       0.       0.       0.       0.       0.       0.       0.       0.       0.       0.       0.       0.       0.       0.       0.       0.01     0.       0.       0.      ],[0. 0. 0. 0. 1. 0. 0. 0. 0. 0. 0. 0. 0. 0. 0. 0. 0. 0. 0. 0. 0. 0. 0. 0. 0. 0. 0. 1. 0. 0. 0.],500,100,0.3,0.0025,1,2,TID,24,best
300,0.00165151087256,0.00165151087256,0.010755750945,[0.       0.       0.       0.       0.987793 0.       0.       0.       0.       0.       0.       0.       0.       0.       0.       0.       0.       0.       0.       0.       0.       0.       0.       0.       0.       0.       0.       0.01     0.       0.       0.      ],[0. 0. 0. 0. 1. 0. 0. 0. 0. 0. 0. 0. 0. 0. 0. 0. 0. 0. 0. 0. 0. 0. 0. 0. 0. 0. 0. 1. 0. 0. 0.],500,100,0.3,0.0025,1,2,TID,24,best
301,0.00165151087256,0.00165151087256,0.010755750945,[0.       0.       0.       0.       0.987793 0.       0.       0.       0.       0.       0.       0.       0.       0.       0.       0.       0.       0.       0.       0.       0.       0.       0.       0.       0.       0.       0.       0.01     0.       0.       0.      ],[0. 0. 0. 0. 1. 0. 0. 0. 0. 0. 0. 0. 0. 0. 0. 0. 0. 0. 0. 0. 0. 0. 0. 0. 0. 0. 0. 1. 0. 0. 0.],500,100,0.3,0.0025,1,2,TID,24,best
302,0.00165151087256,0.00165151087256,0.010755750945,[0.       0.       0.       0.       0.987793 0.       0.       0.       0.       0.       0.       0.       0.       0.       0.       0.       0.       0.       0.       0.       0.       0.       0.       0.       0.       0.       0.       0.01     0.       0.       0.      ],[0. 0. 0. 0. 1. 0. 0. 0. 0. 0. 0. 0. 0. 0. 0. 0. 0. 0. 0. 0. 0. 0. 0. 0. 0. 0. 0. 1. 0. 0. 0.],500,100,0.3,0.0025,1,2,TID,24,best
303,0.00165151087256,0.00165151087256,0.010755750945,[0.       0.       0.       0.       0.987793 0.       0.       0.       0.       0.       0.       0.       0.       0.       0.       0.       0.       0.       0.       0.       0.       0.       0.       0.       0.       0.       0.       0.01     0.       0.       0.      ],[0. 0. 0. 0. 1. 0. 0. 0. 0. 0. 0. 0. 0. 0. 0. 0. 0. 0. 0. 0. 0. 0. 0. 0. 0. 0. 0. 1. 0. 0. 0.],500,100,0.3,0.0025,1,2,TID,24,best
304,0.00165151087256,0.00165151087256,0.010755750945,[0.       0.       0.       0.       0.987793 0.       0.       0.       0.       0.       0.       0.       0.       0.       0.       0.       0.       0.       0.       0.       0.       0.       0.       0.       0.       0.       0.       0.01     0.       0.       0.      ],[0. 0. 0. 0. 1. 0. 0. 0. 0. 0. 0. 0. 0. 0. 0. 0. 0. 0. 0. 0. 0. 0. 0. 0. 0. 0. 0. 1. 0. 0. 0.],500,100,0.3,0.0025,1,2,TID,24,best
305,0.00165151087256,0.00165151087256,0.010755750945,[0.       0.       0.       0.       0.987793 0.       0.       0.       0.       0.       0.       0.       0.       0.       0.       0.       0.       0.       0.       0.       0.       0.       0.       0.       0.       0.       0.       0.01     0.       0.       0.      ],[0. 0. 0. 0. 1. 0. 0. 0. 0. 0. 0. 0. 0. 0. 0. 0. 0. 0. 0. 0. 0. 0. 0. 0. 0. 0. 0. 1. 0. 0. 0.],500,100,0.3,0.0025,1,2,TID,24,best
306,0.00165151087256,0.00165151087256,0.010755750945,[0.       0.       0.       0.       0.987793 0.       0.       0.       0.       0.       0.       0.       0.       0.       0.       0.       0.       0.       0.       0.       0.       0.       0.       0.       0.       0.       0.       0.01     0.       0.       0.      ],[0. 0. 0. 0. 1. 0. 0. 0. 0. 0. 0. 0. 0. 0. 0. 0. 0. 0. 0. 0. 0. 0. 0. 0. 0. 0. 0. 1. 0. 0. 0.],500,100,0.3,0.0025,1,2,TID,24,best
307,0.00165151087256,0.00165151087256,0.010755750945,[0.       0.       0.       0.       0.987793 0.       0.       0.       0.       0.       0.       0.       0.       0.       0.       0.       0.       0.       0.       0.       0.       0.       0.       0.       0.       0.       0.       0.01     0.       0.       0.      ],[0. 0. 0. 0. 1. 0. 0. 0. 0. 0. 0. 0. 0. 0. 0. 0. 0. 0. 0. 0. 0. 0. 0. 0. 0. 0. 0. 1. 0. 0. 0.],500,100,0.3,0.0025,1,2,TID,24,best
308,0.00165151087256,0.00165151087256,0.010755750945,[0.       0.       0.       0.       0.987793 0.       0.       0.       0.       0.       0.       0.       0.       0.       0.       0.       0.       0.       0.       0.       0.       0.       0.       0.       0.       0.       0.       0.01     0.       0.       0.      ],[0. 0. 0. 0. 1. 0. 0. 0. 0. 0. 0. 0. 0. 0. 0. 0. 0. 0. 0. 0. 0. 0. 0. 0. 0. 0. 0. 1. 0. 0. 0.],500,100,0.3,0.0025,1,2,TID,24,best
309,0.00165151087256,0.00165151087256,0.010755750945,[0.       0.       0.       0.       0.987793 0.       0.       0.       0.       0.       0.       0.       0.       0.       0.       0.       0.       0.       0.       0.       0.       0.       0.       0.       0.       0.       0.       0.01     0.       0.       0.      ],[0. 0. 0. 0. 1. 0. 0. 0. 0. 0. 0. 0. 0. 0. 0. 0. 0. 0. 0. 0. 0. 0. 0. 0. 0. 0. 0. 1. 0. 0. 0.],500,100,0.3,0.0025,1,2,TID,24,best
310,0.00165151087256,0.00165151087256,0.010755750945,[0.       0.       0.       0.       0.987793 0.       0.       0.       0.       0.       0.       0.       0.       0.       0.       0.       0.       0.       0.       0.       0.       0.       0.       0.       0.       0.       0.       0.01     0.       0.       0.      ],[0. 0. 0. 0. 1. 0. 0. 0. 0. 0. 0. 0. 0. 0. 0. 0. 0. 0. 0. 0. 0. 0. 0. 0. 0. 0. 0. 1. 0. 0. 0.],500,100,0.3,0.0025,1,2,TID,24,best
311,0.00165151087256,0.00165151087256,0.010755750945,[0.       0.       0.       0.       0.987793 0.       0.       0.       0.       0.       0.       0.       0.       0.       0.       0.       0.       0.       0.       0.       0.       0.       0.       0.       0.       0.       0.       0.01     0.       0.       0.      ],[0. 0. 0. 0. 1. 0. 0. 0. 0. 0. 0. 0. 0. 0. 0. 0. 0. 0. 0. 0. 0. 0. 0. 0. 0. 0. 0. 1. 0. 0. 0.],500,100,0.3,0.0025,1,2,TID,24,best
312,0.00165151087256,0.00165151087256,0.010755750945,[0.       0.       0.       0.       0.987793 0.       0.       0.       0.       0.       0.       0.       0.       0.       0.       0.       0.       0.       0.       0.       0.       0.       0.       0.       0.       0.       0.       0.01     0.       0.       0.      ],[0. 0. 0. 0. 1. 0. 0. 0. 0. 0. 0. 0. 0. 0. 0. 0. 0. 0. 0. 0. 0. 0. 0. 0. 0. 0. 0. 1. 0. 0. 0.],500,100,0.3,0.0025,1,2,TID,24,best
313,0.00165151087256,0.00165151087256,0.010755750945,[0.       0.       0.       0.       0.987793 0.       0.       0.       0.       0.       0.       0.       0.       0.       0.       0.       0.       0.       0.       0.       0.       0.       0.       0.       0.       0.       0.       0.01     0.       0.       0.      ],[0. 0. 0. 0. 1. 0. 0. 0. 0. 0. 0. 0. 0. 0. 0. 0. 0. 0. 0. 0. 0. 0. 0. 0. 0. 0. 0. 1. 0. 0. 0.],500,100,0.3,0.0025,1,2,TID,24,best
314,0.00165151087256,0.00165151087256,0.010755750945,[0.       0.       0.       0.       0.987793 0.       0.       0.       0.       0.       0.       0.       0.       0.       0.       0.       0.       0.       0.       0.       0.       0.       0.       0.       0.       0.       0.       0.01     0.       0.       0.      ],[0. 0. 0. 0. 1. 0. 0. 0. 0. 0. 0. 0. 0. 0. 0. 0. 0. 0. 0. 0. 0. 0. 0. 0. 0. 0. 0. 1. 0. 0. 0.],500,100,0.3,0.0025,1,2,TID,24,best
315,0.00165151087256,0.00165151087256,0.010755750945,[0.       0.       0.       0.       0.987793 0.       0.       0.       0.       0.       0.       0.       0.       0.       0.       0.       0.       0.       0.       0.       0.       0.       0.       0.       0.       0.       0.       0.01     0.       0.       0.      ],[0. 0. 0. 0. 1. 0. 0. 0. 0. 0. 0. 0. 0. 0. 0. 0. 0. 0. 0. 0. 0. 0. 0. 0. 0. 0. 0. 1. 0. 0. 0.],500,100,0.3,0.0025,1,2,TID,24,best
316,0.00165151087256,0.00165151087256,0.010755750945,[0.       0.       0.       0.       0.987793 0.       0.       0.       0.       0.       0.       0.       0.       0.       0.       0.       0.       0.       0.       0.       0.       0.       0.       0.       0.       0.       0.       0.01     0.       0.       0.      ],[0. 0. 0. 0. 1. 0. 0. 0. 0. 0. 0. 0. 0. 0. 0. 0. 0. 0. 0. 0. 0. 0. 0. 0. 0. 0. 0. 1. 0. 0. 0.],500,100,0.3,0.0025,1,2,TID,24,best
317,0.00165151087256,0.00165151087256,0.010755750945,[0.       0.       0.       0.       0.987793 0.       0.       0.       0.       0.       0.       0.       0.       0.       0.       0.       0.       0.       0.       0.       0.       0.       0.       0.       0.       0.       0.       0.01     0.       0.       0.      ],[0. 0. 0. 0. 1. 0. 0. 0. 0. 0. 0. 0. 0. 0. 0. 0. 0. 0. 0. 0. 0. 0. 0. 0. 0. 0. 0. 1. 0. 0. 0.],500,100,0.3,0.0025,1,2,TID,24,best
318,0.00165151087256,0.00165151087256,0.010755750945,[0.       0.       0.       0.       0.987793 0.       0.       0.       0.       0.       0.       0.       0.       0.       0.       0.       0.       0.       0.       0.       0.       0.       0.       0.       0.       0.       0.       0.01     0.       0.       0.      ],[0. 0. 0. 0. 1. 0. 0. 0. 0. 0. 0. 0. 0. 0. 0. 0. 0. 0. 0. 0. 0. 0. 0. 0. 0. 0. 0. 1. 0. 0. 0.],500,100,0.3,0.0025,1,2,TID,24,best
319,0.00165151087256,0.00165151087256,0.010755750945,[0.       0.       0.       0.       0.987793 0.       0.       0.       0.       0.       0.       0.       0.       0.       0.       0.       0.       0.       0.       0.       0.       0.       0.       0.       0.       0.       0.       0.01     0.       0.       0.      ],[0. 0. 0. 0. 1. 0. 0. 0. 0. 0. 0. 0. 0. 0. 0. 0. 0. 0. 0. 0. 0. 0. 0. 0. 0. 0. 0. 1. 0. 0. 0.],500,100,0.3,0.0025,1,2,TID,24,best
320,0.00165151087256,0.00165151087256,0.010755750945,[0.       0.       0.       0.       0.987793 0.       0.       0.       0.       0.       0.       0.       0.       0.       0.       0.       0.       0.       0.       0.       0.       0.       0.       0.       0.       0.       0.       0.01     0.       0.       0.      ],[0. 0. 0. 0. 1. 0. 0. 0. 0. 0. 0. 0. 0. 0. 0. 0. 0. 0. 0. 0. 0. 0. 0. 0. 0. 0. 0. 1. 0. 0. 0.],500,100,0.3,0.0025,1,2,TID,24,best
321,0.00165151087256,0.00165151087256,0.010755750945,[0.       0.       0.       0.       0.987793 0.       0.       0.       0.       0.       0.       0.       0.       0.       0.       0.       0.       0.       0.       0.       0.       0.       0.       0.       0.       0.       0.       0.01     0.       0.       0.      ],[0. 0. 0. 0. 1. 0. 0. 0. 0. 0. 0. 0. 0. 0. 0. 0. 0. 0. 0. 0. 0. 0. 0. 0. 0. 0. 0. 1. 0. 0. 0.],500,100,0.3,0.0025,1,2,TID,24,best
322,0.00165151087256,0.00165151087256,0.010755750945,[0.       0.       0.       0.       0.987793 0.       0.       0.       0.       0.       0.       0.       0.       0.       0.       0.       0.       0.       0.       0.       0.       0.       0.       0.       0.       0.       0.       0.01     0.       0.       0.      ],[0. 0. 0. 0. 1. 0. 0. 0. 0. 0. 0. 0. 0. 0. 0. 0. 0. 0. 0. 0. 0. 0. 0. 0. 0. 0. 0. 1. 0. 0. 0.],500,100,0.3,0.0025,1,2,TID,24,best
323,0.00165151087256,0.00165151087256,0.010755750945,[0.       0.       0.       0.       0.987793 0.       0.       0.       0.       0.       0.       0.       0.       0.       0.       0.       0.       0.       0.       0.       0.       0.       0.       0.       0.       0.       0.       0.01     0.       0.       0.      ],[0. 0. 0. 0. 1. 0. 0. 0. 0. 0. 0. 0. 0. 0. 0. 0. 0. 0. 0. 0. 0. 0. 0. 0. 0. 0. 0. 1. 0. 0. 0.],500,100,0.3,0.0025,1,2,TID,24,best
324,0.00165151087256,0.00165151087256,0.010755750945,[0.       0.       0.       0.       0.987793 0.       0.       0.       0.       0.       0.       0.       0.       0.       0.       0.       0.       0.       0.       0.       0.       0.       0.       0.       0.       0.       0.       0.01     0.       0.       0.      ],[0. 0. 0. 0. 1. 0. 0. 0. 0. 0. 0. 0. 0. 0. 0. 0. 0. 0. 0. 0. 0. 0. 0. 0. 0. 0. 0. 1. 0. 0. 0.],500,100,0.3,0.0025,1,2,TID,24,best
325,0.00165151087256,0.00165151087256,0.010755750945,[0.       0.       0.       0.       0.987793 0.       0.       0.       0.       0.       0.       0.       0.       0.       0.       0.       0.       0.       0.       0.       0.       0.       0.       0.       0.       0.       0.       0.01     0.       0.       0.      ],[0. 0. 0. 0. 1. 0. 0. 0. 0. 0. 0. 0. 0. 0. 0. 0. 0. 0. 0. 0. 0. 0. 0. 0. 0. 0. 0. 1. 0. 0. 0.],500,100,0.3,0.0025,1,2,TID,24,best
326,0.00165151087256,0.00165151087256,0.010755750945,[0.       0.       0.       0.       0.987793 0.       0.       0.       0.       0.       0.       0.       0.       0.       0.       0.       0.       0.       0.       0.       0.       0.       0.       0.       0.       0.       0.       0.01     0.       0.       0.      ],[0. 0. 0. 0. 1. 0. 0. 0. 0. 0. 0. 0. 0. 0. 0. 0. 0. 0. 0. 0. 0. 0. 0. 0. 0. 0. 0. 1. 0. 0. 0.],500,100,0.3,0.0025,1,2,TID,24,best
327,0.00165151087256,0.00165151087256,0.010755750945,[0.       0.       0.       0.       0.987793 0.       0.       0.       0.       0.       0.       0.       0.       0.       0.       0.       0.       0.       0.       0.       0.       0.       0.       0.       0.       0.       0.       0.01     0.       0.       0.      ],[0. 0. 0. 0. 1. 0. 0. 0. 0. 0. 0. 0. 0. 0. 0. 0. 0. 0. 0. 0. 0. 0. 0. 0. 0. 0. 0. 1. 0. 0. 0.],500,100,0.3,0.0025,1,2,TID,24,best
328,0.00165151087256,0.00165151087256,0.010755750945,[0.       0.       0.       0.       0.987793 0.       0.       0.       0.       0.       0.       0.       0.       0.       0.       0.       0.       0.       0.       0.       0.       0.       0.       0.       0.       0.       0.       0.01     0.       0.       0.      ],[0. 0. 0. 0. 1. 0. 0. 0. 0. 0. 0. 0. 0. 0. 0. 0. 0. 0. 0. 0. 0. 0. 0. 0. 0. 0. 0. 1. 0. 0. 0.],500,100,0.3,0.0025,1,2,TID,24,best
329,0.00165151087256,0.00165151087256,0.010755750945,[0.       0.       0.       0.       0.987793 0.       0.       0.       0.       0.       0.       0.       0.       0.       0.       0.       0.       0.       0.       0.       0.       0.       0.       0.       0.       0.       0.       0.01     0.       0.       0.      ],[0. 0. 0. 0. 1. 0. 0. 0. 0. 0. 0. 0. 0. 0. 0. 0. 0. 0. 0. 0. 0. 0. 0. 0. 0. 0. 0. 1. 0. 0. 0.],500,100,0.3,0.0025,1,2,TID,24,best
330,0.00165151087256,0.00165151087256,0.010755750945,[0.       0.       0.       0.       0.987793 0.       0.       0.       0.       0.       0.       0.       0.       0.       0.       0.       0.       0.       0.       0.       0.       0.       0.       0.       0.       0.       0.       0.01     0.       0.       0.      ],[0. 0. 0. 0. 1. 0. 0. 0. 0. 0. 0. 0. 0. 0. 0. 0. 0. 0. 0. 0. 0. 0. 0. 0. 0. 0. 0. 1. 0. 0. 0.],500,100,0.3,0.0025,1,2,TID,24,best
331,0.00165151087256,0.00165151087256,0.010755750945,[0.       0.       0.       0.       0.987793 0.       0.       0.       0.       0.       0.       0.       0.       0.       0.       0.       0.       0.       0.       0.       0.       0.       0.       0.       0.       0.       0.       0.01     0.       0.       0.      ],[0. 0. 0. 0. 1. 0. 0. 0. 0. 0. 0. 0. 0. 0. 0. 0. 0. 0. 0. 0. 0. 0. 0. 0. 0. 0. 0. 1. 0. 0. 0.],500,100,0.3,0.0025,1,2,TID,24,best
332,0.00165151087256,0.00165151087256,0.010755750945,[0.       0.       0.       0.       0.987793 0.       0.       0.       0.       0.       0.       0.       0.       0.       0.       0.       0.       0.       0.       0.       0.       0.       0.       0.       0.       0.       0.       0.01     0.       0.       0.      ],[0. 0. 0. 0. 1. 0. 0. 0. 0. 0. 0. 0. 0. 0. 0. 0. 0. 0. 0. 0. 0. 0. 0. 0. 0. 0. 0. 1. 0. 0. 0.],500,100,0.3,0.0025,1,2,TID,24,best
333,0.00165151087256,0.00165151087256,0.010755750945,[0.       0.       0.       0.       0.987793 0.       0.       0.       0.       0.       0.       0.       0.       0.       0.       0.       0.       0.       0.       0.       0.       0.       0.       0.       0.       0.       0.       0.01     0.       0.       0.      ],[0. 0. 0. 0. 1. 0. 0. 0. 0. 0. 0. 0. 0. 0. 0. 0. 0. 0. 0. 0. 0. 0. 0. 0. 0. 0. 0. 1. 0. 0. 0.],500,100,0.3,0.0025,1,2,TID,24,best
334,0.00165151087256,0.00165151087256,0.010755750945,[0.       0.       0.       0.       0.987793 0.       0.       0.       0.       0.       0.       0.       0.       0.       0.       0.       0.       0.       0.       0.       0.       0.       0.       0.       0.       0.       0.       0.01     0.       0.       0.      ],[0. 0. 0. 0. 1. 0. 0. 0. 0. 0. 0. 0. 0. 0. 0. 0. 0. 0. 0. 0. 0. 0. 0. 0. 0. 0. 0. 1. 0. 0. 0.],500,100,0.3,0.0025,1,2,TID,24,best
335,0.00165151087256,0.00165151087256,0.010755750945,[0.       0.       0.       0.       0.987793 0.       0.       0.       0.       0.       0.       0.       0.       0.       0.       0.       0.       0.       0.       0.       0.       0.       0.       0.       0.       0.       0.       0.01     0.       0.       0.      ],[0. 0. 0. 0. 1. 0. 0. 0. 0. 0. 0. 0. 0. 0. 0. 0. 0. 0. 0. 0. 0. 0. 0. 0. 0. 0. 0. 1. 0. 0. 0.],500,100,0.3,0.0025,1,2,TID,24,best
336,0.00165151087256,0.00165151087256,0.010755750945,[0.       0.       0.       0.       0.987793 0.       0.       0.       0.       0.       0.       0.       0.       0.       0.       0.       0.       0.       0.       0.       0.       0.       0.       0.       0.       0.       0.       0.01     0.       0.       0.      ],[0. 0. 0. 0. 1. 0. 0. 0. 0. 0. 0. 0. 0. 0. 0. 0. 0. 0. 0. 0. 0. 0. 0. 0. 0. 0. 0. 1. 0. 0. 0.],500,100,0.3,0.0025,1,2,TID,24,best
337,0.00165151087256,0.00165151087256,0.010755750945,[0.       0.       0.       0.       0.987793 0.       0.       0.       0.       0.       0.       0.       0.       0.       0.       0.       0.       0.       0.       0.       0.       0.       0.       0.       0.       0.       0.       0.01     0.       0.       0.      ],[0. 0. 0. 0. 1. 0. 0. 0. 0. 0. 0. 0. 0. 0. 0. 0. 0. 0. 0. 0. 0. 0. 0. 0. 0. 0. 0. 1. 0. 0. 0.],500,100,0.3,0.0025,1,2,TID,24,best
338,0.00165151087256,0.00165151087256,0.010755750945,[0.       0.       0.       0.       0.987793 0.       0.       0.       0.       0.       0.       0.       0.       0.       0.       0.       0.       0.       0.       0.       0.       0.       0.       0.       0.       0.       0.       0.01     0.       0.       0.      ],[0. 0. 0. 0. 1. 0. 0. 0. 0. 0. 0. 0. 0. 0. 0. 0. 0. 0. 0. 0. 0. 0. 0. 0. 0. 0. 0. 1. 0. 0. 0.],500,100,0.3,0.0025,1,2,TID,24,best
339,0.00165151087256,0.00165151087256,0.010755750945,[0.       0.       0.       0.       0.987793 0.       0.       0.       0.       0.       0.       0.       0.       0.       0.       0.       0.       0.       0.       0.       0.       0.       0.       0.       0.       0.       0.       0.01     0.       0.       0.      ],[0. 0. 0. 0. 1. 0. 0. 0. 0. 0. 0. 0. 0. 0. 0. 0. 0. 0. 0. 0. 0. 0. 0. 0. 0. 0. 0. 1. 0. 0. 0.],500,100,0.3,0.0025,1,2,TID,24,best
340,0.00165151087256,0.00165151087256,0.010755750945,[0.       0.       0.       0.       0.987793 0.       0.       0.       0.       0.       0.       0.       0.       0.       0.       0.       0.       0.       0.       0.       0.       0.       0.       0.       0.       0.       0.       0.01     0.       0.       0.      ],[0. 0. 0. 0. 1. 0. 0. 0. 0. 0. 0. 0. 0. 0. 0. 0. 0. 0. 0. 0. 0. 0. 0. 0. 0. 0. 0. 1. 0. 0. 0.],500,100,0.3,0.0025,1,2,TID,24,best
341,0.00165151087256,0.00165151087256,0.010755750945,[0.       0.       0.       0.       0.987793 0.       0.       0.       0.       0.       0.       0.       0.       0.       0.       0.       0.       0.       0.       0.       0.       0.       0.       0.       0.       0.       0.       0.01     0.       0.       0.      ],[0. 0. 0. 0. 1. 0. 0. 0. 0. 0. 0. 0. 0. 0. 0. 0. 0. 0. 0. 0. 0. 0. 0. 0. 0. 0. 0. 1. 0. 0. 0.],500,100,0.3,0.0025,1,2,TID,24,best
342,0.00165151087256,0.00165151087256,0.010755750945,[0.       0.       0.       0.       0.987793 0.       0.       0.       0.       0.       0.       0.       0.       0.       0.       0.       0.       0.       0.       0.       0.       0.       0.       0.       0.       0.       0.       0.01     0.       0.       0.      ],[0. 0. 0. 0. 1. 0. 0. 0. 0. 0. 0. 0. 0. 0. 0. 0. 0. 0. 0. 0. 0. 0. 0. 0. 0. 0. 0. 1. 0. 0. 0.],500,100,0.3,0.0025,1,2,TID,24,best
343,0.00165151087256,0.00165151087256,0.010755750945,[0.       0.       0.       0.       0.987793 0.       0.       0.       0.       0.       0.       0.       0.       0.       0.       0.       0.       0.       0.       0.       0.       0.       0.       0.       0.       0.       0.       0.01     0.       0.       0.      ],[0. 0. 0. 0. 1. 0. 0. 0. 0. 0. 0. 0. 0. 0. 0. 0. 0. 0. 0. 0. 0. 0. 0. 0. 0. 0. 0. 1. 0. 0. 0.],500,100,0.3,0.0025,1,2,TID,24,best
344,0.00165151087256,0.00165151087256,0.010755750945,[0.       0.       0.       0.       0.987793 0.       0.       0.       0.       0.       0.       0.       0.       0.       0.       0.       0.       0.       0.       0.       0.       0.       0.       0.       0.       0.       0.       0.01     0.       0.       0.      ],[0. 0. 0. 0. 1. 0. 0. 0. 0. 0. 0. 0. 0. 0. 0. 0. 0. 0. 0. 0. 0. 0. 0. 0. 0. 0. 0. 1. 0. 0. 0.],500,100,0.3,0.0025,1,2,TID,24,best
345,0.00165151087256,0.00165151087256,0.010755750945,[0.       0.       0.       0.       0.987793 0.       0.       0.       0.       0.       0.       0.       0.       0.       0.       0.       0.       0.       0.       0.       0.       0.       0.       0.       0.       0.       0.       0.01     0.       0.       0.      ],[0. 0. 0. 0. 1. 0. 0. 0. 0. 0. 0. 0. 0. 0. 0. 0. 0. 0. 0. 0. 0. 0. 0. 0. 0. 0. 0. 1. 0. 0. 0.],500,100,0.3,0.0025,1,2,TID,24,best
346,0.00165151087256,0.00165151087256,0.010755750945,[0.       0.       0.       0.       0.987793 0.       0.       0.       0.       0.       0.       0.       0.       0.       0.       0.       0.       0.       0.       0.       0.       0.       0.       0.       0.       0.       0.       0.01     0.       0.       0.      ],[0. 0. 0. 0. 1. 0. 0. 0. 0. 0. 0. 0. 0. 0. 0. 0. 0. 0. 0. 0. 0. 0. 0. 0. 0. 0. 0. 1. 0. 0. 0.],500,100,0.3,0.0025,1,2,TID,24,best
347,0.00165151087256,0.00165151087256,0.010755750945,[0.       0.       0.       0.       0.987793 0.       0.       0.       0.       0.       0.       0.       0.       0.       0.       0.       0.       0.       0.       0.       0.       0.       0.       0.       0.       0.       0.       0.01     0.       0.       0.      ],[0. 0. 0. 0. 1. 0. 0. 0. 0. 0. 0. 0. 0. 0. 0. 0. 0. 0. 0. 0. 0. 0. 0. 0. 0. 0. 0. 1. 0. 0. 0.],500,100,0.3,0.0025,1,2,TID,24,best
348,0.00165151087256,0.00165151087256,0.010755750945,[0.       0.       0.       0.       0.987793 0.       0.       0.       0.       0.       0.       0.       0.       0.       0.       0.       0.       0.       0.       0.       0.       0.       0.       0.       0.       0.       0.       0.01     0.       0.       0.      ],[0. 0. 0. 0. 1. 0. 0. 0. 0. 0. 0. 0. 0. 0. 0. 0. 0. 0. 0. 0. 0. 0. 0. 0. 0. 0. 0. 1. 0. 0. 0.],500,100,0.3,0.0025,1,2,TID,24,best
349,0.00165151087256,0.00165151087256,0.010755750945,[0.       0.       0.       0.       0.987793 0.       0.       0.       0.       0.       0.       0.       0.       0.       0.       0.       0.       0.       0.       0.       0.       0.       0.       0.       0.       0.       0.       0.01     0.       0.       0.      ],[0. 0. 0. 0. 1. 0. 0. 0. 0. 0. 0. 0. 0. 0. 0. 0. 0. 0. 0. 0. 0. 0. 0. 0. 0. 0. 0. 1. 0. 0. 0.],500,100,0.3,0.0025,1,2,TID,24,best
350,0.00165151087256,0.00165151087256,0.010755750945,[0.       0.       0.       0.       0.987793 0.       0.       0.       0.       0.       0.       0.       0.       0.       0.       0.       0.       0.       0.       0.       0.       0.       0.       0.       0.       0.       0.       0.01     0.       0.       0.      ],[0. 0. 0. 0. 1. 0. 0. 0. 0. 0. 0. 0. 0. 0. 0. 0. 0. 0. 0. 0. 0. 0. 0. 0. 0. 0. 0. 1. 0. 0. 0.],500,100,0.3,0.0025,1,2,TID,24,best
351,0.00165151087256,0.00165151087256,0.010755750945,[0.       0.       0.       0.       0.987793 0.       0.       0.       0.       0.       0.       0.       0.       0.       0.       0.       0.       0.       0.       0.       0.       0.       0.       0.       0.       0.       0.       0.01     0.       0.       0.      ],[0. 0. 0. 0. 1. 0. 0. 0. 0. 0. 0. 0. 0. 0. 0. 0. 0. 0. 0. 0. 0. 0. 0. 0. 0. 0. 0. 1. 0. 0. 0.],500,100,0.3,0.0025,1,2,TID,24,best
352,0.00165151087256,0.00165151087256,0.010755750945,[0.       0.       0.       0.       0.987793 0.       0.       0.       0.       0.       0.       0.       0.       0.       0.       0.       0.       0.       0.       0.       0.       0.       0.       0.       0.       0.       0.       0.01     0.       0.       0.      ],[0. 0. 0. 0. 1. 0. 0. 0. 0. 0. 0. 0. 0. 0. 0. 0. 0. 0. 0. 0. 0. 0. 0. 0. 0. 0. 0. 1. 0. 0. 0.],500,100,0.3,0.0025,1,2,TID,24,best
353,0.00165151087256,0.00165151087256,0.010755750945,[0.       0.       0.       0.       0.987793 0.       0.       0.       0.       0.       0.       0.       0.       0.       0.       0.       0.       0.       0.       0.       0.       0.       0.       0.       0.       0.       0.       0.01     0.       0.       0.      ],[0. 0. 0. 0. 1. 0. 0. 0. 0. 0. 0. 0. 0. 0. 0. 0. 0. 0. 0. 0. 0. 0. 0. 0. 0. 0. 0. 1. 0. 0. 0.],500,100,0.3,0.0025,1,2,TID,24,best
354,0.00165151087256,0.00165151087256,0.010755750945,[0.       0.       0.       0.       0.987793 0.       0.       0.       0.       0.       0.       0.       0.       0.       0.       0.       0.       0.       0.       0.       0.       0.       0.       0.       0.       0.       0.       0.01     0.       0.       0.      ],[0. 0. 0. 0. 1. 0. 0. 0. 0. 0. 0. 0. 0. 0. 0. 0. 0. 0. 0. 0. 0. 0. 0. 0. 0. 0. 0. 1. 0. 0. 0.],500,100,0.3,0.0025,1,2,TID,24,best
355,0.00165151087256,0.00165151087256,0.010755750945,[0.       0.       0.       0.       0.987793 0.       0.       0.       0.       0.       0.       0.       0.       0.       0.       0.       0.       0.       0.       0.       0.       0.       0.       0.       0.       0.       0.       0.01     0.       0.       0.      ],[0. 0. 0. 0. 1. 0. 0. 0. 0. 0. 0. 0. 0. 0. 0. 0. 0. 0. 0. 0. 0. 0. 0. 0. 0. 0. 0. 1. 0. 0. 0.],500,100,0.3,0.0025,1,2,TID,24,best
356,0.00165151087256,0.00165151087256,0.010755750945,[0.       0.       0.       0.       0.987793 0.       0.       0.       0.       0.       0.       0.       0.       0.       0.       0.       0.       0.       0.       0.       0.       0.       0.       0.       0.       0.       0.       0.01     0.       0.       0.      ],[0. 0. 0. 0. 1. 0. 0. 0. 0. 0. 0. 0. 0. 0. 0. 0. 0. 0. 0. 0. 0. 0. 0. 0. 0. 0. 0. 1. 0. 0. 0.],500,100,0.3,0.0025,1,2,TID,24,best
357,0.00165151087256,0.00165151087256,0.010755750945,[0.       0.       0.       0.       0.987793 0.       0.       0.       0.       0.       0.       0.       0.       0.       0.       0.       0.       0.       0.       0.       0.       0.       0.       0.       0.       0.       0.       0.01     0.       0.       0.      ],[0. 0. 0. 0. 1. 0. 0. 0. 0. 0. 0. 0. 0. 0. 0. 0. 0. 0. 0. 0. 0. 0. 0. 0. 0. 0. 0. 1. 0. 0. 0.],500,100,0.3,0.0025,1,2,TID,24,best
358,0.00165151087256,0.00165151087256,0.010755750945,[0.       0.       0.       0.       0.987793 0.       0.       0.       0.       0.       0.       0.       0.       0.       0.       0.       0.       0.       0.       0.       0.       0.       0.       0.       0.       0.       0.       0.01     0.       0.       0.      ],[0. 0. 0. 0. 1. 0. 0. 0. 0. 0. 0. 0. 0. 0. 0. 0. 0. 0. 0. 0. 0. 0. 0. 0. 0. 0. 0. 1. 0. 0. 0.],500,100,0.3,0.0025,1,2,TID,24,best
359,0.00165151087256,0.00165151087256,0.010755750945,[0.       0.       0.       0.       0.987793 0.       0.       0.       0.       0.       0.       0.       0.       0.       0.       0.       0.       0.       0.       0.       0.       0.       0.       0.       0.       0.       0.       0.01     0.       0.       0.      ],[0. 0. 0. 0. 1. 0. 0. 0. 0. 0. 0. 0. 0. 0. 0. 0. 0. 0. 0. 0. 0. 0. 0. 0. 0. 0. 0. 1. 0. 0. 0.],500,100,0.3,0.0025,1,2,TID,24,best
360,0.00165151087256,0.00165151087256,0.010755750945,[0.       0.       0.       0.       0.987793 0.       0.       0.       0.       0.       0.       0.       0.       0.       0.       0.       0.       0.       0.       0.       0.       0.       0.       0.       0.       0.       0.       0.01     0.       0.       0.      ],[0. 0. 0. 0. 1. 0. 0. 0. 0. 0. 0. 0. 0. 0. 0. 0. 0. 0. 0. 0. 0. 0. 0. 0. 0. 0. 0. 1. 0. 0. 0.],500,100,0.3,0.0025,1,2,TID,24,best
361,0.00165151087256,0.00165151087256,0.010755750945,[0.       0.       0.       0.       0.987793 0.       0.       0.       0.       0.       0.       0.       0.       0.       0.       0.       0.       0.       0.       0.       0.       0.       0.       0.       0.       0.       0.       0.01     0.       0.       0.      ],[0. 0. 0. 0. 1. 0. 0. 0. 0. 0. 0. 0. 0. 0. 0. 0. 0. 0. 0. 0. 0. 0. 0. 0. 0. 0. 0. 1. 0. 0. 0.],500,100,0.3,0.0025,1,2,TID,24,best
362,0.00165151087256,0.00165151087256,0.010755750945,[0.       0.       0.       0.       0.987793 0.       0.       0.       0.       0.       0.       0.       0.       0.       0.       0.       0.       0.       0.       0.       0.       0.       0.       0.       0.       0.       0.       0.01     0.       0.       0.      ],[0. 0. 0. 0. 1. 0. 0. 0. 0. 0. 0. 0. 0. 0. 0. 0. 0. 0. 0. 0. 0. 0. 0. 0. 0. 0. 0. 1. 0. 0. 0.],500,100,0.3,0.0025,1,2,TID,24,best
363,0.00165151087256,0.00165151087256,0.010755750945,[0.       0.       0.       0.       0.987793 0.       0.       0.       0.       0.       0.       0.       0.       0.       0.       0.       0.       0.       0.       0.       0.       0.       0.       0.       0.       0.       0.       0.01     0.       0.       0.      ],[0. 0. 0. 0. 1. 0. 0. 0. 0. 0. 0. 0. 0. 0. 0. 0. 0. 0. 0. 0. 0. 0. 0. 0. 0. 0. 0. 1. 0. 0. 0.],500,100,0.3,0.0025,1,2,TID,24,best
364,0.00165151087256,0.00165151087256,0.010755750945,[0.       0.       0.       0.       0.987793 0.       0.       0.       0.       0.       0.       0.       0.       0.       0.       0.       0.       0.       0.       0.       0.       0.       0.       0.       0.       0.       0.       0.01     0.       0.       0.      ],[0. 0. 0. 0. 1. 0. 0. 0. 0. 0. 0. 0. 0. 0. 0. 0. 0. 0. 0. 0. 0. 0. 0. 0. 0. 0. 0. 1. 0. 0. 0.],500,100,0.3,0.0025,1,2,TID,24,best
365,0.00165151087256,0.00165151087256,0.010755750945,[0.       0.       0.       0.       0.987793 0.       0.       0.       0.       0.       0.       0.       0.       0.       0.       0.       0.       0.       0.       0.       0.       0.       0.       0.       0.       0.       0.       0.01     0.       0.       0.      ],[0. 0. 0. 0. 1. 0. 0. 0. 0. 0. 0. 0. 0. 0. 0. 0. 0. 0. 0. 0. 0. 0. 0. 0. 0. 0. 0. 1. 0. 0. 0.],500,100,0.3,0.0025,1,2,TID,24,best
366,0.00165151087256,0.00165151087256,0.010755750945,[0.       0.       0.       0.       0.987793 0.       0.       0.       0.       0.       0.       0.       0.       0.       0.       0.       0.       0.       0.       0.       0.       0.       0.       0.       0.       0.       0.       0.01     0.       0.       0.      ],[0. 0. 0. 0. 1. 0. 0. 0. 0. 0. 0. 0. 0. 0. 0. 0. 0. 0. 0. 0. 0. 0. 0. 0. 0. 0. 0. 1. 0. 0. 0.],500,100,0.3,0.0025,1,2,TID,24,best
367,0.00165151087256,0.00165151087256,0.010755750945,[0.       0.       0.       0.       0.987793 0.       0.       0.       0.       0.       0.       0.       0.       0.       0.       0.       0.       0.       0.       0.       0.       0.       0.       0.       0.       0.       0.       0.01     0.       0.       0.      ],[0. 0. 0. 0. 1. 0. 0. 0. 0. 0. 0. 0. 0. 0. 0. 0. 0. 0. 0. 0. 0. 0. 0. 0. 0. 0. 0. 1. 0. 0. 0.],500,100,0.3,0.0025,1,2,TID,24,best
368,0.00165151087256,0.00165151087256,0.010755750945,[0.       0.       0.       0.       0.987793 0.       0.       0.       0.       0.       0.       0.       0.       0.       0.       0.       0.       0.       0.       0.       0.       0.       0.       0.       0.       0.       0.       0.01     0.       0.       0.      ],[0. 0. 0. 0. 1. 0. 0. 0. 0. 0. 0. 0. 0. 0. 0. 0. 0. 0. 0. 0. 0. 0. 0. 0. 0. 0. 0. 1. 0. 0. 0.],500,100,0.3,0.0025,1,2,TID,24,best
369,0.00165151087256,0.00165151087256,0.010755750945,[0.       0.       0.       0.       0.987793 0.       0.       0.       0.       0.       0.       0.       0.       0.       0.       0.       0.       0.       0.       0.       0.       0.       0.       0.       0.       0.       0.       0.01     0.       0.       0.      ],[0. 0. 0. 0. 1. 0. 0. 0. 0. 0. 0. 0. 0. 0. 0. 0. 0. 0. 0. 0. 0. 0. 0. 0. 0. 0. 0. 1. 0. 0. 0.],500,100,0.3,0.0025,1,2,TID,24,best
370,0.00165151087256,0.00165151087256,0.010755750945,[0.       0.       0.       0.       0.987793 0.       0.       0.       0.       0.       0.       0.       0.       0.       0.       0.       0.       0.       0.       0.       0.       0.       0.       0.       0.       0.       0.       0.01     0.       0.       0.      ],[0. 0. 0. 0. 1. 0. 0. 0. 0. 0. 0. 0. 0. 0. 0. 0. 0. 0. 0. 0. 0. 0. 0. 0. 0. 0. 0. 1. 0. 0. 0.],500,100,0.3,0.0025,1,2,TID,24,best
371,0.00165151087256,0.00165151087256,0.010755750945,[0.       0.       0.       0.       0.987793 0.       0.       0.       0.       0.       0.       0.       0.       0.       0.       0.       0.       0.       0.       0.       0.       0.       0.       0.       0.       0.       0.       0.01     0.       0.       0.      ],[0. 0. 0. 0. 1. 0. 0. 0. 0. 0. 0. 0. 0. 0. 0. 0. 0. 0. 0. 0. 0. 0. 0. 0. 0. 0. 0. 1. 0. 0. 0.],500,100,0.3,0.0025,1,2,TID,24,best
372,0.00165151087256,0.00165151087256,0.010755750945,[0.       0.       0.       0.       0.987793 0.       0.       0.       0.       0.       0.       0.       0.       0.       0.       0.       0.       0.       0.       0.       0.       0.       0.       0.       0.       0.       0.       0.01     0.       0.       0.      ],[0. 0. 0. 0. 1. 0. 0. 0. 0. 0. 0. 0. 0. 0. 0. 0. 0. 0. 0. 0. 0. 0. 0. 0. 0. 0. 0. 1. 0. 0. 0.],500,100,0.3,0.0025,1,2,TID,24,best
373,0.00165151087256,0.00165151087256,0.010755750945,[0.       0.       0.       0.       0.987793 0.       0.       0.       0.       0.       0.       0.       0.       0.       0.       0.       0.       0.       0.       0.       0.       0.       0.       0.       0.       0.       0.       0.01     0.       0.       0.      ],[0. 0. 0. 0. 1. 0. 0. 0. 0. 0. 0. 0. 0. 0. 0. 0. 0. 0. 0. 0. 0. 0. 0. 0. 0. 0. 0. 1. 0. 0. 0.],500,100,0.3,0.0025,1,2,TID,24,best
374,0.00165151087256,0.00165151087256,0.010755750945,[0.       0.       0.       0.       0.987793 0.       0.       0.       0.       0.       0.       0.       0.       0.       0.       0.       0.       0.       0.       0.       0.       0.       0.       0.       0.       0.       0.       0.01     0.       0.       0.      ],[0. 0. 0. 0. 1. 0. 0. 0. 0. 0. 0. 0. 0. 0. 0. 0. 0. 0. 0. 0. 0. 0. 0. 0. 0. 0. 0. 1. 0. 0. 0.],500,100,0.3,0.0025,1,2,TID,24,best
375,0.00165151087256,0.00165151087256,0.010755750945,[0.       0.       0.       0.       0.987793 0.       0.       0.       0.       0.       0.       0.       0.       0.       0.       0.       0.       0.       0.       0.       0.       0.       0.       0.       0.       0.       0.       0.01     0.       0.       0.      ],[0. 0. 0. 0. 1. 0. 0. 0. 0. 0. 0. 0. 0. 0. 0. 0. 0. 0. 0. 0. 0. 0. 0. 0. 0. 0. 0. 1. 0. 0. 0.],500,100,0.3,0.0025,1,2,TID,24,best
376,0.00165151087256,0.00165151087256,0.010755750945,[0.       0.       0.       0.       0.987793 0.       0.       0.       0.       0.       0.       0.       0.       0.       0.       0.       0.       0.       0.       0.       0.       0.       0.       0.       0.       0.       0.       0.01     0.       0.       0.      ],[0. 0. 0. 0. 1. 0. 0. 0. 0. 0. 0. 0. 0. 0. 0. 0. 0. 0. 0. 0. 0. 0. 0. 0. 0. 0. 0. 1. 0. 0. 0.],500,100,0.3,0.0025,1,2,TID,24,best
377,0.00165151087256,0.00165151087256,0.010755750945,[0.       0.       0.       0.       0.987793 0.       0.       0.       0.       0.       0.       0.       0.       0.       0.       0.       0.       0.       0.       0.       0.       0.       0.       0.       0.       0.       0.       0.01     0.       0.       0.      ],[0. 0. 0. 0. 1. 0. 0. 0. 0. 0. 0. 0. 0. 0. 0. 0. 0. 0. 0. 0. 0. 0. 0. 0. 0. 0. 0. 1. 0. 0. 0.],500,100,0.3,0.0025,1,2,TID,24,best
378,0.00165151087256,0.00165151087256,0.010755750945,[0.       0.       0.       0.       0.987793 0.       0.       0.       0.       0.       0.       0.       0.       0.       0.       0.       0.       0.       0.       0.       0.       0.       0.       0.       0.       0.       0.       0.01     0.       0.       0.      ],[0. 0. 0. 0. 1. 0. 0. 0. 0. 0. 0. 0. 0. 0. 0. 0. 0. 0. 0. 0. 0. 0. 0. 0. 0. 0. 0. 1. 0. 0. 0.],500,100,0.3,0.0025,1,2,TID,24,best
379,0.00165151087256,0.00165151087256,0.010755750945,[0.       0.       0.       0.       0.987793 0.       0.       0.       0.       0.       0.       0.       0.       0.       0.       0.       0.       0.       0.       0.       0.       0.       0.       0.       0.       0.       0.       0.01     0.       0.       0.      ],[0. 0. 0. 0. 1. 0. 0. 0. 0. 0. 0. 0. 0. 0. 0. 0. 0. 0. 0. 0. 0. 0. 0. 0. 0. 0. 0. 1. 0. 0. 0.],500,100,0.3,0.0025,1,2,TID,24,best
380,0.00165151087256,0.00165151087256,0.010755750945,[0.       0.       0.       0.       0.987793 0.       0.       0.       0.       0.       0.       0.       0.       0.       0.       0.       0.       0.       0.       0.       0.       0.       0.       0.       0.       0.       0.       0.01     0.       0.       0.      ],[0. 0. 0. 0. 1. 0. 0. 0. 0. 0. 0. 0. 0. 0. 0. 0. 0. 0. 0. 0. 0. 0. 0. 0. 0. 0. 0. 1. 0. 0. 0.],500,100,0.3,0.0025,1,2,TID,24,best
381,0.00165151087256,0.00165151087256,0.010755750945,[0.       0.       0.       0.       0.987793 0.       0.       0.       0.       0.       0.       0.       0.       0.       0.       0.       0.       0.       0.       0.       0.       0.       0.       0.       0.       0.       0.       0.01     0.       0.       0.      ],[0. 0. 0. 0. 1. 0. 0. 0. 0. 0. 0. 0. 0. 0. 0. 0. 0. 0. 0. 0. 0. 0. 0. 0. 0. 0. 0. 1. 0. 0. 0.],500,100,0.3,0.0025,1,2,TID,24,best
382,0.00165151087256,0.00165151087256,0.010755750945,[0.       0.       0.       0.       0.987793 0.       0.       0.       0.       0.       0.       0.       0.       0.       0.       0.       0.       0.       0.       0.       0.       0.       0.       0.       0.       0.       0.       0.01     0.       0.       0.      ],[0. 0. 0. 0. 1. 0. 0. 0. 0. 0. 0. 0. 0. 0. 0. 0. 0. 0. 0. 0. 0. 0. 0. 0. 0. 0. 0. 1. 0. 0. 0.],500,100,0.3,0.0025,1,2,TID,24,best
383,0.00165151087256,0.00165151087256,0.010755750945,[0.       0.       0.       0.       0.987793 0.       0.       0.       0.       0.       0.       0.       0.       0.       0.       0.       0.       0.       0.       0.       0.       0.       0.       0.       0.       0.       0.       0.01     0.       0.       0.      ],[0. 0. 0. 0. 1. 0. 0. 0. 0. 0. 0. 0. 0. 0. 0. 0. 0. 0. 0. 0. 0. 0. 0. 0. 0. 0. 0. 1. 0. 0. 0.],500,100,0.3,0.0025,1,2,TID,24,best
384,0.00165151087256,0.00165151087256,0.010755750945,[0.       0.       0.       0.       0.987793 0.       0.       0.       0.       0.       0.       0.       0.       0.       0.       0.       0.       0.       0.       0.       0.       0.       0.       0.       0.       0.       0.       0.01     0.       0.       0.      ],[0. 0. 0. 0. 1. 0. 0. 0. 0. 0. 0. 0. 0. 0. 0. 0. 0. 0. 0. 0. 0. 0. 0. 0. 0. 0. 0. 1. 0. 0. 0.],500,100,0.3,0.0025,1,2,TID,24,best
385,0.00165151087256,0.00165151087256,0.010755750945,[0.       0.       0.       0.       0.987793 0.       0.       0.       0.       0.       0.       0.       0.       0.       0.       0.       0.       0.       0.       0.       0.       0.       0.       0.       0.       0.       0.       0.01     0.       0.       0.      ],[0. 0. 0. 0. 1. 0. 0. 0. 0. 0. 0. 0. 0. 0. 0. 0. 0. 0. 0. 0. 0. 0. 0. 0. 0. 0. 0. 1. 0. 0. 0.],500,100,0.3,0.0025,1,2,TID,24,best
386,0.00165151087256,0.00165151087256,0.010755750945,[0.       0.       0.       0.       0.987793 0.       0.       0.       0.       0.       0.       0.       0.       0.       0.       0.       0.       0.       0.       0.       0.       0.       0.       0.       0.       0.       0.       0.01     0.       0.       0.      ],[0. 0. 0. 0. 1. 0. 0. 0. 0. 0. 0. 0. 0. 0. 0. 0. 0. 0. 0. 0. 0. 0. 0. 0. 0. 0. 0. 1. 0. 0. 0.],500,100,0.3,0.0025,1,2,TID,24,best
387,0.00165151087256,0.00165151087256,0.010755750945,[0.       0.       0.       0.       0.987793 0.       0.       0.       0.       0.       0.       0.       0.       0.       0.       0.       0.       0.       0.       0.       0.       0.       0.       0.       0.       0.       0.       0.01     0.       0.       0.      ],[0. 0. 0. 0. 1. 0. 0. 0. 0. 0. 0. 0. 0. 0. 0. 0. 0. 0. 0. 0. 0. 0. 0. 0. 0. 0. 0. 1. 0. 0. 0.],500,100,0.3,0.0025,1,2,TID,24,best
388,0.00165151087256,0.00165151087256,0.010755750945,[0.       0.       0.       0.       0.987793 0.       0.       0.       0.       0.       0.       0.       0.       0.       0.       0.       0.       0.       0.       0.       0.       0.       0.       0.       0.       0.       0.       0.01     0.       0.       0.      ],[0. 0. 0. 0. 1. 0. 0. 0. 0. 0. 0. 0. 0. 0. 0. 0. 0. 0. 0. 0. 0. 0. 0. 0. 0. 0. 0. 1. 0. 0. 0.],500,100,0.3,0.0025,1,2,TID,24,best
389,0.00165151087256,0.00165151087256,0.010755750945,[0.       0.       0.       0.       0.987793 0.       0.       0.       0.       0.       0.       0.       0.       0.       0.       0.       0.       0.       0.       0.       0.       0.       0.       0.       0.       0.       0.       0.01     0.       0.       0.      ],[0. 0. 0. 0. 1. 0. 0. 0. 0. 0. 0. 0. 0. 0. 0. 0. 0. 0. 0. 0. 0. 0. 0. 0. 0. 0. 0. 1. 0. 0. 0.],500,100,0.3,0.0025,1,2,TID,24,best
390,0.00165151087256,0.00165151087256,0.010755750945,[0.       0.       0.       0.       0.987793 0.       0.       0.       0.       0.       0.       0.       0.       0.       0.       0.       0.       0.       0.       0.       0.       0.       0.       0.       0.       0.       0.       0.01     0.       0.       0.      ],[0. 0. 0. 0. 1. 0. 0. 0. 0. 0. 0. 0. 0. 0. 0. 0. 0. 0. 0. 0. 0. 0. 0. 0. 0. 0. 0. 1. 0. 0. 0.],500,100,0.3,0.0025,1,2,TID,24,best
391,0.00165151087256,0.00165151087256,0.010755750945,[0.       0.       0.       0.       0.987793 0.       0.       0.       0.       0.       0.       0.       0.       0.       0.       0.       0.       0.       0.       0.       0.       0.       0.       0.       0.       0.       0.       0.01     0.       0.       0.      ],[0. 0. 0. 0. 1. 0. 0. 0. 0. 0. 0. 0. 0. 0. 0. 0. 0. 0. 0. 0. 0. 0. 0. 0. 0. 0. 0. 1. 0. 0. 0.],500,100,0.3,0.0025,1,2,TID,24,best
392,0.00165151087256,0.00165151087256,0.010755750945,[0.       0.       0.       0.       0.987793 0.       0.       0.       0.       0.       0.       0.       0.       0.       0.       0.       0.       0.       0.       0.       0.       0.       0.       0.       0.       0.       0.       0.01     0.       0.       0.      ],[0. 0. 0. 0. 1. 0. 0. 0. 0. 0. 0. 0. 0. 0. 0. 0. 0. 0. 0. 0. 0. 0. 0. 0. 0. 0. 0. 1. 0. 0. 0.],500,100,0.3,0.0025,1,2,TID,24,best
393,0.00165151087256,0.00165151087256,0.010755750945,[0.       0.       0.       0.       0.987793 0.       0.       0.       0.       0.       0.       0.       0.       0.       0.       0.       0.       0.       0.       0.       0.       0.       0.       0.       0.       0.       0.       0.01     0.       0.       0.      ],[0. 0. 0. 0. 1. 0. 0. 0. 0. 0. 0. 0. 0. 0. 0. 0. 0. 0. 0. 0. 0. 0. 0. 0. 0. 0. 0. 1. 0. 0. 0.],500,100,0.3,0.0025,1,2,TID,24,best
394,0.00165151087256,0.00165151087256,0.010755750945,[0.       0.       0.       0.       0.987793 0.       0.       0.       0.       0.       0.       0.       0.       0.       0.       0.       0.       0.       0.       0.       0.       0.       0.       0.       0.       0.       0.       0.01     0.       0.       0.      ],[0. 0. 0. 0. 1. 0. 0. 0. 0. 0. 0. 0. 0. 0. 0. 0. 0. 0. 0. 0. 0. 0. 0. 0. 0. 0. 0. 1. 0. 0. 0.],500,100,0.3,0.0025,1,2,TID,24,best
395,0.00165151087256,0.00165151087256,0.010755750945,[0.       0.       0.       0.       0.987793 0.       0.       0.       0.       0.       0.       0.       0.       0.       0.       0.       0.       0.       0.       0.       0.       0.       0.       0.       0.       0.       0.       0.01     0.       0.       0.      ],[0. 0. 0. 0. 1. 0. 0. 0. 0. 0. 0. 0. 0. 0. 0. 0. 0. 0. 0. 0. 0. 0. 0. 0. 0. 0. 0. 1. 0. 0. 0.],500,100,0.3,0.0025,1,2,TID,24,best
396,0.00165151087256,0.00165151087256,0.010755750945,[0.       0.       0.       0.       0.987793 0.       0.       0.       0.       0.       0.       0.       0.       0.       0.       0.       0.       0.       0.       0.       0.       0.       0.       0.       0.       0.       0.       0.01     0.       0.       0.      ],[0. 0. 0. 0. 1. 0. 0. 0. 0. 0. 0. 0. 0. 0. 0. 0. 0. 0. 0. 0. 0. 0. 0. 0. 0. 0. 0. 1. 0. 0. 0.],500,100,0.3,0.0025,1,2,TID,24,best
397,0.00165151087256,0.00165151087256,0.010755750945,[0.       0.       0.       0.       0.987793 0.       0.       0.       0.       0.       0.       0.       0.       0.       0.       0.       0.       0.       0.       0.       0.       0.       0.       0.       0.       0.       0.       0.01     0.       0.       0.      ],[0. 0. 0. 0. 1. 0. 0. 0. 0. 0. 0. 0. 0. 0. 0. 0. 0. 0. 0. 0. 0. 0. 0. 0. 0. 0. 0. 1. 0. 0. 0.],500,100,0.3,0.0025,1,2,TID,24,best
398,0.00165151087256,0.00165151087256,0.010755750945,[0.       0.       0.       0.       0.987793 0.       0.       0.       0.       0.       0.       0.       0.       0.       0.       0.       0.       0.       0.       0.       0.       0.       0.       0.       0.       0.       0.       0.01     0.       0.       0.      ],[0. 0. 0. 0. 1. 0. 0. 0. 0. 0. 0. 0. 0. 0. 0. 0. 0. 0. 0. 0. 0. 0. 0. 0. 0. 0. 0. 1. 0. 0. 0.],500,100,0.3,0.0025,1,2,TID,24,best
399,0.00165151087256,0.00165151087256,0.010755750945,[0.       0.       0.       0.       0.987793 0.       0.       0.       0.       0.       0.       0.       0.       0.       0.       0.       0.       0.       0.       0.       0.       0.       0.       0.       0.       0.       0.       0.01     0.       0.       0.      ],[0. 0. 0. 0. 1. 0. 0. 0. 0. 0. 0. 0. 0. 0. 0. 0. 0. 0. 0. 0. 0. 0. 0. 0. 0. 0. 0. 1. 0. 0. 0.],500,100,0.3,0.0025,1,2,TID,24,best
400,0.00165151087256,0.00165151087256,0.010755750945,[0.       0.       0.       0.       0.987793 0.       0.       0.       0.       0.       0.       0.       0.       0.       0.       0.       0.       0.       0.       0.       0.       0.       0.       0.       0.       0.       0.       0.01     0.       0.       0.      ],[0. 0. 0. 0. 1. 0. 0. 0. 0. 0. 0. 0. 0. 0. 0. 0. 0. 0. 0. 0. 0. 0. 0. 0. 0. 0. 0. 1. 0. 0. 0.],500,100,0.3,0.0025,1,2,TID,24,best
401,0.00165151087256,0.00165151087256,0.010755750945,[0.       0.       0.       0.       0.987793 0.       0.       0.       0.       0.       0.       0.       0.       0.       0.       0.       0.       0.       0.       0.       0.       0.       0.       0.       0.       0.       0.       0.01     0.       0.       0.      ],[0. 0. 0. 0. 1. 0. 0. 0. 0. 0. 0. 0. 0. 0. 0. 0. 0. 0. 0. 0. 0. 0. 0. 0. 0. 0. 0. 1. 0. 0. 0.],500,100,0.3,0.0025,1,2,TID,24,best
402,0.00165151087256,0.00165151087256,0.010755750945,[0.       0.       0.       0.       0.987793 0.       0.       0.       0.       0.       0.       0.       0.       0.       0.       0.       0.       0.       0.       0.       0.       0.       0.       0.       0.       0.       0.       0.01     0.       0.       0.      ],[0. 0. 0. 0. 1. 0. 0. 0. 0. 0. 0. 0. 0. 0. 0. 0. 0. 0. 0. 0. 0. 0. 0. 0. 0. 0. 0. 1. 0. 0. 0.],500,100,0.3,0.0025,1,2,TID,24,best
403,0.00165151087256,0.00165151087256,0.010755750945,[0.       0.       0.       0.       0.987793 0.       0.       0.       0.       0.       0.       0.       0.       0.       0.       0.       0.       0.       0.       0.       0.       0.       0.       0.       0.       0.       0.       0.01     0.       0.       0.      ],[0. 0. 0. 0. 1. 0. 0. 0. 0. 0. 0. 0. 0. 0. 0. 0. 0. 0. 0. 0. 0. 0. 0. 0. 0. 0. 0. 1. 0. 0. 0.],500,100,0.3,0.0025,1,2,TID,24,best
404,0.00165151087256,0.00165151087256,0.010755750945,[0.       0.       0.       0.       0.987793 0.       0.       0.       0.       0.       0.       0.       0.       0.       0.       0.       0.       0.       0.       0.       0.       0.       0.       0.       0.       0.       0.       0.01     0.       0.       0.      ],[0. 0. 0. 0. 1. 0. 0. 0. 0. 0. 0. 0. 0. 0. 0. 0. 0. 0. 0. 0. 0. 0. 0. 0. 0. 0. 0. 1. 0. 0. 0.],500,100,0.3,0.0025,1,2,TID,24,best
405,0.00165151087256,0.00165151087256,0.010755750945,[0.       0.       0.       0.       0.987793 0.       0.       0.       0.       0.       0.       0.       0.       0.       0.       0.       0.       0.       0.       0.       0.       0.       0.       0.       0.       0.       0.       0.01     0.       0.       0.      ],[0. 0. 0. 0. 1. 0. 0. 0. 0. 0. 0. 0. 0. 0. 0. 0. 0. 0. 0. 0. 0. 0. 0. 0. 0. 0. 0. 1. 0. 0. 0.],500,100,0.3,0.0025,1,2,TID,24,best
406,0.00165151087256,0.00165151087256,0.010755750945,[0.       0.       0.       0.       0.987793 0.       0.       0.       0.       0.       0.       0.       0.       0.       0.       0.       0.       0.       0.       0.       0.       0.       0.       0.       0.       0.       0.       0.01     0.       0.       0.      ],[0. 0. 0. 0. 1. 0. 0. 0. 0. 0. 0. 0. 0. 0. 0. 0. 0. 0. 0. 0. 0. 0. 0. 0. 0. 0. 0. 1. 0. 0. 0.],500,100,0.3,0.0025,1,2,TID,24,best
407,0.00165151087256,0.00165151087256,0.010755750945,[0.       0.       0.       0.       0.987793 0.       0.       0.       0.       0.       0.       0.       0.       0.       0.       0.       0.       0.       0.       0.       0.       0.       0.       0.       0.       0.       0.       0.01     0.       0.       0.      ],[0. 0. 0. 0. 1. 0. 0. 0. 0. 0. 0. 0. 0. 0. 0. 0. 0. 0. 0. 0. 0. 0. 0. 0. 0. 0. 0. 1. 0. 0. 0.],500,100,0.3,0.0025,1,2,TID,24,best
408,0.00165151087256,0.00165151087256,0.010755750945,[0.       0.       0.       0.       0.987793 0.       0.       0.       0.       0.       0.       0.       0.       0.       0.       0.       0.       0.       0.       0.       0.       0.       0.       0.       0.       0.       0.       0.01     0.       0.       0.      ],[0. 0. 0. 0. 1. 0. 0. 0. 0. 0. 0. 0. 0. 0. 0. 0. 0. 0. 0. 0. 0. 0. 0. 0. 0. 0. 0. 1. 0. 0. 0.],500,100,0.3,0.0025,1,2,TID,24,best
409,0.00165151087256,0.00165151087256,0.010755750945,[0.       0.       0.       0.       0.987793 0.       0.       0.       0.       0.       0.       0.       0.       0.       0.       0.       0.       0.       0.       0.       0.       0.       0.       0.       0.       0.       0.       0.01     0.       0.       0.      ],[0. 0. 0. 0. 1. 0. 0. 0. 0. 0. 0. 0. 0. 0. 0. 0. 0. 0. 0. 0. 0. 0. 0. 0. 0. 0. 0. 1. 0. 0. 0.],500,100,0.3,0.0025,1,2,TID,24,best
410,0.00165151087256,0.00165151087256,0.010755750945,[0.       0.       0.       0.       0.987793 0.       0.       0.       0.       0.       0.       0.       0.       0.       0.       0.       0.       0.       0.       0.       0.       0.       0.       0.       0.       0.       0.       0.01     0.       0.       0.      ],[0. 0. 0. 0. 1. 0. 0. 0. 0. 0. 0. 0. 0. 0. 0. 0. 0. 0. 0. 0. 0. 0. 0. 0. 0. 0. 0. 1. 0. 0. 0.],500,100,0.3,0.0025,1,2,TID,24,best
411,0.00165151087256,0.00165151087256,0.010755750945,[0.       0.       0.       0.       0.987793 0.       0.       0.       0.       0.       0.       0.       0.       0.       0.       0.       0.       0.       0.       0.       0.       0.       0.       0.       0.       0.       0.       0.01     0.       0.       0.      ],[0. 0. 0. 0. 1. 0. 0. 0. 0. 0. 0. 0. 0. 0. 0. 0. 0. 0. 0. 0. 0. 0. 0. 0. 0. 0. 0. 1. 0. 0. 0.],500,100,0.3,0.0025,1,2,TID,24,best
412,0.00165151087256,0.00165151087256,0.010755750945,[0.       0.       0.       0.       0.987793 0.       0.       0.       0.       0.       0.       0.       0.       0.       0.       0.       0.       0.       0.       0.       0.       0.       0.       0.       0.       0.       0.       0.01     0.       0.       0.      ],[0. 0. 0. 0. 1. 0. 0. 0. 0. 0. 0. 0. 0. 0. 0. 0. 0. 0. 0. 0. 0. 0. 0. 0. 0. 0. 0. 1. 0. 0. 0.],500,100,0.3,0.0025,1,2,TID,24,best
413,0.00165151087256,0.00165151087256,0.010755750945,[0.       0.       0.       0.       0.987793 0.       0.       0.       0.       0.       0.       0.       0.       0.       0.       0.       0.       0.       0.       0.       0.       0.       0.       0.       0.       0.       0.       0.01     0.       0.       0.      ],[0. 0. 0. 0. 1. 0. 0. 0. 0. 0. 0. 0. 0. 0. 0. 0. 0. 0. 0. 0. 0. 0. 0. 0. 0. 0. 0. 1. 0. 0. 0.],500,100,0.3,0.0025,1,2,TID,24,best
414,0.00165151087256,0.00165151087256,0.010755750945,[0.       0.       0.       0.       0.987793 0.       0.       0.       0.       0.       0.       0.       0.       0.       0.       0.       0.       0.       0.       0.       0.       0.       0.       0.       0.       0.       0.       0.01     0.       0.       0.      ],[0. 0. 0. 0. 1. 0. 0. 0. 0. 0. 0. 0. 0. 0. 0. 0. 0. 0. 0. 0. 0. 0. 0. 0. 0. 0. 0. 1. 0. 0. 0.],500,100,0.3,0.0025,1,2,TID,24,best
415,0.00165151087256,0.00165151087256,0.010755750945,[0.       0.       0.       0.       0.987793 0.       0.       0.       0.       0.       0.       0.       0.       0.       0.       0.       0.       0.       0.       0.       0.       0.       0.       0.       0.       0.       0.       0.01     0.       0.       0.      ],[0. 0. 0. 0. 1. 0. 0. 0. 0. 0. 0. 0. 0. 0. 0. 0. 0. 0. 0. 0. 0. 0. 0. 0. 0. 0. 0. 1. 0. 0. 0.],500,100,0.3,0.0025,1,2,TID,24,best
416,0.00165151087256,0.00165151087256,0.010755750945,[0.       0.       0.       0.       0.987793 0.       0.       0.       0.       0.       0.       0.       0.       0.       0.       0.       0.       0.       0.       0.       0.       0.       0.       0.       0.       0.       0.       0.01     0.       0.       0.      ],[0. 0. 0. 0. 1. 0. 0. 0. 0. 0. 0. 0. 0. 0. 0. 0. 0. 0. 0. 0. 0. 0. 0. 0. 0. 0. 0. 1. 0. 0. 0.],500,100,0.3,0.0025,1,2,TID,24,best
417,0.00165151087256,0.00165151087256,0.010755750945,[0.       0.       0.       0.       0.987793 0.       0.       0.       0.       0.       0.       0.       0.       0.       0.       0.       0.       0.       0.       0.       0.       0.       0.       0.       0.       0.       0.       0.01     0.       0.       0.      ],[0. 0. 0. 0. 1. 0. 0. 0. 0. 0. 0. 0. 0. 0. 0. 0. 0. 0. 0. 0. 0. 0. 0. 0. 0. 0. 0. 1. 0. 0. 0.],500,100,0.3,0.0025,1,2,TID,24,best
418,0.00165151087256,0.00165151087256,0.010755750945,[0.       0.       0.       0.       0.987793 0.       0.       0.       0.       0.       0.       0.       0.       0.       0.       0.       0.       0.       0.       0.       0.       0.       0.       0.       0.       0.       0.       0.01     0.       0.       0.      ],[0. 0. 0. 0. 1. 0. 0. 0. 0. 0. 0. 0. 0. 0. 0. 0. 0. 0. 0. 0. 0. 0. 0. 0. 0. 0. 0. 1. 0. 0. 0.],500,100,0.3,0.0025,1,2,TID,24,best
419,0.00165151087256,0.00165151087256,0.010755750945,[0.       0.       0.       0.       0.987793 0.       0.       0.       0.       0.       0.       0.       0.       0.       0.       0.       0.       0.       0.       0.       0.       0.       0.       0.       0.       0.       0.       0.01     0.       0.       0.      ],[0. 0. 0. 0. 1. 0. 0. 0. 0. 0. 0. 0. 0. 0. 0. 0. 0. 0. 0. 0. 0. 0. 0. 0. 0. 0. 0. 1. 0. 0. 0.],500,100,0.3,0.0025,1,2,TID,24,best
420,0.00165151087256,0.00165151087256,0.010755750945,[0.       0.       0.       0.       0.987793 0.       0.       0.       0.       0.       0.       0.       0.       0.       0.       0.       0.       0.       0.       0.       0.       0.       0.       0.       0.       0.       0.       0.01     0.       0.       0.      ],[0. 0. 0. 0. 1. 0. 0. 0. 0. 0. 0. 0. 0. 0. 0. 0. 0. 0. 0. 0. 0. 0. 0. 0. 0. 0. 0. 1. 0. 0. 0.],500,100,0.3,0.0025,1,2,TID,24,best
421,0.00165151087256,0.00165151087256,0.010755750945,[0.       0.       0.       0.       0.987793 0.       0.       0.       0.       0.       0.       0.       0.       0.       0.       0.       0.       0.       0.       0.       0.       0.       0.       0.       0.       0.       0.       0.01     0.       0.       0.      ],[0. 0. 0. 0. 1. 0. 0. 0. 0. 0. 0. 0. 0. 0. 0. 0. 0. 0. 0. 0. 0. 0. 0. 0. 0. 0. 0. 1. 0. 0. 0.],500,100,0.3,0.0025,1,2,TID,24,best
422,0.00165151087256,0.00165151087256,0.010755750945,[0.       0.       0.       0.       0.987793 0.       0.       0.       0.       0.       0.       0.       0.       0.       0.       0.       0.       0.       0.       0.       0.       0.       0.       0.       0.       0.       0.       0.01     0.       0.       0.      ],[0. 0. 0. 0. 1. 0. 0. 0. 0. 0. 0. 0. 0. 0. 0. 0. 0. 0. 0. 0. 0. 0. 0. 0. 0. 0. 0. 1. 0. 0. 0.],500,100,0.3,0.0025,1,2,TID,24,best
423,0.00165151087256,0.00165151087256,0.010755750945,[0.       0.       0.       0.       0.987793 0.       0.       0.       0.       0.       0.       0.       0.       0.       0.       0.       0.       0.       0.       0.       0.       0.       0.       0.       0.       0.       0.       0.01     0.       0.       0.      ],[0. 0. 0. 0. 1. 0. 0. 0. 0. 0. 0. 0. 0. 0. 0. 0. 0. 0. 0. 0. 0. 0. 0. 0. 0. 0. 0. 1. 0. 0. 0.],500,100,0.3,0.0025,1,2,TID,24,best
424,0.00165151087256,0.00165151087256,0.010755750945,[0.       0.       0.       0.       0.987793 0.       0.       0.       0.       0.       0.       0.       0.       0.       0.       0.       0.       0.       0.       0.       0.       0.       0.       0.       0.       0.       0.       0.01     0.       0.       0.      ],[0. 0. 0. 0. 1. 0. 0. 0. 0. 0. 0. 0. 0. 0. 0. 0. 0. 0. 0. 0. 0. 0. 0. 0. 0. 0. 0. 1. 0. 0. 0.],500,100,0.3,0.0025,1,2,TID,24,best
425,0.00165151087256,0.00165151087256,0.010755750945,[0.       0.       0.       0.       0.987793 0.       0.       0.       0.       0.       0.       0.       0.       0.       0.       0.       0.       0.       0.       0.       0.       0.       0.       0.       0.       0.       0.       0.01     0.       0.       0.      ],[0. 0. 0. 0. 1. 0. 0. 0. 0. 0. 0. 0. 0. 0. 0. 0. 0. 0. 0. 0. 0. 0. 0. 0. 0. 0. 0. 1. 0. 0. 0.],500,100,0.3,0.0025,1,2,TID,24,best
426,0.00165151087256,0.00165151087256,0.010755750945,[0.       0.       0.       0.       0.987793 0.       0.       0.       0.       0.       0.       0.       0.       0.       0.       0.       0.       0.       0.       0.       0.       0.       0.       0.       0.       0.       0.       0.01     0.       0.       0.      ],[0. 0. 0. 0. 1. 0. 0. 0. 0. 0. 0. 0. 0. 0. 0. 0. 0. 0. 0. 0. 0. 0. 0. 0. 0. 0. 0. 1. 0. 0. 0.],500,100,0.3,0.0025,1,2,TID,24,best
427,0.00165151087256,0.00165151087256,0.010755750945,[0.       0.       0.       0.       0.987793 0.       0.       0.       0.       0.       0.       0.       0.       0.       0.       0.       0.       0.       0.       0.       0.       0.       0.       0.       0.       0.       0.       0.01     0.       0.       0.      ],[0. 0. 0. 0. 1. 0. 0. 0. 0. 0. 0. 0. 0. 0. 0. 0. 0. 0. 0. 0. 0. 0. 0. 0. 0. 0. 0. 1. 0. 0. 0.],500,100,0.3,0.0025,1,2,TID,24,best
428,0.00165151087256,0.00165151087256,0.010755750945,[0.       0.       0.       0.       0.987793 0.       0.       0.       0.       0.       0.       0.       0.       0.       0.       0.       0.       0.       0.       0.       0.       0.       0.       0.       0.       0.       0.       0.01     0.       0.       0.      ],[0. 0. 0. 0. 1. 0. 0. 0. 0. 0. 0. 0. 0. 0. 0. 0. 0. 0. 0. 0. 0. 0. 0. 0. 0. 0. 0. 1. 0. 0. 0.],500,100,0.3,0.0025,1,2,TID,24,best
429,0.00165151087256,0.00165151087256,0.010755750945,[0.       0.       0.       0.       0.987793 0.       0.       0.       0.       0.       0.       0.       0.       0.       0.       0.       0.       0.       0.       0.       0.       0.       0.       0.       0.       0.       0.       0.01     0.       0.       0.      ],[0. 0. 0. 0. 1. 0. 0. 0. 0. 0. 0. 0. 0. 0. 0. 0. 0. 0. 0. 0. 0. 0. 0. 0. 0. 0. 0. 1. 0. 0. 0.],500,100,0.3,0.0025,1,2,TID,24,best
430,0.00165151087256,0.00165151087256,0.010755750945,[0.       0.       0.       0.       0.987793 0.       0.       0.       0.       0.       0.       0.       0.       0.       0.       0.       0.       0.       0.       0.       0.       0.       0.       0.       0.       0.       0.       0.01     0.       0.       0.      ],[0. 0. 0. 0. 1. 0. 0. 0. 0. 0. 0. 0. 0. 0. 0. 0. 0. 0. 0. 0. 0. 0. 0. 0. 0. 0. 0. 1. 0. 0. 0.],500,100,0.3,0.0025,1,2,TID,24,best
431,0.00165151087256,0.00165151087256,0.010755750945,[0.       0.       0.       0.       0.987793 0.       0.       0.       0.       0.       0.       0.       0.       0.       0.       0.       0.       0.       0.       0.       0.       0.       0.       0.       0.       0.       0.       0.01     0.       0.       0.      ],[0. 0. 0. 0. 1. 0. 0. 0. 0. 0. 0. 0. 0. 0. 0. 0. 0. 0. 0. 0. 0. 0. 0. 0. 0. 0. 0. 1. 0. 0. 0.],500,100,0.3,0.0025,1,2,TID,24,best
432,0.00165151087256,0.00165151087256,0.010755750945,[0.       0.       0.       0.       0.987793 0.       0.       0.       0.       0.       0.       0.       0.       0.       0.       0.       0.       0.       0.       0.       0.       0.       0.       0.       0.       0.       0.       0.01     0.       0.       0.      ],[0. 0. 0. 0. 1. 0. 0. 0. 0. 0. 0. 0. 0. 0. 0. 0. 0. 0. 0. 0. 0. 0. 0. 0. 0. 0. 0. 1. 0. 0. 0.],500,100,0.3,0.0025,1,2,TID,24,best
433,0.00165151087256,0.00165151087256,0.010755750945,[0.       0.       0.       0.       0.987793 0.       0.       0.       0.       0.       0.       0.       0.       0.       0.       0.       0.       0.       0.       0.       0.       0.       0.       0.       0.       0.       0.       0.01     0.       0.       0.      ],[0. 0. 0. 0. 1. 0. 0. 0. 0. 0. 0. 0. 0. 0. 0. 0. 0. 0. 0. 0. 0. 0. 0. 0. 0. 0. 0. 1. 0. 0. 0.],500,100,0.3,0.0025,1,2,TID,24,best
434,0.00165151087256,0.00165151087256,0.010755750945,[0.       0.       0.       0.       0.987793 0.       0.       0.       0.       0.       0.       0.       0.       0.       0.       0.       0.       0.       0.       0.       0.       0.       0.       0.       0.       0.       0.       0.01     0.       0.       0.      ],[0. 0. 0. 0. 1. 0. 0. 0. 0. 0. 0. 0. 0. 0. 0. 0. 0. 0. 0. 0. 0. 0. 0. 0. 0. 0. 0. 1. 0. 0. 0.],500,100,0.3,0.0025,1,2,TID,24,best
435,0.00165151087256,0.00165151087256,0.010755750945,[0.       0.       0.       0.       0.987793 0.       0.       0.       0.       0.       0.       0.       0.       0.       0.       0.       0.       0.       0.       0.       0.       0.       0.       0.       0.       0.       0.       0.01     0.       0.       0.      ],[0. 0. 0. 0. 1. 0. 0. 0. 0. 0. 0. 0. 0. 0. 0. 0. 0. 0. 0. 0. 0. 0. 0. 0. 0. 0. 0. 1. 0. 0. 0.],500,100,0.3,0.0025,1,2,TID,24,best
436,0.00165151087256,0.00165151087256,0.010755750945,[0.       0.       0.       0.       0.987793 0.       0.       0.       0.       0.       0.       0.       0.       0.       0.       0.       0.       0.       0.       0.       0.       0.       0.       0.       0.       0.       0.       0.01     0.       0.       0.      ],[0. 0. 0. 0. 1. 0. 0. 0. 0. 0. 0. 0. 0. 0. 0. 0. 0. 0. 0. 0. 0. 0. 0. 0. 0. 0. 0. 1. 0. 0. 0.],500,100,0.3,0.0025,1,2,TID,24,best
437,0.00165151087256,0.00165151087256,0.010755750945,[0.       0.       0.       0.       0.987793 0.       0.       0.       0.       0.       0.       0.       0.       0.       0.       0.       0.       0.       0.       0.       0.       0.       0.       0.       0.       0.       0.       0.01     0.       0.       0.      ],[0. 0. 0. 0. 1. 0. 0. 0. 0. 0. 0. 0. 0. 0. 0. 0. 0. 0. 0. 0. 0. 0. 0. 0. 0. 0. 0. 1. 0. 0. 0.],500,100,0.3,0.0025,1,2,TID,24,best
438,0.00165151087256,0.00165151087256,0.010755750945,[0.       0.       0.       0.       0.987793 0.       0.       0.       0.       0.       0.       0.       0.       0.       0.       0.       0.       0.       0.       0.       0.       0.       0.       0.       0.       0.       0.       0.01     0.       0.       0.      ],[0. 0. 0. 0. 1. 0. 0. 0. 0. 0. 0. 0. 0. 0. 0. 0. 0. 0. 0. 0. 0. 0. 0. 0. 0. 0. 0. 1. 0. 0. 0.],500,100,0.3,0.0025,1,2,TID,24,best
439,0.00165151087256,0.00165151087256,0.010755750945,[0.       0.       0.       0.       0.987793 0.       0.       0.       0.       0.       0.       0.       0.       0.       0.       0.       0.       0.       0.       0.       0.       0.       0.       0.       0.       0.       0.       0.01     0.       0.       0.      ],[0. 0. 0. 0. 1. 0. 0. 0. 0. 0. 0. 0. 0. 0. 0. 0. 0. 0. 0. 0. 0. 0. 0. 0. 0. 0. 0. 1. 0. 0. 0.],500,100,0.3,0.0025,1,2,TID,24,best
440,0.00165151087256,0.00165151087256,0.010755750945,[0.       0.       0.       0.       0.987793 0.       0.       0.       0.       0.       0.       0.       0.       0.       0.       0.       0.       0.       0.       0.       0.       0.       0.       0.       0.       0.       0.       0.01     0.       0.       0.      ],[0. 0. 0. 0. 1. 0. 0. 0. 0. 0. 0. 0. 0. 0. 0. 0. 0. 0. 0. 0. 0. 0. 0. 0. 0. 0. 0. 1. 0. 0. 0.],500,100,0.3,0.0025,1,2,TID,24,best
441,0.00165151087256,0.00165151087256,0.010755750945,[0.       0.       0.       0.       0.987793 0.       0.       0.       0.       0.       0.       0.       0.       0.       0.       0.       0.       0.       0.       0.       0.       0.       0.       0.       0.       0.       0.       0.01     0.       0.       0.      ],[0. 0. 0. 0. 1. 0. 0. 0. 0. 0. 0. 0. 0. 0. 0. 0. 0. 0. 0. 0. 0. 0. 0. 0. 0. 0. 0. 1. 0. 0. 0.],500,100,0.3,0.0025,1,2,TID,24,best
442,0.00165151087256,0.00165151087256,0.010755750945,[0.       0.       0.       0.       0.987793 0.       0.       0.       0.       0.       0.       0.       0.       0.       0.       0.       0.       0.       0.       0.       0.       0.       0.       0.       0.       0.       0.       0.01     0.       0.       0.      ],[0. 0. 0. 0. 1. 0. 0. 0. 0. 0. 0. 0. 0. 0. 0. 0. 0. 0. 0. 0. 0. 0. 0. 0. 0. 0. 0. 1. 0. 0. 0.],500,100,0.3,0.0025,1,2,TID,24,best
443,0.00165151087256,0.00165151087256,0.010755750945,[0.       0.       0.       0.       0.987793 0.       0.       0.       0.       0.       0.       0.       0.       0.       0.       0.       0.       0.       0.       0.       0.       0.       0.       0.       0.       0.       0.       0.01     0.       0.       0.      ],[0. 0. 0. 0. 1. 0. 0. 0. 0. 0. 0. 0. 0. 0. 0. 0. 0. 0. 0. 0. 0. 0. 0. 0. 0. 0. 0. 1. 0. 0. 0.],500,100,0.3,0.0025,1,2,TID,24,best
444,0.00165151087256,0.00165151087256,0.010755750945,[0.       0.       0.       0.       0.987793 0.       0.       0.       0.       0.       0.       0.       0.       0.       0.       0.       0.       0.       0.       0.       0.       0.       0.       0.       0.       0.       0.       0.01     0.       0.       0.      ],[0. 0. 0. 0. 1. 0. 0. 0. 0. 0. 0. 0. 0. 0. 0. 0. 0. 0. 0. 0. 0. 0. 0. 0. 0. 0. 0. 1. 0. 0. 0.],500,100,0.3,0.0025,1,2,TID,24,best
445,0.00165151087256,0.00165151087256,0.010755750945,[0.       0.       0.       0.       0.987793 0.       0.       0.       0.       0.       0.       0.       0.       0.       0.       0.       0.       0.       0.       0.       0.       0.       0.       0.       0.       0.       0.       0.01     0.       0.       0.      ],[0. 0. 0. 0. 1. 0. 0. 0. 0. 0. 0. 0. 0. 0. 0. 0. 0. 0. 0. 0. 0. 0. 0. 0. 0. 0. 0. 1. 0. 0. 0.],500,100,0.3,0.0025,1,2,TID,24,best
446,0.00165151087256,0.00165151087256,0.010755750945,[0.       0.       0.       0.       0.987793 0.       0.       0.       0.       0.       0.       0.       0.       0.       0.       0.       0.       0.       0.       0.       0.       0.       0.       0.       0.       0.       0.       0.01     0.       0.       0.      ],[0. 0. 0. 0. 1. 0. 0. 0. 0. 0. 0. 0. 0. 0. 0. 0. 0. 0. 0. 0. 0. 0. 0. 0. 0. 0. 0. 1. 0. 0. 0.],500,100,0.3,0.0025,1,2,TID,24,best
447,0.00165151087256,0.00165151087256,0.010755750945,[0.       0.       0.       0.       0.987793 0.       0.       0.       0.       0.       0.       0.       0.       0.       0.       0.       0.       0.       0.       0.       0.       0.       0.       0.       0.       0.       0.       0.01     0.       0.       0.      ],[0. 0. 0. 0. 1. 0. 0. 0. 0. 0. 0. 0. 0. 0. 0. 0. 0. 0. 0. 0. 0. 0. 0. 0. 0. 0. 0. 1. 0. 0. 0.],500,100,0.3,0.0025,1,2,TID,24,best
448,0.00165151087256,0.00165151087256,0.010755750945,[0.       0.       0.       0.       0.987793 0.       0.       0.       0.       0.       0.       0.       0.       0.       0.       0.       0.       0.       0.       0.       0.       0.       0.       0.       0.       0.       0.       0.01     0.       0.       0.      ],[0. 0. 0. 0. 1. 0. 0. 0. 0. 0. 0. 0. 0. 0. 0. 0. 0. 0. 0. 0. 0. 0. 0. 0. 0. 0. 0. 1. 0. 0. 0.],500,100,0.3,0.0025,1,2,TID,24,best
449,0.00165151087256,0.00165151087256,0.010755750945,[0.       0.       0.       0.       0.987793 0.       0.       0.       0.       0.       0.       0.       0.       0.       0.       0.       0.       0.       0.       0.       0.       0.       0.       0.       0.       0.       0.       0.01     0.       0.       0.      ],[0. 0. 0. 0. 1. 0. 0. 0. 0. 0. 0. 0. 0. 0. 0. 0. 0. 0. 0. 0. 0. 0. 0. 0. 0. 0. 0. 1. 0. 0. 0.],500,100,0.3,0.0025,1,2,TID,24,best
450,0.00165151087256,0.00165151087256,0.010755750945,[0.       0.       0.       0.       0.987793 0.       0.       0.       0.       0.       0.       0.       0.       0.       0.       0.       0.       0.       0.       0.       0.       0.       0.       0.       0.       0.       0.       0.01     0.       0.       0.      ],[0. 0. 0. 0. 1. 0. 0. 0. 0. 0. 0. 0. 0. 0. 0. 0. 0. 0. 0. 0. 0. 0. 0. 0. 0. 0. 0. 1. 0. 0. 0.],500,100,0.3,0.0025,1,2,TID,24,best
451,0.00165151087256,0.00165151087256,0.010755750945,[0.       0.       0.       0.       0.987793 0.       0.       0.       0.       0.       0.       0.       0.       0.       0.       0.       0.       0.       0.       0.       0.       0.       0.       0.       0.       0.       0.       0.01     0.       0.       0.      ],[0. 0. 0. 0. 1. 0. 0. 0. 0. 0. 0. 0. 0. 0. 0. 0. 0. 0. 0. 0. 0. 0. 0. 0. 0. 0. 0. 1. 0. 0. 0.],500,100,0.3,0.0025,1,2,TID,24,best
452,0.00165151087256,0.00165151087256,0.010755750945,[0.       0.       0.       0.       0.987793 0.       0.       0.       0.       0.       0.       0.       0.       0.       0.       0.       0.       0.       0.       0.       0.       0.       0.       0.       0.       0.       0.       0.01     0.       0.       0.      ],[0. 0. 0. 0. 1. 0. 0. 0. 0. 0. 0. 0. 0. 0. 0. 0. 0. 0. 0. 0. 0. 0. 0. 0. 0. 0. 0. 1. 0. 0. 0.],500,100,0.3,0.0025,1,2,TID,24,best
453,0.00165151087256,0.00165151087256,0.010755750945,[0.       0.       0.       0.       0.987793 0.       0.       0.       0.       0.       0.       0.       0.       0.       0.       0.       0.       0.       0.       0.       0.       0.       0.       0.       0.       0.       0.       0.01     0.       0.       0.      ],[0. 0. 0. 0. 1. 0. 0. 0. 0. 0. 0. 0. 0. 0. 0. 0. 0. 0. 0. 0. 0. 0. 0. 0. 0. 0. 0. 1. 0. 0. 0.],500,100,0.3,0.0025,1,2,TID,24,best
454,0.00165151087256,0.00165151087256,0.010755750945,[0.       0.       0.       0.       0.987793 0.       0.       0.       0.       0.       0.       0.       0.       0.       0.       0.       0.       0.       0.       0.       0.       0.       0.       0.       0.       0.       0.       0.01     0.       0.       0.      ],[0. 0. 0. 0. 1. 0. 0. 0. 0. 0. 0. 0. 0. 0. 0. 0. 0. 0. 0. 0. 0. 0. 0. 0. 0. 0. 0. 1. 0. 0. 0.],500,100,0.3,0.0025,1,2,TID,24,best
455,0.00165151087256,0.00165151087256,0.010755750945,[0.       0.       0.       0.       0.987793 0.       0.       0.       0.       0.       0.       0.       0.       0.       0.       0.       0.       0.       0.       0.       0.       0.       0.       0.       0.       0.       0.       0.01     0.       0.       0.      ],[0. 0. 0. 0. 1. 0. 0. 0. 0. 0. 0. 0. 0. 0. 0. 0. 0. 0. 0. 0. 0. 0. 0. 0. 0. 0. 0. 1. 0. 0. 0.],500,100,0.3,0.0025,1,2,TID,24,best
456,0.00165151087256,0.00165151087256,0.010755750945,[0.       0.       0.       0.       0.987793 0.       0.       0.       0.       0.       0.       0.       0.       0.       0.       0.       0.       0.       0.       0.       0.       0.       0.       0.       0.       0.       0.       0.01     0.       0.       0.      ],[0. 0. 0. 0. 1. 0. 0. 0. 0. 0. 0. 0. 0. 0. 0. 0. 0. 0. 0. 0. 0. 0. 0. 0. 0. 0. 0. 1. 0. 0. 0.],500,100,0.3,0.0025,1,2,TID,24,best
457,0.00165151087256,0.00165151087256,0.010755750945,[0.       0.       0.       0.       0.987793 0.       0.       0.       0.       0.       0.       0.       0.       0.       0.       0.       0.       0.       0.       0.       0.       0.       0.       0.       0.       0.       0.       0.01     0.       0.       0.      ],[0. 0. 0. 0. 1. 0. 0. 0. 0. 0. 0. 0. 0. 0. 0. 0. 0. 0. 0. 0. 0. 0. 0. 0. 0. 0. 0. 1. 0. 0. 0.],500,100,0.3,0.0025,1,2,TID,24,best
458,0.00165151087256,0.00165151087256,0.010755750945,[0.       0.       0.       0.       0.987793 0.       0.       0.       0.       0.       0.       0.       0.       0.       0.       0.       0.       0.       0.       0.       0.       0.       0.       0.       0.       0.       0.       0.01     0.       0.       0.      ],[0. 0. 0. 0. 1. 0. 0. 0. 0. 0. 0. 0. 0. 0. 0. 0. 0. 0. 0. 0. 0. 0. 0. 0. 0. 0. 0. 1. 0. 0. 0.],500,100,0.3,0.0025,1,2,TID,24,best
459,0.00165151087256,0.00165151087256,0.010755750945,[0.       0.       0.       0.       0.987793 0.       0.       0.       0.       0.       0.       0.       0.       0.       0.       0.       0.       0.       0.       0.       0.       0.       0.       0.       0.       0.       0.       0.01     0.       0.       0.      ],[0. 0. 0. 0. 1. 0. 0. 0. 0. 0. 0. 0. 0. 0. 0. 0. 0. 0. 0. 0. 0. 0. 0. 0. 0. 0. 0. 1. 0. 0. 0.],500,100,0.3,0.0025,1,2,TID,24,best
460,0.00165151087256,0.00165151087256,0.010755750945,[0.       0.       0.       0.       0.987793 0.       0.       0.       0.       0.       0.       0.       0.       0.       0.       0.       0.       0.       0.       0.       0.       0.       0.       0.       0.       0.       0.       0.01     0.       0.       0.      ],[0. 0. 0. 0. 1. 0. 0. 0. 0. 0. 0. 0. 0. 0. 0. 0. 0. 0. 0. 0. 0. 0. 0. 0. 0. 0. 0. 1. 0. 0. 0.],500,100,0.3,0.0025,1,2,TID,24,best
461,0.00165151087256,0.00165151087256,0.010755750945,[0.       0.       0.       0.       0.987793 0.       0.       0.       0.       0.       0.       0.       0.       0.       0.       0.       0.       0.       0.       0.       0.       0.       0.       0.       0.       0.       0.       0.01     0.       0.       0.      ],[0. 0. 0. 0. 1. 0. 0. 0. 0. 0. 0. 0. 0. 0. 0. 0. 0. 0. 0. 0. 0. 0. 0. 0. 0. 0. 0. 1. 0. 0. 0.],500,100,0.3,0.0025,1,2,TID,24,best
462,0.00165151087256,0.00165151087256,0.010755750945,[0.       0.       0.       0.       0.987793 0.       0.       0.       0.       0.       0.       0.       0.       0.       0.       0.       0.       0.       0.       0.       0.       0.       0.       0.       0.       0.       0.       0.01     0.       0.       0.      ],[0. 0. 0. 0. 1. 0. 0. 0. 0. 0. 0. 0. 0. 0. 0. 0. 0. 0. 0. 0. 0. 0. 0. 0. 0. 0. 0. 1. 0. 0. 0.],500,100,0.3,0.0025,1,2,TID,24,best
463,0.00165151087256,0.00165151087256,0.010755750945,[0.       0.       0.       0.       0.987793 0.       0.       0.       0.       0.       0.       0.       0.       0.       0.       0.       0.       0.       0.       0.       0.       0.       0.       0.       0.       0.       0.       0.01     0.       0.       0.      ],[0. 0. 0. 0. 1. 0. 0. 0. 0. 0. 0. 0. 0. 0. 0. 0. 0. 0. 0. 0. 0. 0. 0. 0. 0. 0. 0. 1. 0. 0. 0.],500,100,0.3,0.0025,1,2,TID,24,best
464,0.00165151087256,0.00165151087256,0.010755750945,[0.       0.       0.       0.       0.987793 0.       0.       0.       0.       0.       0.       0.       0.       0.       0.       0.       0.       0.       0.       0.       0.       0.       0.       0.       0.       0.       0.       0.01     0.       0.       0.      ],[0. 0. 0. 0. 1. 0. 0. 0. 0. 0. 0. 0. 0. 0. 0. 0. 0. 0. 0. 0. 0. 0. 0. 0. 0. 0. 0. 1. 0. 0. 0.],500,100,0.3,0.0025,1,2,TID,24,best
465,0.00165151087256,0.00165151087256,0.010755750945,[0.       0.       0.       0.       0.987793 0.       0.       0.       0.       0.       0.       0.       0.       0.       0.       0.       0.       0.       0.       0.       0.       0.       0.       0.       0.       0.       0.       0.01     0.       0.       0.      ],[0. 0. 0. 0. 1. 0. 0. 0. 0. 0. 0. 0. 0. 0. 0. 0. 0. 0. 0. 0. 0. 0. 0. 0. 0. 0. 0. 1. 0. 0. 0.],500,100,0.3,0.0025,1,2,TID,24,best
466,0.00165151087256,0.00165151087256,0.010755750945,[0.       0.       0.       0.       0.987793 0.       0.       0.       0.       0.       0.       0.       0.       0.       0.       0.       0.       0.       0.       0.       0.       0.       0.       0.       0.       0.       0.       0.01     0.       0.       0.      ],[0. 0. 0. 0. 1. 0. 0. 0. 0. 0. 0. 0. 0. 0. 0. 0. 0. 0. 0. 0. 0. 0. 0. 0. 0. 0. 0. 1. 0. 0. 0.],500,100,0.3,0.0025,1,2,TID,24,best
467,0.00165151087256,0.00165151087256,0.010755750945,[0.       0.       0.       0.       0.987793 0.       0.       0.       0.       0.       0.       0.       0.       0.       0.       0.       0.       0.       0.       0.       0.       0.       0.       0.       0.       0.       0.       0.01     0.       0.       0.      ],[0. 0. 0. 0. 1. 0. 0. 0. 0. 0. 0. 0. 0. 0. 0. 0. 0. 0. 0. 0. 0. 0. 0. 0. 0. 0. 0. 1. 0. 0. 0.],500,100,0.3,0.0025,1,2,TID,24,best
468,0.00165151087256,0.00165151087256,0.010755750945,[0.       0.       0.       0.       0.987793 0.       0.       0.       0.       0.       0.       0.       0.       0.       0.       0.       0.       0.       0.       0.       0.       0.       0.       0.       0.       0.       0.       0.01     0.       0.       0.      ],[0. 0. 0. 0. 1. 0. 0. 0. 0. 0. 0. 0. 0. 0. 0. 0. 0. 0. 0. 0. 0. 0. 0. 0. 0. 0. 0. 1. 0. 0. 0.],500,100,0.3,0.0025,1,2,TID,24,best
469,0.00165151087256,0.00165151087256,0.010755750945,[0.       0.       0.       0.       0.987793 0.       0.       0.       0.       0.       0.       0.       0.       0.       0.       0.       0.       0.       0.       0.       0.       0.       0.       0.       0.       0.       0.       0.01     0.       0.       0.      ],[0. 0. 0. 0. 1. 0. 0. 0. 0. 0. 0. 0. 0. 0. 0. 0. 0. 0. 0. 0. 0. 0. 0. 0. 0. 0. 0. 1. 0. 0. 0.],500,100,0.3,0.0025,1,2,TID,24,best
470,0.00165151087256,0.00165151087256,0.010755750945,[0.       0.       0.       0.       0.987793 0.       0.       0.       0.       0.       0.       0.       0.       0.       0.       0.       0.       0.       0.       0.       0.       0.       0.       0.       0.       0.       0.       0.01     0.       0.       0.      ],[0. 0. 0. 0. 1. 0. 0. 0. 0. 0. 0. 0. 0. 0. 0. 0. 0. 0. 0. 0. 0. 0. 0. 0. 0. 0. 0. 1. 0. 0. 0.],500,100,0.3,0.0025,1,2,TID,24,best
471,0.00165151087256,0.00165151087256,0.010755750945,[0.       0.       0.       0.       0.987793 0.       0.       0.       0.       0.       0.       0.       0.       0.       0.       0.       0.       0.       0.       0.       0.       0.       0.       0.       0.       0.       0.       0.01     0.       0.       0.      ],[0. 0. 0. 0. 1. 0. 0. 0. 0. 0. 0. 0. 0. 0. 0. 0. 0. 0. 0. 0. 0. 0. 0. 0. 0. 0. 0. 1. 0. 0. 0.],500,100,0.3,0.0025,1,2,TID,24,best
472,0.00165151087256,0.00165151087256,0.010755750945,[0.       0.       0.       0.       0.987793 0.       0.       0.       0.       0.       0.       0.       0.       0.       0.       0.       0.       0.       0.       0.       0.       0.       0.       0.       0.       0.       0.       0.01     0.       0.       0.      ],[0. 0. 0. 0. 1. 0. 0. 0. 0. 0. 0. 0. 0. 0. 0. 0. 0. 0. 0. 0. 0. 0. 0. 0. 0. 0. 0. 1. 0. 0. 0.],500,100,0.3,0.0025,1,2,TID,24,best
473,0.00165151087256,0.00165151087256,0.010755750945,[0.       0.       0.       0.       0.987793 0.       0.       0.       0.       0.       0.       0.       0.       0.       0.       0.       0.       0.       0.       0.       0.       0.       0.       0.       0.       0.       0.       0.01     0.       0.       0.      ],[0. 0. 0. 0. 1. 0. 0. 0. 0. 0. 0. 0. 0. 0. 0. 0. 0. 0. 0. 0. 0. 0. 0. 0. 0. 0. 0. 1. 0. 0. 0.],500,100,0.3,0.0025,1,2,TID,24,best
474,0.00165151087256,0.00165151087256,0.010755750945,[0.       0.       0.       0.       0.987793 0.       0.       0.       0.       0.       0.       0.       0.       0.       0.       0.       0.       0.       0.       0.       0.       0.       0.       0.       0.       0.       0.       0.01     0.       0.       0.      ],[0. 0. 0. 0. 1. 0. 0. 0. 0. 0. 0. 0. 0. 0. 0. 0. 0. 0. 0. 0. 0. 0. 0. 0. 0. 0. 0. 1. 0. 0. 0.],500,100,0.3,0.0025,1,2,TID,24,best
475,0.00165151087256,0.00165151087256,0.010755750945,[0.       0.       0.       0.       0.987793 0.       0.       0.       0.       0.       0.       0.       0.       0.       0.       0.       0.       0.       0.       0.       0.       0.       0.       0.       0.       0.       0.       0.01     0.       0.       0.      ],[0. 0. 0. 0. 1. 0. 0. 0. 0. 0. 0. 0. 0. 0. 0. 0. 0. 0. 0. 0. 0. 0. 0. 0. 0. 0. 0. 1. 0. 0. 0.],500,100,0.3,0.0025,1,2,TID,24,best
476,0.00165151087256,0.00165151087256,0.010755750945,[0.       0.       0.       0.       0.987793 0.       0.       0.       0.       0.       0.       0.       0.       0.       0.       0.       0.       0.       0.       0.       0.       0.       0.       0.       0.       0.       0.       0.01     0.       0.       0.      ],[0. 0. 0. 0. 1. 0. 0. 0. 0. 0. 0. 0. 0. 0. 0. 0. 0. 0. 0. 0. 0. 0. 0. 0. 0. 0. 0. 1. 0. 0. 0.],500,100,0.3,0.0025,1,2,TID,24,best
477,0.00165151087256,0.00165151087256,0.010755750945,[0.       0.       0.       0.       0.987793 0.       0.       0.       0.       0.       0.       0.       0.       0.       0.       0.       0.       0.       0.       0.       0.       0.       0.       0.       0.       0.       0.       0.01     0.       0.       0.      ],[0. 0. 0. 0. 1. 0. 0. 0. 0. 0. 0. 0. 0. 0. 0. 0. 0. 0. 0. 0. 0. 0. 0. 0. 0. 0. 0. 1. 0. 0. 0.],500,100,0.3,0.0025,1,2,TID,24,best
478,0.00165151087256,0.00165151087256,0.010755750945,[0.       0.       0.       0.       0.987793 0.       0.       0.       0.       0.       0.       0.       0.       0.       0.       0.       0.       0.       0.       0.       0.       0.       0.       0.       0.       0.       0.       0.01     0.       0.       0.      ],[0. 0. 0. 0. 1. 0. 0. 0. 0. 0. 0. 0. 0. 0. 0. 0. 0. 0. 0. 0. 0. 0. 0. 0. 0. 0. 0. 1. 0. 0. 0.],500,100,0.3,0.0025,1,2,TID,24,best
479,0.00165151087256,0.00165151087256,0.010755750945,[0.       0.       0.       0.       0.987793 0.       0.       0.       0.       0.       0.       0.       0.       0.       0.       0.       0.       0.       0.       0.       0.       0.       0.       0.       0.       0.       0.       0.01     0.       0.       0.      ],[0. 0. 0. 0. 1. 0. 0. 0. 0. 0. 0. 0. 0. 0. 0. 0. 0. 0. 0. 0. 0. 0. 0. 0. 0. 0. 0. 1. 0. 0. 0.],500,100,0.3,0.0025,1,2,TID,24,best
480,0.00165151087256,0.00165151087256,0.010755750945,[0.       0.       0.       0.       0.987793 0.       0.       0.       0.       0.       0.       0.       0.       0.       0.       0.       0.       0.       0.       0.       0.       0.       0.       0.       0.       0.       0.       0.01     0.       0.       0.      ],[0. 0. 0. 0. 1. 0. 0. 0. 0. 0. 0. 0. 0. 0. 0. 0. 0. 0. 0. 0. 0. 0. 0. 0. 0. 0. 0. 1. 0. 0. 0.],500,100,0.3,0.0025,1,2,TID,24,best
481,0.00165151087256,0.00165151087256,0.010755750945,[0.       0.       0.       0.       0.987793 0.       0.       0.       0.       0.       0.       0.       0.       0.       0.       0.       0.       0.       0.       0.       0.       0.       0.       0.       0.       0.       0.       0.01     0.       0.       0.      ],[0. 0. 0. 0. 1. 0. 0. 0. 0. 0. 0. 0. 0. 0. 0. 0. 0. 0. 0. 0. 0. 0. 0. 0. 0. 0. 0. 1. 0. 0. 0.],500,100,0.3,0.0025,1,2,TID,24,best
482,0.00165151087256,0.00165151087256,0.010755750945,[0.       0.       0.       0.       0.987793 0.       0.       0.       0.       0.       0.       0.       0.       0.       0.       0.       0.       0.       0.       0.       0.       0.       0.       0.       0.       0.       0.       0.01     0.       0.       0.      ],[0. 0. 0. 0. 1. 0. 0. 0. 0. 0. 0. 0. 0. 0. 0. 0. 0. 0. 0. 0. 0. 0. 0. 0. 0. 0. 0. 1. 0. 0. 0.],500,100,0.3,0.0025,1,2,TID,24,best
483,0.00165151087256,0.00165151087256,0.010755750945,[0.       0.       0.       0.       0.987793 0.       0.       0.       0.       0.       0.       0.       0.       0.       0.       0.       0.       0.       0.       0.       0.       0.       0.       0.       0.       0.       0.       0.01     0.       0.       0.      ],[0. 0. 0. 0. 1. 0. 0. 0. 0. 0. 0. 0. 0. 0. 0. 0. 0. 0. 0. 0. 0. 0. 0. 0. 0. 0. 0. 1. 0. 0. 0.],500,100,0.3,0.0025,1,2,TID,24,best
484,0.00165151087256,0.00165151087256,0.010755750945,[0.       0.       0.       0.       0.987793 0.       0.       0.       0.       0.       0.       0.       0.       0.       0.       0.       0.       0.       0.       0.       0.       0.       0.       0.       0.       0.       0.       0.01     0.       0.       0.      ],[0. 0. 0. 0. 1. 0. 0. 0. 0. 0. 0. 0. 0. 0. 0. 0. 0. 0. 0. 0. 0. 0. 0. 0. 0. 0. 0. 1. 0. 0. 0.],500,100,0.3,0.0025,1,2,TID,24,best
485,0.00165151087256,0.00165151087256,0.010755750945,[0.       0.       0.       0.       0.987793 0.       0.       0.       0.       0.       0.       0.       0.       0.       0.       0.       0.       0.       0.       0.       0.       0.       0.       0.       0.       0.       0.       0.01     0.       0.       0.      ],[0. 0. 0. 0. 1. 0. 0. 0. 0. 0. 0. 0. 0. 0. 0. 0. 0. 0. 0. 0. 0. 0. 0. 0. 0. 0. 0. 1. 0. 0. 0.],500,100,0.3,0.0025,1,2,TID,24,best
486,0.00165151087256,0.00165151087256,0.010755750945,[0.       0.       0.       0.       0.987793 0.       0.       0.       0.       0.       0.       0.       0.       0.       0.       0.       0.       0.       0.       0.       0.       0.       0.       0.       0.       0.       0.       0.01     0.       0.       0.      ],[0. 0. 0. 0. 1. 0. 0. 0. 0. 0. 0. 0. 0. 0. 0. 0. 0. 0. 0. 0. 0. 0. 0. 0. 0. 0. 0. 1. 0. 0. 0.],500,100,0.3,0.0025,1,2,TID,24,best
487,0.00165151087256,0.00165151087256,0.010755750945,[0.       0.       0.       0.       0.987793 0.       0.       0.       0.       0.       0.       0.       0.       0.       0.       0.       0.       0.       0.       0.       0.       0.       0.       0.       0.       0.       0.       0.01     0.       0.       0.      ],[0. 0. 0. 0. 1. 0. 0. 0. 0. 0. 0. 0. 0. 0. 0. 0. 0. 0. 0. 0. 0. 0. 0. 0. 0. 0. 0. 1. 0. 0. 0.],500,100,0.3,0.0025,1,2,TID,24,best
488,0.00165151087256,0.00165151087256,0.010755750945,[0.       0.       0.       0.       0.987793 0.       0.       0.       0.       0.       0.       0.       0.       0.       0.       0.       0.       0.       0.       0.       0.       0.       0.       0.       0.       0.       0.       0.01     0.       0.       0.      ],[0. 0. 0. 0. 1. 0. 0. 0. 0. 0. 0. 0. 0. 0. 0. 0. 0. 0. 0. 0. 0. 0. 0. 0. 0. 0. 0. 1. 0. 0. 0.],500,100,0.3,0.0025,1,2,TID,24,best
489,0.00165151087256,0.00165151087256,0.010755750945,[0.       0.       0.       0.       0.987793 0.       0.       0.       0.       0.       0.       0.       0.       0.       0.       0.       0.       0.       0.       0.       0.       0.       0.       0.       0.       0.       0.       0.01     0.       0.       0.      ],[0. 0. 0. 0. 1. 0. 0. 0. 0. 0. 0. 0. 0. 0. 0. 0. 0. 0. 0. 0. 0. 0. 0. 0. 0. 0. 0. 1. 0. 0. 0.],500,100,0.3,0.0025,1,2,TID,24,best
490,0.00165151087256,0.00165151087256,0.010755750945,[0.       0.       0.       0.       0.987793 0.       0.       0.       0.       0.       0.       0.       0.       0.       0.       0.       0.       0.       0.       0.       0.       0.       0.       0.       0.       0.       0.       0.01     0.       0.       0.      ],[0. 0. 0. 0. 1. 0. 0. 0. 0. 0. 0. 0. 0. 0. 0. 0. 0. 0. 0. 0. 0. 0. 0. 0. 0. 0. 0. 1. 0. 0. 0.],500,100,0.3,0.0025,1,2,TID,24,best
491,0.00165151087256,0.00165151087256,0.010755750945,[0.       0.       0.       0.       0.987793 0.       0.       0.       0.       0.       0.       0.       0.       0.       0.       0.       0.       0.       0.       0.       0.       0.       0.       0.       0.       0.       0.       0.01     0.       0.       0.      ],[0. 0. 0. 0. 1. 0. 0. 0. 0. 0. 0. 0. 0. 0. 0. 0. 0. 0. 0. 0. 0. 0. 0. 0. 0. 0. 0. 1. 0. 0. 0.],500,100,0.3,0.0025,1,2,TID,24,best
492,0.00165151087256,0.00165151087256,0.010755750945,[0.       0.       0.       0.       0.987793 0.       0.       0.       0.       0.       0.       0.       0.       0.       0.       0.       0.       0.       0.       0.       0.       0.       0.       0.       0.       0.       0.       0.01     0.       0.       0.      ],[0. 0. 0. 0. 1. 0. 0. 0. 0. 0. 0. 0. 0. 0. 0. 0. 0. 0. 0. 0. 0. 0. 0. 0. 0. 0. 0. 1. 0. 0. 0.],500,100,0.3,0.0025,1,2,TID,24,best
493,0.00165151087256,0.00165151087256,0.010755750945,[0.       0.       0.       0.       0.987793 0.       0.       0.       0.       0.       0.       0.       0.       0.       0.       0.       0.       0.       0.       0.       0.       0.       0.       0.       0.       0.       0.       0.01     0.       0.       0.      ],[0. 0. 0. 0. 1. 0. 0. 0. 0. 0. 0. 0. 0. 0. 0. 0. 0. 0. 0. 0. 0. 0. 0. 0. 0. 0. 0. 1. 0. 0. 0.],500,100,0.3,0.0025,1,2,TID,24,best
494,0.00165151087256,0.00165151087256,0.010755750945,[0.       0.       0.       0.       0.987793 0.       0.       0.       0.       0.       0.       0.       0.       0.       0.       0.       0.       0.       0.       0.       0.       0.       0.       0.       0.       0.       0.       0.01     0.       0.       0.      ],[0. 0. 0. 0. 1. 0. 0. 0. 0. 0. 0. 0. 0. 0. 0. 0. 0. 0. 0. 0. 0. 0. 0. 0. 0. 0. 0. 1. 0. 0. 0.],500,100,0.3,0.0025,1,2,TID,24,best
495,0.00165151087256,0.00165151087256,0.010755750945,[0.       0.       0.       0.       0.987793 0.       0.       0.       0.       0.       0.       0.       0.       0.       0.       0.       0.       0.       0.       0.       0.       0.       0.       0.       0.       0.       0.       0.01     0.       0.       0.      ],[0. 0. 0. 0. 1. 0. 0. 0. 0. 0. 0. 0. 0. 0. 0. 0. 0. 0. 0. 0. 0. 0. 0. 0. 0. 0. 0. 1. 0. 0. 0.],500,100,0.3,0.0025,1,2,TID,24,best
496,0.00165151087256,0.00165151087256,0.010755750945,[0.       0.       0.       0.       0.987793 0.       0.       0.       0.       0.       0.       0.       0.       0.       0.       0.       0.       0.       0.       0.       0.       0.       0.       0.       0.       0.       0.       0.01     0.       0.       0.      ],[0. 0. 0. 0. 1. 0. 0. 0. 0. 0. 0. 0. 0. 0. 0. 0. 0. 0. 0. 0. 0. 0. 0. 0. 0. 0. 0. 1. 0. 0. 0.],500,100,0.3,0.0025,1,2,TID,24,best
497,0.00165151087256,0.00165151087256,0.010755750945,[0.       0.       0.       0.       0.987793 0.       0.       0.       0.       0.       0.       0.       0.       0.       0.       0.       0.       0.       0.       0.       0.       0.       0.       0.       0.       0.       0.       0.01     0.       0.       0.      ],[0. 0. 0. 0. 1. 0. 0. 0. 0. 0. 0. 0. 0. 0. 0. 0. 0. 0. 0. 0. 0. 0. 0. 0. 0. 0. 0. 1. 0. 0. 0.],500,100,0.3,0.0025,1,2,TID,24,best
498,0.00165151087256,0.00165151087256,0.010755750945,[0.       0.       0.       0.       0.987793 0.       0.       0.       0.       0.       0.       0.       0.       0.       0.       0.       0.       0.       0.       0.       0.       0.       0.       0.       0.       0.       0.       0.01     0.       0.       0.      ],[0. 0. 0. 0. 1. 0. 0. 0. 0. 0. 0. 0. 0. 0. 0. 0. 0. 0. 0. 0. 0. 0. 0. 0. 0. 0. 0. 1. 0. 0. 0.],500,100,0.3,0.0025,1,2,TID,24,best
499,0.00165151087256,0.00165151087256,0.010755750945,[0.       0.       0.       0.       0.987793 0.       0.       0.       0.       0.       0.       0.       0.       0.       0.       0.       0.       0.       0.       0.       0.       0.       0.       0.       0.       0.       0.       0.01     0.       0.       0.      ],[0. 0. 0. 0. 1. 0. 0. 0. 0. 0. 0. 0. 0. 0. 0. 0. 0. 0. 0. 0. 0. 0. 0. 0. 0. 0. 0. 1. 0. 0. 0.],500,100,0.3,0.0025,1,2,TID,24,best
