iter,obj,aug_obj,return,X,Z,Q,max_iter,neighbours,alpha,exp_return,n_port,k,move_strategy,seed,selection_strategy,tag
0,0.1928349947452048,0.1928349947452048,0.003424091372,[0.       0.110802 0.       0.       0.       0.       0.       0.111875 0.       0.       0.       0.       0.       0.111873 0.11132  0.111069 0.       0.       0.111539 0.       0.111687 0.       0.       0.       0.       0.109091 0.       0.110744 0.       0.       0.      ],[0. 1. 0. 0. 0. 0. 0. 1. 0. 0. 0. 0. 0. 1. 1. 1. 0. 0. 1. 0. 1. 0. 0. 0. 0. 1. 0. 1. 0. 0. 0.],9.0,1000,100,0.01,0.0005,1,7,idID,,random,single_objective
1,0.1849657821471026,0.1849657821471026,0.003424091372,[0.       0.105865 0.       0.       0.       0.       0.       0.105922 0.       0.       0.       0.       0.       0.105922 0.105892 0.105879 0.       0.       0.105904 0.       0.105912 0.       0.       0.       0.       0.105774 0.       0.152931 0.       0.       0.      ],[0. 1. 0. 0. 0. 0. 0. 1. 0. 0. 0. 0. 0. 1. 1. 1. 0. 0. 1. 0. 1. 0. 0. 0. 0. 1. 0. 1. 0. 0. 0.],9.0,1000,100,0.01,0.0005,1,7,idID,,random,single_objective
2,0.18472837013396082,0.18472837013396082,0.003424091372,[0.       0.105732 0.       0.       0.       0.       0.       0.105735 0.       0.       0.       0.       0.       0.105735 0.105733 0.105732 0.       0.       0.105734 0.       0.105734 0.       0.       0.       0.       0.105727 0.       0.15414  0.       0.       0.      ],[0. 1. 0. 0. 0. 0. 0. 1. 0. 0. 0. 0. 0. 1. 1. 1. 0. 0. 1. 0. 1. 0. 0. 0. 0. 1. 0. 1. 0. 0. 0.],9.0,1000,100,0.01,0.0005,1,7,idID,,random,single_objective
3,0.18471970527404802,0.18471970527404802,0.003424091372,[0.       0.105728 0.       0.       0.       0.       0.       0.105728 0.       0.       0.       0.       0.       0.105728 0.105728 0.105728 0.       0.       0.105728 0.       0.105728 0.       0.       0.       0.       0.105728 0.       0.154175 0.       0.       0.      ],[0. 1. 0. 0. 0. 0. 0. 1. 0. 0. 0. 0. 0. 1. 1. 1. 0. 0. 1. 0. 1. 0. 0. 0. 0. 1. 0. 1. 0. 0. 0.],9.0,1000,100,0.01,0.0005,1,7,idID,,random,single_objective
4,0.18471970527404802,0.18471970527404802,0.003424091372,[0.       0.105728 0.       0.       0.       0.       0.       0.105728 0.       0.       0.       0.       0.       0.105728 0.105728 0.105728 0.       0.       0.105728 0.       0.105728 0.       0.       0.       0.       0.105728 0.       0.154175 0.       0.       0.      ],[0. 1. 0. 0. 0. 0. 0. 1. 0. 0. 0. 0. 0. 1. 1. 1. 0. 0. 1. 0. 1. 0. 0. 0. 0. 1. 0. 1. 0. 0. 0.],9.0,1000,100,0.01,0.0005,1,7,idID,,random,single_objective
5,0.18471970527404802,0.18677214644375967,0.003424091372,[0.       0.105728 0.       0.       0.       0.       0.       0.105728 0.       0.       0.       0.       0.       0.105728 0.105728 0.105728 0.       0.       0.105728 0.       0.105728 0.       0.       0.       0.       0.105728 0.       0.154175 0.       0.       0.      ],[0. 1. 0. 0. 0. 0. 0. 1. 0. 0. 0. 0. 0. 1. 1. 1. 0. 0. 1. 0. 1. 0. 0. 0. 0. 1. 0. 1. 0. 0. 0.],9.0,1000,100,0.01,0.0005,1,7,idID,,random,single_objective
6,0.18471970527404802,0.18882458761347132,0.003424091372,[0.       0.105728 0.       0.       0.       0.       0.       0.105728 0.       0.       0.       0.       0.       0.105728 0.105728 0.105728 0.       0.       0.105728 0.       0.105728 0.       0.       0.       0.       0.105728 0.       0.154175 0.       0.       0.      ],[0. 1. 0. 0. 0. 0. 0. 1. 0. 0. 0. 0. 0. 1. 1. 1. 0. 0. 1. 0. 1. 0. 0. 0. 0. 1. 0. 1. 0. 0. 0.],9.0,1000,100,0.01,0.0005,1,7,idID,,random,single_objective
7,0.18471970527404802,0.19087702878318294,0.003424091372,[0.       0.105728 0.       0.       0.       0.       0.       0.105728 0.       0.       0.       0.       0.       0.105728 0.105728 0.105728 0.       0.       0.105728 0.       0.105728 0.       0.       0.       0.       0.105728 0.       0.154175 0.       0.       0.      ],[0. 1. 0. 0. 0. 0. 0. 1. 0. 0. 0. 0. 0. 1. 1. 1. 0. 0. 1. 0. 1. 0. 0. 0. 0. 1. 0. 1. 0. 0. 0.],9.0,1000,100,0.01,0.0005,1,7,idID,,random,single_objective
8,0.18471970527404802,0.1929294699528946,0.003424091372,[0.       0.105728 0.       0.       0.       0.       0.       0.105728 0.       0.       0.       0.       0.       0.105728 0.105728 0.105728 0.       0.       0.105728 0.       0.105728 0.       0.       0.       0.       0.105728 0.       0.154175 0.       0.       0.      ],[0. 1. 0. 0. 0. 0. 0. 1. 0. 0. 0. 0. 0. 1. 1. 1. 0. 0. 1. 0. 1. 0. 0. 0. 0. 1. 0. 1. 0. 0. 0.],9.0,1000,100,0.01,0.0005,1,7,idID,,random,single_objective
9,0.18471970527404802,0.19498191112260624,0.003424091372,[0.       0.105728 0.       0.       0.       0.       0.       0.105728 0.       0.       0.       0.       0.       0.105728 0.105728 0.105728 0.       0.       0.105728 0.       0.105728 0.       0.       0.       0.       0.105728 0.       0.154175 0.       0.       0.      ],[0. 1. 0. 0. 0. 0. 0. 1. 0. 0. 0. 0. 0. 1. 1. 1. 0. 0. 1. 0. 1. 0. 0. 0. 0. 1. 0. 1. 0. 0. 0.],9.0,1000,100,0.01,0.0005,1,7,idID,,random,single_objective
10,0.18471970527404802,0.1970343522923179,0.003424091372,[0.       0.105728 0.       0.       0.       0.       0.       0.105728 0.       0.       0.       0.       0.       0.105728 0.105728 0.105728 0.       0.       0.105728 0.       0.105728 0.       0.       0.       0.       0.105728 0.       0.154175 0.       0.       0.      ],[0. 1. 0. 0. 0. 0. 0. 1. 0. 0. 0. 0. 0. 1. 1. 1. 0. 0. 1. 0. 1. 0. 0. 0. 0. 1. 0. 1. 0. 0. 0.],9.0,1000,100,0.01,0.0005,1,7,idID,,random,single_objective
11,0.18471970527404802,0.19908679346202954,0.003424091372,[0.       0.105728 0.       0.       0.       0.       0.       0.105728 0.       0.       0.       0.       0.       0.105728 0.105728 0.105728 0.       0.       0.105728 0.       0.105728 0.       0.       0.       0.       0.105728 0.       0.154175 0.       0.       0.      ],[0. 1. 0. 0. 0. 0. 0. 1. 0. 0. 0. 0. 0. 1. 1. 1. 0. 0. 1. 0. 1. 0. 0. 0. 0. 1. 0. 1. 0. 0. 0.],9.0,1000,100,0.01,0.0005,1,7,idID,,random,single_objective
12,0.18471970527404802,0.20113923463174116,0.003424091372,[0.       0.105728 0.       0.       0.       0.       0.       0.105728 0.       0.       0.       0.       0.       0.105728 0.105728 0.105728 0.       0.       0.105728 0.       0.105728 0.       0.       0.       0.       0.105728 0.       0.154175 0.       0.       0.      ],[0. 1. 0. 0. 0. 0. 0. 1. 0. 0. 0. 0. 0. 1. 1. 1. 0. 0. 1. 0. 1. 0. 0. 0. 0. 1. 0. 1. 0. 0. 0.],9.0,1000,100,0.01,0.0005,1,7,idID,,random,single_objective
13,0.18471970527404802,0.2031916758014528,0.003424091372,[0.       0.105728 0.       0.       0.       0.       0.       0.105728 0.       0.       0.       0.       0.       0.105728 0.105728 0.105728 0.       0.       0.105728 0.       0.105728 0.       0.       0.       0.       0.105728 0.       0.154175 0.       0.       0.      ],[0. 1. 0. 0. 0. 0. 0. 1. 0. 0. 0. 0. 0. 1. 1. 1. 0. 0. 1. 0. 1. 0. 0. 0. 0. 1. 0. 1. 0. 0. 0.],9.0,1000,100,0.01,0.0005,1,7,idID,,random,single_objective
14,0.18471970527404802,0.20524411697116446,0.003424091372,[0.       0.105728 0.       0.       0.       0.       0.       0.105728 0.       0.       0.       0.       0.       0.105728 0.105728 0.105728 0.       0.       0.105728 0.       0.105728 0.       0.       0.       0.       0.105728 0.       0.154175 0.       0.       0.      ],[0. 1. 0. 0. 0. 0. 0. 1. 0. 0. 0. 0. 0. 1. 1. 1. 0. 0. 1. 0. 1. 0. 0. 0. 0. 1. 0. 1. 0. 0. 0.],9.0,1000,100,0.01,0.0005,1,7,idID,,random,single_objective
15,0.18471970527404802,0.2072965581408761,0.003424091372,[0.       0.105728 0.       0.       0.       0.       0.       0.105728 0.       0.       0.       0.       0.       0.105728 0.105728 0.105728 0.       0.       0.105728 0.       0.105728 0.       0.       0.       0.       0.105728 0.       0.154175 0.       0.       0.      ],[0. 1. 0. 0. 0. 0. 0. 1. 0. 0. 0. 0. 0. 1. 1. 1. 0. 0. 1. 0. 1. 0. 0. 0. 0. 1. 0. 1. 0. 0. 0.],9.0,1000,100,0.01,0.0005,1,7,idID,,random,single_objective
16,0.18471970527404802,0.20934899931058776,0.003424091372,[0.       0.105728 0.       0.       0.       0.       0.       0.105728 0.       0.       0.       0.       0.       0.105728 0.105728 0.105728 0.       0.       0.105728 0.       0.105728 0.       0.       0.       0.       0.105728 0.       0.154175 0.       0.       0.      ],[0. 1. 0. 0. 0. 0. 0. 1. 0. 0. 0. 0. 0. 1. 1. 1. 0. 0. 1. 0. 1. 0. 0. 0. 0. 1. 0. 1. 0. 0. 0.],9.0,1000,100,0.01,0.0005,1,7,idID,,random,single_objective
17,0.18471970527404802,0.2114014404802994,0.003424091372,[0.       0.105728 0.       0.       0.       0.       0.       0.105728 0.       0.       0.       0.       0.       0.105728 0.105728 0.105728 0.       0.       0.105728 0.       0.105728 0.       0.       0.       0.       0.105728 0.       0.154175 0.       0.       0.      ],[0. 1. 0. 0. 0. 0. 0. 1. 0. 0. 0. 0. 0. 1. 1. 1. 0. 0. 1. 0. 1. 0. 0. 0. 0. 1. 0. 1. 0. 0. 0.],9.0,1000,100,0.01,0.0005,1,7,idID,,random,single_objective
18,0.18471970527404802,0.21345388165001103,0.003424091372,[0.       0.105728 0.       0.       0.       0.       0.       0.105728 0.       0.       0.       0.       0.       0.105728 0.105728 0.105728 0.       0.       0.105728 0.       0.105728 0.       0.       0.       0.       0.105728 0.       0.154175 0.       0.       0.      ],[0. 1. 0. 0. 0. 0. 0. 1. 0. 0. 0. 0. 0. 1. 1. 1. 0. 0. 1. 0. 1. 0. 0. 0. 0. 1. 0. 1. 0. 0. 0.],9.0,1000,100,0.01,0.0005,1,7,idID,,random,single_objective
19,0.18471970527404802,0.21550632281972268,0.003424091372,[0.       0.105728 0.       0.       0.       0.       0.       0.105728 0.       0.       0.       0.       0.       0.105728 0.105728 0.105728 0.       0.       0.105728 0.       0.105728 0.       0.       0.       0.       0.105728 0.       0.154175 0.       0.       0.      ],[0. 1. 0. 0. 0. 0. 0. 1. 0. 0. 0. 0. 0. 1. 1. 1. 0. 0. 1. 0. 1. 0. 0. 0. 0. 1. 0. 1. 0. 0. 0.],9.0,1000,100,0.01,0.0005,1,7,idID,,random,single_objective
20,0.18471970527404802,0.21755876398943433,0.003424091372,[0.       0.105728 0.       0.       0.       0.       0.       0.105728 0.       0.       0.       0.       0.       0.105728 0.105728 0.105728 0.       0.       0.105728 0.       0.105728 0.       0.       0.       0.       0.105728 0.       0.154175 0.       0.       0.      ],[0. 1. 0. 0. 0. 0. 0. 1. 0. 0. 0. 0. 0. 1. 1. 1. 0. 0. 1. 0. 1. 0. 0. 0. 0. 1. 0. 1. 0. 0. 0.],9.0,1000,100,0.01,0.0005,1,7,idID,,random,single_objective
21,0.18471970527404802,0.21961120515914598,0.003424091372,[0.       0.105728 0.       0.       0.       0.       0.       0.105728 0.       0.       0.       0.       0.       0.105728 0.105728 0.105728 0.       0.       0.105728 0.       0.105728 0.       0.       0.       0.       0.105728 0.       0.154175 0.       0.       0.      ],[0. 1. 0. 0. 0. 0. 0. 1. 0. 0. 0. 0. 0. 1. 1. 1. 0. 0. 1. 0. 1. 0. 0. 0. 0. 1. 0. 1. 0. 0. 0.],9.0,1000,100,0.01,0.0005,1,7,idID,,random,single_objective
22,0.18471970527404802,0.2216636463288576,0.003424091372,[0.       0.105728 0.       0.       0.       0.       0.       0.105728 0.       0.       0.       0.       0.       0.105728 0.105728 0.105728 0.       0.       0.105728 0.       0.105728 0.       0.       0.       0.       0.105728 0.       0.154175 0.       0.       0.      ],[0. 1. 0. 0. 0. 0. 0. 1. 0. 0. 0. 0. 0. 1. 1. 1. 0. 0. 1. 0. 1. 0. 0. 0. 0. 1. 0. 1. 0. 0. 0.],9.0,1000,100,0.01,0.0005,1,7,idID,,random,single_objective
23,0.18471970527404802,0.22371608749856925,0.003424091372,[0.       0.105728 0.       0.       0.       0.       0.       0.105728 0.       0.       0.       0.       0.       0.105728 0.105728 0.105728 0.       0.       0.105728 0.       0.105728 0.       0.       0.       0.       0.105728 0.       0.154175 0.       0.       0.      ],[0. 1. 0. 0. 0. 0. 0. 1. 0. 0. 0. 0. 0. 1. 1. 1. 0. 0. 1. 0. 1. 0. 0. 0. 0. 1. 0. 1. 0. 0. 0.],9.0,1000,100,0.01,0.0005,1,7,idID,,random,single_objective
24,0.18471970527404802,0.2257685286682809,0.003424091372,[0.       0.105728 0.       0.       0.       0.       0.       0.105728 0.       0.       0.       0.       0.       0.105728 0.105728 0.105728 0.       0.       0.105728 0.       0.105728 0.       0.       0.       0.       0.105728 0.       0.154175 0.       0.       0.      ],[0. 1. 0. 0. 0. 0. 0. 1. 0. 0. 0. 0. 0. 1. 1. 1. 0. 0. 1. 0. 1. 0. 0. 0. 0. 1. 0. 1. 0. 0. 0.],9.0,1000,100,0.01,0.0005,1,7,idID,,random,single_objective
25,0.18471970527404802,0.22782096983799255,0.003424091372,[0.       0.105728 0.       0.       0.       0.       0.       0.105728 0.       0.       0.       0.       0.       0.105728 0.105728 0.105728 0.       0.       0.105728 0.       0.105728 0.       0.       0.       0.       0.105728 0.       0.154175 0.       0.       0.      ],[0. 1. 0. 0. 0. 0. 0. 1. 0. 0. 0. 0. 0. 1. 1. 1. 0. 0. 1. 0. 1. 0. 0. 0. 0. 1. 0. 1. 0. 0. 0.],9.0,1000,100,0.01,0.0005,1,7,idID,,random,single_objective
26,0.18471970527404802,0.2298734110077042,0.003424091372,[0.       0.105728 0.       0.       0.       0.       0.       0.105728 0.       0.       0.       0.       0.       0.105728 0.105728 0.105728 0.       0.       0.105728 0.       0.105728 0.       0.       0.       0.       0.105728 0.       0.154175 0.       0.       0.      ],[0. 1. 0. 0. 0. 0. 0. 1. 0. 0. 0. 0. 0. 1. 1. 1. 0. 0. 1. 0. 1. 0. 0. 0. 0. 1. 0. 1. 0. 0. 0.],9.0,1000,100,0.01,0.0005,1,7,idID,,random,single_objective
27,0.18471970527404802,0.23192585217741585,0.003424091372,[0.       0.105728 0.       0.       0.       0.       0.       0.105728 0.       0.       0.       0.       0.       0.105728 0.105728 0.105728 0.       0.       0.105728 0.       0.105728 0.       0.       0.       0.       0.105728 0.       0.154175 0.       0.       0.      ],[0. 1. 0. 0. 0. 0. 0. 1. 0. 0. 0. 0. 0. 1. 1. 1. 0. 0. 1. 0. 1. 0. 0. 0. 0. 1. 0. 1. 0. 0. 0.],9.0,1000,100,0.01,0.0005,1,7,idID,,random,single_objective
28,0.18471970527404802,0.23397829334712747,0.003424091372,[0.       0.105728 0.       0.       0.       0.       0.       0.105728 0.       0.       0.       0.       0.       0.105728 0.105728 0.105728 0.       0.       0.105728 0.       0.105728 0.       0.       0.       0.       0.105728 0.       0.154175 0.       0.       0.      ],[0. 1. 0. 0. 0. 0. 0. 1. 0. 0. 0. 0. 0. 1. 1. 1. 0. 0. 1. 0. 1. 0. 0. 0. 0. 1. 0. 1. 0. 0. 0.],9.0,1000,100,0.01,0.0005,1,7,idID,,random,single_objective
29,0.18471970527404802,0.23603073451683912,0.003424091372,[0.       0.105728 0.       0.       0.       0.       0.       0.105728 0.       0.       0.       0.       0.       0.105728 0.105728 0.105728 0.       0.       0.105728 0.       0.105728 0.       0.       0.       0.       0.105728 0.       0.154175 0.       0.       0.      ],[0. 1. 0. 0. 0. 0. 0. 1. 0. 0. 0. 0. 0. 1. 1. 1. 0. 0. 1. 0. 1. 0. 0. 0. 0. 1. 0. 1. 0. 0. 0.],9.0,1000,100,0.01,0.0005,1,7,idID,,random,single_objective
30,0.18471970527404802,0.23808317568655077,0.003424091372,[0.       0.105728 0.       0.       0.       0.       0.       0.105728 0.       0.       0.       0.       0.       0.105728 0.105728 0.105728 0.       0.       0.105728 0.       0.105728 0.       0.       0.       0.       0.105728 0.       0.154175 0.       0.       0.      ],[0. 1. 0. 0. 0. 0. 0. 1. 0. 0. 0. 0. 0. 1. 1. 1. 0. 0. 1. 0. 1. 0. 0. 0. 0. 1. 0. 1. 0. 0. 0.],9.0,1000,100,0.01,0.0005,1,7,idID,,random,single_objective
31,0.18471970527404802,0.24013561685626242,0.003424091372,[0.       0.105728 0.       0.       0.       0.       0.       0.105728 0.       0.       0.       0.       0.       0.105728 0.105728 0.105728 0.       0.       0.105728 0.       0.105728 0.       0.       0.       0.       0.105728 0.       0.154175 0.       0.       0.      ],[0. 1. 0. 0. 0. 0. 0. 1. 0. 0. 0. 0. 0. 1. 1. 1. 0. 0. 1. 0. 1. 0. 0. 0. 0. 1. 0. 1. 0. 0. 0.],9.0,1000,100,0.01,0.0005,1,7,idID,,random,single_objective
32,0.18471970527404802,0.24218805802597404,0.003424091372,[0.       0.105728 0.       0.       0.       0.       0.       0.105728 0.       0.       0.       0.       0.       0.105728 0.105728 0.105728 0.       0.       0.105728 0.       0.105728 0.       0.       0.       0.       0.105728 0.       0.154175 0.       0.       0.      ],[0. 1. 0. 0. 0. 0. 0. 1. 0. 0. 0. 0. 0. 1. 1. 1. 0. 0. 1. 0. 1. 0. 0. 0. 0. 1. 0. 1. 0. 0. 0.],9.0,1000,100,0.01,0.0005,1,7,idID,,random,single_objective
33,0.18471970527404802,0.2442404991956857,0.003424091372,[0.       0.105728 0.       0.       0.       0.       0.       0.105728 0.       0.       0.       0.       0.       0.105728 0.105728 0.105728 0.       0.       0.105728 0.       0.105728 0.       0.       0.       0.       0.105728 0.       0.154175 0.       0.       0.      ],[0. 1. 0. 0. 0. 0. 0. 1. 0. 0. 0. 0. 0. 1. 1. 1. 0. 0. 1. 0. 1. 0. 0. 0. 0. 1. 0. 1. 0. 0. 0.],9.0,1000,100,0.01,0.0005,1,7,idID,,random,single_objective
34,0.18471970527404802,0.24629294036539734,0.003424091372,[0.       0.105728 0.       0.       0.       0.       0.       0.105728 0.       0.       0.       0.       0.       0.105728 0.105728 0.105728 0.       0.       0.105728 0.       0.105728 0.       0.       0.       0.       0.105728 0.       0.154175 0.       0.       0.      ],[0. 1. 0. 0. 0. 0. 0. 1. 0. 0. 0. 0. 0. 1. 1. 1. 0. 0. 1. 0. 1. 0. 0. 0. 0. 1. 0. 1. 0. 0. 0.],9.0,1000,100,0.01,0.0005,1,7,idID,,random,single_objective
35,0.18471970527404802,0.248345381535109,0.003424091372,[0.       0.105728 0.       0.       0.       0.       0.       0.105728 0.       0.       0.       0.       0.       0.105728 0.105728 0.105728 0.       0.       0.105728 0.       0.105728 0.       0.       0.       0.       0.105728 0.       0.154175 0.       0.       0.      ],[0. 1. 0. 0. 0. 0. 0. 1. 0. 0. 0. 0. 0. 1. 1. 1. 0. 0. 1. 0. 1. 0. 0. 0. 0. 1. 0. 1. 0. 0. 0.],9.0,1000,100,0.01,0.0005,1,7,idID,,random,single_objective
36,0.18471970527404802,0.25039782270482064,0.003424091372,[0.       0.105728 0.       0.       0.       0.       0.       0.105728 0.       0.       0.       0.       0.       0.105728 0.105728 0.105728 0.       0.       0.105728 0.       0.105728 0.       0.       0.       0.       0.105728 0.       0.154175 0.       0.       0.      ],[0. 1. 0. 0. 0. 0. 0. 1. 0. 0. 0. 0. 0. 1. 1. 1. 0. 0. 1. 0. 1. 0. 0. 0. 0. 1. 0. 1. 0. 0. 0.],9.0,1000,100,0.01,0.0005,1,7,idID,,random,single_objective
37,0.18471970527404802,0.2524502638745323,0.003424091372,[0.       0.105728 0.       0.       0.       0.       0.       0.105728 0.       0.       0.       0.       0.       0.105728 0.105728 0.105728 0.       0.       0.105728 0.       0.105728 0.       0.       0.       0.       0.105728 0.       0.154175 0.       0.       0.      ],[0. 1. 0. 0. 0. 0. 0. 1. 0. 0. 0. 0. 0. 1. 1. 1. 0. 0. 1. 0. 1. 0. 0. 0. 0. 1. 0. 1. 0. 0. 0.],9.0,1000,100,0.01,0.0005,1,7,idID,,random,single_objective
38,0.18471970527404802,0.25450270504424394,0.003424091372,[0.       0.105728 0.       0.       0.       0.       0.       0.105728 0.       0.       0.       0.       0.       0.105728 0.105728 0.105728 0.       0.       0.105728 0.       0.105728 0.       0.       0.       0.       0.105728 0.       0.154175 0.       0.       0.      ],[0. 1. 0. 0. 0. 0. 0. 1. 0. 0. 0. 0. 0. 1. 1. 1. 0. 0. 1. 0. 1. 0. 0. 0. 0. 1. 0. 1. 0. 0. 0.],9.0,1000,100,0.01,0.0005,1,7,idID,,random,single_objective
39,0.18471970527404802,0.2565551462139556,0.003424091372,[0.       0.105728 0.       0.       0.       0.       0.       0.105728 0.       0.       0.       0.       0.       0.105728 0.105728 0.105728 0.       0.       0.105728 0.       0.105728 0.       0.       0.       0.       0.105728 0.       0.154175 0.       0.       0.      ],[0. 1. 0. 0. 0. 0. 0. 1. 0. 0. 0. 0. 0. 1. 1. 1. 0. 0. 1. 0. 1. 0. 0. 0. 0. 1. 0. 1. 0. 0. 0.],9.0,1000,100,0.01,0.0005,1,7,idID,,random,single_objective
40,0.18471970527404802,0.25860758738366724,0.003424091372,[0.       0.105728 0.       0.       0.       0.       0.       0.105728 0.       0.       0.       0.       0.       0.105728 0.105728 0.105728 0.       0.       0.105728 0.       0.105728 0.       0.       0.       0.       0.105728 0.       0.154175 0.       0.       0.      ],[0. 1. 0. 0. 0. 0. 0. 1. 0. 0. 0. 0. 0. 1. 1. 1. 0. 0. 1. 0. 1. 0. 0. 0. 0. 1. 0. 1. 0. 0. 0.],9.0,1000,100,0.01,0.0005,1,7,idID,,random,single_objective
41,0.18471970527404802,0.2606600285533789,0.003424091372,[0.       0.105728 0.       0.       0.       0.       0.       0.105728 0.       0.       0.       0.       0.       0.105728 0.105728 0.105728 0.       0.       0.105728 0.       0.105728 0.       0.       0.       0.       0.105728 0.       0.154175 0.       0.       0.      ],[0. 1. 0. 0. 0. 0. 0. 1. 0. 0. 0. 0. 0. 1. 1. 1. 0. 0. 1. 0. 1. 0. 0. 0. 0. 1. 0. 1. 0. 0. 0.],9.0,1000,100,0.01,0.0005,1,7,idID,,random,single_objective
42,0.18471970527404802,0.2627124697230905,0.003424091372,[0.       0.105728 0.       0.       0.       0.       0.       0.105728 0.       0.       0.       0.       0.       0.105728 0.105728 0.105728 0.       0.       0.105728 0.       0.105728 0.       0.       0.       0.       0.105728 0.       0.154175 0.       0.       0.      ],[0. 1. 0. 0. 0. 0. 0. 1. 0. 0. 0. 0. 0. 1. 1. 1. 0. 0. 1. 0. 1. 0. 0. 0. 0. 1. 0. 1. 0. 0. 0.],9.0,1000,100,0.01,0.0005,1,7,idID,,random,single_objective
43,0.18471970527404802,0.2647649108928022,0.003424091372,[0.       0.105728 0.       0.       0.       0.       0.       0.105728 0.       0.       0.       0.       0.       0.105728 0.105728 0.105728 0.       0.       0.105728 0.       0.105728 0.       0.       0.       0.       0.105728 0.       0.154175 0.       0.       0.      ],[0. 1. 0. 0. 0. 0. 0. 1. 0. 0. 0. 0. 0. 1. 1. 1. 0. 0. 1. 0. 1. 0. 0. 0. 0. 1. 0. 1. 0. 0. 0.],9.0,1000,100,0.01,0.0005,1,7,idID,,random,single_objective
44,0.18471970527404802,0.2668173520625138,0.003424091372,[0.       0.105728 0.       0.       0.       0.       0.       0.105728 0.       0.       0.       0.       0.       0.105728 0.105728 0.105728 0.       0.       0.105728 0.       0.105728 0.       0.       0.       0.       0.105728 0.       0.154175 0.       0.       0.      ],[0. 1. 0. 0. 0. 0. 0. 1. 0. 0. 0. 0. 0. 1. 1. 1. 0. 0. 1. 0. 1. 0. 0. 0. 0. 1. 0. 1. 0. 0. 0.],9.0,1000,100,0.01,0.0005,1,7,idID,,random,single_objective
45,0.18471970527404802,0.2688697932322255,0.003424091372,[0.       0.105728 0.       0.       0.       0.       0.       0.105728 0.       0.       0.       0.       0.       0.105728 0.105728 0.105728 0.       0.       0.105728 0.       0.105728 0.       0.       0.       0.       0.105728 0.       0.154175 0.       0.       0.      ],[0. 1. 0. 0. 0. 0. 0. 1. 0. 0. 0. 0. 0. 1. 1. 1. 0. 0. 1. 0. 1. 0. 0. 0. 0. 1. 0. 1. 0. 0. 0.],9.0,1000,100,0.01,0.0005,1,7,idID,,random,single_objective
46,0.18471970527404802,0.2709222344019371,0.003424091372,[0.       0.105728 0.       0.       0.       0.       0.       0.105728 0.       0.       0.       0.       0.       0.105728 0.105728 0.105728 0.       0.       0.105728 0.       0.105728 0.       0.       0.       0.       0.105728 0.       0.154175 0.       0.       0.      ],[0. 1. 0. 0. 0. 0. 0. 1. 0. 0. 0. 0. 0. 1. 1. 1. 0. 0. 1. 0. 1. 0. 0. 0. 0. 1. 0. 1. 0. 0. 0.],9.0,1000,100,0.01,0.0005,1,7,idID,,random,single_objective
47,0.18471970527404802,0.27297467557164873,0.003424091372,[0.       0.105728 0.       0.       0.       0.       0.       0.105728 0.       0.       0.       0.       0.       0.105728 0.105728 0.105728 0.       0.       0.105728 0.       0.105728 0.       0.       0.       0.       0.105728 0.       0.154175 0.       0.       0.      ],[0. 1. 0. 0. 0. 0. 0. 1. 0. 0. 0. 0. 0. 1. 1. 1. 0. 0. 1. 0. 1. 0. 0. 0. 0. 1. 0. 1. 0. 0. 0.],9.0,1000,100,0.01,0.0005,1,7,idID,,random,single_objective
48,0.18471970527404802,0.2750271167413604,0.003424091372,[0.       0.105728 0.       0.       0.       0.       0.       0.105728 0.       0.       0.       0.       0.       0.105728 0.105728 0.105728 0.       0.       0.105728 0.       0.105728 0.       0.       0.       0.       0.105728 0.       0.154175 0.       0.       0.      ],[0. 1. 0. 0. 0. 0. 0. 1. 0. 0. 0. 0. 0. 1. 1. 1. 0. 0. 1. 0. 1. 0. 0. 0. 0. 1. 0. 1. 0. 0. 0.],9.0,1000,100,0.01,0.0005,1,7,idID,,random,single_objective
49,0.18471970527404802,0.277079557911072,0.003424091372,[0.       0.105728 0.       0.       0.       0.       0.       0.105728 0.       0.       0.       0.       0.       0.105728 0.105728 0.105728 0.       0.       0.105728 0.       0.105728 0.       0.       0.       0.       0.105728 0.       0.154175 0.       0.       0.      ],[0. 1. 0. 0. 0. 0. 0. 1. 0. 0. 0. 0. 0. 1. 1. 1. 0. 0. 1. 0. 1. 0. 0. 0. 0. 1. 0. 1. 0. 0. 0.],9.0,1000,100,0.01,0.0005,1,7,idID,,random,single_objective
50,0.18471970527404802,0.2791319990807837,0.003424091372,[0.       0.105728 0.       0.       0.       0.       0.       0.105728 0.       0.       0.       0.       0.       0.105728 0.105728 0.105728 0.       0.       0.105728 0.       0.105728 0.       0.       0.       0.       0.105728 0.       0.154175 0.       0.       0.      ],[0. 1. 0. 0. 0. 0. 0. 1. 0. 0. 0. 0. 0. 1. 1. 1. 0. 0. 1. 0. 1. 0. 0. 0. 0. 1. 0. 1. 0. 0. 0.],9.0,1000,100,0.01,0.0005,1,7,idID,,random,single_objective
51,0.18471970527404802,0.2811844402504953,0.003424091372,[0.       0.105728 0.       0.       0.       0.       0.       0.105728 0.       0.       0.       0.       0.       0.105728 0.105728 0.105728 0.       0.       0.105728 0.       0.105728 0.       0.       0.       0.       0.105728 0.       0.154175 0.       0.       0.      ],[0. 1. 0. 0. 0. 0. 0. 1. 0. 0. 0. 0. 0. 1. 1. 1. 0. 0. 1. 0. 1. 0. 0. 0. 0. 1. 0. 1. 0. 0. 0.],9.0,1000,100,0.01,0.0005,1,7,idID,,random,single_objective
52,0.18471970527404802,0.283236881420207,0.003424091372,[0.       0.105728 0.       0.       0.       0.       0.       0.105728 0.       0.       0.       0.       0.       0.105728 0.105728 0.105728 0.       0.       0.105728 0.       0.105728 0.       0.       0.       0.       0.105728 0.       0.154175 0.       0.       0.      ],[0. 1. 0. 0. 0. 0. 0. 1. 0. 0. 0. 0. 0. 1. 1. 1. 0. 0. 1. 0. 1. 0. 0. 0. 0. 1. 0. 1. 0. 0. 0.],9.0,1000,100,0.01,0.0005,1,7,idID,,random,single_objective
53,0.18471970527404802,0.28528932258991857,0.003424091372,[0.       0.105728 0.       0.       0.       0.       0.       0.105728 0.       0.       0.       0.       0.       0.105728 0.105728 0.105728 0.       0.       0.105728 0.       0.105728 0.       0.       0.       0.       0.105728 0.       0.154175 0.       0.       0.      ],[0. 1. 0. 0. 0. 0. 0. 1. 0. 0. 0. 0. 0. 1. 1. 1. 0. 0. 1. 0. 1. 0. 0. 0. 0. 1. 0. 1. 0. 0. 0.],9.0,1000,100,0.01,0.0005,1,7,idID,,random,single_objective
54,0.18471970527404802,0.2873417637596302,0.003424091372,[0.       0.105728 0.       0.       0.       0.       0.       0.105728 0.       0.       0.       0.       0.       0.105728 0.105728 0.105728 0.       0.       0.105728 0.       0.105728 0.       0.       0.       0.       0.105728 0.       0.154175 0.       0.       0.      ],[0. 1. 0. 0. 0. 0. 0. 1. 0. 0. 0. 0. 0. 1. 1. 1. 0. 0. 1. 0. 1. 0. 0. 0. 0. 1. 0. 1. 0. 0. 0.],9.0,1000,100,0.01,0.0005,1,7,idID,,random,single_objective
55,0.18471970527404802,0.28939420492934187,0.003424091372,[0.       0.105728 0.       0.       0.       0.       0.       0.105728 0.       0.       0.       0.       0.       0.105728 0.105728 0.105728 0.       0.       0.105728 0.       0.105728 0.       0.       0.       0.       0.105728 0.       0.154175 0.       0.       0.      ],[0. 1. 0. 0. 0. 0. 0. 1. 0. 0. 0. 0. 0. 1. 1. 1. 0. 0. 1. 0. 1. 0. 0. 0. 0. 1. 0. 1. 0. 0. 0.],9.0,1000,100,0.01,0.0005,1,7,idID,,random,single_objective
56,0.18471970527404802,0.2914466460990535,0.003424091372,[0.       0.105728 0.       0.       0.       0.       0.       0.105728 0.       0.       0.       0.       0.       0.105728 0.105728 0.105728 0.       0.       0.105728 0.       0.105728 0.       0.       0.       0.       0.105728 0.       0.154175 0.       0.       0.      ],[0. 1. 0. 0. 0. 0. 0. 1. 0. 0. 0. 0. 0. 1. 1. 1. 0. 0. 1. 0. 1. 0. 0. 0. 0. 1. 0. 1. 0. 0. 0.],9.0,1000,100,0.01,0.0005,1,7,idID,,random,single_objective
57,0.18471970527404802,0.29349908726876517,0.003424091372,[0.       0.105728 0.       0.       0.       0.       0.       0.105728 0.       0.       0.       0.       0.       0.105728 0.105728 0.105728 0.       0.       0.105728 0.       0.105728 0.       0.       0.       0.       0.105728 0.       0.154175 0.       0.       0.      ],[0. 1. 0. 0. 0. 0. 0. 1. 0. 0. 0. 0. 0. 1. 1. 1. 0. 0. 1. 0. 1. 0. 0. 0. 0. 1. 0. 1. 0. 0. 0.],9.0,1000,100,0.01,0.0005,1,7,idID,,random,single_objective
58,0.18471970527404802,0.2955515284384768,0.003424091372,[0.       0.105728 0.       0.       0.       0.       0.       0.105728 0.       0.       0.       0.       0.       0.105728 0.105728 0.105728 0.       0.       0.105728 0.       0.105728 0.       0.       0.       0.       0.105728 0.       0.154175 0.       0.       0.      ],[0. 1. 0. 0. 0. 0. 0. 1. 0. 0. 0. 0. 0. 1. 1. 1. 0. 0. 1. 0. 1. 0. 0. 0. 0. 1. 0. 1. 0. 0. 0.],9.0,1000,100,0.01,0.0005,1,7,idID,,random,single_objective
59,0.18471970527404802,0.29760396960818847,0.003424091372,[0.       0.105728 0.       0.       0.       0.       0.       0.105728 0.       0.       0.       0.       0.       0.105728 0.105728 0.105728 0.       0.       0.105728 0.       0.105728 0.       0.       0.       0.       0.105728 0.       0.154175 0.       0.       0.      ],[0. 1. 0. 0. 0. 0. 0. 1. 0. 0. 0. 0. 0. 1. 1. 1. 0. 0. 1. 0. 1. 0. 0. 0. 0. 1. 0. 1. 0. 0. 0.],9.0,1000,100,0.01,0.0005,1,7,idID,,random,single_objective
60,0.18471970527404802,0.2996564107779001,0.003424091372,[0.       0.105728 0.       0.       0.       0.       0.       0.105728 0.       0.       0.       0.       0.       0.105728 0.105728 0.105728 0.       0.       0.105728 0.       0.105728 0.       0.       0.       0.       0.105728 0.       0.154175 0.       0.       0.      ],[0. 1. 0. 0. 0. 0. 0. 1. 0. 0. 0. 0. 0. 1. 1. 1. 0. 0. 1. 0. 1. 0. 0. 0. 0. 1. 0. 1. 0. 0. 0.],9.0,1000,100,0.01,0.0005,1,7,idID,,random,single_objective
61,0.18471970527404802,0.30170885194761177,0.003424091372,[0.       0.105728 0.       0.       0.       0.       0.       0.105728 0.       0.       0.       0.       0.       0.105728 0.105728 0.105728 0.       0.       0.105728 0.       0.105728 0.       0.       0.       0.       0.105728 0.       0.154175 0.       0.       0.      ],[0. 1. 0. 0. 0. 0. 0. 1. 0. 0. 0. 0. 0. 1. 1. 1. 0. 0. 1. 0. 1. 0. 0. 0. 0. 1. 0. 1. 0. 0. 0.],9.0,1000,100,0.01,0.0005,1,7,idID,,random,single_objective
62,0.18471970527404802,0.30376129311732336,0.003424091372,[0.       0.105728 0.       0.       0.       0.       0.       0.105728 0.       0.       0.       0.       0.       0.105728 0.105728 0.105728 0.       0.       0.105728 0.       0.105728 0.       0.       0.       0.       0.105728 0.       0.154175 0.       0.       0.      ],[0. 1. 0. 0. 0. 0. 0. 1. 0. 0. 0. 0. 0. 1. 1. 1. 0. 0. 1. 0. 1. 0. 0. 0. 0. 1. 0. 1. 0. 0. 0.],9.0,1000,100,0.01,0.0005,1,7,idID,,random,single_objective
63,0.18471970527404802,0.30581373428703507,0.003424091372,[0.       0.105728 0.       0.       0.       0.       0.       0.105728 0.       0.       0.       0.       0.       0.105728 0.105728 0.105728 0.       0.       0.105728 0.       0.105728 0.       0.       0.       0.       0.105728 0.       0.154175 0.       0.       0.      ],[0. 1. 0. 0. 0. 0. 0. 1. 0. 0. 0. 0. 0. 1. 1. 1. 0. 0. 1. 0. 1. 0. 0. 0. 0. 1. 0. 1. 0. 0. 0.],9.0,1000,100,0.01,0.0005,1,7,idID,,random,single_objective
64,0.18471970527404802,0.30786617545674666,0.003424091372,[0.       0.105728 0.       0.       0.       0.       0.       0.105728 0.       0.       0.       0.       0.       0.105728 0.105728 0.105728 0.       0.       0.105728 0.       0.105728 0.       0.       0.       0.       0.105728 0.       0.154175 0.       0.       0.      ],[0. 1. 0. 0. 0. 0. 0. 1. 0. 0. 0. 0. 0. 1. 1. 1. 0. 0. 1. 0. 1. 0. 0. 0. 0. 1. 0. 1. 0. 0. 0.],9.0,1000,100,0.01,0.0005,1,7,idID,,random,single_objective
65,0.18471970527404802,0.30991861662645837,0.003424091372,[0.       0.105728 0.       0.       0.       0.       0.       0.105728 0.       0.       0.       0.       0.       0.105728 0.105728 0.105728 0.       0.       0.105728 0.       0.105728 0.       0.       0.       0.       0.105728 0.       0.154175 0.       0.       0.      ],[0. 1. 0. 0. 0. 0. 0. 1. 0. 0. 0. 0. 0. 1. 1. 1. 0. 0. 1. 0. 1. 0. 0. 0. 0. 1. 0. 1. 0. 0. 0.],9.0,1000,100,0.01,0.0005,1,7,idID,,random,single_objective
66,0.18471970527404802,0.31197105779616996,0.003424091372,[0.       0.105728 0.       0.       0.       0.       0.       0.105728 0.       0.       0.       0.       0.       0.105728 0.105728 0.105728 0.       0.       0.105728 0.       0.105728 0.       0.       0.       0.       0.105728 0.       0.154175 0.       0.       0.      ],[0. 1. 0. 0. 0. 0. 0. 1. 0. 0. 0. 0. 0. 1. 1. 1. 0. 0. 1. 0. 1. 0. 0. 0. 0. 1. 0. 1. 0. 0. 0.],9.0,1000,100,0.01,0.0005,1,7,idID,,random,single_objective
67,0.18471970527404802,0.3140234989658816,0.003424091372,[0.       0.105728 0.       0.       0.       0.       0.       0.105728 0.       0.       0.       0.       0.       0.105728 0.105728 0.105728 0.       0.       0.105728 0.       0.105728 0.       0.       0.       0.       0.105728 0.       0.154175 0.       0.       0.      ],[0. 1. 0. 0. 0. 0. 0. 1. 0. 0. 0. 0. 0. 1. 1. 1. 0. 0. 1. 0. 1. 0. 0. 0. 0. 1. 0. 1. 0. 0. 0.],9.0,1000,100,0.01,0.0005,1,7,idID,,random,single_objective
68,0.18471970527404802,0.31607594013559326,0.003424091372,[0.       0.105728 0.       0.       0.       0.       0.       0.105728 0.       0.       0.       0.       0.       0.105728 0.105728 0.105728 0.       0.       0.105728 0.       0.105728 0.       0.       0.       0.       0.105728 0.       0.154175 0.       0.       0.      ],[0. 1. 0. 0. 0. 0. 0. 1. 0. 0. 0. 0. 0. 1. 1. 1. 0. 0. 1. 0. 1. 0. 0. 0. 0. 1. 0. 1. 0. 0. 0.],9.0,1000,100,0.01,0.0005,1,7,idID,,random,single_objective
69,0.18471970527404802,0.3181283813053049,0.003424091372,[0.       0.105728 0.       0.       0.       0.       0.       0.105728 0.       0.       0.       0.       0.       0.105728 0.105728 0.105728 0.       0.       0.105728 0.       0.105728 0.       0.       0.       0.       0.105728 0.       0.154175 0.       0.       0.      ],[0. 1. 0. 0. 0. 0. 0. 1. 0. 0. 0. 0. 0. 1. 1. 1. 0. 0. 1. 0. 1. 0. 0. 0. 0. 1. 0. 1. 0. 0. 0.],9.0,1000,100,0.01,0.0005,1,7,idID,,random,single_objective
70,0.18471970527404802,0.32018082247501656,0.003424091372,[0.       0.105728 0.       0.       0.       0.       0.       0.105728 0.       0.       0.       0.       0.       0.105728 0.105728 0.105728 0.       0.       0.105728 0.       0.105728 0.       0.       0.       0.       0.105728 0.       0.154175 0.       0.       0.      ],[0. 1. 0. 0. 0. 0. 0. 1. 0. 0. 0. 0. 0. 1. 1. 1. 0. 0. 1. 0. 1. 0. 0. 0. 0. 1. 0. 1. 0. 0. 0.],9.0,1000,100,0.01,0.0005,1,7,idID,,random,single_objective
71,0.18471970527404802,0.32223326364472815,0.003424091372,[0.       0.105728 0.       0.       0.       0.       0.       0.105728 0.       0.       0.       0.       0.       0.105728 0.105728 0.105728 0.       0.       0.105728 0.       0.105728 0.       0.       0.       0.       0.105728 0.       0.154175 0.       0.       0.      ],[0. 1. 0. 0. 0. 0. 0. 1. 0. 0. 0. 0. 0. 1. 1. 1. 0. 0. 1. 0. 1. 0. 0. 0. 0. 1. 0. 1. 0. 0. 0.],9.0,1000,100,0.01,0.0005,1,7,idID,,random,single_objective
72,0.18471970527404802,0.32428570481443986,0.003424091372,[0.       0.105728 0.       0.       0.       0.       0.       0.105728 0.       0.       0.       0.       0.       0.105728 0.105728 0.105728 0.       0.       0.105728 0.       0.105728 0.       0.       0.       0.       0.105728 0.       0.154175 0.       0.       0.      ],[0. 1. 0. 0. 0. 0. 0. 1. 0. 0. 0. 0. 0. 1. 1. 1. 0. 0. 1. 0. 1. 0. 0. 0. 0. 1. 0. 1. 0. 0. 0.],9.0,1000,100,0.01,0.0005,1,7,idID,,random,single_objective
73,0.18471970527404802,0.32633814598415145,0.003424091372,[0.       0.105728 0.       0.       0.       0.       0.       0.105728 0.       0.       0.       0.       0.       0.105728 0.105728 0.105728 0.       0.       0.105728 0.       0.105728 0.       0.       0.       0.       0.105728 0.       0.154175 0.       0.       0.      ],[0. 1. 0. 0. 0. 0. 0. 1. 0. 0. 0. 0. 0. 1. 1. 1. 0. 0. 1. 0. 1. 0. 0. 0. 0. 1. 0. 1. 0. 0. 0.],9.0,1000,100,0.01,0.0005,1,7,idID,,random,single_objective
74,0.18471970527404802,0.3283905871538631,0.003424091372,[0.       0.105728 0.       0.       0.       0.       0.       0.105728 0.       0.       0.       0.       0.       0.105728 0.105728 0.105728 0.       0.       0.105728 0.       0.105728 0.       0.       0.       0.       0.105728 0.       0.154175 0.       0.       0.      ],[0. 1. 0. 0. 0. 0. 0. 1. 0. 0. 0. 0. 0. 1. 1. 1. 0. 0. 1. 0. 1. 0. 0. 0. 0. 1. 0. 1. 0. 0. 0.],9.0,1000,100,0.01,0.0005,1,7,idID,,random,single_objective
75,0.18471970527404802,0.33044302832357475,0.003424091372,[0.       0.105728 0.       0.       0.       0.       0.       0.105728 0.       0.       0.       0.       0.       0.105728 0.105728 0.105728 0.       0.       0.105728 0.       0.105728 0.       0.       0.       0.       0.105728 0.       0.154175 0.       0.       0.      ],[0. 1. 0. 0. 0. 0. 0. 1. 0. 0. 0. 0. 0. 1. 1. 1. 0. 0. 1. 0. 1. 0. 0. 0. 0. 1. 0. 1. 0. 0. 0.],9.0,1000,100,0.01,0.0005,1,7,idID,,random,single_objective
76,0.18471970527404802,0.3324954694932864,0.003424091372,[0.       0.105728 0.       0.       0.       0.       0.       0.105728 0.       0.       0.       0.       0.       0.105728 0.105728 0.105728 0.       0.       0.105728 0.       0.105728 0.       0.       0.       0.       0.105728 0.       0.154175 0.       0.       0.      ],[0. 1. 0. 0. 0. 0. 0. 1. 0. 0. 0. 0. 0. 1. 1. 1. 0. 0. 1. 0. 1. 0. 0. 0. 0. 1. 0. 1. 0. 0. 0.],9.0,1000,100,0.01,0.0005,1,7,idID,,random,single_objective
77,0.18471970527404802,0.33454791066299805,0.003424091372,[0.       0.105728 0.       0.       0.       0.       0.       0.105728 0.       0.       0.       0.       0.       0.105728 0.105728 0.105728 0.       0.       0.105728 0.       0.105728 0.       0.       0.       0.       0.105728 0.       0.154175 0.       0.       0.      ],[0. 1. 0. 0. 0. 0. 0. 1. 0. 0. 0. 0. 0. 1. 1. 1. 0. 0. 1. 0. 1. 0. 0. 0. 0. 1. 0. 1. 0. 0. 0.],9.0,1000,100,0.01,0.0005,1,7,idID,,random,single_objective
78,0.18471970527404802,0.3366003518327097,0.003424091372,[0.       0.105728 0.       0.       0.       0.       0.       0.105728 0.       0.       0.       0.       0.       0.105728 0.105728 0.105728 0.       0.       0.105728 0.       0.105728 0.       0.       0.       0.       0.105728 0.       0.154175 0.       0.       0.      ],[0. 1. 0. 0. 0. 0. 0. 1. 0. 0. 0. 0. 0. 1. 1. 1. 0. 0. 1. 0. 1. 0. 0. 0. 0. 1. 0. 1. 0. 0. 0.],9.0,1000,100,0.01,0.0005,1,7,idID,,random,single_objective
79,0.18471970527404802,0.33865279300242135,0.003424091372,[0.       0.105728 0.       0.       0.       0.       0.       0.105728 0.       0.       0.       0.       0.       0.105728 0.105728 0.105728 0.       0.       0.105728 0.       0.105728 0.       0.       0.       0.       0.105728 0.       0.154175 0.       0.       0.      ],[0. 1. 0. 0. 0. 0. 0. 1. 0. 0. 0. 0. 0. 1. 1. 1. 0. 0. 1. 0. 1. 0. 0. 0. 0. 1. 0. 1. 0. 0. 0.],9.0,1000,100,0.01,0.0005,1,7,idID,,random,single_objective
80,0.18471970527404802,0.340705234172133,0.003424091372,[0.       0.105728 0.       0.       0.       0.       0.       0.105728 0.       0.       0.       0.       0.       0.105728 0.105728 0.105728 0.       0.       0.105728 0.       0.105728 0.       0.       0.       0.       0.105728 0.       0.154175 0.       0.       0.      ],[0. 1. 0. 0. 0. 0. 0. 1. 0. 0. 0. 0. 0. 1. 1. 1. 0. 0. 1. 0. 1. 0. 0. 0. 0. 1. 0. 1. 0. 0. 0.],9.0,1000,100,0.01,0.0005,1,7,idID,,random,single_objective
81,0.18471970527404802,0.34275767534184465,0.003424091372,[0.       0.105728 0.       0.       0.       0.       0.       0.105728 0.       0.       0.       0.       0.       0.105728 0.105728 0.105728 0.       0.       0.105728 0.       0.105728 0.       0.       0.       0.       0.105728 0.       0.154175 0.       0.       0.      ],[0. 1. 0. 0. 0. 0. 0. 1. 0. 0. 0. 0. 0. 1. 1. 1. 0. 0. 1. 0. 1. 0. 0. 0. 0. 1. 0. 1. 0. 0. 0.],9.0,1000,100,0.01,0.0005,1,7,idID,,random,single_objective
82,0.18471970527404802,0.34481011651155624,0.003424091372,[0.       0.105728 0.       0.       0.       0.       0.       0.105728 0.       0.       0.       0.       0.       0.105728 0.105728 0.105728 0.       0.       0.105728 0.       0.105728 0.       0.       0.       0.       0.105728 0.       0.154175 0.       0.       0.      ],[0. 1. 0. 0. 0. 0. 0. 1. 0. 0. 0. 0. 0. 1. 1. 1. 0. 0. 1. 0. 1. 0. 0. 0. 0. 1. 0. 1. 0. 0. 0.],9.0,1000,100,0.01,0.0005,1,7,idID,,random,single_objective
83,0.18471970527404802,0.34686255768126795,0.003424091372,[0.       0.105728 0.       0.       0.       0.       0.       0.105728 0.       0.       0.       0.       0.       0.105728 0.105728 0.105728 0.       0.       0.105728 0.       0.105728 0.       0.       0.       0.       0.105728 0.       0.154175 0.       0.       0.      ],[0. 1. 0. 0. 0. 0. 0. 1. 0. 0. 0. 0. 0. 1. 1. 1. 0. 0. 1. 0. 1. 0. 0. 0. 0. 1. 0. 1. 0. 0. 0.],9.0,1000,100,0.01,0.0005,1,7,idID,,random,single_objective
84,0.18471970527404802,0.34891499885097954,0.003424091372,[0.       0.105728 0.       0.       0.       0.       0.       0.105728 0.       0.       0.       0.       0.       0.105728 0.105728 0.105728 0.       0.       0.105728 0.       0.105728 0.       0.       0.       0.       0.105728 0.       0.154175 0.       0.       0.      ],[0. 1. 0. 0. 0. 0. 0. 1. 0. 0. 0. 0. 0. 1. 1. 1. 0. 0. 1. 0. 1. 0. 0. 0. 0. 1. 0. 1. 0. 0. 0.],9.0,1000,100,0.01,0.0005,1,7,idID,,random,single_objective
85,0.18471970527404802,0.3509674400206912,0.003424091372,[0.       0.105728 0.       0.       0.       0.       0.       0.105728 0.       0.       0.       0.       0.       0.105728 0.105728 0.105728 0.       0.       0.105728 0.       0.105728 0.       0.       0.       0.       0.105728 0.       0.154175 0.       0.       0.      ],[0. 1. 0. 0. 0. 0. 0. 1. 0. 0. 0. 0. 0. 1. 1. 1. 0. 0. 1. 0. 1. 0. 0. 0. 0. 1. 0. 1. 0. 0. 0.],9.0,1000,100,0.01,0.0005,1,7,idID,,random,single_objective
86,0.18471970527404802,0.35301988119040284,0.003424091372,[0.       0.105728 0.       0.       0.       0.       0.       0.105728 0.       0.       0.       0.       0.       0.105728 0.105728 0.105728 0.       0.       0.105728 0.       0.105728 0.       0.       0.       0.       0.105728 0.       0.154175 0.       0.       0.      ],[0. 1. 0. 0. 0. 0. 0. 1. 0. 0. 0. 0. 0. 1. 1. 1. 0. 0. 1. 0. 1. 0. 0. 0. 0. 1. 0. 1. 0. 0. 0.],9.0,1000,100,0.01,0.0005,1,7,idID,,random,single_objective
87,0.18471970527404802,0.3550723223601145,0.003424091372,[0.       0.105728 0.       0.       0.       0.       0.       0.105728 0.       0.       0.       0.       0.       0.105728 0.105728 0.105728 0.       0.       0.105728 0.       0.105728 0.       0.       0.       0.       0.105728 0.       0.154175 0.       0.       0.      ],[0. 1. 0. 0. 0. 0. 0. 1. 0. 0. 0. 0. 0. 1. 1. 1. 0. 0. 1. 0. 1. 0. 0. 0. 0. 1. 0. 1. 0. 0. 0.],9.0,1000,100,0.01,0.0005,1,7,idID,,random,single_objective
88,0.18471970527404802,0.35712476352982614,0.003424091372,[0.       0.105728 0.       0.       0.       0.       0.       0.105728 0.       0.       0.       0.       0.       0.105728 0.105728 0.105728 0.       0.       0.105728 0.       0.105728 0.       0.       0.       0.       0.105728 0.       0.154175 0.       0.       0.      ],[0. 1. 0. 0. 0. 0. 0. 1. 0. 0. 0. 0. 0. 1. 1. 1. 0. 0. 1. 0. 1. 0. 0. 0. 0. 1. 0. 1. 0. 0. 0.],9.0,1000,100,0.01,0.0005,1,7,idID,,random,single_objective
89,0.18471970527404802,0.3591772046995378,0.003424091372,[0.       0.105728 0.       0.       0.       0.       0.       0.105728 0.       0.       0.       0.       0.       0.105728 0.105728 0.105728 0.       0.       0.105728 0.       0.105728 0.       0.       0.       0.       0.105728 0.       0.154175 0.       0.       0.      ],[0. 1. 0. 0. 0. 0. 0. 1. 0. 0. 0. 0. 0. 1. 1. 1. 0. 0. 1. 0. 1. 0. 0. 0. 0. 1. 0. 1. 0. 0. 0.],9.0,1000,100,0.01,0.0005,1,7,idID,,random,single_objective
90,0.18471970527404802,0.36122964586924944,0.003424091372,[0.       0.105728 0.       0.       0.       0.       0.       0.105728 0.       0.       0.       0.       0.       0.105728 0.105728 0.105728 0.       0.       0.105728 0.       0.105728 0.       0.       0.       0.       0.105728 0.       0.154175 0.       0.       0.      ],[0. 1. 0. 0. 0. 0. 0. 1. 0. 0. 0. 0. 0. 1. 1. 1. 0. 0. 1. 0. 1. 0. 0. 0. 0. 1. 0. 1. 0. 0. 0.],9.0,1000,100,0.01,0.0005,1,7,idID,,random,single_objective
91,0.18471970527404802,0.36328208703896103,0.003424091372,[0.       0.105728 0.       0.       0.       0.       0.       0.105728 0.       0.       0.       0.       0.       0.105728 0.105728 0.105728 0.       0.       0.105728 0.       0.105728 0.       0.       0.       0.       0.105728 0.       0.154175 0.       0.       0.      ],[0. 1. 0. 0. 0. 0. 0. 1. 0. 0. 0. 0. 0. 1. 1. 1. 0. 0. 1. 0. 1. 0. 0. 0. 0. 1. 0. 1. 0. 0. 0.],9.0,1000,100,0.01,0.0005,1,7,idID,,random,single_objective
92,0.18471970527404802,0.36533452820867274,0.003424091372,[0.       0.105728 0.       0.       0.       0.       0.       0.105728 0.       0.       0.       0.       0.       0.105728 0.105728 0.105728 0.       0.       0.105728 0.       0.105728 0.       0.       0.       0.       0.105728 0.       0.154175 0.       0.       0.      ],[0. 1. 0. 0. 0. 0. 0. 1. 0. 0. 0. 0. 0. 1. 1. 1. 0. 0. 1. 0. 1. 0. 0. 0. 0. 1. 0. 1. 0. 0. 0.],9.0,1000,100,0.01,0.0005,1,7,idID,,random,single_objective
93,0.18471970527404802,0.36738696937838433,0.003424091372,[0.       0.105728 0.       0.       0.       0.       0.       0.105728 0.       0.       0.       0.       0.       0.105728 0.105728 0.105728 0.       0.       0.105728 0.       0.105728 0.       0.       0.       0.       0.105728 0.       0.154175 0.       0.       0.      ],[0. 1. 0. 0. 0. 0. 0. 1. 0. 0. 0. 0. 0. 1. 1. 1. 0. 0. 1. 0. 1. 0. 0. 0. 0. 1. 0. 1. 0. 0. 0.],9.0,1000,100,0.01,0.0005,1,7,idID,,random,single_objective
94,0.18471970527404802,0.36943941054809604,0.003424091372,[0.       0.105728 0.       0.       0.       0.       0.       0.105728 0.       0.       0.       0.       0.       0.105728 0.105728 0.105728 0.       0.       0.105728 0.       0.105728 0.       0.       0.       0.       0.105728 0.       0.154175 0.       0.       0.      ],[0. 1. 0. 0. 0. 0. 0. 1. 0. 0. 0. 0. 0. 1. 1. 1. 0. 0. 1. 0. 1. 0. 0. 0. 0. 1. 0. 1. 0. 0. 0.],9.0,1000,100,0.01,0.0005,1,7,idID,,random,single_objective
95,0.18471970527404802,0.37149185171780763,0.003424091372,[0.       0.105728 0.       0.       0.       0.       0.       0.105728 0.       0.       0.       0.       0.       0.105728 0.105728 0.105728 0.       0.       0.105728 0.       0.105728 0.       0.       0.       0.       0.105728 0.       0.154175 0.       0.       0.      ],[0. 1. 0. 0. 0. 0. 0. 1. 0. 0. 0. 0. 0. 1. 1. 1. 0. 0. 1. 0. 1. 0. 0. 0. 0. 1. 0. 1. 0. 0. 0.],9.0,1000,100,0.01,0.0005,1,7,idID,,random,single_objective
96,0.18471970527404802,0.37354429288751934,0.003424091372,[0.       0.105728 0.       0.       0.       0.       0.       0.105728 0.       0.       0.       0.       0.       0.105728 0.105728 0.105728 0.       0.       0.105728 0.       0.105728 0.       0.       0.       0.       0.105728 0.       0.154175 0.       0.       0.      ],[0. 1. 0. 0. 0. 0. 0. 1. 0. 0. 0. 0. 0. 1. 1. 1. 0. 0. 1. 0. 1. 0. 0. 0. 0. 1. 0. 1. 0. 0. 0.],9.0,1000,100,0.01,0.0005,1,7,idID,,random,single_objective
97,0.18471970527404802,0.37559673405723093,0.003424091372,[0.       0.105728 0.       0.       0.       0.       0.       0.105728 0.       0.       0.       0.       0.       0.105728 0.105728 0.105728 0.       0.       0.105728 0.       0.105728 0.       0.       0.       0.       0.105728 0.       0.154175 0.       0.       0.      ],[0. 1. 0. 0. 0. 0. 0. 1. 0. 0. 0. 0. 0. 1. 1. 1. 0. 0. 1. 0. 1. 0. 0. 0. 0. 1. 0. 1. 0. 0. 0.],9.0,1000,100,0.01,0.0005,1,7,idID,,random,single_objective
98,0.18471970527404802,0.3776491752269426,0.003424091372,[0.       0.105728 0.       0.       0.       0.       0.       0.105728 0.       0.       0.       0.       0.       0.105728 0.105728 0.105728 0.       0.       0.105728 0.       0.105728 0.       0.       0.       0.       0.105728 0.       0.154175 0.       0.       0.      ],[0. 1. 0. 0. 0. 0. 0. 1. 0. 0. 0. 0. 0. 1. 1. 1. 0. 0. 1. 0. 1. 0. 0. 0. 0. 1. 0. 1. 0. 0. 0.],9.0,1000,100,0.01,0.0005,1,7,idID,,random,single_objective
99,0.18471970527404802,0.37970161639665423,0.003424091372,[0.       0.105728 0.       0.       0.       0.       0.       0.105728 0.       0.       0.       0.       0.       0.105728 0.105728 0.105728 0.       0.       0.105728 0.       0.105728 0.       0.       0.       0.       0.105728 0.       0.154175 0.       0.       0.      ],[0. 1. 0. 0. 0. 0. 0. 1. 0. 0. 0. 0. 0. 1. 1. 1. 0. 0. 1. 0. 1. 0. 0. 0. 0. 1. 0. 1. 0. 0. 0.],9.0,1000,100,0.01,0.0005,1,7,idID,,random,single_objective
100,0.18471970527404802,0.3817540575663658,0.003424091372,[0.       0.105728 0.       0.       0.       0.       0.       0.105728 0.       0.       0.       0.       0.       0.105728 0.105728 0.105728 0.       0.       0.105728 0.       0.105728 0.       0.       0.       0.       0.105728 0.       0.154175 0.       0.       0.      ],[0. 1. 0. 0. 0. 0. 0. 1. 0. 0. 0. 0. 0. 1. 1. 1. 0. 0. 1. 0. 1. 0. 0. 0. 0. 1. 0. 1. 0. 0. 0.],9.0,1000,100,0.01,0.0005,1,7,idID,,random,single_objective
101,0.18471970527404802,0.38380649873607753,0.003424091372,[0.       0.105728 0.       0.       0.       0.       0.       0.105728 0.       0.       0.       0.       0.       0.105728 0.105728 0.105728 0.       0.       0.105728 0.       0.105728 0.       0.       0.       0.       0.105728 0.       0.154175 0.       0.       0.      ],[0. 1. 0. 0. 0. 0. 0. 1. 0. 0. 0. 0. 0. 1. 1. 1. 0. 0. 1. 0. 1. 0. 0. 0. 0. 1. 0. 1. 0. 0. 0.],9.0,1000,100,0.01,0.0005,1,7,idID,,random,single_objective
102,0.18471970527404802,0.3858589399057891,0.003424091372,[0.       0.105728 0.       0.       0.       0.       0.       0.105728 0.       0.       0.       0.       0.       0.105728 0.105728 0.105728 0.       0.       0.105728 0.       0.105728 0.       0.       0.       0.       0.105728 0.       0.154175 0.       0.       0.      ],[0. 1. 0. 0. 0. 0. 0. 1. 0. 0. 0. 0. 0. 1. 1. 1. 0. 0. 1. 0. 1. 0. 0. 0. 0. 1. 0. 1. 0. 0. 0.],9.0,1000,100,0.01,0.0005,1,7,idID,,random,single_objective
103,0.18471970527404802,0.3879113810755008,0.003424091372,[0.       0.105728 0.       0.       0.       0.       0.       0.105728 0.       0.       0.       0.       0.       0.105728 0.105728 0.105728 0.       0.       0.105728 0.       0.105728 0.       0.       0.       0.       0.105728 0.       0.154175 0.       0.       0.      ],[0. 1. 0. 0. 0. 0. 0. 1. 0. 0. 0. 0. 0. 1. 1. 1. 0. 0. 1. 0. 1. 0. 0. 0. 0. 1. 0. 1. 0. 0. 0.],9.0,1000,100,0.01,0.0005,1,7,idID,,random,single_objective
104,0.18471970527404802,0.3879113810755008,0.003424091372,[0.       0.105728 0.       0.       0.       0.       0.       0.105728 0.       0.       0.       0.       0.       0.105728 0.105728 0.105728 0.       0.       0.105728 0.       0.105728 0.       0.       0.       0.       0.105728 0.       0.154175 0.       0.       0.      ],[0. 1. 0. 0. 0. 0. 0. 1. 0. 0. 0. 0. 0. 1. 1. 1. 0. 0. 1. 0. 1. 0. 0. 0. 0. 1. 0. 1. 0. 0. 0.],9.0,1000,100,0.01,0.0005,1,7,idID,,random,single_objective
105,0.18471970527404802,0.3879113810755008,0.003424091372,[0.       0.105728 0.       0.       0.       0.       0.       0.105728 0.       0.       0.       0.       0.       0.105728 0.105728 0.105728 0.       0.       0.105728 0.       0.105728 0.       0.       0.       0.       0.105728 0.       0.154175 0.       0.       0.      ],[0. 1. 0. 0. 0. 0. 0. 1. 0. 0. 0. 0. 0. 1. 1. 1. 0. 0. 1. 0. 1. 0. 0. 0. 0. 1. 0. 1. 0. 0. 0.],9.0,1000,100,0.01,0.0005,1,7,idID,,random,single_objective
106,0.18471970527404802,0.3879113810755008,0.003424091372,[0.       0.105728 0.       0.       0.       0.       0.       0.105728 0.       0.       0.       0.       0.       0.105728 0.105728 0.105728 0.       0.       0.105728 0.       0.105728 0.       0.       0.       0.       0.105728 0.       0.154175 0.       0.       0.      ],[0. 1. 0. 0. 0. 0. 0. 1. 0. 0. 0. 0. 0. 1. 1. 1. 0. 0. 1. 0. 1. 0. 0. 0. 0. 1. 0. 1. 0. 0. 0.],9.0,1000,100,0.01,0.0005,1,7,idID,,random,single_objective
107,0.18471970527404802,0.3879113810755008,0.003424091372,[0.       0.105728 0.       0.       0.       0.       0.       0.105728 0.       0.       0.       0.       0.       0.105728 0.105728 0.105728 0.       0.       0.105728 0.       0.105728 0.       0.       0.       0.       0.105728 0.       0.154175 0.       0.       0.      ],[0. 1. 0. 0. 0. 0. 0. 1. 0. 0. 0. 0. 0. 1. 1. 1. 0. 0. 1. 0. 1. 0. 0. 0. 0. 1. 0. 1. 0. 0. 0.],9.0,1000,100,0.01,0.0005,1,7,idID,,random,single_objective
108,0.18471970527404802,0.3879113810755008,0.003424091372,[0.       0.105728 0.       0.       0.       0.       0.       0.105728 0.       0.       0.       0.       0.       0.105728 0.105728 0.105728 0.       0.       0.105728 0.       0.105728 0.       0.       0.       0.       0.105728 0.       0.154175 0.       0.       0.      ],[0. 1. 0. 0. 0. 0. 0. 1. 0. 0. 0. 0. 0. 1. 1. 1. 0. 0. 1. 0. 1. 0. 0. 0. 0. 1. 0. 1. 0. 0. 0.],9.0,1000,100,0.01,0.0005,1,7,idID,,random,single_objective
109,0.18471970527404802,0.3879113810755008,0.003424091372,[0.       0.105728 0.       0.       0.       0.       0.       0.105728 0.       0.       0.       0.       0.       0.105728 0.105728 0.105728 0.       0.       0.105728 0.       0.105728 0.       0.       0.       0.       0.105728 0.       0.154175 0.       0.       0.      ],[0. 1. 0. 0. 0. 0. 0. 1. 0. 0. 0. 0. 0. 1. 1. 1. 0. 0. 1. 0. 1. 0. 0. 0. 0. 1. 0. 1. 0. 0. 0.],9.0,1000,100,0.01,0.0005,1,7,idID,,random,single_objective
110,0.18471970527404802,0.3879113810755008,0.003424091372,[0.       0.105728 0.       0.       0.       0.       0.       0.105728 0.       0.       0.       0.       0.       0.105728 0.105728 0.105728 0.       0.       0.105728 0.       0.105728 0.       0.       0.       0.       0.105728 0.       0.154175 0.       0.       0.      ],[0. 1. 0. 0. 0. 0. 0. 1. 0. 0. 0. 0. 0. 1. 1. 1. 0. 0. 1. 0. 1. 0. 0. 0. 0. 1. 0. 1. 0. 0. 0.],9.0,1000,100,0.01,0.0005,1,7,idID,,random,single_objective
111,0.18471970527404802,0.3879113810755008,0.003424091372,[0.       0.105728 0.       0.       0.       0.       0.       0.105728 0.       0.       0.       0.       0.       0.105728 0.105728 0.105728 0.       0.       0.105728 0.       0.105728 0.       0.       0.       0.       0.105728 0.       0.154175 0.       0.       0.      ],[0. 1. 0. 0. 0. 0. 0. 1. 0. 0. 0. 0. 0. 1. 1. 1. 0. 0. 1. 0. 1. 0. 0. 0. 0. 1. 0. 1. 0. 0. 0.],9.0,1000,100,0.01,0.0005,1,7,idID,,random,single_objective
112,0.18471970527404802,0.3879113810755008,0.003424091372,[0.       0.105728 0.       0.       0.       0.       0.       0.105728 0.       0.       0.       0.       0.       0.105728 0.105728 0.105728 0.       0.       0.105728 0.       0.105728 0.       0.       0.       0.       0.105728 0.       0.154175 0.       0.       0.      ],[0. 1. 0. 0. 0. 0. 0. 1. 0. 0. 0. 0. 0. 1. 1. 1. 0. 0. 1. 0. 1. 0. 0. 0. 0. 1. 0. 1. 0. 0. 0.],9.0,1000,100,0.01,0.0005,1,7,idID,,random,single_objective
113,0.18471970527404802,0.3879113810755008,0.003424091372,[0.       0.105728 0.       0.       0.       0.       0.       0.105728 0.       0.       0.       0.       0.       0.105728 0.105728 0.105728 0.       0.       0.105728 0.       0.105728 0.       0.       0.       0.       0.105728 0.       0.154175 0.       0.       0.      ],[0. 1. 0. 0. 0. 0. 0. 1. 0. 0. 0. 0. 0. 1. 1. 1. 0. 0. 1. 0. 1. 0. 0. 0. 0. 1. 0. 1. 0. 0. 0.],9.0,1000,100,0.01,0.0005,1,7,idID,,random,single_objective
114,0.18471970527404802,0.3879113810755008,0.003424091372,[0.       0.105728 0.       0.       0.       0.       0.       0.105728 0.       0.       0.       0.       0.       0.105728 0.105728 0.105728 0.       0.       0.105728 0.       0.105728 0.       0.       0.       0.       0.105728 0.       0.154175 0.       0.       0.      ],[0. 1. 0. 0. 0. 0. 0. 1. 0. 0. 0. 0. 0. 1. 1. 1. 0. 0. 1. 0. 1. 0. 0. 0. 0. 1. 0. 1. 0. 0. 0.],9.0,1000,100,0.01,0.0005,1,7,idID,,random,single_objective
115,0.18471970527404802,0.3879113810755008,0.003424091372,[0.       0.105728 0.       0.       0.       0.       0.       0.105728 0.       0.       0.       0.       0.       0.105728 0.105728 0.105728 0.       0.       0.105728 0.       0.105728 0.       0.       0.       0.       0.105728 0.       0.154175 0.       0.       0.      ],[0. 1. 0. 0. 0. 0. 0. 1. 0. 0. 0. 0. 0. 1. 1. 1. 0. 0. 1. 0. 1. 0. 0. 0. 0. 1. 0. 1. 0. 0. 0.],9.0,1000,100,0.01,0.0005,1,7,idID,,random,single_objective
116,0.18471970527404802,0.3879113810755008,0.003424091372,[0.       0.105728 0.       0.       0.       0.       0.       0.105728 0.       0.       0.       0.       0.       0.105728 0.105728 0.105728 0.       0.       0.105728 0.       0.105728 0.       0.       0.       0.       0.105728 0.       0.154175 0.       0.       0.      ],[0. 1. 0. 0. 0. 0. 0. 1. 0. 0. 0. 0. 0. 1. 1. 1. 0. 0. 1. 0. 1. 0. 0. 0. 0. 1. 0. 1. 0. 0. 0.],9.0,1000,100,0.01,0.0005,1,7,idID,,random,single_objective
117,0.18471970527404802,0.3879113810755008,0.003424091372,[0.       0.105728 0.       0.       0.       0.       0.       0.105728 0.       0.       0.       0.       0.       0.105728 0.105728 0.105728 0.       0.       0.105728 0.       0.105728 0.       0.       0.       0.       0.105728 0.       0.154175 0.       0.       0.      ],[0. 1. 0. 0. 0. 0. 0. 1. 0. 0. 0. 0. 0. 1. 1. 1. 0. 0. 1. 0. 1. 0. 0. 0. 0. 1. 0. 1. 0. 0. 0.],9.0,1000,100,0.01,0.0005,1,7,idID,,random,single_objective
118,0.18471970527404802,0.3879113810755008,0.003424091372,[0.       0.105728 0.       0.       0.       0.       0.       0.105728 0.       0.       0.       0.       0.       0.105728 0.105728 0.105728 0.       0.       0.105728 0.       0.105728 0.       0.       0.       0.       0.105728 0.       0.154175 0.       0.       0.      ],[0. 1. 0. 0. 0. 0. 0. 1. 0. 0. 0. 0. 0. 1. 1. 1. 0. 0. 1. 0. 1. 0. 0. 0. 0. 1. 0. 1. 0. 0. 0.],9.0,1000,100,0.01,0.0005,1,7,idID,,random,single_objective
119,0.18471970527404802,0.3879113810755008,0.003424091372,[0.       0.105728 0.       0.       0.       0.       0.       0.105728 0.       0.       0.       0.       0.       0.105728 0.105728 0.105728 0.       0.       0.105728 0.       0.105728 0.       0.       0.       0.       0.105728 0.       0.154175 0.       0.       0.      ],[0. 1. 0. 0. 0. 0. 0. 1. 0. 0. 0. 0. 0. 1. 1. 1. 0. 0. 1. 0. 1. 0. 0. 0. 0. 1. 0. 1. 0. 0. 0.],9.0,1000,100,0.01,0.0005,1,7,idID,,random,single_objective
120,0.18471970527404802,0.3879113810755008,0.003424091372,[0.       0.105728 0.       0.       0.       0.       0.       0.105728 0.       0.       0.       0.       0.       0.105728 0.105728 0.105728 0.       0.       0.105728 0.       0.105728 0.       0.       0.       0.       0.105728 0.       0.154175 0.       0.       0.      ],[0. 1. 0. 0. 0. 0. 0. 1. 0. 0. 0. 0. 0. 1. 1. 1. 0. 0. 1. 0. 1. 0. 0. 0. 0. 1. 0. 1. 0. 0. 0.],9.0,1000,100,0.01,0.0005,1,7,idID,,random,single_objective
121,0.18471970527404802,0.3879113810755008,0.003424091372,[0.       0.105728 0.       0.       0.       0.       0.       0.105728 0.       0.       0.       0.       0.       0.105728 0.105728 0.105728 0.       0.       0.105728 0.       0.105728 0.       0.       0.       0.       0.105728 0.       0.154175 0.       0.       0.      ],[0. 1. 0. 0. 0. 0. 0. 1. 0. 0. 0. 0. 0. 1. 1. 1. 0. 0. 1. 0. 1. 0. 0. 0. 0. 1. 0. 1. 0. 0. 0.],9.0,1000,100,0.01,0.0005,1,7,idID,,random,single_objective
122,0.18471970527404802,0.3879113810755008,0.003424091372,[0.       0.105728 0.       0.       0.       0.       0.       0.105728 0.       0.       0.       0.       0.       0.105728 0.105728 0.105728 0.       0.       0.105728 0.       0.105728 0.       0.       0.       0.       0.105728 0.       0.154175 0.       0.       0.      ],[0. 1. 0. 0. 0. 0. 0. 1. 0. 0. 0. 0. 0. 1. 1. 1. 0. 0. 1. 0. 1. 0. 0. 0. 0. 1. 0. 1. 0. 0. 0.],9.0,1000,100,0.01,0.0005,1,7,idID,,random,single_objective
123,0.18471970527404802,0.3879113810755008,0.003424091372,[0.       0.105728 0.       0.       0.       0.       0.       0.105728 0.       0.       0.       0.       0.       0.105728 0.105728 0.105728 0.       0.       0.105728 0.       0.105728 0.       0.       0.       0.       0.105728 0.       0.154175 0.       0.       0.      ],[0. 1. 0. 0. 0. 0. 0. 1. 0. 0. 0. 0. 0. 1. 1. 1. 0. 0. 1. 0. 1. 0. 0. 0. 0. 1. 0. 1. 0. 0. 0.],9.0,1000,100,0.01,0.0005,1,7,idID,,random,single_objective
124,0.18471970527404802,0.3879113810755008,0.003424091372,[0.       0.105728 0.       0.       0.       0.       0.       0.105728 0.       0.       0.       0.       0.       0.105728 0.105728 0.105728 0.       0.       0.105728 0.       0.105728 0.       0.       0.       0.       0.105728 0.       0.154175 0.       0.       0.      ],[0. 1. 0. 0. 0. 0. 0. 1. 0. 0. 0. 0. 0. 1. 1. 1. 0. 0. 1. 0. 1. 0. 0. 0. 0. 1. 0. 1. 0. 0. 0.],9.0,1000,100,0.01,0.0005,1,7,idID,,random,single_objective
125,0.18471970527404802,0.3879113810755008,0.003424091372,[0.       0.105728 0.       0.       0.       0.       0.       0.105728 0.       0.       0.       0.       0.       0.105728 0.105728 0.105728 0.       0.       0.105728 0.       0.105728 0.       0.       0.       0.       0.105728 0.       0.154175 0.       0.       0.      ],[0. 1. 0. 0. 0. 0. 0. 1. 0. 0. 0. 0. 0. 1. 1. 1. 0. 0. 1. 0. 1. 0. 0. 0. 0. 1. 0. 1. 0. 0. 0.],9.0,1000,100,0.01,0.0005,1,7,idID,,random,single_objective
126,0.18471970527404802,0.3879113810755008,0.003424091372,[0.       0.105728 0.       0.       0.       0.       0.       0.105728 0.       0.       0.       0.       0.       0.105728 0.105728 0.105728 0.       0.       0.105728 0.       0.105728 0.       0.       0.       0.       0.105728 0.       0.154175 0.       0.       0.      ],[0. 1. 0. 0. 0. 0. 0. 1. 0. 0. 0. 0. 0. 1. 1. 1. 0. 0. 1. 0. 1. 0. 0. 0. 0. 1. 0. 1. 0. 0. 0.],9.0,1000,100,0.01,0.0005,1,7,idID,,random,single_objective
127,0.18471970527404802,0.3879113810755008,0.003424091372,[0.       0.105728 0.       0.       0.       0.       0.       0.105728 0.       0.       0.       0.       0.       0.105728 0.105728 0.105728 0.       0.       0.105728 0.       0.105728 0.       0.       0.       0.       0.105728 0.       0.154175 0.       0.       0.      ],[0. 1. 0. 0. 0. 0. 0. 1. 0. 0. 0. 0. 0. 1. 1. 1. 0. 0. 1. 0. 1. 0. 0. 0. 0. 1. 0. 1. 0. 0. 0.],9.0,1000,100,0.01,0.0005,1,7,idID,,random,single_objective
128,0.18471970527404802,0.3879113810755008,0.003424091372,[0.       0.105728 0.       0.       0.       0.       0.       0.105728 0.       0.       0.       0.       0.       0.105728 0.105728 0.105728 0.       0.       0.105728 0.       0.105728 0.       0.       0.       0.       0.105728 0.       0.154175 0.       0.       0.      ],[0. 1. 0. 0. 0. 0. 0. 1. 0. 0. 0. 0. 0. 1. 1. 1. 0. 0. 1. 0. 1. 0. 0. 0. 0. 1. 0. 1. 0. 0. 0.],9.0,1000,100,0.01,0.0005,1,7,idID,,random,single_objective
129,0.18471970527404802,0.3879113810755008,0.003424091372,[0.       0.105728 0.       0.       0.       0.       0.       0.105728 0.       0.       0.       0.       0.       0.105728 0.105728 0.105728 0.       0.       0.105728 0.       0.105728 0.       0.       0.       0.       0.105728 0.       0.154175 0.       0.       0.      ],[0. 1. 0. 0. 0. 0. 0. 1. 0. 0. 0. 0. 0. 1. 1. 1. 0. 0. 1. 0. 1. 0. 0. 0. 0. 1. 0. 1. 0. 0. 0.],9.0,1000,100,0.01,0.0005,1,7,idID,,random,single_objective
130,0.18471970527404802,0.3879113810755008,0.003424091372,[0.       0.105728 0.       0.       0.       0.       0.       0.105728 0.       0.       0.       0.       0.       0.105728 0.105728 0.105728 0.       0.       0.105728 0.       0.105728 0.       0.       0.       0.       0.105728 0.       0.154175 0.       0.       0.      ],[0. 1. 0. 0. 0. 0. 0. 1. 0. 0. 0. 0. 0. 1. 1. 1. 0. 0. 1. 0. 1. 0. 0. 0. 0. 1. 0. 1. 0. 0. 0.],9.0,1000,100,0.01,0.0005,1,7,idID,,random,single_objective
131,0.18471970527404802,0.3879113810755008,0.003424091372,[0.       0.105728 0.       0.       0.       0.       0.       0.105728 0.       0.       0.       0.       0.       0.105728 0.105728 0.105728 0.       0.       0.105728 0.       0.105728 0.       0.       0.       0.       0.105728 0.       0.154175 0.       0.       0.      ],[0. 1. 0. 0. 0. 0. 0. 1. 0. 0. 0. 0. 0. 1. 1. 1. 0. 0. 1. 0. 1. 0. 0. 0. 0. 1. 0. 1. 0. 0. 0.],9.0,1000,100,0.01,0.0005,1,7,idID,,random,single_objective
132,0.18471970527404802,0.3879113810755008,0.003424091372,[0.       0.105728 0.       0.       0.       0.       0.       0.105728 0.       0.       0.       0.       0.       0.105728 0.105728 0.105728 0.       0.       0.105728 0.       0.105728 0.       0.       0.       0.       0.105728 0.       0.154175 0.       0.       0.      ],[0. 1. 0. 0. 0. 0. 0. 1. 0. 0. 0. 0. 0. 1. 1. 1. 0. 0. 1. 0. 1. 0. 0. 0. 0. 1. 0. 1. 0. 0. 0.],9.0,1000,100,0.01,0.0005,1,7,idID,,random,single_objective
133,0.18471970527404802,0.3879113810755008,0.003424091372,[0.       0.105728 0.       0.       0.       0.       0.       0.105728 0.       0.       0.       0.       0.       0.105728 0.105728 0.105728 0.       0.       0.105728 0.       0.105728 0.       0.       0.       0.       0.105728 0.       0.154175 0.       0.       0.      ],[0. 1. 0. 0. 0. 0. 0. 1. 0. 0. 0. 0. 0. 1. 1. 1. 0. 0. 1. 0. 1. 0. 0. 0. 0. 1. 0. 1. 0. 0. 0.],9.0,1000,100,0.01,0.0005,1,7,idID,,random,single_objective
134,0.18471970527404802,0.3879113810755008,0.003424091372,[0.       0.105728 0.       0.       0.       0.       0.       0.105728 0.       0.       0.       0.       0.       0.105728 0.105728 0.105728 0.       0.       0.105728 0.       0.105728 0.       0.       0.       0.       0.105728 0.       0.154175 0.       0.       0.      ],[0. 1. 0. 0. 0. 0. 0. 1. 0. 0. 0. 0. 0. 1. 1. 1. 0. 0. 1. 0. 1. 0. 0. 0. 0. 1. 0. 1. 0. 0. 0.],9.0,1000,100,0.01,0.0005,1,7,idID,,random,single_objective
135,0.18471970527404802,0.3879113810755008,0.003424091372,[0.       0.105728 0.       0.       0.       0.       0.       0.105728 0.       0.       0.       0.       0.       0.105728 0.105728 0.105728 0.       0.       0.105728 0.       0.105728 0.       0.       0.       0.       0.105728 0.       0.154175 0.       0.       0.      ],[0. 1. 0. 0. 0. 0. 0. 1. 0. 0. 0. 0. 0. 1. 1. 1. 0. 0. 1. 0. 1. 0. 0. 0. 0. 1. 0. 1. 0. 0. 0.],9.0,1000,100,0.01,0.0005,1,7,idID,,random,single_objective
136,0.18471970527404802,0.3879113810755008,0.003424091372,[0.       0.105728 0.       0.       0.       0.       0.       0.105728 0.       0.       0.       0.       0.       0.105728 0.105728 0.105728 0.       0.       0.105728 0.       0.105728 0.       0.       0.       0.       0.105728 0.       0.154175 0.       0.       0.      ],[0. 1. 0. 0. 0. 0. 0. 1. 0. 0. 0. 0. 0. 1. 1. 1. 0. 0. 1. 0. 1. 0. 0. 0. 0. 1. 0. 1. 0. 0. 0.],9.0,1000,100,0.01,0.0005,1,7,idID,,random,single_objective
137,0.18471970527404802,0.3879113810755008,0.003424091372,[0.       0.105728 0.       0.       0.       0.       0.       0.105728 0.       0.       0.       0.       0.       0.105728 0.105728 0.105728 0.       0.       0.105728 0.       0.105728 0.       0.       0.       0.       0.105728 0.       0.154175 0.       0.       0.      ],[0. 1. 0. 0. 0. 0. 0. 1. 0. 0. 0. 0. 0. 1. 1. 1. 0. 0. 1. 0. 1. 0. 0. 0. 0. 1. 0. 1. 0. 0. 0.],9.0,1000,100,0.01,0.0005,1,7,idID,,random,single_objective
138,0.18471970527404802,0.3879113810755008,0.003424091372,[0.       0.105728 0.       0.       0.       0.       0.       0.105728 0.       0.       0.       0.       0.       0.105728 0.105728 0.105728 0.       0.       0.105728 0.       0.105728 0.       0.       0.       0.       0.105728 0.       0.154175 0.       0.       0.      ],[0. 1. 0. 0. 0. 0. 0. 1. 0. 0. 0. 0. 0. 1. 1. 1. 0. 0. 1. 0. 1. 0. 0. 0. 0. 1. 0. 1. 0. 0. 0.],9.0,1000,100,0.01,0.0005,1,7,idID,,random,single_objective
139,0.18471970527404802,0.3879113810755008,0.003424091372,[0.       0.105728 0.       0.       0.       0.       0.       0.105728 0.       0.       0.       0.       0.       0.105728 0.105728 0.105728 0.       0.       0.105728 0.       0.105728 0.       0.       0.       0.       0.105728 0.       0.154175 0.       0.       0.      ],[0. 1. 0. 0. 0. 0. 0. 1. 0. 0. 0. 0. 0. 1. 1. 1. 0. 0. 1. 0. 1. 0. 0. 0. 0. 1. 0. 1. 0. 0. 0.],9.0,1000,100,0.01,0.0005,1,7,idID,,random,single_objective
140,0.18471970527404802,0.3879113810755008,0.003424091372,[0.       0.105728 0.       0.       0.       0.       0.       0.105728 0.       0.       0.       0.       0.       0.105728 0.105728 0.105728 0.       0.       0.105728 0.       0.105728 0.       0.       0.       0.       0.105728 0.       0.154175 0.       0.       0.      ],[0. 1. 0. 0. 0. 0. 0. 1. 0. 0. 0. 0. 0. 1. 1. 1. 0. 0. 1. 0. 1. 0. 0. 0. 0. 1. 0. 1. 0. 0. 0.],9.0,1000,100,0.01,0.0005,1,7,idID,,random,single_objective
141,0.18471970527404802,0.3879113810755008,0.003424091372,[0.       0.105728 0.       0.       0.       0.       0.       0.105728 0.       0.       0.       0.       0.       0.105728 0.105728 0.105728 0.       0.       0.105728 0.       0.105728 0.       0.       0.       0.       0.105728 0.       0.154175 0.       0.       0.      ],[0. 1. 0. 0. 0. 0. 0. 1. 0. 0. 0. 0. 0. 1. 1. 1. 0. 0. 1. 0. 1. 0. 0. 0. 0. 1. 0. 1. 0. 0. 0.],9.0,1000,100,0.01,0.0005,1,7,idID,,random,single_objective
142,0.18471970527404802,0.3879113810755008,0.003424091372,[0.       0.105728 0.       0.       0.       0.       0.       0.105728 0.       0.       0.       0.       0.       0.105728 0.105728 0.105728 0.       0.       0.105728 0.       0.105728 0.       0.       0.       0.       0.105728 0.       0.154175 0.       0.       0.      ],[0. 1. 0. 0. 0. 0. 0. 1. 0. 0. 0. 0. 0. 1. 1. 1. 0. 0. 1. 0. 1. 0. 0. 0. 0. 1. 0. 1. 0. 0. 0.],9.0,1000,100,0.01,0.0005,1,7,idID,,random,single_objective
143,0.18471970527404802,0.3879113810755008,0.003424091372,[0.       0.105728 0.       0.       0.       0.       0.       0.105728 0.       0.       0.       0.       0.       0.105728 0.105728 0.105728 0.       0.       0.105728 0.       0.105728 0.       0.       0.       0.       0.105728 0.       0.154175 0.       0.       0.      ],[0. 1. 0. 0. 0. 0. 0. 1. 0. 0. 0. 0. 0. 1. 1. 1. 0. 0. 1. 0. 1. 0. 0. 0. 0. 1. 0. 1. 0. 0. 0.],9.0,1000,100,0.01,0.0005,1,7,idID,,random,single_objective
144,0.18471970527404802,0.3879113810755008,0.003424091372,[0.       0.105728 0.       0.       0.       0.       0.       0.105728 0.       0.       0.       0.       0.       0.105728 0.105728 0.105728 0.       0.       0.105728 0.       0.105728 0.       0.       0.       0.       0.105728 0.       0.154175 0.       0.       0.      ],[0. 1. 0. 0. 0. 0. 0. 1. 0. 0. 0. 0. 0. 1. 1. 1. 0. 0. 1. 0. 1. 0. 0. 0. 0. 1. 0. 1. 0. 0. 0.],9.0,1000,100,0.01,0.0005,1,7,idID,,random,single_objective
145,0.18471970527404802,0.3879113810755008,0.003424091372,[0.       0.105728 0.       0.       0.       0.       0.       0.105728 0.       0.       0.       0.       0.       0.105728 0.105728 0.105728 0.       0.       0.105728 0.       0.105728 0.       0.       0.       0.       0.105728 0.       0.154175 0.       0.       0.      ],[0. 1. 0. 0. 0. 0. 0. 1. 0. 0. 0. 0. 0. 1. 1. 1. 0. 0. 1. 0. 1. 0. 0. 0. 0. 1. 0. 1. 0. 0. 0.],9.0,1000,100,0.01,0.0005,1,7,idID,,random,single_objective
146,0.18471970527404802,0.3879113810755008,0.003424091372,[0.       0.105728 0.       0.       0.       0.       0.       0.105728 0.       0.       0.       0.       0.       0.105728 0.105728 0.105728 0.       0.       0.105728 0.       0.105728 0.       0.       0.       0.       0.105728 0.       0.154175 0.       0.       0.      ],[0. 1. 0. 0. 0. 0. 0. 1. 0. 0. 0. 0. 0. 1. 1. 1. 0. 0. 1. 0. 1. 0. 0. 0. 0. 1. 0. 1. 0. 0. 0.],9.0,1000,100,0.01,0.0005,1,7,idID,,random,single_objective
147,0.18471970527404802,0.3879113810755008,0.003424091372,[0.       0.105728 0.       0.       0.       0.       0.       0.105728 0.       0.       0.       0.       0.       0.105728 0.105728 0.105728 0.       0.       0.105728 0.       0.105728 0.       0.       0.       0.       0.105728 0.       0.154175 0.       0.       0.      ],[0. 1. 0. 0. 0. 0. 0. 1. 0. 0. 0. 0. 0. 1. 1. 1. 0. 0. 1. 0. 1. 0. 0. 0. 0. 1. 0. 1. 0. 0. 0.],9.0,1000,100,0.01,0.0005,1,7,idID,,random,single_objective
148,0.18471970527404802,0.3879113810755008,0.003424091372,[0.       0.105728 0.       0.       0.       0.       0.       0.105728 0.       0.       0.       0.       0.       0.105728 0.105728 0.105728 0.       0.       0.105728 0.       0.105728 0.       0.       0.       0.       0.105728 0.       0.154175 0.       0.       0.      ],[0. 1. 0. 0. 0. 0. 0. 1. 0. 0. 0. 0. 0. 1. 1. 1. 0. 0. 1. 0. 1. 0. 0. 0. 0. 1. 0. 1. 0. 0. 0.],9.0,1000,100,0.01,0.0005,1,7,idID,,random,single_objective
149,0.18471970527404802,0.3879113810755008,0.003424091372,[0.       0.105728 0.       0.       0.       0.       0.       0.105728 0.       0.       0.       0.       0.       0.105728 0.105728 0.105728 0.       0.       0.105728 0.       0.105728 0.       0.       0.       0.       0.105728 0.       0.154175 0.       0.       0.      ],[0. 1. 0. 0. 0. 0. 0. 1. 0. 0. 0. 0. 0. 1. 1. 1. 0. 0. 1. 0. 1. 0. 0. 0. 0. 1. 0. 1. 0. 0. 0.],9.0,1000,100,0.01,0.0005,1,7,idID,,random,single_objective
150,0.18471970527404802,0.3879113810755008,0.003424091372,[0.       0.105728 0.       0.       0.       0.       0.       0.105728 0.       0.       0.       0.       0.       0.105728 0.105728 0.105728 0.       0.       0.105728 0.       0.105728 0.       0.       0.       0.       0.105728 0.       0.154175 0.       0.       0.      ],[0. 1. 0. 0. 0. 0. 0. 1. 0. 0. 0. 0. 0. 1. 1. 1. 0. 0. 1. 0. 1. 0. 0. 0. 0. 1. 0. 1. 0. 0. 0.],9.0,1000,100,0.01,0.0005,1,7,idID,,random,single_objective
151,0.18471970527404802,0.3879113810755008,0.003424091372,[0.       0.105728 0.       0.       0.       0.       0.       0.105728 0.       0.       0.       0.       0.       0.105728 0.105728 0.105728 0.       0.       0.105728 0.       0.105728 0.       0.       0.       0.       0.105728 0.       0.154175 0.       0.       0.      ],[0. 1. 0. 0. 0. 0. 0. 1. 0. 0. 0. 0. 0. 1. 1. 1. 0. 0. 1. 0. 1. 0. 0. 0. 0. 1. 0. 1. 0. 0. 0.],9.0,1000,100,0.01,0.0005,1,7,idID,,random,single_objective
152,0.18471970527404802,0.3879113810755008,0.003424091372,[0.       0.105728 0.       0.       0.       0.       0.       0.105728 0.       0.       0.       0.       0.       0.105728 0.105728 0.105728 0.       0.       0.105728 0.       0.105728 0.       0.       0.       0.       0.105728 0.       0.154175 0.       0.       0.      ],[0. 1. 0. 0. 0. 0. 0. 1. 0. 0. 0. 0. 0. 1. 1. 1. 0. 0. 1. 0. 1. 0. 0. 0. 0. 1. 0. 1. 0. 0. 0.],9.0,1000,100,0.01,0.0005,1,7,idID,,random,single_objective
153,0.18471970527404802,0.3879113810755008,0.003424091372,[0.       0.105728 0.       0.       0.       0.       0.       0.105728 0.       0.       0.       0.       0.       0.105728 0.105728 0.105728 0.       0.       0.105728 0.       0.105728 0.       0.       0.       0.       0.105728 0.       0.154175 0.       0.       0.      ],[0. 1. 0. 0. 0. 0. 0. 1. 0. 0. 0. 0. 0. 1. 1. 1. 0. 0. 1. 0. 1. 0. 0. 0. 0. 1. 0. 1. 0. 0. 0.],9.0,1000,100,0.01,0.0005,1,7,idID,,random,single_objective
154,0.18471970527404802,0.3879113810755008,0.003424091372,[0.       0.105728 0.       0.       0.       0.       0.       0.105728 0.       0.       0.       0.       0.       0.105728 0.105728 0.105728 0.       0.       0.105728 0.       0.105728 0.       0.       0.       0.       0.105728 0.       0.154175 0.       0.       0.      ],[0. 1. 0. 0. 0. 0. 0. 1. 0. 0. 0. 0. 0. 1. 1. 1. 0. 0. 1. 0. 1. 0. 0. 0. 0. 1. 0. 1. 0. 0. 0.],9.0,1000,100,0.01,0.0005,1,7,idID,,random,single_objective
155,0.18471970527404802,0.3879113810755008,0.003424091372,[0.       0.105728 0.       0.       0.       0.       0.       0.105728 0.       0.       0.       0.       0.       0.105728 0.105728 0.105728 0.       0.       0.105728 0.       0.105728 0.       0.       0.       0.       0.105728 0.       0.154175 0.       0.       0.      ],[0. 1. 0. 0. 0. 0. 0. 1. 0. 0. 0. 0. 0. 1. 1. 1. 0. 0. 1. 0. 1. 0. 0. 0. 0. 1. 0. 1. 0. 0. 0.],9.0,1000,100,0.01,0.0005,1,7,idID,,random,single_objective
156,0.18471970527404802,0.3879113810755008,0.003424091372,[0.       0.105728 0.       0.       0.       0.       0.       0.105728 0.       0.       0.       0.       0.       0.105728 0.105728 0.105728 0.       0.       0.105728 0.       0.105728 0.       0.       0.       0.       0.105728 0.       0.154175 0.       0.       0.      ],[0. 1. 0. 0. 0. 0. 0. 1. 0. 0. 0. 0. 0. 1. 1. 1. 0. 0. 1. 0. 1. 0. 0. 0. 0. 1. 0. 1. 0. 0. 0.],9.0,1000,100,0.01,0.0005,1,7,idID,,random,single_objective
157,0.18471970527404802,0.3879113810755008,0.003424091372,[0.       0.105728 0.       0.       0.       0.       0.       0.105728 0.       0.       0.       0.       0.       0.105728 0.105728 0.105728 0.       0.       0.105728 0.       0.105728 0.       0.       0.       0.       0.105728 0.       0.154175 0.       0.       0.      ],[0. 1. 0. 0. 0. 0. 0. 1. 0. 0. 0. 0. 0. 1. 1. 1. 0. 0. 1. 0. 1. 0. 0. 0. 0. 1. 0. 1. 0. 0. 0.],9.0,1000,100,0.01,0.0005,1,7,idID,,random,single_objective
158,0.18471970527404802,0.3879113810755008,0.003424091372,[0.       0.105728 0.       0.       0.       0.       0.       0.105728 0.       0.       0.       0.       0.       0.105728 0.105728 0.105728 0.       0.       0.105728 0.       0.105728 0.       0.       0.       0.       0.105728 0.       0.154175 0.       0.       0.      ],[0. 1. 0. 0. 0. 0. 0. 1. 0. 0. 0. 0. 0. 1. 1. 1. 0. 0. 1. 0. 1. 0. 0. 0. 0. 1. 0. 1. 0. 0. 0.],9.0,1000,100,0.01,0.0005,1,7,idID,,random,single_objective
159,0.18471970527404802,0.3879113810755008,0.003424091372,[0.       0.105728 0.       0.       0.       0.       0.       0.105728 0.       0.       0.       0.       0.       0.105728 0.105728 0.105728 0.       0.       0.105728 0.       0.105728 0.       0.       0.       0.       0.105728 0.       0.154175 0.       0.       0.      ],[0. 1. 0. 0. 0. 0. 0. 1. 0. 0. 0. 0. 0. 1. 1. 1. 0. 0. 1. 0. 1. 0. 0. 0. 0. 1. 0. 1. 0. 0. 0.],9.0,1000,100,0.01,0.0005,1,7,idID,,random,single_objective
160,0.18471970527404802,0.3879113810755008,0.003424091372,[0.       0.105728 0.       0.       0.       0.       0.       0.105728 0.       0.       0.       0.       0.       0.105728 0.105728 0.105728 0.       0.       0.105728 0.       0.105728 0.       0.       0.       0.       0.105728 0.       0.154175 0.       0.       0.      ],[0. 1. 0. 0. 0. 0. 0. 1. 0. 0. 0. 0. 0. 1. 1. 1. 0. 0. 1. 0. 1. 0. 0. 0. 0. 1. 0. 1. 0. 0. 0.],9.0,1000,100,0.01,0.0005,1,7,idID,,random,single_objective
161,0.18471970527404802,0.3879113810755008,0.003424091372,[0.       0.105728 0.       0.       0.       0.       0.       0.105728 0.       0.       0.       0.       0.       0.105728 0.105728 0.105728 0.       0.       0.105728 0.       0.105728 0.       0.       0.       0.       0.105728 0.       0.154175 0.       0.       0.      ],[0. 1. 0. 0. 0. 0. 0. 1. 0. 0. 0. 0. 0. 1. 1. 1. 0. 0. 1. 0. 1. 0. 0. 0. 0. 1. 0. 1. 0. 0. 0.],9.0,1000,100,0.01,0.0005,1,7,idID,,random,single_objective
162,0.18471970527404802,0.3879113810755008,0.003424091372,[0.       0.105728 0.       0.       0.       0.       0.       0.105728 0.       0.       0.       0.       0.       0.105728 0.105728 0.105728 0.       0.       0.105728 0.       0.105728 0.       0.       0.       0.       0.105728 0.       0.154175 0.       0.       0.      ],[0. 1. 0. 0. 0. 0. 0. 1. 0. 0. 0. 0. 0. 1. 1. 1. 0. 0. 1. 0. 1. 0. 0. 0. 0. 1. 0. 1. 0. 0. 0.],9.0,1000,100,0.01,0.0005,1,7,idID,,random,single_objective
163,0.18471970527404802,0.3879113810755008,0.003424091372,[0.       0.105728 0.       0.       0.       0.       0.       0.105728 0.       0.       0.       0.       0.       0.105728 0.105728 0.105728 0.       0.       0.105728 0.       0.105728 0.       0.       0.       0.       0.105728 0.       0.154175 0.       0.       0.      ],[0. 1. 0. 0. 0. 0. 0. 1. 0. 0. 0. 0. 0. 1. 1. 1. 0. 0. 1. 0. 1. 0. 0. 0. 0. 1. 0. 1. 0. 0. 0.],9.0,1000,100,0.01,0.0005,1,7,idID,,random,single_objective
164,0.18471970527404802,0.3879113810755008,0.003424091372,[0.       0.105728 0.       0.       0.       0.       0.       0.105728 0.       0.       0.       0.       0.       0.105728 0.105728 0.105728 0.       0.       0.105728 0.       0.105728 0.       0.       0.       0.       0.105728 0.       0.154175 0.       0.       0.      ],[0. 1. 0. 0. 0. 0. 0. 1. 0. 0. 0. 0. 0. 1. 1. 1. 0. 0. 1. 0. 1. 0. 0. 0. 0. 1. 0. 1. 0. 0. 0.],9.0,1000,100,0.01,0.0005,1,7,idID,,random,single_objective
165,0.18471970527404802,0.3879113810755008,0.003424091372,[0.       0.105728 0.       0.       0.       0.       0.       0.105728 0.       0.       0.       0.       0.       0.105728 0.105728 0.105728 0.       0.       0.105728 0.       0.105728 0.       0.       0.       0.       0.105728 0.       0.154175 0.       0.       0.      ],[0. 1. 0. 0. 0. 0. 0. 1. 0. 0. 0. 0. 0. 1. 1. 1. 0. 0. 1. 0. 1. 0. 0. 0. 0. 1. 0. 1. 0. 0. 0.],9.0,1000,100,0.01,0.0005,1,7,idID,,random,single_objective
166,0.18471970527404802,0.3879113810755008,0.003424091372,[0.       0.105728 0.       0.       0.       0.       0.       0.105728 0.       0.       0.       0.       0.       0.105728 0.105728 0.105728 0.       0.       0.105728 0.       0.105728 0.       0.       0.       0.       0.105728 0.       0.154175 0.       0.       0.      ],[0. 1. 0. 0. 0. 0. 0. 1. 0. 0. 0. 0. 0. 1. 1. 1. 0. 0. 1. 0. 1. 0. 0. 0. 0. 1. 0. 1. 0. 0. 0.],9.0,1000,100,0.01,0.0005,1,7,idID,,random,single_objective
167,0.18471970527404802,0.3879113810755008,0.003424091372,[0.       0.105728 0.       0.       0.       0.       0.       0.105728 0.       0.       0.       0.       0.       0.105728 0.105728 0.105728 0.       0.       0.105728 0.       0.105728 0.       0.       0.       0.       0.105728 0.       0.154175 0.       0.       0.      ],[0. 1. 0. 0. 0. 0. 0. 1. 0. 0. 0. 0. 0. 1. 1. 1. 0. 0. 1. 0. 1. 0. 0. 0. 0. 1. 0. 1. 0. 0. 0.],9.0,1000,100,0.01,0.0005,1,7,idID,,random,single_objective
168,0.18471970527404802,0.3879113810755008,0.003424091372,[0.       0.105728 0.       0.       0.       0.       0.       0.105728 0.       0.       0.       0.       0.       0.105728 0.105728 0.105728 0.       0.       0.105728 0.       0.105728 0.       0.       0.       0.       0.105728 0.       0.154175 0.       0.       0.      ],[0. 1. 0. 0. 0. 0. 0. 1. 0. 0. 0. 0. 0. 1. 1. 1. 0. 0. 1. 0. 1. 0. 0. 0. 0. 1. 0. 1. 0. 0. 0.],9.0,1000,100,0.01,0.0005,1,7,idID,,random,single_objective
169,0.18471970527404802,0.3879113810755008,0.003424091372,[0.       0.105728 0.       0.       0.       0.       0.       0.105728 0.       0.       0.       0.       0.       0.105728 0.105728 0.105728 0.       0.       0.105728 0.       0.105728 0.       0.       0.       0.       0.105728 0.       0.154175 0.       0.       0.      ],[0. 1. 0. 0. 0. 0. 0. 1. 0. 0. 0. 0. 0. 1. 1. 1. 0. 0. 1. 0. 1. 0. 0. 0. 0. 1. 0. 1. 0. 0. 0.],9.0,1000,100,0.01,0.0005,1,7,idID,,random,single_objective
170,0.18471970527404802,0.3879113810755008,0.003424091372,[0.       0.105728 0.       0.       0.       0.       0.       0.105728 0.       0.       0.       0.       0.       0.105728 0.105728 0.105728 0.       0.       0.105728 0.       0.105728 0.       0.       0.       0.       0.105728 0.       0.154175 0.       0.       0.      ],[0. 1. 0. 0. 0. 0. 0. 1. 0. 0. 0. 0. 0. 1. 1. 1. 0. 0. 1. 0. 1. 0. 0. 0. 0. 1. 0. 1. 0. 0. 0.],9.0,1000,100,0.01,0.0005,1,7,idID,,random,single_objective
171,0.18471970527404802,0.3879113810755008,0.003424091372,[0.       0.105728 0.       0.       0.       0.       0.       0.105728 0.       0.       0.       0.       0.       0.105728 0.105728 0.105728 0.       0.       0.105728 0.       0.105728 0.       0.       0.       0.       0.105728 0.       0.154175 0.       0.       0.      ],[0. 1. 0. 0. 0. 0. 0. 1. 0. 0. 0. 0. 0. 1. 1. 1. 0. 0. 1. 0. 1. 0. 0. 0. 0. 1. 0. 1. 0. 0. 0.],9.0,1000,100,0.01,0.0005,1,7,idID,,random,single_objective
172,0.18471970527404802,0.3879113810755008,0.003424091372,[0.       0.105728 0.       0.       0.       0.       0.       0.105728 0.       0.       0.       0.       0.       0.105728 0.105728 0.105728 0.       0.       0.105728 0.       0.105728 0.       0.       0.       0.       0.105728 0.       0.154175 0.       0.       0.      ],[0. 1. 0. 0. 0. 0. 0. 1. 0. 0. 0. 0. 0. 1. 1. 1. 0. 0. 1. 0. 1. 0. 0. 0. 0. 1. 0. 1. 0. 0. 0.],9.0,1000,100,0.01,0.0005,1,7,idID,,random,single_objective
173,0.18471970527404802,0.3879113810755008,0.003424091372,[0.       0.105728 0.       0.       0.       0.       0.       0.105728 0.       0.       0.       0.       0.       0.105728 0.105728 0.105728 0.       0.       0.105728 0.       0.105728 0.       0.       0.       0.       0.105728 0.       0.154175 0.       0.       0.      ],[0. 1. 0. 0. 0. 0. 0. 1. 0. 0. 0. 0. 0. 1. 1. 1. 0. 0. 1. 0. 1. 0. 0. 0. 0. 1. 0. 1. 0. 0. 0.],9.0,1000,100,0.01,0.0005,1,7,idID,,random,single_objective
174,0.18471970527404802,0.3879113810755008,0.003424091372,[0.       0.105728 0.       0.       0.       0.       0.       0.105728 0.       0.       0.       0.       0.       0.105728 0.105728 0.105728 0.       0.       0.105728 0.       0.105728 0.       0.       0.       0.       0.105728 0.       0.154175 0.       0.       0.      ],[0. 1. 0. 0. 0. 0. 0. 1. 0. 0. 0. 0. 0. 1. 1. 1. 0. 0. 1. 0. 1. 0. 0. 0. 0. 1. 0. 1. 0. 0. 0.],9.0,1000,100,0.01,0.0005,1,7,idID,,random,single_objective
175,0.18471970527404802,0.3879113810755008,0.003424091372,[0.       0.105728 0.       0.       0.       0.       0.       0.105728 0.       0.       0.       0.       0.       0.105728 0.105728 0.105728 0.       0.       0.105728 0.       0.105728 0.       0.       0.       0.       0.105728 0.       0.154175 0.       0.       0.      ],[0. 1. 0. 0. 0. 0. 0. 1. 0. 0. 0. 0. 0. 1. 1. 1. 0. 0. 1. 0. 1. 0. 0. 0. 0. 1. 0. 1. 0. 0. 0.],9.0,1000,100,0.01,0.0005,1,7,idID,,random,single_objective
176,0.18471970527404802,0.3879113810755008,0.003424091372,[0.       0.105728 0.       0.       0.       0.       0.       0.105728 0.       0.       0.       0.       0.       0.105728 0.105728 0.105728 0.       0.       0.105728 0.       0.105728 0.       0.       0.       0.       0.105728 0.       0.154175 0.       0.       0.      ],[0. 1. 0. 0. 0. 0. 0. 1. 0. 0. 0. 0. 0. 1. 1. 1. 0. 0. 1. 0. 1. 0. 0. 0. 0. 1. 0. 1. 0. 0. 0.],9.0,1000,100,0.01,0.0005,1,7,idID,,random,single_objective
177,0.18471970527404802,0.3879113810755008,0.003424091372,[0.       0.105728 0.       0.       0.       0.       0.       0.105728 0.       0.       0.       0.       0.       0.105728 0.105728 0.105728 0.       0.       0.105728 0.       0.105728 0.       0.       0.       0.       0.105728 0.       0.154175 0.       0.       0.      ],[0. 1. 0. 0. 0. 0. 0. 1. 0. 0. 0. 0. 0. 1. 1. 1. 0. 0. 1. 0. 1. 0. 0. 0. 0. 1. 0. 1. 0. 0. 0.],9.0,1000,100,0.01,0.0005,1,7,idID,,random,single_objective
178,0.18471970527404802,0.3879113810755008,0.003424091372,[0.       0.105728 0.       0.       0.       0.       0.       0.105728 0.       0.       0.       0.       0.       0.105728 0.105728 0.105728 0.       0.       0.105728 0.       0.105728 0.       0.       0.       0.       0.105728 0.       0.154175 0.       0.       0.      ],[0. 1. 0. 0. 0. 0. 0. 1. 0. 0. 0. 0. 0. 1. 1. 1. 0. 0. 1. 0. 1. 0. 0. 0. 0. 1. 0. 1. 0. 0. 0.],9.0,1000,100,0.01,0.0005,1,7,idID,,random,single_objective
179,0.18471970527404802,0.3879113810755008,0.003424091372,[0.       0.105728 0.       0.       0.       0.       0.       0.105728 0.       0.       0.       0.       0.       0.105728 0.105728 0.105728 0.       0.       0.105728 0.       0.105728 0.       0.       0.       0.       0.105728 0.       0.154175 0.       0.       0.      ],[0. 1. 0. 0. 0. 0. 0. 1. 0. 0. 0. 0. 0. 1. 1. 1. 0. 0. 1. 0. 1. 0. 0. 0. 0. 1. 0. 1. 0. 0. 0.],9.0,1000,100,0.01,0.0005,1,7,idID,,random,single_objective
180,0.18471970527404802,0.3879113810755008,0.003424091372,[0.       0.105728 0.       0.       0.       0.       0.       0.105728 0.       0.       0.       0.       0.       0.105728 0.105728 0.105728 0.       0.       0.105728 0.       0.105728 0.       0.       0.       0.       0.105728 0.       0.154175 0.       0.       0.      ],[0. 1. 0. 0. 0. 0. 0. 1. 0. 0. 0. 0. 0. 1. 1. 1. 0. 0. 1. 0. 1. 0. 0. 0. 0. 1. 0. 1. 0. 0. 0.],9.0,1000,100,0.01,0.0005,1,7,idID,,random,single_objective
181,0.18471970527404802,0.3879113810755008,0.003424091372,[0.       0.105728 0.       0.       0.       0.       0.       0.105728 0.       0.       0.       0.       0.       0.105728 0.105728 0.105728 0.       0.       0.105728 0.       0.105728 0.       0.       0.       0.       0.105728 0.       0.154175 0.       0.       0.      ],[0. 1. 0. 0. 0. 0. 0. 1. 0. 0. 0. 0. 0. 1. 1. 1. 0. 0. 1. 0. 1. 0. 0. 0. 0. 1. 0. 1. 0. 0. 0.],9.0,1000,100,0.01,0.0005,1,7,idID,,random,single_objective
182,0.18471970527404802,0.3879113810755008,0.003424091372,[0.       0.105728 0.       0.       0.       0.       0.       0.105728 0.       0.       0.       0.       0.       0.105728 0.105728 0.105728 0.       0.       0.105728 0.       0.105728 0.       0.       0.       0.       0.105728 0.       0.154175 0.       0.       0.      ],[0. 1. 0. 0. 0. 0. 0. 1. 0. 0. 0. 0. 0. 1. 1. 1. 0. 0. 1. 0. 1. 0. 0. 0. 0. 1. 0. 1. 0. 0. 0.],9.0,1000,100,0.01,0.0005,1,7,idID,,random,single_objective
183,0.18471970527404802,0.3879113810755008,0.003424091372,[0.       0.105728 0.       0.       0.       0.       0.       0.105728 0.       0.       0.       0.       0.       0.105728 0.105728 0.105728 0.       0.       0.105728 0.       0.105728 0.       0.       0.       0.       0.105728 0.       0.154175 0.       0.       0.      ],[0. 1. 0. 0. 0. 0. 0. 1. 0. 0. 0. 0. 0. 1. 1. 1. 0. 0. 1. 0. 1. 0. 0. 0. 0. 1. 0. 1. 0. 0. 0.],9.0,1000,100,0.01,0.0005,1,7,idID,,random,single_objective
184,0.18471970527404802,0.3879113810755008,0.003424091372,[0.       0.105728 0.       0.       0.       0.       0.       0.105728 0.       0.       0.       0.       0.       0.105728 0.105728 0.105728 0.       0.       0.105728 0.       0.105728 0.       0.       0.       0.       0.105728 0.       0.154175 0.       0.       0.      ],[0. 1. 0. 0. 0. 0. 0. 1. 0. 0. 0. 0. 0. 1. 1. 1. 0. 0. 1. 0. 1. 0. 0. 0. 0. 1. 0. 1. 0. 0. 0.],9.0,1000,100,0.01,0.0005,1,7,idID,,random,single_objective
185,0.18471970527404802,0.3879113810755008,0.003424091372,[0.       0.105728 0.       0.       0.       0.       0.       0.105728 0.       0.       0.       0.       0.       0.105728 0.105728 0.105728 0.       0.       0.105728 0.       0.105728 0.       0.       0.       0.       0.105728 0.       0.154175 0.       0.       0.      ],[0. 1. 0. 0. 0. 0. 0. 1. 0. 0. 0. 0. 0. 1. 1. 1. 0. 0. 1. 0. 1. 0. 0. 0. 0. 1. 0. 1. 0. 0. 0.],9.0,1000,100,0.01,0.0005,1,7,idID,,random,single_objective
186,0.18471970527404802,0.3879113810755008,0.003424091372,[0.       0.105728 0.       0.       0.       0.       0.       0.105728 0.       0.       0.       0.       0.       0.105728 0.105728 0.105728 0.       0.       0.105728 0.       0.105728 0.       0.       0.       0.       0.105728 0.       0.154175 0.       0.       0.      ],[0. 1. 0. 0. 0. 0. 0. 1. 0. 0. 0. 0. 0. 1. 1. 1. 0. 0. 1. 0. 1. 0. 0. 0. 0. 1. 0. 1. 0. 0. 0.],9.0,1000,100,0.01,0.0005,1,7,idID,,random,single_objective
187,0.18471970527404802,0.3879113810755008,0.003424091372,[0.       0.105728 0.       0.       0.       0.       0.       0.105728 0.       0.       0.       0.       0.       0.105728 0.105728 0.105728 0.       0.       0.105728 0.       0.105728 0.       0.       0.       0.       0.105728 0.       0.154175 0.       0.       0.      ],[0. 1. 0. 0. 0. 0. 0. 1. 0. 0. 0. 0. 0. 1. 1. 1. 0. 0. 1. 0. 1. 0. 0. 0. 0. 1. 0. 1. 0. 0. 0.],9.0,1000,100,0.01,0.0005,1,7,idID,,random,single_objective
188,0.18471970527404802,0.3879113810755008,0.003424091372,[0.       0.105728 0.       0.       0.       0.       0.       0.105728 0.       0.       0.       0.       0.       0.105728 0.105728 0.105728 0.       0.       0.105728 0.       0.105728 0.       0.       0.       0.       0.105728 0.       0.154175 0.       0.       0.      ],[0. 1. 0. 0. 0. 0. 0. 1. 0. 0. 0. 0. 0. 1. 1. 1. 0. 0. 1. 0. 1. 0. 0. 0. 0. 1. 0. 1. 0. 0. 0.],9.0,1000,100,0.01,0.0005,1,7,idID,,random,single_objective
189,0.18471970527404802,0.3879113810755008,0.003424091372,[0.       0.105728 0.       0.       0.       0.       0.       0.105728 0.       0.       0.       0.       0.       0.105728 0.105728 0.105728 0.       0.       0.105728 0.       0.105728 0.       0.       0.       0.       0.105728 0.       0.154175 0.       0.       0.      ],[0. 1. 0. 0. 0. 0. 0. 1. 0. 0. 0. 0. 0. 1. 1. 1. 0. 0. 1. 0. 1. 0. 0. 0. 0. 1. 0. 1. 0. 0. 0.],9.0,1000,100,0.01,0.0005,1,7,idID,,random,single_objective
190,0.18471970527404802,0.3879113810755008,0.003424091372,[0.       0.105728 0.       0.       0.       0.       0.       0.105728 0.       0.       0.       0.       0.       0.105728 0.105728 0.105728 0.       0.       0.105728 0.       0.105728 0.       0.       0.       0.       0.105728 0.       0.154175 0.       0.       0.      ],[0. 1. 0. 0. 0. 0. 0. 1. 0. 0. 0. 0. 0. 1. 1. 1. 0. 0. 1. 0. 1. 0. 0. 0. 0. 1. 0. 1. 0. 0. 0.],9.0,1000,100,0.01,0.0005,1,7,idID,,random,single_objective
191,0.18471970527404802,0.3879113810755008,0.003424091372,[0.       0.105728 0.       0.       0.       0.       0.       0.105728 0.       0.       0.       0.       0.       0.105728 0.105728 0.105728 0.       0.       0.105728 0.       0.105728 0.       0.       0.       0.       0.105728 0.       0.154175 0.       0.       0.      ],[0. 1. 0. 0. 0. 0. 0. 1. 0. 0. 0. 0. 0. 1. 1. 1. 0. 0. 1. 0. 1. 0. 0. 0. 0. 1. 0. 1. 0. 0. 0.],9.0,1000,100,0.01,0.0005,1,7,idID,,random,single_objective
192,0.18471970527404802,0.3879113810755008,0.003424091372,[0.       0.105728 0.       0.       0.       0.       0.       0.105728 0.       0.       0.       0.       0.       0.105728 0.105728 0.105728 0.       0.       0.105728 0.       0.105728 0.       0.       0.       0.       0.105728 0.       0.154175 0.       0.       0.      ],[0. 1. 0. 0. 0. 0. 0. 1. 0. 0. 0. 0. 0. 1. 1. 1. 0. 0. 1. 0. 1. 0. 0. 0. 0. 1. 0. 1. 0. 0. 0.],9.0,1000,100,0.01,0.0005,1,7,idID,,random,single_objective
193,0.18471970527404802,0.3879113810755008,0.003424091372,[0.       0.105728 0.       0.       0.       0.       0.       0.105728 0.       0.       0.       0.       0.       0.105728 0.105728 0.105728 0.       0.       0.105728 0.       0.105728 0.       0.       0.       0.       0.105728 0.       0.154175 0.       0.       0.      ],[0. 1. 0. 0. 0. 0. 0. 1. 0. 0. 0. 0. 0. 1. 1. 1. 0. 0. 1. 0. 1. 0. 0. 0. 0. 1. 0. 1. 0. 0. 0.],9.0,1000,100,0.01,0.0005,1,7,idID,,random,single_objective
194,0.18471970527404802,0.3879113810755008,0.003424091372,[0.       0.105728 0.       0.       0.       0.       0.       0.105728 0.       0.       0.       0.       0.       0.105728 0.105728 0.105728 0.       0.       0.105728 0.       0.105728 0.       0.       0.       0.       0.105728 0.       0.154175 0.       0.       0.      ],[0. 1. 0. 0. 0. 0. 0. 1. 0. 0. 0. 0. 0. 1. 1. 1. 0. 0. 1. 0. 1. 0. 0. 0. 0. 1. 0. 1. 0. 0. 0.],9.0,1000,100,0.01,0.0005,1,7,idID,,random,single_objective
195,0.18471970527404802,0.3879113810755008,0.003424091372,[0.       0.105728 0.       0.       0.       0.       0.       0.105728 0.       0.       0.       0.       0.       0.105728 0.105728 0.105728 0.       0.       0.105728 0.       0.105728 0.       0.       0.       0.       0.105728 0.       0.154175 0.       0.       0.      ],[0. 1. 0. 0. 0. 0. 0. 1. 0. 0. 0. 0. 0. 1. 1. 1. 0. 0. 1. 0. 1. 0. 0. 0. 0. 1. 0. 1. 0. 0. 0.],9.0,1000,100,0.01,0.0005,1,7,idID,,random,single_objective
196,0.18471970527404802,0.3879113810755008,0.003424091372,[0.       0.105728 0.       0.       0.       0.       0.       0.105728 0.       0.       0.       0.       0.       0.105728 0.105728 0.105728 0.       0.       0.105728 0.       0.105728 0.       0.       0.       0.       0.105728 0.       0.154175 0.       0.       0.      ],[0. 1. 0. 0. 0. 0. 0. 1. 0. 0. 0. 0. 0. 1. 1. 1. 0. 0. 1. 0. 1. 0. 0. 0. 0. 1. 0. 1. 0. 0. 0.],9.0,1000,100,0.01,0.0005,1,7,idID,,random,single_objective
197,0.18471970527404802,0.3879113810755008,0.003424091372,[0.       0.105728 0.       0.       0.       0.       0.       0.105728 0.       0.       0.       0.       0.       0.105728 0.105728 0.105728 0.       0.       0.105728 0.       0.105728 0.       0.       0.       0.       0.105728 0.       0.154175 0.       0.       0.      ],[0. 1. 0. 0. 0. 0. 0. 1. 0. 0. 0. 0. 0. 1. 1. 1. 0. 0. 1. 0. 1. 0. 0. 0. 0. 1. 0. 1. 0. 0. 0.],9.0,1000,100,0.01,0.0005,1,7,idID,,random,single_objective
198,0.18471970527404802,0.3879113810755008,0.003424091372,[0.       0.105728 0.       0.       0.       0.       0.       0.105728 0.       0.       0.       0.       0.       0.105728 0.105728 0.105728 0.       0.       0.105728 0.       0.105728 0.       0.       0.       0.       0.105728 0.       0.154175 0.       0.       0.      ],[0. 1. 0. 0. 0. 0. 0. 1. 0. 0. 0. 0. 0. 1. 1. 1. 0. 0. 1. 0. 1. 0. 0. 0. 0. 1. 0. 1. 0. 0. 0.],9.0,1000,100,0.01,0.0005,1,7,idID,,random,single_objective
199,0.18471970527404802,0.3879113810755008,0.003424091372,[0.       0.105728 0.       0.       0.       0.       0.       0.105728 0.       0.       0.       0.       0.       0.105728 0.105728 0.105728 0.       0.       0.105728 0.       0.105728 0.       0.       0.       0.       0.105728 0.       0.154175 0.       0.       0.      ],[0. 1. 0. 0. 0. 0. 0. 1. 0. 0. 0. 0. 0. 1. 1. 1. 0. 0. 1. 0. 1. 0. 0. 0. 0. 1. 0. 1. 0. 0. 0.],9.0,1000,100,0.01,0.0005,1,7,idID,,random,single_objective
200,0.18471970527404802,0.3879113810755008,0.003424091372,[0.       0.105728 0.       0.       0.       0.       0.       0.105728 0.       0.       0.       0.       0.       0.105728 0.105728 0.105728 0.       0.       0.105728 0.       0.105728 0.       0.       0.       0.       0.105728 0.       0.154175 0.       0.       0.      ],[0. 1. 0. 0. 0. 0. 0. 1. 0. 0. 0. 0. 0. 1. 1. 1. 0. 0. 1. 0. 1. 0. 0. 0. 0. 1. 0. 1. 0. 0. 0.],9.0,1000,100,0.01,0.0005,1,7,idID,,random,single_objective
201,0.18471970527404802,0.3879113810755008,0.003424091372,[0.       0.105728 0.       0.       0.       0.       0.       0.105728 0.       0.       0.       0.       0.       0.105728 0.105728 0.105728 0.       0.       0.105728 0.       0.105728 0.       0.       0.       0.       0.105728 0.       0.154175 0.       0.       0.      ],[0. 1. 0. 0. 0. 0. 0. 1. 0. 0. 0. 0. 0. 1. 1. 1. 0. 0. 1. 0. 1. 0. 0. 0. 0. 1. 0. 1. 0. 0. 0.],9.0,1000,100,0.01,0.0005,1,7,idID,,random,single_objective
202,0.18471970527404802,0.3879113810755008,0.003424091372,[0.       0.105728 0.       0.       0.       0.       0.       0.105728 0.       0.       0.       0.       0.       0.105728 0.105728 0.105728 0.       0.       0.105728 0.       0.105728 0.       0.       0.       0.       0.105728 0.       0.154175 0.       0.       0.      ],[0. 1. 0. 0. 0. 0. 0. 1. 0. 0. 0. 0. 0. 1. 1. 1. 0. 0. 1. 0. 1. 0. 0. 0. 0. 1. 0. 1. 0. 0. 0.],9.0,1000,100,0.01,0.0005,1,7,idID,,random,single_objective
203,0.18471970527404802,0.3879113810755008,0.003424091372,[0.       0.105728 0.       0.       0.       0.       0.       0.105728 0.       0.       0.       0.       0.       0.105728 0.105728 0.105728 0.       0.       0.105728 0.       0.105728 0.       0.       0.       0.       0.105728 0.       0.154175 0.       0.       0.      ],[0. 1. 0. 0. 0. 0. 0. 1. 0. 0. 0. 0. 0. 1. 1. 1. 0. 0. 1. 0. 1. 0. 0. 0. 0. 1. 0. 1. 0. 0. 0.],9.0,1000,100,0.01,0.0005,1,7,idID,,random,single_objective
204,0.18471970527404802,0.3879113810755008,0.003424091372,[0.       0.105728 0.       0.       0.       0.       0.       0.105728 0.       0.       0.       0.       0.       0.105728 0.105728 0.105728 0.       0.       0.105728 0.       0.105728 0.       0.       0.       0.       0.105728 0.       0.154175 0.       0.       0.      ],[0. 1. 0. 0. 0. 0. 0. 1. 0. 0. 0. 0. 0. 1. 1. 1. 0. 0. 1. 0. 1. 0. 0. 0. 0. 1. 0. 1. 0. 0. 0.],9.0,1000,100,0.01,0.0005,1,7,idID,,random,single_objective
205,0.18471970527404802,0.3879113810755008,0.003424091372,[0.       0.105728 0.       0.       0.       0.       0.       0.105728 0.       0.       0.       0.       0.       0.105728 0.105728 0.105728 0.       0.       0.105728 0.       0.105728 0.       0.       0.       0.       0.105728 0.       0.154175 0.       0.       0.      ],[0. 1. 0. 0. 0. 0. 0. 1. 0. 0. 0. 0. 0. 1. 1. 1. 0. 0. 1. 0. 1. 0. 0. 0. 0. 1. 0. 1. 0. 0. 0.],9.0,1000,100,0.01,0.0005,1,7,idID,,random,single_objective
206,0.18471970527404802,0.3879113810755008,0.003424091372,[0.       0.105728 0.       0.       0.       0.       0.       0.105728 0.       0.       0.       0.       0.       0.105728 0.105728 0.105728 0.       0.       0.105728 0.       0.105728 0.       0.       0.       0.       0.105728 0.       0.154175 0.       0.       0.      ],[0. 1. 0. 0. 0. 0. 0. 1. 0. 0. 0. 0. 0. 1. 1. 1. 0. 0. 1. 0. 1. 0. 0. 0. 0. 1. 0. 1. 0. 0. 0.],9.0,1000,100,0.01,0.0005,1,7,idID,,random,single_objective
207,0.18471970527404802,0.3879113810755008,0.003424091372,[0.       0.105728 0.       0.       0.       0.       0.       0.105728 0.       0.       0.       0.       0.       0.105728 0.105728 0.105728 0.       0.       0.105728 0.       0.105728 0.       0.       0.       0.       0.105728 0.       0.154175 0.       0.       0.      ],[0. 1. 0. 0. 0. 0. 0. 1. 0. 0. 0. 0. 0. 1. 1. 1. 0. 0. 1. 0. 1. 0. 0. 0. 0. 1. 0. 1. 0. 0. 0.],9.0,1000,100,0.01,0.0005,1,7,idID,,random,single_objective
208,0.18471970527404802,0.3879113810755008,0.003424091372,[0.       0.105728 0.       0.       0.       0.       0.       0.105728 0.       0.       0.       0.       0.       0.105728 0.105728 0.105728 0.       0.       0.105728 0.       0.105728 0.       0.       0.       0.       0.105728 0.       0.154175 0.       0.       0.      ],[0. 1. 0. 0. 0. 0. 0. 1. 0. 0. 0. 0. 0. 1. 1. 1. 0. 0. 1. 0. 1. 0. 0. 0. 0. 1. 0. 1. 0. 0. 0.],9.0,1000,100,0.01,0.0005,1,7,idID,,random,single_objective
209,0.18471970527404802,0.3879113810755008,0.003424091372,[0.       0.105728 0.       0.       0.       0.       0.       0.105728 0.       0.       0.       0.       0.       0.105728 0.105728 0.105728 0.       0.       0.105728 0.       0.105728 0.       0.       0.       0.       0.105728 0.       0.154175 0.       0.       0.      ],[0. 1. 0. 0. 0. 0. 0. 1. 0. 0. 0. 0. 0. 1. 1. 1. 0. 0. 1. 0. 1. 0. 0. 0. 0. 1. 0. 1. 0. 0. 0.],9.0,1000,100,0.01,0.0005,1,7,idID,,random,single_objective
210,0.18471970527404802,0.3879113810755008,0.003424091372,[0.       0.105728 0.       0.       0.       0.       0.       0.105728 0.       0.       0.       0.       0.       0.105728 0.105728 0.105728 0.       0.       0.105728 0.       0.105728 0.       0.       0.       0.       0.105728 0.       0.154175 0.       0.       0.      ],[0. 1. 0. 0. 0. 0. 0. 1. 0. 0. 0. 0. 0. 1. 1. 1. 0. 0. 1. 0. 1. 0. 0. 0. 0. 1. 0. 1. 0. 0. 0.],9.0,1000,100,0.01,0.0005,1,7,idID,,random,single_objective
211,0.18471970527404802,0.3879113810755008,0.003424091372,[0.       0.105728 0.       0.       0.       0.       0.       0.105728 0.       0.       0.       0.       0.       0.105728 0.105728 0.105728 0.       0.       0.105728 0.       0.105728 0.       0.       0.       0.       0.105728 0.       0.154175 0.       0.       0.      ],[0. 1. 0. 0. 0. 0. 0. 1. 0. 0. 0. 0. 0. 1. 1. 1. 0. 0. 1. 0. 1. 0. 0. 0. 0. 1. 0. 1. 0. 0. 0.],9.0,1000,100,0.01,0.0005,1,7,idID,,random,single_objective
212,0.18471970527404802,0.3879113810755008,0.003424091372,[0.       0.105728 0.       0.       0.       0.       0.       0.105728 0.       0.       0.       0.       0.       0.105728 0.105728 0.105728 0.       0.       0.105728 0.       0.105728 0.       0.       0.       0.       0.105728 0.       0.154175 0.       0.       0.      ],[0. 1. 0. 0. 0. 0. 0. 1. 0. 0. 0. 0. 0. 1. 1. 1. 0. 0. 1. 0. 1. 0. 0. 0. 0. 1. 0. 1. 0. 0. 0.],9.0,1000,100,0.01,0.0005,1,7,idID,,random,single_objective
213,0.18471970527404802,0.3879113810755008,0.003424091372,[0.       0.105728 0.       0.       0.       0.       0.       0.105728 0.       0.       0.       0.       0.       0.105728 0.105728 0.105728 0.       0.       0.105728 0.       0.105728 0.       0.       0.       0.       0.105728 0.       0.154175 0.       0.       0.      ],[0. 1. 0. 0. 0. 0. 0. 1. 0. 0. 0. 0. 0. 1. 1. 1. 0. 0. 1. 0. 1. 0. 0. 0. 0. 1. 0. 1. 0. 0. 0.],9.0,1000,100,0.01,0.0005,1,7,idID,,random,single_objective
214,0.18471970527404802,0.3879113810755008,0.003424091372,[0.       0.105728 0.       0.       0.       0.       0.       0.105728 0.       0.       0.       0.       0.       0.105728 0.105728 0.105728 0.       0.       0.105728 0.       0.105728 0.       0.       0.       0.       0.105728 0.       0.154175 0.       0.       0.      ],[0. 1. 0. 0. 0. 0. 0. 1. 0. 0. 0. 0. 0. 1. 1. 1. 0. 0. 1. 0. 1. 0. 0. 0. 0. 1. 0. 1. 0. 0. 0.],9.0,1000,100,0.01,0.0005,1,7,idID,,random,single_objective
215,0.18471970527404802,0.3879113810755008,0.003424091372,[0.       0.105728 0.       0.       0.       0.       0.       0.105728 0.       0.       0.       0.       0.       0.105728 0.105728 0.105728 0.       0.       0.105728 0.       0.105728 0.       0.       0.       0.       0.105728 0.       0.154175 0.       0.       0.      ],[0. 1. 0. 0. 0. 0. 0. 1. 0. 0. 0. 0. 0. 1. 1. 1. 0. 0. 1. 0. 1. 0. 0. 0. 0. 1. 0. 1. 0. 0. 0.],9.0,1000,100,0.01,0.0005,1,7,idID,,random,single_objective
216,0.18471970527404802,0.3879113810755008,0.003424091372,[0.       0.105728 0.       0.       0.       0.       0.       0.105728 0.       0.       0.       0.       0.       0.105728 0.105728 0.105728 0.       0.       0.105728 0.       0.105728 0.       0.       0.       0.       0.105728 0.       0.154175 0.       0.       0.      ],[0. 1. 0. 0. 0. 0. 0. 1. 0. 0. 0. 0. 0. 1. 1. 1. 0. 0. 1. 0. 1. 0. 0. 0. 0. 1. 0. 1. 0. 0. 0.],9.0,1000,100,0.01,0.0005,1,7,idID,,random,single_objective
217,0.18471970527404802,0.3879113810755008,0.003424091372,[0.       0.105728 0.       0.       0.       0.       0.       0.105728 0.       0.       0.       0.       0.       0.105728 0.105728 0.105728 0.       0.       0.105728 0.       0.105728 0.       0.       0.       0.       0.105728 0.       0.154175 0.       0.       0.      ],[0. 1. 0. 0. 0. 0. 0. 1. 0. 0. 0. 0. 0. 1. 1. 1. 0. 0. 1. 0. 1. 0. 0. 0. 0. 1. 0. 1. 0. 0. 0.],9.0,1000,100,0.01,0.0005,1,7,idID,,random,single_objective
218,0.18471970527404802,0.3879113810755008,0.003424091372,[0.       0.105728 0.       0.       0.       0.       0.       0.105728 0.       0.       0.       0.       0.       0.105728 0.105728 0.105728 0.       0.       0.105728 0.       0.105728 0.       0.       0.       0.       0.105728 0.       0.154175 0.       0.       0.      ],[0. 1. 0. 0. 0. 0. 0. 1. 0. 0. 0. 0. 0. 1. 1. 1. 0. 0. 1. 0. 1. 0. 0. 0. 0. 1. 0. 1. 0. 0. 0.],9.0,1000,100,0.01,0.0005,1,7,idID,,random,single_objective
219,0.18471970527404802,0.3879113810755008,0.003424091372,[0.       0.105728 0.       0.       0.       0.       0.       0.105728 0.       0.       0.       0.       0.       0.105728 0.105728 0.105728 0.       0.       0.105728 0.       0.105728 0.       0.       0.       0.       0.105728 0.       0.154175 0.       0.       0.      ],[0. 1. 0. 0. 0. 0. 0. 1. 0. 0. 0. 0. 0. 1. 1. 1. 0. 0. 1. 0. 1. 0. 0. 0. 0. 1. 0. 1. 0. 0. 0.],9.0,1000,100,0.01,0.0005,1,7,idID,,random,single_objective
220,0.18471970527404802,0.3879113810755008,0.003424091372,[0.       0.105728 0.       0.       0.       0.       0.       0.105728 0.       0.       0.       0.       0.       0.105728 0.105728 0.105728 0.       0.       0.105728 0.       0.105728 0.       0.       0.       0.       0.105728 0.       0.154175 0.       0.       0.      ],[0. 1. 0. 0. 0. 0. 0. 1. 0. 0. 0. 0. 0. 1. 1. 1. 0. 0. 1. 0. 1. 0. 0. 0. 0. 1. 0. 1. 0. 0. 0.],9.0,1000,100,0.01,0.0005,1,7,idID,,random,single_objective
221,0.18471970527404802,0.3879113810755008,0.003424091372,[0.       0.105728 0.       0.       0.       0.       0.       0.105728 0.       0.       0.       0.       0.       0.105728 0.105728 0.105728 0.       0.       0.105728 0.       0.105728 0.       0.       0.       0.       0.105728 0.       0.154175 0.       0.       0.      ],[0. 1. 0. 0. 0. 0. 0. 1. 0. 0. 0. 0. 0. 1. 1. 1. 0. 0. 1. 0. 1. 0. 0. 0. 0. 1. 0. 1. 0. 0. 0.],9.0,1000,100,0.01,0.0005,1,7,idID,,random,single_objective
222,0.18471970527404802,0.3879113810755008,0.003424091372,[0.       0.105728 0.       0.       0.       0.       0.       0.105728 0.       0.       0.       0.       0.       0.105728 0.105728 0.105728 0.       0.       0.105728 0.       0.105728 0.       0.       0.       0.       0.105728 0.       0.154175 0.       0.       0.      ],[0. 1. 0. 0. 0. 0. 0. 1. 0. 0. 0. 0. 0. 1. 1. 1. 0. 0. 1. 0. 1. 0. 0. 0. 0. 1. 0. 1. 0. 0. 0.],9.0,1000,100,0.01,0.0005,1,7,idID,,random,single_objective
223,0.18471970527404802,0.3879113810755008,0.003424091372,[0.       0.105728 0.       0.       0.       0.       0.       0.105728 0.       0.       0.       0.       0.       0.105728 0.105728 0.105728 0.       0.       0.105728 0.       0.105728 0.       0.       0.       0.       0.105728 0.       0.154175 0.       0.       0.      ],[0. 1. 0. 0. 0. 0. 0. 1. 0. 0. 0. 0. 0. 1. 1. 1. 0. 0. 1. 0. 1. 0. 0. 0. 0. 1. 0. 1. 0. 0. 0.],9.0,1000,100,0.01,0.0005,1,7,idID,,random,single_objective
224,0.18471970527404802,0.3879113810755008,0.003424091372,[0.       0.105728 0.       0.       0.       0.       0.       0.105728 0.       0.       0.       0.       0.       0.105728 0.105728 0.105728 0.       0.       0.105728 0.       0.105728 0.       0.       0.       0.       0.105728 0.       0.154175 0.       0.       0.      ],[0. 1. 0. 0. 0. 0. 0. 1. 0. 0. 0. 0. 0. 1. 1. 1. 0. 0. 1. 0. 1. 0. 0. 0. 0. 1. 0. 1. 0. 0. 0.],9.0,1000,100,0.01,0.0005,1,7,idID,,random,single_objective
225,0.18471970527404802,0.3879113810755008,0.003424091372,[0.       0.105728 0.       0.       0.       0.       0.       0.105728 0.       0.       0.       0.       0.       0.105728 0.105728 0.105728 0.       0.       0.105728 0.       0.105728 0.       0.       0.       0.       0.105728 0.       0.154175 0.       0.       0.      ],[0. 1. 0. 0. 0. 0. 0. 1. 0. 0. 0. 0. 0. 1. 1. 1. 0. 0. 1. 0. 1. 0. 0. 0. 0. 1. 0. 1. 0. 0. 0.],9.0,1000,100,0.01,0.0005,1,7,idID,,random,single_objective
226,0.18471970527404802,0.3879113810755008,0.003424091372,[0.       0.105728 0.       0.       0.       0.       0.       0.105728 0.       0.       0.       0.       0.       0.105728 0.105728 0.105728 0.       0.       0.105728 0.       0.105728 0.       0.       0.       0.       0.105728 0.       0.154175 0.       0.       0.      ],[0. 1. 0. 0. 0. 0. 0. 1. 0. 0. 0. 0. 0. 1. 1. 1. 0. 0. 1. 0. 1. 0. 0. 0. 0. 1. 0. 1. 0. 0. 0.],9.0,1000,100,0.01,0.0005,1,7,idID,,random,single_objective
227,0.18471970527404802,0.3879113810755008,0.003424091372,[0.       0.105728 0.       0.       0.       0.       0.       0.105728 0.       0.       0.       0.       0.       0.105728 0.105728 0.105728 0.       0.       0.105728 0.       0.105728 0.       0.       0.       0.       0.105728 0.       0.154175 0.       0.       0.      ],[0. 1. 0. 0. 0. 0. 0. 1. 0. 0. 0. 0. 0. 1. 1. 1. 0. 0. 1. 0. 1. 0. 0. 0. 0. 1. 0. 1. 0. 0. 0.],9.0,1000,100,0.01,0.0005,1,7,idID,,random,single_objective
228,0.18471970527404802,0.3879113810755008,0.003424091372,[0.       0.105728 0.       0.       0.       0.       0.       0.105728 0.       0.       0.       0.       0.       0.105728 0.105728 0.105728 0.       0.       0.105728 0.       0.105728 0.       0.       0.       0.       0.105728 0.       0.154175 0.       0.       0.      ],[0. 1. 0. 0. 0. 0. 0. 1. 0. 0. 0. 0. 0. 1. 1. 1. 0. 0. 1. 0. 1. 0. 0. 0. 0. 1. 0. 1. 0. 0. 0.],9.0,1000,100,0.01,0.0005,1,7,idID,,random,single_objective
229,0.18471970527404802,0.3879113810755008,0.003424091372,[0.       0.105728 0.       0.       0.       0.       0.       0.105728 0.       0.       0.       0.       0.       0.105728 0.105728 0.105728 0.       0.       0.105728 0.       0.105728 0.       0.       0.       0.       0.105728 0.       0.154175 0.       0.       0.      ],[0. 1. 0. 0. 0. 0. 0. 1. 0. 0. 0. 0. 0. 1. 1. 1. 0. 0. 1. 0. 1. 0. 0. 0. 0. 1. 0. 1. 0. 0. 0.],9.0,1000,100,0.01,0.0005,1,7,idID,,random,single_objective
230,0.18471970527404802,0.3879113810755008,0.003424091372,[0.       0.105728 0.       0.       0.       0.       0.       0.105728 0.       0.       0.       0.       0.       0.105728 0.105728 0.105728 0.       0.       0.105728 0.       0.105728 0.       0.       0.       0.       0.105728 0.       0.154175 0.       0.       0.      ],[0. 1. 0. 0. 0. 0. 0. 1. 0. 0. 0. 0. 0. 1. 1. 1. 0. 0. 1. 0. 1. 0. 0. 0. 0. 1. 0. 1. 0. 0. 0.],9.0,1000,100,0.01,0.0005,1,7,idID,,random,single_objective
231,0.18471970527404802,0.3879113810755008,0.003424091372,[0.       0.105728 0.       0.       0.       0.       0.       0.105728 0.       0.       0.       0.       0.       0.105728 0.105728 0.105728 0.       0.       0.105728 0.       0.105728 0.       0.       0.       0.       0.105728 0.       0.154175 0.       0.       0.      ],[0. 1. 0. 0. 0. 0. 0. 1. 0. 0. 0. 0. 0. 1. 1. 1. 0. 0. 1. 0. 1. 0. 0. 0. 0. 1. 0. 1. 0. 0. 0.],9.0,1000,100,0.01,0.0005,1,7,idID,,random,single_objective
232,0.18471970527404802,0.3879113810755008,0.003424091372,[0.       0.105728 0.       0.       0.       0.       0.       0.105728 0.       0.       0.       0.       0.       0.105728 0.105728 0.105728 0.       0.       0.105728 0.       0.105728 0.       0.       0.       0.       0.105728 0.       0.154175 0.       0.       0.      ],[0. 1. 0. 0. 0. 0. 0. 1. 0. 0. 0. 0. 0. 1. 1. 1. 0. 0. 1. 0. 1. 0. 0. 0. 0. 1. 0. 1. 0. 0. 0.],9.0,1000,100,0.01,0.0005,1,7,idID,,random,single_objective
233,0.18471970527404802,0.3879113810755008,0.003424091372,[0.       0.105728 0.       0.       0.       0.       0.       0.105728 0.       0.       0.       0.       0.       0.105728 0.105728 0.105728 0.       0.       0.105728 0.       0.105728 0.       0.       0.       0.       0.105728 0.       0.154175 0.       0.       0.      ],[0. 1. 0. 0. 0. 0. 0. 1. 0. 0. 0. 0. 0. 1. 1. 1. 0. 0. 1. 0. 1. 0. 0. 0. 0. 1. 0. 1. 0. 0. 0.],9.0,1000,100,0.01,0.0005,1,7,idID,,random,single_objective
234,0.18471970527404802,0.3879113810755008,0.003424091372,[0.       0.105728 0.       0.       0.       0.       0.       0.105728 0.       0.       0.       0.       0.       0.105728 0.105728 0.105728 0.       0.       0.105728 0.       0.105728 0.       0.       0.       0.       0.105728 0.       0.154175 0.       0.       0.      ],[0. 1. 0. 0. 0. 0. 0. 1. 0. 0. 0. 0. 0. 1. 1. 1. 0. 0. 1. 0. 1. 0. 0. 0. 0. 1. 0. 1. 0. 0. 0.],9.0,1000,100,0.01,0.0005,1,7,idID,,random,single_objective
235,0.18471970527404802,0.3879113810755008,0.003424091372,[0.       0.105728 0.       0.       0.       0.       0.       0.105728 0.       0.       0.       0.       0.       0.105728 0.105728 0.105728 0.       0.       0.105728 0.       0.105728 0.       0.       0.       0.       0.105728 0.       0.154175 0.       0.       0.      ],[0. 1. 0. 0. 0. 0. 0. 1. 0. 0. 0. 0. 0. 1. 1. 1. 0. 0. 1. 0. 1. 0. 0. 0. 0. 1. 0. 1. 0. 0. 0.],9.0,1000,100,0.01,0.0005,1,7,idID,,random,single_objective
236,0.18471970527404802,0.3879113810755008,0.003424091372,[0.       0.105728 0.       0.       0.       0.       0.       0.105728 0.       0.       0.       0.       0.       0.105728 0.105728 0.105728 0.       0.       0.105728 0.       0.105728 0.       0.       0.       0.       0.105728 0.       0.154175 0.       0.       0.      ],[0. 1. 0. 0. 0. 0. 0. 1. 0. 0. 0. 0. 0. 1. 1. 1. 0. 0. 1. 0. 1. 0. 0. 0. 0. 1. 0. 1. 0. 0. 0.],9.0,1000,100,0.01,0.0005,1,7,idID,,random,single_objective
237,0.18471970527404802,0.3879113810755008,0.003424091372,[0.       0.105728 0.       0.       0.       0.       0.       0.105728 0.       0.       0.       0.       0.       0.105728 0.105728 0.105728 0.       0.       0.105728 0.       0.105728 0.       0.       0.       0.       0.105728 0.       0.154175 0.       0.       0.      ],[0. 1. 0. 0. 0. 0. 0. 1. 0. 0. 0. 0. 0. 1. 1. 1. 0. 0. 1. 0. 1. 0. 0. 0. 0. 1. 0. 1. 0. 0. 0.],9.0,1000,100,0.01,0.0005,1,7,idID,,random,single_objective
238,0.18471970527404802,0.3879113810755008,0.003424091372,[0.       0.105728 0.       0.       0.       0.       0.       0.105728 0.       0.       0.       0.       0.       0.105728 0.105728 0.105728 0.       0.       0.105728 0.       0.105728 0.       0.       0.       0.       0.105728 0.       0.154175 0.       0.       0.      ],[0. 1. 0. 0. 0. 0. 0. 1. 0. 0. 0. 0. 0. 1. 1. 1. 0. 0. 1. 0. 1. 0. 0. 0. 0. 1. 0. 1. 0. 0. 0.],9.0,1000,100,0.01,0.0005,1,7,idID,,random,single_objective
239,0.18471970527404802,0.3879113810755008,0.003424091372,[0.       0.105728 0.       0.       0.       0.       0.       0.105728 0.       0.       0.       0.       0.       0.105728 0.105728 0.105728 0.       0.       0.105728 0.       0.105728 0.       0.       0.       0.       0.105728 0.       0.154175 0.       0.       0.      ],[0. 1. 0. 0. 0. 0. 0. 1. 0. 0. 0. 0. 0. 1. 1. 1. 0. 0. 1. 0. 1. 0. 0. 0. 0. 1. 0. 1. 0. 0. 0.],9.0,1000,100,0.01,0.0005,1,7,idID,,random,single_objective
240,0.18471970527404802,0.3879113810755008,0.003424091372,[0.       0.105728 0.       0.       0.       0.       0.       0.105728 0.       0.       0.       0.       0.       0.105728 0.105728 0.105728 0.       0.       0.105728 0.       0.105728 0.       0.       0.       0.       0.105728 0.       0.154175 0.       0.       0.      ],[0. 1. 0. 0. 0. 0. 0. 1. 0. 0. 0. 0. 0. 1. 1. 1. 0. 0. 1. 0. 1. 0. 0. 0. 0. 1. 0. 1. 0. 0. 0.],9.0,1000,100,0.01,0.0005,1,7,idID,,random,single_objective
241,0.18471970527404802,0.3879113810755008,0.003424091372,[0.       0.105728 0.       0.       0.       0.       0.       0.105728 0.       0.       0.       0.       0.       0.105728 0.105728 0.105728 0.       0.       0.105728 0.       0.105728 0.       0.       0.       0.       0.105728 0.       0.154175 0.       0.       0.      ],[0. 1. 0. 0. 0. 0. 0. 1. 0. 0. 0. 0. 0. 1. 1. 1. 0. 0. 1. 0. 1. 0. 0. 0. 0. 1. 0. 1. 0. 0. 0.],9.0,1000,100,0.01,0.0005,1,7,idID,,random,single_objective
242,0.18471970527404802,0.3879113810755008,0.003424091372,[0.       0.105728 0.       0.       0.       0.       0.       0.105728 0.       0.       0.       0.       0.       0.105728 0.105728 0.105728 0.       0.       0.105728 0.       0.105728 0.       0.       0.       0.       0.105728 0.       0.154175 0.       0.       0.      ],[0. 1. 0. 0. 0. 0. 0. 1. 0. 0. 0. 0. 0. 1. 1. 1. 0. 0. 1. 0. 1. 0. 0. 0. 0. 1. 0. 1. 0. 0. 0.],9.0,1000,100,0.01,0.0005,1,7,idID,,random,single_objective
243,0.18471970527404802,0.3879113810755008,0.003424091372,[0.       0.105728 0.       0.       0.       0.       0.       0.105728 0.       0.       0.       0.       0.       0.105728 0.105728 0.105728 0.       0.       0.105728 0.       0.105728 0.       0.       0.       0.       0.105728 0.       0.154175 0.       0.       0.      ],[0. 1. 0. 0. 0. 0. 0. 1. 0. 0. 0. 0. 0. 1. 1. 1. 0. 0. 1. 0. 1. 0. 0. 0. 0. 1. 0. 1. 0. 0. 0.],9.0,1000,100,0.01,0.0005,1,7,idID,,random,single_objective
244,0.18471970527404802,0.3879113810755008,0.003424091372,[0.       0.105728 0.       0.       0.       0.       0.       0.105728 0.       0.       0.       0.       0.       0.105728 0.105728 0.105728 0.       0.       0.105728 0.       0.105728 0.       0.       0.       0.       0.105728 0.       0.154175 0.       0.       0.      ],[0. 1. 0. 0. 0. 0. 0. 1. 0. 0. 0. 0. 0. 1. 1. 1. 0. 0. 1. 0. 1. 0. 0. 0. 0. 1. 0. 1. 0. 0. 0.],9.0,1000,100,0.01,0.0005,1,7,idID,,random,single_objective
245,0.18471970527404802,0.3879113810755008,0.003424091372,[0.       0.105728 0.       0.       0.       0.       0.       0.105728 0.       0.       0.       0.       0.       0.105728 0.105728 0.105728 0.       0.       0.105728 0.       0.105728 0.       0.       0.       0.       0.105728 0.       0.154175 0.       0.       0.      ],[0. 1. 0. 0. 0. 0. 0. 1. 0. 0. 0. 0. 0. 1. 1. 1. 0. 0. 1. 0. 1. 0. 0. 0. 0. 1. 0. 1. 0. 0. 0.],9.0,1000,100,0.01,0.0005,1,7,idID,,random,single_objective
246,0.18471970527404802,0.3879113810755008,0.003424091372,[0.       0.105728 0.       0.       0.       0.       0.       0.105728 0.       0.       0.       0.       0.       0.105728 0.105728 0.105728 0.       0.       0.105728 0.       0.105728 0.       0.       0.       0.       0.105728 0.       0.154175 0.       0.       0.      ],[0. 1. 0. 0. 0. 0. 0. 1. 0. 0. 0. 0. 0. 1. 1. 1. 0. 0. 1. 0. 1. 0. 0. 0. 0. 1. 0. 1. 0. 0. 0.],9.0,1000,100,0.01,0.0005,1,7,idID,,random,single_objective
247,0.18471970527404802,0.3879113810755008,0.003424091372,[0.       0.105728 0.       0.       0.       0.       0.       0.105728 0.       0.       0.       0.       0.       0.105728 0.105728 0.105728 0.       0.       0.105728 0.       0.105728 0.       0.       0.       0.       0.105728 0.       0.154175 0.       0.       0.      ],[0. 1. 0. 0. 0. 0. 0. 1. 0. 0. 0. 0. 0. 1. 1. 1. 0. 0. 1. 0. 1. 0. 0. 0. 0. 1. 0. 1. 0. 0. 0.],9.0,1000,100,0.01,0.0005,1,7,idID,,random,single_objective
248,0.18471970527404802,0.3879113810755008,0.003424091372,[0.       0.105728 0.       0.       0.       0.       0.       0.105728 0.       0.       0.       0.       0.       0.105728 0.105728 0.105728 0.       0.       0.105728 0.       0.105728 0.       0.       0.       0.       0.105728 0.       0.154175 0.       0.       0.      ],[0. 1. 0. 0. 0. 0. 0. 1. 0. 0. 0. 0. 0. 1. 1. 1. 0. 0. 1. 0. 1. 0. 0. 0. 0. 1. 0. 1. 0. 0. 0.],9.0,1000,100,0.01,0.0005,1,7,idID,,random,single_objective
249,0.18471970527404802,0.3879113810755008,0.003424091372,[0.       0.105728 0.       0.       0.       0.       0.       0.105728 0.       0.       0.       0.       0.       0.105728 0.105728 0.105728 0.       0.       0.105728 0.       0.105728 0.       0.       0.       0.       0.105728 0.       0.154175 0.       0.       0.      ],[0. 1. 0. 0. 0. 0. 0. 1. 0. 0. 0. 0. 0. 1. 1. 1. 0. 0. 1. 0. 1. 0. 0. 0. 0. 1. 0. 1. 0. 0. 0.],9.0,1000,100,0.01,0.0005,1,7,idID,,random,single_objective
250,0.18471970527404802,0.3879113810755008,0.003424091372,[0.       0.105728 0.       0.       0.       0.       0.       0.105728 0.       0.       0.       0.       0.       0.105728 0.105728 0.105728 0.       0.       0.105728 0.       0.105728 0.       0.       0.       0.       0.105728 0.       0.154175 0.       0.       0.      ],[0. 1. 0. 0. 0. 0. 0. 1. 0. 0. 0. 0. 0. 1. 1. 1. 0. 0. 1. 0. 1. 0. 0. 0. 0. 1. 0. 1. 0. 0. 0.],9.0,1000,100,0.01,0.0005,1,7,idID,,random,single_objective
251,0.18471970527404802,0.3879113810755008,0.003424091372,[0.       0.105728 0.       0.       0.       0.       0.       0.105728 0.       0.       0.       0.       0.       0.105728 0.105728 0.105728 0.       0.       0.105728 0.       0.105728 0.       0.       0.       0.       0.105728 0.       0.154175 0.       0.       0.      ],[0. 1. 0. 0. 0. 0. 0. 1. 0. 0. 0. 0. 0. 1. 1. 1. 0. 0. 1. 0. 1. 0. 0. 0. 0. 1. 0. 1. 0. 0. 0.],9.0,1000,100,0.01,0.0005,1,7,idID,,random,single_objective
252,0.18471970527404802,0.3879113810755008,0.003424091372,[0.       0.105728 0.       0.       0.       0.       0.       0.105728 0.       0.       0.       0.       0.       0.105728 0.105728 0.105728 0.       0.       0.105728 0.       0.105728 0.       0.       0.       0.       0.105728 0.       0.154175 0.       0.       0.      ],[0. 1. 0. 0. 0. 0. 0. 1. 0. 0. 0. 0. 0. 1. 1. 1. 0. 0. 1. 0. 1. 0. 0. 0. 0. 1. 0. 1. 0. 0. 0.],9.0,1000,100,0.01,0.0005,1,7,idID,,random,single_objective
253,0.18471970527404802,0.3879113810755008,0.003424091372,[0.       0.105728 0.       0.       0.       0.       0.       0.105728 0.       0.       0.       0.       0.       0.105728 0.105728 0.105728 0.       0.       0.105728 0.       0.105728 0.       0.       0.       0.       0.105728 0.       0.154175 0.       0.       0.      ],[0. 1. 0. 0. 0. 0. 0. 1. 0. 0. 0. 0. 0. 1. 1. 1. 0. 0. 1. 0. 1. 0. 0. 0. 0. 1. 0. 1. 0. 0. 0.],9.0,1000,100,0.01,0.0005,1,7,idID,,random,single_objective
254,0.18471970527404802,0.3879113810755008,0.003424091372,[0.       0.105728 0.       0.       0.       0.       0.       0.105728 0.       0.       0.       0.       0.       0.105728 0.105728 0.105728 0.       0.       0.105728 0.       0.105728 0.       0.       0.       0.       0.105728 0.       0.154175 0.       0.       0.      ],[0. 1. 0. 0. 0. 0. 0. 1. 0. 0. 0. 0. 0. 1. 1. 1. 0. 0. 1. 0. 1. 0. 0. 0. 0. 1. 0. 1. 0. 0. 0.],9.0,1000,100,0.01,0.0005,1,7,idID,,random,single_objective
255,0.18471970527404802,0.3879113810755008,0.003424091372,[0.       0.105728 0.       0.       0.       0.       0.       0.105728 0.       0.       0.       0.       0.       0.105728 0.105728 0.105728 0.       0.       0.105728 0.       0.105728 0.       0.       0.       0.       0.105728 0.       0.154175 0.       0.       0.      ],[0. 1. 0. 0. 0. 0. 0. 1. 0. 0. 0. 0. 0. 1. 1. 1. 0. 0. 1. 0. 1. 0. 0. 0. 0. 1. 0. 1. 0. 0. 0.],9.0,1000,100,0.01,0.0005,1,7,idID,,random,single_objective
256,0.18471970527404802,0.3879113810755008,0.003424091372,[0.       0.105728 0.       0.       0.       0.       0.       0.105728 0.       0.       0.       0.       0.       0.105728 0.105728 0.105728 0.       0.       0.105728 0.       0.105728 0.       0.       0.       0.       0.105728 0.       0.154175 0.       0.       0.      ],[0. 1. 0. 0. 0. 0. 0. 1. 0. 0. 0. 0. 0. 1. 1. 1. 0. 0. 1. 0. 1. 0. 0. 0. 0. 1. 0. 1. 0. 0. 0.],9.0,1000,100,0.01,0.0005,1,7,idID,,random,single_objective
257,0.18471970527404802,0.3879113810755008,0.003424091372,[0.       0.105728 0.       0.       0.       0.       0.       0.105728 0.       0.       0.       0.       0.       0.105728 0.105728 0.105728 0.       0.       0.105728 0.       0.105728 0.       0.       0.       0.       0.105728 0.       0.154175 0.       0.       0.      ],[0. 1. 0. 0. 0. 0. 0. 1. 0. 0. 0. 0. 0. 1. 1. 1. 0. 0. 1. 0. 1. 0. 0. 0. 0. 1. 0. 1. 0. 0. 0.],9.0,1000,100,0.01,0.0005,1,7,idID,,random,single_objective
258,0.18471970527404802,0.3879113810755008,0.003424091372,[0.       0.105728 0.       0.       0.       0.       0.       0.105728 0.       0.       0.       0.       0.       0.105728 0.105728 0.105728 0.       0.       0.105728 0.       0.105728 0.       0.       0.       0.       0.105728 0.       0.154175 0.       0.       0.      ],[0. 1. 0. 0. 0. 0. 0. 1. 0. 0. 0. 0. 0. 1. 1. 1. 0. 0. 1. 0. 1. 0. 0. 0. 0. 1. 0. 1. 0. 0. 0.],9.0,1000,100,0.01,0.0005,1,7,idID,,random,single_objective
259,0.18471970527404802,0.3879113810755008,0.003424091372,[0.       0.105728 0.       0.       0.       0.       0.       0.105728 0.       0.       0.       0.       0.       0.105728 0.105728 0.105728 0.       0.       0.105728 0.       0.105728 0.       0.       0.       0.       0.105728 0.       0.154175 0.       0.       0.      ],[0. 1. 0. 0. 0. 0. 0. 1. 0. 0. 0. 0. 0. 1. 1. 1. 0. 0. 1. 0. 1. 0. 0. 0. 0. 1. 0. 1. 0. 0. 0.],9.0,1000,100,0.01,0.0005,1,7,idID,,random,single_objective
260,0.18471970527404802,0.3879113810755008,0.003424091372,[0.       0.105728 0.       0.       0.       0.       0.       0.105728 0.       0.       0.       0.       0.       0.105728 0.105728 0.105728 0.       0.       0.105728 0.       0.105728 0.       0.       0.       0.       0.105728 0.       0.154175 0.       0.       0.      ],[0. 1. 0. 0. 0. 0. 0. 1. 0. 0. 0. 0. 0. 1. 1. 1. 0. 0. 1. 0. 1. 0. 0. 0. 0. 1. 0. 1. 0. 0. 0.],9.0,1000,100,0.01,0.0005,1,7,idID,,random,single_objective
261,0.18471970527404802,0.3879113810755008,0.003424091372,[0.       0.105728 0.       0.       0.       0.       0.       0.105728 0.       0.       0.       0.       0.       0.105728 0.105728 0.105728 0.       0.       0.105728 0.       0.105728 0.       0.       0.       0.       0.105728 0.       0.154175 0.       0.       0.      ],[0. 1. 0. 0. 0. 0. 0. 1. 0. 0. 0. 0. 0. 1. 1. 1. 0. 0. 1. 0. 1. 0. 0. 0. 0. 1. 0. 1. 0. 0. 0.],9.0,1000,100,0.01,0.0005,1,7,idID,,random,single_objective
262,0.18471970527404802,0.3879113810755008,0.003424091372,[0.       0.105728 0.       0.       0.       0.       0.       0.105728 0.       0.       0.       0.       0.       0.105728 0.105728 0.105728 0.       0.       0.105728 0.       0.105728 0.       0.       0.       0.       0.105728 0.       0.154175 0.       0.       0.      ],[0. 1. 0. 0. 0. 0. 0. 1. 0. 0. 0. 0. 0. 1. 1. 1. 0. 0. 1. 0. 1. 0. 0. 0. 0. 1. 0. 1. 0. 0. 0.],9.0,1000,100,0.01,0.0005,1,7,idID,,random,single_objective
263,0.18471970527404802,0.3879113810755008,0.003424091372,[0.       0.105728 0.       0.       0.       0.       0.       0.105728 0.       0.       0.       0.       0.       0.105728 0.105728 0.105728 0.       0.       0.105728 0.       0.105728 0.       0.       0.       0.       0.105728 0.       0.154175 0.       0.       0.      ],[0. 1. 0. 0. 0. 0. 0. 1. 0. 0. 0. 0. 0. 1. 1. 1. 0. 0. 1. 0. 1. 0. 0. 0. 0. 1. 0. 1. 0. 0. 0.],9.0,1000,100,0.01,0.0005,1,7,idID,,random,single_objective
264,0.18471970527404802,0.3879113810755008,0.003424091372,[0.       0.105728 0.       0.       0.       0.       0.       0.105728 0.       0.       0.       0.       0.       0.105728 0.105728 0.105728 0.       0.       0.105728 0.       0.105728 0.       0.       0.       0.       0.105728 0.       0.154175 0.       0.       0.      ],[0. 1. 0. 0. 0. 0. 0. 1. 0. 0. 0. 0. 0. 1. 1. 1. 0. 0. 1. 0. 1. 0. 0. 0. 0. 1. 0. 1. 0. 0. 0.],9.0,1000,100,0.01,0.0005,1,7,idID,,random,single_objective
265,0.18471970527404802,0.3879113810755008,0.003424091372,[0.       0.105728 0.       0.       0.       0.       0.       0.105728 0.       0.       0.       0.       0.       0.105728 0.105728 0.105728 0.       0.       0.105728 0.       0.105728 0.       0.       0.       0.       0.105728 0.       0.154175 0.       0.       0.      ],[0. 1. 0. 0. 0. 0. 0. 1. 0. 0. 0. 0. 0. 1. 1. 1. 0. 0. 1. 0. 1. 0. 0. 0. 0. 1. 0. 1. 0. 0. 0.],9.0,1000,100,0.01,0.0005,1,7,idID,,random,single_objective
266,0.18471970527404802,0.3879113810755008,0.003424091372,[0.       0.105728 0.       0.       0.       0.       0.       0.105728 0.       0.       0.       0.       0.       0.105728 0.105728 0.105728 0.       0.       0.105728 0.       0.105728 0.       0.       0.       0.       0.105728 0.       0.154175 0.       0.       0.      ],[0. 1. 0. 0. 0. 0. 0. 1. 0. 0. 0. 0. 0. 1. 1. 1. 0. 0. 1. 0. 1. 0. 0. 0. 0. 1. 0. 1. 0. 0. 0.],9.0,1000,100,0.01,0.0005,1,7,idID,,random,single_objective
267,0.18471970527404802,0.3879113810755008,0.003424091372,[0.       0.105728 0.       0.       0.       0.       0.       0.105728 0.       0.       0.       0.       0.       0.105728 0.105728 0.105728 0.       0.       0.105728 0.       0.105728 0.       0.       0.       0.       0.105728 0.       0.154175 0.       0.       0.      ],[0. 1. 0. 0. 0. 0. 0. 1. 0. 0. 0. 0. 0. 1. 1. 1. 0. 0. 1. 0. 1. 0. 0. 0. 0. 1. 0. 1. 0. 0. 0.],9.0,1000,100,0.01,0.0005,1,7,idID,,random,single_objective
268,0.18471970527404802,0.3879113810755008,0.003424091372,[0.       0.105728 0.       0.       0.       0.       0.       0.105728 0.       0.       0.       0.       0.       0.105728 0.105728 0.105728 0.       0.       0.105728 0.       0.105728 0.       0.       0.       0.       0.105728 0.       0.154175 0.       0.       0.      ],[0. 1. 0. 0. 0. 0. 0. 1. 0. 0. 0. 0. 0. 1. 1. 1. 0. 0. 1. 0. 1. 0. 0. 0. 0. 1. 0. 1. 0. 0. 0.],9.0,1000,100,0.01,0.0005,1,7,idID,,random,single_objective
269,0.18471970527404802,0.3879113810755008,0.003424091372,[0.       0.105728 0.       0.       0.       0.       0.       0.105728 0.       0.       0.       0.       0.       0.105728 0.105728 0.105728 0.       0.       0.105728 0.       0.105728 0.       0.       0.       0.       0.105728 0.       0.154175 0.       0.       0.      ],[0. 1. 0. 0. 0. 0. 0. 1. 0. 0. 0. 0. 0. 1. 1. 1. 0. 0. 1. 0. 1. 0. 0. 0. 0. 1. 0. 1. 0. 0. 0.],9.0,1000,100,0.01,0.0005,1,7,idID,,random,single_objective
270,0.18471970527404802,0.3879113810755008,0.003424091372,[0.       0.105728 0.       0.       0.       0.       0.       0.105728 0.       0.       0.       0.       0.       0.105728 0.105728 0.105728 0.       0.       0.105728 0.       0.105728 0.       0.       0.       0.       0.105728 0.       0.154175 0.       0.       0.      ],[0. 1. 0. 0. 0. 0. 0. 1. 0. 0. 0. 0. 0. 1. 1. 1. 0. 0. 1. 0. 1. 0. 0. 0. 0. 1. 0. 1. 0. 0. 0.],9.0,1000,100,0.01,0.0005,1,7,idID,,random,single_objective
271,0.18471970527404802,0.3879113810755008,0.003424091372,[0.       0.105728 0.       0.       0.       0.       0.       0.105728 0.       0.       0.       0.       0.       0.105728 0.105728 0.105728 0.       0.       0.105728 0.       0.105728 0.       0.       0.       0.       0.105728 0.       0.154175 0.       0.       0.      ],[0. 1. 0. 0. 0. 0. 0. 1. 0. 0. 0. 0. 0. 1. 1. 1. 0. 0. 1. 0. 1. 0. 0. 0. 0. 1. 0. 1. 0. 0. 0.],9.0,1000,100,0.01,0.0005,1,7,idID,,random,single_objective
272,0.18471970527404802,0.3879113810755008,0.003424091372,[0.       0.105728 0.       0.       0.       0.       0.       0.105728 0.       0.       0.       0.       0.       0.105728 0.105728 0.105728 0.       0.       0.105728 0.       0.105728 0.       0.       0.       0.       0.105728 0.       0.154175 0.       0.       0.      ],[0. 1. 0. 0. 0. 0. 0. 1. 0. 0. 0. 0. 0. 1. 1. 1. 0. 0. 1. 0. 1. 0. 0. 0. 0. 1. 0. 1. 0. 0. 0.],9.0,1000,100,0.01,0.0005,1,7,idID,,random,single_objective
273,0.18471970527404802,0.3879113810755008,0.003424091372,[0.       0.105728 0.       0.       0.       0.       0.       0.105728 0.       0.       0.       0.       0.       0.105728 0.105728 0.105728 0.       0.       0.105728 0.       0.105728 0.       0.       0.       0.       0.105728 0.       0.154175 0.       0.       0.      ],[0. 1. 0. 0. 0. 0. 0. 1. 0. 0. 0. 0. 0. 1. 1. 1. 0. 0. 1. 0. 1. 0. 0. 0. 0. 1. 0. 1. 0. 0. 0.],9.0,1000,100,0.01,0.0005,1,7,idID,,random,single_objective
274,0.18471970527404802,0.3879113810755008,0.003424091372,[0.       0.105728 0.       0.       0.       0.       0.       0.105728 0.       0.       0.       0.       0.       0.105728 0.105728 0.105728 0.       0.       0.105728 0.       0.105728 0.       0.       0.       0.       0.105728 0.       0.154175 0.       0.       0.      ],[0. 1. 0. 0. 0. 0. 0. 1. 0. 0. 0. 0. 0. 1. 1. 1. 0. 0. 1. 0. 1. 0. 0. 0. 0. 1. 0. 1. 0. 0. 0.],9.0,1000,100,0.01,0.0005,1,7,idID,,random,single_objective
275,0.18471970527404802,0.3879113810755008,0.003424091372,[0.       0.105728 0.       0.       0.       0.       0.       0.105728 0.       0.       0.       0.       0.       0.105728 0.105728 0.105728 0.       0.       0.105728 0.       0.105728 0.       0.       0.       0.       0.105728 0.       0.154175 0.       0.       0.      ],[0. 1. 0. 0. 0. 0. 0. 1. 0. 0. 0. 0. 0. 1. 1. 1. 0. 0. 1. 0. 1. 0. 0. 0. 0. 1. 0. 1. 0. 0. 0.],9.0,1000,100,0.01,0.0005,1,7,idID,,random,single_objective
276,0.18471970527404802,0.3879113810755008,0.003424091372,[0.       0.105728 0.       0.       0.       0.       0.       0.105728 0.       0.       0.       0.       0.       0.105728 0.105728 0.105728 0.       0.       0.105728 0.       0.105728 0.       0.       0.       0.       0.105728 0.       0.154175 0.       0.       0.      ],[0. 1. 0. 0. 0. 0. 0. 1. 0. 0. 0. 0. 0. 1. 1. 1. 0. 0. 1. 0. 1. 0. 0. 0. 0. 1. 0. 1. 0. 0. 0.],9.0,1000,100,0.01,0.0005,1,7,idID,,random,single_objective
277,0.18471970527404802,0.3879113810755008,0.003424091372,[0.       0.105728 0.       0.       0.       0.       0.       0.105728 0.       0.       0.       0.       0.       0.105728 0.105728 0.105728 0.       0.       0.105728 0.       0.105728 0.       0.       0.       0.       0.105728 0.       0.154175 0.       0.       0.      ],[0. 1. 0. 0. 0. 0. 0. 1. 0. 0. 0. 0. 0. 1. 1. 1. 0. 0. 1. 0. 1. 0. 0. 0. 0. 1. 0. 1. 0. 0. 0.],9.0,1000,100,0.01,0.0005,1,7,idID,,random,single_objective
278,0.18471970527404802,0.3879113810755008,0.003424091372,[0.       0.105728 0.       0.       0.       0.       0.       0.105728 0.       0.       0.       0.       0.       0.105728 0.105728 0.105728 0.       0.       0.105728 0.       0.105728 0.       0.       0.       0.       0.105728 0.       0.154175 0.       0.       0.      ],[0. 1. 0. 0. 0. 0. 0. 1. 0. 0. 0. 0. 0. 1. 1. 1. 0. 0. 1. 0. 1. 0. 0. 0. 0. 1. 0. 1. 0. 0. 0.],9.0,1000,100,0.01,0.0005,1,7,idID,,random,single_objective
279,0.18471970527404802,0.3879113810755008,0.003424091372,[0.       0.105728 0.       0.       0.       0.       0.       0.105728 0.       0.       0.       0.       0.       0.105728 0.105728 0.105728 0.       0.       0.105728 0.       0.105728 0.       0.       0.       0.       0.105728 0.       0.154175 0.       0.       0.      ],[0. 1. 0. 0. 0. 0. 0. 1. 0. 0. 0. 0. 0. 1. 1. 1. 0. 0. 1. 0. 1. 0. 0. 0. 0. 1. 0. 1. 0. 0. 0.],9.0,1000,100,0.01,0.0005,1,7,idID,,random,single_objective
280,0.18471970527404802,0.3879113810755008,0.003424091372,[0.       0.105728 0.       0.       0.       0.       0.       0.105728 0.       0.       0.       0.       0.       0.105728 0.105728 0.105728 0.       0.       0.105728 0.       0.105728 0.       0.       0.       0.       0.105728 0.       0.154175 0.       0.       0.      ],[0. 1. 0. 0. 0. 0. 0. 1. 0. 0. 0. 0. 0. 1. 1. 1. 0. 0. 1. 0. 1. 0. 0. 0. 0. 1. 0. 1. 0. 0. 0.],9.0,1000,100,0.01,0.0005,1,7,idID,,random,single_objective
281,0.18471970527404802,0.3879113810755008,0.003424091372,[0.       0.105728 0.       0.       0.       0.       0.       0.105728 0.       0.       0.       0.       0.       0.105728 0.105728 0.105728 0.       0.       0.105728 0.       0.105728 0.       0.       0.       0.       0.105728 0.       0.154175 0.       0.       0.      ],[0. 1. 0. 0. 0. 0. 0. 1. 0. 0. 0. 0. 0. 1. 1. 1. 0. 0. 1. 0. 1. 0. 0. 0. 0. 1. 0. 1. 0. 0. 0.],9.0,1000,100,0.01,0.0005,1,7,idID,,random,single_objective
282,0.18471970527404802,0.3879113810755008,0.003424091372,[0.       0.105728 0.       0.       0.       0.       0.       0.105728 0.       0.       0.       0.       0.       0.105728 0.105728 0.105728 0.       0.       0.105728 0.       0.105728 0.       0.       0.       0.       0.105728 0.       0.154175 0.       0.       0.      ],[0. 1. 0. 0. 0. 0. 0. 1. 0. 0. 0. 0. 0. 1. 1. 1. 0. 0. 1. 0. 1. 0. 0. 0. 0. 1. 0. 1. 0. 0. 0.],9.0,1000,100,0.01,0.0005,1,7,idID,,random,single_objective
283,0.18471970527404802,0.3879113810755008,0.003424091372,[0.       0.105728 0.       0.       0.       0.       0.       0.105728 0.       0.       0.       0.       0.       0.105728 0.105728 0.105728 0.       0.       0.105728 0.       0.105728 0.       0.       0.       0.       0.105728 0.       0.154175 0.       0.       0.      ],[0. 1. 0. 0. 0. 0. 0. 1. 0. 0. 0. 0. 0. 1. 1. 1. 0. 0. 1. 0. 1. 0. 0. 0. 0. 1. 0. 1. 0. 0. 0.],9.0,1000,100,0.01,0.0005,1,7,idID,,random,single_objective
284,0.18471970527404802,0.3879113810755008,0.003424091372,[0.       0.105728 0.       0.       0.       0.       0.       0.105728 0.       0.       0.       0.       0.       0.105728 0.105728 0.105728 0.       0.       0.105728 0.       0.105728 0.       0.       0.       0.       0.105728 0.       0.154175 0.       0.       0.      ],[0. 1. 0. 0. 0. 0. 0. 1. 0. 0. 0. 0. 0. 1. 1. 1. 0. 0. 1. 0. 1. 0. 0. 0. 0. 1. 0. 1. 0. 0. 0.],9.0,1000,100,0.01,0.0005,1,7,idID,,random,single_objective
285,0.18471970527404802,0.3879113810755008,0.003424091372,[0.       0.105728 0.       0.       0.       0.       0.       0.105728 0.       0.       0.       0.       0.       0.105728 0.105728 0.105728 0.       0.       0.105728 0.       0.105728 0.       0.       0.       0.       0.105728 0.       0.154175 0.       0.       0.      ],[0. 1. 0. 0. 0. 0. 0. 1. 0. 0. 0. 0. 0. 1. 1. 1. 0. 0. 1. 0. 1. 0. 0. 0. 0. 1. 0. 1. 0. 0. 0.],9.0,1000,100,0.01,0.0005,1,7,idID,,random,single_objective
286,0.18471970527404802,0.3879113810755008,0.003424091372,[0.       0.105728 0.       0.       0.       0.       0.       0.105728 0.       0.       0.       0.       0.       0.105728 0.105728 0.105728 0.       0.       0.105728 0.       0.105728 0.       0.       0.       0.       0.105728 0.       0.154175 0.       0.       0.      ],[0. 1. 0. 0. 0. 0. 0. 1. 0. 0. 0. 0. 0. 1. 1. 1. 0. 0. 1. 0. 1. 0. 0. 0. 0. 1. 0. 1. 0. 0. 0.],9.0,1000,100,0.01,0.0005,1,7,idID,,random,single_objective
287,0.18471970527404802,0.3879113810755008,0.003424091372,[0.       0.105728 0.       0.       0.       0.       0.       0.105728 0.       0.       0.       0.       0.       0.105728 0.105728 0.105728 0.       0.       0.105728 0.       0.105728 0.       0.       0.       0.       0.105728 0.       0.154175 0.       0.       0.      ],[0. 1. 0. 0. 0. 0. 0. 1. 0. 0. 0. 0. 0. 1. 1. 1. 0. 0. 1. 0. 1. 0. 0. 0. 0. 1. 0. 1. 0. 0. 0.],9.0,1000,100,0.01,0.0005,1,7,idID,,random,single_objective
288,0.18471970527404802,0.3879113810755008,0.003424091372,[0.       0.105728 0.       0.       0.       0.       0.       0.105728 0.       0.       0.       0.       0.       0.105728 0.105728 0.105728 0.       0.       0.105728 0.       0.105728 0.       0.       0.       0.       0.105728 0.       0.154175 0.       0.       0.      ],[0. 1. 0. 0. 0. 0. 0. 1. 0. 0. 0. 0. 0. 1. 1. 1. 0. 0. 1. 0. 1. 0. 0. 0. 0. 1. 0. 1. 0. 0. 0.],9.0,1000,100,0.01,0.0005,1,7,idID,,random,single_objective
289,0.18471970527404802,0.3879113810755008,0.003424091372,[0.       0.105728 0.       0.       0.       0.       0.       0.105728 0.       0.       0.       0.       0.       0.105728 0.105728 0.105728 0.       0.       0.105728 0.       0.105728 0.       0.       0.       0.       0.105728 0.       0.154175 0.       0.       0.      ],[0. 1. 0. 0. 0. 0. 0. 1. 0. 0. 0. 0. 0. 1. 1. 1. 0. 0. 1. 0. 1. 0. 0. 0. 0. 1. 0. 1. 0. 0. 0.],9.0,1000,100,0.01,0.0005,1,7,idID,,random,single_objective
290,0.18471970527404802,0.3879113810755008,0.003424091372,[0.       0.105728 0.       0.       0.       0.       0.       0.105728 0.       0.       0.       0.       0.       0.105728 0.105728 0.105728 0.       0.       0.105728 0.       0.105728 0.       0.       0.       0.       0.105728 0.       0.154175 0.       0.       0.      ],[0. 1. 0. 0. 0. 0. 0. 1. 0. 0. 0. 0. 0. 1. 1. 1. 0. 0. 1. 0. 1. 0. 0. 0. 0. 1. 0. 1. 0. 0. 0.],9.0,1000,100,0.01,0.0005,1,7,idID,,random,single_objective
291,0.18471970527404802,0.3879113810755008,0.003424091372,[0.       0.105728 0.       0.       0.       0.       0.       0.105728 0.       0.       0.       0.       0.       0.105728 0.105728 0.105728 0.       0.       0.105728 0.       0.105728 0.       0.       0.       0.       0.105728 0.       0.154175 0.       0.       0.      ],[0. 1. 0. 0. 0. 0. 0. 1. 0. 0. 0. 0. 0. 1. 1. 1. 0. 0. 1. 0. 1. 0. 0. 0. 0. 1. 0. 1. 0. 0. 0.],9.0,1000,100,0.01,0.0005,1,7,idID,,random,single_objective
292,0.18471970527404802,0.3879113810755008,0.003424091372,[0.       0.105728 0.       0.       0.       0.       0.       0.105728 0.       0.       0.       0.       0.       0.105728 0.105728 0.105728 0.       0.       0.105728 0.       0.105728 0.       0.       0.       0.       0.105728 0.       0.154175 0.       0.       0.      ],[0. 1. 0. 0. 0. 0. 0. 1. 0. 0. 0. 0. 0. 1. 1. 1. 0. 0. 1. 0. 1. 0. 0. 0. 0. 1. 0. 1. 0. 0. 0.],9.0,1000,100,0.01,0.0005,1,7,idID,,random,single_objective
293,0.18471970527404802,0.3879113810755008,0.003424091372,[0.       0.105728 0.       0.       0.       0.       0.       0.105728 0.       0.       0.       0.       0.       0.105728 0.105728 0.105728 0.       0.       0.105728 0.       0.105728 0.       0.       0.       0.       0.105728 0.       0.154175 0.       0.       0.      ],[0. 1. 0. 0. 0. 0. 0. 1. 0. 0. 0. 0. 0. 1. 1. 1. 0. 0. 1. 0. 1. 0. 0. 0. 0. 1. 0. 1. 0. 0. 0.],9.0,1000,100,0.01,0.0005,1,7,idID,,random,single_objective
294,0.18471970527404802,0.3879113810755008,0.003424091372,[0.       0.105728 0.       0.       0.       0.       0.       0.105728 0.       0.       0.       0.       0.       0.105728 0.105728 0.105728 0.       0.       0.105728 0.       0.105728 0.       0.       0.       0.       0.105728 0.       0.154175 0.       0.       0.      ],[0. 1. 0. 0. 0. 0. 0. 1. 0. 0. 0. 0. 0. 1. 1. 1. 0. 0. 1. 0. 1. 0. 0. 0. 0. 1. 0. 1. 0. 0. 0.],9.0,1000,100,0.01,0.0005,1,7,idID,,random,single_objective
295,0.18471970527404802,0.3879113810755008,0.003424091372,[0.       0.105728 0.       0.       0.       0.       0.       0.105728 0.       0.       0.       0.       0.       0.105728 0.105728 0.105728 0.       0.       0.105728 0.       0.105728 0.       0.       0.       0.       0.105728 0.       0.154175 0.       0.       0.      ],[0. 1. 0. 0. 0. 0. 0. 1. 0. 0. 0. 0. 0. 1. 1. 1. 0. 0. 1. 0. 1. 0. 0. 0. 0. 1. 0. 1. 0. 0. 0.],9.0,1000,100,0.01,0.0005,1,7,idID,,random,single_objective
296,0.18471970527404802,0.3879113810755008,0.003424091372,[0.       0.105728 0.       0.       0.       0.       0.       0.105728 0.       0.       0.       0.       0.       0.105728 0.105728 0.105728 0.       0.       0.105728 0.       0.105728 0.       0.       0.       0.       0.105728 0.       0.154175 0.       0.       0.      ],[0. 1. 0. 0. 0. 0. 0. 1. 0. 0. 0. 0. 0. 1. 1. 1. 0. 0. 1. 0. 1. 0. 0. 0. 0. 1. 0. 1. 0. 0. 0.],9.0,1000,100,0.01,0.0005,1,7,idID,,random,single_objective
297,0.18471970527404802,0.3879113810755008,0.003424091372,[0.       0.105728 0.       0.       0.       0.       0.       0.105728 0.       0.       0.       0.       0.       0.105728 0.105728 0.105728 0.       0.       0.105728 0.       0.105728 0.       0.       0.       0.       0.105728 0.       0.154175 0.       0.       0.      ],[0. 1. 0. 0. 0. 0. 0. 1. 0. 0. 0. 0. 0. 1. 1. 1. 0. 0. 1. 0. 1. 0. 0. 0. 0. 1. 0. 1. 0. 0. 0.],9.0,1000,100,0.01,0.0005,1,7,idID,,random,single_objective
298,0.18471970527404802,0.3879113810755008,0.003424091372,[0.       0.105728 0.       0.       0.       0.       0.       0.105728 0.       0.       0.       0.       0.       0.105728 0.105728 0.105728 0.       0.       0.105728 0.       0.105728 0.       0.       0.       0.       0.105728 0.       0.154175 0.       0.       0.      ],[0. 1. 0. 0. 0. 0. 0. 1. 0. 0. 0. 0. 0. 1. 1. 1. 0. 0. 1. 0. 1. 0. 0. 0. 0. 1. 0. 1. 0. 0. 0.],9.0,1000,100,0.01,0.0005,1,7,idID,,random,single_objective
299,0.18471970527404802,0.3879113810755008,0.003424091372,[0.       0.105728 0.       0.       0.       0.       0.       0.105728 0.       0.       0.       0.       0.       0.105728 0.105728 0.105728 0.       0.       0.105728 0.       0.105728 0.       0.       0.       0.       0.105728 0.       0.154175 0.       0.       0.      ],[0. 1. 0. 0. 0. 0. 0. 1. 0. 0. 0. 0. 0. 1. 1. 1. 0. 0. 1. 0. 1. 0. 0. 0. 0. 1. 0. 1. 0. 0. 0.],9.0,1000,100,0.01,0.0005,1,7,idID,,random,single_objective
300,0.18471970527404802,0.3879113810755008,0.003424091372,[0.       0.105728 0.       0.       0.       0.       0.       0.105728 0.       0.       0.       0.       0.       0.105728 0.105728 0.105728 0.       0.       0.105728 0.       0.105728 0.       0.       0.       0.       0.105728 0.       0.154175 0.       0.       0.      ],[0. 1. 0. 0. 0. 0. 0. 1. 0. 0. 0. 0. 0. 1. 1. 1. 0. 0. 1. 0. 1. 0. 0. 0. 0. 1. 0. 1. 0. 0. 0.],9.0,1000,100,0.01,0.0005,1,7,idID,,random,single_objective
301,0.18471970527404802,0.3879113810755008,0.003424091372,[0.       0.105728 0.       0.       0.       0.       0.       0.105728 0.       0.       0.       0.       0.       0.105728 0.105728 0.105728 0.       0.       0.105728 0.       0.105728 0.       0.       0.       0.       0.105728 0.       0.154175 0.       0.       0.      ],[0. 1. 0. 0. 0. 0. 0. 1. 0. 0. 0. 0. 0. 1. 1. 1. 0. 0. 1. 0. 1. 0. 0. 0. 0. 1. 0. 1. 0. 0. 0.],9.0,1000,100,0.01,0.0005,1,7,idID,,random,single_objective
302,0.18471970527404802,0.3879113810755008,0.003424091372,[0.       0.105728 0.       0.       0.       0.       0.       0.105728 0.       0.       0.       0.       0.       0.105728 0.105728 0.105728 0.       0.       0.105728 0.       0.105728 0.       0.       0.       0.       0.105728 0.       0.154175 0.       0.       0.      ],[0. 1. 0. 0. 0. 0. 0. 1. 0. 0. 0. 0. 0. 1. 1. 1. 0. 0. 1. 0. 1. 0. 0. 0. 0. 1. 0. 1. 0. 0. 0.],9.0,1000,100,0.01,0.0005,1,7,idID,,random,single_objective
303,0.18471970527404802,0.3879113810755008,0.003424091372,[0.       0.105728 0.       0.       0.       0.       0.       0.105728 0.       0.       0.       0.       0.       0.105728 0.105728 0.105728 0.       0.       0.105728 0.       0.105728 0.       0.       0.       0.       0.105728 0.       0.154175 0.       0.       0.      ],[0. 1. 0. 0. 0. 0. 0. 1. 0. 0. 0. 0. 0. 1. 1. 1. 0. 0. 1. 0. 1. 0. 0. 0. 0. 1. 0. 1. 0. 0. 0.],9.0,1000,100,0.01,0.0005,1,7,idID,,random,single_objective
304,0.18471970527404802,0.3879113810755008,0.003424091372,[0.       0.105728 0.       0.       0.       0.       0.       0.105728 0.       0.       0.       0.       0.       0.105728 0.105728 0.105728 0.       0.       0.105728 0.       0.105728 0.       0.       0.       0.       0.105728 0.       0.154175 0.       0.       0.      ],[0. 1. 0. 0. 0. 0. 0. 1. 0. 0. 0. 0. 0. 1. 1. 1. 0. 0. 1. 0. 1. 0. 0. 0. 0. 1. 0. 1. 0. 0. 0.],9.0,1000,100,0.01,0.0005,1,7,idID,,random,single_objective
305,0.18471970527404802,0.3879113810755008,0.003424091372,[0.       0.105728 0.       0.       0.       0.       0.       0.105728 0.       0.       0.       0.       0.       0.105728 0.105728 0.105728 0.       0.       0.105728 0.       0.105728 0.       0.       0.       0.       0.105728 0.       0.154175 0.       0.       0.      ],[0. 1. 0. 0. 0. 0. 0. 1. 0. 0. 0. 0. 0. 1. 1. 1. 0. 0. 1. 0. 1. 0. 0. 0. 0. 1. 0. 1. 0. 0. 0.],9.0,1000,100,0.01,0.0005,1,7,idID,,random,single_objective
306,0.18471970527404802,0.3879113810755008,0.003424091372,[0.       0.105728 0.       0.       0.       0.       0.       0.105728 0.       0.       0.       0.       0.       0.105728 0.105728 0.105728 0.       0.       0.105728 0.       0.105728 0.       0.       0.       0.       0.105728 0.       0.154175 0.       0.       0.      ],[0. 1. 0. 0. 0. 0. 0. 1. 0. 0. 0. 0. 0. 1. 1. 1. 0. 0. 1. 0. 1. 0. 0. 0. 0. 1. 0. 1. 0. 0. 0.],9.0,1000,100,0.01,0.0005,1,7,idID,,random,single_objective
307,0.18471970527404802,0.3879113810755008,0.003424091372,[0.       0.105728 0.       0.       0.       0.       0.       0.105728 0.       0.       0.       0.       0.       0.105728 0.105728 0.105728 0.       0.       0.105728 0.       0.105728 0.       0.       0.       0.       0.105728 0.       0.154175 0.       0.       0.      ],[0. 1. 0. 0. 0. 0. 0. 1. 0. 0. 0. 0. 0. 1. 1. 1. 0. 0. 1. 0. 1. 0. 0. 0. 0. 1. 0. 1. 0. 0. 0.],9.0,1000,100,0.01,0.0005,1,7,idID,,random,single_objective
308,0.18471970527404802,0.3879113810755008,0.003424091372,[0.       0.105728 0.       0.       0.       0.       0.       0.105728 0.       0.       0.       0.       0.       0.105728 0.105728 0.105728 0.       0.       0.105728 0.       0.105728 0.       0.       0.       0.       0.105728 0.       0.154175 0.       0.       0.      ],[0. 1. 0. 0. 0. 0. 0. 1. 0. 0. 0. 0. 0. 1. 1. 1. 0. 0. 1. 0. 1. 0. 0. 0. 0. 1. 0. 1. 0. 0. 0.],9.0,1000,100,0.01,0.0005,1,7,idID,,random,single_objective
309,0.18471970527404802,0.3879113810755008,0.003424091372,[0.       0.105728 0.       0.       0.       0.       0.       0.105728 0.       0.       0.       0.       0.       0.105728 0.105728 0.105728 0.       0.       0.105728 0.       0.105728 0.       0.       0.       0.       0.105728 0.       0.154175 0.       0.       0.      ],[0. 1. 0. 0. 0. 0. 0. 1. 0. 0. 0. 0. 0. 1. 1. 1. 0. 0. 1. 0. 1. 0. 0. 0. 0. 1. 0. 1. 0. 0. 0.],9.0,1000,100,0.01,0.0005,1,7,idID,,random,single_objective
310,0.18471970527404802,0.3879113810755008,0.003424091372,[0.       0.105728 0.       0.       0.       0.       0.       0.105728 0.       0.       0.       0.       0.       0.105728 0.105728 0.105728 0.       0.       0.105728 0.       0.105728 0.       0.       0.       0.       0.105728 0.       0.154175 0.       0.       0.      ],[0. 1. 0. 0. 0. 0. 0. 1. 0. 0. 0. 0. 0. 1. 1. 1. 0. 0. 1. 0. 1. 0. 0. 0. 0. 1. 0. 1. 0. 0. 0.],9.0,1000,100,0.01,0.0005,1,7,idID,,random,single_objective
311,0.18471970527404802,0.3879113810755008,0.003424091372,[0.       0.105728 0.       0.       0.       0.       0.       0.105728 0.       0.       0.       0.       0.       0.105728 0.105728 0.105728 0.       0.       0.105728 0.       0.105728 0.       0.       0.       0.       0.105728 0.       0.154175 0.       0.       0.      ],[0. 1. 0. 0. 0. 0. 0. 1. 0. 0. 0. 0. 0. 1. 1. 1. 0. 0. 1. 0. 1. 0. 0. 0. 0. 1. 0. 1. 0. 0. 0.],9.0,1000,100,0.01,0.0005,1,7,idID,,random,single_objective
312,0.18471970527404802,0.3879113810755008,0.003424091372,[0.       0.105728 0.       0.       0.       0.       0.       0.105728 0.       0.       0.       0.       0.       0.105728 0.105728 0.105728 0.       0.       0.105728 0.       0.105728 0.       0.       0.       0.       0.105728 0.       0.154175 0.       0.       0.      ],[0. 1. 0. 0. 0. 0. 0. 1. 0. 0. 0. 0. 0. 1. 1. 1. 0. 0. 1. 0. 1. 0. 0. 0. 0. 1. 0. 1. 0. 0. 0.],9.0,1000,100,0.01,0.0005,1,7,idID,,random,single_objective
313,0.18471970527404802,0.3879113810755008,0.003424091372,[0.       0.105728 0.       0.       0.       0.       0.       0.105728 0.       0.       0.       0.       0.       0.105728 0.105728 0.105728 0.       0.       0.105728 0.       0.105728 0.       0.       0.       0.       0.105728 0.       0.154175 0.       0.       0.      ],[0. 1. 0. 0. 0. 0. 0. 1. 0. 0. 0. 0. 0. 1. 1. 1. 0. 0. 1. 0. 1. 0. 0. 0. 0. 1. 0. 1. 0. 0. 0.],9.0,1000,100,0.01,0.0005,1,7,idID,,random,single_objective
314,0.18471970527404802,0.3879113810755008,0.003424091372,[0.       0.105728 0.       0.       0.       0.       0.       0.105728 0.       0.       0.       0.       0.       0.105728 0.105728 0.105728 0.       0.       0.105728 0.       0.105728 0.       0.       0.       0.       0.105728 0.       0.154175 0.       0.       0.      ],[0. 1. 0. 0. 0. 0. 0. 1. 0. 0. 0. 0. 0. 1. 1. 1. 0. 0. 1. 0. 1. 0. 0. 0. 0. 1. 0. 1. 0. 0. 0.],9.0,1000,100,0.01,0.0005,1,7,idID,,random,single_objective
315,0.18471970527404802,0.3879113810755008,0.003424091372,[0.       0.105728 0.       0.       0.       0.       0.       0.105728 0.       0.       0.       0.       0.       0.105728 0.105728 0.105728 0.       0.       0.105728 0.       0.105728 0.       0.       0.       0.       0.105728 0.       0.154175 0.       0.       0.      ],[0. 1. 0. 0. 0. 0. 0. 1. 0. 0. 0. 0. 0. 1. 1. 1. 0. 0. 1. 0. 1. 0. 0. 0. 0. 1. 0. 1. 0. 0. 0.],9.0,1000,100,0.01,0.0005,1,7,idID,,random,single_objective
316,0.18471970527404802,0.3879113810755008,0.003424091372,[0.       0.105728 0.       0.       0.       0.       0.       0.105728 0.       0.       0.       0.       0.       0.105728 0.105728 0.105728 0.       0.       0.105728 0.       0.105728 0.       0.       0.       0.       0.105728 0.       0.154175 0.       0.       0.      ],[0. 1. 0. 0. 0. 0. 0. 1. 0. 0. 0. 0. 0. 1. 1. 1. 0. 0. 1. 0. 1. 0. 0. 0. 0. 1. 0. 1. 0. 0. 0.],9.0,1000,100,0.01,0.0005,1,7,idID,,random,single_objective
317,0.18471970527404802,0.3879113810755008,0.003424091372,[0.       0.105728 0.       0.       0.       0.       0.       0.105728 0.       0.       0.       0.       0.       0.105728 0.105728 0.105728 0.       0.       0.105728 0.       0.105728 0.       0.       0.       0.       0.105728 0.       0.154175 0.       0.       0.      ],[0. 1. 0. 0. 0. 0. 0. 1. 0. 0. 0. 0. 0. 1. 1. 1. 0. 0. 1. 0. 1. 0. 0. 0. 0. 1. 0. 1. 0. 0. 0.],9.0,1000,100,0.01,0.0005,1,7,idID,,random,single_objective
318,0.18471970527404802,0.3879113810755008,0.003424091372,[0.       0.105728 0.       0.       0.       0.       0.       0.105728 0.       0.       0.       0.       0.       0.105728 0.105728 0.105728 0.       0.       0.105728 0.       0.105728 0.       0.       0.       0.       0.105728 0.       0.154175 0.       0.       0.      ],[0. 1. 0. 0. 0. 0. 0. 1. 0. 0. 0. 0. 0. 1. 1. 1. 0. 0. 1. 0. 1. 0. 0. 0. 0. 1. 0. 1. 0. 0. 0.],9.0,1000,100,0.01,0.0005,1,7,idID,,random,single_objective
319,0.18471970527404802,0.3879113810755008,0.003424091372,[0.       0.105728 0.       0.       0.       0.       0.       0.105728 0.       0.       0.       0.       0.       0.105728 0.105728 0.105728 0.       0.       0.105728 0.       0.105728 0.       0.       0.       0.       0.105728 0.       0.154175 0.       0.       0.      ],[0. 1. 0. 0. 0. 0. 0. 1. 0. 0. 0. 0. 0. 1. 1. 1. 0. 0. 1. 0. 1. 0. 0. 0. 0. 1. 0. 1. 0. 0. 0.],9.0,1000,100,0.01,0.0005,1,7,idID,,random,single_objective
320,0.18471970527404802,0.3879113810755008,0.003424091372,[0.       0.105728 0.       0.       0.       0.       0.       0.105728 0.       0.       0.       0.       0.       0.105728 0.105728 0.105728 0.       0.       0.105728 0.       0.105728 0.       0.       0.       0.       0.105728 0.       0.154175 0.       0.       0.      ],[0. 1. 0. 0. 0. 0. 0. 1. 0. 0. 0. 0. 0. 1. 1. 1. 0. 0. 1. 0. 1. 0. 0. 0. 0. 1. 0. 1. 0. 0. 0.],9.0,1000,100,0.01,0.0005,1,7,idID,,random,single_objective
321,0.18471970527404802,0.3879113810755008,0.003424091372,[0.       0.105728 0.       0.       0.       0.       0.       0.105728 0.       0.       0.       0.       0.       0.105728 0.105728 0.105728 0.       0.       0.105728 0.       0.105728 0.       0.       0.       0.       0.105728 0.       0.154175 0.       0.       0.      ],[0. 1. 0. 0. 0. 0. 0. 1. 0. 0. 0. 0. 0. 1. 1. 1. 0. 0. 1. 0. 1. 0. 0. 0. 0. 1. 0. 1. 0. 0. 0.],9.0,1000,100,0.01,0.0005,1,7,idID,,random,single_objective
322,0.18471970527404802,0.3879113810755008,0.003424091372,[0.       0.105728 0.       0.       0.       0.       0.       0.105728 0.       0.       0.       0.       0.       0.105728 0.105728 0.105728 0.       0.       0.105728 0.       0.105728 0.       0.       0.       0.       0.105728 0.       0.154175 0.       0.       0.      ],[0. 1. 0. 0. 0. 0. 0. 1. 0. 0. 0. 0. 0. 1. 1. 1. 0. 0. 1. 0. 1. 0. 0. 0. 0. 1. 0. 1. 0. 0. 0.],9.0,1000,100,0.01,0.0005,1,7,idID,,random,single_objective
323,0.18471970527404802,0.3879113810755008,0.003424091372,[0.       0.105728 0.       0.       0.       0.       0.       0.105728 0.       0.       0.       0.       0.       0.105728 0.105728 0.105728 0.       0.       0.105728 0.       0.105728 0.       0.       0.       0.       0.105728 0.       0.154175 0.       0.       0.      ],[0. 1. 0. 0. 0. 0. 0. 1. 0. 0. 0. 0. 0. 1. 1. 1. 0. 0. 1. 0. 1. 0. 0. 0. 0. 1. 0. 1. 0. 0. 0.],9.0,1000,100,0.01,0.0005,1,7,idID,,random,single_objective
324,0.18471970527404802,0.3879113810755008,0.003424091372,[0.       0.105728 0.       0.       0.       0.       0.       0.105728 0.       0.       0.       0.       0.       0.105728 0.105728 0.105728 0.       0.       0.105728 0.       0.105728 0.       0.       0.       0.       0.105728 0.       0.154175 0.       0.       0.      ],[0. 1. 0. 0. 0. 0. 0. 1. 0. 0. 0. 0. 0. 1. 1. 1. 0. 0. 1. 0. 1. 0. 0. 0. 0. 1. 0. 1. 0. 0. 0.],9.0,1000,100,0.01,0.0005,1,7,idID,,random,single_objective
325,0.18471970527404802,0.3879113810755008,0.003424091372,[0.       0.105728 0.       0.       0.       0.       0.       0.105728 0.       0.       0.       0.       0.       0.105728 0.105728 0.105728 0.       0.       0.105728 0.       0.105728 0.       0.       0.       0.       0.105728 0.       0.154175 0.       0.       0.      ],[0. 1. 0. 0. 0. 0. 0. 1. 0. 0. 0. 0. 0. 1. 1. 1. 0. 0. 1. 0. 1. 0. 0. 0. 0. 1. 0. 1. 0. 0. 0.],9.0,1000,100,0.01,0.0005,1,7,idID,,random,single_objective
326,0.18471970527404802,0.3879113810755008,0.003424091372,[0.       0.105728 0.       0.       0.       0.       0.       0.105728 0.       0.       0.       0.       0.       0.105728 0.105728 0.105728 0.       0.       0.105728 0.       0.105728 0.       0.       0.       0.       0.105728 0.       0.154175 0.       0.       0.      ],[0. 1. 0. 0. 0. 0. 0. 1. 0. 0. 0. 0. 0. 1. 1. 1. 0. 0. 1. 0. 1. 0. 0. 0. 0. 1. 0. 1. 0. 0. 0.],9.0,1000,100,0.01,0.0005,1,7,idID,,random,single_objective
327,0.18471970527404802,0.3879113810755008,0.003424091372,[0.       0.105728 0.       0.       0.       0.       0.       0.105728 0.       0.       0.       0.       0.       0.105728 0.105728 0.105728 0.       0.       0.105728 0.       0.105728 0.       0.       0.       0.       0.105728 0.       0.154175 0.       0.       0.      ],[0. 1. 0. 0. 0. 0. 0. 1. 0. 0. 0. 0. 0. 1. 1. 1. 0. 0. 1. 0. 1. 0. 0. 0. 0. 1. 0. 1. 0. 0. 0.],9.0,1000,100,0.01,0.0005,1,7,idID,,random,single_objective
328,0.18471970527404802,0.3879113810755008,0.003424091372,[0.       0.105728 0.       0.       0.       0.       0.       0.105728 0.       0.       0.       0.       0.       0.105728 0.105728 0.105728 0.       0.       0.105728 0.       0.105728 0.       0.       0.       0.       0.105728 0.       0.154175 0.       0.       0.      ],[0. 1. 0. 0. 0. 0. 0. 1. 0. 0. 0. 0. 0. 1. 1. 1. 0. 0. 1. 0. 1. 0. 0. 0. 0. 1. 0. 1. 0. 0. 0.],9.0,1000,100,0.01,0.0005,1,7,idID,,random,single_objective
329,0.18471970527404802,0.3879113810755008,0.003424091372,[0.       0.105728 0.       0.       0.       0.       0.       0.105728 0.       0.       0.       0.       0.       0.105728 0.105728 0.105728 0.       0.       0.105728 0.       0.105728 0.       0.       0.       0.       0.105728 0.       0.154175 0.       0.       0.      ],[0. 1. 0. 0. 0. 0. 0. 1. 0. 0. 0. 0. 0. 1. 1. 1. 0. 0. 1. 0. 1. 0. 0. 0. 0. 1. 0. 1. 0. 0. 0.],9.0,1000,100,0.01,0.0005,1,7,idID,,random,single_objective
330,0.18471970527404802,0.3879113810755008,0.003424091372,[0.       0.105728 0.       0.       0.       0.       0.       0.105728 0.       0.       0.       0.       0.       0.105728 0.105728 0.105728 0.       0.       0.105728 0.       0.105728 0.       0.       0.       0.       0.105728 0.       0.154175 0.       0.       0.      ],[0. 1. 0. 0. 0. 0. 0. 1. 0. 0. 0. 0. 0. 1. 1. 1. 0. 0. 1. 0. 1. 0. 0. 0. 0. 1. 0. 1. 0. 0. 0.],9.0,1000,100,0.01,0.0005,1,7,idID,,random,single_objective
331,0.18471970527404802,0.3879113810755008,0.003424091372,[0.       0.105728 0.       0.       0.       0.       0.       0.105728 0.       0.       0.       0.       0.       0.105728 0.105728 0.105728 0.       0.       0.105728 0.       0.105728 0.       0.       0.       0.       0.105728 0.       0.154175 0.       0.       0.      ],[0. 1. 0. 0. 0. 0. 0. 1. 0. 0. 0. 0. 0. 1. 1. 1. 0. 0. 1. 0. 1. 0. 0. 0. 0. 1. 0. 1. 0. 0. 0.],9.0,1000,100,0.01,0.0005,1,7,idID,,random,single_objective
332,0.18471970527404802,0.3879113810755008,0.003424091372,[0.       0.105728 0.       0.       0.       0.       0.       0.105728 0.       0.       0.       0.       0.       0.105728 0.105728 0.105728 0.       0.       0.105728 0.       0.105728 0.       0.       0.       0.       0.105728 0.       0.154175 0.       0.       0.      ],[0. 1. 0. 0. 0. 0. 0. 1. 0. 0. 0. 0. 0. 1. 1. 1. 0. 0. 1. 0. 1. 0. 0. 0. 0. 1. 0. 1. 0. 0. 0.],9.0,1000,100,0.01,0.0005,1,7,idID,,random,single_objective
333,0.18471970527404802,0.3879113810755008,0.003424091372,[0.       0.105728 0.       0.       0.       0.       0.       0.105728 0.       0.       0.       0.       0.       0.105728 0.105728 0.105728 0.       0.       0.105728 0.       0.105728 0.       0.       0.       0.       0.105728 0.       0.154175 0.       0.       0.      ],[0. 1. 0. 0. 0. 0. 0. 1. 0. 0. 0. 0. 0. 1. 1. 1. 0. 0. 1. 0. 1. 0. 0. 0. 0. 1. 0. 1. 0. 0. 0.],9.0,1000,100,0.01,0.0005,1,7,idID,,random,single_objective
334,0.18471970527404802,0.3879113810755008,0.003424091372,[0.       0.105728 0.       0.       0.       0.       0.       0.105728 0.       0.       0.       0.       0.       0.105728 0.105728 0.105728 0.       0.       0.105728 0.       0.105728 0.       0.       0.       0.       0.105728 0.       0.154175 0.       0.       0.      ],[0. 1. 0. 0. 0. 0. 0. 1. 0. 0. 0. 0. 0. 1. 1. 1. 0. 0. 1. 0. 1. 0. 0. 0. 0. 1. 0. 1. 0. 0. 0.],9.0,1000,100,0.01,0.0005,1,7,idID,,random,single_objective
335,0.18471970527404802,0.3879113810755008,0.003424091372,[0.       0.105728 0.       0.       0.       0.       0.       0.105728 0.       0.       0.       0.       0.       0.105728 0.105728 0.105728 0.       0.       0.105728 0.       0.105728 0.       0.       0.       0.       0.105728 0.       0.154175 0.       0.       0.      ],[0. 1. 0. 0. 0. 0. 0. 1. 0. 0. 0. 0. 0. 1. 1. 1. 0. 0. 1. 0. 1. 0. 0. 0. 0. 1. 0. 1. 0. 0. 0.],9.0,1000,100,0.01,0.0005,1,7,idID,,random,single_objective
336,0.18471970527404802,0.3879113810755008,0.003424091372,[0.       0.105728 0.       0.       0.       0.       0.       0.105728 0.       0.       0.       0.       0.       0.105728 0.105728 0.105728 0.       0.       0.105728 0.       0.105728 0.       0.       0.       0.       0.105728 0.       0.154175 0.       0.       0.      ],[0. 1. 0. 0. 0. 0. 0. 1. 0. 0. 0. 0. 0. 1. 1. 1. 0. 0. 1. 0. 1. 0. 0. 0. 0. 1. 0. 1. 0. 0. 0.],9.0,1000,100,0.01,0.0005,1,7,idID,,random,single_objective
337,0.18471970527404802,0.3879113810755008,0.003424091372,[0.       0.105728 0.       0.       0.       0.       0.       0.105728 0.       0.       0.       0.       0.       0.105728 0.105728 0.105728 0.       0.       0.105728 0.       0.105728 0.       0.       0.       0.       0.105728 0.       0.154175 0.       0.       0.      ],[0. 1. 0. 0. 0. 0. 0. 1. 0. 0. 0. 0. 0. 1. 1. 1. 0. 0. 1. 0. 1. 0. 0. 0. 0. 1. 0. 1. 0. 0. 0.],9.0,1000,100,0.01,0.0005,1,7,idID,,random,single_objective
338,0.18471970527404802,0.3879113810755008,0.003424091372,[0.       0.105728 0.       0.       0.       0.       0.       0.105728 0.       0.       0.       0.       0.       0.105728 0.105728 0.105728 0.       0.       0.105728 0.       0.105728 0.       0.       0.       0.       0.105728 0.       0.154175 0.       0.       0.      ],[0. 1. 0. 0. 0. 0. 0. 1. 0. 0. 0. 0. 0. 1. 1. 1. 0. 0. 1. 0. 1. 0. 0. 0. 0. 1. 0. 1. 0. 0. 0.],9.0,1000,100,0.01,0.0005,1,7,idID,,random,single_objective
339,0.18471970527404802,0.3879113810755008,0.003424091372,[0.       0.105728 0.       0.       0.       0.       0.       0.105728 0.       0.       0.       0.       0.       0.105728 0.105728 0.105728 0.       0.       0.105728 0.       0.105728 0.       0.       0.       0.       0.105728 0.       0.154175 0.       0.       0.      ],[0. 1. 0. 0. 0. 0. 0. 1. 0. 0. 0. 0. 0. 1. 1. 1. 0. 0. 1. 0. 1. 0. 0. 0. 0. 1. 0. 1. 0. 0. 0.],9.0,1000,100,0.01,0.0005,1,7,idID,,random,single_objective
340,0.18471970527404802,0.3879113810755008,0.003424091372,[0.       0.105728 0.       0.       0.       0.       0.       0.105728 0.       0.       0.       0.       0.       0.105728 0.105728 0.105728 0.       0.       0.105728 0.       0.105728 0.       0.       0.       0.       0.105728 0.       0.154175 0.       0.       0.      ],[0. 1. 0. 0. 0. 0. 0. 1. 0. 0. 0. 0. 0. 1. 1. 1. 0. 0. 1. 0. 1. 0. 0. 0. 0. 1. 0. 1. 0. 0. 0.],9.0,1000,100,0.01,0.0005,1,7,idID,,random,single_objective
341,0.18471970527404802,0.3879113810755008,0.003424091372,[0.       0.105728 0.       0.       0.       0.       0.       0.105728 0.       0.       0.       0.       0.       0.105728 0.105728 0.105728 0.       0.       0.105728 0.       0.105728 0.       0.       0.       0.       0.105728 0.       0.154175 0.       0.       0.      ],[0. 1. 0. 0. 0. 0. 0. 1. 0. 0. 0. 0. 0. 1. 1. 1. 0. 0. 1. 0. 1. 0. 0. 0. 0. 1. 0. 1. 0. 0. 0.],9.0,1000,100,0.01,0.0005,1,7,idID,,random,single_objective
342,0.18471970527404802,0.3879113810755008,0.003424091372,[0.       0.105728 0.       0.       0.       0.       0.       0.105728 0.       0.       0.       0.       0.       0.105728 0.105728 0.105728 0.       0.       0.105728 0.       0.105728 0.       0.       0.       0.       0.105728 0.       0.154175 0.       0.       0.      ],[0. 1. 0. 0. 0. 0. 0. 1. 0. 0. 0. 0. 0. 1. 1. 1. 0. 0. 1. 0. 1. 0. 0. 0. 0. 1. 0. 1. 0. 0. 0.],9.0,1000,100,0.01,0.0005,1,7,idID,,random,single_objective
343,0.18471970527404802,0.3879113810755008,0.003424091372,[0.       0.105728 0.       0.       0.       0.       0.       0.105728 0.       0.       0.       0.       0.       0.105728 0.105728 0.105728 0.       0.       0.105728 0.       0.105728 0.       0.       0.       0.       0.105728 0.       0.154175 0.       0.       0.      ],[0. 1. 0. 0. 0. 0. 0. 1. 0. 0. 0. 0. 0. 1. 1. 1. 0. 0. 1. 0. 1. 0. 0. 0. 0. 1. 0. 1. 0. 0. 0.],9.0,1000,100,0.01,0.0005,1,7,idID,,random,single_objective
344,0.18471970527404802,0.3879113810755008,0.003424091372,[0.       0.105728 0.       0.       0.       0.       0.       0.105728 0.       0.       0.       0.       0.       0.105728 0.105728 0.105728 0.       0.       0.105728 0.       0.105728 0.       0.       0.       0.       0.105728 0.       0.154175 0.       0.       0.      ],[0. 1. 0. 0. 0. 0. 0. 1. 0. 0. 0. 0. 0. 1. 1. 1. 0. 0. 1. 0. 1. 0. 0. 0. 0. 1. 0. 1. 0. 0. 0.],9.0,1000,100,0.01,0.0005,1,7,idID,,random,single_objective
345,0.18471970527404802,0.3879113810755008,0.003424091372,[0.       0.105728 0.       0.       0.       0.       0.       0.105728 0.       0.       0.       0.       0.       0.105728 0.105728 0.105728 0.       0.       0.105728 0.       0.105728 0.       0.       0.       0.       0.105728 0.       0.154175 0.       0.       0.      ],[0. 1. 0. 0. 0. 0. 0. 1. 0. 0. 0. 0. 0. 1. 1. 1. 0. 0. 1. 0. 1. 0. 0. 0. 0. 1. 0. 1. 0. 0. 0.],9.0,1000,100,0.01,0.0005,1,7,idID,,random,single_objective
346,0.18471970527404802,0.3879113810755008,0.003424091372,[0.       0.105728 0.       0.       0.       0.       0.       0.105728 0.       0.       0.       0.       0.       0.105728 0.105728 0.105728 0.       0.       0.105728 0.       0.105728 0.       0.       0.       0.       0.105728 0.       0.154175 0.       0.       0.      ],[0. 1. 0. 0. 0. 0. 0. 1. 0. 0. 0. 0. 0. 1. 1. 1. 0. 0. 1. 0. 1. 0. 0. 0. 0. 1. 0. 1. 0. 0. 0.],9.0,1000,100,0.01,0.0005,1,7,idID,,random,single_objective
347,0.18471970527404802,0.3879113810755008,0.003424091372,[0.       0.105728 0.       0.       0.       0.       0.       0.105728 0.       0.       0.       0.       0.       0.105728 0.105728 0.105728 0.       0.       0.105728 0.       0.105728 0.       0.       0.       0.       0.105728 0.       0.154175 0.       0.       0.      ],[0. 1. 0. 0. 0. 0. 0. 1. 0. 0. 0. 0. 0. 1. 1. 1. 0. 0. 1. 0. 1. 0. 0. 0. 0. 1. 0. 1. 0. 0. 0.],9.0,1000,100,0.01,0.0005,1,7,idID,,random,single_objective
348,0.18471970527404802,0.3879113810755008,0.003424091372,[0.       0.105728 0.       0.       0.       0.       0.       0.105728 0.       0.       0.       0.       0.       0.105728 0.105728 0.105728 0.       0.       0.105728 0.       0.105728 0.       0.       0.       0.       0.105728 0.       0.154175 0.       0.       0.      ],[0. 1. 0. 0. 0. 0. 0. 1. 0. 0. 0. 0. 0. 1. 1. 1. 0. 0. 1. 0. 1. 0. 0. 0. 0. 1. 0. 1. 0. 0. 0.],9.0,1000,100,0.01,0.0005,1,7,idID,,random,single_objective
349,0.18471970527404802,0.3879113810755008,0.003424091372,[0.       0.105728 0.       0.       0.       0.       0.       0.105728 0.       0.       0.       0.       0.       0.105728 0.105728 0.105728 0.       0.       0.105728 0.       0.105728 0.       0.       0.       0.       0.105728 0.       0.154175 0.       0.       0.      ],[0. 1. 0. 0. 0. 0. 0. 1. 0. 0. 0. 0. 0. 1. 1. 1. 0. 0. 1. 0. 1. 0. 0. 0. 0. 1. 0. 1. 0. 0. 0.],9.0,1000,100,0.01,0.0005,1,7,idID,,random,single_objective
350,0.18471970527404802,0.3879113810755008,0.003424091372,[0.       0.105728 0.       0.       0.       0.       0.       0.105728 0.       0.       0.       0.       0.       0.105728 0.105728 0.105728 0.       0.       0.105728 0.       0.105728 0.       0.       0.       0.       0.105728 0.       0.154175 0.       0.       0.      ],[0. 1. 0. 0. 0. 0. 0. 1. 0. 0. 0. 0. 0. 1. 1. 1. 0. 0. 1. 0. 1. 0. 0. 0. 0. 1. 0. 1. 0. 0. 0.],9.0,1000,100,0.01,0.0005,1,7,idID,,random,single_objective
351,0.18471970527404802,0.3879113810755008,0.003424091372,[0.       0.105728 0.       0.       0.       0.       0.       0.105728 0.       0.       0.       0.       0.       0.105728 0.105728 0.105728 0.       0.       0.105728 0.       0.105728 0.       0.       0.       0.       0.105728 0.       0.154175 0.       0.       0.      ],[0. 1. 0. 0. 0. 0. 0. 1. 0. 0. 0. 0. 0. 1. 1. 1. 0. 0. 1. 0. 1. 0. 0. 0. 0. 1. 0. 1. 0. 0. 0.],9.0,1000,100,0.01,0.0005,1,7,idID,,random,single_objective
352,0.18471970527404802,0.3879113810755008,0.003424091372,[0.       0.105728 0.       0.       0.       0.       0.       0.105728 0.       0.       0.       0.       0.       0.105728 0.105728 0.105728 0.       0.       0.105728 0.       0.105728 0.       0.       0.       0.       0.105728 0.       0.154175 0.       0.       0.      ],[0. 1. 0. 0. 0. 0. 0. 1. 0. 0. 0. 0. 0. 1. 1. 1. 0. 0. 1. 0. 1. 0. 0. 0. 0. 1. 0. 1. 0. 0. 0.],9.0,1000,100,0.01,0.0005,1,7,idID,,random,single_objective
353,0.18471970527404802,0.3879113810755008,0.003424091372,[0.       0.105728 0.       0.       0.       0.       0.       0.105728 0.       0.       0.       0.       0.       0.105728 0.105728 0.105728 0.       0.       0.105728 0.       0.105728 0.       0.       0.       0.       0.105728 0.       0.154175 0.       0.       0.      ],[0. 1. 0. 0. 0. 0. 0. 1. 0. 0. 0. 0. 0. 1. 1. 1. 0. 0. 1. 0. 1. 0. 0. 0. 0. 1. 0. 1. 0. 0. 0.],9.0,1000,100,0.01,0.0005,1,7,idID,,random,single_objective
354,0.18471970527404802,0.3879113810755008,0.003424091372,[0.       0.105728 0.       0.       0.       0.       0.       0.105728 0.       0.       0.       0.       0.       0.105728 0.105728 0.105728 0.       0.       0.105728 0.       0.105728 0.       0.       0.       0.       0.105728 0.       0.154175 0.       0.       0.      ],[0. 1. 0. 0. 0. 0. 0. 1. 0. 0. 0. 0. 0. 1. 1. 1. 0. 0. 1. 0. 1. 0. 0. 0. 0. 1. 0. 1. 0. 0. 0.],9.0,1000,100,0.01,0.0005,1,7,idID,,random,single_objective
355,0.18471970527404802,0.3879113810755008,0.003424091372,[0.       0.105728 0.       0.       0.       0.       0.       0.105728 0.       0.       0.       0.       0.       0.105728 0.105728 0.105728 0.       0.       0.105728 0.       0.105728 0.       0.       0.       0.       0.105728 0.       0.154175 0.       0.       0.      ],[0. 1. 0. 0. 0. 0. 0. 1. 0. 0. 0. 0. 0. 1. 1. 1. 0. 0. 1. 0. 1. 0. 0. 0. 0. 1. 0. 1. 0. 0. 0.],9.0,1000,100,0.01,0.0005,1,7,idID,,random,single_objective
356,0.18471970527404802,0.3879113810755008,0.003424091372,[0.       0.105728 0.       0.       0.       0.       0.       0.105728 0.       0.       0.       0.       0.       0.105728 0.105728 0.105728 0.       0.       0.105728 0.       0.105728 0.       0.       0.       0.       0.105728 0.       0.154175 0.       0.       0.      ],[0. 1. 0. 0. 0. 0. 0. 1. 0. 0. 0. 0. 0. 1. 1. 1. 0. 0. 1. 0. 1. 0. 0. 0. 0. 1. 0. 1. 0. 0. 0.],9.0,1000,100,0.01,0.0005,1,7,idID,,random,single_objective
357,0.18471970527404802,0.3879113810755008,0.003424091372,[0.       0.105728 0.       0.       0.       0.       0.       0.105728 0.       0.       0.       0.       0.       0.105728 0.105728 0.105728 0.       0.       0.105728 0.       0.105728 0.       0.       0.       0.       0.105728 0.       0.154175 0.       0.       0.      ],[0. 1. 0. 0. 0. 0. 0. 1. 0. 0. 0. 0. 0. 1. 1. 1. 0. 0. 1. 0. 1. 0. 0. 0. 0. 1. 0. 1. 0. 0. 0.],9.0,1000,100,0.01,0.0005,1,7,idID,,random,single_objective
358,0.18471970527404802,0.3879113810755008,0.003424091372,[0.       0.105728 0.       0.       0.       0.       0.       0.105728 0.       0.       0.       0.       0.       0.105728 0.105728 0.105728 0.       0.       0.105728 0.       0.105728 0.       0.       0.       0.       0.105728 0.       0.154175 0.       0.       0.      ],[0. 1. 0. 0. 0. 0. 0. 1. 0. 0. 0. 0. 0. 1. 1. 1. 0. 0. 1. 0. 1. 0. 0. 0. 0. 1. 0. 1. 0. 0. 0.],9.0,1000,100,0.01,0.0005,1,7,idID,,random,single_objective
359,0.18471970527404802,0.3879113810755008,0.003424091372,[0.       0.105728 0.       0.       0.       0.       0.       0.105728 0.       0.       0.       0.       0.       0.105728 0.105728 0.105728 0.       0.       0.105728 0.       0.105728 0.       0.       0.       0.       0.105728 0.       0.154175 0.       0.       0.      ],[0. 1. 0. 0. 0. 0. 0. 1. 0. 0. 0. 0. 0. 1. 1. 1. 0. 0. 1. 0. 1. 0. 0. 0. 0. 1. 0. 1. 0. 0. 0.],9.0,1000,100,0.01,0.0005,1,7,idID,,random,single_objective
360,0.18471970527404802,0.3879113810755008,0.003424091372,[0.       0.105728 0.       0.       0.       0.       0.       0.105728 0.       0.       0.       0.       0.       0.105728 0.105728 0.105728 0.       0.       0.105728 0.       0.105728 0.       0.       0.       0.       0.105728 0.       0.154175 0.       0.       0.      ],[0. 1. 0. 0. 0. 0. 0. 1. 0. 0. 0. 0. 0. 1. 1. 1. 0. 0. 1. 0. 1. 0. 0. 0. 0. 1. 0. 1. 0. 0. 0.],9.0,1000,100,0.01,0.0005,1,7,idID,,random,single_objective
361,0.18471970527404802,0.3879113810755008,0.003424091372,[0.       0.105728 0.       0.       0.       0.       0.       0.105728 0.       0.       0.       0.       0.       0.105728 0.105728 0.105728 0.       0.       0.105728 0.       0.105728 0.       0.       0.       0.       0.105728 0.       0.154175 0.       0.       0.      ],[0. 1. 0. 0. 0. 0. 0. 1. 0. 0. 0. 0. 0. 1. 1. 1. 0. 0. 1. 0. 1. 0. 0. 0. 0. 1. 0. 1. 0. 0. 0.],9.0,1000,100,0.01,0.0005,1,7,idID,,random,single_objective
362,0.18471970527404802,0.3879113810755008,0.003424091372,[0.       0.105728 0.       0.       0.       0.       0.       0.105728 0.       0.       0.       0.       0.       0.105728 0.105728 0.105728 0.       0.       0.105728 0.       0.105728 0.       0.       0.       0.       0.105728 0.       0.154175 0.       0.       0.      ],[0. 1. 0. 0. 0. 0. 0. 1. 0. 0. 0. 0. 0. 1. 1. 1. 0. 0. 1. 0. 1. 0. 0. 0. 0. 1. 0. 1. 0. 0. 0.],9.0,1000,100,0.01,0.0005,1,7,idID,,random,single_objective
363,0.18471970527404802,0.3879113810755008,0.003424091372,[0.       0.105728 0.       0.       0.       0.       0.       0.105728 0.       0.       0.       0.       0.       0.105728 0.105728 0.105728 0.       0.       0.105728 0.       0.105728 0.       0.       0.       0.       0.105728 0.       0.154175 0.       0.       0.      ],[0. 1. 0. 0. 0. 0. 0. 1. 0. 0. 0. 0. 0. 1. 1. 1. 0. 0. 1. 0. 1. 0. 0. 0. 0. 1. 0. 1. 0. 0. 0.],9.0,1000,100,0.01,0.0005,1,7,idID,,random,single_objective
364,0.18471970527404802,0.3879113810755008,0.003424091372,[0.       0.105728 0.       0.       0.       0.       0.       0.105728 0.       0.       0.       0.       0.       0.105728 0.105728 0.105728 0.       0.       0.105728 0.       0.105728 0.       0.       0.       0.       0.105728 0.       0.154175 0.       0.       0.      ],[0. 1. 0. 0. 0. 0. 0. 1. 0. 0. 0. 0. 0. 1. 1. 1. 0. 0. 1. 0. 1. 0. 0. 0. 0. 1. 0. 1. 0. 0. 0.],9.0,1000,100,0.01,0.0005,1,7,idID,,random,single_objective
365,0.18471970527404802,0.3879113810755008,0.003424091372,[0.       0.105728 0.       0.       0.       0.       0.       0.105728 0.       0.       0.       0.       0.       0.105728 0.105728 0.105728 0.       0.       0.105728 0.       0.105728 0.       0.       0.       0.       0.105728 0.       0.154175 0.       0.       0.      ],[0. 1. 0. 0. 0. 0. 0. 1. 0. 0. 0. 0. 0. 1. 1. 1. 0. 0. 1. 0. 1. 0. 0. 0. 0. 1. 0. 1. 0. 0. 0.],9.0,1000,100,0.01,0.0005,1,7,idID,,random,single_objective
366,0.18471970527404802,0.3879113810755008,0.003424091372,[0.       0.105728 0.       0.       0.       0.       0.       0.105728 0.       0.       0.       0.       0.       0.105728 0.105728 0.105728 0.       0.       0.105728 0.       0.105728 0.       0.       0.       0.       0.105728 0.       0.154175 0.       0.       0.      ],[0. 1. 0. 0. 0. 0. 0. 1. 0. 0. 0. 0. 0. 1. 1. 1. 0. 0. 1. 0. 1. 0. 0. 0. 0. 1. 0. 1. 0. 0. 0.],9.0,1000,100,0.01,0.0005,1,7,idID,,random,single_objective
367,0.18471970527404802,0.3879113810755008,0.003424091372,[0.       0.105728 0.       0.       0.       0.       0.       0.105728 0.       0.       0.       0.       0.       0.105728 0.105728 0.105728 0.       0.       0.105728 0.       0.105728 0.       0.       0.       0.       0.105728 0.       0.154175 0.       0.       0.      ],[0. 1. 0. 0. 0. 0. 0. 1. 0. 0. 0. 0. 0. 1. 1. 1. 0. 0. 1. 0. 1. 0. 0. 0. 0. 1. 0. 1. 0. 0. 0.],9.0,1000,100,0.01,0.0005,1,7,idID,,random,single_objective
368,0.18471970527404802,0.3879113810755008,0.003424091372,[0.       0.105728 0.       0.       0.       0.       0.       0.105728 0.       0.       0.       0.       0.       0.105728 0.105728 0.105728 0.       0.       0.105728 0.       0.105728 0.       0.       0.       0.       0.105728 0.       0.154175 0.       0.       0.      ],[0. 1. 0. 0. 0. 0. 0. 1. 0. 0. 0. 0. 0. 1. 1. 1. 0. 0. 1. 0. 1. 0. 0. 0. 0. 1. 0. 1. 0. 0. 0.],9.0,1000,100,0.01,0.0005,1,7,idID,,random,single_objective
369,0.18471970527404802,0.3879113810755008,0.003424091372,[0.       0.105728 0.       0.       0.       0.       0.       0.105728 0.       0.       0.       0.       0.       0.105728 0.105728 0.105728 0.       0.       0.105728 0.       0.105728 0.       0.       0.       0.       0.105728 0.       0.154175 0.       0.       0.      ],[0. 1. 0. 0. 0. 0. 0. 1. 0. 0. 0. 0. 0. 1. 1. 1. 0. 0. 1. 0. 1. 0. 0. 0. 0. 1. 0. 1. 0. 0. 0.],9.0,1000,100,0.01,0.0005,1,7,idID,,random,single_objective
370,0.18471970527404802,0.3879113810755008,0.003424091372,[0.       0.105728 0.       0.       0.       0.       0.       0.105728 0.       0.       0.       0.       0.       0.105728 0.105728 0.105728 0.       0.       0.105728 0.       0.105728 0.       0.       0.       0.       0.105728 0.       0.154175 0.       0.       0.      ],[0. 1. 0. 0. 0. 0. 0. 1. 0. 0. 0. 0. 0. 1. 1. 1. 0. 0. 1. 0. 1. 0. 0. 0. 0. 1. 0. 1. 0. 0. 0.],9.0,1000,100,0.01,0.0005,1,7,idID,,random,single_objective
371,0.18471970527404802,0.3879113810755008,0.003424091372,[0.       0.105728 0.       0.       0.       0.       0.       0.105728 0.       0.       0.       0.       0.       0.105728 0.105728 0.105728 0.       0.       0.105728 0.       0.105728 0.       0.       0.       0.       0.105728 0.       0.154175 0.       0.       0.      ],[0. 1. 0. 0. 0. 0. 0. 1. 0. 0. 0. 0. 0. 1. 1. 1. 0. 0. 1. 0. 1. 0. 0. 0. 0. 1. 0. 1. 0. 0. 0.],9.0,1000,100,0.01,0.0005,1,7,idID,,random,single_objective
372,0.18471970527404802,0.3879113810755008,0.003424091372,[0.       0.105728 0.       0.       0.       0.       0.       0.105728 0.       0.       0.       0.       0.       0.105728 0.105728 0.105728 0.       0.       0.105728 0.       0.105728 0.       0.       0.       0.       0.105728 0.       0.154175 0.       0.       0.      ],[0. 1. 0. 0. 0. 0. 0. 1. 0. 0. 0. 0. 0. 1. 1. 1. 0. 0. 1. 0. 1. 0. 0. 0. 0. 1. 0. 1. 0. 0. 0.],9.0,1000,100,0.01,0.0005,1,7,idID,,random,single_objective
373,0.18471970527404802,0.3879113810755008,0.003424091372,[0.       0.105728 0.       0.       0.       0.       0.       0.105728 0.       0.       0.       0.       0.       0.105728 0.105728 0.105728 0.       0.       0.105728 0.       0.105728 0.       0.       0.       0.       0.105728 0.       0.154175 0.       0.       0.      ],[0. 1. 0. 0. 0. 0. 0. 1. 0. 0. 0. 0. 0. 1. 1. 1. 0. 0. 1. 0. 1. 0. 0. 0. 0. 1. 0. 1. 0. 0. 0.],9.0,1000,100,0.01,0.0005,1,7,idID,,random,single_objective
374,0.18471970527404802,0.3879113810755008,0.003424091372,[0.       0.105728 0.       0.       0.       0.       0.       0.105728 0.       0.       0.       0.       0.       0.105728 0.105728 0.105728 0.       0.       0.105728 0.       0.105728 0.       0.       0.       0.       0.105728 0.       0.154175 0.       0.       0.      ],[0. 1. 0. 0. 0. 0. 0. 1. 0. 0. 0. 0. 0. 1. 1. 1. 0. 0. 1. 0. 1. 0. 0. 0. 0. 1. 0. 1. 0. 0. 0.],9.0,1000,100,0.01,0.0005,1,7,idID,,random,single_objective
375,0.18471970527404802,0.3879113810755008,0.003424091372,[0.       0.105728 0.       0.       0.       0.       0.       0.105728 0.       0.       0.       0.       0.       0.105728 0.105728 0.105728 0.       0.       0.105728 0.       0.105728 0.       0.       0.       0.       0.105728 0.       0.154175 0.       0.       0.      ],[0. 1. 0. 0. 0. 0. 0. 1. 0. 0. 0. 0. 0. 1. 1. 1. 0. 0. 1. 0. 1. 0. 0. 0. 0. 1. 0. 1. 0. 0. 0.],9.0,1000,100,0.01,0.0005,1,7,idID,,random,single_objective
376,0.18471970527404802,0.3879113810755008,0.003424091372,[0.       0.105728 0.       0.       0.       0.       0.       0.105728 0.       0.       0.       0.       0.       0.105728 0.105728 0.105728 0.       0.       0.105728 0.       0.105728 0.       0.       0.       0.       0.105728 0.       0.154175 0.       0.       0.      ],[0. 1. 0. 0. 0. 0. 0. 1. 0. 0. 0. 0. 0. 1. 1. 1. 0. 0. 1. 0. 1. 0. 0. 0. 0. 1. 0. 1. 0. 0. 0.],9.0,1000,100,0.01,0.0005,1,7,idID,,random,single_objective
377,0.18471970527404802,0.3879113810755008,0.003424091372,[0.       0.105728 0.       0.       0.       0.       0.       0.105728 0.       0.       0.       0.       0.       0.105728 0.105728 0.105728 0.       0.       0.105728 0.       0.105728 0.       0.       0.       0.       0.105728 0.       0.154175 0.       0.       0.      ],[0. 1. 0. 0. 0. 0. 0. 1. 0. 0. 0. 0. 0. 1. 1. 1. 0. 0. 1. 0. 1. 0. 0. 0. 0. 1. 0. 1. 0. 0. 0.],9.0,1000,100,0.01,0.0005,1,7,idID,,random,single_objective
378,0.18471970527404802,0.3879113810755008,0.003424091372,[0.       0.105728 0.       0.       0.       0.       0.       0.105728 0.       0.       0.       0.       0.       0.105728 0.105728 0.105728 0.       0.       0.105728 0.       0.105728 0.       0.       0.       0.       0.105728 0.       0.154175 0.       0.       0.      ],[0. 1. 0. 0. 0. 0. 0. 1. 0. 0. 0. 0. 0. 1. 1. 1. 0. 0. 1. 0. 1. 0. 0. 0. 0. 1. 0. 1. 0. 0. 0.],9.0,1000,100,0.01,0.0005,1,7,idID,,random,single_objective
379,0.18471970527404802,0.3879113810755008,0.003424091372,[0.       0.105728 0.       0.       0.       0.       0.       0.105728 0.       0.       0.       0.       0.       0.105728 0.105728 0.105728 0.       0.       0.105728 0.       0.105728 0.       0.       0.       0.       0.105728 0.       0.154175 0.       0.       0.      ],[0. 1. 0. 0. 0. 0. 0. 1. 0. 0. 0. 0. 0. 1. 1. 1. 0. 0. 1. 0. 1. 0. 0. 0. 0. 1. 0. 1. 0. 0. 0.],9.0,1000,100,0.01,0.0005,1,7,idID,,random,single_objective
380,0.18471970527404802,0.3879113810755008,0.003424091372,[0.       0.105728 0.       0.       0.       0.       0.       0.105728 0.       0.       0.       0.       0.       0.105728 0.105728 0.105728 0.       0.       0.105728 0.       0.105728 0.       0.       0.       0.       0.105728 0.       0.154175 0.       0.       0.      ],[0. 1. 0. 0. 0. 0. 0. 1. 0. 0. 0. 0. 0. 1. 1. 1. 0. 0. 1. 0. 1. 0. 0. 0. 0. 1. 0. 1. 0. 0. 0.],9.0,1000,100,0.01,0.0005,1,7,idID,,random,single_objective
381,0.18471970527404802,0.3879113810755008,0.003424091372,[0.       0.105728 0.       0.       0.       0.       0.       0.105728 0.       0.       0.       0.       0.       0.105728 0.105728 0.105728 0.       0.       0.105728 0.       0.105728 0.       0.       0.       0.       0.105728 0.       0.154175 0.       0.       0.      ],[0. 1. 0. 0. 0. 0. 0. 1. 0. 0. 0. 0. 0. 1. 1. 1. 0. 0. 1. 0. 1. 0. 0. 0. 0. 1. 0. 1. 0. 0. 0.],9.0,1000,100,0.01,0.0005,1,7,idID,,random,single_objective
382,0.18471970527404802,0.3879113810755008,0.003424091372,[0.       0.105728 0.       0.       0.       0.       0.       0.105728 0.       0.       0.       0.       0.       0.105728 0.105728 0.105728 0.       0.       0.105728 0.       0.105728 0.       0.       0.       0.       0.105728 0.       0.154175 0.       0.       0.      ],[0. 1. 0. 0. 0. 0. 0. 1. 0. 0. 0. 0. 0. 1. 1. 1. 0. 0. 1. 0. 1. 0. 0. 0. 0. 1. 0. 1. 0. 0. 0.],9.0,1000,100,0.01,0.0005,1,7,idID,,random,single_objective
383,0.18471970527404802,0.3879113810755008,0.003424091372,[0.       0.105728 0.       0.       0.       0.       0.       0.105728 0.       0.       0.       0.       0.       0.105728 0.105728 0.105728 0.       0.       0.105728 0.       0.105728 0.       0.       0.       0.       0.105728 0.       0.154175 0.       0.       0.      ],[0. 1. 0. 0. 0. 0. 0. 1. 0. 0. 0. 0. 0. 1. 1. 1. 0. 0. 1. 0. 1. 0. 0. 0. 0. 1. 0. 1. 0. 0. 0.],9.0,1000,100,0.01,0.0005,1,7,idID,,random,single_objective
384,0.18471970527404802,0.3879113810755008,0.003424091372,[0.       0.105728 0.       0.       0.       0.       0.       0.105728 0.       0.       0.       0.       0.       0.105728 0.105728 0.105728 0.       0.       0.105728 0.       0.105728 0.       0.       0.       0.       0.105728 0.       0.154175 0.       0.       0.      ],[0. 1. 0. 0. 0. 0. 0. 1. 0. 0. 0. 0. 0. 1. 1. 1. 0. 0. 1. 0. 1. 0. 0. 0. 0. 1. 0. 1. 0. 0. 0.],9.0,1000,100,0.01,0.0005,1,7,idID,,random,single_objective
385,0.18471970527404802,0.3879113810755008,0.003424091372,[0.       0.105728 0.       0.       0.       0.       0.       0.105728 0.       0.       0.       0.       0.       0.105728 0.105728 0.105728 0.       0.       0.105728 0.       0.105728 0.       0.       0.       0.       0.105728 0.       0.154175 0.       0.       0.      ],[0. 1. 0. 0. 0. 0. 0. 1. 0. 0. 0. 0. 0. 1. 1. 1. 0. 0. 1. 0. 1. 0. 0. 0. 0. 1. 0. 1. 0. 0. 0.],9.0,1000,100,0.01,0.0005,1,7,idID,,random,single_objective
386,0.18471970527404802,0.3879113810755008,0.003424091372,[0.       0.105728 0.       0.       0.       0.       0.       0.105728 0.       0.       0.       0.       0.       0.105728 0.105728 0.105728 0.       0.       0.105728 0.       0.105728 0.       0.       0.       0.       0.105728 0.       0.154175 0.       0.       0.      ],[0. 1. 0. 0. 0. 0. 0. 1. 0. 0. 0. 0. 0. 1. 1. 1. 0. 0. 1. 0. 1. 0. 0. 0. 0. 1. 0. 1. 0. 0. 0.],9.0,1000,100,0.01,0.0005,1,7,idID,,random,single_objective
387,0.18471970527404802,0.3879113810755008,0.003424091372,[0.       0.105728 0.       0.       0.       0.       0.       0.105728 0.       0.       0.       0.       0.       0.105728 0.105728 0.105728 0.       0.       0.105728 0.       0.105728 0.       0.       0.       0.       0.105728 0.       0.154175 0.       0.       0.      ],[0. 1. 0. 0. 0. 0. 0. 1. 0. 0. 0. 0. 0. 1. 1. 1. 0. 0. 1. 0. 1. 0. 0. 0. 0. 1. 0. 1. 0. 0. 0.],9.0,1000,100,0.01,0.0005,1,7,idID,,random,single_objective
388,0.18471970527404802,0.3879113810755008,0.003424091372,[0.       0.105728 0.       0.       0.       0.       0.       0.105728 0.       0.       0.       0.       0.       0.105728 0.105728 0.105728 0.       0.       0.105728 0.       0.105728 0.       0.       0.       0.       0.105728 0.       0.154175 0.       0.       0.      ],[0. 1. 0. 0. 0. 0. 0. 1. 0. 0. 0. 0. 0. 1. 1. 1. 0. 0. 1. 0. 1. 0. 0. 0. 0. 1. 0. 1. 0. 0. 0.],9.0,1000,100,0.01,0.0005,1,7,idID,,random,single_objective
389,0.18471970527404802,0.3879113810755008,0.003424091372,[0.       0.105728 0.       0.       0.       0.       0.       0.105728 0.       0.       0.       0.       0.       0.105728 0.105728 0.105728 0.       0.       0.105728 0.       0.105728 0.       0.       0.       0.       0.105728 0.       0.154175 0.       0.       0.      ],[0. 1. 0. 0. 0. 0. 0. 1. 0. 0. 0. 0. 0. 1. 1. 1. 0. 0. 1. 0. 1. 0. 0. 0. 0. 1. 0. 1. 0. 0. 0.],9.0,1000,100,0.01,0.0005,1,7,idID,,random,single_objective
390,0.18471970527404802,0.3879113810755008,0.003424091372,[0.       0.105728 0.       0.       0.       0.       0.       0.105728 0.       0.       0.       0.       0.       0.105728 0.105728 0.105728 0.       0.       0.105728 0.       0.105728 0.       0.       0.       0.       0.105728 0.       0.154175 0.       0.       0.      ],[0. 1. 0. 0. 0. 0. 0. 1. 0. 0. 0. 0. 0. 1. 1. 1. 0. 0. 1. 0. 1. 0. 0. 0. 0. 1. 0. 1. 0. 0. 0.],9.0,1000,100,0.01,0.0005,1,7,idID,,random,single_objective
391,0.18471970527404802,0.3879113810755008,0.003424091372,[0.       0.105728 0.       0.       0.       0.       0.       0.105728 0.       0.       0.       0.       0.       0.105728 0.105728 0.105728 0.       0.       0.105728 0.       0.105728 0.       0.       0.       0.       0.105728 0.       0.154175 0.       0.       0.      ],[0. 1. 0. 0. 0. 0. 0. 1. 0. 0. 0. 0. 0. 1. 1. 1. 0. 0. 1. 0. 1. 0. 0. 0. 0. 1. 0. 1. 0. 0. 0.],9.0,1000,100,0.01,0.0005,1,7,idID,,random,single_objective
392,0.18471970527404802,0.3879113810755008,0.003424091372,[0.       0.105728 0.       0.       0.       0.       0.       0.105728 0.       0.       0.       0.       0.       0.105728 0.105728 0.105728 0.       0.       0.105728 0.       0.105728 0.       0.       0.       0.       0.105728 0.       0.154175 0.       0.       0.      ],[0. 1. 0. 0. 0. 0. 0. 1. 0. 0. 0. 0. 0. 1. 1. 1. 0. 0. 1. 0. 1. 0. 0. 0. 0. 1. 0. 1. 0. 0. 0.],9.0,1000,100,0.01,0.0005,1,7,idID,,random,single_objective
393,0.18471970527404802,0.3879113810755008,0.003424091372,[0.       0.105728 0.       0.       0.       0.       0.       0.105728 0.       0.       0.       0.       0.       0.105728 0.105728 0.105728 0.       0.       0.105728 0.       0.105728 0.       0.       0.       0.       0.105728 0.       0.154175 0.       0.       0.      ],[0. 1. 0. 0. 0. 0. 0. 1. 0. 0. 0. 0. 0. 1. 1. 1. 0. 0. 1. 0. 1. 0. 0. 0. 0. 1. 0. 1. 0. 0. 0.],9.0,1000,100,0.01,0.0005,1,7,idID,,random,single_objective
394,0.18471970527404802,0.3879113810755008,0.003424091372,[0.       0.105728 0.       0.       0.       0.       0.       0.105728 0.       0.       0.       0.       0.       0.105728 0.105728 0.105728 0.       0.       0.105728 0.       0.105728 0.       0.       0.       0.       0.105728 0.       0.154175 0.       0.       0.      ],[0. 1. 0. 0. 0. 0. 0. 1. 0. 0. 0. 0. 0. 1. 1. 1. 0. 0. 1. 0. 1. 0. 0. 0. 0. 1. 0. 1. 0. 0. 0.],9.0,1000,100,0.01,0.0005,1,7,idID,,random,single_objective
395,0.18471970527404802,0.3879113810755008,0.003424091372,[0.       0.105728 0.       0.       0.       0.       0.       0.105728 0.       0.       0.       0.       0.       0.105728 0.105728 0.105728 0.       0.       0.105728 0.       0.105728 0.       0.       0.       0.       0.105728 0.       0.154175 0.       0.       0.      ],[0. 1. 0. 0. 0. 0. 0. 1. 0. 0. 0. 0. 0. 1. 1. 1. 0. 0. 1. 0. 1. 0. 0. 0. 0. 1. 0. 1. 0. 0. 0.],9.0,1000,100,0.01,0.0005,1,7,idID,,random,single_objective
396,0.18471970527404802,0.3879113810755008,0.003424091372,[0.       0.105728 0.       0.       0.       0.       0.       0.105728 0.       0.       0.       0.       0.       0.105728 0.105728 0.105728 0.       0.       0.105728 0.       0.105728 0.       0.       0.       0.       0.105728 0.       0.154175 0.       0.       0.      ],[0. 1. 0. 0. 0. 0. 0. 1. 0. 0. 0. 0. 0. 1. 1. 1. 0. 0. 1. 0. 1. 0. 0. 0. 0. 1. 0. 1. 0. 0. 0.],9.0,1000,100,0.01,0.0005,1,7,idID,,random,single_objective
397,0.18471970527404802,0.3879113810755008,0.003424091372,[0.       0.105728 0.       0.       0.       0.       0.       0.105728 0.       0.       0.       0.       0.       0.105728 0.105728 0.105728 0.       0.       0.105728 0.       0.105728 0.       0.       0.       0.       0.105728 0.       0.154175 0.       0.       0.      ],[0. 1. 0. 0. 0. 0. 0. 1. 0. 0. 0. 0. 0. 1. 1. 1. 0. 0. 1. 0. 1. 0. 0. 0. 0. 1. 0. 1. 0. 0. 0.],9.0,1000,100,0.01,0.0005,1,7,idID,,random,single_objective
398,0.18471970527404802,0.3879113810755008,0.003424091372,[0.       0.105728 0.       0.       0.       0.       0.       0.105728 0.       0.       0.       0.       0.       0.105728 0.105728 0.105728 0.       0.       0.105728 0.       0.105728 0.       0.       0.       0.       0.105728 0.       0.154175 0.       0.       0.      ],[0. 1. 0. 0. 0. 0. 0. 1. 0. 0. 0. 0. 0. 1. 1. 1. 0. 0. 1. 0. 1. 0. 0. 0. 0. 1. 0. 1. 0. 0. 0.],9.0,1000,100,0.01,0.0005,1,7,idID,,random,single_objective
399,0.18471970527404802,0.3879113810755008,0.003424091372,[0.       0.105728 0.       0.       0.       0.       0.       0.105728 0.       0.       0.       0.       0.       0.105728 0.105728 0.105728 0.       0.       0.105728 0.       0.105728 0.       0.       0.       0.       0.105728 0.       0.154175 0.       0.       0.      ],[0. 1. 0. 0. 0. 0. 0. 1. 0. 0. 0. 0. 0. 1. 1. 1. 0. 0. 1. 0. 1. 0. 0. 0. 0. 1. 0. 1. 0. 0. 0.],9.0,1000,100,0.01,0.0005,1,7,idID,,random,single_objective
400,0.18471970527404802,0.3879113810755008,0.003424091372,[0.       0.105728 0.       0.       0.       0.       0.       0.105728 0.       0.       0.       0.       0.       0.105728 0.105728 0.105728 0.       0.       0.105728 0.       0.105728 0.       0.       0.       0.       0.105728 0.       0.154175 0.       0.       0.      ],[0. 1. 0. 0. 0. 0. 0. 1. 0. 0. 0. 0. 0. 1. 1. 1. 0. 0. 1. 0. 1. 0. 0. 0. 0. 1. 0. 1. 0. 0. 0.],9.0,1000,100,0.01,0.0005,1,7,idID,,random,single_objective
401,0.18471970527404802,0.3879113810755008,0.003424091372,[0.       0.105728 0.       0.       0.       0.       0.       0.105728 0.       0.       0.       0.       0.       0.105728 0.105728 0.105728 0.       0.       0.105728 0.       0.105728 0.       0.       0.       0.       0.105728 0.       0.154175 0.       0.       0.      ],[0. 1. 0. 0. 0. 0. 0. 1. 0. 0. 0. 0. 0. 1. 1. 1. 0. 0. 1. 0. 1. 0. 0. 0. 0. 1. 0. 1. 0. 0. 0.],9.0,1000,100,0.01,0.0005,1,7,idID,,random,single_objective
402,0.18471970527404802,0.3879113810755008,0.003424091372,[0.       0.105728 0.       0.       0.       0.       0.       0.105728 0.       0.       0.       0.       0.       0.105728 0.105728 0.105728 0.       0.       0.105728 0.       0.105728 0.       0.       0.       0.       0.105728 0.       0.154175 0.       0.       0.      ],[0. 1. 0. 0. 0. 0. 0. 1. 0. 0. 0. 0. 0. 1. 1. 1. 0. 0. 1. 0. 1. 0. 0. 0. 0. 1. 0. 1. 0. 0. 0.],9.0,1000,100,0.01,0.0005,1,7,idID,,random,single_objective
403,0.18471970527404802,0.3879113810755008,0.003424091372,[0.       0.105728 0.       0.       0.       0.       0.       0.105728 0.       0.       0.       0.       0.       0.105728 0.105728 0.105728 0.       0.       0.105728 0.       0.105728 0.       0.       0.       0.       0.105728 0.       0.154175 0.       0.       0.      ],[0. 1. 0. 0. 0. 0. 0. 1. 0. 0. 0. 0. 0. 1. 1. 1. 0. 0. 1. 0. 1. 0. 0. 0. 0. 1. 0. 1. 0. 0. 0.],9.0,1000,100,0.01,0.0005,1,7,idID,,random,single_objective
404,0.18471970527404802,0.3879113810755008,0.003424091372,[0.       0.105728 0.       0.       0.       0.       0.       0.105728 0.       0.       0.       0.       0.       0.105728 0.105728 0.105728 0.       0.       0.105728 0.       0.105728 0.       0.       0.       0.       0.105728 0.       0.154175 0.       0.       0.      ],[0. 1. 0. 0. 0. 0. 0. 1. 0. 0. 0. 0. 0. 1. 1. 1. 0. 0. 1. 0. 1. 0. 0. 0. 0. 1. 0. 1. 0. 0. 0.],9.0,1000,100,0.01,0.0005,1,7,idID,,random,single_objective
405,0.18471970527404802,0.3879113810755008,0.003424091372,[0.       0.105728 0.       0.       0.       0.       0.       0.105728 0.       0.       0.       0.       0.       0.105728 0.105728 0.105728 0.       0.       0.105728 0.       0.105728 0.       0.       0.       0.       0.105728 0.       0.154175 0.       0.       0.      ],[0. 1. 0. 0. 0. 0. 0. 1. 0. 0. 0. 0. 0. 1. 1. 1. 0. 0. 1. 0. 1. 0. 0. 0. 0. 1. 0. 1. 0. 0. 0.],9.0,1000,100,0.01,0.0005,1,7,idID,,random,single_objective
406,0.18471970527404802,0.3879113810755008,0.003424091372,[0.       0.105728 0.       0.       0.       0.       0.       0.105728 0.       0.       0.       0.       0.       0.105728 0.105728 0.105728 0.       0.       0.105728 0.       0.105728 0.       0.       0.       0.       0.105728 0.       0.154175 0.       0.       0.      ],[0. 1. 0. 0. 0. 0. 0. 1. 0. 0. 0. 0. 0. 1. 1. 1. 0. 0. 1. 0. 1. 0. 0. 0. 0. 1. 0. 1. 0. 0. 0.],9.0,1000,100,0.01,0.0005,1,7,idID,,random,single_objective
407,0.18471970527404802,0.3879113810755008,0.003424091372,[0.       0.105728 0.       0.       0.       0.       0.       0.105728 0.       0.       0.       0.       0.       0.105728 0.105728 0.105728 0.       0.       0.105728 0.       0.105728 0.       0.       0.       0.       0.105728 0.       0.154175 0.       0.       0.      ],[0. 1. 0. 0. 0. 0. 0. 1. 0. 0. 0. 0. 0. 1. 1. 1. 0. 0. 1. 0. 1. 0. 0. 0. 0. 1. 0. 1. 0. 0. 0.],9.0,1000,100,0.01,0.0005,1,7,idID,,random,single_objective
408,0.18471970527404802,0.3879113810755008,0.003424091372,[0.       0.105728 0.       0.       0.       0.       0.       0.105728 0.       0.       0.       0.       0.       0.105728 0.105728 0.105728 0.       0.       0.105728 0.       0.105728 0.       0.       0.       0.       0.105728 0.       0.154175 0.       0.       0.      ],[0. 1. 0. 0. 0. 0. 0. 1. 0. 0. 0. 0. 0. 1. 1. 1. 0. 0. 1. 0. 1. 0. 0. 0. 0. 1. 0. 1. 0. 0. 0.],9.0,1000,100,0.01,0.0005,1,7,idID,,random,single_objective
409,0.18471970527404802,0.3879113810755008,0.003424091372,[0.       0.105728 0.       0.       0.       0.       0.       0.105728 0.       0.       0.       0.       0.       0.105728 0.105728 0.105728 0.       0.       0.105728 0.       0.105728 0.       0.       0.       0.       0.105728 0.       0.154175 0.       0.       0.      ],[0. 1. 0. 0. 0. 0. 0. 1. 0. 0. 0. 0. 0. 1. 1. 1. 0. 0. 1. 0. 1. 0. 0. 0. 0. 1. 0. 1. 0. 0. 0.],9.0,1000,100,0.01,0.0005,1,7,idID,,random,single_objective
410,0.18471970527404802,0.3879113810755008,0.003424091372,[0.       0.105728 0.       0.       0.       0.       0.       0.105728 0.       0.       0.       0.       0.       0.105728 0.105728 0.105728 0.       0.       0.105728 0.       0.105728 0.       0.       0.       0.       0.105728 0.       0.154175 0.       0.       0.      ],[0. 1. 0. 0. 0. 0. 0. 1. 0. 0. 0. 0. 0. 1. 1. 1. 0. 0. 1. 0. 1. 0. 0. 0. 0. 1. 0. 1. 0. 0. 0.],9.0,1000,100,0.01,0.0005,1,7,idID,,random,single_objective
411,0.18471970527404802,0.3879113810755008,0.003424091372,[0.       0.105728 0.       0.       0.       0.       0.       0.105728 0.       0.       0.       0.       0.       0.105728 0.105728 0.105728 0.       0.       0.105728 0.       0.105728 0.       0.       0.       0.       0.105728 0.       0.154175 0.       0.       0.      ],[0. 1. 0. 0. 0. 0. 0. 1. 0. 0. 0. 0. 0. 1. 1. 1. 0. 0. 1. 0. 1. 0. 0. 0. 0. 1. 0. 1. 0. 0. 0.],9.0,1000,100,0.01,0.0005,1,7,idID,,random,single_objective
412,0.18471970527404802,0.3879113810755008,0.003424091372,[0.       0.105728 0.       0.       0.       0.       0.       0.105728 0.       0.       0.       0.       0.       0.105728 0.105728 0.105728 0.       0.       0.105728 0.       0.105728 0.       0.       0.       0.       0.105728 0.       0.154175 0.       0.       0.      ],[0. 1. 0. 0. 0. 0. 0. 1. 0. 0. 0. 0. 0. 1. 1. 1. 0. 0. 1. 0. 1. 0. 0. 0. 0. 1. 0. 1. 0. 0. 0.],9.0,1000,100,0.01,0.0005,1,7,idID,,random,single_objective
413,0.18471970527404802,0.3879113810755008,0.003424091372,[0.       0.105728 0.       0.       0.       0.       0.       0.105728 0.       0.       0.       0.       0.       0.105728 0.105728 0.105728 0.       0.       0.105728 0.       0.105728 0.       0.       0.       0.       0.105728 0.       0.154175 0.       0.       0.      ],[0. 1. 0. 0. 0. 0. 0. 1. 0. 0. 0. 0. 0. 1. 1. 1. 0. 0. 1. 0. 1. 0. 0. 0. 0. 1. 0. 1. 0. 0. 0.],9.0,1000,100,0.01,0.0005,1,7,idID,,random,single_objective
414,0.18471970527404802,0.3879113810755008,0.003424091372,[0.       0.105728 0.       0.       0.       0.       0.       0.105728 0.       0.       0.       0.       0.       0.105728 0.105728 0.105728 0.       0.       0.105728 0.       0.105728 0.       0.       0.       0.       0.105728 0.       0.154175 0.       0.       0.      ],[0. 1. 0. 0. 0. 0. 0. 1. 0. 0. 0. 0. 0. 1. 1. 1. 0. 0. 1. 0. 1. 0. 0. 0. 0. 1. 0. 1. 0. 0. 0.],9.0,1000,100,0.01,0.0005,1,7,idID,,random,single_objective
415,0.18471970527404802,0.3879113810755008,0.003424091372,[0.       0.105728 0.       0.       0.       0.       0.       0.105728 0.       0.       0.       0.       0.       0.105728 0.105728 0.105728 0.       0.       0.105728 0.       0.105728 0.       0.       0.       0.       0.105728 0.       0.154175 0.       0.       0.      ],[0. 1. 0. 0. 0. 0. 0. 1. 0. 0. 0. 0. 0. 1. 1. 1. 0. 0. 1. 0. 1. 0. 0. 0. 0. 1. 0. 1. 0. 0. 0.],9.0,1000,100,0.01,0.0005,1,7,idID,,random,single_objective
416,0.18471970527404802,0.3879113810755008,0.003424091372,[0.       0.105728 0.       0.       0.       0.       0.       0.105728 0.       0.       0.       0.       0.       0.105728 0.105728 0.105728 0.       0.       0.105728 0.       0.105728 0.       0.       0.       0.       0.105728 0.       0.154175 0.       0.       0.      ],[0. 1. 0. 0. 0. 0. 0. 1. 0. 0. 0. 0. 0. 1. 1. 1. 0. 0. 1. 0. 1. 0. 0. 0. 0. 1. 0. 1. 0. 0. 0.],9.0,1000,100,0.01,0.0005,1,7,idID,,random,single_objective
417,0.18471970527404802,0.3879113810755008,0.003424091372,[0.       0.105728 0.       0.       0.       0.       0.       0.105728 0.       0.       0.       0.       0.       0.105728 0.105728 0.105728 0.       0.       0.105728 0.       0.105728 0.       0.       0.       0.       0.105728 0.       0.154175 0.       0.       0.      ],[0. 1. 0. 0. 0. 0. 0. 1. 0. 0. 0. 0. 0. 1. 1. 1. 0. 0. 1. 0. 1. 0. 0. 0. 0. 1. 0. 1. 0. 0. 0.],9.0,1000,100,0.01,0.0005,1,7,idID,,random,single_objective
418,0.18471970527404802,0.3879113810755008,0.003424091372,[0.       0.105728 0.       0.       0.       0.       0.       0.105728 0.       0.       0.       0.       0.       0.105728 0.105728 0.105728 0.       0.       0.105728 0.       0.105728 0.       0.       0.       0.       0.105728 0.       0.154175 0.       0.       0.      ],[0. 1. 0. 0. 0. 0. 0. 1. 0. 0. 0. 0. 0. 1. 1. 1. 0. 0. 1. 0. 1. 0. 0. 0. 0. 1. 0. 1. 0. 0. 0.],9.0,1000,100,0.01,0.0005,1,7,idID,,random,single_objective
419,0.18471970527404802,0.3879113810755008,0.003424091372,[0.       0.105728 0.       0.       0.       0.       0.       0.105728 0.       0.       0.       0.       0.       0.105728 0.105728 0.105728 0.       0.       0.105728 0.       0.105728 0.       0.       0.       0.       0.105728 0.       0.154175 0.       0.       0.      ],[0. 1. 0. 0. 0. 0. 0. 1. 0. 0. 0. 0. 0. 1. 1. 1. 0. 0. 1. 0. 1. 0. 0. 0. 0. 1. 0. 1. 0. 0. 0.],9.0,1000,100,0.01,0.0005,1,7,idID,,random,single_objective
420,0.18471970527404802,0.3879113810755008,0.003424091372,[0.       0.105728 0.       0.       0.       0.       0.       0.105728 0.       0.       0.       0.       0.       0.105728 0.105728 0.105728 0.       0.       0.105728 0.       0.105728 0.       0.       0.       0.       0.105728 0.       0.154175 0.       0.       0.      ],[0. 1. 0. 0. 0. 0. 0. 1. 0. 0. 0. 0. 0. 1. 1. 1. 0. 0. 1. 0. 1. 0. 0. 0. 0. 1. 0. 1. 0. 0. 0.],9.0,1000,100,0.01,0.0005,1,7,idID,,random,single_objective
421,0.18471970527404802,0.3879113810755008,0.003424091372,[0.       0.105728 0.       0.       0.       0.       0.       0.105728 0.       0.       0.       0.       0.       0.105728 0.105728 0.105728 0.       0.       0.105728 0.       0.105728 0.       0.       0.       0.       0.105728 0.       0.154175 0.       0.       0.      ],[0. 1. 0. 0. 0. 0. 0. 1. 0. 0. 0. 0. 0. 1. 1. 1. 0. 0. 1. 0. 1. 0. 0. 0. 0. 1. 0. 1. 0. 0. 0.],9.0,1000,100,0.01,0.0005,1,7,idID,,random,single_objective
422,0.18471970527404802,0.3879113810755008,0.003424091372,[0.       0.105728 0.       0.       0.       0.       0.       0.105728 0.       0.       0.       0.       0.       0.105728 0.105728 0.105728 0.       0.       0.105728 0.       0.105728 0.       0.       0.       0.       0.105728 0.       0.154175 0.       0.       0.      ],[0. 1. 0. 0. 0. 0. 0. 1. 0. 0. 0. 0. 0. 1. 1. 1. 0. 0. 1. 0. 1. 0. 0. 0. 0. 1. 0. 1. 0. 0. 0.],9.0,1000,100,0.01,0.0005,1,7,idID,,random,single_objective
423,0.18471970527404802,0.3879113810755008,0.003424091372,[0.       0.105728 0.       0.       0.       0.       0.       0.105728 0.       0.       0.       0.       0.       0.105728 0.105728 0.105728 0.       0.       0.105728 0.       0.105728 0.       0.       0.       0.       0.105728 0.       0.154175 0.       0.       0.      ],[0. 1. 0. 0. 0. 0. 0. 1. 0. 0. 0. 0. 0. 1. 1. 1. 0. 0. 1. 0. 1. 0. 0. 0. 0. 1. 0. 1. 0. 0. 0.],9.0,1000,100,0.01,0.0005,1,7,idID,,random,single_objective
424,0.18471970527404802,0.3879113810755008,0.003424091372,[0.       0.105728 0.       0.       0.       0.       0.       0.105728 0.       0.       0.       0.       0.       0.105728 0.105728 0.105728 0.       0.       0.105728 0.       0.105728 0.       0.       0.       0.       0.105728 0.       0.154175 0.       0.       0.      ],[0. 1. 0. 0. 0. 0. 0. 1. 0. 0. 0. 0. 0. 1. 1. 1. 0. 0. 1. 0. 1. 0. 0. 0. 0. 1. 0. 1. 0. 0. 0.],9.0,1000,100,0.01,0.0005,1,7,idID,,random,single_objective
425,0.18471970527404802,0.3879113810755008,0.003424091372,[0.       0.105728 0.       0.       0.       0.       0.       0.105728 0.       0.       0.       0.       0.       0.105728 0.105728 0.105728 0.       0.       0.105728 0.       0.105728 0.       0.       0.       0.       0.105728 0.       0.154175 0.       0.       0.      ],[0. 1. 0. 0. 0. 0. 0. 1. 0. 0. 0. 0. 0. 1. 1. 1. 0. 0. 1. 0. 1. 0. 0. 0. 0. 1. 0. 1. 0. 0. 0.],9.0,1000,100,0.01,0.0005,1,7,idID,,random,single_objective
426,0.18471970527404802,0.3879113810755008,0.003424091372,[0.       0.105728 0.       0.       0.       0.       0.       0.105728 0.       0.       0.       0.       0.       0.105728 0.105728 0.105728 0.       0.       0.105728 0.       0.105728 0.       0.       0.       0.       0.105728 0.       0.154175 0.       0.       0.      ],[0. 1. 0. 0. 0. 0. 0. 1. 0. 0. 0. 0. 0. 1. 1. 1. 0. 0. 1. 0. 1. 0. 0. 0. 0. 1. 0. 1. 0. 0. 0.],9.0,1000,100,0.01,0.0005,1,7,idID,,random,single_objective
427,0.18471970527404802,0.3879113810755008,0.003424091372,[0.       0.105728 0.       0.       0.       0.       0.       0.105728 0.       0.       0.       0.       0.       0.105728 0.105728 0.105728 0.       0.       0.105728 0.       0.105728 0.       0.       0.       0.       0.105728 0.       0.154175 0.       0.       0.      ],[0. 1. 0. 0. 0. 0. 0. 1. 0. 0. 0. 0. 0. 1. 1. 1. 0. 0. 1. 0. 1. 0. 0. 0. 0. 1. 0. 1. 0. 0. 0.],9.0,1000,100,0.01,0.0005,1,7,idID,,random,single_objective
428,0.18471970527404802,0.3879113810755008,0.003424091372,[0.       0.105728 0.       0.       0.       0.       0.       0.105728 0.       0.       0.       0.       0.       0.105728 0.105728 0.105728 0.       0.       0.105728 0.       0.105728 0.       0.       0.       0.       0.105728 0.       0.154175 0.       0.       0.      ],[0. 1. 0. 0. 0. 0. 0. 1. 0. 0. 0. 0. 0. 1. 1. 1. 0. 0. 1. 0. 1. 0. 0. 0. 0. 1. 0. 1. 0. 0. 0.],9.0,1000,100,0.01,0.0005,1,7,idID,,random,single_objective
429,0.18471970527404802,0.3879113810755008,0.003424091372,[0.       0.105728 0.       0.       0.       0.       0.       0.105728 0.       0.       0.       0.       0.       0.105728 0.105728 0.105728 0.       0.       0.105728 0.       0.105728 0.       0.       0.       0.       0.105728 0.       0.154175 0.       0.       0.      ],[0. 1. 0. 0. 0. 0. 0. 1. 0. 0. 0. 0. 0. 1. 1. 1. 0. 0. 1. 0. 1. 0. 0. 0. 0. 1. 0. 1. 0. 0. 0.],9.0,1000,100,0.01,0.0005,1,7,idID,,random,single_objective
430,0.18471970527404802,0.3879113810755008,0.003424091372,[0.       0.105728 0.       0.       0.       0.       0.       0.105728 0.       0.       0.       0.       0.       0.105728 0.105728 0.105728 0.       0.       0.105728 0.       0.105728 0.       0.       0.       0.       0.105728 0.       0.154175 0.       0.       0.      ],[0. 1. 0. 0. 0. 0. 0. 1. 0. 0. 0. 0. 0. 1. 1. 1. 0. 0. 1. 0. 1. 0. 0. 0. 0. 1. 0. 1. 0. 0. 0.],9.0,1000,100,0.01,0.0005,1,7,idID,,random,single_objective
431,0.18471970527404802,0.3879113810755008,0.003424091372,[0.       0.105728 0.       0.       0.       0.       0.       0.105728 0.       0.       0.       0.       0.       0.105728 0.105728 0.105728 0.       0.       0.105728 0.       0.105728 0.       0.       0.       0.       0.105728 0.       0.154175 0.       0.       0.      ],[0. 1. 0. 0. 0. 0. 0. 1. 0. 0. 0. 0. 0. 1. 1. 1. 0. 0. 1. 0. 1. 0. 0. 0. 0. 1. 0. 1. 0. 0. 0.],9.0,1000,100,0.01,0.0005,1,7,idID,,random,single_objective
432,0.18471970527404802,0.3879113810755008,0.003424091372,[0.       0.105728 0.       0.       0.       0.       0.       0.105728 0.       0.       0.       0.       0.       0.105728 0.105728 0.105728 0.       0.       0.105728 0.       0.105728 0.       0.       0.       0.       0.105728 0.       0.154175 0.       0.       0.      ],[0. 1. 0. 0. 0. 0. 0. 1. 0. 0. 0. 0. 0. 1. 1. 1. 0. 0. 1. 0. 1. 0. 0. 0. 0. 1. 0. 1. 0. 0. 0.],9.0,1000,100,0.01,0.0005,1,7,idID,,random,single_objective
433,0.18471970527404802,0.3879113810755008,0.003424091372,[0.       0.105728 0.       0.       0.       0.       0.       0.105728 0.       0.       0.       0.       0.       0.105728 0.105728 0.105728 0.       0.       0.105728 0.       0.105728 0.       0.       0.       0.       0.105728 0.       0.154175 0.       0.       0.      ],[0. 1. 0. 0. 0. 0. 0. 1. 0. 0. 0. 0. 0. 1. 1. 1. 0. 0. 1. 0. 1. 0. 0. 0. 0. 1. 0. 1. 0. 0. 0.],9.0,1000,100,0.01,0.0005,1,7,idID,,random,single_objective
434,0.18471970527404802,0.3879113810755008,0.003424091372,[0.       0.105728 0.       0.       0.       0.       0.       0.105728 0.       0.       0.       0.       0.       0.105728 0.105728 0.105728 0.       0.       0.105728 0.       0.105728 0.       0.       0.       0.       0.105728 0.       0.154175 0.       0.       0.      ],[0. 1. 0. 0. 0. 0. 0. 1. 0. 0. 0. 0. 0. 1. 1. 1. 0. 0. 1. 0. 1. 0. 0. 0. 0. 1. 0. 1. 0. 0. 0.],9.0,1000,100,0.01,0.0005,1,7,idID,,random,single_objective
435,0.18471970527404802,0.3879113810755008,0.003424091372,[0.       0.105728 0.       0.       0.       0.       0.       0.105728 0.       0.       0.       0.       0.       0.105728 0.105728 0.105728 0.       0.       0.105728 0.       0.105728 0.       0.       0.       0.       0.105728 0.       0.154175 0.       0.       0.      ],[0. 1. 0. 0. 0. 0. 0. 1. 0. 0. 0. 0. 0. 1. 1. 1. 0. 0. 1. 0. 1. 0. 0. 0. 0. 1. 0. 1. 0. 0. 0.],9.0,1000,100,0.01,0.0005,1,7,idID,,random,single_objective
436,0.18471970527404802,0.3879113810755008,0.003424091372,[0.       0.105728 0.       0.       0.       0.       0.       0.105728 0.       0.       0.       0.       0.       0.105728 0.105728 0.105728 0.       0.       0.105728 0.       0.105728 0.       0.       0.       0.       0.105728 0.       0.154175 0.       0.       0.      ],[0. 1. 0. 0. 0. 0. 0. 1. 0. 0. 0. 0. 0. 1. 1. 1. 0. 0. 1. 0. 1. 0. 0. 0. 0. 1. 0. 1. 0. 0. 0.],9.0,1000,100,0.01,0.0005,1,7,idID,,random,single_objective
437,0.18471970527404802,0.3879113810755008,0.003424091372,[0.       0.105728 0.       0.       0.       0.       0.       0.105728 0.       0.       0.       0.       0.       0.105728 0.105728 0.105728 0.       0.       0.105728 0.       0.105728 0.       0.       0.       0.       0.105728 0.       0.154175 0.       0.       0.      ],[0. 1. 0. 0. 0. 0. 0. 1. 0. 0. 0. 0. 0. 1. 1. 1. 0. 0. 1. 0. 1. 0. 0. 0. 0. 1. 0. 1. 0. 0. 0.],9.0,1000,100,0.01,0.0005,1,7,idID,,random,single_objective
438,0.18471970527404802,0.3879113810755008,0.003424091372,[0.       0.105728 0.       0.       0.       0.       0.       0.105728 0.       0.       0.       0.       0.       0.105728 0.105728 0.105728 0.       0.       0.105728 0.       0.105728 0.       0.       0.       0.       0.105728 0.       0.154175 0.       0.       0.      ],[0. 1. 0. 0. 0. 0. 0. 1. 0. 0. 0. 0. 0. 1. 1. 1. 0. 0. 1. 0. 1. 0. 0. 0. 0. 1. 0. 1. 0. 0. 0.],9.0,1000,100,0.01,0.0005,1,7,idID,,random,single_objective
439,0.18471970527404802,0.3879113810755008,0.003424091372,[0.       0.105728 0.       0.       0.       0.       0.       0.105728 0.       0.       0.       0.       0.       0.105728 0.105728 0.105728 0.       0.       0.105728 0.       0.105728 0.       0.       0.       0.       0.105728 0.       0.154175 0.       0.       0.      ],[0. 1. 0. 0. 0. 0. 0. 1. 0. 0. 0. 0. 0. 1. 1. 1. 0. 0. 1. 0. 1. 0. 0. 0. 0. 1. 0. 1. 0. 0. 0.],9.0,1000,100,0.01,0.0005,1,7,idID,,random,single_objective
440,0.18471970527404802,0.3879113810755008,0.003424091372,[0.       0.105728 0.       0.       0.       0.       0.       0.105728 0.       0.       0.       0.       0.       0.105728 0.105728 0.105728 0.       0.       0.105728 0.       0.105728 0.       0.       0.       0.       0.105728 0.       0.154175 0.       0.       0.      ],[0. 1. 0. 0. 0. 0. 0. 1. 0. 0. 0. 0. 0. 1. 1. 1. 0. 0. 1. 0. 1. 0. 0. 0. 0. 1. 0. 1. 0. 0. 0.],9.0,1000,100,0.01,0.0005,1,7,idID,,random,single_objective
441,0.18471970527404802,0.3879113810755008,0.003424091372,[0.       0.105728 0.       0.       0.       0.       0.       0.105728 0.       0.       0.       0.       0.       0.105728 0.105728 0.105728 0.       0.       0.105728 0.       0.105728 0.       0.       0.       0.       0.105728 0.       0.154175 0.       0.       0.      ],[0. 1. 0. 0. 0. 0. 0. 1. 0. 0. 0. 0. 0. 1. 1. 1. 0. 0. 1. 0. 1. 0. 0. 0. 0. 1. 0. 1. 0. 0. 0.],9.0,1000,100,0.01,0.0005,1,7,idID,,random,single_objective
442,0.18471970527404802,0.3879113810755008,0.003424091372,[0.       0.105728 0.       0.       0.       0.       0.       0.105728 0.       0.       0.       0.       0.       0.105728 0.105728 0.105728 0.       0.       0.105728 0.       0.105728 0.       0.       0.       0.       0.105728 0.       0.154175 0.       0.       0.      ],[0. 1. 0. 0. 0. 0. 0. 1. 0. 0. 0. 0. 0. 1. 1. 1. 0. 0. 1. 0. 1. 0. 0. 0. 0. 1. 0. 1. 0. 0. 0.],9.0,1000,100,0.01,0.0005,1,7,idID,,random,single_objective
443,0.18471970527404802,0.3879113810755008,0.003424091372,[0.       0.105728 0.       0.       0.       0.       0.       0.105728 0.       0.       0.       0.       0.       0.105728 0.105728 0.105728 0.       0.       0.105728 0.       0.105728 0.       0.       0.       0.       0.105728 0.       0.154175 0.       0.       0.      ],[0. 1. 0. 0. 0. 0. 0. 1. 0. 0. 0. 0. 0. 1. 1. 1. 0. 0. 1. 0. 1. 0. 0. 0. 0. 1. 0. 1. 0. 0. 0.],9.0,1000,100,0.01,0.0005,1,7,idID,,random,single_objective
444,0.18471970527404802,0.3879113810755008,0.003424091372,[0.       0.105728 0.       0.       0.       0.       0.       0.105728 0.       0.       0.       0.       0.       0.105728 0.105728 0.105728 0.       0.       0.105728 0.       0.105728 0.       0.       0.       0.       0.105728 0.       0.154175 0.       0.       0.      ],[0. 1. 0. 0. 0. 0. 0. 1. 0. 0. 0. 0. 0. 1. 1. 1. 0. 0. 1. 0. 1. 0. 0. 0. 0. 1. 0. 1. 0. 0. 0.],9.0,1000,100,0.01,0.0005,1,7,idID,,random,single_objective
445,0.18471970527404802,0.3879113810755008,0.003424091372,[0.       0.105728 0.       0.       0.       0.       0.       0.105728 0.       0.       0.       0.       0.       0.105728 0.105728 0.105728 0.       0.       0.105728 0.       0.105728 0.       0.       0.       0.       0.105728 0.       0.154175 0.       0.       0.      ],[0. 1. 0. 0. 0. 0. 0. 1. 0. 0. 0. 0. 0. 1. 1. 1. 0. 0. 1. 0. 1. 0. 0. 0. 0. 1. 0. 1. 0. 0. 0.],9.0,1000,100,0.01,0.0005,1,7,idID,,random,single_objective
446,0.18471970527404802,0.3879113810755008,0.003424091372,[0.       0.105728 0.       0.       0.       0.       0.       0.105728 0.       0.       0.       0.       0.       0.105728 0.105728 0.105728 0.       0.       0.105728 0.       0.105728 0.       0.       0.       0.       0.105728 0.       0.154175 0.       0.       0.      ],[0. 1. 0. 0. 0. 0. 0. 1. 0. 0. 0. 0. 0. 1. 1. 1. 0. 0. 1. 0. 1. 0. 0. 0. 0. 1. 0. 1. 0. 0. 0.],9.0,1000,100,0.01,0.0005,1,7,idID,,random,single_objective
447,0.18471970527404802,0.3879113810755008,0.003424091372,[0.       0.105728 0.       0.       0.       0.       0.       0.105728 0.       0.       0.       0.       0.       0.105728 0.105728 0.105728 0.       0.       0.105728 0.       0.105728 0.       0.       0.       0.       0.105728 0.       0.154175 0.       0.       0.      ],[0. 1. 0. 0. 0. 0. 0. 1. 0. 0. 0. 0. 0. 1. 1. 1. 0. 0. 1. 0. 1. 0. 0. 0. 0. 1. 0. 1. 0. 0. 0.],9.0,1000,100,0.01,0.0005,1,7,idID,,random,single_objective
448,0.18471970527404802,0.3879113810755008,0.003424091372,[0.       0.105728 0.       0.       0.       0.       0.       0.105728 0.       0.       0.       0.       0.       0.105728 0.105728 0.105728 0.       0.       0.105728 0.       0.105728 0.       0.       0.       0.       0.105728 0.       0.154175 0.       0.       0.      ],[0. 1. 0. 0. 0. 0. 0. 1. 0. 0. 0. 0. 0. 1. 1. 1. 0. 0. 1. 0. 1. 0. 0. 0. 0. 1. 0. 1. 0. 0. 0.],9.0,1000,100,0.01,0.0005,1,7,idID,,random,single_objective
449,0.18471970527404802,0.3879113810755008,0.003424091372,[0.       0.105728 0.       0.       0.       0.       0.       0.105728 0.       0.       0.       0.       0.       0.105728 0.105728 0.105728 0.       0.       0.105728 0.       0.105728 0.       0.       0.       0.       0.105728 0.       0.154175 0.       0.       0.      ],[0. 1. 0. 0. 0. 0. 0. 1. 0. 0. 0. 0. 0. 1. 1. 1. 0. 0. 1. 0. 1. 0. 0. 0. 0. 1. 0. 1. 0. 0. 0.],9.0,1000,100,0.01,0.0005,1,7,idID,,random,single_objective
450,0.18471970527404802,0.3879113810755008,0.003424091372,[0.       0.105728 0.       0.       0.       0.       0.       0.105728 0.       0.       0.       0.       0.       0.105728 0.105728 0.105728 0.       0.       0.105728 0.       0.105728 0.       0.       0.       0.       0.105728 0.       0.154175 0.       0.       0.      ],[0. 1. 0. 0. 0. 0. 0. 1. 0. 0. 0. 0. 0. 1. 1. 1. 0. 0. 1. 0. 1. 0. 0. 0. 0. 1. 0. 1. 0. 0. 0.],9.0,1000,100,0.01,0.0005,1,7,idID,,random,single_objective
451,0.18471970527404802,0.3879113810755008,0.003424091372,[0.       0.105728 0.       0.       0.       0.       0.       0.105728 0.       0.       0.       0.       0.       0.105728 0.105728 0.105728 0.       0.       0.105728 0.       0.105728 0.       0.       0.       0.       0.105728 0.       0.154175 0.       0.       0.      ],[0. 1. 0. 0. 0. 0. 0. 1. 0. 0. 0. 0. 0. 1. 1. 1. 0. 0. 1. 0. 1. 0. 0. 0. 0. 1. 0. 1. 0. 0. 0.],9.0,1000,100,0.01,0.0005,1,7,idID,,random,single_objective
452,0.18471970527404802,0.3879113810755008,0.003424091372,[0.       0.105728 0.       0.       0.       0.       0.       0.105728 0.       0.       0.       0.       0.       0.105728 0.105728 0.105728 0.       0.       0.105728 0.       0.105728 0.       0.       0.       0.       0.105728 0.       0.154175 0.       0.       0.      ],[0. 1. 0. 0. 0. 0. 0. 1. 0. 0. 0. 0. 0. 1. 1. 1. 0. 0. 1. 0. 1. 0. 0. 0. 0. 1. 0. 1. 0. 0. 0.],9.0,1000,100,0.01,0.0005,1,7,idID,,random,single_objective
453,0.18471970527404802,0.3879113810755008,0.003424091372,[0.       0.105728 0.       0.       0.       0.       0.       0.105728 0.       0.       0.       0.       0.       0.105728 0.105728 0.105728 0.       0.       0.105728 0.       0.105728 0.       0.       0.       0.       0.105728 0.       0.154175 0.       0.       0.      ],[0. 1. 0. 0. 0. 0. 0. 1. 0. 0. 0. 0. 0. 1. 1. 1. 0. 0. 1. 0. 1. 0. 0. 0. 0. 1. 0. 1. 0. 0. 0.],9.0,1000,100,0.01,0.0005,1,7,idID,,random,single_objective
454,0.18471970527404802,0.3879113810755008,0.003424091372,[0.       0.105728 0.       0.       0.       0.       0.       0.105728 0.       0.       0.       0.       0.       0.105728 0.105728 0.105728 0.       0.       0.105728 0.       0.105728 0.       0.       0.       0.       0.105728 0.       0.154175 0.       0.       0.      ],[0. 1. 0. 0. 0. 0. 0. 1. 0. 0. 0. 0. 0. 1. 1. 1. 0. 0. 1. 0. 1. 0. 0. 0. 0. 1. 0. 1. 0. 0. 0.],9.0,1000,100,0.01,0.0005,1,7,idID,,random,single_objective
455,0.18471970527404802,0.3879113810755008,0.003424091372,[0.       0.105728 0.       0.       0.       0.       0.       0.105728 0.       0.       0.       0.       0.       0.105728 0.105728 0.105728 0.       0.       0.105728 0.       0.105728 0.       0.       0.       0.       0.105728 0.       0.154175 0.       0.       0.      ],[0. 1. 0. 0. 0. 0. 0. 1. 0. 0. 0. 0. 0. 1. 1. 1. 0. 0. 1. 0. 1. 0. 0. 0. 0. 1. 0. 1. 0. 0. 0.],9.0,1000,100,0.01,0.0005,1,7,idID,,random,single_objective
456,0.18471970527404802,0.3879113810755008,0.003424091372,[0.       0.105728 0.       0.       0.       0.       0.       0.105728 0.       0.       0.       0.       0.       0.105728 0.105728 0.105728 0.       0.       0.105728 0.       0.105728 0.       0.       0.       0.       0.105728 0.       0.154175 0.       0.       0.      ],[0. 1. 0. 0. 0. 0. 0. 1. 0. 0. 0. 0. 0. 1. 1. 1. 0. 0. 1. 0. 1. 0. 0. 0. 0. 1. 0. 1. 0. 0. 0.],9.0,1000,100,0.01,0.0005,1,7,idID,,random,single_objective
457,0.18471970527404802,0.3879113810755008,0.003424091372,[0.       0.105728 0.       0.       0.       0.       0.       0.105728 0.       0.       0.       0.       0.       0.105728 0.105728 0.105728 0.       0.       0.105728 0.       0.105728 0.       0.       0.       0.       0.105728 0.       0.154175 0.       0.       0.      ],[0. 1. 0. 0. 0. 0. 0. 1. 0. 0. 0. 0. 0. 1. 1. 1. 0. 0. 1. 0. 1. 0. 0. 0. 0. 1. 0. 1. 0. 0. 0.],9.0,1000,100,0.01,0.0005,1,7,idID,,random,single_objective
458,0.18471970527404802,0.3879113810755008,0.003424091372,[0.       0.105728 0.       0.       0.       0.       0.       0.105728 0.       0.       0.       0.       0.       0.105728 0.105728 0.105728 0.       0.       0.105728 0.       0.105728 0.       0.       0.       0.       0.105728 0.       0.154175 0.       0.       0.      ],[0. 1. 0. 0. 0. 0. 0. 1. 0. 0. 0. 0. 0. 1. 1. 1. 0. 0. 1. 0. 1. 0. 0. 0. 0. 1. 0. 1. 0. 0. 0.],9.0,1000,100,0.01,0.0005,1,7,idID,,random,single_objective
459,0.18471970527404802,0.3879113810755008,0.003424091372,[0.       0.105728 0.       0.       0.       0.       0.       0.105728 0.       0.       0.       0.       0.       0.105728 0.105728 0.105728 0.       0.       0.105728 0.       0.105728 0.       0.       0.       0.       0.105728 0.       0.154175 0.       0.       0.      ],[0. 1. 0. 0. 0. 0. 0. 1. 0. 0. 0. 0. 0. 1. 1. 1. 0. 0. 1. 0. 1. 0. 0. 0. 0. 1. 0. 1. 0. 0. 0.],9.0,1000,100,0.01,0.0005,1,7,idID,,random,single_objective
460,0.18471970527404802,0.3879113810755008,0.003424091372,[0.       0.105728 0.       0.       0.       0.       0.       0.105728 0.       0.       0.       0.       0.       0.105728 0.105728 0.105728 0.       0.       0.105728 0.       0.105728 0.       0.       0.       0.       0.105728 0.       0.154175 0.       0.       0.      ],[0. 1. 0. 0. 0. 0. 0. 1. 0. 0. 0. 0. 0. 1. 1. 1. 0. 0. 1. 0. 1. 0. 0. 0. 0. 1. 0. 1. 0. 0. 0.],9.0,1000,100,0.01,0.0005,1,7,idID,,random,single_objective
461,0.18471970527404802,0.3879113810755008,0.003424091372,[0.       0.105728 0.       0.       0.       0.       0.       0.105728 0.       0.       0.       0.       0.       0.105728 0.105728 0.105728 0.       0.       0.105728 0.       0.105728 0.       0.       0.       0.       0.105728 0.       0.154175 0.       0.       0.      ],[0. 1. 0. 0. 0. 0. 0. 1. 0. 0. 0. 0. 0. 1. 1. 1. 0. 0. 1. 0. 1. 0. 0. 0. 0. 1. 0. 1. 0. 0. 0.],9.0,1000,100,0.01,0.0005,1,7,idID,,random,single_objective
462,0.18471970527404802,0.3879113810755008,0.003424091372,[0.       0.105728 0.       0.       0.       0.       0.       0.105728 0.       0.       0.       0.       0.       0.105728 0.105728 0.105728 0.       0.       0.105728 0.       0.105728 0.       0.       0.       0.       0.105728 0.       0.154175 0.       0.       0.      ],[0. 1. 0. 0. 0. 0. 0. 1. 0. 0. 0. 0. 0. 1. 1. 1. 0. 0. 1. 0. 1. 0. 0. 0. 0. 1. 0. 1. 0. 0. 0.],9.0,1000,100,0.01,0.0005,1,7,idID,,random,single_objective
463,0.18471970527404802,0.3879113810755008,0.003424091372,[0.       0.105728 0.       0.       0.       0.       0.       0.105728 0.       0.       0.       0.       0.       0.105728 0.105728 0.105728 0.       0.       0.105728 0.       0.105728 0.       0.       0.       0.       0.105728 0.       0.154175 0.       0.       0.      ],[0. 1. 0. 0. 0. 0. 0. 1. 0. 0. 0. 0. 0. 1. 1. 1. 0. 0. 1. 0. 1. 0. 0. 0. 0. 1. 0. 1. 0. 0. 0.],9.0,1000,100,0.01,0.0005,1,7,idID,,random,single_objective
464,0.18471970527404802,0.3879113810755008,0.003424091372,[0.       0.105728 0.       0.       0.       0.       0.       0.105728 0.       0.       0.       0.       0.       0.105728 0.105728 0.105728 0.       0.       0.105728 0.       0.105728 0.       0.       0.       0.       0.105728 0.       0.154175 0.       0.       0.      ],[0. 1. 0. 0. 0. 0. 0. 1. 0. 0. 0. 0. 0. 1. 1. 1. 0. 0. 1. 0. 1. 0. 0. 0. 0. 1. 0. 1. 0. 0. 0.],9.0,1000,100,0.01,0.0005,1,7,idID,,random,single_objective
465,0.18471970527404802,0.3879113810755008,0.003424091372,[0.       0.105728 0.       0.       0.       0.       0.       0.105728 0.       0.       0.       0.       0.       0.105728 0.105728 0.105728 0.       0.       0.105728 0.       0.105728 0.       0.       0.       0.       0.105728 0.       0.154175 0.       0.       0.      ],[0. 1. 0. 0. 0. 0. 0. 1. 0. 0. 0. 0. 0. 1. 1. 1. 0. 0. 1. 0. 1. 0. 0. 0. 0. 1. 0. 1. 0. 0. 0.],9.0,1000,100,0.01,0.0005,1,7,idID,,random,single_objective
466,0.18471970527404802,0.3879113810755008,0.003424091372,[0.       0.105728 0.       0.       0.       0.       0.       0.105728 0.       0.       0.       0.       0.       0.105728 0.105728 0.105728 0.       0.       0.105728 0.       0.105728 0.       0.       0.       0.       0.105728 0.       0.154175 0.       0.       0.      ],[0. 1. 0. 0. 0. 0. 0. 1. 0. 0. 0. 0. 0. 1. 1. 1. 0. 0. 1. 0. 1. 0. 0. 0. 0. 1. 0. 1. 0. 0. 0.],9.0,1000,100,0.01,0.0005,1,7,idID,,random,single_objective
467,0.18471970527404802,0.3879113810755008,0.003424091372,[0.       0.105728 0.       0.       0.       0.       0.       0.105728 0.       0.       0.       0.       0.       0.105728 0.105728 0.105728 0.       0.       0.105728 0.       0.105728 0.       0.       0.       0.       0.105728 0.       0.154175 0.       0.       0.      ],[0. 1. 0. 0. 0. 0. 0. 1. 0. 0. 0. 0. 0. 1. 1. 1. 0. 0. 1. 0. 1. 0. 0. 0. 0. 1. 0. 1. 0. 0. 0.],9.0,1000,100,0.01,0.0005,1,7,idID,,random,single_objective
468,0.18471970527404802,0.3879113810755008,0.003424091372,[0.       0.105728 0.       0.       0.       0.       0.       0.105728 0.       0.       0.       0.       0.       0.105728 0.105728 0.105728 0.       0.       0.105728 0.       0.105728 0.       0.       0.       0.       0.105728 0.       0.154175 0.       0.       0.      ],[0. 1. 0. 0. 0. 0. 0. 1. 0. 0. 0. 0. 0. 1. 1. 1. 0. 0. 1. 0. 1. 0. 0. 0. 0. 1. 0. 1. 0. 0. 0.],9.0,1000,100,0.01,0.0005,1,7,idID,,random,single_objective
469,0.18471970527404802,0.3879113810755008,0.003424091372,[0.       0.105728 0.       0.       0.       0.       0.       0.105728 0.       0.       0.       0.       0.       0.105728 0.105728 0.105728 0.       0.       0.105728 0.       0.105728 0.       0.       0.       0.       0.105728 0.       0.154175 0.       0.       0.      ],[0. 1. 0. 0. 0. 0. 0. 1. 0. 0. 0. 0. 0. 1. 1. 1. 0. 0. 1. 0. 1. 0. 0. 0. 0. 1. 0. 1. 0. 0. 0.],9.0,1000,100,0.01,0.0005,1,7,idID,,random,single_objective
470,0.18471970527404802,0.3879113810755008,0.003424091372,[0.       0.105728 0.       0.       0.       0.       0.       0.105728 0.       0.       0.       0.       0.       0.105728 0.105728 0.105728 0.       0.       0.105728 0.       0.105728 0.       0.       0.       0.       0.105728 0.       0.154175 0.       0.       0.      ],[0. 1. 0. 0. 0. 0. 0. 1. 0. 0. 0. 0. 0. 1. 1. 1. 0. 0. 1. 0. 1. 0. 0. 0. 0. 1. 0. 1. 0. 0. 0.],9.0,1000,100,0.01,0.0005,1,7,idID,,random,single_objective
471,0.18471970527404802,0.3879113810755008,0.003424091372,[0.       0.105728 0.       0.       0.       0.       0.       0.105728 0.       0.       0.       0.       0.       0.105728 0.105728 0.105728 0.       0.       0.105728 0.       0.105728 0.       0.       0.       0.       0.105728 0.       0.154175 0.       0.       0.      ],[0. 1. 0. 0. 0. 0. 0. 1. 0. 0. 0. 0. 0. 1. 1. 1. 0. 0. 1. 0. 1. 0. 0. 0. 0. 1. 0. 1. 0. 0. 0.],9.0,1000,100,0.01,0.0005,1,7,idID,,random,single_objective
472,0.18471970527404802,0.3879113810755008,0.003424091372,[0.       0.105728 0.       0.       0.       0.       0.       0.105728 0.       0.       0.       0.       0.       0.105728 0.105728 0.105728 0.       0.       0.105728 0.       0.105728 0.       0.       0.       0.       0.105728 0.       0.154175 0.       0.       0.      ],[0. 1. 0. 0. 0. 0. 0. 1. 0. 0. 0. 0. 0. 1. 1. 1. 0. 0. 1. 0. 1. 0. 0. 0. 0. 1. 0. 1. 0. 0. 0.],9.0,1000,100,0.01,0.0005,1,7,idID,,random,single_objective
473,0.18471970527404802,0.3879113810755008,0.003424091372,[0.       0.105728 0.       0.       0.       0.       0.       0.105728 0.       0.       0.       0.       0.       0.105728 0.105728 0.105728 0.       0.       0.105728 0.       0.105728 0.       0.       0.       0.       0.105728 0.       0.154175 0.       0.       0.      ],[0. 1. 0. 0. 0. 0. 0. 1. 0. 0. 0. 0. 0. 1. 1. 1. 0. 0. 1. 0. 1. 0. 0. 0. 0. 1. 0. 1. 0. 0. 0.],9.0,1000,100,0.01,0.0005,1,7,idID,,random,single_objective
474,0.18471970527404802,0.3879113810755008,0.003424091372,[0.       0.105728 0.       0.       0.       0.       0.       0.105728 0.       0.       0.       0.       0.       0.105728 0.105728 0.105728 0.       0.       0.105728 0.       0.105728 0.       0.       0.       0.       0.105728 0.       0.154175 0.       0.       0.      ],[0. 1. 0. 0. 0. 0. 0. 1. 0. 0. 0. 0. 0. 1. 1. 1. 0. 0. 1. 0. 1. 0. 0. 0. 0. 1. 0. 1. 0. 0. 0.],9.0,1000,100,0.01,0.0005,1,7,idID,,random,single_objective
475,0.18471970527404802,0.3879113810755008,0.003424091372,[0.       0.105728 0.       0.       0.       0.       0.       0.105728 0.       0.       0.       0.       0.       0.105728 0.105728 0.105728 0.       0.       0.105728 0.       0.105728 0.       0.       0.       0.       0.105728 0.       0.154175 0.       0.       0.      ],[0. 1. 0. 0. 0. 0. 0. 1. 0. 0. 0. 0. 0. 1. 1. 1. 0. 0. 1. 0. 1. 0. 0. 0. 0. 1. 0. 1. 0. 0. 0.],9.0,1000,100,0.01,0.0005,1,7,idID,,random,single_objective
476,0.18471970527404802,0.3879113810755008,0.003424091372,[0.       0.105728 0.       0.       0.       0.       0.       0.105728 0.       0.       0.       0.       0.       0.105728 0.105728 0.105728 0.       0.       0.105728 0.       0.105728 0.       0.       0.       0.       0.105728 0.       0.154175 0.       0.       0.      ],[0. 1. 0. 0. 0. 0. 0. 1. 0. 0. 0. 0. 0. 1. 1. 1. 0. 0. 1. 0. 1. 0. 0. 0. 0. 1. 0. 1. 0. 0. 0.],9.0,1000,100,0.01,0.0005,1,7,idID,,random,single_objective
477,0.18471970527404802,0.3879113810755008,0.003424091372,[0.       0.105728 0.       0.       0.       0.       0.       0.105728 0.       0.       0.       0.       0.       0.105728 0.105728 0.105728 0.       0.       0.105728 0.       0.105728 0.       0.       0.       0.       0.105728 0.       0.154175 0.       0.       0.      ],[0. 1. 0. 0. 0. 0. 0. 1. 0. 0. 0. 0. 0. 1. 1. 1. 0. 0. 1. 0. 1. 0. 0. 0. 0. 1. 0. 1. 0. 0. 0.],9.0,1000,100,0.01,0.0005,1,7,idID,,random,single_objective
478,0.18471970527404802,0.3879113810755008,0.003424091372,[0.       0.105728 0.       0.       0.       0.       0.       0.105728 0.       0.       0.       0.       0.       0.105728 0.105728 0.105728 0.       0.       0.105728 0.       0.105728 0.       0.       0.       0.       0.105728 0.       0.154175 0.       0.       0.      ],[0. 1. 0. 0. 0. 0. 0. 1. 0. 0. 0. 0. 0. 1. 1. 1. 0. 0. 1. 0. 1. 0. 0. 0. 0. 1. 0. 1. 0. 0. 0.],9.0,1000,100,0.01,0.0005,1,7,idID,,random,single_objective
479,0.18471970527404802,0.3879113810755008,0.003424091372,[0.       0.105728 0.       0.       0.       0.       0.       0.105728 0.       0.       0.       0.       0.       0.105728 0.105728 0.105728 0.       0.       0.105728 0.       0.105728 0.       0.       0.       0.       0.105728 0.       0.154175 0.       0.       0.      ],[0. 1. 0. 0. 0. 0. 0. 1. 0. 0. 0. 0. 0. 1. 1. 1. 0. 0. 1. 0. 1. 0. 0. 0. 0. 1. 0. 1. 0. 0. 0.],9.0,1000,100,0.01,0.0005,1,7,idID,,random,single_objective
480,0.18471970527404802,0.3879113810755008,0.003424091372,[0.       0.105728 0.       0.       0.       0.       0.       0.105728 0.       0.       0.       0.       0.       0.105728 0.105728 0.105728 0.       0.       0.105728 0.       0.105728 0.       0.       0.       0.       0.105728 0.       0.154175 0.       0.       0.      ],[0. 1. 0. 0. 0. 0. 0. 1. 0. 0. 0. 0. 0. 1. 1. 1. 0. 0. 1. 0. 1. 0. 0. 0. 0. 1. 0. 1. 0. 0. 0.],9.0,1000,100,0.01,0.0005,1,7,idID,,random,single_objective
481,0.18471970527404802,0.3879113810755008,0.003424091372,[0.       0.105728 0.       0.       0.       0.       0.       0.105728 0.       0.       0.       0.       0.       0.105728 0.105728 0.105728 0.       0.       0.105728 0.       0.105728 0.       0.       0.       0.       0.105728 0.       0.154175 0.       0.       0.      ],[0. 1. 0. 0. 0. 0. 0. 1. 0. 0. 0. 0. 0. 1. 1. 1. 0. 0. 1. 0. 1. 0. 0. 0. 0. 1. 0. 1. 0. 0. 0.],9.0,1000,100,0.01,0.0005,1,7,idID,,random,single_objective
482,0.18471970527404802,0.3879113810755008,0.003424091372,[0.       0.105728 0.       0.       0.       0.       0.       0.105728 0.       0.       0.       0.       0.       0.105728 0.105728 0.105728 0.       0.       0.105728 0.       0.105728 0.       0.       0.       0.       0.105728 0.       0.154175 0.       0.       0.      ],[0. 1. 0. 0. 0. 0. 0. 1. 0. 0. 0. 0. 0. 1. 1. 1. 0. 0. 1. 0. 1. 0. 0. 0. 0. 1. 0. 1. 0. 0. 0.],9.0,1000,100,0.01,0.0005,1,7,idID,,random,single_objective
483,0.18471970527404802,0.3879113810755008,0.003424091372,[0.       0.105728 0.       0.       0.       0.       0.       0.105728 0.       0.       0.       0.       0.       0.105728 0.105728 0.105728 0.       0.       0.105728 0.       0.105728 0.       0.       0.       0.       0.105728 0.       0.154175 0.       0.       0.      ],[0. 1. 0. 0. 0. 0. 0. 1. 0. 0. 0. 0. 0. 1. 1. 1. 0. 0. 1. 0. 1. 0. 0. 0. 0. 1. 0. 1. 0. 0. 0.],9.0,1000,100,0.01,0.0005,1,7,idID,,random,single_objective
484,0.18471970527404802,0.3879113810755008,0.003424091372,[0.       0.105728 0.       0.       0.       0.       0.       0.105728 0.       0.       0.       0.       0.       0.105728 0.105728 0.105728 0.       0.       0.105728 0.       0.105728 0.       0.       0.       0.       0.105728 0.       0.154175 0.       0.       0.      ],[0. 1. 0. 0. 0. 0. 0. 1. 0. 0. 0. 0. 0. 1. 1. 1. 0. 0. 1. 0. 1. 0. 0. 0. 0. 1. 0. 1. 0. 0. 0.],9.0,1000,100,0.01,0.0005,1,7,idID,,random,single_objective
485,0.18471970527404802,0.3879113810755008,0.003424091372,[0.       0.105728 0.       0.       0.       0.       0.       0.105728 0.       0.       0.       0.       0.       0.105728 0.105728 0.105728 0.       0.       0.105728 0.       0.105728 0.       0.       0.       0.       0.105728 0.       0.154175 0.       0.       0.      ],[0. 1. 0. 0. 0. 0. 0. 1. 0. 0. 0. 0. 0. 1. 1. 1. 0. 0. 1. 0. 1. 0. 0. 0. 0. 1. 0. 1. 0. 0. 0.],9.0,1000,100,0.01,0.0005,1,7,idID,,random,single_objective
486,0.18471970527404802,0.3879113810755008,0.003424091372,[0.       0.105728 0.       0.       0.       0.       0.       0.105728 0.       0.       0.       0.       0.       0.105728 0.105728 0.105728 0.       0.       0.105728 0.       0.105728 0.       0.       0.       0.       0.105728 0.       0.154175 0.       0.       0.      ],[0. 1. 0. 0. 0. 0. 0. 1. 0. 0. 0. 0. 0. 1. 1. 1. 0. 0. 1. 0. 1. 0. 0. 0. 0. 1. 0. 1. 0. 0. 0.],9.0,1000,100,0.01,0.0005,1,7,idID,,random,single_objective
487,0.18471970527404802,0.3879113810755008,0.003424091372,[0.       0.105728 0.       0.       0.       0.       0.       0.105728 0.       0.       0.       0.       0.       0.105728 0.105728 0.105728 0.       0.       0.105728 0.       0.105728 0.       0.       0.       0.       0.105728 0.       0.154175 0.       0.       0.      ],[0. 1. 0. 0. 0. 0. 0. 1. 0. 0. 0. 0. 0. 1. 1. 1. 0. 0. 1. 0. 1. 0. 0. 0. 0. 1. 0. 1. 0. 0. 0.],9.0,1000,100,0.01,0.0005,1,7,idID,,random,single_objective
488,0.18471970527404802,0.3879113810755008,0.003424091372,[0.       0.105728 0.       0.       0.       0.       0.       0.105728 0.       0.       0.       0.       0.       0.105728 0.105728 0.105728 0.       0.       0.105728 0.       0.105728 0.       0.       0.       0.       0.105728 0.       0.154175 0.       0.       0.      ],[0. 1. 0. 0. 0. 0. 0. 1. 0. 0. 0. 0. 0. 1. 1. 1. 0. 0. 1. 0. 1. 0. 0. 0. 0. 1. 0. 1. 0. 0. 0.],9.0,1000,100,0.01,0.0005,1,7,idID,,random,single_objective
489,0.18471970527404802,0.3879113810755008,0.003424091372,[0.       0.105728 0.       0.       0.       0.       0.       0.105728 0.       0.       0.       0.       0.       0.105728 0.105728 0.105728 0.       0.       0.105728 0.       0.105728 0.       0.       0.       0.       0.105728 0.       0.154175 0.       0.       0.      ],[0. 1. 0. 0. 0. 0. 0. 1. 0. 0. 0. 0. 0. 1. 1. 1. 0. 0. 1. 0. 1. 0. 0. 0. 0. 1. 0. 1. 0. 0. 0.],9.0,1000,100,0.01,0.0005,1,7,idID,,random,single_objective
490,0.18471970527404802,0.3879113810755008,0.003424091372,[0.       0.105728 0.       0.       0.       0.       0.       0.105728 0.       0.       0.       0.       0.       0.105728 0.105728 0.105728 0.       0.       0.105728 0.       0.105728 0.       0.       0.       0.       0.105728 0.       0.154175 0.       0.       0.      ],[0. 1. 0. 0. 0. 0. 0. 1. 0. 0. 0. 0. 0. 1. 1. 1. 0. 0. 1. 0. 1. 0. 0. 0. 0. 1. 0. 1. 0. 0. 0.],9.0,1000,100,0.01,0.0005,1,7,idID,,random,single_objective
491,0.18471970527404802,0.3879113810755008,0.003424091372,[0.       0.105728 0.       0.       0.       0.       0.       0.105728 0.       0.       0.       0.       0.       0.105728 0.105728 0.105728 0.       0.       0.105728 0.       0.105728 0.       0.       0.       0.       0.105728 0.       0.154175 0.       0.       0.      ],[0. 1. 0. 0. 0. 0. 0. 1. 0. 0. 0. 0. 0. 1. 1. 1. 0. 0. 1. 0. 1. 0. 0. 0. 0. 1. 0. 1. 0. 0. 0.],9.0,1000,100,0.01,0.0005,1,7,idID,,random,single_objective
492,0.18471970527404802,0.3879113810755008,0.003424091372,[0.       0.105728 0.       0.       0.       0.       0.       0.105728 0.       0.       0.       0.       0.       0.105728 0.105728 0.105728 0.       0.       0.105728 0.       0.105728 0.       0.       0.       0.       0.105728 0.       0.154175 0.       0.       0.      ],[0. 1. 0. 0. 0. 0. 0. 1. 0. 0. 0. 0. 0. 1. 1. 1. 0. 0. 1. 0. 1. 0. 0. 0. 0. 1. 0. 1. 0. 0. 0.],9.0,1000,100,0.01,0.0005,1,7,idID,,random,single_objective
493,0.18471970527404802,0.3879113810755008,0.003424091372,[0.       0.105728 0.       0.       0.       0.       0.       0.105728 0.       0.       0.       0.       0.       0.105728 0.105728 0.105728 0.       0.       0.105728 0.       0.105728 0.       0.       0.       0.       0.105728 0.       0.154175 0.       0.       0.      ],[0. 1. 0. 0. 0. 0. 0. 1. 0. 0. 0. 0. 0. 1. 1. 1. 0. 0. 1. 0. 1. 0. 0. 0. 0. 1. 0. 1. 0. 0. 0.],9.0,1000,100,0.01,0.0005,1,7,idID,,random,single_objective
494,0.18471970527404802,0.3879113810755008,0.003424091372,[0.       0.105728 0.       0.       0.       0.       0.       0.105728 0.       0.       0.       0.       0.       0.105728 0.105728 0.105728 0.       0.       0.105728 0.       0.105728 0.       0.       0.       0.       0.105728 0.       0.154175 0.       0.       0.      ],[0. 1. 0. 0. 0. 0. 0. 1. 0. 0. 0. 0. 0. 1. 1. 1. 0. 0. 1. 0. 1. 0. 0. 0. 0. 1. 0. 1. 0. 0. 0.],9.0,1000,100,0.01,0.0005,1,7,idID,,random,single_objective
495,0.18471970527404802,0.3879113810755008,0.003424091372,[0.       0.105728 0.       0.       0.       0.       0.       0.105728 0.       0.       0.       0.       0.       0.105728 0.105728 0.105728 0.       0.       0.105728 0.       0.105728 0.       0.       0.       0.       0.105728 0.       0.154175 0.       0.       0.      ],[0. 1. 0. 0. 0. 0. 0. 1. 0. 0. 0. 0. 0. 1. 1. 1. 0. 0. 1. 0. 1. 0. 0. 0. 0. 1. 0. 1. 0. 0. 0.],9.0,1000,100,0.01,0.0005,1,7,idID,,random,single_objective
496,0.18471970527404802,0.3879113810755008,0.003424091372,[0.       0.105728 0.       0.       0.       0.       0.       0.105728 0.       0.       0.       0.       0.       0.105728 0.105728 0.105728 0.       0.       0.105728 0.       0.105728 0.       0.       0.       0.       0.105728 0.       0.154175 0.       0.       0.      ],[0. 1. 0. 0. 0. 0. 0. 1. 0. 0. 0. 0. 0. 1. 1. 1. 0. 0. 1. 0. 1. 0. 0. 0. 0. 1. 0. 1. 0. 0. 0.],9.0,1000,100,0.01,0.0005,1,7,idID,,random,single_objective
497,0.18471970527404802,0.3879113810755008,0.003424091372,[0.       0.105728 0.       0.       0.       0.       0.       0.105728 0.       0.       0.       0.       0.       0.105728 0.105728 0.105728 0.       0.       0.105728 0.       0.105728 0.       0.       0.       0.       0.105728 0.       0.154175 0.       0.       0.      ],[0. 1. 0. 0. 0. 0. 0. 1. 0. 0. 0. 0. 0. 1. 1. 1. 0. 0. 1. 0. 1. 0. 0. 0. 0. 1. 0. 1. 0. 0. 0.],9.0,1000,100,0.01,0.0005,1,7,idID,,random,single_objective
498,0.18471970527404802,0.3879113810755008,0.003424091372,[0.       0.105728 0.       0.       0.       0.       0.       0.105728 0.       0.       0.       0.       0.       0.105728 0.105728 0.105728 0.       0.       0.105728 0.       0.105728 0.       0.       0.       0.       0.105728 0.       0.154175 0.       0.       0.      ],[0. 1. 0. 0. 0. 0. 0. 1. 0. 0. 0. 0. 0. 1. 1. 1. 0. 0. 1. 0. 1. 0. 0. 0. 0. 1. 0. 1. 0. 0. 0.],9.0,1000,100,0.01,0.0005,1,7,idID,,random,single_objective
499,0.18471970527404802,0.3879113810755008,0.003424091372,[0.       0.105728 0.       0.       0.       0.       0.       0.105728 0.       0.       0.       0.       0.       0.105728 0.105728 0.105728 0.       0.       0.105728 0.       0.105728 0.       0.       0.       0.       0.105728 0.       0.154175 0.       0.       0.      ],[0. 1. 0. 0. 0. 0. 0. 1. 0. 0. 0. 0. 0. 1. 1. 1. 0. 0. 1. 0. 1. 0. 0. 0. 0. 1. 0. 1. 0. 0. 0.],9.0,1000,100,0.01,0.0005,1,7,idID,,random,single_objective
500,0.18471970527404802,0.3879113810755008,0.003424091372,[0.       0.105728 0.       0.       0.       0.       0.       0.105728 0.       0.       0.       0.       0.       0.105728 0.105728 0.105728 0.       0.       0.105728 0.       0.105728 0.       0.       0.       0.       0.105728 0.       0.154175 0.       0.       0.      ],[0. 1. 0. 0. 0. 0. 0. 1. 0. 0. 0. 0. 0. 1. 1. 1. 0. 0. 1. 0. 1. 0. 0. 0. 0. 1. 0. 1. 0. 0. 0.],9.0,1000,100,0.01,0.0005,1,7,idID,,random,single_objective
501,0.18471970527404802,0.3879113810755008,0.003424091372,[0.       0.105728 0.       0.       0.       0.       0.       0.105728 0.       0.       0.       0.       0.       0.105728 0.105728 0.105728 0.       0.       0.105728 0.       0.105728 0.       0.       0.       0.       0.105728 0.       0.154175 0.       0.       0.      ],[0. 1. 0. 0. 0. 0. 0. 1. 0. 0. 0. 0. 0. 1. 1. 1. 0. 0. 1. 0. 1. 0. 0. 0. 0. 1. 0. 1. 0. 0. 0.],9.0,1000,100,0.01,0.0005,1,7,idID,,random,single_objective
502,0.18471970527404802,0.3879113810755008,0.003424091372,[0.       0.105728 0.       0.       0.       0.       0.       0.105728 0.       0.       0.       0.       0.       0.105728 0.105728 0.105728 0.       0.       0.105728 0.       0.105728 0.       0.       0.       0.       0.105728 0.       0.154175 0.       0.       0.      ],[0. 1. 0. 0. 0. 0. 0. 1. 0. 0. 0. 0. 0. 1. 1. 1. 0. 0. 1. 0. 1. 0. 0. 0. 0. 1. 0. 1. 0. 0. 0.],9.0,1000,100,0.01,0.0005,1,7,idID,,random,single_objective
503,0.18471970527404802,0.3879113810755008,0.003424091372,[0.       0.105728 0.       0.       0.       0.       0.       0.105728 0.       0.       0.       0.       0.       0.105728 0.105728 0.105728 0.       0.       0.105728 0.       0.105728 0.       0.       0.       0.       0.105728 0.       0.154175 0.       0.       0.      ],[0. 1. 0. 0. 0. 0. 0. 1. 0. 0. 0. 0. 0. 1. 1. 1. 0. 0. 1. 0. 1. 0. 0. 0. 0. 1. 0. 1. 0. 0. 0.],9.0,1000,100,0.01,0.0005,1,7,idID,,random,single_objective
504,0.18471970527404802,0.3879113810755008,0.003424091372,[0.       0.105728 0.       0.       0.       0.       0.       0.105728 0.       0.       0.       0.       0.       0.105728 0.105728 0.105728 0.       0.       0.105728 0.       0.105728 0.       0.       0.       0.       0.105728 0.       0.154175 0.       0.       0.      ],[0. 1. 0. 0. 0. 0. 0. 1. 0. 0. 0. 0. 0. 1. 1. 1. 0. 0. 1. 0. 1. 0. 0. 0. 0. 1. 0. 1. 0. 0. 0.],9.0,1000,100,0.01,0.0005,1,7,idID,,random,single_objective
505,0.18471970527404802,0.3879113810755008,0.003424091372,[0.       0.105728 0.       0.       0.       0.       0.       0.105728 0.       0.       0.       0.       0.       0.105728 0.105728 0.105728 0.       0.       0.105728 0.       0.105728 0.       0.       0.       0.       0.105728 0.       0.154175 0.       0.       0.      ],[0. 1. 0. 0. 0. 0. 0. 1. 0. 0. 0. 0. 0. 1. 1. 1. 0. 0. 1. 0. 1. 0. 0. 0. 0. 1. 0. 1. 0. 0. 0.],9.0,1000,100,0.01,0.0005,1,7,idID,,random,single_objective
506,0.18471970527404802,0.3879113810755008,0.003424091372,[0.       0.105728 0.       0.       0.       0.       0.       0.105728 0.       0.       0.       0.       0.       0.105728 0.105728 0.105728 0.       0.       0.105728 0.       0.105728 0.       0.       0.       0.       0.105728 0.       0.154175 0.       0.       0.      ],[0. 1. 0. 0. 0. 0. 0. 1. 0. 0. 0. 0. 0. 1. 1. 1. 0. 0. 1. 0. 1. 0. 0. 0. 0. 1. 0. 1. 0. 0. 0.],9.0,1000,100,0.01,0.0005,1,7,idID,,random,single_objective
507,0.18471970527404802,0.3879113810755008,0.003424091372,[0.       0.105728 0.       0.       0.       0.       0.       0.105728 0.       0.       0.       0.       0.       0.105728 0.105728 0.105728 0.       0.       0.105728 0.       0.105728 0.       0.       0.       0.       0.105728 0.       0.154175 0.       0.       0.      ],[0. 1. 0. 0. 0. 0. 0. 1. 0. 0. 0. 0. 0. 1. 1. 1. 0. 0. 1. 0. 1. 0. 0. 0. 0. 1. 0. 1. 0. 0. 0.],9.0,1000,100,0.01,0.0005,1,7,idID,,random,single_objective
508,0.18471970527404802,0.3879113810755008,0.003424091372,[0.       0.105728 0.       0.       0.       0.       0.       0.105728 0.       0.       0.       0.       0.       0.105728 0.105728 0.105728 0.       0.       0.105728 0.       0.105728 0.       0.       0.       0.       0.105728 0.       0.154175 0.       0.       0.      ],[0. 1. 0. 0. 0. 0. 0. 1. 0. 0. 0. 0. 0. 1. 1. 1. 0. 0. 1. 0. 1. 0. 0. 0. 0. 1. 0. 1. 0. 0. 0.],9.0,1000,100,0.01,0.0005,1,7,idID,,random,single_objective
509,0.18471970527404802,0.3879113810755008,0.003424091372,[0.       0.105728 0.       0.       0.       0.       0.       0.105728 0.       0.       0.       0.       0.       0.105728 0.105728 0.105728 0.       0.       0.105728 0.       0.105728 0.       0.       0.       0.       0.105728 0.       0.154175 0.       0.       0.      ],[0. 1. 0. 0. 0. 0. 0. 1. 0. 0. 0. 0. 0. 1. 1. 1. 0. 0. 1. 0. 1. 0. 0. 0. 0. 1. 0. 1. 0. 0. 0.],9.0,1000,100,0.01,0.0005,1,7,idID,,random,single_objective
510,0.18471970527404802,0.3879113810755008,0.003424091372,[0.       0.105728 0.       0.       0.       0.       0.       0.105728 0.       0.       0.       0.       0.       0.105728 0.105728 0.105728 0.       0.       0.105728 0.       0.105728 0.       0.       0.       0.       0.105728 0.       0.154175 0.       0.       0.      ],[0. 1. 0. 0. 0. 0. 0. 1. 0. 0. 0. 0. 0. 1. 1. 1. 0. 0. 1. 0. 1. 0. 0. 0. 0. 1. 0. 1. 0. 0. 0.],9.0,1000,100,0.01,0.0005,1,7,idID,,random,single_objective
511,0.18471970527404802,0.3879113810755008,0.003424091372,[0.       0.105728 0.       0.       0.       0.       0.       0.105728 0.       0.       0.       0.       0.       0.105728 0.105728 0.105728 0.       0.       0.105728 0.       0.105728 0.       0.       0.       0.       0.105728 0.       0.154175 0.       0.       0.      ],[0. 1. 0. 0. 0. 0. 0. 1. 0. 0. 0. 0. 0. 1. 1. 1. 0. 0. 1. 0. 1. 0. 0. 0. 0. 1. 0. 1. 0. 0. 0.],9.0,1000,100,0.01,0.0005,1,7,idID,,random,single_objective
512,0.18471970527404802,0.3879113810755008,0.003424091372,[0.       0.105728 0.       0.       0.       0.       0.       0.105728 0.       0.       0.       0.       0.       0.105728 0.105728 0.105728 0.       0.       0.105728 0.       0.105728 0.       0.       0.       0.       0.105728 0.       0.154175 0.       0.       0.      ],[0. 1. 0. 0. 0. 0. 0. 1. 0. 0. 0. 0. 0. 1. 1. 1. 0. 0. 1. 0. 1. 0. 0. 0. 0. 1. 0. 1. 0. 0. 0.],9.0,1000,100,0.01,0.0005,1,7,idID,,random,single_objective
513,0.18471970527404802,0.3879113810755008,0.003424091372,[0.       0.105728 0.       0.       0.       0.       0.       0.105728 0.       0.       0.       0.       0.       0.105728 0.105728 0.105728 0.       0.       0.105728 0.       0.105728 0.       0.       0.       0.       0.105728 0.       0.154175 0.       0.       0.      ],[0. 1. 0. 0. 0. 0. 0. 1. 0. 0. 0. 0. 0. 1. 1. 1. 0. 0. 1. 0. 1. 0. 0. 0. 0. 1. 0. 1. 0. 0. 0.],9.0,1000,100,0.01,0.0005,1,7,idID,,random,single_objective
514,0.18471970527404802,0.3879113810755008,0.003424091372,[0.       0.105728 0.       0.       0.       0.       0.       0.105728 0.       0.       0.       0.       0.       0.105728 0.105728 0.105728 0.       0.       0.105728 0.       0.105728 0.       0.       0.       0.       0.105728 0.       0.154175 0.       0.       0.      ],[0. 1. 0. 0. 0. 0. 0. 1. 0. 0. 0. 0. 0. 1. 1. 1. 0. 0. 1. 0. 1. 0. 0. 0. 0. 1. 0. 1. 0. 0. 0.],9.0,1000,100,0.01,0.0005,1,7,idID,,random,single_objective
515,0.18471970527404802,0.3879113810755008,0.003424091372,[0.       0.105728 0.       0.       0.       0.       0.       0.105728 0.       0.       0.       0.       0.       0.105728 0.105728 0.105728 0.       0.       0.105728 0.       0.105728 0.       0.       0.       0.       0.105728 0.       0.154175 0.       0.       0.      ],[0. 1. 0. 0. 0. 0. 0. 1. 0. 0. 0. 0. 0. 1. 1. 1. 0. 0. 1. 0. 1. 0. 0. 0. 0. 1. 0. 1. 0. 0. 0.],9.0,1000,100,0.01,0.0005,1,7,idID,,random,single_objective
516,0.18471970527404802,0.3879113810755008,0.003424091372,[0.       0.105728 0.       0.       0.       0.       0.       0.105728 0.       0.       0.       0.       0.       0.105728 0.105728 0.105728 0.       0.       0.105728 0.       0.105728 0.       0.       0.       0.       0.105728 0.       0.154175 0.       0.       0.      ],[0. 1. 0. 0. 0. 0. 0. 1. 0. 0. 0. 0. 0. 1. 1. 1. 0. 0. 1. 0. 1. 0. 0. 0. 0. 1. 0. 1. 0. 0. 0.],9.0,1000,100,0.01,0.0005,1,7,idID,,random,single_objective
517,0.18471970527404802,0.3879113810755008,0.003424091372,[0.       0.105728 0.       0.       0.       0.       0.       0.105728 0.       0.       0.       0.       0.       0.105728 0.105728 0.105728 0.       0.       0.105728 0.       0.105728 0.       0.       0.       0.       0.105728 0.       0.154175 0.       0.       0.      ],[0. 1. 0. 0. 0. 0. 0. 1. 0. 0. 0. 0. 0. 1. 1. 1. 0. 0. 1. 0. 1. 0. 0. 0. 0. 1. 0. 1. 0. 0. 0.],9.0,1000,100,0.01,0.0005,1,7,idID,,random,single_objective
518,0.18471970527404802,0.3879113810755008,0.003424091372,[0.       0.105728 0.       0.       0.       0.       0.       0.105728 0.       0.       0.       0.       0.       0.105728 0.105728 0.105728 0.       0.       0.105728 0.       0.105728 0.       0.       0.       0.       0.105728 0.       0.154175 0.       0.       0.      ],[0. 1. 0. 0. 0. 0. 0. 1. 0. 0. 0. 0. 0. 1. 1. 1. 0. 0. 1. 0. 1. 0. 0. 0. 0. 1. 0. 1. 0. 0. 0.],9.0,1000,100,0.01,0.0005,1,7,idID,,random,single_objective
519,0.18471970527404802,0.3879113810755008,0.003424091372,[0.       0.105728 0.       0.       0.       0.       0.       0.105728 0.       0.       0.       0.       0.       0.105728 0.105728 0.105728 0.       0.       0.105728 0.       0.105728 0.       0.       0.       0.       0.105728 0.       0.154175 0.       0.       0.      ],[0. 1. 0. 0. 0. 0. 0. 1. 0. 0. 0. 0. 0. 1. 1. 1. 0. 0. 1. 0. 1. 0. 0. 0. 0. 1. 0. 1. 0. 0. 0.],9.0,1000,100,0.01,0.0005,1,7,idID,,random,single_objective
520,0.18471970527404802,0.3879113810755008,0.003424091372,[0.       0.105728 0.       0.       0.       0.       0.       0.105728 0.       0.       0.       0.       0.       0.105728 0.105728 0.105728 0.       0.       0.105728 0.       0.105728 0.       0.       0.       0.       0.105728 0.       0.154175 0.       0.       0.      ],[0. 1. 0. 0. 0. 0. 0. 1. 0. 0. 0. 0. 0. 1. 1. 1. 0. 0. 1. 0. 1. 0. 0. 0. 0. 1. 0. 1. 0. 0. 0.],9.0,1000,100,0.01,0.0005,1,7,idID,,random,single_objective
521,0.18471970527404802,0.3879113810755008,0.003424091372,[0.       0.105728 0.       0.       0.       0.       0.       0.105728 0.       0.       0.       0.       0.       0.105728 0.105728 0.105728 0.       0.       0.105728 0.       0.105728 0.       0.       0.       0.       0.105728 0.       0.154175 0.       0.       0.      ],[0. 1. 0. 0. 0. 0. 0. 1. 0. 0. 0. 0. 0. 1. 1. 1. 0. 0. 1. 0. 1. 0. 0. 0. 0. 1. 0. 1. 0. 0. 0.],9.0,1000,100,0.01,0.0005,1,7,idID,,random,single_objective
522,0.18471970527404802,0.3879113810755008,0.003424091372,[0.       0.105728 0.       0.       0.       0.       0.       0.105728 0.       0.       0.       0.       0.       0.105728 0.105728 0.105728 0.       0.       0.105728 0.       0.105728 0.       0.       0.       0.       0.105728 0.       0.154175 0.       0.       0.      ],[0. 1. 0. 0. 0. 0. 0. 1. 0. 0. 0. 0. 0. 1. 1. 1. 0. 0. 1. 0. 1. 0. 0. 0. 0. 1. 0. 1. 0. 0. 0.],9.0,1000,100,0.01,0.0005,1,7,idID,,random,single_objective
523,0.18471970527404802,0.3879113810755008,0.003424091372,[0.       0.105728 0.       0.       0.       0.       0.       0.105728 0.       0.       0.       0.       0.       0.105728 0.105728 0.105728 0.       0.       0.105728 0.       0.105728 0.       0.       0.       0.       0.105728 0.       0.154175 0.       0.       0.      ],[0. 1. 0. 0. 0. 0. 0. 1. 0. 0. 0. 0. 0. 1. 1. 1. 0. 0. 1. 0. 1. 0. 0. 0. 0. 1. 0. 1. 0. 0. 0.],9.0,1000,100,0.01,0.0005,1,7,idID,,random,single_objective
524,0.18471970527404802,0.3879113810755008,0.003424091372,[0.       0.105728 0.       0.       0.       0.       0.       0.105728 0.       0.       0.       0.       0.       0.105728 0.105728 0.105728 0.       0.       0.105728 0.       0.105728 0.       0.       0.       0.       0.105728 0.       0.154175 0.       0.       0.      ],[0. 1. 0. 0. 0. 0. 0. 1. 0. 0. 0. 0. 0. 1. 1. 1. 0. 0. 1. 0. 1. 0. 0. 0. 0. 1. 0. 1. 0. 0. 0.],9.0,1000,100,0.01,0.0005,1,7,idID,,random,single_objective
525,0.18471970527404802,0.3879113810755008,0.003424091372,[0.       0.105728 0.       0.       0.       0.       0.       0.105728 0.       0.       0.       0.       0.       0.105728 0.105728 0.105728 0.       0.       0.105728 0.       0.105728 0.       0.       0.       0.       0.105728 0.       0.154175 0.       0.       0.      ],[0. 1. 0. 0. 0. 0. 0. 1. 0. 0. 0. 0. 0. 1. 1. 1. 0. 0. 1. 0. 1. 0. 0. 0. 0. 1. 0. 1. 0. 0. 0.],9.0,1000,100,0.01,0.0005,1,7,idID,,random,single_objective
526,0.18471970527404802,0.3879113810755008,0.003424091372,[0.       0.105728 0.       0.       0.       0.       0.       0.105728 0.       0.       0.       0.       0.       0.105728 0.105728 0.105728 0.       0.       0.105728 0.       0.105728 0.       0.       0.       0.       0.105728 0.       0.154175 0.       0.       0.      ],[0. 1. 0. 0. 0. 0. 0. 1. 0. 0. 0. 0. 0. 1. 1. 1. 0. 0. 1. 0. 1. 0. 0. 0. 0. 1. 0. 1. 0. 0. 0.],9.0,1000,100,0.01,0.0005,1,7,idID,,random,single_objective
527,0.18471970527404802,0.3879113810755008,0.003424091372,[0.       0.105728 0.       0.       0.       0.       0.       0.105728 0.       0.       0.       0.       0.       0.105728 0.105728 0.105728 0.       0.       0.105728 0.       0.105728 0.       0.       0.       0.       0.105728 0.       0.154175 0.       0.       0.      ],[0. 1. 0. 0. 0. 0. 0. 1. 0. 0. 0. 0. 0. 1. 1. 1. 0. 0. 1. 0. 1. 0. 0. 0. 0. 1. 0. 1. 0. 0. 0.],9.0,1000,100,0.01,0.0005,1,7,idID,,random,single_objective
528,0.18471970527404802,0.3879113810755008,0.003424091372,[0.       0.105728 0.       0.       0.       0.       0.       0.105728 0.       0.       0.       0.       0.       0.105728 0.105728 0.105728 0.       0.       0.105728 0.       0.105728 0.       0.       0.       0.       0.105728 0.       0.154175 0.       0.       0.      ],[0. 1. 0. 0. 0. 0. 0. 1. 0. 0. 0. 0. 0. 1. 1. 1. 0. 0. 1. 0. 1. 0. 0. 0. 0. 1. 0. 1. 0. 0. 0.],9.0,1000,100,0.01,0.0005,1,7,idID,,random,single_objective
529,0.18471970527404802,0.3879113810755008,0.003424091372,[0.       0.105728 0.       0.       0.       0.       0.       0.105728 0.       0.       0.       0.       0.       0.105728 0.105728 0.105728 0.       0.       0.105728 0.       0.105728 0.       0.       0.       0.       0.105728 0.       0.154175 0.       0.       0.      ],[0. 1. 0. 0. 0. 0. 0. 1. 0. 0. 0. 0. 0. 1. 1. 1. 0. 0. 1. 0. 1. 0. 0. 0. 0. 1. 0. 1. 0. 0. 0.],9.0,1000,100,0.01,0.0005,1,7,idID,,random,single_objective
530,0.18471970527404802,0.3879113810755008,0.003424091372,[0.       0.105728 0.       0.       0.       0.       0.       0.105728 0.       0.       0.       0.       0.       0.105728 0.105728 0.105728 0.       0.       0.105728 0.       0.105728 0.       0.       0.       0.       0.105728 0.       0.154175 0.       0.       0.      ],[0. 1. 0. 0. 0. 0. 0. 1. 0. 0. 0. 0. 0. 1. 1. 1. 0. 0. 1. 0. 1. 0. 0. 0. 0. 1. 0. 1. 0. 0. 0.],9.0,1000,100,0.01,0.0005,1,7,idID,,random,single_objective
531,0.18471970527404802,0.3879113810755008,0.003424091372,[0.       0.105728 0.       0.       0.       0.       0.       0.105728 0.       0.       0.       0.       0.       0.105728 0.105728 0.105728 0.       0.       0.105728 0.       0.105728 0.       0.       0.       0.       0.105728 0.       0.154175 0.       0.       0.      ],[0. 1. 0. 0. 0. 0. 0. 1. 0. 0. 0. 0. 0. 1. 1. 1. 0. 0. 1. 0. 1. 0. 0. 0. 0. 1. 0. 1. 0. 0. 0.],9.0,1000,100,0.01,0.0005,1,7,idID,,random,single_objective
532,0.18471970527404802,0.3879113810755008,0.003424091372,[0.       0.105728 0.       0.       0.       0.       0.       0.105728 0.       0.       0.       0.       0.       0.105728 0.105728 0.105728 0.       0.       0.105728 0.       0.105728 0.       0.       0.       0.       0.105728 0.       0.154175 0.       0.       0.      ],[0. 1. 0. 0. 0. 0. 0. 1. 0. 0. 0. 0. 0. 1. 1. 1. 0. 0. 1. 0. 1. 0. 0. 0. 0. 1. 0. 1. 0. 0. 0.],9.0,1000,100,0.01,0.0005,1,7,idID,,random,single_objective
533,0.18471970527404802,0.3879113810755008,0.003424091372,[0.       0.105728 0.       0.       0.       0.       0.       0.105728 0.       0.       0.       0.       0.       0.105728 0.105728 0.105728 0.       0.       0.105728 0.       0.105728 0.       0.       0.       0.       0.105728 0.       0.154175 0.       0.       0.      ],[0. 1. 0. 0. 0. 0. 0. 1. 0. 0. 0. 0. 0. 1. 1. 1. 0. 0. 1. 0. 1. 0. 0. 0. 0. 1. 0. 1. 0. 0. 0.],9.0,1000,100,0.01,0.0005,1,7,idID,,random,single_objective
534,0.18471970527404802,0.3879113810755008,0.003424091372,[0.       0.105728 0.       0.       0.       0.       0.       0.105728 0.       0.       0.       0.       0.       0.105728 0.105728 0.105728 0.       0.       0.105728 0.       0.105728 0.       0.       0.       0.       0.105728 0.       0.154175 0.       0.       0.      ],[0. 1. 0. 0. 0. 0. 0. 1. 0. 0. 0. 0. 0. 1. 1. 1. 0. 0. 1. 0. 1. 0. 0. 0. 0. 1. 0. 1. 0. 0. 0.],9.0,1000,100,0.01,0.0005,1,7,idID,,random,single_objective
535,0.18471970527404802,0.3879113810755008,0.003424091372,[0.       0.105728 0.       0.       0.       0.       0.       0.105728 0.       0.       0.       0.       0.       0.105728 0.105728 0.105728 0.       0.       0.105728 0.       0.105728 0.       0.       0.       0.       0.105728 0.       0.154175 0.       0.       0.      ],[0. 1. 0. 0. 0. 0. 0. 1. 0. 0. 0. 0. 0. 1. 1. 1. 0. 0. 1. 0. 1. 0. 0. 0. 0. 1. 0. 1. 0. 0. 0.],9.0,1000,100,0.01,0.0005,1,7,idID,,random,single_objective
536,0.18471970527404802,0.3879113810755008,0.003424091372,[0.       0.105728 0.       0.       0.       0.       0.       0.105728 0.       0.       0.       0.       0.       0.105728 0.105728 0.105728 0.       0.       0.105728 0.       0.105728 0.       0.       0.       0.       0.105728 0.       0.154175 0.       0.       0.      ],[0. 1. 0. 0. 0. 0. 0. 1. 0. 0. 0. 0. 0. 1. 1. 1. 0. 0. 1. 0. 1. 0. 0. 0. 0. 1. 0. 1. 0. 0. 0.],9.0,1000,100,0.01,0.0005,1,7,idID,,random,single_objective
537,0.18471970527404802,0.3879113810755008,0.003424091372,[0.       0.105728 0.       0.       0.       0.       0.       0.105728 0.       0.       0.       0.       0.       0.105728 0.105728 0.105728 0.       0.       0.105728 0.       0.105728 0.       0.       0.       0.       0.105728 0.       0.154175 0.       0.       0.      ],[0. 1. 0. 0. 0. 0. 0. 1. 0. 0. 0. 0. 0. 1. 1. 1. 0. 0. 1. 0. 1. 0. 0. 0. 0. 1. 0. 1. 0. 0. 0.],9.0,1000,100,0.01,0.0005,1,7,idID,,random,single_objective
538,0.18471970527404802,0.3879113810755008,0.003424091372,[0.       0.105728 0.       0.       0.       0.       0.       0.105728 0.       0.       0.       0.       0.       0.105728 0.105728 0.105728 0.       0.       0.105728 0.       0.105728 0.       0.       0.       0.       0.105728 0.       0.154175 0.       0.       0.      ],[0. 1. 0. 0. 0. 0. 0. 1. 0. 0. 0. 0. 0. 1. 1. 1. 0. 0. 1. 0. 1. 0. 0. 0. 0. 1. 0. 1. 0. 0. 0.],9.0,1000,100,0.01,0.0005,1,7,idID,,random,single_objective
539,0.18471970527404802,0.3879113810755008,0.003424091372,[0.       0.105728 0.       0.       0.       0.       0.       0.105728 0.       0.       0.       0.       0.       0.105728 0.105728 0.105728 0.       0.       0.105728 0.       0.105728 0.       0.       0.       0.       0.105728 0.       0.154175 0.       0.       0.      ],[0. 1. 0. 0. 0. 0. 0. 1. 0. 0. 0. 0. 0. 1. 1. 1. 0. 0. 1. 0. 1. 0. 0. 0. 0. 1. 0. 1. 0. 0. 0.],9.0,1000,100,0.01,0.0005,1,7,idID,,random,single_objective
540,0.18471970527404802,0.3879113810755008,0.003424091372,[0.       0.105728 0.       0.       0.       0.       0.       0.105728 0.       0.       0.       0.       0.       0.105728 0.105728 0.105728 0.       0.       0.105728 0.       0.105728 0.       0.       0.       0.       0.105728 0.       0.154175 0.       0.       0.      ],[0. 1. 0. 0. 0. 0. 0. 1. 0. 0. 0. 0. 0. 1. 1. 1. 0. 0. 1. 0. 1. 0. 0. 0. 0. 1. 0. 1. 0. 0. 0.],9.0,1000,100,0.01,0.0005,1,7,idID,,random,single_objective
541,0.18471970527404802,0.3879113810755008,0.003424091372,[0.       0.105728 0.       0.       0.       0.       0.       0.105728 0.       0.       0.       0.       0.       0.105728 0.105728 0.105728 0.       0.       0.105728 0.       0.105728 0.       0.       0.       0.       0.105728 0.       0.154175 0.       0.       0.      ],[0. 1. 0. 0. 0. 0. 0. 1. 0. 0. 0. 0. 0. 1. 1. 1. 0. 0. 1. 0. 1. 0. 0. 0. 0. 1. 0. 1. 0. 0. 0.],9.0,1000,100,0.01,0.0005,1,7,idID,,random,single_objective
542,0.18471970527404802,0.3879113810755008,0.003424091372,[0.       0.105728 0.       0.       0.       0.       0.       0.105728 0.       0.       0.       0.       0.       0.105728 0.105728 0.105728 0.       0.       0.105728 0.       0.105728 0.       0.       0.       0.       0.105728 0.       0.154175 0.       0.       0.      ],[0. 1. 0. 0. 0. 0. 0. 1. 0. 0. 0. 0. 0. 1. 1. 1. 0. 0. 1. 0. 1. 0. 0. 0. 0. 1. 0. 1. 0. 0. 0.],9.0,1000,100,0.01,0.0005,1,7,idID,,random,single_objective
543,0.18471970527404802,0.3879113810755008,0.003424091372,[0.       0.105728 0.       0.       0.       0.       0.       0.105728 0.       0.       0.       0.       0.       0.105728 0.105728 0.105728 0.       0.       0.105728 0.       0.105728 0.       0.       0.       0.       0.105728 0.       0.154175 0.       0.       0.      ],[0. 1. 0. 0. 0. 0. 0. 1. 0. 0. 0. 0. 0. 1. 1. 1. 0. 0. 1. 0. 1. 0. 0. 0. 0. 1. 0. 1. 0. 0. 0.],9.0,1000,100,0.01,0.0005,1,7,idID,,random,single_objective
544,0.18471970527404802,0.3879113810755008,0.003424091372,[0.       0.105728 0.       0.       0.       0.       0.       0.105728 0.       0.       0.       0.       0.       0.105728 0.105728 0.105728 0.       0.       0.105728 0.       0.105728 0.       0.       0.       0.       0.105728 0.       0.154175 0.       0.       0.      ],[0. 1. 0. 0. 0. 0. 0. 1. 0. 0. 0. 0. 0. 1. 1. 1. 0. 0. 1. 0. 1. 0. 0. 0. 0. 1. 0. 1. 0. 0. 0.],9.0,1000,100,0.01,0.0005,1,7,idID,,random,single_objective
545,0.18471970527404802,0.3879113810755008,0.003424091372,[0.       0.105728 0.       0.       0.       0.       0.       0.105728 0.       0.       0.       0.       0.       0.105728 0.105728 0.105728 0.       0.       0.105728 0.       0.105728 0.       0.       0.       0.       0.105728 0.       0.154175 0.       0.       0.      ],[0. 1. 0. 0. 0. 0. 0. 1. 0. 0. 0. 0. 0. 1. 1. 1. 0. 0. 1. 0. 1. 0. 0. 0. 0. 1. 0. 1. 0. 0. 0.],9.0,1000,100,0.01,0.0005,1,7,idID,,random,single_objective
546,0.18471970527404802,0.3879113810755008,0.003424091372,[0.       0.105728 0.       0.       0.       0.       0.       0.105728 0.       0.       0.       0.       0.       0.105728 0.105728 0.105728 0.       0.       0.105728 0.       0.105728 0.       0.       0.       0.       0.105728 0.       0.154175 0.       0.       0.      ],[0. 1. 0. 0. 0. 0. 0. 1. 0. 0. 0. 0. 0. 1. 1. 1. 0. 0. 1. 0. 1. 0. 0. 0. 0. 1. 0. 1. 0. 0. 0.],9.0,1000,100,0.01,0.0005,1,7,idID,,random,single_objective
547,0.18471970527404802,0.3879113810755008,0.003424091372,[0.       0.105728 0.       0.       0.       0.       0.       0.105728 0.       0.       0.       0.       0.       0.105728 0.105728 0.105728 0.       0.       0.105728 0.       0.105728 0.       0.       0.       0.       0.105728 0.       0.154175 0.       0.       0.      ],[0. 1. 0. 0. 0. 0. 0. 1. 0. 0. 0. 0. 0. 1. 1. 1. 0. 0. 1. 0. 1. 0. 0. 0. 0. 1. 0. 1. 0. 0. 0.],9.0,1000,100,0.01,0.0005,1,7,idID,,random,single_objective
548,0.18471970527404802,0.3879113810755008,0.003424091372,[0.       0.105728 0.       0.       0.       0.       0.       0.105728 0.       0.       0.       0.       0.       0.105728 0.105728 0.105728 0.       0.       0.105728 0.       0.105728 0.       0.       0.       0.       0.105728 0.       0.154175 0.       0.       0.      ],[0. 1. 0. 0. 0. 0. 0. 1. 0. 0. 0. 0. 0. 1. 1. 1. 0. 0. 1. 0. 1. 0. 0. 0. 0. 1. 0. 1. 0. 0. 0.],9.0,1000,100,0.01,0.0005,1,7,idID,,random,single_objective
549,0.18471970527404802,0.3879113810755008,0.003424091372,[0.       0.105728 0.       0.       0.       0.       0.       0.105728 0.       0.       0.       0.       0.       0.105728 0.105728 0.105728 0.       0.       0.105728 0.       0.105728 0.       0.       0.       0.       0.105728 0.       0.154175 0.       0.       0.      ],[0. 1. 0. 0. 0. 0. 0. 1. 0. 0. 0. 0. 0. 1. 1. 1. 0. 0. 1. 0. 1. 0. 0. 0. 0. 1. 0. 1. 0. 0. 0.],9.0,1000,100,0.01,0.0005,1,7,idID,,random,single_objective
550,0.18471970527404802,0.3879113810755008,0.003424091372,[0.       0.105728 0.       0.       0.       0.       0.       0.105728 0.       0.       0.       0.       0.       0.105728 0.105728 0.105728 0.       0.       0.105728 0.       0.105728 0.       0.       0.       0.       0.105728 0.       0.154175 0.       0.       0.      ],[0. 1. 0. 0. 0. 0. 0. 1. 0. 0. 0. 0. 0. 1. 1. 1. 0. 0. 1. 0. 1. 0. 0. 0. 0. 1. 0. 1. 0. 0. 0.],9.0,1000,100,0.01,0.0005,1,7,idID,,random,single_objective
551,0.18471970527404802,0.3879113810755008,0.003424091372,[0.       0.105728 0.       0.       0.       0.       0.       0.105728 0.       0.       0.       0.       0.       0.105728 0.105728 0.105728 0.       0.       0.105728 0.       0.105728 0.       0.       0.       0.       0.105728 0.       0.154175 0.       0.       0.      ],[0. 1. 0. 0. 0. 0. 0. 1. 0. 0. 0. 0. 0. 1. 1. 1. 0. 0. 1. 0. 1. 0. 0. 0. 0. 1. 0. 1. 0. 0. 0.],9.0,1000,100,0.01,0.0005,1,7,idID,,random,single_objective
552,0.18471970527404802,0.3879113810755008,0.003424091372,[0.       0.105728 0.       0.       0.       0.       0.       0.105728 0.       0.       0.       0.       0.       0.105728 0.105728 0.105728 0.       0.       0.105728 0.       0.105728 0.       0.       0.       0.       0.105728 0.       0.154175 0.       0.       0.      ],[0. 1. 0. 0. 0. 0. 0. 1. 0. 0. 0. 0. 0. 1. 1. 1. 0. 0. 1. 0. 1. 0. 0. 0. 0. 1. 0. 1. 0. 0. 0.],9.0,1000,100,0.01,0.0005,1,7,idID,,random,single_objective
553,0.18471970527404802,0.3879113810755008,0.003424091372,[0.       0.105728 0.       0.       0.       0.       0.       0.105728 0.       0.       0.       0.       0.       0.105728 0.105728 0.105728 0.       0.       0.105728 0.       0.105728 0.       0.       0.       0.       0.105728 0.       0.154175 0.       0.       0.      ],[0. 1. 0. 0. 0. 0. 0. 1. 0. 0. 0. 0. 0. 1. 1. 1. 0. 0. 1. 0. 1. 0. 0. 0. 0. 1. 0. 1. 0. 0. 0.],9.0,1000,100,0.01,0.0005,1,7,idID,,random,single_objective
554,0.18471970527404802,0.3879113810755008,0.003424091372,[0.       0.105728 0.       0.       0.       0.       0.       0.105728 0.       0.       0.       0.       0.       0.105728 0.105728 0.105728 0.       0.       0.105728 0.       0.105728 0.       0.       0.       0.       0.105728 0.       0.154175 0.       0.       0.      ],[0. 1. 0. 0. 0. 0. 0. 1. 0. 0. 0. 0. 0. 1. 1. 1. 0. 0. 1. 0. 1. 0. 0. 0. 0. 1. 0. 1. 0. 0. 0.],9.0,1000,100,0.01,0.0005,1,7,idID,,random,single_objective
555,0.18471970527404802,0.3879113810755008,0.003424091372,[0.       0.105728 0.       0.       0.       0.       0.       0.105728 0.       0.       0.       0.       0.       0.105728 0.105728 0.105728 0.       0.       0.105728 0.       0.105728 0.       0.       0.       0.       0.105728 0.       0.154175 0.       0.       0.      ],[0. 1. 0. 0. 0. 0. 0. 1. 0. 0. 0. 0. 0. 1. 1. 1. 0. 0. 1. 0. 1. 0. 0. 0. 0. 1. 0. 1. 0. 0. 0.],9.0,1000,100,0.01,0.0005,1,7,idID,,random,single_objective
556,0.18471970527404802,0.3879113810755008,0.003424091372,[0.       0.105728 0.       0.       0.       0.       0.       0.105728 0.       0.       0.       0.       0.       0.105728 0.105728 0.105728 0.       0.       0.105728 0.       0.105728 0.       0.       0.       0.       0.105728 0.       0.154175 0.       0.       0.      ],[0. 1. 0. 0. 0. 0. 0. 1. 0. 0. 0. 0. 0. 1. 1. 1. 0. 0. 1. 0. 1. 0. 0. 0. 0. 1. 0. 1. 0. 0. 0.],9.0,1000,100,0.01,0.0005,1,7,idID,,random,single_objective
557,0.18471970527404802,0.3879113810755008,0.003424091372,[0.       0.105728 0.       0.       0.       0.       0.       0.105728 0.       0.       0.       0.       0.       0.105728 0.105728 0.105728 0.       0.       0.105728 0.       0.105728 0.       0.       0.       0.       0.105728 0.       0.154175 0.       0.       0.      ],[0. 1. 0. 0. 0. 0. 0. 1. 0. 0. 0. 0. 0. 1. 1. 1. 0. 0. 1. 0. 1. 0. 0. 0. 0. 1. 0. 1. 0. 0. 0.],9.0,1000,100,0.01,0.0005,1,7,idID,,random,single_objective
558,0.18471970527404802,0.3879113810755008,0.003424091372,[0.       0.105728 0.       0.       0.       0.       0.       0.105728 0.       0.       0.       0.       0.       0.105728 0.105728 0.105728 0.       0.       0.105728 0.       0.105728 0.       0.       0.       0.       0.105728 0.       0.154175 0.       0.       0.      ],[0. 1. 0. 0. 0. 0. 0. 1. 0. 0. 0. 0. 0. 1. 1. 1. 0. 0. 1. 0. 1. 0. 0. 0. 0. 1. 0. 1. 0. 0. 0.],9.0,1000,100,0.01,0.0005,1,7,idID,,random,single_objective
559,0.18471970527404802,0.3879113810755008,0.003424091372,[0.       0.105728 0.       0.       0.       0.       0.       0.105728 0.       0.       0.       0.       0.       0.105728 0.105728 0.105728 0.       0.       0.105728 0.       0.105728 0.       0.       0.       0.       0.105728 0.       0.154175 0.       0.       0.      ],[0. 1. 0. 0. 0. 0. 0. 1. 0. 0. 0. 0. 0. 1. 1. 1. 0. 0. 1. 0. 1. 0. 0. 0. 0. 1. 0. 1. 0. 0. 0.],9.0,1000,100,0.01,0.0005,1,7,idID,,random,single_objective
560,0.18471970527404802,0.3879113810755008,0.003424091372,[0.       0.105728 0.       0.       0.       0.       0.       0.105728 0.       0.       0.       0.       0.       0.105728 0.105728 0.105728 0.       0.       0.105728 0.       0.105728 0.       0.       0.       0.       0.105728 0.       0.154175 0.       0.       0.      ],[0. 1. 0. 0. 0. 0. 0. 1. 0. 0. 0. 0. 0. 1. 1. 1. 0. 0. 1. 0. 1. 0. 0. 0. 0. 1. 0. 1. 0. 0. 0.],9.0,1000,100,0.01,0.0005,1,7,idID,,random,single_objective
561,0.18471970527404802,0.3879113810755008,0.003424091372,[0.       0.105728 0.       0.       0.       0.       0.       0.105728 0.       0.       0.       0.       0.       0.105728 0.105728 0.105728 0.       0.       0.105728 0.       0.105728 0.       0.       0.       0.       0.105728 0.       0.154175 0.       0.       0.      ],[0. 1. 0. 0. 0. 0. 0. 1. 0. 0. 0. 0. 0. 1. 1. 1. 0. 0. 1. 0. 1. 0. 0. 0. 0. 1. 0. 1. 0. 0. 0.],9.0,1000,100,0.01,0.0005,1,7,idID,,random,single_objective
562,0.18471970527404802,0.3879113810755008,0.003424091372,[0.       0.105728 0.       0.       0.       0.       0.       0.105728 0.       0.       0.       0.       0.       0.105728 0.105728 0.105728 0.       0.       0.105728 0.       0.105728 0.       0.       0.       0.       0.105728 0.       0.154175 0.       0.       0.      ],[0. 1. 0. 0. 0. 0. 0. 1. 0. 0. 0. 0. 0. 1. 1. 1. 0. 0. 1. 0. 1. 0. 0. 0. 0. 1. 0. 1. 0. 0. 0.],9.0,1000,100,0.01,0.0005,1,7,idID,,random,single_objective
563,0.18471970527404802,0.3879113810755008,0.003424091372,[0.       0.105728 0.       0.       0.       0.       0.       0.105728 0.       0.       0.       0.       0.       0.105728 0.105728 0.105728 0.       0.       0.105728 0.       0.105728 0.       0.       0.       0.       0.105728 0.       0.154175 0.       0.       0.      ],[0. 1. 0. 0. 0. 0. 0. 1. 0. 0. 0. 0. 0. 1. 1. 1. 0. 0. 1. 0. 1. 0. 0. 0. 0. 1. 0. 1. 0. 0. 0.],9.0,1000,100,0.01,0.0005,1,7,idID,,random,single_objective
564,0.18471970527404802,0.3879113810755008,0.003424091372,[0.       0.105728 0.       0.       0.       0.       0.       0.105728 0.       0.       0.       0.       0.       0.105728 0.105728 0.105728 0.       0.       0.105728 0.       0.105728 0.       0.       0.       0.       0.105728 0.       0.154175 0.       0.       0.      ],[0. 1. 0. 0. 0. 0. 0. 1. 0. 0. 0. 0. 0. 1. 1. 1. 0. 0. 1. 0. 1. 0. 0. 0. 0. 1. 0. 1. 0. 0. 0.],9.0,1000,100,0.01,0.0005,1,7,idID,,random,single_objective
565,0.18471970527404802,0.3879113810755008,0.003424091372,[0.       0.105728 0.       0.       0.       0.       0.       0.105728 0.       0.       0.       0.       0.       0.105728 0.105728 0.105728 0.       0.       0.105728 0.       0.105728 0.       0.       0.       0.       0.105728 0.       0.154175 0.       0.       0.      ],[0. 1. 0. 0. 0. 0. 0. 1. 0. 0. 0. 0. 0. 1. 1. 1. 0. 0. 1. 0. 1. 0. 0. 0. 0. 1. 0. 1. 0. 0. 0.],9.0,1000,100,0.01,0.0005,1,7,idID,,random,single_objective
566,0.18471970527404802,0.3879113810755008,0.003424091372,[0.       0.105728 0.       0.       0.       0.       0.       0.105728 0.       0.       0.       0.       0.       0.105728 0.105728 0.105728 0.       0.       0.105728 0.       0.105728 0.       0.       0.       0.       0.105728 0.       0.154175 0.       0.       0.      ],[0. 1. 0. 0. 0. 0. 0. 1. 0. 0. 0. 0. 0. 1. 1. 1. 0. 0. 1. 0. 1. 0. 0. 0. 0. 1. 0. 1. 0. 0. 0.],9.0,1000,100,0.01,0.0005,1,7,idID,,random,single_objective
567,0.18471970527404802,0.3879113810755008,0.003424091372,[0.       0.105728 0.       0.       0.       0.       0.       0.105728 0.       0.       0.       0.       0.       0.105728 0.105728 0.105728 0.       0.       0.105728 0.       0.105728 0.       0.       0.       0.       0.105728 0.       0.154175 0.       0.       0.      ],[0. 1. 0. 0. 0. 0. 0. 1. 0. 0. 0. 0. 0. 1. 1. 1. 0. 0. 1. 0. 1. 0. 0. 0. 0. 1. 0. 1. 0. 0. 0.],9.0,1000,100,0.01,0.0005,1,7,idID,,random,single_objective
568,0.18471970527404802,0.3879113810755008,0.003424091372,[0.       0.105728 0.       0.       0.       0.       0.       0.105728 0.       0.       0.       0.       0.       0.105728 0.105728 0.105728 0.       0.       0.105728 0.       0.105728 0.       0.       0.       0.       0.105728 0.       0.154175 0.       0.       0.      ],[0. 1. 0. 0. 0. 0. 0. 1. 0. 0. 0. 0. 0. 1. 1. 1. 0. 0. 1. 0. 1. 0. 0. 0. 0. 1. 0. 1. 0. 0. 0.],9.0,1000,100,0.01,0.0005,1,7,idID,,random,single_objective
569,0.18471970527404802,0.3879113810755008,0.003424091372,[0.       0.105728 0.       0.       0.       0.       0.       0.105728 0.       0.       0.       0.       0.       0.105728 0.105728 0.105728 0.       0.       0.105728 0.       0.105728 0.       0.       0.       0.       0.105728 0.       0.154175 0.       0.       0.      ],[0. 1. 0. 0. 0. 0. 0. 1. 0. 0. 0. 0. 0. 1. 1. 1. 0. 0. 1. 0. 1. 0. 0. 0. 0. 1. 0. 1. 0. 0. 0.],9.0,1000,100,0.01,0.0005,1,7,idID,,random,single_objective
570,0.18471970527404802,0.3879113810755008,0.003424091372,[0.       0.105728 0.       0.       0.       0.       0.       0.105728 0.       0.       0.       0.       0.       0.105728 0.105728 0.105728 0.       0.       0.105728 0.       0.105728 0.       0.       0.       0.       0.105728 0.       0.154175 0.       0.       0.      ],[0. 1. 0. 0. 0. 0. 0. 1. 0. 0. 0. 0. 0. 1. 1. 1. 0. 0. 1. 0. 1. 0. 0. 0. 0. 1. 0. 1. 0. 0. 0.],9.0,1000,100,0.01,0.0005,1,7,idID,,random,single_objective
571,0.18471970527404802,0.3879113810755008,0.003424091372,[0.       0.105728 0.       0.       0.       0.       0.       0.105728 0.       0.       0.       0.       0.       0.105728 0.105728 0.105728 0.       0.       0.105728 0.       0.105728 0.       0.       0.       0.       0.105728 0.       0.154175 0.       0.       0.      ],[0. 1. 0. 0. 0. 0. 0. 1. 0. 0. 0. 0. 0. 1. 1. 1. 0. 0. 1. 0. 1. 0. 0. 0. 0. 1. 0. 1. 0. 0. 0.],9.0,1000,100,0.01,0.0005,1,7,idID,,random,single_objective
572,0.18471970527404802,0.3879113810755008,0.003424091372,[0.       0.105728 0.       0.       0.       0.       0.       0.105728 0.       0.       0.       0.       0.       0.105728 0.105728 0.105728 0.       0.       0.105728 0.       0.105728 0.       0.       0.       0.       0.105728 0.       0.154175 0.       0.       0.      ],[0. 1. 0. 0. 0. 0. 0. 1. 0. 0. 0. 0. 0. 1. 1. 1. 0. 0. 1. 0. 1. 0. 0. 0. 0. 1. 0. 1. 0. 0. 0.],9.0,1000,100,0.01,0.0005,1,7,idID,,random,single_objective
573,0.18471970527404802,0.3879113810755008,0.003424091372,[0.       0.105728 0.       0.       0.       0.       0.       0.105728 0.       0.       0.       0.       0.       0.105728 0.105728 0.105728 0.       0.       0.105728 0.       0.105728 0.       0.       0.       0.       0.105728 0.       0.154175 0.       0.       0.      ],[0. 1. 0. 0. 0. 0. 0. 1. 0. 0. 0. 0. 0. 1. 1. 1. 0. 0. 1. 0. 1. 0. 0. 0. 0. 1. 0. 1. 0. 0. 0.],9.0,1000,100,0.01,0.0005,1,7,idID,,random,single_objective
574,0.18471970527404802,0.3879113810755008,0.003424091372,[0.       0.105728 0.       0.       0.       0.       0.       0.105728 0.       0.       0.       0.       0.       0.105728 0.105728 0.105728 0.       0.       0.105728 0.       0.105728 0.       0.       0.       0.       0.105728 0.       0.154175 0.       0.       0.      ],[0. 1. 0. 0. 0. 0. 0. 1. 0. 0. 0. 0. 0. 1. 1. 1. 0. 0. 1. 0. 1. 0. 0. 0. 0. 1. 0. 1. 0. 0. 0.],9.0,1000,100,0.01,0.0005,1,7,idID,,random,single_objective
575,0.18471970527404802,0.3879113810755008,0.003424091372,[0.       0.105728 0.       0.       0.       0.       0.       0.105728 0.       0.       0.       0.       0.       0.105728 0.105728 0.105728 0.       0.       0.105728 0.       0.105728 0.       0.       0.       0.       0.105728 0.       0.154175 0.       0.       0.      ],[0. 1. 0. 0. 0. 0. 0. 1. 0. 0. 0. 0. 0. 1. 1. 1. 0. 0. 1. 0. 1. 0. 0. 0. 0. 1. 0. 1. 0. 0. 0.],9.0,1000,100,0.01,0.0005,1,7,idID,,random,single_objective
576,0.18471970527404802,0.3879113810755008,0.003424091372,[0.       0.105728 0.       0.       0.       0.       0.       0.105728 0.       0.       0.       0.       0.       0.105728 0.105728 0.105728 0.       0.       0.105728 0.       0.105728 0.       0.       0.       0.       0.105728 0.       0.154175 0.       0.       0.      ],[0. 1. 0. 0. 0. 0. 0. 1. 0. 0. 0. 0. 0. 1. 1. 1. 0. 0. 1. 0. 1. 0. 0. 0. 0. 1. 0. 1. 0. 0. 0.],9.0,1000,100,0.01,0.0005,1,7,idID,,random,single_objective
577,0.18471970527404802,0.3879113810755008,0.003424091372,[0.       0.105728 0.       0.       0.       0.       0.       0.105728 0.       0.       0.       0.       0.       0.105728 0.105728 0.105728 0.       0.       0.105728 0.       0.105728 0.       0.       0.       0.       0.105728 0.       0.154175 0.       0.       0.      ],[0. 1. 0. 0. 0. 0. 0. 1. 0. 0. 0. 0. 0. 1. 1. 1. 0. 0. 1. 0. 1. 0. 0. 0. 0. 1. 0. 1. 0. 0. 0.],9.0,1000,100,0.01,0.0005,1,7,idID,,random,single_objective
578,0.18471970527404802,0.3879113810755008,0.003424091372,[0.       0.105728 0.       0.       0.       0.       0.       0.105728 0.       0.       0.       0.       0.       0.105728 0.105728 0.105728 0.       0.       0.105728 0.       0.105728 0.       0.       0.       0.       0.105728 0.       0.154175 0.       0.       0.      ],[0. 1. 0. 0. 0. 0. 0. 1. 0. 0. 0. 0. 0. 1. 1. 1. 0. 0. 1. 0. 1. 0. 0. 0. 0. 1. 0. 1. 0. 0. 0.],9.0,1000,100,0.01,0.0005,1,7,idID,,random,single_objective
579,0.18471970527404802,0.3879113810755008,0.003424091372,[0.       0.105728 0.       0.       0.       0.       0.       0.105728 0.       0.       0.       0.       0.       0.105728 0.105728 0.105728 0.       0.       0.105728 0.       0.105728 0.       0.       0.       0.       0.105728 0.       0.154175 0.       0.       0.      ],[0. 1. 0. 0. 0. 0. 0. 1. 0. 0. 0. 0. 0. 1. 1. 1. 0. 0. 1. 0. 1. 0. 0. 0. 0. 1. 0. 1. 0. 0. 0.],9.0,1000,100,0.01,0.0005,1,7,idID,,random,single_objective
580,0.18471970527404802,0.3879113810755008,0.003424091372,[0.       0.105728 0.       0.       0.       0.       0.       0.105728 0.       0.       0.       0.       0.       0.105728 0.105728 0.105728 0.       0.       0.105728 0.       0.105728 0.       0.       0.       0.       0.105728 0.       0.154175 0.       0.       0.      ],[0. 1. 0. 0. 0. 0. 0. 1. 0. 0. 0. 0. 0. 1. 1. 1. 0. 0. 1. 0. 1. 0. 0. 0. 0. 1. 0. 1. 0. 0. 0.],9.0,1000,100,0.01,0.0005,1,7,idID,,random,single_objective
581,0.18471970527404802,0.3879113810755008,0.003424091372,[0.       0.105728 0.       0.       0.       0.       0.       0.105728 0.       0.       0.       0.       0.       0.105728 0.105728 0.105728 0.       0.       0.105728 0.       0.105728 0.       0.       0.       0.       0.105728 0.       0.154175 0.       0.       0.      ],[0. 1. 0. 0. 0. 0. 0. 1. 0. 0. 0. 0. 0. 1. 1. 1. 0. 0. 1. 0. 1. 0. 0. 0. 0. 1. 0. 1. 0. 0. 0.],9.0,1000,100,0.01,0.0005,1,7,idID,,random,single_objective
582,0.18471970527404802,0.3879113810755008,0.003424091372,[0.       0.105728 0.       0.       0.       0.       0.       0.105728 0.       0.       0.       0.       0.       0.105728 0.105728 0.105728 0.       0.       0.105728 0.       0.105728 0.       0.       0.       0.       0.105728 0.       0.154175 0.       0.       0.      ],[0. 1. 0. 0. 0. 0. 0. 1. 0. 0. 0. 0. 0. 1. 1. 1. 0. 0. 1. 0. 1. 0. 0. 0. 0. 1. 0. 1. 0. 0. 0.],9.0,1000,100,0.01,0.0005,1,7,idID,,random,single_objective
583,0.18471970527404802,0.3879113810755008,0.003424091372,[0.       0.105728 0.       0.       0.       0.       0.       0.105728 0.       0.       0.       0.       0.       0.105728 0.105728 0.105728 0.       0.       0.105728 0.       0.105728 0.       0.       0.       0.       0.105728 0.       0.154175 0.       0.       0.      ],[0. 1. 0. 0. 0. 0. 0. 1. 0. 0. 0. 0. 0. 1. 1. 1. 0. 0. 1. 0. 1. 0. 0. 0. 0. 1. 0. 1. 0. 0. 0.],9.0,1000,100,0.01,0.0005,1,7,idID,,random,single_objective
584,0.18471970527404802,0.3879113810755008,0.003424091372,[0.       0.105728 0.       0.       0.       0.       0.       0.105728 0.       0.       0.       0.       0.       0.105728 0.105728 0.105728 0.       0.       0.105728 0.       0.105728 0.       0.       0.       0.       0.105728 0.       0.154175 0.       0.       0.      ],[0. 1. 0. 0. 0. 0. 0. 1. 0. 0. 0. 0. 0. 1. 1. 1. 0. 0. 1. 0. 1. 0. 0. 0. 0. 1. 0. 1. 0. 0. 0.],9.0,1000,100,0.01,0.0005,1,7,idID,,random,single_objective
585,0.18471970527404802,0.3879113810755008,0.003424091372,[0.       0.105728 0.       0.       0.       0.       0.       0.105728 0.       0.       0.       0.       0.       0.105728 0.105728 0.105728 0.       0.       0.105728 0.       0.105728 0.       0.       0.       0.       0.105728 0.       0.154175 0.       0.       0.      ],[0. 1. 0. 0. 0. 0. 0. 1. 0. 0. 0. 0. 0. 1. 1. 1. 0. 0. 1. 0. 1. 0. 0. 0. 0. 1. 0. 1. 0. 0. 0.],9.0,1000,100,0.01,0.0005,1,7,idID,,random,single_objective
586,0.18471970527404802,0.3879113810755008,0.003424091372,[0.       0.105728 0.       0.       0.       0.       0.       0.105728 0.       0.       0.       0.       0.       0.105728 0.105728 0.105728 0.       0.       0.105728 0.       0.105728 0.       0.       0.       0.       0.105728 0.       0.154175 0.       0.       0.      ],[0. 1. 0. 0. 0. 0. 0. 1. 0. 0. 0. 0. 0. 1. 1. 1. 0. 0. 1. 0. 1. 0. 0. 0. 0. 1. 0. 1. 0. 0. 0.],9.0,1000,100,0.01,0.0005,1,7,idID,,random,single_objective
587,0.18471970527404802,0.3879113810755008,0.003424091372,[0.       0.105728 0.       0.       0.       0.       0.       0.105728 0.       0.       0.       0.       0.       0.105728 0.105728 0.105728 0.       0.       0.105728 0.       0.105728 0.       0.       0.       0.       0.105728 0.       0.154175 0.       0.       0.      ],[0. 1. 0. 0. 0. 0. 0. 1. 0. 0. 0. 0. 0. 1. 1. 1. 0. 0. 1. 0. 1. 0. 0. 0. 0. 1. 0. 1. 0. 0. 0.],9.0,1000,100,0.01,0.0005,1,7,idID,,random,single_objective
588,0.18471970527404802,0.3879113810755008,0.003424091372,[0.       0.105728 0.       0.       0.       0.       0.       0.105728 0.       0.       0.       0.       0.       0.105728 0.105728 0.105728 0.       0.       0.105728 0.       0.105728 0.       0.       0.       0.       0.105728 0.       0.154175 0.       0.       0.      ],[0. 1. 0. 0. 0. 0. 0. 1. 0. 0. 0. 0. 0. 1. 1. 1. 0. 0. 1. 0. 1. 0. 0. 0. 0. 1. 0. 1. 0. 0. 0.],9.0,1000,100,0.01,0.0005,1,7,idID,,random,single_objective
589,0.18471970527404802,0.3879113810755008,0.003424091372,[0.       0.105728 0.       0.       0.       0.       0.       0.105728 0.       0.       0.       0.       0.       0.105728 0.105728 0.105728 0.       0.       0.105728 0.       0.105728 0.       0.       0.       0.       0.105728 0.       0.154175 0.       0.       0.      ],[0. 1. 0. 0. 0. 0. 0. 1. 0. 0. 0. 0. 0. 1. 1. 1. 0. 0. 1. 0. 1. 0. 0. 0. 0. 1. 0. 1. 0. 0. 0.],9.0,1000,100,0.01,0.0005,1,7,idID,,random,single_objective
590,0.18471970527404802,0.3879113810755008,0.003424091372,[0.       0.105728 0.       0.       0.       0.       0.       0.105728 0.       0.       0.       0.       0.       0.105728 0.105728 0.105728 0.       0.       0.105728 0.       0.105728 0.       0.       0.       0.       0.105728 0.       0.154175 0.       0.       0.      ],[0. 1. 0. 0. 0. 0. 0. 1. 0. 0. 0. 0. 0. 1. 1. 1. 0. 0. 1. 0. 1. 0. 0. 0. 0. 1. 0. 1. 0. 0. 0.],9.0,1000,100,0.01,0.0005,1,7,idID,,random,single_objective
591,0.18471970527404802,0.3879113810755008,0.003424091372,[0.       0.105728 0.       0.       0.       0.       0.       0.105728 0.       0.       0.       0.       0.       0.105728 0.105728 0.105728 0.       0.       0.105728 0.       0.105728 0.       0.       0.       0.       0.105728 0.       0.154175 0.       0.       0.      ],[0. 1. 0. 0. 0. 0. 0. 1. 0. 0. 0. 0. 0. 1. 1. 1. 0. 0. 1. 0. 1. 0. 0. 0. 0. 1. 0. 1. 0. 0. 0.],9.0,1000,100,0.01,0.0005,1,7,idID,,random,single_objective
592,0.18471970527404802,0.3879113810755008,0.003424091372,[0.       0.105728 0.       0.       0.       0.       0.       0.105728 0.       0.       0.       0.       0.       0.105728 0.105728 0.105728 0.       0.       0.105728 0.       0.105728 0.       0.       0.       0.       0.105728 0.       0.154175 0.       0.       0.      ],[0. 1. 0. 0. 0. 0. 0. 1. 0. 0. 0. 0. 0. 1. 1. 1. 0. 0. 1. 0. 1. 0. 0. 0. 0. 1. 0. 1. 0. 0. 0.],9.0,1000,100,0.01,0.0005,1,7,idID,,random,single_objective
593,0.18471970527404802,0.3879113810755008,0.003424091372,[0.       0.105728 0.       0.       0.       0.       0.       0.105728 0.       0.       0.       0.       0.       0.105728 0.105728 0.105728 0.       0.       0.105728 0.       0.105728 0.       0.       0.       0.       0.105728 0.       0.154175 0.       0.       0.      ],[0. 1. 0. 0. 0. 0. 0. 1. 0. 0. 0. 0. 0. 1. 1. 1. 0. 0. 1. 0. 1. 0. 0. 0. 0. 1. 0. 1. 0. 0. 0.],9.0,1000,100,0.01,0.0005,1,7,idID,,random,single_objective
594,0.18471970527404802,0.3879113810755008,0.003424091372,[0.       0.105728 0.       0.       0.       0.       0.       0.105728 0.       0.       0.       0.       0.       0.105728 0.105728 0.105728 0.       0.       0.105728 0.       0.105728 0.       0.       0.       0.       0.105728 0.       0.154175 0.       0.       0.      ],[0. 1. 0. 0. 0. 0. 0. 1. 0. 0. 0. 0. 0. 1. 1. 1. 0. 0. 1. 0. 1. 0. 0. 0. 0. 1. 0. 1. 0. 0. 0.],9.0,1000,100,0.01,0.0005,1,7,idID,,random,single_objective
595,0.18471970527404802,0.3879113810755008,0.003424091372,[0.       0.105728 0.       0.       0.       0.       0.       0.105728 0.       0.       0.       0.       0.       0.105728 0.105728 0.105728 0.       0.       0.105728 0.       0.105728 0.       0.       0.       0.       0.105728 0.       0.154175 0.       0.       0.      ],[0. 1. 0. 0. 0. 0. 0. 1. 0. 0. 0. 0. 0. 1. 1. 1. 0. 0. 1. 0. 1. 0. 0. 0. 0. 1. 0. 1. 0. 0. 0.],9.0,1000,100,0.01,0.0005,1,7,idID,,random,single_objective
596,0.18471970527404802,0.3879113810755008,0.003424091372,[0.       0.105728 0.       0.       0.       0.       0.       0.105728 0.       0.       0.       0.       0.       0.105728 0.105728 0.105728 0.       0.       0.105728 0.       0.105728 0.       0.       0.       0.       0.105728 0.       0.154175 0.       0.       0.      ],[0. 1. 0. 0. 0. 0. 0. 1. 0. 0. 0. 0. 0. 1. 1. 1. 0. 0. 1. 0. 1. 0. 0. 0. 0. 1. 0. 1. 0. 0. 0.],9.0,1000,100,0.01,0.0005,1,7,idID,,random,single_objective
597,0.18471970527404802,0.3879113810755008,0.003424091372,[0.       0.105728 0.       0.       0.       0.       0.       0.105728 0.       0.       0.       0.       0.       0.105728 0.105728 0.105728 0.       0.       0.105728 0.       0.105728 0.       0.       0.       0.       0.105728 0.       0.154175 0.       0.       0.      ],[0. 1. 0. 0. 0. 0. 0. 1. 0. 0. 0. 0. 0. 1. 1. 1. 0. 0. 1. 0. 1. 0. 0. 0. 0. 1. 0. 1. 0. 0. 0.],9.0,1000,100,0.01,0.0005,1,7,idID,,random,single_objective
598,0.18471970527404802,0.3879113810755008,0.003424091372,[0.       0.105728 0.       0.       0.       0.       0.       0.105728 0.       0.       0.       0.       0.       0.105728 0.105728 0.105728 0.       0.       0.105728 0.       0.105728 0.       0.       0.       0.       0.105728 0.       0.154175 0.       0.       0.      ],[0. 1. 0. 0. 0. 0. 0. 1. 0. 0. 0. 0. 0. 1. 1. 1. 0. 0. 1. 0. 1. 0. 0. 0. 0. 1. 0. 1. 0. 0. 0.],9.0,1000,100,0.01,0.0005,1,7,idID,,random,single_objective
599,0.18471970527404802,0.3879113810755008,0.003424091372,[0.       0.105728 0.       0.       0.       0.       0.       0.105728 0.       0.       0.       0.       0.       0.105728 0.105728 0.105728 0.       0.       0.105728 0.       0.105728 0.       0.       0.       0.       0.105728 0.       0.154175 0.       0.       0.      ],[0. 1. 0. 0. 0. 0. 0. 1. 0. 0. 0. 0. 0. 1. 1. 1. 0. 0. 1. 0. 1. 0. 0. 0. 0. 1. 0. 1. 0. 0. 0.],9.0,1000,100,0.01,0.0005,1,7,idID,,random,single_objective
600,0.18471970527404802,0.3879113810755008,0.003424091372,[0.       0.105728 0.       0.       0.       0.       0.       0.105728 0.       0.       0.       0.       0.       0.105728 0.105728 0.105728 0.       0.       0.105728 0.       0.105728 0.       0.       0.       0.       0.105728 0.       0.154175 0.       0.       0.      ],[0. 1. 0. 0. 0. 0. 0. 1. 0. 0. 0. 0. 0. 1. 1. 1. 0. 0. 1. 0. 1. 0. 0. 0. 0. 1. 0. 1. 0. 0. 0.],9.0,1000,100,0.01,0.0005,1,7,idID,,random,single_objective
601,0.18471970527404802,0.3879113810755008,0.003424091372,[0.       0.105728 0.       0.       0.       0.       0.       0.105728 0.       0.       0.       0.       0.       0.105728 0.105728 0.105728 0.       0.       0.105728 0.       0.105728 0.       0.       0.       0.       0.105728 0.       0.154175 0.       0.       0.      ],[0. 1. 0. 0. 0. 0. 0. 1. 0. 0. 0. 0. 0. 1. 1. 1. 0. 0. 1. 0. 1. 0. 0. 0. 0. 1. 0. 1. 0. 0. 0.],9.0,1000,100,0.01,0.0005,1,7,idID,,random,single_objective
602,0.18471970527404802,0.3879113810755008,0.003424091372,[0.       0.105728 0.       0.       0.       0.       0.       0.105728 0.       0.       0.       0.       0.       0.105728 0.105728 0.105728 0.       0.       0.105728 0.       0.105728 0.       0.       0.       0.       0.105728 0.       0.154175 0.       0.       0.      ],[0. 1. 0. 0. 0. 0. 0. 1. 0. 0. 0. 0. 0. 1. 1. 1. 0. 0. 1. 0. 1. 0. 0. 0. 0. 1. 0. 1. 0. 0. 0.],9.0,1000,100,0.01,0.0005,1,7,idID,,random,single_objective
603,0.18471970527404802,0.3879113810755008,0.003424091372,[0.       0.105728 0.       0.       0.       0.       0.       0.105728 0.       0.       0.       0.       0.       0.105728 0.105728 0.105728 0.       0.       0.105728 0.       0.105728 0.       0.       0.       0.       0.105728 0.       0.154175 0.       0.       0.      ],[0. 1. 0. 0. 0. 0. 0. 1. 0. 0. 0. 0. 0. 1. 1. 1. 0. 0. 1. 0. 1. 0. 0. 0. 0. 1. 0. 1. 0. 0. 0.],9.0,1000,100,0.01,0.0005,1,7,idID,,random,single_objective
604,0.18471970527404802,0.3879113810755008,0.003424091372,[0.       0.105728 0.       0.       0.       0.       0.       0.105728 0.       0.       0.       0.       0.       0.105728 0.105728 0.105728 0.       0.       0.105728 0.       0.105728 0.       0.       0.       0.       0.105728 0.       0.154175 0.       0.       0.      ],[0. 1. 0. 0. 0. 0. 0. 1. 0. 0. 0. 0. 0. 1. 1. 1. 0. 0. 1. 0. 1. 0. 0. 0. 0. 1. 0. 1. 0. 0. 0.],9.0,1000,100,0.01,0.0005,1,7,idID,,random,single_objective
605,0.18471970527404802,0.3879113810755008,0.003424091372,[0.       0.105728 0.       0.       0.       0.       0.       0.105728 0.       0.       0.       0.       0.       0.105728 0.105728 0.105728 0.       0.       0.105728 0.       0.105728 0.       0.       0.       0.       0.105728 0.       0.154175 0.       0.       0.      ],[0. 1. 0. 0. 0. 0. 0. 1. 0. 0. 0. 0. 0. 1. 1. 1. 0. 0. 1. 0. 1. 0. 0. 0. 0. 1. 0. 1. 0. 0. 0.],9.0,1000,100,0.01,0.0005,1,7,idID,,random,single_objective
606,0.18471970527404802,0.3879113810755008,0.003424091372,[0.       0.105728 0.       0.       0.       0.       0.       0.105728 0.       0.       0.       0.       0.       0.105728 0.105728 0.105728 0.       0.       0.105728 0.       0.105728 0.       0.       0.       0.       0.105728 0.       0.154175 0.       0.       0.      ],[0. 1. 0. 0. 0. 0. 0. 1. 0. 0. 0. 0. 0. 1. 1. 1. 0. 0. 1. 0. 1. 0. 0. 0. 0. 1. 0. 1. 0. 0. 0.],9.0,1000,100,0.01,0.0005,1,7,idID,,random,single_objective
607,0.18471970527404802,0.3879113810755008,0.003424091372,[0.       0.105728 0.       0.       0.       0.       0.       0.105728 0.       0.       0.       0.       0.       0.105728 0.105728 0.105728 0.       0.       0.105728 0.       0.105728 0.       0.       0.       0.       0.105728 0.       0.154175 0.       0.       0.      ],[0. 1. 0. 0. 0. 0. 0. 1. 0. 0. 0. 0. 0. 1. 1. 1. 0. 0. 1. 0. 1. 0. 0. 0. 0. 1. 0. 1. 0. 0. 0.],9.0,1000,100,0.01,0.0005,1,7,idID,,random,single_objective
608,0.18471970527404802,0.3879113810755008,0.003424091372,[0.       0.105728 0.       0.       0.       0.       0.       0.105728 0.       0.       0.       0.       0.       0.105728 0.105728 0.105728 0.       0.       0.105728 0.       0.105728 0.       0.       0.       0.       0.105728 0.       0.154175 0.       0.       0.      ],[0. 1. 0. 0. 0. 0. 0. 1. 0. 0. 0. 0. 0. 1. 1. 1. 0. 0. 1. 0. 1. 0. 0. 0. 0. 1. 0. 1. 0. 0. 0.],9.0,1000,100,0.01,0.0005,1,7,idID,,random,single_objective
609,0.18471970527404802,0.3879113810755008,0.003424091372,[0.       0.105728 0.       0.       0.       0.       0.       0.105728 0.       0.       0.       0.       0.       0.105728 0.105728 0.105728 0.       0.       0.105728 0.       0.105728 0.       0.       0.       0.       0.105728 0.       0.154175 0.       0.       0.      ],[0. 1. 0. 0. 0. 0. 0. 1. 0. 0. 0. 0. 0. 1. 1. 1. 0. 0. 1. 0. 1. 0. 0. 0. 0. 1. 0. 1. 0. 0. 0.],9.0,1000,100,0.01,0.0005,1,7,idID,,random,single_objective
610,0.18471970527404802,0.3879113810755008,0.003424091372,[0.       0.105728 0.       0.       0.       0.       0.       0.105728 0.       0.       0.       0.       0.       0.105728 0.105728 0.105728 0.       0.       0.105728 0.       0.105728 0.       0.       0.       0.       0.105728 0.       0.154175 0.       0.       0.      ],[0. 1. 0. 0. 0. 0. 0. 1. 0. 0. 0. 0. 0. 1. 1. 1. 0. 0. 1. 0. 1. 0. 0. 0. 0. 1. 0. 1. 0. 0. 0.],9.0,1000,100,0.01,0.0005,1,7,idID,,random,single_objective
611,0.18471970527404802,0.3879113810755008,0.003424091372,[0.       0.105728 0.       0.       0.       0.       0.       0.105728 0.       0.       0.       0.       0.       0.105728 0.105728 0.105728 0.       0.       0.105728 0.       0.105728 0.       0.       0.       0.       0.105728 0.       0.154175 0.       0.       0.      ],[0. 1. 0. 0. 0. 0. 0. 1. 0. 0. 0. 0. 0. 1. 1. 1. 0. 0. 1. 0. 1. 0. 0. 0. 0. 1. 0. 1. 0. 0. 0.],9.0,1000,100,0.01,0.0005,1,7,idID,,random,single_objective
612,0.18471970527404802,0.3879113810755008,0.003424091372,[0.       0.105728 0.       0.       0.       0.       0.       0.105728 0.       0.       0.       0.       0.       0.105728 0.105728 0.105728 0.       0.       0.105728 0.       0.105728 0.       0.       0.       0.       0.105728 0.       0.154175 0.       0.       0.      ],[0. 1. 0. 0. 0. 0. 0. 1. 0. 0. 0. 0. 0. 1. 1. 1. 0. 0. 1. 0. 1. 0. 0. 0. 0. 1. 0. 1. 0. 0. 0.],9.0,1000,100,0.01,0.0005,1,7,idID,,random,single_objective
613,0.18471970527404802,0.3879113810755008,0.003424091372,[0.       0.105728 0.       0.       0.       0.       0.       0.105728 0.       0.       0.       0.       0.       0.105728 0.105728 0.105728 0.       0.       0.105728 0.       0.105728 0.       0.       0.       0.       0.105728 0.       0.154175 0.       0.       0.      ],[0. 1. 0. 0. 0. 0. 0. 1. 0. 0. 0. 0. 0. 1. 1. 1. 0. 0. 1. 0. 1. 0. 0. 0. 0. 1. 0. 1. 0. 0. 0.],9.0,1000,100,0.01,0.0005,1,7,idID,,random,single_objective
614,0.18471970527404802,0.3879113810755008,0.003424091372,[0.       0.105728 0.       0.       0.       0.       0.       0.105728 0.       0.       0.       0.       0.       0.105728 0.105728 0.105728 0.       0.       0.105728 0.       0.105728 0.       0.       0.       0.       0.105728 0.       0.154175 0.       0.       0.      ],[0. 1. 0. 0. 0. 0. 0. 1. 0. 0. 0. 0. 0. 1. 1. 1. 0. 0. 1. 0. 1. 0. 0. 0. 0. 1. 0. 1. 0. 0. 0.],9.0,1000,100,0.01,0.0005,1,7,idID,,random,single_objective
615,0.18471970527404802,0.3879113810755008,0.003424091372,[0.       0.105728 0.       0.       0.       0.       0.       0.105728 0.       0.       0.       0.       0.       0.105728 0.105728 0.105728 0.       0.       0.105728 0.       0.105728 0.       0.       0.       0.       0.105728 0.       0.154175 0.       0.       0.      ],[0. 1. 0. 0. 0. 0. 0. 1. 0. 0. 0. 0. 0. 1. 1. 1. 0. 0. 1. 0. 1. 0. 0. 0. 0. 1. 0. 1. 0. 0. 0.],9.0,1000,100,0.01,0.0005,1,7,idID,,random,single_objective
616,0.18471970527404802,0.3879113810755008,0.003424091372,[0.       0.105728 0.       0.       0.       0.       0.       0.105728 0.       0.       0.       0.       0.       0.105728 0.105728 0.105728 0.       0.       0.105728 0.       0.105728 0.       0.       0.       0.       0.105728 0.       0.154175 0.       0.       0.      ],[0. 1. 0. 0. 0. 0. 0. 1. 0. 0. 0. 0. 0. 1. 1. 1. 0. 0. 1. 0. 1. 0. 0. 0. 0. 1. 0. 1. 0. 0. 0.],9.0,1000,100,0.01,0.0005,1,7,idID,,random,single_objective
617,0.18471970527404802,0.3879113810755008,0.003424091372,[0.       0.105728 0.       0.       0.       0.       0.       0.105728 0.       0.       0.       0.       0.       0.105728 0.105728 0.105728 0.       0.       0.105728 0.       0.105728 0.       0.       0.       0.       0.105728 0.       0.154175 0.       0.       0.      ],[0. 1. 0. 0. 0. 0. 0. 1. 0. 0. 0. 0. 0. 1. 1. 1. 0. 0. 1. 0. 1. 0. 0. 0. 0. 1. 0. 1. 0. 0. 0.],9.0,1000,100,0.01,0.0005,1,7,idID,,random,single_objective
618,0.18471970527404802,0.3879113810755008,0.003424091372,[0.       0.105728 0.       0.       0.       0.       0.       0.105728 0.       0.       0.       0.       0.       0.105728 0.105728 0.105728 0.       0.       0.105728 0.       0.105728 0.       0.       0.       0.       0.105728 0.       0.154175 0.       0.       0.      ],[0. 1. 0. 0. 0. 0. 0. 1. 0. 0. 0. 0. 0. 1. 1. 1. 0. 0. 1. 0. 1. 0. 0. 0. 0. 1. 0. 1. 0. 0. 0.],9.0,1000,100,0.01,0.0005,1,7,idID,,random,single_objective
619,0.18471970527404802,0.3879113810755008,0.003424091372,[0.       0.105728 0.       0.       0.       0.       0.       0.105728 0.       0.       0.       0.       0.       0.105728 0.105728 0.105728 0.       0.       0.105728 0.       0.105728 0.       0.       0.       0.       0.105728 0.       0.154175 0.       0.       0.      ],[0. 1. 0. 0. 0. 0. 0. 1. 0. 0. 0. 0. 0. 1. 1. 1. 0. 0. 1. 0. 1. 0. 0. 0. 0. 1. 0. 1. 0. 0. 0.],9.0,1000,100,0.01,0.0005,1,7,idID,,random,single_objective
620,0.18471970527404802,0.3879113810755008,0.003424091372,[0.       0.105728 0.       0.       0.       0.       0.       0.105728 0.       0.       0.       0.       0.       0.105728 0.105728 0.105728 0.       0.       0.105728 0.       0.105728 0.       0.       0.       0.       0.105728 0.       0.154175 0.       0.       0.      ],[0. 1. 0. 0. 0. 0. 0. 1. 0. 0. 0. 0. 0. 1. 1. 1. 0. 0. 1. 0. 1. 0. 0. 0. 0. 1. 0. 1. 0. 0. 0.],9.0,1000,100,0.01,0.0005,1,7,idID,,random,single_objective
621,0.18471970527404802,0.3879113810755008,0.003424091372,[0.       0.105728 0.       0.       0.       0.       0.       0.105728 0.       0.       0.       0.       0.       0.105728 0.105728 0.105728 0.       0.       0.105728 0.       0.105728 0.       0.       0.       0.       0.105728 0.       0.154175 0.       0.       0.      ],[0. 1. 0. 0. 0. 0. 0. 1. 0. 0. 0. 0. 0. 1. 1. 1. 0. 0. 1. 0. 1. 0. 0. 0. 0. 1. 0. 1. 0. 0. 0.],9.0,1000,100,0.01,0.0005,1,7,idID,,random,single_objective
622,0.18471970527404802,0.3879113810755008,0.003424091372,[0.       0.105728 0.       0.       0.       0.       0.       0.105728 0.       0.       0.       0.       0.       0.105728 0.105728 0.105728 0.       0.       0.105728 0.       0.105728 0.       0.       0.       0.       0.105728 0.       0.154175 0.       0.       0.      ],[0. 1. 0. 0. 0. 0. 0. 1. 0. 0. 0. 0. 0. 1. 1. 1. 0. 0. 1. 0. 1. 0. 0. 0. 0. 1. 0. 1. 0. 0. 0.],9.0,1000,100,0.01,0.0005,1,7,idID,,random,single_objective
623,0.18471970527404802,0.3879113810755008,0.003424091372,[0.       0.105728 0.       0.       0.       0.       0.       0.105728 0.       0.       0.       0.       0.       0.105728 0.105728 0.105728 0.       0.       0.105728 0.       0.105728 0.       0.       0.       0.       0.105728 0.       0.154175 0.       0.       0.      ],[0. 1. 0. 0. 0. 0. 0. 1. 0. 0. 0. 0. 0. 1. 1. 1. 0. 0. 1. 0. 1. 0. 0. 0. 0. 1. 0. 1. 0. 0. 0.],9.0,1000,100,0.01,0.0005,1,7,idID,,random,single_objective
624,0.18471970527404802,0.3879113810755008,0.003424091372,[0.       0.105728 0.       0.       0.       0.       0.       0.105728 0.       0.       0.       0.       0.       0.105728 0.105728 0.105728 0.       0.       0.105728 0.       0.105728 0.       0.       0.       0.       0.105728 0.       0.154175 0.       0.       0.      ],[0. 1. 0. 0. 0. 0. 0. 1. 0. 0. 0. 0. 0. 1. 1. 1. 0. 0. 1. 0. 1. 0. 0. 0. 0. 1. 0. 1. 0. 0. 0.],9.0,1000,100,0.01,0.0005,1,7,idID,,random,single_objective
625,0.18471970527404802,0.3879113810755008,0.003424091372,[0.       0.105728 0.       0.       0.       0.       0.       0.105728 0.       0.       0.       0.       0.       0.105728 0.105728 0.105728 0.       0.       0.105728 0.       0.105728 0.       0.       0.       0.       0.105728 0.       0.154175 0.       0.       0.      ],[0. 1. 0. 0. 0. 0. 0. 1. 0. 0. 0. 0. 0. 1. 1. 1. 0. 0. 1. 0. 1. 0. 0. 0. 0. 1. 0. 1. 0. 0. 0.],9.0,1000,100,0.01,0.0005,1,7,idID,,random,single_objective
626,0.18471970527404802,0.3879113810755008,0.003424091372,[0.       0.105728 0.       0.       0.       0.       0.       0.105728 0.       0.       0.       0.       0.       0.105728 0.105728 0.105728 0.       0.       0.105728 0.       0.105728 0.       0.       0.       0.       0.105728 0.       0.154175 0.       0.       0.      ],[0. 1. 0. 0. 0. 0. 0. 1. 0. 0. 0. 0. 0. 1. 1. 1. 0. 0. 1. 0. 1. 0. 0. 0. 0. 1. 0. 1. 0. 0. 0.],9.0,1000,100,0.01,0.0005,1,7,idID,,random,single_objective
627,0.18471970527404802,0.3879113810755008,0.003424091372,[0.       0.105728 0.       0.       0.       0.       0.       0.105728 0.       0.       0.       0.       0.       0.105728 0.105728 0.105728 0.       0.       0.105728 0.       0.105728 0.       0.       0.       0.       0.105728 0.       0.154175 0.       0.       0.      ],[0. 1. 0. 0. 0. 0. 0. 1. 0. 0. 0. 0. 0. 1. 1. 1. 0. 0. 1. 0. 1. 0. 0. 0. 0. 1. 0. 1. 0. 0. 0.],9.0,1000,100,0.01,0.0005,1,7,idID,,random,single_objective
628,0.18471970527404802,0.3879113810755008,0.003424091372,[0.       0.105728 0.       0.       0.       0.       0.       0.105728 0.       0.       0.       0.       0.       0.105728 0.105728 0.105728 0.       0.       0.105728 0.       0.105728 0.       0.       0.       0.       0.105728 0.       0.154175 0.       0.       0.      ],[0. 1. 0. 0. 0. 0. 0. 1. 0. 0. 0. 0. 0. 1. 1. 1. 0. 0. 1. 0. 1. 0. 0. 0. 0. 1. 0. 1. 0. 0. 0.],9.0,1000,100,0.01,0.0005,1,7,idID,,random,single_objective
629,0.18471970527404802,0.3879113810755008,0.003424091372,[0.       0.105728 0.       0.       0.       0.       0.       0.105728 0.       0.       0.       0.       0.       0.105728 0.105728 0.105728 0.       0.       0.105728 0.       0.105728 0.       0.       0.       0.       0.105728 0.       0.154175 0.       0.       0.      ],[0. 1. 0. 0. 0. 0. 0. 1. 0. 0. 0. 0. 0. 1. 1. 1. 0. 0. 1. 0. 1. 0. 0. 0. 0. 1. 0. 1. 0. 0. 0.],9.0,1000,100,0.01,0.0005,1,7,idID,,random,single_objective
630,0.18471970527404802,0.3879113810755008,0.003424091372,[0.       0.105728 0.       0.       0.       0.       0.       0.105728 0.       0.       0.       0.       0.       0.105728 0.105728 0.105728 0.       0.       0.105728 0.       0.105728 0.       0.       0.       0.       0.105728 0.       0.154175 0.       0.       0.      ],[0. 1. 0. 0. 0. 0. 0. 1. 0. 0. 0. 0. 0. 1. 1. 1. 0. 0. 1. 0. 1. 0. 0. 0. 0. 1. 0. 1. 0. 0. 0.],9.0,1000,100,0.01,0.0005,1,7,idID,,random,single_objective
631,0.18471970527404802,0.3879113810755008,0.003424091372,[0.       0.105728 0.       0.       0.       0.       0.       0.105728 0.       0.       0.       0.       0.       0.105728 0.105728 0.105728 0.       0.       0.105728 0.       0.105728 0.       0.       0.       0.       0.105728 0.       0.154175 0.       0.       0.      ],[0. 1. 0. 0. 0. 0. 0. 1. 0. 0. 0. 0. 0. 1. 1. 1. 0. 0. 1. 0. 1. 0. 0. 0. 0. 1. 0. 1. 0. 0. 0.],9.0,1000,100,0.01,0.0005,1,7,idID,,random,single_objective
632,0.18471970527404802,0.3879113810755008,0.003424091372,[0.       0.105728 0.       0.       0.       0.       0.       0.105728 0.       0.       0.       0.       0.       0.105728 0.105728 0.105728 0.       0.       0.105728 0.       0.105728 0.       0.       0.       0.       0.105728 0.       0.154175 0.       0.       0.      ],[0. 1. 0. 0. 0. 0. 0. 1. 0. 0. 0. 0. 0. 1. 1. 1. 0. 0. 1. 0. 1. 0. 0. 0. 0. 1. 0. 1. 0. 0. 0.],9.0,1000,100,0.01,0.0005,1,7,idID,,random,single_objective
633,0.18471970527404802,0.3879113810755008,0.003424091372,[0.       0.105728 0.       0.       0.       0.       0.       0.105728 0.       0.       0.       0.       0.       0.105728 0.105728 0.105728 0.       0.       0.105728 0.       0.105728 0.       0.       0.       0.       0.105728 0.       0.154175 0.       0.       0.      ],[0. 1. 0. 0. 0. 0. 0. 1. 0. 0. 0. 0. 0. 1. 1. 1. 0. 0. 1. 0. 1. 0. 0. 0. 0. 1. 0. 1. 0. 0. 0.],9.0,1000,100,0.01,0.0005,1,7,idID,,random,single_objective
634,0.18471970527404802,0.3879113810755008,0.003424091372,[0.       0.105728 0.       0.       0.       0.       0.       0.105728 0.       0.       0.       0.       0.       0.105728 0.105728 0.105728 0.       0.       0.105728 0.       0.105728 0.       0.       0.       0.       0.105728 0.       0.154175 0.       0.       0.      ],[0. 1. 0. 0. 0. 0. 0. 1. 0. 0. 0. 0. 0. 1. 1. 1. 0. 0. 1. 0. 1. 0. 0. 0. 0. 1. 0. 1. 0. 0. 0.],9.0,1000,100,0.01,0.0005,1,7,idID,,random,single_objective
635,0.18471970527404802,0.3879113810755008,0.003424091372,[0.       0.105728 0.       0.       0.       0.       0.       0.105728 0.       0.       0.       0.       0.       0.105728 0.105728 0.105728 0.       0.       0.105728 0.       0.105728 0.       0.       0.       0.       0.105728 0.       0.154175 0.       0.       0.      ],[0. 1. 0. 0. 0. 0. 0. 1. 0. 0. 0. 0. 0. 1. 1. 1. 0. 0. 1. 0. 1. 0. 0. 0. 0. 1. 0. 1. 0. 0. 0.],9.0,1000,100,0.01,0.0005,1,7,idID,,random,single_objective
636,0.18471970527404802,0.3879113810755008,0.003424091372,[0.       0.105728 0.       0.       0.       0.       0.       0.105728 0.       0.       0.       0.       0.       0.105728 0.105728 0.105728 0.       0.       0.105728 0.       0.105728 0.       0.       0.       0.       0.105728 0.       0.154175 0.       0.       0.      ],[0. 1. 0. 0. 0. 0. 0. 1. 0. 0. 0. 0. 0. 1. 1. 1. 0. 0. 1. 0. 1. 0. 0. 0. 0. 1. 0. 1. 0. 0. 0.],9.0,1000,100,0.01,0.0005,1,7,idID,,random,single_objective
637,0.18471970527404802,0.3879113810755008,0.003424091372,[0.       0.105728 0.       0.       0.       0.       0.       0.105728 0.       0.       0.       0.       0.       0.105728 0.105728 0.105728 0.       0.       0.105728 0.       0.105728 0.       0.       0.       0.       0.105728 0.       0.154175 0.       0.       0.      ],[0. 1. 0. 0. 0. 0. 0. 1. 0. 0. 0. 0. 0. 1. 1. 1. 0. 0. 1. 0. 1. 0. 0. 0. 0. 1. 0. 1. 0. 0. 0.],9.0,1000,100,0.01,0.0005,1,7,idID,,random,single_objective
638,0.18471970527404802,0.3879113810755008,0.003424091372,[0.       0.105728 0.       0.       0.       0.       0.       0.105728 0.       0.       0.       0.       0.       0.105728 0.105728 0.105728 0.       0.       0.105728 0.       0.105728 0.       0.       0.       0.       0.105728 0.       0.154175 0.       0.       0.      ],[0. 1. 0. 0. 0. 0. 0. 1. 0. 0. 0. 0. 0. 1. 1. 1. 0. 0. 1. 0. 1. 0. 0. 0. 0. 1. 0. 1. 0. 0. 0.],9.0,1000,100,0.01,0.0005,1,7,idID,,random,single_objective
639,0.18471970527404802,0.3879113810755008,0.003424091372,[0.       0.105728 0.       0.       0.       0.       0.       0.105728 0.       0.       0.       0.       0.       0.105728 0.105728 0.105728 0.       0.       0.105728 0.       0.105728 0.       0.       0.       0.       0.105728 0.       0.154175 0.       0.       0.      ],[0. 1. 0. 0. 0. 0. 0. 1. 0. 0. 0. 0. 0. 1. 1. 1. 0. 0. 1. 0. 1. 0. 0. 0. 0. 1. 0. 1. 0. 0. 0.],9.0,1000,100,0.01,0.0005,1,7,idID,,random,single_objective
640,0.18471970527404802,0.3879113810755008,0.003424091372,[0.       0.105728 0.       0.       0.       0.       0.       0.105728 0.       0.       0.       0.       0.       0.105728 0.105728 0.105728 0.       0.       0.105728 0.       0.105728 0.       0.       0.       0.       0.105728 0.       0.154175 0.       0.       0.      ],[0. 1. 0. 0. 0. 0. 0. 1. 0. 0. 0. 0. 0. 1. 1. 1. 0. 0. 1. 0. 1. 0. 0. 0. 0. 1. 0. 1. 0. 0. 0.],9.0,1000,100,0.01,0.0005,1,7,idID,,random,single_objective
641,0.18471970527404802,0.3879113810755008,0.003424091372,[0.       0.105728 0.       0.       0.       0.       0.       0.105728 0.       0.       0.       0.       0.       0.105728 0.105728 0.105728 0.       0.       0.105728 0.       0.105728 0.       0.       0.       0.       0.105728 0.       0.154175 0.       0.       0.      ],[0. 1. 0. 0. 0. 0. 0. 1. 0. 0. 0. 0. 0. 1. 1. 1. 0. 0. 1. 0. 1. 0. 0. 0. 0. 1. 0. 1. 0. 0. 0.],9.0,1000,100,0.01,0.0005,1,7,idID,,random,single_objective
642,0.18471970527404802,0.3879113810755008,0.003424091372,[0.       0.105728 0.       0.       0.       0.       0.       0.105728 0.       0.       0.       0.       0.       0.105728 0.105728 0.105728 0.       0.       0.105728 0.       0.105728 0.       0.       0.       0.       0.105728 0.       0.154175 0.       0.       0.      ],[0. 1. 0. 0. 0. 0. 0. 1. 0. 0. 0. 0. 0. 1. 1. 1. 0. 0. 1. 0. 1. 0. 0. 0. 0. 1. 0. 1. 0. 0. 0.],9.0,1000,100,0.01,0.0005,1,7,idID,,random,single_objective
643,0.18471970527404802,0.3879113810755008,0.003424091372,[0.       0.105728 0.       0.       0.       0.       0.       0.105728 0.       0.       0.       0.       0.       0.105728 0.105728 0.105728 0.       0.       0.105728 0.       0.105728 0.       0.       0.       0.       0.105728 0.       0.154175 0.       0.       0.      ],[0. 1. 0. 0. 0. 0. 0. 1. 0. 0. 0. 0. 0. 1. 1. 1. 0. 0. 1. 0. 1. 0. 0. 0. 0. 1. 0. 1. 0. 0. 0.],9.0,1000,100,0.01,0.0005,1,7,idID,,random,single_objective
644,0.18471970527404802,0.3879113810755008,0.003424091372,[0.       0.105728 0.       0.       0.       0.       0.       0.105728 0.       0.       0.       0.       0.       0.105728 0.105728 0.105728 0.       0.       0.105728 0.       0.105728 0.       0.       0.       0.       0.105728 0.       0.154175 0.       0.       0.      ],[0. 1. 0. 0. 0. 0. 0. 1. 0. 0. 0. 0. 0. 1. 1. 1. 0. 0. 1. 0. 1. 0. 0. 0. 0. 1. 0. 1. 0. 0. 0.],9.0,1000,100,0.01,0.0005,1,7,idID,,random,single_objective
645,0.18471970527404802,0.3879113810755008,0.003424091372,[0.       0.105728 0.       0.       0.       0.       0.       0.105728 0.       0.       0.       0.       0.       0.105728 0.105728 0.105728 0.       0.       0.105728 0.       0.105728 0.       0.       0.       0.       0.105728 0.       0.154175 0.       0.       0.      ],[0. 1. 0. 0. 0. 0. 0. 1. 0. 0. 0. 0. 0. 1. 1. 1. 0. 0. 1. 0. 1. 0. 0. 0. 0. 1. 0. 1. 0. 0. 0.],9.0,1000,100,0.01,0.0005,1,7,idID,,random,single_objective
646,0.18471970527404802,0.3879113810755008,0.003424091372,[0.       0.105728 0.       0.       0.       0.       0.       0.105728 0.       0.       0.       0.       0.       0.105728 0.105728 0.105728 0.       0.       0.105728 0.       0.105728 0.       0.       0.       0.       0.105728 0.       0.154175 0.       0.       0.      ],[0. 1. 0. 0. 0. 0. 0. 1. 0. 0. 0. 0. 0. 1. 1. 1. 0. 0. 1. 0. 1. 0. 0. 0. 0. 1. 0. 1. 0. 0. 0.],9.0,1000,100,0.01,0.0005,1,7,idID,,random,single_objective
647,0.18471970527404802,0.3879113810755008,0.003424091372,[0.       0.105728 0.       0.       0.       0.       0.       0.105728 0.       0.       0.       0.       0.       0.105728 0.105728 0.105728 0.       0.       0.105728 0.       0.105728 0.       0.       0.       0.       0.105728 0.       0.154175 0.       0.       0.      ],[0. 1. 0. 0. 0. 0. 0. 1. 0. 0. 0. 0. 0. 1. 1. 1. 0. 0. 1. 0. 1. 0. 0. 0. 0. 1. 0. 1. 0. 0. 0.],9.0,1000,100,0.01,0.0005,1,7,idID,,random,single_objective
648,0.18471970527404802,0.3879113810755008,0.003424091372,[0.       0.105728 0.       0.       0.       0.       0.       0.105728 0.       0.       0.       0.       0.       0.105728 0.105728 0.105728 0.       0.       0.105728 0.       0.105728 0.       0.       0.       0.       0.105728 0.       0.154175 0.       0.       0.      ],[0. 1. 0. 0. 0. 0. 0. 1. 0. 0. 0. 0. 0. 1. 1. 1. 0. 0. 1. 0. 1. 0. 0. 0. 0. 1. 0. 1. 0. 0. 0.],9.0,1000,100,0.01,0.0005,1,7,idID,,random,single_objective
649,0.18471970527404802,0.3879113810755008,0.003424091372,[0.       0.105728 0.       0.       0.       0.       0.       0.105728 0.       0.       0.       0.       0.       0.105728 0.105728 0.105728 0.       0.       0.105728 0.       0.105728 0.       0.       0.       0.       0.105728 0.       0.154175 0.       0.       0.      ],[0. 1. 0. 0. 0. 0. 0. 1. 0. 0. 0. 0. 0. 1. 1. 1. 0. 0. 1. 0. 1. 0. 0. 0. 0. 1. 0. 1. 0. 0. 0.],9.0,1000,100,0.01,0.0005,1,7,idID,,random,single_objective
650,0.18471970527404802,0.3879113810755008,0.003424091372,[0.       0.105728 0.       0.       0.       0.       0.       0.105728 0.       0.       0.       0.       0.       0.105728 0.105728 0.105728 0.       0.       0.105728 0.       0.105728 0.       0.       0.       0.       0.105728 0.       0.154175 0.       0.       0.      ],[0. 1. 0. 0. 0. 0. 0. 1. 0. 0. 0. 0. 0. 1. 1. 1. 0. 0. 1. 0. 1. 0. 0. 0. 0. 1. 0. 1. 0. 0. 0.],9.0,1000,100,0.01,0.0005,1,7,idID,,random,single_objective
651,0.18471970527404802,0.3879113810755008,0.003424091372,[0.       0.105728 0.       0.       0.       0.       0.       0.105728 0.       0.       0.       0.       0.       0.105728 0.105728 0.105728 0.       0.       0.105728 0.       0.105728 0.       0.       0.       0.       0.105728 0.       0.154175 0.       0.       0.      ],[0. 1. 0. 0. 0. 0. 0. 1. 0. 0. 0. 0. 0. 1. 1. 1. 0. 0. 1. 0. 1. 0. 0. 0. 0. 1. 0. 1. 0. 0. 0.],9.0,1000,100,0.01,0.0005,1,7,idID,,random,single_objective
652,0.18471970527404802,0.3879113810755008,0.003424091372,[0.       0.105728 0.       0.       0.       0.       0.       0.105728 0.       0.       0.       0.       0.       0.105728 0.105728 0.105728 0.       0.       0.105728 0.       0.105728 0.       0.       0.       0.       0.105728 0.       0.154175 0.       0.       0.      ],[0. 1. 0. 0. 0. 0. 0. 1. 0. 0. 0. 0. 0. 1. 1. 1. 0. 0. 1. 0. 1. 0. 0. 0. 0. 1. 0. 1. 0. 0. 0.],9.0,1000,100,0.01,0.0005,1,7,idID,,random,single_objective
653,0.18471970527404802,0.3879113810755008,0.003424091372,[0.       0.105728 0.       0.       0.       0.       0.       0.105728 0.       0.       0.       0.       0.       0.105728 0.105728 0.105728 0.       0.       0.105728 0.       0.105728 0.       0.       0.       0.       0.105728 0.       0.154175 0.       0.       0.      ],[0. 1. 0. 0. 0. 0. 0. 1. 0. 0. 0. 0. 0. 1. 1. 1. 0. 0. 1. 0. 1. 0. 0. 0. 0. 1. 0. 1. 0. 0. 0.],9.0,1000,100,0.01,0.0005,1,7,idID,,random,single_objective
654,0.18471970527404802,0.3879113810755008,0.003424091372,[0.       0.105728 0.       0.       0.       0.       0.       0.105728 0.       0.       0.       0.       0.       0.105728 0.105728 0.105728 0.       0.       0.105728 0.       0.105728 0.       0.       0.       0.       0.105728 0.       0.154175 0.       0.       0.      ],[0. 1. 0. 0. 0. 0. 0. 1. 0. 0. 0. 0. 0. 1. 1. 1. 0. 0. 1. 0. 1. 0. 0. 0. 0. 1. 0. 1. 0. 0. 0.],9.0,1000,100,0.01,0.0005,1,7,idID,,random,single_objective
655,0.18471970527404802,0.3879113810755008,0.003424091372,[0.       0.105728 0.       0.       0.       0.       0.       0.105728 0.       0.       0.       0.       0.       0.105728 0.105728 0.105728 0.       0.       0.105728 0.       0.105728 0.       0.       0.       0.       0.105728 0.       0.154175 0.       0.       0.      ],[0. 1. 0. 0. 0. 0. 0. 1. 0. 0. 0. 0. 0. 1. 1. 1. 0. 0. 1. 0. 1. 0. 0. 0. 0. 1. 0. 1. 0. 0. 0.],9.0,1000,100,0.01,0.0005,1,7,idID,,random,single_objective
656,0.18471970527404802,0.3879113810755008,0.003424091372,[0.       0.105728 0.       0.       0.       0.       0.       0.105728 0.       0.       0.       0.       0.       0.105728 0.105728 0.105728 0.       0.       0.105728 0.       0.105728 0.       0.       0.       0.       0.105728 0.       0.154175 0.       0.       0.      ],[0. 1. 0. 0. 0. 0. 0. 1. 0. 0. 0. 0. 0. 1. 1. 1. 0. 0. 1. 0. 1. 0. 0. 0. 0. 1. 0. 1. 0. 0. 0.],9.0,1000,100,0.01,0.0005,1,7,idID,,random,single_objective
657,0.18471970527404802,0.3879113810755008,0.003424091372,[0.       0.105728 0.       0.       0.       0.       0.       0.105728 0.       0.       0.       0.       0.       0.105728 0.105728 0.105728 0.       0.       0.105728 0.       0.105728 0.       0.       0.       0.       0.105728 0.       0.154175 0.       0.       0.      ],[0. 1. 0. 0. 0. 0. 0. 1. 0. 0. 0. 0. 0. 1. 1. 1. 0. 0. 1. 0. 1. 0. 0. 0. 0. 1. 0. 1. 0. 0. 0.],9.0,1000,100,0.01,0.0005,1,7,idID,,random,single_objective
658,0.18471970527404802,0.3879113810755008,0.003424091372,[0.       0.105728 0.       0.       0.       0.       0.       0.105728 0.       0.       0.       0.       0.       0.105728 0.105728 0.105728 0.       0.       0.105728 0.       0.105728 0.       0.       0.       0.       0.105728 0.       0.154175 0.       0.       0.      ],[0. 1. 0. 0. 0. 0. 0. 1. 0. 0. 0. 0. 0. 1. 1. 1. 0. 0. 1. 0. 1. 0. 0. 0. 0. 1. 0. 1. 0. 0. 0.],9.0,1000,100,0.01,0.0005,1,7,idID,,random,single_objective
659,0.18471970527404802,0.3879113810755008,0.003424091372,[0.       0.105728 0.       0.       0.       0.       0.       0.105728 0.       0.       0.       0.       0.       0.105728 0.105728 0.105728 0.       0.       0.105728 0.       0.105728 0.       0.       0.       0.       0.105728 0.       0.154175 0.       0.       0.      ],[0. 1. 0. 0. 0. 0. 0. 1. 0. 0. 0. 0. 0. 1. 1. 1. 0. 0. 1. 0. 1. 0. 0. 0. 0. 1. 0. 1. 0. 0. 0.],9.0,1000,100,0.01,0.0005,1,7,idID,,random,single_objective
660,0.18471970527404802,0.3879113810755008,0.003424091372,[0.       0.105728 0.       0.       0.       0.       0.       0.105728 0.       0.       0.       0.       0.       0.105728 0.105728 0.105728 0.       0.       0.105728 0.       0.105728 0.       0.       0.       0.       0.105728 0.       0.154175 0.       0.       0.      ],[0. 1. 0. 0. 0. 0. 0. 1. 0. 0. 0. 0. 0. 1. 1. 1. 0. 0. 1. 0. 1. 0. 0. 0. 0. 1. 0. 1. 0. 0. 0.],9.0,1000,100,0.01,0.0005,1,7,idID,,random,single_objective
661,0.18471970527404802,0.3879113810755008,0.003424091372,[0.       0.105728 0.       0.       0.       0.       0.       0.105728 0.       0.       0.       0.       0.       0.105728 0.105728 0.105728 0.       0.       0.105728 0.       0.105728 0.       0.       0.       0.       0.105728 0.       0.154175 0.       0.       0.      ],[0. 1. 0. 0. 0. 0. 0. 1. 0. 0. 0. 0. 0. 1. 1. 1. 0. 0. 1. 0. 1. 0. 0. 0. 0. 1. 0. 1. 0. 0. 0.],9.0,1000,100,0.01,0.0005,1,7,idID,,random,single_objective
662,0.18471970527404802,0.3879113810755008,0.003424091372,[0.       0.105728 0.       0.       0.       0.       0.       0.105728 0.       0.       0.       0.       0.       0.105728 0.105728 0.105728 0.       0.       0.105728 0.       0.105728 0.       0.       0.       0.       0.105728 0.       0.154175 0.       0.       0.      ],[0. 1. 0. 0. 0. 0. 0. 1. 0. 0. 0. 0. 0. 1. 1. 1. 0. 0. 1. 0. 1. 0. 0. 0. 0. 1. 0. 1. 0. 0. 0.],9.0,1000,100,0.01,0.0005,1,7,idID,,random,single_objective
663,0.18471970527404802,0.3879113810755008,0.003424091372,[0.       0.105728 0.       0.       0.       0.       0.       0.105728 0.       0.       0.       0.       0.       0.105728 0.105728 0.105728 0.       0.       0.105728 0.       0.105728 0.       0.       0.       0.       0.105728 0.       0.154175 0.       0.       0.      ],[0. 1. 0. 0. 0. 0. 0. 1. 0. 0. 0. 0. 0. 1. 1. 1. 0. 0. 1. 0. 1. 0. 0. 0. 0. 1. 0. 1. 0. 0. 0.],9.0,1000,100,0.01,0.0005,1,7,idID,,random,single_objective
664,0.18471970527404802,0.3879113810755008,0.003424091372,[0.       0.105728 0.       0.       0.       0.       0.       0.105728 0.       0.       0.       0.       0.       0.105728 0.105728 0.105728 0.       0.       0.105728 0.       0.105728 0.       0.       0.       0.       0.105728 0.       0.154175 0.       0.       0.      ],[0. 1. 0. 0. 0. 0. 0. 1. 0. 0. 0. 0. 0. 1. 1. 1. 0. 0. 1. 0. 1. 0. 0. 0. 0. 1. 0. 1. 0. 0. 0.],9.0,1000,100,0.01,0.0005,1,7,idID,,random,single_objective
665,0.18471970527404802,0.3879113810755008,0.003424091372,[0.       0.105728 0.       0.       0.       0.       0.       0.105728 0.       0.       0.       0.       0.       0.105728 0.105728 0.105728 0.       0.       0.105728 0.       0.105728 0.       0.       0.       0.       0.105728 0.       0.154175 0.       0.       0.      ],[0. 1. 0. 0. 0. 0. 0. 1. 0. 0. 0. 0. 0. 1. 1. 1. 0. 0. 1. 0. 1. 0. 0. 0. 0. 1. 0. 1. 0. 0. 0.],9.0,1000,100,0.01,0.0005,1,7,idID,,random,single_objective
666,0.18471970527404802,0.3879113810755008,0.003424091372,[0.       0.105728 0.       0.       0.       0.       0.       0.105728 0.       0.       0.       0.       0.       0.105728 0.105728 0.105728 0.       0.       0.105728 0.       0.105728 0.       0.       0.       0.       0.105728 0.       0.154175 0.       0.       0.      ],[0. 1. 0. 0. 0. 0. 0. 1. 0. 0. 0. 0. 0. 1. 1. 1. 0. 0. 1. 0. 1. 0. 0. 0. 0. 1. 0. 1. 0. 0. 0.],9.0,1000,100,0.01,0.0005,1,7,idID,,random,single_objective
667,0.18471970527404802,0.3879113810755008,0.003424091372,[0.       0.105728 0.       0.       0.       0.       0.       0.105728 0.       0.       0.       0.       0.       0.105728 0.105728 0.105728 0.       0.       0.105728 0.       0.105728 0.       0.       0.       0.       0.105728 0.       0.154175 0.       0.       0.      ],[0. 1. 0. 0. 0. 0. 0. 1. 0. 0. 0. 0. 0. 1. 1. 1. 0. 0. 1. 0. 1. 0. 0. 0. 0. 1. 0. 1. 0. 0. 0.],9.0,1000,100,0.01,0.0005,1,7,idID,,random,single_objective
668,0.18471970527404802,0.3879113810755008,0.003424091372,[0.       0.105728 0.       0.       0.       0.       0.       0.105728 0.       0.       0.       0.       0.       0.105728 0.105728 0.105728 0.       0.       0.105728 0.       0.105728 0.       0.       0.       0.       0.105728 0.       0.154175 0.       0.       0.      ],[0. 1. 0. 0. 0. 0. 0. 1. 0. 0. 0. 0. 0. 1. 1. 1. 0. 0. 1. 0. 1. 0. 0. 0. 0. 1. 0. 1. 0. 0. 0.],9.0,1000,100,0.01,0.0005,1,7,idID,,random,single_objective
669,0.18471970527404802,0.3879113810755008,0.003424091372,[0.       0.105728 0.       0.       0.       0.       0.       0.105728 0.       0.       0.       0.       0.       0.105728 0.105728 0.105728 0.       0.       0.105728 0.       0.105728 0.       0.       0.       0.       0.105728 0.       0.154175 0.       0.       0.      ],[0. 1. 0. 0. 0. 0. 0. 1. 0. 0. 0. 0. 0. 1. 1. 1. 0. 0. 1. 0. 1. 0. 0. 0. 0. 1. 0. 1. 0. 0. 0.],9.0,1000,100,0.01,0.0005,1,7,idID,,random,single_objective
670,0.18471970527404802,0.3879113810755008,0.003424091372,[0.       0.105728 0.       0.       0.       0.       0.       0.105728 0.       0.       0.       0.       0.       0.105728 0.105728 0.105728 0.       0.       0.105728 0.       0.105728 0.       0.       0.       0.       0.105728 0.       0.154175 0.       0.       0.      ],[0. 1. 0. 0. 0. 0. 0. 1. 0. 0. 0. 0. 0. 1. 1. 1. 0. 0. 1. 0. 1. 0. 0. 0. 0. 1. 0. 1. 0. 0. 0.],9.0,1000,100,0.01,0.0005,1,7,idID,,random,single_objective
671,0.18471970527404802,0.3879113810755008,0.003424091372,[0.       0.105728 0.       0.       0.       0.       0.       0.105728 0.       0.       0.       0.       0.       0.105728 0.105728 0.105728 0.       0.       0.105728 0.       0.105728 0.       0.       0.       0.       0.105728 0.       0.154175 0.       0.       0.      ],[0. 1. 0. 0. 0. 0. 0. 1. 0. 0. 0. 0. 0. 1. 1. 1. 0. 0. 1. 0. 1. 0. 0. 0. 0. 1. 0. 1. 0. 0. 0.],9.0,1000,100,0.01,0.0005,1,7,idID,,random,single_objective
672,0.18471970527404802,0.3879113810755008,0.003424091372,[0.       0.105728 0.       0.       0.       0.       0.       0.105728 0.       0.       0.       0.       0.       0.105728 0.105728 0.105728 0.       0.       0.105728 0.       0.105728 0.       0.       0.       0.       0.105728 0.       0.154175 0.       0.       0.      ],[0. 1. 0. 0. 0. 0. 0. 1. 0. 0. 0. 0. 0. 1. 1. 1. 0. 0. 1. 0. 1. 0. 0. 0. 0. 1. 0. 1. 0. 0. 0.],9.0,1000,100,0.01,0.0005,1,7,idID,,random,single_objective
673,0.18471970527404802,0.3879113810755008,0.003424091372,[0.       0.105728 0.       0.       0.       0.       0.       0.105728 0.       0.       0.       0.       0.       0.105728 0.105728 0.105728 0.       0.       0.105728 0.       0.105728 0.       0.       0.       0.       0.105728 0.       0.154175 0.       0.       0.      ],[0. 1. 0. 0. 0. 0. 0. 1. 0. 0. 0. 0. 0. 1. 1. 1. 0. 0. 1. 0. 1. 0. 0. 0. 0. 1. 0. 1. 0. 0. 0.],9.0,1000,100,0.01,0.0005,1,7,idID,,random,single_objective
674,0.18471970527404802,0.3879113810755008,0.003424091372,[0.       0.105728 0.       0.       0.       0.       0.       0.105728 0.       0.       0.       0.       0.       0.105728 0.105728 0.105728 0.       0.       0.105728 0.       0.105728 0.       0.       0.       0.       0.105728 0.       0.154175 0.       0.       0.      ],[0. 1. 0. 0. 0. 0. 0. 1. 0. 0. 0. 0. 0. 1. 1. 1. 0. 0. 1. 0. 1. 0. 0. 0. 0. 1. 0. 1. 0. 0. 0.],9.0,1000,100,0.01,0.0005,1,7,idID,,random,single_objective
675,0.18471970527404802,0.3879113810755008,0.003424091372,[0.       0.105728 0.       0.       0.       0.       0.       0.105728 0.       0.       0.       0.       0.       0.105728 0.105728 0.105728 0.       0.       0.105728 0.       0.105728 0.       0.       0.       0.       0.105728 0.       0.154175 0.       0.       0.      ],[0. 1. 0. 0. 0. 0. 0. 1. 0. 0. 0. 0. 0. 1. 1. 1. 0. 0. 1. 0. 1. 0. 0. 0. 0. 1. 0. 1. 0. 0. 0.],9.0,1000,100,0.01,0.0005,1,7,idID,,random,single_objective
676,0.18471970527404802,0.3879113810755008,0.003424091372,[0.       0.105728 0.       0.       0.       0.       0.       0.105728 0.       0.       0.       0.       0.       0.105728 0.105728 0.105728 0.       0.       0.105728 0.       0.105728 0.       0.       0.       0.       0.105728 0.       0.154175 0.       0.       0.      ],[0. 1. 0. 0. 0. 0. 0. 1. 0. 0. 0. 0. 0. 1. 1. 1. 0. 0. 1. 0. 1. 0. 0. 0. 0. 1. 0. 1. 0. 0. 0.],9.0,1000,100,0.01,0.0005,1,7,idID,,random,single_objective
677,0.18471970527404802,0.3879113810755008,0.003424091372,[0.       0.105728 0.       0.       0.       0.       0.       0.105728 0.       0.       0.       0.       0.       0.105728 0.105728 0.105728 0.       0.       0.105728 0.       0.105728 0.       0.       0.       0.       0.105728 0.       0.154175 0.       0.       0.      ],[0. 1. 0. 0. 0. 0. 0. 1. 0. 0. 0. 0. 0. 1. 1. 1. 0. 0. 1. 0. 1. 0. 0. 0. 0. 1. 0. 1. 0. 0. 0.],9.0,1000,100,0.01,0.0005,1,7,idID,,random,single_objective
678,0.18471970527404802,0.3879113810755008,0.003424091372,[0.       0.105728 0.       0.       0.       0.       0.       0.105728 0.       0.       0.       0.       0.       0.105728 0.105728 0.105728 0.       0.       0.105728 0.       0.105728 0.       0.       0.       0.       0.105728 0.       0.154175 0.       0.       0.      ],[0. 1. 0. 0. 0. 0. 0. 1. 0. 0. 0. 0. 0. 1. 1. 1. 0. 0. 1. 0. 1. 0. 0. 0. 0. 1. 0. 1. 0. 0. 0.],9.0,1000,100,0.01,0.0005,1,7,idID,,random,single_objective
679,0.18471970527404802,0.3879113810755008,0.003424091372,[0.       0.105728 0.       0.       0.       0.       0.       0.105728 0.       0.       0.       0.       0.       0.105728 0.105728 0.105728 0.       0.       0.105728 0.       0.105728 0.       0.       0.       0.       0.105728 0.       0.154175 0.       0.       0.      ],[0. 1. 0. 0. 0. 0. 0. 1. 0. 0. 0. 0. 0. 1. 1. 1. 0. 0. 1. 0. 1. 0. 0. 0. 0. 1. 0. 1. 0. 0. 0.],9.0,1000,100,0.01,0.0005,1,7,idID,,random,single_objective
680,0.18471970527404802,0.3879113810755008,0.003424091372,[0.       0.105728 0.       0.       0.       0.       0.       0.105728 0.       0.       0.       0.       0.       0.105728 0.105728 0.105728 0.       0.       0.105728 0.       0.105728 0.       0.       0.       0.       0.105728 0.       0.154175 0.       0.       0.      ],[0. 1. 0. 0. 0. 0. 0. 1. 0. 0. 0. 0. 0. 1. 1. 1. 0. 0. 1. 0. 1. 0. 0. 0. 0. 1. 0. 1. 0. 0. 0.],9.0,1000,100,0.01,0.0005,1,7,idID,,random,single_objective
681,0.18471970527404802,0.3879113810755008,0.003424091372,[0.       0.105728 0.       0.       0.       0.       0.       0.105728 0.       0.       0.       0.       0.       0.105728 0.105728 0.105728 0.       0.       0.105728 0.       0.105728 0.       0.       0.       0.       0.105728 0.       0.154175 0.       0.       0.      ],[0. 1. 0. 0. 0. 0. 0. 1. 0. 0. 0. 0. 0. 1. 1. 1. 0. 0. 1. 0. 1. 0. 0. 0. 0. 1. 0. 1. 0. 0. 0.],9.0,1000,100,0.01,0.0005,1,7,idID,,random,single_objective
682,0.18471970527404802,0.3879113810755008,0.003424091372,[0.       0.105728 0.       0.       0.       0.       0.       0.105728 0.       0.       0.       0.       0.       0.105728 0.105728 0.105728 0.       0.       0.105728 0.       0.105728 0.       0.       0.       0.       0.105728 0.       0.154175 0.       0.       0.      ],[0. 1. 0. 0. 0. 0. 0. 1. 0. 0. 0. 0. 0. 1. 1. 1. 0. 0. 1. 0. 1. 0. 0. 0. 0. 1. 0. 1. 0. 0. 0.],9.0,1000,100,0.01,0.0005,1,7,idID,,random,single_objective
683,0.18471970527404802,0.3879113810755008,0.003424091372,[0.       0.105728 0.       0.       0.       0.       0.       0.105728 0.       0.       0.       0.       0.       0.105728 0.105728 0.105728 0.       0.       0.105728 0.       0.105728 0.       0.       0.       0.       0.105728 0.       0.154175 0.       0.       0.      ],[0. 1. 0. 0. 0. 0. 0. 1. 0. 0. 0. 0. 0. 1. 1. 1. 0. 0. 1. 0. 1. 0. 0. 0. 0. 1. 0. 1. 0. 0. 0.],9.0,1000,100,0.01,0.0005,1,7,idID,,random,single_objective
684,0.18471970527404802,0.3879113810755008,0.003424091372,[0.       0.105728 0.       0.       0.       0.       0.       0.105728 0.       0.       0.       0.       0.       0.105728 0.105728 0.105728 0.       0.       0.105728 0.       0.105728 0.       0.       0.       0.       0.105728 0.       0.154175 0.       0.       0.      ],[0. 1. 0. 0. 0. 0. 0. 1. 0. 0. 0. 0. 0. 1. 1. 1. 0. 0. 1. 0. 1. 0. 0. 0. 0. 1. 0. 1. 0. 0. 0.],9.0,1000,100,0.01,0.0005,1,7,idID,,random,single_objective
685,0.18471970527404802,0.3879113810755008,0.003424091372,[0.       0.105728 0.       0.       0.       0.       0.       0.105728 0.       0.       0.       0.       0.       0.105728 0.105728 0.105728 0.       0.       0.105728 0.       0.105728 0.       0.       0.       0.       0.105728 0.       0.154175 0.       0.       0.      ],[0. 1. 0. 0. 0. 0. 0. 1. 0. 0. 0. 0. 0. 1. 1. 1. 0. 0. 1. 0. 1. 0. 0. 0. 0. 1. 0. 1. 0. 0. 0.],9.0,1000,100,0.01,0.0005,1,7,idID,,random,single_objective
686,0.18471970527404802,0.3879113810755008,0.003424091372,[0.       0.105728 0.       0.       0.       0.       0.       0.105728 0.       0.       0.       0.       0.       0.105728 0.105728 0.105728 0.       0.       0.105728 0.       0.105728 0.       0.       0.       0.       0.105728 0.       0.154175 0.       0.       0.      ],[0. 1. 0. 0. 0. 0. 0. 1. 0. 0. 0. 0. 0. 1. 1. 1. 0. 0. 1. 0. 1. 0. 0. 0. 0. 1. 0. 1. 0. 0. 0.],9.0,1000,100,0.01,0.0005,1,7,idID,,random,single_objective
687,0.18471970527404802,0.3879113810755008,0.003424091372,[0.       0.105728 0.       0.       0.       0.       0.       0.105728 0.       0.       0.       0.       0.       0.105728 0.105728 0.105728 0.       0.       0.105728 0.       0.105728 0.       0.       0.       0.       0.105728 0.       0.154175 0.       0.       0.      ],[0. 1. 0. 0. 0. 0. 0. 1. 0. 0. 0. 0. 0. 1. 1. 1. 0. 0. 1. 0. 1. 0. 0. 0. 0. 1. 0. 1. 0. 0. 0.],9.0,1000,100,0.01,0.0005,1,7,idID,,random,single_objective
688,0.18471970527404802,0.3879113810755008,0.003424091372,[0.       0.105728 0.       0.       0.       0.       0.       0.105728 0.       0.       0.       0.       0.       0.105728 0.105728 0.105728 0.       0.       0.105728 0.       0.105728 0.       0.       0.       0.       0.105728 0.       0.154175 0.       0.       0.      ],[0. 1. 0. 0. 0. 0. 0. 1. 0. 0. 0. 0. 0. 1. 1. 1. 0. 0. 1. 0. 1. 0. 0. 0. 0. 1. 0. 1. 0. 0. 0.],9.0,1000,100,0.01,0.0005,1,7,idID,,random,single_objective
689,0.18471970527404802,0.3879113810755008,0.003424091372,[0.       0.105728 0.       0.       0.       0.       0.       0.105728 0.       0.       0.       0.       0.       0.105728 0.105728 0.105728 0.       0.       0.105728 0.       0.105728 0.       0.       0.       0.       0.105728 0.       0.154175 0.       0.       0.      ],[0. 1. 0. 0. 0. 0. 0. 1. 0. 0. 0. 0. 0. 1. 1. 1. 0. 0. 1. 0. 1. 0. 0. 0. 0. 1. 0. 1. 0. 0. 0.],9.0,1000,100,0.01,0.0005,1,7,idID,,random,single_objective
690,0.18471970527404802,0.3879113810755008,0.003424091372,[0.       0.105728 0.       0.       0.       0.       0.       0.105728 0.       0.       0.       0.       0.       0.105728 0.105728 0.105728 0.       0.       0.105728 0.       0.105728 0.       0.       0.       0.       0.105728 0.       0.154175 0.       0.       0.      ],[0. 1. 0. 0. 0. 0. 0. 1. 0. 0. 0. 0. 0. 1. 1. 1. 0. 0. 1. 0. 1. 0. 0. 0. 0. 1. 0. 1. 0. 0. 0.],9.0,1000,100,0.01,0.0005,1,7,idID,,random,single_objective
691,0.18471970527404802,0.3879113810755008,0.003424091372,[0.       0.105728 0.       0.       0.       0.       0.       0.105728 0.       0.       0.       0.       0.       0.105728 0.105728 0.105728 0.       0.       0.105728 0.       0.105728 0.       0.       0.       0.       0.105728 0.       0.154175 0.       0.       0.      ],[0. 1. 0. 0. 0. 0. 0. 1. 0. 0. 0. 0. 0. 1. 1. 1. 0. 0. 1. 0. 1. 0. 0. 0. 0. 1. 0. 1. 0. 0. 0.],9.0,1000,100,0.01,0.0005,1,7,idID,,random,single_objective
692,0.18471970527404802,0.3879113810755008,0.003424091372,[0.       0.105728 0.       0.       0.       0.       0.       0.105728 0.       0.       0.       0.       0.       0.105728 0.105728 0.105728 0.       0.       0.105728 0.       0.105728 0.       0.       0.       0.       0.105728 0.       0.154175 0.       0.       0.      ],[0. 1. 0. 0. 0. 0. 0. 1. 0. 0. 0. 0. 0. 1. 1. 1. 0. 0. 1. 0. 1. 0. 0. 0. 0. 1. 0. 1. 0. 0. 0.],9.0,1000,100,0.01,0.0005,1,7,idID,,random,single_objective
693,0.18471970527404802,0.3879113810755008,0.003424091372,[0.       0.105728 0.       0.       0.       0.       0.       0.105728 0.       0.       0.       0.       0.       0.105728 0.105728 0.105728 0.       0.       0.105728 0.       0.105728 0.       0.       0.       0.       0.105728 0.       0.154175 0.       0.       0.      ],[0. 1. 0. 0. 0. 0. 0. 1. 0. 0. 0. 0. 0. 1. 1. 1. 0. 0. 1. 0. 1. 0. 0. 0. 0. 1. 0. 1. 0. 0. 0.],9.0,1000,100,0.01,0.0005,1,7,idID,,random,single_objective
694,0.18471970527404802,0.3879113810755008,0.003424091372,[0.       0.105728 0.       0.       0.       0.       0.       0.105728 0.       0.       0.       0.       0.       0.105728 0.105728 0.105728 0.       0.       0.105728 0.       0.105728 0.       0.       0.       0.       0.105728 0.       0.154175 0.       0.       0.      ],[0. 1. 0. 0. 0. 0. 0. 1. 0. 0. 0. 0. 0. 1. 1. 1. 0. 0. 1. 0. 1. 0. 0. 0. 0. 1. 0. 1. 0. 0. 0.],9.0,1000,100,0.01,0.0005,1,7,idID,,random,single_objective
695,0.18471970527404802,0.3879113810755008,0.003424091372,[0.       0.105728 0.       0.       0.       0.       0.       0.105728 0.       0.       0.       0.       0.       0.105728 0.105728 0.105728 0.       0.       0.105728 0.       0.105728 0.       0.       0.       0.       0.105728 0.       0.154175 0.       0.       0.      ],[0. 1. 0. 0. 0. 0. 0. 1. 0. 0. 0. 0. 0. 1. 1. 1. 0. 0. 1. 0. 1. 0. 0. 0. 0. 1. 0. 1. 0. 0. 0.],9.0,1000,100,0.01,0.0005,1,7,idID,,random,single_objective
696,0.18471970527404802,0.3879113810755008,0.003424091372,[0.       0.105728 0.       0.       0.       0.       0.       0.105728 0.       0.       0.       0.       0.       0.105728 0.105728 0.105728 0.       0.       0.105728 0.       0.105728 0.       0.       0.       0.       0.105728 0.       0.154175 0.       0.       0.      ],[0. 1. 0. 0. 0. 0. 0. 1. 0. 0. 0. 0. 0. 1. 1. 1. 0. 0. 1. 0. 1. 0. 0. 0. 0. 1. 0. 1. 0. 0. 0.],9.0,1000,100,0.01,0.0005,1,7,idID,,random,single_objective
697,0.18471970527404802,0.3879113810755008,0.003424091372,[0.       0.105728 0.       0.       0.       0.       0.       0.105728 0.       0.       0.       0.       0.       0.105728 0.105728 0.105728 0.       0.       0.105728 0.       0.105728 0.       0.       0.       0.       0.105728 0.       0.154175 0.       0.       0.      ],[0. 1. 0. 0. 0. 0. 0. 1. 0. 0. 0. 0. 0. 1. 1. 1. 0. 0. 1. 0. 1. 0. 0. 0. 0. 1. 0. 1. 0. 0. 0.],9.0,1000,100,0.01,0.0005,1,7,idID,,random,single_objective
698,0.18471970527404802,0.3879113810755008,0.003424091372,[0.       0.105728 0.       0.       0.       0.       0.       0.105728 0.       0.       0.       0.       0.       0.105728 0.105728 0.105728 0.       0.       0.105728 0.       0.105728 0.       0.       0.       0.       0.105728 0.       0.154175 0.       0.       0.      ],[0. 1. 0. 0. 0. 0. 0. 1. 0. 0. 0. 0. 0. 1. 1. 1. 0. 0. 1. 0. 1. 0. 0. 0. 0. 1. 0. 1. 0. 0. 0.],9.0,1000,100,0.01,0.0005,1,7,idID,,random,single_objective
699,0.18471970527404802,0.3879113810755008,0.003424091372,[0.       0.105728 0.       0.       0.       0.       0.       0.105728 0.       0.       0.       0.       0.       0.105728 0.105728 0.105728 0.       0.       0.105728 0.       0.105728 0.       0.       0.       0.       0.105728 0.       0.154175 0.       0.       0.      ],[0. 1. 0. 0. 0. 0. 0. 1. 0. 0. 0. 0. 0. 1. 1. 1. 0. 0. 1. 0. 1. 0. 0. 0. 0. 1. 0. 1. 0. 0. 0.],9.0,1000,100,0.01,0.0005,1,7,idID,,random,single_objective
700,0.18471970527404802,0.3879113810755008,0.003424091372,[0.       0.105728 0.       0.       0.       0.       0.       0.105728 0.       0.       0.       0.       0.       0.105728 0.105728 0.105728 0.       0.       0.105728 0.       0.105728 0.       0.       0.       0.       0.105728 0.       0.154175 0.       0.       0.      ],[0. 1. 0. 0. 0. 0. 0. 1. 0. 0. 0. 0. 0. 1. 1. 1. 0. 0. 1. 0. 1. 0. 0. 0. 0. 1. 0. 1. 0. 0. 0.],9.0,1000,100,0.01,0.0005,1,7,idID,,random,single_objective
701,0.18471970527404802,0.3879113810755008,0.003424091372,[0.       0.105728 0.       0.       0.       0.       0.       0.105728 0.       0.       0.       0.       0.       0.105728 0.105728 0.105728 0.       0.       0.105728 0.       0.105728 0.       0.       0.       0.       0.105728 0.       0.154175 0.       0.       0.      ],[0. 1. 0. 0. 0. 0. 0. 1. 0. 0. 0. 0. 0. 1. 1. 1. 0. 0. 1. 0. 1. 0. 0. 0. 0. 1. 0. 1. 0. 0. 0.],9.0,1000,100,0.01,0.0005,1,7,idID,,random,single_objective
702,0.18471970527404802,0.3879113810755008,0.003424091372,[0.       0.105728 0.       0.       0.       0.       0.       0.105728 0.       0.       0.       0.       0.       0.105728 0.105728 0.105728 0.       0.       0.105728 0.       0.105728 0.       0.       0.       0.       0.105728 0.       0.154175 0.       0.       0.      ],[0. 1. 0. 0. 0. 0. 0. 1. 0. 0. 0. 0. 0. 1. 1. 1. 0. 0. 1. 0. 1. 0. 0. 0. 0. 1. 0. 1. 0. 0. 0.],9.0,1000,100,0.01,0.0005,1,7,idID,,random,single_objective
703,0.18471970527404802,0.3879113810755008,0.003424091372,[0.       0.105728 0.       0.       0.       0.       0.       0.105728 0.       0.       0.       0.       0.       0.105728 0.105728 0.105728 0.       0.       0.105728 0.       0.105728 0.       0.       0.       0.       0.105728 0.       0.154175 0.       0.       0.      ],[0. 1. 0. 0. 0. 0. 0. 1. 0. 0. 0. 0. 0. 1. 1. 1. 0. 0. 1. 0. 1. 0. 0. 0. 0. 1. 0. 1. 0. 0. 0.],9.0,1000,100,0.01,0.0005,1,7,idID,,random,single_objective
704,0.18471970527404802,0.3879113810755008,0.003424091372,[0.       0.105728 0.       0.       0.       0.       0.       0.105728 0.       0.       0.       0.       0.       0.105728 0.105728 0.105728 0.       0.       0.105728 0.       0.105728 0.       0.       0.       0.       0.105728 0.       0.154175 0.       0.       0.      ],[0. 1. 0. 0. 0. 0. 0. 1. 0. 0. 0. 0. 0. 1. 1. 1. 0. 0. 1. 0. 1. 0. 0. 0. 0. 1. 0. 1. 0. 0. 0.],9.0,1000,100,0.01,0.0005,1,7,idID,,random,single_objective
705,0.18471970527404802,0.3879113810755008,0.003424091372,[0.       0.105728 0.       0.       0.       0.       0.       0.105728 0.       0.       0.       0.       0.       0.105728 0.105728 0.105728 0.       0.       0.105728 0.       0.105728 0.       0.       0.       0.       0.105728 0.       0.154175 0.       0.       0.      ],[0. 1. 0. 0. 0. 0. 0. 1. 0. 0. 0. 0. 0. 1. 1. 1. 0. 0. 1. 0. 1. 0. 0. 0. 0. 1. 0. 1. 0. 0. 0.],9.0,1000,100,0.01,0.0005,1,7,idID,,random,single_objective
706,0.18471970527404802,0.3879113810755008,0.003424091372,[0.       0.105728 0.       0.       0.       0.       0.       0.105728 0.       0.       0.       0.       0.       0.105728 0.105728 0.105728 0.       0.       0.105728 0.       0.105728 0.       0.       0.       0.       0.105728 0.       0.154175 0.       0.       0.      ],[0. 1. 0. 0. 0. 0. 0. 1. 0. 0. 0. 0. 0. 1. 1. 1. 0. 0. 1. 0. 1. 0. 0. 0. 0. 1. 0. 1. 0. 0. 0.],9.0,1000,100,0.01,0.0005,1,7,idID,,random,single_objective
707,0.18471970527404802,0.3879113810755008,0.003424091372,[0.       0.105728 0.       0.       0.       0.       0.       0.105728 0.       0.       0.       0.       0.       0.105728 0.105728 0.105728 0.       0.       0.105728 0.       0.105728 0.       0.       0.       0.       0.105728 0.       0.154175 0.       0.       0.      ],[0. 1. 0. 0. 0. 0. 0. 1. 0. 0. 0. 0. 0. 1. 1. 1. 0. 0. 1. 0. 1. 0. 0. 0. 0. 1. 0. 1. 0. 0. 0.],9.0,1000,100,0.01,0.0005,1,7,idID,,random,single_objective
708,0.18471970527404802,0.3879113810755008,0.003424091372,[0.       0.105728 0.       0.       0.       0.       0.       0.105728 0.       0.       0.       0.       0.       0.105728 0.105728 0.105728 0.       0.       0.105728 0.       0.105728 0.       0.       0.       0.       0.105728 0.       0.154175 0.       0.       0.      ],[0. 1. 0. 0. 0. 0. 0. 1. 0. 0. 0. 0. 0. 1. 1. 1. 0. 0. 1. 0. 1. 0. 0. 0. 0. 1. 0. 1. 0. 0. 0.],9.0,1000,100,0.01,0.0005,1,7,idID,,random,single_objective
709,0.18471970527404802,0.3879113810755008,0.003424091372,[0.       0.105728 0.       0.       0.       0.       0.       0.105728 0.       0.       0.       0.       0.       0.105728 0.105728 0.105728 0.       0.       0.105728 0.       0.105728 0.       0.       0.       0.       0.105728 0.       0.154175 0.       0.       0.      ],[0. 1. 0. 0. 0. 0. 0. 1. 0. 0. 0. 0. 0. 1. 1. 1. 0. 0. 1. 0. 1. 0. 0. 0. 0. 1. 0. 1. 0. 0. 0.],9.0,1000,100,0.01,0.0005,1,7,idID,,random,single_objective
710,0.18471970527404802,0.3879113810755008,0.003424091372,[0.       0.105728 0.       0.       0.       0.       0.       0.105728 0.       0.       0.       0.       0.       0.105728 0.105728 0.105728 0.       0.       0.105728 0.       0.105728 0.       0.       0.       0.       0.105728 0.       0.154175 0.       0.       0.      ],[0. 1. 0. 0. 0. 0. 0. 1. 0. 0. 0. 0. 0. 1. 1. 1. 0. 0. 1. 0. 1. 0. 0. 0. 0. 1. 0. 1. 0. 0. 0.],9.0,1000,100,0.01,0.0005,1,7,idID,,random,single_objective
711,0.18471970527404802,0.3879113810755008,0.003424091372,[0.       0.105728 0.       0.       0.       0.       0.       0.105728 0.       0.       0.       0.       0.       0.105728 0.105728 0.105728 0.       0.       0.105728 0.       0.105728 0.       0.       0.       0.       0.105728 0.       0.154175 0.       0.       0.      ],[0. 1. 0. 0. 0. 0. 0. 1. 0. 0. 0. 0. 0. 1. 1. 1. 0. 0. 1. 0. 1. 0. 0. 0. 0. 1. 0. 1. 0. 0. 0.],9.0,1000,100,0.01,0.0005,1,7,idID,,random,single_objective
712,0.18471970527404802,0.3879113810755008,0.003424091372,[0.       0.105728 0.       0.       0.       0.       0.       0.105728 0.       0.       0.       0.       0.       0.105728 0.105728 0.105728 0.       0.       0.105728 0.       0.105728 0.       0.       0.       0.       0.105728 0.       0.154175 0.       0.       0.      ],[0. 1. 0. 0. 0. 0. 0. 1. 0. 0. 0. 0. 0. 1. 1. 1. 0. 0. 1. 0. 1. 0. 0. 0. 0. 1. 0. 1. 0. 0. 0.],9.0,1000,100,0.01,0.0005,1,7,idID,,random,single_objective
713,0.18471970527404802,0.3879113810755008,0.003424091372,[0.       0.105728 0.       0.       0.       0.       0.       0.105728 0.       0.       0.       0.       0.       0.105728 0.105728 0.105728 0.       0.       0.105728 0.       0.105728 0.       0.       0.       0.       0.105728 0.       0.154175 0.       0.       0.      ],[0. 1. 0. 0. 0. 0. 0. 1. 0. 0. 0. 0. 0. 1. 1. 1. 0. 0. 1. 0. 1. 0. 0. 0. 0. 1. 0. 1. 0. 0. 0.],9.0,1000,100,0.01,0.0005,1,7,idID,,random,single_objective
714,0.18471970527404802,0.3879113810755008,0.003424091372,[0.       0.105728 0.       0.       0.       0.       0.       0.105728 0.       0.       0.       0.       0.       0.105728 0.105728 0.105728 0.       0.       0.105728 0.       0.105728 0.       0.       0.       0.       0.105728 0.       0.154175 0.       0.       0.      ],[0. 1. 0. 0. 0. 0. 0. 1. 0. 0. 0. 0. 0. 1. 1. 1. 0. 0. 1. 0. 1. 0. 0. 0. 0. 1. 0. 1. 0. 0. 0.],9.0,1000,100,0.01,0.0005,1,7,idID,,random,single_objective
715,0.18471970527404802,0.3879113810755008,0.003424091372,[0.       0.105728 0.       0.       0.       0.       0.       0.105728 0.       0.       0.       0.       0.       0.105728 0.105728 0.105728 0.       0.       0.105728 0.       0.105728 0.       0.       0.       0.       0.105728 0.       0.154175 0.       0.       0.      ],[0. 1. 0. 0. 0. 0. 0. 1. 0. 0. 0. 0. 0. 1. 1. 1. 0. 0. 1. 0. 1. 0. 0. 0. 0. 1. 0. 1. 0. 0. 0.],9.0,1000,100,0.01,0.0005,1,7,idID,,random,single_objective
716,0.18471970527404802,0.3879113810755008,0.003424091372,[0.       0.105728 0.       0.       0.       0.       0.       0.105728 0.       0.       0.       0.       0.       0.105728 0.105728 0.105728 0.       0.       0.105728 0.       0.105728 0.       0.       0.       0.       0.105728 0.       0.154175 0.       0.       0.      ],[0. 1. 0. 0. 0. 0. 0. 1. 0. 0. 0. 0. 0. 1. 1. 1. 0. 0. 1. 0. 1. 0. 0. 0. 0. 1. 0. 1. 0. 0. 0.],9.0,1000,100,0.01,0.0005,1,7,idID,,random,single_objective
717,0.18471970527404802,0.3879113810755008,0.003424091372,[0.       0.105728 0.       0.       0.       0.       0.       0.105728 0.       0.       0.       0.       0.       0.105728 0.105728 0.105728 0.       0.       0.105728 0.       0.105728 0.       0.       0.       0.       0.105728 0.       0.154175 0.       0.       0.      ],[0. 1. 0. 0. 0. 0. 0. 1. 0. 0. 0. 0. 0. 1. 1. 1. 0. 0. 1. 0. 1. 0. 0. 0. 0. 1. 0. 1. 0. 0. 0.],9.0,1000,100,0.01,0.0005,1,7,idID,,random,single_objective
718,0.18471970527404802,0.3879113810755008,0.003424091372,[0.       0.105728 0.       0.       0.       0.       0.       0.105728 0.       0.       0.       0.       0.       0.105728 0.105728 0.105728 0.       0.       0.105728 0.       0.105728 0.       0.       0.       0.       0.105728 0.       0.154175 0.       0.       0.      ],[0. 1. 0. 0. 0. 0. 0. 1. 0. 0. 0. 0. 0. 1. 1. 1. 0. 0. 1. 0. 1. 0. 0. 0. 0. 1. 0. 1. 0. 0. 0.],9.0,1000,100,0.01,0.0005,1,7,idID,,random,single_objective
719,0.18471970527404802,0.3879113810755008,0.003424091372,[0.       0.105728 0.       0.       0.       0.       0.       0.105728 0.       0.       0.       0.       0.       0.105728 0.105728 0.105728 0.       0.       0.105728 0.       0.105728 0.       0.       0.       0.       0.105728 0.       0.154175 0.       0.       0.      ],[0. 1. 0. 0. 0. 0. 0. 1. 0. 0. 0. 0. 0. 1. 1. 1. 0. 0. 1. 0. 1. 0. 0. 0. 0. 1. 0. 1. 0. 0. 0.],9.0,1000,100,0.01,0.0005,1,7,idID,,random,single_objective
720,0.18471970527404802,0.3879113810755008,0.003424091372,[0.       0.105728 0.       0.       0.       0.       0.       0.105728 0.       0.       0.       0.       0.       0.105728 0.105728 0.105728 0.       0.       0.105728 0.       0.105728 0.       0.       0.       0.       0.105728 0.       0.154175 0.       0.       0.      ],[0. 1. 0. 0. 0. 0. 0. 1. 0. 0. 0. 0. 0. 1. 1. 1. 0. 0. 1. 0. 1. 0. 0. 0. 0. 1. 0. 1. 0. 0. 0.],9.0,1000,100,0.01,0.0005,1,7,idID,,random,single_objective
721,0.18471970527404802,0.3879113810755008,0.003424091372,[0.       0.105728 0.       0.       0.       0.       0.       0.105728 0.       0.       0.       0.       0.       0.105728 0.105728 0.105728 0.       0.       0.105728 0.       0.105728 0.       0.       0.       0.       0.105728 0.       0.154175 0.       0.       0.      ],[0. 1. 0. 0. 0. 0. 0. 1. 0. 0. 0. 0. 0. 1. 1. 1. 0. 0. 1. 0. 1. 0. 0. 0. 0. 1. 0. 1. 0. 0. 0.],9.0,1000,100,0.01,0.0005,1,7,idID,,random,single_objective
722,0.18471970527404802,0.3879113810755008,0.003424091372,[0.       0.105728 0.       0.       0.       0.       0.       0.105728 0.       0.       0.       0.       0.       0.105728 0.105728 0.105728 0.       0.       0.105728 0.       0.105728 0.       0.       0.       0.       0.105728 0.       0.154175 0.       0.       0.      ],[0. 1. 0. 0. 0. 0. 0. 1. 0. 0. 0. 0. 0. 1. 1. 1. 0. 0. 1. 0. 1. 0. 0. 0. 0. 1. 0. 1. 0. 0. 0.],9.0,1000,100,0.01,0.0005,1,7,idID,,random,single_objective
723,0.18471970527404802,0.3879113810755008,0.003424091372,[0.       0.105728 0.       0.       0.       0.       0.       0.105728 0.       0.       0.       0.       0.       0.105728 0.105728 0.105728 0.       0.       0.105728 0.       0.105728 0.       0.       0.       0.       0.105728 0.       0.154175 0.       0.       0.      ],[0. 1. 0. 0. 0. 0. 0. 1. 0. 0. 0. 0. 0. 1. 1. 1. 0. 0. 1. 0. 1. 0. 0. 0. 0. 1. 0. 1. 0. 0. 0.],9.0,1000,100,0.01,0.0005,1,7,idID,,random,single_objective
724,0.18471970527404802,0.3879113810755008,0.003424091372,[0.       0.105728 0.       0.       0.       0.       0.       0.105728 0.       0.       0.       0.       0.       0.105728 0.105728 0.105728 0.       0.       0.105728 0.       0.105728 0.       0.       0.       0.       0.105728 0.       0.154175 0.       0.       0.      ],[0. 1. 0. 0. 0. 0. 0. 1. 0. 0. 0. 0. 0. 1. 1. 1. 0. 0. 1. 0. 1. 0. 0. 0. 0. 1. 0. 1. 0. 0. 0.],9.0,1000,100,0.01,0.0005,1,7,idID,,random,single_objective
725,0.18471970527404802,0.3879113810755008,0.003424091372,[0.       0.105728 0.       0.       0.       0.       0.       0.105728 0.       0.       0.       0.       0.       0.105728 0.105728 0.105728 0.       0.       0.105728 0.       0.105728 0.       0.       0.       0.       0.105728 0.       0.154175 0.       0.       0.      ],[0. 1. 0. 0. 0. 0. 0. 1. 0. 0. 0. 0. 0. 1. 1. 1. 0. 0. 1. 0. 1. 0. 0. 0. 0. 1. 0. 1. 0. 0. 0.],9.0,1000,100,0.01,0.0005,1,7,idID,,random,single_objective
726,0.18471970527404802,0.3879113810755008,0.003424091372,[0.       0.105728 0.       0.       0.       0.       0.       0.105728 0.       0.       0.       0.       0.       0.105728 0.105728 0.105728 0.       0.       0.105728 0.       0.105728 0.       0.       0.       0.       0.105728 0.       0.154175 0.       0.       0.      ],[0. 1. 0. 0. 0. 0. 0. 1. 0. 0. 0. 0. 0. 1. 1. 1. 0. 0. 1. 0. 1. 0. 0. 0. 0. 1. 0. 1. 0. 0. 0.],9.0,1000,100,0.01,0.0005,1,7,idID,,random,single_objective
727,0.18471970527404802,0.3879113810755008,0.003424091372,[0.       0.105728 0.       0.       0.       0.       0.       0.105728 0.       0.       0.       0.       0.       0.105728 0.105728 0.105728 0.       0.       0.105728 0.       0.105728 0.       0.       0.       0.       0.105728 0.       0.154175 0.       0.       0.      ],[0. 1. 0. 0. 0. 0. 0. 1. 0. 0. 0. 0. 0. 1. 1. 1. 0. 0. 1. 0. 1. 0. 0. 0. 0. 1. 0. 1. 0. 0. 0.],9.0,1000,100,0.01,0.0005,1,7,idID,,random,single_objective
728,0.18471970527404802,0.3879113810755008,0.003424091372,[0.       0.105728 0.       0.       0.       0.       0.       0.105728 0.       0.       0.       0.       0.       0.105728 0.105728 0.105728 0.       0.       0.105728 0.       0.105728 0.       0.       0.       0.       0.105728 0.       0.154175 0.       0.       0.      ],[0. 1. 0. 0. 0. 0. 0. 1. 0. 0. 0. 0. 0. 1. 1. 1. 0. 0. 1. 0. 1. 0. 0. 0. 0. 1. 0. 1. 0. 0. 0.],9.0,1000,100,0.01,0.0005,1,7,idID,,random,single_objective
729,0.18471970527404802,0.3879113810755008,0.003424091372,[0.       0.105728 0.       0.       0.       0.       0.       0.105728 0.       0.       0.       0.       0.       0.105728 0.105728 0.105728 0.       0.       0.105728 0.       0.105728 0.       0.       0.       0.       0.105728 0.       0.154175 0.       0.       0.      ],[0. 1. 0. 0. 0. 0. 0. 1. 0. 0. 0. 0. 0. 1. 1. 1. 0. 0. 1. 0. 1. 0. 0. 0. 0. 1. 0. 1. 0. 0. 0.],9.0,1000,100,0.01,0.0005,1,7,idID,,random,single_objective
730,0.18471970527404802,0.3879113810755008,0.003424091372,[0.       0.105728 0.       0.       0.       0.       0.       0.105728 0.       0.       0.       0.       0.       0.105728 0.105728 0.105728 0.       0.       0.105728 0.       0.105728 0.       0.       0.       0.       0.105728 0.       0.154175 0.       0.       0.      ],[0. 1. 0. 0. 0. 0. 0. 1. 0. 0. 0. 0. 0. 1. 1. 1. 0. 0. 1. 0. 1. 0. 0. 0. 0. 1. 0. 1. 0. 0. 0.],9.0,1000,100,0.01,0.0005,1,7,idID,,random,single_objective
731,0.18471970527404802,0.3879113810755008,0.003424091372,[0.       0.105728 0.       0.       0.       0.       0.       0.105728 0.       0.       0.       0.       0.       0.105728 0.105728 0.105728 0.       0.       0.105728 0.       0.105728 0.       0.       0.       0.       0.105728 0.       0.154175 0.       0.       0.      ],[0. 1. 0. 0. 0. 0. 0. 1. 0. 0. 0. 0. 0. 1. 1. 1. 0. 0. 1. 0. 1. 0. 0. 0. 0. 1. 0. 1. 0. 0. 0.],9.0,1000,100,0.01,0.0005,1,7,idID,,random,single_objective
732,0.18471970527404802,0.3879113810755008,0.003424091372,[0.       0.105728 0.       0.       0.       0.       0.       0.105728 0.       0.       0.       0.       0.       0.105728 0.105728 0.105728 0.       0.       0.105728 0.       0.105728 0.       0.       0.       0.       0.105728 0.       0.154175 0.       0.       0.      ],[0. 1. 0. 0. 0. 0. 0. 1. 0. 0. 0. 0. 0. 1. 1. 1. 0. 0. 1. 0. 1. 0. 0. 0. 0. 1. 0. 1. 0. 0. 0.],9.0,1000,100,0.01,0.0005,1,7,idID,,random,single_objective
733,0.18471970527404802,0.3879113810755008,0.003424091372,[0.       0.105728 0.       0.       0.       0.       0.       0.105728 0.       0.       0.       0.       0.       0.105728 0.105728 0.105728 0.       0.       0.105728 0.       0.105728 0.       0.       0.       0.       0.105728 0.       0.154175 0.       0.       0.      ],[0. 1. 0. 0. 0. 0. 0. 1. 0. 0. 0. 0. 0. 1. 1. 1. 0. 0. 1. 0. 1. 0. 0. 0. 0. 1. 0. 1. 0. 0. 0.],9.0,1000,100,0.01,0.0005,1,7,idID,,random,single_objective
734,0.18471970527404802,0.3879113810755008,0.003424091372,[0.       0.105728 0.       0.       0.       0.       0.       0.105728 0.       0.       0.       0.       0.       0.105728 0.105728 0.105728 0.       0.       0.105728 0.       0.105728 0.       0.       0.       0.       0.105728 0.       0.154175 0.       0.       0.      ],[0. 1. 0. 0. 0. 0. 0. 1. 0. 0. 0. 0. 0. 1. 1. 1. 0. 0. 1. 0. 1. 0. 0. 0. 0. 1. 0. 1. 0. 0. 0.],9.0,1000,100,0.01,0.0005,1,7,idID,,random,single_objective
735,0.18471970527404802,0.3879113810755008,0.003424091372,[0.       0.105728 0.       0.       0.       0.       0.       0.105728 0.       0.       0.       0.       0.       0.105728 0.105728 0.105728 0.       0.       0.105728 0.       0.105728 0.       0.       0.       0.       0.105728 0.       0.154175 0.       0.       0.      ],[0. 1. 0. 0. 0. 0. 0. 1. 0. 0. 0. 0. 0. 1. 1. 1. 0. 0. 1. 0. 1. 0. 0. 0. 0. 1. 0. 1. 0. 0. 0.],9.0,1000,100,0.01,0.0005,1,7,idID,,random,single_objective
736,0.18471970527404802,0.3879113810755008,0.003424091372,[0.       0.105728 0.       0.       0.       0.       0.       0.105728 0.       0.       0.       0.       0.       0.105728 0.105728 0.105728 0.       0.       0.105728 0.       0.105728 0.       0.       0.       0.       0.105728 0.       0.154175 0.       0.       0.      ],[0. 1. 0. 0. 0. 0. 0. 1. 0. 0. 0. 0. 0. 1. 1. 1. 0. 0. 1. 0. 1. 0. 0. 0. 0. 1. 0. 1. 0. 0. 0.],9.0,1000,100,0.01,0.0005,1,7,idID,,random,single_objective
737,0.18471970527404802,0.3879113810755008,0.003424091372,[0.       0.105728 0.       0.       0.       0.       0.       0.105728 0.       0.       0.       0.       0.       0.105728 0.105728 0.105728 0.       0.       0.105728 0.       0.105728 0.       0.       0.       0.       0.105728 0.       0.154175 0.       0.       0.      ],[0. 1. 0. 0. 0. 0. 0. 1. 0. 0. 0. 0. 0. 1. 1. 1. 0. 0. 1. 0. 1. 0. 0. 0. 0. 1. 0. 1. 0. 0. 0.],9.0,1000,100,0.01,0.0005,1,7,idID,,random,single_objective
738,0.18471970527404802,0.3879113810755008,0.003424091372,[0.       0.105728 0.       0.       0.       0.       0.       0.105728 0.       0.       0.       0.       0.       0.105728 0.105728 0.105728 0.       0.       0.105728 0.       0.105728 0.       0.       0.       0.       0.105728 0.       0.154175 0.       0.       0.      ],[0. 1. 0. 0. 0. 0. 0. 1. 0. 0. 0. 0. 0. 1. 1. 1. 0. 0. 1. 0. 1. 0. 0. 0. 0. 1. 0. 1. 0. 0. 0.],9.0,1000,100,0.01,0.0005,1,7,idID,,random,single_objective
739,0.18471970527404802,0.3879113810755008,0.003424091372,[0.       0.105728 0.       0.       0.       0.       0.       0.105728 0.       0.       0.       0.       0.       0.105728 0.105728 0.105728 0.       0.       0.105728 0.       0.105728 0.       0.       0.       0.       0.105728 0.       0.154175 0.       0.       0.      ],[0. 1. 0. 0. 0. 0. 0. 1. 0. 0. 0. 0. 0. 1. 1. 1. 0. 0. 1. 0. 1. 0. 0. 0. 0. 1. 0. 1. 0. 0. 0.],9.0,1000,100,0.01,0.0005,1,7,idID,,random,single_objective
740,0.18471970527404802,0.3879113810755008,0.003424091372,[0.       0.105728 0.       0.       0.       0.       0.       0.105728 0.       0.       0.       0.       0.       0.105728 0.105728 0.105728 0.       0.       0.105728 0.       0.105728 0.       0.       0.       0.       0.105728 0.       0.154175 0.       0.       0.      ],[0. 1. 0. 0. 0. 0. 0. 1. 0. 0. 0. 0. 0. 1. 1. 1. 0. 0. 1. 0. 1. 0. 0. 0. 0. 1. 0. 1. 0. 0. 0.],9.0,1000,100,0.01,0.0005,1,7,idID,,random,single_objective
741,0.18471970527404802,0.3879113810755008,0.003424091372,[0.       0.105728 0.       0.       0.       0.       0.       0.105728 0.       0.       0.       0.       0.       0.105728 0.105728 0.105728 0.       0.       0.105728 0.       0.105728 0.       0.       0.       0.       0.105728 0.       0.154175 0.       0.       0.      ],[0. 1. 0. 0. 0. 0. 0. 1. 0. 0. 0. 0. 0. 1. 1. 1. 0. 0. 1. 0. 1. 0. 0. 0. 0. 1. 0. 1. 0. 0. 0.],9.0,1000,100,0.01,0.0005,1,7,idID,,random,single_objective
742,0.18471970527404802,0.3879113810755008,0.003424091372,[0.       0.105728 0.       0.       0.       0.       0.       0.105728 0.       0.       0.       0.       0.       0.105728 0.105728 0.105728 0.       0.       0.105728 0.       0.105728 0.       0.       0.       0.       0.105728 0.       0.154175 0.       0.       0.      ],[0. 1. 0. 0. 0. 0. 0. 1. 0. 0. 0. 0. 0. 1. 1. 1. 0. 0. 1. 0. 1. 0. 0. 0. 0. 1. 0. 1. 0. 0. 0.],9.0,1000,100,0.01,0.0005,1,7,idID,,random,single_objective
743,0.18471970527404802,0.3879113810755008,0.003424091372,[0.       0.105728 0.       0.       0.       0.       0.       0.105728 0.       0.       0.       0.       0.       0.105728 0.105728 0.105728 0.       0.       0.105728 0.       0.105728 0.       0.       0.       0.       0.105728 0.       0.154175 0.       0.       0.      ],[0. 1. 0. 0. 0. 0. 0. 1. 0. 0. 0. 0. 0. 1. 1. 1. 0. 0. 1. 0. 1. 0. 0. 0. 0. 1. 0. 1. 0. 0. 0.],9.0,1000,100,0.01,0.0005,1,7,idID,,random,single_objective
744,0.18471970527404802,0.3879113810755008,0.003424091372,[0.       0.105728 0.       0.       0.       0.       0.       0.105728 0.       0.       0.       0.       0.       0.105728 0.105728 0.105728 0.       0.       0.105728 0.       0.105728 0.       0.       0.       0.       0.105728 0.       0.154175 0.       0.       0.      ],[0. 1. 0. 0. 0. 0. 0. 1. 0. 0. 0. 0. 0. 1. 1. 1. 0. 0. 1. 0. 1. 0. 0. 0. 0. 1. 0. 1. 0. 0. 0.],9.0,1000,100,0.01,0.0005,1,7,idID,,random,single_objective
745,0.18471970527404802,0.3879113810755008,0.003424091372,[0.       0.105728 0.       0.       0.       0.       0.       0.105728 0.       0.       0.       0.       0.       0.105728 0.105728 0.105728 0.       0.       0.105728 0.       0.105728 0.       0.       0.       0.       0.105728 0.       0.154175 0.       0.       0.      ],[0. 1. 0. 0. 0. 0. 0. 1. 0. 0. 0. 0. 0. 1. 1. 1. 0. 0. 1. 0. 1. 0. 0. 0. 0. 1. 0. 1. 0. 0. 0.],9.0,1000,100,0.01,0.0005,1,7,idID,,random,single_objective
746,0.18471970527404802,0.3879113810755008,0.003424091372,[0.       0.105728 0.       0.       0.       0.       0.       0.105728 0.       0.       0.       0.       0.       0.105728 0.105728 0.105728 0.       0.       0.105728 0.       0.105728 0.       0.       0.       0.       0.105728 0.       0.154175 0.       0.       0.      ],[0. 1. 0. 0. 0. 0. 0. 1. 0. 0. 0. 0. 0. 1. 1. 1. 0. 0. 1. 0. 1. 0. 0. 0. 0. 1. 0. 1. 0. 0. 0.],9.0,1000,100,0.01,0.0005,1,7,idID,,random,single_objective
747,0.18471970527404802,0.3879113810755008,0.003424091372,[0.       0.105728 0.       0.       0.       0.       0.       0.105728 0.       0.       0.       0.       0.       0.105728 0.105728 0.105728 0.       0.       0.105728 0.       0.105728 0.       0.       0.       0.       0.105728 0.       0.154175 0.       0.       0.      ],[0. 1. 0. 0. 0. 0. 0. 1. 0. 0. 0. 0. 0. 1. 1. 1. 0. 0. 1. 0. 1. 0. 0. 0. 0. 1. 0. 1. 0. 0. 0.],9.0,1000,100,0.01,0.0005,1,7,idID,,random,single_objective
748,0.18471970527404802,0.3879113810755008,0.003424091372,[0.       0.105728 0.       0.       0.       0.       0.       0.105728 0.       0.       0.       0.       0.       0.105728 0.105728 0.105728 0.       0.       0.105728 0.       0.105728 0.       0.       0.       0.       0.105728 0.       0.154175 0.       0.       0.      ],[0. 1. 0. 0. 0. 0. 0. 1. 0. 0. 0. 0. 0. 1. 1. 1. 0. 0. 1. 0. 1. 0. 0. 0. 0. 1. 0. 1. 0. 0. 0.],9.0,1000,100,0.01,0.0005,1,7,idID,,random,single_objective
749,0.18471970527404802,0.3879113810755008,0.003424091372,[0.       0.105728 0.       0.       0.       0.       0.       0.105728 0.       0.       0.       0.       0.       0.105728 0.105728 0.105728 0.       0.       0.105728 0.       0.105728 0.       0.       0.       0.       0.105728 0.       0.154175 0.       0.       0.      ],[0. 1. 0. 0. 0. 0. 0. 1. 0. 0. 0. 0. 0. 1. 1. 1. 0. 0. 1. 0. 1. 0. 0. 0. 0. 1. 0. 1. 0. 0. 0.],9.0,1000,100,0.01,0.0005,1,7,idID,,random,single_objective
750,0.18471970527404802,0.3879113810755008,0.003424091372,[0.       0.105728 0.       0.       0.       0.       0.       0.105728 0.       0.       0.       0.       0.       0.105728 0.105728 0.105728 0.       0.       0.105728 0.       0.105728 0.       0.       0.       0.       0.105728 0.       0.154175 0.       0.       0.      ],[0. 1. 0. 0. 0. 0. 0. 1. 0. 0. 0. 0. 0. 1. 1. 1. 0. 0. 1. 0. 1. 0. 0. 0. 0. 1. 0. 1. 0. 0. 0.],9.0,1000,100,0.01,0.0005,1,7,idID,,random,single_objective
751,0.18471970527404802,0.3879113810755008,0.003424091372,[0.       0.105728 0.       0.       0.       0.       0.       0.105728 0.       0.       0.       0.       0.       0.105728 0.105728 0.105728 0.       0.       0.105728 0.       0.105728 0.       0.       0.       0.       0.105728 0.       0.154175 0.       0.       0.      ],[0. 1. 0. 0. 0. 0. 0. 1. 0. 0. 0. 0. 0. 1. 1. 1. 0. 0. 1. 0. 1. 0. 0. 0. 0. 1. 0. 1. 0. 0. 0.],9.0,1000,100,0.01,0.0005,1,7,idID,,random,single_objective
752,0.18471970527404802,0.3879113810755008,0.003424091372,[0.       0.105728 0.       0.       0.       0.       0.       0.105728 0.       0.       0.       0.       0.       0.105728 0.105728 0.105728 0.       0.       0.105728 0.       0.105728 0.       0.       0.       0.       0.105728 0.       0.154175 0.       0.       0.      ],[0. 1. 0. 0. 0. 0. 0. 1. 0. 0. 0. 0. 0. 1. 1. 1. 0. 0. 1. 0. 1. 0. 0. 0. 0. 1. 0. 1. 0. 0. 0.],9.0,1000,100,0.01,0.0005,1,7,idID,,random,single_objective
753,0.18471970527404802,0.3879113810755008,0.003424091372,[0.       0.105728 0.       0.       0.       0.       0.       0.105728 0.       0.       0.       0.       0.       0.105728 0.105728 0.105728 0.       0.       0.105728 0.       0.105728 0.       0.       0.       0.       0.105728 0.       0.154175 0.       0.       0.      ],[0. 1. 0. 0. 0. 0. 0. 1. 0. 0. 0. 0. 0. 1. 1. 1. 0. 0. 1. 0. 1. 0. 0. 0. 0. 1. 0. 1. 0. 0. 0.],9.0,1000,100,0.01,0.0005,1,7,idID,,random,single_objective
754,0.18471970527404802,0.3879113810755008,0.003424091372,[0.       0.105728 0.       0.       0.       0.       0.       0.105728 0.       0.       0.       0.       0.       0.105728 0.105728 0.105728 0.       0.       0.105728 0.       0.105728 0.       0.       0.       0.       0.105728 0.       0.154175 0.       0.       0.      ],[0. 1. 0. 0. 0. 0. 0. 1. 0. 0. 0. 0. 0. 1. 1. 1. 0. 0. 1. 0. 1. 0. 0. 0. 0. 1. 0. 1. 0. 0. 0.],9.0,1000,100,0.01,0.0005,1,7,idID,,random,single_objective
755,0.18471970527404802,0.3879113810755008,0.003424091372,[0.       0.105728 0.       0.       0.       0.       0.       0.105728 0.       0.       0.       0.       0.       0.105728 0.105728 0.105728 0.       0.       0.105728 0.       0.105728 0.       0.       0.       0.       0.105728 0.       0.154175 0.       0.       0.      ],[0. 1. 0. 0. 0. 0. 0. 1. 0. 0. 0. 0. 0. 1. 1. 1. 0. 0. 1. 0. 1. 0. 0. 0. 0. 1. 0. 1. 0. 0. 0.],9.0,1000,100,0.01,0.0005,1,7,idID,,random,single_objective
756,0.18471970527404802,0.3879113810755008,0.003424091372,[0.       0.105728 0.       0.       0.       0.       0.       0.105728 0.       0.       0.       0.       0.       0.105728 0.105728 0.105728 0.       0.       0.105728 0.       0.105728 0.       0.       0.       0.       0.105728 0.       0.154175 0.       0.       0.      ],[0. 1. 0. 0. 0. 0. 0. 1. 0. 0. 0. 0. 0. 1. 1. 1. 0. 0. 1. 0. 1. 0. 0. 0. 0. 1. 0. 1. 0. 0. 0.],9.0,1000,100,0.01,0.0005,1,7,idID,,random,single_objective
757,0.18471970527404802,0.3879113810755008,0.003424091372,[0.       0.105728 0.       0.       0.       0.       0.       0.105728 0.       0.       0.       0.       0.       0.105728 0.105728 0.105728 0.       0.       0.105728 0.       0.105728 0.       0.       0.       0.       0.105728 0.       0.154175 0.       0.       0.      ],[0. 1. 0. 0. 0. 0. 0. 1. 0. 0. 0. 0. 0. 1. 1. 1. 0. 0. 1. 0. 1. 0. 0. 0. 0. 1. 0. 1. 0. 0. 0.],9.0,1000,100,0.01,0.0005,1,7,idID,,random,single_objective
758,0.18471970527404802,0.3879113810755008,0.003424091372,[0.       0.105728 0.       0.       0.       0.       0.       0.105728 0.       0.       0.       0.       0.       0.105728 0.105728 0.105728 0.       0.       0.105728 0.       0.105728 0.       0.       0.       0.       0.105728 0.       0.154175 0.       0.       0.      ],[0. 1. 0. 0. 0. 0. 0. 1. 0. 0. 0. 0. 0. 1. 1. 1. 0. 0. 1. 0. 1. 0. 0. 0. 0. 1. 0. 1. 0. 0. 0.],9.0,1000,100,0.01,0.0005,1,7,idID,,random,single_objective
759,0.18471970527404802,0.3879113810755008,0.003424091372,[0.       0.105728 0.       0.       0.       0.       0.       0.105728 0.       0.       0.       0.       0.       0.105728 0.105728 0.105728 0.       0.       0.105728 0.       0.105728 0.       0.       0.       0.       0.105728 0.       0.154175 0.       0.       0.      ],[0. 1. 0. 0. 0. 0. 0. 1. 0. 0. 0. 0. 0. 1. 1. 1. 0. 0. 1. 0. 1. 0. 0. 0. 0. 1. 0. 1. 0. 0. 0.],9.0,1000,100,0.01,0.0005,1,7,idID,,random,single_objective
760,0.18471970527404802,0.3879113810755008,0.003424091372,[0.       0.105728 0.       0.       0.       0.       0.       0.105728 0.       0.       0.       0.       0.       0.105728 0.105728 0.105728 0.       0.       0.105728 0.       0.105728 0.       0.       0.       0.       0.105728 0.       0.154175 0.       0.       0.      ],[0. 1. 0. 0. 0. 0. 0. 1. 0. 0. 0. 0. 0. 1. 1. 1. 0. 0. 1. 0. 1. 0. 0. 0. 0. 1. 0. 1. 0. 0. 0.],9.0,1000,100,0.01,0.0005,1,7,idID,,random,single_objective
761,0.18471970527404802,0.3879113810755008,0.003424091372,[0.       0.105728 0.       0.       0.       0.       0.       0.105728 0.       0.       0.       0.       0.       0.105728 0.105728 0.105728 0.       0.       0.105728 0.       0.105728 0.       0.       0.       0.       0.105728 0.       0.154175 0.       0.       0.      ],[0. 1. 0. 0. 0. 0. 0. 1. 0. 0. 0. 0. 0. 1. 1. 1. 0. 0. 1. 0. 1. 0. 0. 0. 0. 1. 0. 1. 0. 0. 0.],9.0,1000,100,0.01,0.0005,1,7,idID,,random,single_objective
762,0.18471970527404802,0.3879113810755008,0.003424091372,[0.       0.105728 0.       0.       0.       0.       0.       0.105728 0.       0.       0.       0.       0.       0.105728 0.105728 0.105728 0.       0.       0.105728 0.       0.105728 0.       0.       0.       0.       0.105728 0.       0.154175 0.       0.       0.      ],[0. 1. 0. 0. 0. 0. 0. 1. 0. 0. 0. 0. 0. 1. 1. 1. 0. 0. 1. 0. 1. 0. 0. 0. 0. 1. 0. 1. 0. 0. 0.],9.0,1000,100,0.01,0.0005,1,7,idID,,random,single_objective
763,0.18471970527404802,0.3879113810755008,0.003424091372,[0.       0.105728 0.       0.       0.       0.       0.       0.105728 0.       0.       0.       0.       0.       0.105728 0.105728 0.105728 0.       0.       0.105728 0.       0.105728 0.       0.       0.       0.       0.105728 0.       0.154175 0.       0.       0.      ],[0. 1. 0. 0. 0. 0. 0. 1. 0. 0. 0. 0. 0. 1. 1. 1. 0. 0. 1. 0. 1. 0. 0. 0. 0. 1. 0. 1. 0. 0. 0.],9.0,1000,100,0.01,0.0005,1,7,idID,,random,single_objective
764,0.18471970527404802,0.3879113810755008,0.003424091372,[0.       0.105728 0.       0.       0.       0.       0.       0.105728 0.       0.       0.       0.       0.       0.105728 0.105728 0.105728 0.       0.       0.105728 0.       0.105728 0.       0.       0.       0.       0.105728 0.       0.154175 0.       0.       0.      ],[0. 1. 0. 0. 0. 0. 0. 1. 0. 0. 0. 0. 0. 1. 1. 1. 0. 0. 1. 0. 1. 0. 0. 0. 0. 1. 0. 1. 0. 0. 0.],9.0,1000,100,0.01,0.0005,1,7,idID,,random,single_objective
765,0.18471970527404802,0.3879113810755008,0.003424091372,[0.       0.105728 0.       0.       0.       0.       0.       0.105728 0.       0.       0.       0.       0.       0.105728 0.105728 0.105728 0.       0.       0.105728 0.       0.105728 0.       0.       0.       0.       0.105728 0.       0.154175 0.       0.       0.      ],[0. 1. 0. 0. 0. 0. 0. 1. 0. 0. 0. 0. 0. 1. 1. 1. 0. 0. 1. 0. 1. 0. 0. 0. 0. 1. 0. 1. 0. 0. 0.],9.0,1000,100,0.01,0.0005,1,7,idID,,random,single_objective
766,0.18471970527404802,0.3879113810755008,0.003424091372,[0.       0.105728 0.       0.       0.       0.       0.       0.105728 0.       0.       0.       0.       0.       0.105728 0.105728 0.105728 0.       0.       0.105728 0.       0.105728 0.       0.       0.       0.       0.105728 0.       0.154175 0.       0.       0.      ],[0. 1. 0. 0. 0. 0. 0. 1. 0. 0. 0. 0. 0. 1. 1. 1. 0. 0. 1. 0. 1. 0. 0. 0. 0. 1. 0. 1. 0. 0. 0.],9.0,1000,100,0.01,0.0005,1,7,idID,,random,single_objective
767,0.18471970527404802,0.3879113810755008,0.003424091372,[0.       0.105728 0.       0.       0.       0.       0.       0.105728 0.       0.       0.       0.       0.       0.105728 0.105728 0.105728 0.       0.       0.105728 0.       0.105728 0.       0.       0.       0.       0.105728 0.       0.154175 0.       0.       0.      ],[0. 1. 0. 0. 0. 0. 0. 1. 0. 0. 0. 0. 0. 1. 1. 1. 0. 0. 1. 0. 1. 0. 0. 0. 0. 1. 0. 1. 0. 0. 0.],9.0,1000,100,0.01,0.0005,1,7,idID,,random,single_objective
768,0.18471970527404802,0.3879113810755008,0.003424091372,[0.       0.105728 0.       0.       0.       0.       0.       0.105728 0.       0.       0.       0.       0.       0.105728 0.105728 0.105728 0.       0.       0.105728 0.       0.105728 0.       0.       0.       0.       0.105728 0.       0.154175 0.       0.       0.      ],[0. 1. 0. 0. 0. 0. 0. 1. 0. 0. 0. 0. 0. 1. 1. 1. 0. 0. 1. 0. 1. 0. 0. 0. 0. 1. 0. 1. 0. 0. 0.],9.0,1000,100,0.01,0.0005,1,7,idID,,random,single_objective
769,0.18471970527404802,0.3879113810755008,0.003424091372,[0.       0.105728 0.       0.       0.       0.       0.       0.105728 0.       0.       0.       0.       0.       0.105728 0.105728 0.105728 0.       0.       0.105728 0.       0.105728 0.       0.       0.       0.       0.105728 0.       0.154175 0.       0.       0.      ],[0. 1. 0. 0. 0. 0. 0. 1. 0. 0. 0. 0. 0. 1. 1. 1. 0. 0. 1. 0. 1. 0. 0. 0. 0. 1. 0. 1. 0. 0. 0.],9.0,1000,100,0.01,0.0005,1,7,idID,,random,single_objective
770,0.18471970527404802,0.3879113810755008,0.003424091372,[0.       0.105728 0.       0.       0.       0.       0.       0.105728 0.       0.       0.       0.       0.       0.105728 0.105728 0.105728 0.       0.       0.105728 0.       0.105728 0.       0.       0.       0.       0.105728 0.       0.154175 0.       0.       0.      ],[0. 1. 0. 0. 0. 0. 0. 1. 0. 0. 0. 0. 0. 1. 1. 1. 0. 0. 1. 0. 1. 0. 0. 0. 0. 1. 0. 1. 0. 0. 0.],9.0,1000,100,0.01,0.0005,1,7,idID,,random,single_objective
771,0.18471970527404802,0.3879113810755008,0.003424091372,[0.       0.105728 0.       0.       0.       0.       0.       0.105728 0.       0.       0.       0.       0.       0.105728 0.105728 0.105728 0.       0.       0.105728 0.       0.105728 0.       0.       0.       0.       0.105728 0.       0.154175 0.       0.       0.      ],[0. 1. 0. 0. 0. 0. 0. 1. 0. 0. 0. 0. 0. 1. 1. 1. 0. 0. 1. 0. 1. 0. 0. 0. 0. 1. 0. 1. 0. 0. 0.],9.0,1000,100,0.01,0.0005,1,7,idID,,random,single_objective
772,0.18471970527404802,0.3879113810755008,0.003424091372,[0.       0.105728 0.       0.       0.       0.       0.       0.105728 0.       0.       0.       0.       0.       0.105728 0.105728 0.105728 0.       0.       0.105728 0.       0.105728 0.       0.       0.       0.       0.105728 0.       0.154175 0.       0.       0.      ],[0. 1. 0. 0. 0. 0. 0. 1. 0. 0. 0. 0. 0. 1. 1. 1. 0. 0. 1. 0. 1. 0. 0. 0. 0. 1. 0. 1. 0. 0. 0.],9.0,1000,100,0.01,0.0005,1,7,idID,,random,single_objective
773,0.18471970527404802,0.3879113810755008,0.003424091372,[0.       0.105728 0.       0.       0.       0.       0.       0.105728 0.       0.       0.       0.       0.       0.105728 0.105728 0.105728 0.       0.       0.105728 0.       0.105728 0.       0.       0.       0.       0.105728 0.       0.154175 0.       0.       0.      ],[0. 1. 0. 0. 0. 0. 0. 1. 0. 0. 0. 0. 0. 1. 1. 1. 0. 0. 1. 0. 1. 0. 0. 0. 0. 1. 0. 1. 0. 0. 0.],9.0,1000,100,0.01,0.0005,1,7,idID,,random,single_objective
774,0.18471970527404802,0.3879113810755008,0.003424091372,[0.       0.105728 0.       0.       0.       0.       0.       0.105728 0.       0.       0.       0.       0.       0.105728 0.105728 0.105728 0.       0.       0.105728 0.       0.105728 0.       0.       0.       0.       0.105728 0.       0.154175 0.       0.       0.      ],[0. 1. 0. 0. 0. 0. 0. 1. 0. 0. 0. 0. 0. 1. 1. 1. 0. 0. 1. 0. 1. 0. 0. 0. 0. 1. 0. 1. 0. 0. 0.],9.0,1000,100,0.01,0.0005,1,7,idID,,random,single_objective
775,0.18471970527404802,0.3879113810755008,0.003424091372,[0.       0.105728 0.       0.       0.       0.       0.       0.105728 0.       0.       0.       0.       0.       0.105728 0.105728 0.105728 0.       0.       0.105728 0.       0.105728 0.       0.       0.       0.       0.105728 0.       0.154175 0.       0.       0.      ],[0. 1. 0. 0. 0. 0. 0. 1. 0. 0. 0. 0. 0. 1. 1. 1. 0. 0. 1. 0. 1. 0. 0. 0. 0. 1. 0. 1. 0. 0. 0.],9.0,1000,100,0.01,0.0005,1,7,idID,,random,single_objective
776,0.18471970527404802,0.3879113810755008,0.003424091372,[0.       0.105728 0.       0.       0.       0.       0.       0.105728 0.       0.       0.       0.       0.       0.105728 0.105728 0.105728 0.       0.       0.105728 0.       0.105728 0.       0.       0.       0.       0.105728 0.       0.154175 0.       0.       0.      ],[0. 1. 0. 0. 0. 0. 0. 1. 0. 0. 0. 0. 0. 1. 1. 1. 0. 0. 1. 0. 1. 0. 0. 0. 0. 1. 0. 1. 0. 0. 0.],9.0,1000,100,0.01,0.0005,1,7,idID,,random,single_objective
777,0.18471970527404802,0.3879113810755008,0.003424091372,[0.       0.105728 0.       0.       0.       0.       0.       0.105728 0.       0.       0.       0.       0.       0.105728 0.105728 0.105728 0.       0.       0.105728 0.       0.105728 0.       0.       0.       0.       0.105728 0.       0.154175 0.       0.       0.      ],[0. 1. 0. 0. 0. 0. 0. 1. 0. 0. 0. 0. 0. 1. 1. 1. 0. 0. 1. 0. 1. 0. 0. 0. 0. 1. 0. 1. 0. 0. 0.],9.0,1000,100,0.01,0.0005,1,7,idID,,random,single_objective
778,0.18471970527404802,0.3879113810755008,0.003424091372,[0.       0.105728 0.       0.       0.       0.       0.       0.105728 0.       0.       0.       0.       0.       0.105728 0.105728 0.105728 0.       0.       0.105728 0.       0.105728 0.       0.       0.       0.       0.105728 0.       0.154175 0.       0.       0.      ],[0. 1. 0. 0. 0. 0. 0. 1. 0. 0. 0. 0. 0. 1. 1. 1. 0. 0. 1. 0. 1. 0. 0. 0. 0. 1. 0. 1. 0. 0. 0.],9.0,1000,100,0.01,0.0005,1,7,idID,,random,single_objective
779,0.18471970527404802,0.3879113810755008,0.003424091372,[0.       0.105728 0.       0.       0.       0.       0.       0.105728 0.       0.       0.       0.       0.       0.105728 0.105728 0.105728 0.       0.       0.105728 0.       0.105728 0.       0.       0.       0.       0.105728 0.       0.154175 0.       0.       0.      ],[0. 1. 0. 0. 0. 0. 0. 1. 0. 0. 0. 0. 0. 1. 1. 1. 0. 0. 1. 0. 1. 0. 0. 0. 0. 1. 0. 1. 0. 0. 0.],9.0,1000,100,0.01,0.0005,1,7,idID,,random,single_objective
780,0.18471970527404802,0.3879113810755008,0.003424091372,[0.       0.105728 0.       0.       0.       0.       0.       0.105728 0.       0.       0.       0.       0.       0.105728 0.105728 0.105728 0.       0.       0.105728 0.       0.105728 0.       0.       0.       0.       0.105728 0.       0.154175 0.       0.       0.      ],[0. 1. 0. 0. 0. 0. 0. 1. 0. 0. 0. 0. 0. 1. 1. 1. 0. 0. 1. 0. 1. 0. 0. 0. 0. 1. 0. 1. 0. 0. 0.],9.0,1000,100,0.01,0.0005,1,7,idID,,random,single_objective
781,0.18471970527404802,0.3879113810755008,0.003424091372,[0.       0.105728 0.       0.       0.       0.       0.       0.105728 0.       0.       0.       0.       0.       0.105728 0.105728 0.105728 0.       0.       0.105728 0.       0.105728 0.       0.       0.       0.       0.105728 0.       0.154175 0.       0.       0.      ],[0. 1. 0. 0. 0. 0. 0. 1. 0. 0. 0. 0. 0. 1. 1. 1. 0. 0. 1. 0. 1. 0. 0. 0. 0. 1. 0. 1. 0. 0. 0.],9.0,1000,100,0.01,0.0005,1,7,idID,,random,single_objective
782,0.18471970527404802,0.3879113810755008,0.003424091372,[0.       0.105728 0.       0.       0.       0.       0.       0.105728 0.       0.       0.       0.       0.       0.105728 0.105728 0.105728 0.       0.       0.105728 0.       0.105728 0.       0.       0.       0.       0.105728 0.       0.154175 0.       0.       0.      ],[0. 1. 0. 0. 0. 0. 0. 1. 0. 0. 0. 0. 0. 1. 1. 1. 0. 0. 1. 0. 1. 0. 0. 0. 0. 1. 0. 1. 0. 0. 0.],9.0,1000,100,0.01,0.0005,1,7,idID,,random,single_objective
783,0.18471970527404802,0.3879113810755008,0.003424091372,[0.       0.105728 0.       0.       0.       0.       0.       0.105728 0.       0.       0.       0.       0.       0.105728 0.105728 0.105728 0.       0.       0.105728 0.       0.105728 0.       0.       0.       0.       0.105728 0.       0.154175 0.       0.       0.      ],[0. 1. 0. 0. 0. 0. 0. 1. 0. 0. 0. 0. 0. 1. 1. 1. 0. 0. 1. 0. 1. 0. 0. 0. 0. 1. 0. 1. 0. 0. 0.],9.0,1000,100,0.01,0.0005,1,7,idID,,random,single_objective
784,0.18471970527404802,0.3879113810755008,0.003424091372,[0.       0.105728 0.       0.       0.       0.       0.       0.105728 0.       0.       0.       0.       0.       0.105728 0.105728 0.105728 0.       0.       0.105728 0.       0.105728 0.       0.       0.       0.       0.105728 0.       0.154175 0.       0.       0.      ],[0. 1. 0. 0. 0. 0. 0. 1. 0. 0. 0. 0. 0. 1. 1. 1. 0. 0. 1. 0. 1. 0. 0. 0. 0. 1. 0. 1. 0. 0. 0.],9.0,1000,100,0.01,0.0005,1,7,idID,,random,single_objective
785,0.18471970527404802,0.3879113810755008,0.003424091372,[0.       0.105728 0.       0.       0.       0.       0.       0.105728 0.       0.       0.       0.       0.       0.105728 0.105728 0.105728 0.       0.       0.105728 0.       0.105728 0.       0.       0.       0.       0.105728 0.       0.154175 0.       0.       0.      ],[0. 1. 0. 0. 0. 0. 0. 1. 0. 0. 0. 0. 0. 1. 1. 1. 0. 0. 1. 0. 1. 0. 0. 0. 0. 1. 0. 1. 0. 0. 0.],9.0,1000,100,0.01,0.0005,1,7,idID,,random,single_objective
786,0.18471970527404802,0.3879113810755008,0.003424091372,[0.       0.105728 0.       0.       0.       0.       0.       0.105728 0.       0.       0.       0.       0.       0.105728 0.105728 0.105728 0.       0.       0.105728 0.       0.105728 0.       0.       0.       0.       0.105728 0.       0.154175 0.       0.       0.      ],[0. 1. 0. 0. 0. 0. 0. 1. 0. 0. 0. 0. 0. 1. 1. 1. 0. 0. 1. 0. 1. 0. 0. 0. 0. 1. 0. 1. 0. 0. 0.],9.0,1000,100,0.01,0.0005,1,7,idID,,random,single_objective
787,0.18471970527404802,0.3879113810755008,0.003424091372,[0.       0.105728 0.       0.       0.       0.       0.       0.105728 0.       0.       0.       0.       0.       0.105728 0.105728 0.105728 0.       0.       0.105728 0.       0.105728 0.       0.       0.       0.       0.105728 0.       0.154175 0.       0.       0.      ],[0. 1. 0. 0. 0. 0. 0. 1. 0. 0. 0. 0. 0. 1. 1. 1. 0. 0. 1. 0. 1. 0. 0. 0. 0. 1. 0. 1. 0. 0. 0.],9.0,1000,100,0.01,0.0005,1,7,idID,,random,single_objective
788,0.18471970527404802,0.3879113810755008,0.003424091372,[0.       0.105728 0.       0.       0.       0.       0.       0.105728 0.       0.       0.       0.       0.       0.105728 0.105728 0.105728 0.       0.       0.105728 0.       0.105728 0.       0.       0.       0.       0.105728 0.       0.154175 0.       0.       0.      ],[0. 1. 0. 0. 0. 0. 0. 1. 0. 0. 0. 0. 0. 1. 1. 1. 0. 0. 1. 0. 1. 0. 0. 0. 0. 1. 0. 1. 0. 0. 0.],9.0,1000,100,0.01,0.0005,1,7,idID,,random,single_objective
789,0.18471970527404802,0.3879113810755008,0.003424091372,[0.       0.105728 0.       0.       0.       0.       0.       0.105728 0.       0.       0.       0.       0.       0.105728 0.105728 0.105728 0.       0.       0.105728 0.       0.105728 0.       0.       0.       0.       0.105728 0.       0.154175 0.       0.       0.      ],[0. 1. 0. 0. 0. 0. 0. 1. 0. 0. 0. 0. 0. 1. 1. 1. 0. 0. 1. 0. 1. 0. 0. 0. 0. 1. 0. 1. 0. 0. 0.],9.0,1000,100,0.01,0.0005,1,7,idID,,random,single_objective
790,0.18471970527404802,0.3879113810755008,0.003424091372,[0.       0.105728 0.       0.       0.       0.       0.       0.105728 0.       0.       0.       0.       0.       0.105728 0.105728 0.105728 0.       0.       0.105728 0.       0.105728 0.       0.       0.       0.       0.105728 0.       0.154175 0.       0.       0.      ],[0. 1. 0. 0. 0. 0. 0. 1. 0. 0. 0. 0. 0. 1. 1. 1. 0. 0. 1. 0. 1. 0. 0. 0. 0. 1. 0. 1. 0. 0. 0.],9.0,1000,100,0.01,0.0005,1,7,idID,,random,single_objective
791,0.18471970527404802,0.3879113810755008,0.003424091372,[0.       0.105728 0.       0.       0.       0.       0.       0.105728 0.       0.       0.       0.       0.       0.105728 0.105728 0.105728 0.       0.       0.105728 0.       0.105728 0.       0.       0.       0.       0.105728 0.       0.154175 0.       0.       0.      ],[0. 1. 0. 0. 0. 0. 0. 1. 0. 0. 0. 0. 0. 1. 1. 1. 0. 0. 1. 0. 1. 0. 0. 0. 0. 1. 0. 1. 0. 0. 0.],9.0,1000,100,0.01,0.0005,1,7,idID,,random,single_objective
792,0.18471970527404802,0.3879113810755008,0.003424091372,[0.       0.105728 0.       0.       0.       0.       0.       0.105728 0.       0.       0.       0.       0.       0.105728 0.105728 0.105728 0.       0.       0.105728 0.       0.105728 0.       0.       0.       0.       0.105728 0.       0.154175 0.       0.       0.      ],[0. 1. 0. 0. 0. 0. 0. 1. 0. 0. 0. 0. 0. 1. 1. 1. 0. 0. 1. 0. 1. 0. 0. 0. 0. 1. 0. 1. 0. 0. 0.],9.0,1000,100,0.01,0.0005,1,7,idID,,random,single_objective
793,0.18471970527404802,0.3879113810755008,0.003424091372,[0.       0.105728 0.       0.       0.       0.       0.       0.105728 0.       0.       0.       0.       0.       0.105728 0.105728 0.105728 0.       0.       0.105728 0.       0.105728 0.       0.       0.       0.       0.105728 0.       0.154175 0.       0.       0.      ],[0. 1. 0. 0. 0. 0. 0. 1. 0. 0. 0. 0. 0. 1. 1. 1. 0. 0. 1. 0. 1. 0. 0. 0. 0. 1. 0. 1. 0. 0. 0.],9.0,1000,100,0.01,0.0005,1,7,idID,,random,single_objective
794,0.18471970527404802,0.3879113810755008,0.003424091372,[0.       0.105728 0.       0.       0.       0.       0.       0.105728 0.       0.       0.       0.       0.       0.105728 0.105728 0.105728 0.       0.       0.105728 0.       0.105728 0.       0.       0.       0.       0.105728 0.       0.154175 0.       0.       0.      ],[0. 1. 0. 0. 0. 0. 0. 1. 0. 0. 0. 0. 0. 1. 1. 1. 0. 0. 1. 0. 1. 0. 0. 0. 0. 1. 0. 1. 0. 0. 0.],9.0,1000,100,0.01,0.0005,1,7,idID,,random,single_objective
795,0.18471970527404802,0.3879113810755008,0.003424091372,[0.       0.105728 0.       0.       0.       0.       0.       0.105728 0.       0.       0.       0.       0.       0.105728 0.105728 0.105728 0.       0.       0.105728 0.       0.105728 0.       0.       0.       0.       0.105728 0.       0.154175 0.       0.       0.      ],[0. 1. 0. 0. 0. 0. 0. 1. 0. 0. 0. 0. 0. 1. 1. 1. 0. 0. 1. 0. 1. 0. 0. 0. 0. 1. 0. 1. 0. 0. 0.],9.0,1000,100,0.01,0.0005,1,7,idID,,random,single_objective
796,0.18471970527404802,0.3879113810755008,0.003424091372,[0.       0.105728 0.       0.       0.       0.       0.       0.105728 0.       0.       0.       0.       0.       0.105728 0.105728 0.105728 0.       0.       0.105728 0.       0.105728 0.       0.       0.       0.       0.105728 0.       0.154175 0.       0.       0.      ],[0. 1. 0. 0. 0. 0. 0. 1. 0. 0. 0. 0. 0. 1. 1. 1. 0. 0. 1. 0. 1. 0. 0. 0. 0. 1. 0. 1. 0. 0. 0.],9.0,1000,100,0.01,0.0005,1,7,idID,,random,single_objective
797,0.18471970527404802,0.3879113810755008,0.003424091372,[0.       0.105728 0.       0.       0.       0.       0.       0.105728 0.       0.       0.       0.       0.       0.105728 0.105728 0.105728 0.       0.       0.105728 0.       0.105728 0.       0.       0.       0.       0.105728 0.       0.154175 0.       0.       0.      ],[0. 1. 0. 0. 0. 0. 0. 1. 0. 0. 0. 0. 0. 1. 1. 1. 0. 0. 1. 0. 1. 0. 0. 0. 0. 1. 0. 1. 0. 0. 0.],9.0,1000,100,0.01,0.0005,1,7,idID,,random,single_objective
798,0.18471970527404802,0.3879113810755008,0.003424091372,[0.       0.105728 0.       0.       0.       0.       0.       0.105728 0.       0.       0.       0.       0.       0.105728 0.105728 0.105728 0.       0.       0.105728 0.       0.105728 0.       0.       0.       0.       0.105728 0.       0.154175 0.       0.       0.      ],[0. 1. 0. 0. 0. 0. 0. 1. 0. 0. 0. 0. 0. 1. 1. 1. 0. 0. 1. 0. 1. 0. 0. 0. 0. 1. 0. 1. 0. 0. 0.],9.0,1000,100,0.01,0.0005,1,7,idID,,random,single_objective
799,0.18471970527404802,0.3879113810755008,0.003424091372,[0.       0.105728 0.       0.       0.       0.       0.       0.105728 0.       0.       0.       0.       0.       0.105728 0.105728 0.105728 0.       0.       0.105728 0.       0.105728 0.       0.       0.       0.       0.105728 0.       0.154175 0.       0.       0.      ],[0. 1. 0. 0. 0. 0. 0. 1. 0. 0. 0. 0. 0. 1. 1. 1. 0. 0. 1. 0. 1. 0. 0. 0. 0. 1. 0. 1. 0. 0. 0.],9.0,1000,100,0.01,0.0005,1,7,idID,,random,single_objective
800,0.18471970527404802,0.3879113810755008,0.003424091372,[0.       0.105728 0.       0.       0.       0.       0.       0.105728 0.       0.       0.       0.       0.       0.105728 0.105728 0.105728 0.       0.       0.105728 0.       0.105728 0.       0.       0.       0.       0.105728 0.       0.154175 0.       0.       0.      ],[0. 1. 0. 0. 0. 0. 0. 1. 0. 0. 0. 0. 0. 1. 1. 1. 0. 0. 1. 0. 1. 0. 0. 0. 0. 1. 0. 1. 0. 0. 0.],9.0,1000,100,0.01,0.0005,1,7,idID,,random,single_objective
801,0.18471970527404802,0.3879113810755008,0.003424091372,[0.       0.105728 0.       0.       0.       0.       0.       0.105728 0.       0.       0.       0.       0.       0.105728 0.105728 0.105728 0.       0.       0.105728 0.       0.105728 0.       0.       0.       0.       0.105728 0.       0.154175 0.       0.       0.      ],[0. 1. 0. 0. 0. 0. 0. 1. 0. 0. 0. 0. 0. 1. 1. 1. 0. 0. 1. 0. 1. 0. 0. 0. 0. 1. 0. 1. 0. 0. 0.],9.0,1000,100,0.01,0.0005,1,7,idID,,random,single_objective
802,0.18471970527404802,0.3879113810755008,0.003424091372,[0.       0.105728 0.       0.       0.       0.       0.       0.105728 0.       0.       0.       0.       0.       0.105728 0.105728 0.105728 0.       0.       0.105728 0.       0.105728 0.       0.       0.       0.       0.105728 0.       0.154175 0.       0.       0.      ],[0. 1. 0. 0. 0. 0. 0. 1. 0. 0. 0. 0. 0. 1. 1. 1. 0. 0. 1. 0. 1. 0. 0. 0. 0. 1. 0. 1. 0. 0. 0.],9.0,1000,100,0.01,0.0005,1,7,idID,,random,single_objective
803,0.18471970527404802,0.3879113810755008,0.003424091372,[0.       0.105728 0.       0.       0.       0.       0.       0.105728 0.       0.       0.       0.       0.       0.105728 0.105728 0.105728 0.       0.       0.105728 0.       0.105728 0.       0.       0.       0.       0.105728 0.       0.154175 0.       0.       0.      ],[0. 1. 0. 0. 0. 0. 0. 1. 0. 0. 0. 0. 0. 1. 1. 1. 0. 0. 1. 0. 1. 0. 0. 0. 0. 1. 0. 1. 0. 0. 0.],9.0,1000,100,0.01,0.0005,1,7,idID,,random,single_objective
804,0.18471970527404802,0.3879113810755008,0.003424091372,[0.       0.105728 0.       0.       0.       0.       0.       0.105728 0.       0.       0.       0.       0.       0.105728 0.105728 0.105728 0.       0.       0.105728 0.       0.105728 0.       0.       0.       0.       0.105728 0.       0.154175 0.       0.       0.      ],[0. 1. 0. 0. 0. 0. 0. 1. 0. 0. 0. 0. 0. 1. 1. 1. 0. 0. 1. 0. 1. 0. 0. 0. 0. 1. 0. 1. 0. 0. 0.],9.0,1000,100,0.01,0.0005,1,7,idID,,random,single_objective
805,0.18471970527404802,0.3879113810755008,0.003424091372,[0.       0.105728 0.       0.       0.       0.       0.       0.105728 0.       0.       0.       0.       0.       0.105728 0.105728 0.105728 0.       0.       0.105728 0.       0.105728 0.       0.       0.       0.       0.105728 0.       0.154175 0.       0.       0.      ],[0. 1. 0. 0. 0. 0. 0. 1. 0. 0. 0. 0. 0. 1. 1. 1. 0. 0. 1. 0. 1. 0. 0. 0. 0. 1. 0. 1. 0. 0. 0.],9.0,1000,100,0.01,0.0005,1,7,idID,,random,single_objective
806,0.18471970527404802,0.3879113810755008,0.003424091372,[0.       0.105728 0.       0.       0.       0.       0.       0.105728 0.       0.       0.       0.       0.       0.105728 0.105728 0.105728 0.       0.       0.105728 0.       0.105728 0.       0.       0.       0.       0.105728 0.       0.154175 0.       0.       0.      ],[0. 1. 0. 0. 0. 0. 0. 1. 0. 0. 0. 0. 0. 1. 1. 1. 0. 0. 1. 0. 1. 0. 0. 0. 0. 1. 0. 1. 0. 0. 0.],9.0,1000,100,0.01,0.0005,1,7,idID,,random,single_objective
807,0.18471970527404802,0.3879113810755008,0.003424091372,[0.       0.105728 0.       0.       0.       0.       0.       0.105728 0.       0.       0.       0.       0.       0.105728 0.105728 0.105728 0.       0.       0.105728 0.       0.105728 0.       0.       0.       0.       0.105728 0.       0.154175 0.       0.       0.      ],[0. 1. 0. 0. 0. 0. 0. 1. 0. 0. 0. 0. 0. 1. 1. 1. 0. 0. 1. 0. 1. 0. 0. 0. 0. 1. 0. 1. 0. 0. 0.],9.0,1000,100,0.01,0.0005,1,7,idID,,random,single_objective
808,0.18471970527404802,0.3879113810755008,0.003424091372,[0.       0.105728 0.       0.       0.       0.       0.       0.105728 0.       0.       0.       0.       0.       0.105728 0.105728 0.105728 0.       0.       0.105728 0.       0.105728 0.       0.       0.       0.       0.105728 0.       0.154175 0.       0.       0.      ],[0. 1. 0. 0. 0. 0. 0. 1. 0. 0. 0. 0. 0. 1. 1. 1. 0. 0. 1. 0. 1. 0. 0. 0. 0. 1. 0. 1. 0. 0. 0.],9.0,1000,100,0.01,0.0005,1,7,idID,,random,single_objective
809,0.18471970527404802,0.3879113810755008,0.003424091372,[0.       0.105728 0.       0.       0.       0.       0.       0.105728 0.       0.       0.       0.       0.       0.105728 0.105728 0.105728 0.       0.       0.105728 0.       0.105728 0.       0.       0.       0.       0.105728 0.       0.154175 0.       0.       0.      ],[0. 1. 0. 0. 0. 0. 0. 1. 0. 0. 0. 0. 0. 1. 1. 1. 0. 0. 1. 0. 1. 0. 0. 0. 0. 1. 0. 1. 0. 0. 0.],9.0,1000,100,0.01,0.0005,1,7,idID,,random,single_objective
810,0.18471970527404802,0.3879113810755008,0.003424091372,[0.       0.105728 0.       0.       0.       0.       0.       0.105728 0.       0.       0.       0.       0.       0.105728 0.105728 0.105728 0.       0.       0.105728 0.       0.105728 0.       0.       0.       0.       0.105728 0.       0.154175 0.       0.       0.      ],[0. 1. 0. 0. 0. 0. 0. 1. 0. 0. 0. 0. 0. 1. 1. 1. 0. 0. 1. 0. 1. 0. 0. 0. 0. 1. 0. 1. 0. 0. 0.],9.0,1000,100,0.01,0.0005,1,7,idID,,random,single_objective
811,0.18471970527404802,0.3879113810755008,0.003424091372,[0.       0.105728 0.       0.       0.       0.       0.       0.105728 0.       0.       0.       0.       0.       0.105728 0.105728 0.105728 0.       0.       0.105728 0.       0.105728 0.       0.       0.       0.       0.105728 0.       0.154175 0.       0.       0.      ],[0. 1. 0. 0. 0. 0. 0. 1. 0. 0. 0. 0. 0. 1. 1. 1. 0. 0. 1. 0. 1. 0. 0. 0. 0. 1. 0. 1. 0. 0. 0.],9.0,1000,100,0.01,0.0005,1,7,idID,,random,single_objective
812,0.18471970527404802,0.3879113810755008,0.003424091372,[0.       0.105728 0.       0.       0.       0.       0.       0.105728 0.       0.       0.       0.       0.       0.105728 0.105728 0.105728 0.       0.       0.105728 0.       0.105728 0.       0.       0.       0.       0.105728 0.       0.154175 0.       0.       0.      ],[0. 1. 0. 0. 0. 0. 0. 1. 0. 0. 0. 0. 0. 1. 1. 1. 0. 0. 1. 0. 1. 0. 0. 0. 0. 1. 0. 1. 0. 0. 0.],9.0,1000,100,0.01,0.0005,1,7,idID,,random,single_objective
813,0.18471970527404802,0.3879113810755008,0.003424091372,[0.       0.105728 0.       0.       0.       0.       0.       0.105728 0.       0.       0.       0.       0.       0.105728 0.105728 0.105728 0.       0.       0.105728 0.       0.105728 0.       0.       0.       0.       0.105728 0.       0.154175 0.       0.       0.      ],[0. 1. 0. 0. 0. 0. 0. 1. 0. 0. 0. 0. 0. 1. 1. 1. 0. 0. 1. 0. 1. 0. 0. 0. 0. 1. 0. 1. 0. 0. 0.],9.0,1000,100,0.01,0.0005,1,7,idID,,random,single_objective
814,0.18471970527404802,0.3879113810755008,0.003424091372,[0.       0.105728 0.       0.       0.       0.       0.       0.105728 0.       0.       0.       0.       0.       0.105728 0.105728 0.105728 0.       0.       0.105728 0.       0.105728 0.       0.       0.       0.       0.105728 0.       0.154175 0.       0.       0.      ],[0. 1. 0. 0. 0. 0. 0. 1. 0. 0. 0. 0. 0. 1. 1. 1. 0. 0. 1. 0. 1. 0. 0. 0. 0. 1. 0. 1. 0. 0. 0.],9.0,1000,100,0.01,0.0005,1,7,idID,,random,single_objective
815,0.18471970527404802,0.3879113810755008,0.003424091372,[0.       0.105728 0.       0.       0.       0.       0.       0.105728 0.       0.       0.       0.       0.       0.105728 0.105728 0.105728 0.       0.       0.105728 0.       0.105728 0.       0.       0.       0.       0.105728 0.       0.154175 0.       0.       0.      ],[0. 1. 0. 0. 0. 0. 0. 1. 0. 0. 0. 0. 0. 1. 1. 1. 0. 0. 1. 0. 1. 0. 0. 0. 0. 1. 0. 1. 0. 0. 0.],9.0,1000,100,0.01,0.0005,1,7,idID,,random,single_objective
816,0.18471970527404802,0.3879113810755008,0.003424091372,[0.       0.105728 0.       0.       0.       0.       0.       0.105728 0.       0.       0.       0.       0.       0.105728 0.105728 0.105728 0.       0.       0.105728 0.       0.105728 0.       0.       0.       0.       0.105728 0.       0.154175 0.       0.       0.      ],[0. 1. 0. 0. 0. 0. 0. 1. 0. 0. 0. 0. 0. 1. 1. 1. 0. 0. 1. 0. 1. 0. 0. 0. 0. 1. 0. 1. 0. 0. 0.],9.0,1000,100,0.01,0.0005,1,7,idID,,random,single_objective
817,0.18471970527404802,0.3879113810755008,0.003424091372,[0.       0.105728 0.       0.       0.       0.       0.       0.105728 0.       0.       0.       0.       0.       0.105728 0.105728 0.105728 0.       0.       0.105728 0.       0.105728 0.       0.       0.       0.       0.105728 0.       0.154175 0.       0.       0.      ],[0. 1. 0. 0. 0. 0. 0. 1. 0. 0. 0. 0. 0. 1. 1. 1. 0. 0. 1. 0. 1. 0. 0. 0. 0. 1. 0. 1. 0. 0. 0.],9.0,1000,100,0.01,0.0005,1,7,idID,,random,single_objective
818,0.18471970527404802,0.3879113810755008,0.003424091372,[0.       0.105728 0.       0.       0.       0.       0.       0.105728 0.       0.       0.       0.       0.       0.105728 0.105728 0.105728 0.       0.       0.105728 0.       0.105728 0.       0.       0.       0.       0.105728 0.       0.154175 0.       0.       0.      ],[0. 1. 0. 0. 0. 0. 0. 1. 0. 0. 0. 0. 0. 1. 1. 1. 0. 0. 1. 0. 1. 0. 0. 0. 0. 1. 0. 1. 0. 0. 0.],9.0,1000,100,0.01,0.0005,1,7,idID,,random,single_objective
819,0.18471970527404802,0.3879113810755008,0.003424091372,[0.       0.105728 0.       0.       0.       0.       0.       0.105728 0.       0.       0.       0.       0.       0.105728 0.105728 0.105728 0.       0.       0.105728 0.       0.105728 0.       0.       0.       0.       0.105728 0.       0.154175 0.       0.       0.      ],[0. 1. 0. 0. 0. 0. 0. 1. 0. 0. 0. 0. 0. 1. 1. 1. 0. 0. 1. 0. 1. 0. 0. 0. 0. 1. 0. 1. 0. 0. 0.],9.0,1000,100,0.01,0.0005,1,7,idID,,random,single_objective
820,0.18471970527404802,0.3879113810755008,0.003424091372,[0.       0.105728 0.       0.       0.       0.       0.       0.105728 0.       0.       0.       0.       0.       0.105728 0.105728 0.105728 0.       0.       0.105728 0.       0.105728 0.       0.       0.       0.       0.105728 0.       0.154175 0.       0.       0.      ],[0. 1. 0. 0. 0. 0. 0. 1. 0. 0. 0. 0. 0. 1. 1. 1. 0. 0. 1. 0. 1. 0. 0. 0. 0. 1. 0. 1. 0. 0. 0.],9.0,1000,100,0.01,0.0005,1,7,idID,,random,single_objective
821,0.18471970527404802,0.3879113810755008,0.003424091372,[0.       0.105728 0.       0.       0.       0.       0.       0.105728 0.       0.       0.       0.       0.       0.105728 0.105728 0.105728 0.       0.       0.105728 0.       0.105728 0.       0.       0.       0.       0.105728 0.       0.154175 0.       0.       0.      ],[0. 1. 0. 0. 0. 0. 0. 1. 0. 0. 0. 0. 0. 1. 1. 1. 0. 0. 1. 0. 1. 0. 0. 0. 0. 1. 0. 1. 0. 0. 0.],9.0,1000,100,0.01,0.0005,1,7,idID,,random,single_objective
822,0.18471970527404802,0.3879113810755008,0.003424091372,[0.       0.105728 0.       0.       0.       0.       0.       0.105728 0.       0.       0.       0.       0.       0.105728 0.105728 0.105728 0.       0.       0.105728 0.       0.105728 0.       0.       0.       0.       0.105728 0.       0.154175 0.       0.       0.      ],[0. 1. 0. 0. 0. 0. 0. 1. 0. 0. 0. 0. 0. 1. 1. 1. 0. 0. 1. 0. 1. 0. 0. 0. 0. 1. 0. 1. 0. 0. 0.],9.0,1000,100,0.01,0.0005,1,7,idID,,random,single_objective
823,0.18471970527404802,0.3879113810755008,0.003424091372,[0.       0.105728 0.       0.       0.       0.       0.       0.105728 0.       0.       0.       0.       0.       0.105728 0.105728 0.105728 0.       0.       0.105728 0.       0.105728 0.       0.       0.       0.       0.105728 0.       0.154175 0.       0.       0.      ],[0. 1. 0. 0. 0. 0. 0. 1. 0. 0. 0. 0. 0. 1. 1. 1. 0. 0. 1. 0. 1. 0. 0. 0. 0. 1. 0. 1. 0. 0. 0.],9.0,1000,100,0.01,0.0005,1,7,idID,,random,single_objective
824,0.18471970527404802,0.3879113810755008,0.003424091372,[0.       0.105728 0.       0.       0.       0.       0.       0.105728 0.       0.       0.       0.       0.       0.105728 0.105728 0.105728 0.       0.       0.105728 0.       0.105728 0.       0.       0.       0.       0.105728 0.       0.154175 0.       0.       0.      ],[0. 1. 0. 0. 0. 0. 0. 1. 0. 0. 0. 0. 0. 1. 1. 1. 0. 0. 1. 0. 1. 0. 0. 0. 0. 1. 0. 1. 0. 0. 0.],9.0,1000,100,0.01,0.0005,1,7,idID,,random,single_objective
825,0.18471970527404802,0.3879113810755008,0.003424091372,[0.       0.105728 0.       0.       0.       0.       0.       0.105728 0.       0.       0.       0.       0.       0.105728 0.105728 0.105728 0.       0.       0.105728 0.       0.105728 0.       0.       0.       0.       0.105728 0.       0.154175 0.       0.       0.      ],[0. 1. 0. 0. 0. 0. 0. 1. 0. 0. 0. 0. 0. 1. 1. 1. 0. 0. 1. 0. 1. 0. 0. 0. 0. 1. 0. 1. 0. 0. 0.],9.0,1000,100,0.01,0.0005,1,7,idID,,random,single_objective
826,0.18471970527404802,0.3879113810755008,0.003424091372,[0.       0.105728 0.       0.       0.       0.       0.       0.105728 0.       0.       0.       0.       0.       0.105728 0.105728 0.105728 0.       0.       0.105728 0.       0.105728 0.       0.       0.       0.       0.105728 0.       0.154175 0.       0.       0.      ],[0. 1. 0. 0. 0. 0. 0. 1. 0. 0. 0. 0. 0. 1. 1. 1. 0. 0. 1. 0. 1. 0. 0. 0. 0. 1. 0. 1. 0. 0. 0.],9.0,1000,100,0.01,0.0005,1,7,idID,,random,single_objective
827,0.18471970527404802,0.3879113810755008,0.003424091372,[0.       0.105728 0.       0.       0.       0.       0.       0.105728 0.       0.       0.       0.       0.       0.105728 0.105728 0.105728 0.       0.       0.105728 0.       0.105728 0.       0.       0.       0.       0.105728 0.       0.154175 0.       0.       0.      ],[0. 1. 0. 0. 0. 0. 0. 1. 0. 0. 0. 0. 0. 1. 1. 1. 0. 0. 1. 0. 1. 0. 0. 0. 0. 1. 0. 1. 0. 0. 0.],9.0,1000,100,0.01,0.0005,1,7,idID,,random,single_objective
828,0.18471970527404802,0.3879113810755008,0.003424091372,[0.       0.105728 0.       0.       0.       0.       0.       0.105728 0.       0.       0.       0.       0.       0.105728 0.105728 0.105728 0.       0.       0.105728 0.       0.105728 0.       0.       0.       0.       0.105728 0.       0.154175 0.       0.       0.      ],[0. 1. 0. 0. 0. 0. 0. 1. 0. 0. 0. 0. 0. 1. 1. 1. 0. 0. 1. 0. 1. 0. 0. 0. 0. 1. 0. 1. 0. 0. 0.],9.0,1000,100,0.01,0.0005,1,7,idID,,random,single_objective
829,0.18471970527404802,0.3879113810755008,0.003424091372,[0.       0.105728 0.       0.       0.       0.       0.       0.105728 0.       0.       0.       0.       0.       0.105728 0.105728 0.105728 0.       0.       0.105728 0.       0.105728 0.       0.       0.       0.       0.105728 0.       0.154175 0.       0.       0.      ],[0. 1. 0. 0. 0. 0. 0. 1. 0. 0. 0. 0. 0. 1. 1. 1. 0. 0. 1. 0. 1. 0. 0. 0. 0. 1. 0. 1. 0. 0. 0.],9.0,1000,100,0.01,0.0005,1,7,idID,,random,single_objective
830,0.18471970527404802,0.3879113810755008,0.003424091372,[0.       0.105728 0.       0.       0.       0.       0.       0.105728 0.       0.       0.       0.       0.       0.105728 0.105728 0.105728 0.       0.       0.105728 0.       0.105728 0.       0.       0.       0.       0.105728 0.       0.154175 0.       0.       0.      ],[0. 1. 0. 0. 0. 0. 0. 1. 0. 0. 0. 0. 0. 1. 1. 1. 0. 0. 1. 0. 1. 0. 0. 0. 0. 1. 0. 1. 0. 0. 0.],9.0,1000,100,0.01,0.0005,1,7,idID,,random,single_objective
831,0.18471970527404802,0.3879113810755008,0.003424091372,[0.       0.105728 0.       0.       0.       0.       0.       0.105728 0.       0.       0.       0.       0.       0.105728 0.105728 0.105728 0.       0.       0.105728 0.       0.105728 0.       0.       0.       0.       0.105728 0.       0.154175 0.       0.       0.      ],[0. 1. 0. 0. 0. 0. 0. 1. 0. 0. 0. 0. 0. 1. 1. 1. 0. 0. 1. 0. 1. 0. 0. 0. 0. 1. 0. 1. 0. 0. 0.],9.0,1000,100,0.01,0.0005,1,7,idID,,random,single_objective
832,0.18471970527404802,0.3879113810755008,0.003424091372,[0.       0.105728 0.       0.       0.       0.       0.       0.105728 0.       0.       0.       0.       0.       0.105728 0.105728 0.105728 0.       0.       0.105728 0.       0.105728 0.       0.       0.       0.       0.105728 0.       0.154175 0.       0.       0.      ],[0. 1. 0. 0. 0. 0. 0. 1. 0. 0. 0. 0. 0. 1. 1. 1. 0. 0. 1. 0. 1. 0. 0. 0. 0. 1. 0. 1. 0. 0. 0.],9.0,1000,100,0.01,0.0005,1,7,idID,,random,single_objective
833,0.18471970527404802,0.3879113810755008,0.003424091372,[0.       0.105728 0.       0.       0.       0.       0.       0.105728 0.       0.       0.       0.       0.       0.105728 0.105728 0.105728 0.       0.       0.105728 0.       0.105728 0.       0.       0.       0.       0.105728 0.       0.154175 0.       0.       0.      ],[0. 1. 0. 0. 0. 0. 0. 1. 0. 0. 0. 0. 0. 1. 1. 1. 0. 0. 1. 0. 1. 0. 0. 0. 0. 1. 0. 1. 0. 0. 0.],9.0,1000,100,0.01,0.0005,1,7,idID,,random,single_objective
834,0.18471970527404802,0.3879113810755008,0.003424091372,[0.       0.105728 0.       0.       0.       0.       0.       0.105728 0.       0.       0.       0.       0.       0.105728 0.105728 0.105728 0.       0.       0.105728 0.       0.105728 0.       0.       0.       0.       0.105728 0.       0.154175 0.       0.       0.      ],[0. 1. 0. 0. 0. 0. 0. 1. 0. 0. 0. 0. 0. 1. 1. 1. 0. 0. 1. 0. 1. 0. 0. 0. 0. 1. 0. 1. 0. 0. 0.],9.0,1000,100,0.01,0.0005,1,7,idID,,random,single_objective
835,0.18471970527404802,0.3879113810755008,0.003424091372,[0.       0.105728 0.       0.       0.       0.       0.       0.105728 0.       0.       0.       0.       0.       0.105728 0.105728 0.105728 0.       0.       0.105728 0.       0.105728 0.       0.       0.       0.       0.105728 0.       0.154175 0.       0.       0.      ],[0. 1. 0. 0. 0. 0. 0. 1. 0. 0. 0. 0. 0. 1. 1. 1. 0. 0. 1. 0. 1. 0. 0. 0. 0. 1. 0. 1. 0. 0. 0.],9.0,1000,100,0.01,0.0005,1,7,idID,,random,single_objective
836,0.18471970527404802,0.3879113810755008,0.003424091372,[0.       0.105728 0.       0.       0.       0.       0.       0.105728 0.       0.       0.       0.       0.       0.105728 0.105728 0.105728 0.       0.       0.105728 0.       0.105728 0.       0.       0.       0.       0.105728 0.       0.154175 0.       0.       0.      ],[0. 1. 0. 0. 0. 0. 0. 1. 0. 0. 0. 0. 0. 1. 1. 1. 0. 0. 1. 0. 1. 0. 0. 0. 0. 1. 0. 1. 0. 0. 0.],9.0,1000,100,0.01,0.0005,1,7,idID,,random,single_objective
837,0.18471970527404802,0.3879113810755008,0.003424091372,[0.       0.105728 0.       0.       0.       0.       0.       0.105728 0.       0.       0.       0.       0.       0.105728 0.105728 0.105728 0.       0.       0.105728 0.       0.105728 0.       0.       0.       0.       0.105728 0.       0.154175 0.       0.       0.      ],[0. 1. 0. 0. 0. 0. 0. 1. 0. 0. 0. 0. 0. 1. 1. 1. 0. 0. 1. 0. 1. 0. 0. 0. 0. 1. 0. 1. 0. 0. 0.],9.0,1000,100,0.01,0.0005,1,7,idID,,random,single_objective
838,0.18471970527404802,0.3879113810755008,0.003424091372,[0.       0.105728 0.       0.       0.       0.       0.       0.105728 0.       0.       0.       0.       0.       0.105728 0.105728 0.105728 0.       0.       0.105728 0.       0.105728 0.       0.       0.       0.       0.105728 0.       0.154175 0.       0.       0.      ],[0. 1. 0. 0. 0. 0. 0. 1. 0. 0. 0. 0. 0. 1. 1. 1. 0. 0. 1. 0. 1. 0. 0. 0. 0. 1. 0. 1. 0. 0. 0.],9.0,1000,100,0.01,0.0005,1,7,idID,,random,single_objective
839,0.18471970527404802,0.3879113810755008,0.003424091372,[0.       0.105728 0.       0.       0.       0.       0.       0.105728 0.       0.       0.       0.       0.       0.105728 0.105728 0.105728 0.       0.       0.105728 0.       0.105728 0.       0.       0.       0.       0.105728 0.       0.154175 0.       0.       0.      ],[0. 1. 0. 0. 0. 0. 0. 1. 0. 0. 0. 0. 0. 1. 1. 1. 0. 0. 1. 0. 1. 0. 0. 0. 0. 1. 0. 1. 0. 0. 0.],9.0,1000,100,0.01,0.0005,1,7,idID,,random,single_objective
840,0.18471970527404802,0.3879113810755008,0.003424091372,[0.       0.105728 0.       0.       0.       0.       0.       0.105728 0.       0.       0.       0.       0.       0.105728 0.105728 0.105728 0.       0.       0.105728 0.       0.105728 0.       0.       0.       0.       0.105728 0.       0.154175 0.       0.       0.      ],[0. 1. 0. 0. 0. 0. 0. 1. 0. 0. 0. 0. 0. 1. 1. 1. 0. 0. 1. 0. 1. 0. 0. 0. 0. 1. 0. 1. 0. 0. 0.],9.0,1000,100,0.01,0.0005,1,7,idID,,random,single_objective
841,0.18471970527404802,0.3879113810755008,0.003424091372,[0.       0.105728 0.       0.       0.       0.       0.       0.105728 0.       0.       0.       0.       0.       0.105728 0.105728 0.105728 0.       0.       0.105728 0.       0.105728 0.       0.       0.       0.       0.105728 0.       0.154175 0.       0.       0.      ],[0. 1. 0. 0. 0. 0. 0. 1. 0. 0. 0. 0. 0. 1. 1. 1. 0. 0. 1. 0. 1. 0. 0. 0. 0. 1. 0. 1. 0. 0. 0.],9.0,1000,100,0.01,0.0005,1,7,idID,,random,single_objective
842,0.18471970527404802,0.3879113810755008,0.003424091372,[0.       0.105728 0.       0.       0.       0.       0.       0.105728 0.       0.       0.       0.       0.       0.105728 0.105728 0.105728 0.       0.       0.105728 0.       0.105728 0.       0.       0.       0.       0.105728 0.       0.154175 0.       0.       0.      ],[0. 1. 0. 0. 0. 0. 0. 1. 0. 0. 0. 0. 0. 1. 1. 1. 0. 0. 1. 0. 1. 0. 0. 0. 0. 1. 0. 1. 0. 0. 0.],9.0,1000,100,0.01,0.0005,1,7,idID,,random,single_objective
843,0.18471970527404802,0.3879113810755008,0.003424091372,[0.       0.105728 0.       0.       0.       0.       0.       0.105728 0.       0.       0.       0.       0.       0.105728 0.105728 0.105728 0.       0.       0.105728 0.       0.105728 0.       0.       0.       0.       0.105728 0.       0.154175 0.       0.       0.      ],[0. 1. 0. 0. 0. 0. 0. 1. 0. 0. 0. 0. 0. 1. 1. 1. 0. 0. 1. 0. 1. 0. 0. 0. 0. 1. 0. 1. 0. 0. 0.],9.0,1000,100,0.01,0.0005,1,7,idID,,random,single_objective
844,0.18471970527404802,0.3879113810755008,0.003424091372,[0.       0.105728 0.       0.       0.       0.       0.       0.105728 0.       0.       0.       0.       0.       0.105728 0.105728 0.105728 0.       0.       0.105728 0.       0.105728 0.       0.       0.       0.       0.105728 0.       0.154175 0.       0.       0.      ],[0. 1. 0. 0. 0. 0. 0. 1. 0. 0. 0. 0. 0. 1. 1. 1. 0. 0. 1. 0. 1. 0. 0. 0. 0. 1. 0. 1. 0. 0. 0.],9.0,1000,100,0.01,0.0005,1,7,idID,,random,single_objective
845,0.18471970527404802,0.3879113810755008,0.003424091372,[0.       0.105728 0.       0.       0.       0.       0.       0.105728 0.       0.       0.       0.       0.       0.105728 0.105728 0.105728 0.       0.       0.105728 0.       0.105728 0.       0.       0.       0.       0.105728 0.       0.154175 0.       0.       0.      ],[0. 1. 0. 0. 0. 0. 0. 1. 0. 0. 0. 0. 0. 1. 1. 1. 0. 0. 1. 0. 1. 0. 0. 0. 0. 1. 0. 1. 0. 0. 0.],9.0,1000,100,0.01,0.0005,1,7,idID,,random,single_objective
846,0.18471970527404802,0.3879113810755008,0.003424091372,[0.       0.105728 0.       0.       0.       0.       0.       0.105728 0.       0.       0.       0.       0.       0.105728 0.105728 0.105728 0.       0.       0.105728 0.       0.105728 0.       0.       0.       0.       0.105728 0.       0.154175 0.       0.       0.      ],[0. 1. 0. 0. 0. 0. 0. 1. 0. 0. 0. 0. 0. 1. 1. 1. 0. 0. 1. 0. 1. 0. 0. 0. 0. 1. 0. 1. 0. 0. 0.],9.0,1000,100,0.01,0.0005,1,7,idID,,random,single_objective
847,0.18471970527404802,0.3879113810755008,0.003424091372,[0.       0.105728 0.       0.       0.       0.       0.       0.105728 0.       0.       0.       0.       0.       0.105728 0.105728 0.105728 0.       0.       0.105728 0.       0.105728 0.       0.       0.       0.       0.105728 0.       0.154175 0.       0.       0.      ],[0. 1. 0. 0. 0. 0. 0. 1. 0. 0. 0. 0. 0. 1. 1. 1. 0. 0. 1. 0. 1. 0. 0. 0. 0. 1. 0. 1. 0. 0. 0.],9.0,1000,100,0.01,0.0005,1,7,idID,,random,single_objective
848,0.18471970527404802,0.3879113810755008,0.003424091372,[0.       0.105728 0.       0.       0.       0.       0.       0.105728 0.       0.       0.       0.       0.       0.105728 0.105728 0.105728 0.       0.       0.105728 0.       0.105728 0.       0.       0.       0.       0.105728 0.       0.154175 0.       0.       0.      ],[0. 1. 0. 0. 0. 0. 0. 1. 0. 0. 0. 0. 0. 1. 1. 1. 0. 0. 1. 0. 1. 0. 0. 0. 0. 1. 0. 1. 0. 0. 0.],9.0,1000,100,0.01,0.0005,1,7,idID,,random,single_objective
849,0.18471970527404802,0.3879113810755008,0.003424091372,[0.       0.105728 0.       0.       0.       0.       0.       0.105728 0.       0.       0.       0.       0.       0.105728 0.105728 0.105728 0.       0.       0.105728 0.       0.105728 0.       0.       0.       0.       0.105728 0.       0.154175 0.       0.       0.      ],[0. 1. 0. 0. 0. 0. 0. 1. 0. 0. 0. 0. 0. 1. 1. 1. 0. 0. 1. 0. 1. 0. 0. 0. 0. 1. 0. 1. 0. 0. 0.],9.0,1000,100,0.01,0.0005,1,7,idID,,random,single_objective
850,0.18471970527404802,0.3879113810755008,0.003424091372,[0.       0.105728 0.       0.       0.       0.       0.       0.105728 0.       0.       0.       0.       0.       0.105728 0.105728 0.105728 0.       0.       0.105728 0.       0.105728 0.       0.       0.       0.       0.105728 0.       0.154175 0.       0.       0.      ],[0. 1. 0. 0. 0. 0. 0. 1. 0. 0. 0. 0. 0. 1. 1. 1. 0. 0. 1. 0. 1. 0. 0. 0. 0. 1. 0. 1. 0. 0. 0.],9.0,1000,100,0.01,0.0005,1,7,idID,,random,single_objective
851,0.18471970527404802,0.3879113810755008,0.003424091372,[0.       0.105728 0.       0.       0.       0.       0.       0.105728 0.       0.       0.       0.       0.       0.105728 0.105728 0.105728 0.       0.       0.105728 0.       0.105728 0.       0.       0.       0.       0.105728 0.       0.154175 0.       0.       0.      ],[0. 1. 0. 0. 0. 0. 0. 1. 0. 0. 0. 0. 0. 1. 1. 1. 0. 0. 1. 0. 1. 0. 0. 0. 0. 1. 0. 1. 0. 0. 0.],9.0,1000,100,0.01,0.0005,1,7,idID,,random,single_objective
852,0.18471970527404802,0.3879113810755008,0.003424091372,[0.       0.105728 0.       0.       0.       0.       0.       0.105728 0.       0.       0.       0.       0.       0.105728 0.105728 0.105728 0.       0.       0.105728 0.       0.105728 0.       0.       0.       0.       0.105728 0.       0.154175 0.       0.       0.      ],[0. 1. 0. 0. 0. 0. 0. 1. 0. 0. 0. 0. 0. 1. 1. 1. 0. 0. 1. 0. 1. 0. 0. 0. 0. 1. 0. 1. 0. 0. 0.],9.0,1000,100,0.01,0.0005,1,7,idID,,random,single_objective
853,0.18471970527404802,0.3879113810755008,0.003424091372,[0.       0.105728 0.       0.       0.       0.       0.       0.105728 0.       0.       0.       0.       0.       0.105728 0.105728 0.105728 0.       0.       0.105728 0.       0.105728 0.       0.       0.       0.       0.105728 0.       0.154175 0.       0.       0.      ],[0. 1. 0. 0. 0. 0. 0. 1. 0. 0. 0. 0. 0. 1. 1. 1. 0. 0. 1. 0. 1. 0. 0. 0. 0. 1. 0. 1. 0. 0. 0.],9.0,1000,100,0.01,0.0005,1,7,idID,,random,single_objective
854,0.18471970527404802,0.3879113810755008,0.003424091372,[0.       0.105728 0.       0.       0.       0.       0.       0.105728 0.       0.       0.       0.       0.       0.105728 0.105728 0.105728 0.       0.       0.105728 0.       0.105728 0.       0.       0.       0.       0.105728 0.       0.154175 0.       0.       0.      ],[0. 1. 0. 0. 0. 0. 0. 1. 0. 0. 0. 0. 0. 1. 1. 1. 0. 0. 1. 0. 1. 0. 0. 0. 0. 1. 0. 1. 0. 0. 0.],9.0,1000,100,0.01,0.0005,1,7,idID,,random,single_objective
855,0.18471970527404802,0.3879113810755008,0.003424091372,[0.       0.105728 0.       0.       0.       0.       0.       0.105728 0.       0.       0.       0.       0.       0.105728 0.105728 0.105728 0.       0.       0.105728 0.       0.105728 0.       0.       0.       0.       0.105728 0.       0.154175 0.       0.       0.      ],[0. 1. 0. 0. 0. 0. 0. 1. 0. 0. 0. 0. 0. 1. 1. 1. 0. 0. 1. 0. 1. 0. 0. 0. 0. 1. 0. 1. 0. 0. 0.],9.0,1000,100,0.01,0.0005,1,7,idID,,random,single_objective
856,0.18471970527404802,0.3879113810755008,0.003424091372,[0.       0.105728 0.       0.       0.       0.       0.       0.105728 0.       0.       0.       0.       0.       0.105728 0.105728 0.105728 0.       0.       0.105728 0.       0.105728 0.       0.       0.       0.       0.105728 0.       0.154175 0.       0.       0.      ],[0. 1. 0. 0. 0. 0. 0. 1. 0. 0. 0. 0. 0. 1. 1. 1. 0. 0. 1. 0. 1. 0. 0. 0. 0. 1. 0. 1. 0. 0. 0.],9.0,1000,100,0.01,0.0005,1,7,idID,,random,single_objective
857,0.18471970527404802,0.3879113810755008,0.003424091372,[0.       0.105728 0.       0.       0.       0.       0.       0.105728 0.       0.       0.       0.       0.       0.105728 0.105728 0.105728 0.       0.       0.105728 0.       0.105728 0.       0.       0.       0.       0.105728 0.       0.154175 0.       0.       0.      ],[0. 1. 0. 0. 0. 0. 0. 1. 0. 0. 0. 0. 0. 1. 1. 1. 0. 0. 1. 0. 1. 0. 0. 0. 0. 1. 0. 1. 0. 0. 0.],9.0,1000,100,0.01,0.0005,1,7,idID,,random,single_objective
858,0.18471970527404802,0.3879113810755008,0.003424091372,[0.       0.105728 0.       0.       0.       0.       0.       0.105728 0.       0.       0.       0.       0.       0.105728 0.105728 0.105728 0.       0.       0.105728 0.       0.105728 0.       0.       0.       0.       0.105728 0.       0.154175 0.       0.       0.      ],[0. 1. 0. 0. 0. 0. 0. 1. 0. 0. 0. 0. 0. 1. 1. 1. 0. 0. 1. 0. 1. 0. 0. 0. 0. 1. 0. 1. 0. 0. 0.],9.0,1000,100,0.01,0.0005,1,7,idID,,random,single_objective
859,0.18471970527404802,0.3879113810755008,0.003424091372,[0.       0.105728 0.       0.       0.       0.       0.       0.105728 0.       0.       0.       0.       0.       0.105728 0.105728 0.105728 0.       0.       0.105728 0.       0.105728 0.       0.       0.       0.       0.105728 0.       0.154175 0.       0.       0.      ],[0. 1. 0. 0. 0. 0. 0. 1. 0. 0. 0. 0. 0. 1. 1. 1. 0. 0. 1. 0. 1. 0. 0. 0. 0. 1. 0. 1. 0. 0. 0.],9.0,1000,100,0.01,0.0005,1,7,idID,,random,single_objective
860,0.18471970527404802,0.3879113810755008,0.003424091372,[0.       0.105728 0.       0.       0.       0.       0.       0.105728 0.       0.       0.       0.       0.       0.105728 0.105728 0.105728 0.       0.       0.105728 0.       0.105728 0.       0.       0.       0.       0.105728 0.       0.154175 0.       0.       0.      ],[0. 1. 0. 0. 0. 0. 0. 1. 0. 0. 0. 0. 0. 1. 1. 1. 0. 0. 1. 0. 1. 0. 0. 0. 0. 1. 0. 1. 0. 0. 0.],9.0,1000,100,0.01,0.0005,1,7,idID,,random,single_objective
861,0.18471970527404802,0.3879113810755008,0.003424091372,[0.       0.105728 0.       0.       0.       0.       0.       0.105728 0.       0.       0.       0.       0.       0.105728 0.105728 0.105728 0.       0.       0.105728 0.       0.105728 0.       0.       0.       0.       0.105728 0.       0.154175 0.       0.       0.      ],[0. 1. 0. 0. 0. 0. 0. 1. 0. 0. 0. 0. 0. 1. 1. 1. 0. 0. 1. 0. 1. 0. 0. 0. 0. 1. 0. 1. 0. 0. 0.],9.0,1000,100,0.01,0.0005,1,7,idID,,random,single_objective
862,0.18471970527404802,0.3879113810755008,0.003424091372,[0.       0.105728 0.       0.       0.       0.       0.       0.105728 0.       0.       0.       0.       0.       0.105728 0.105728 0.105728 0.       0.       0.105728 0.       0.105728 0.       0.       0.       0.       0.105728 0.       0.154175 0.       0.       0.      ],[0. 1. 0. 0. 0. 0. 0. 1. 0. 0. 0. 0. 0. 1. 1. 1. 0. 0. 1. 0. 1. 0. 0. 0. 0. 1. 0. 1. 0. 0. 0.],9.0,1000,100,0.01,0.0005,1,7,idID,,random,single_objective
863,0.18471970527404802,0.3879113810755008,0.003424091372,[0.       0.105728 0.       0.       0.       0.       0.       0.105728 0.       0.       0.       0.       0.       0.105728 0.105728 0.105728 0.       0.       0.105728 0.       0.105728 0.       0.       0.       0.       0.105728 0.       0.154175 0.       0.       0.      ],[0. 1. 0. 0. 0. 0. 0. 1. 0. 0. 0. 0. 0. 1. 1. 1. 0. 0. 1. 0. 1. 0. 0. 0. 0. 1. 0. 1. 0. 0. 0.],9.0,1000,100,0.01,0.0005,1,7,idID,,random,single_objective
864,0.18471970527404802,0.3879113810755008,0.003424091372,[0.       0.105728 0.       0.       0.       0.       0.       0.105728 0.       0.       0.       0.       0.       0.105728 0.105728 0.105728 0.       0.       0.105728 0.       0.105728 0.       0.       0.       0.       0.105728 0.       0.154175 0.       0.       0.      ],[0. 1. 0. 0. 0. 0. 0. 1. 0. 0. 0. 0. 0. 1. 1. 1. 0. 0. 1. 0. 1. 0. 0. 0. 0. 1. 0. 1. 0. 0. 0.],9.0,1000,100,0.01,0.0005,1,7,idID,,random,single_objective
865,0.18471970527404802,0.3879113810755008,0.003424091372,[0.       0.105728 0.       0.       0.       0.       0.       0.105728 0.       0.       0.       0.       0.       0.105728 0.105728 0.105728 0.       0.       0.105728 0.       0.105728 0.       0.       0.       0.       0.105728 0.       0.154175 0.       0.       0.      ],[0. 1. 0. 0. 0. 0. 0. 1. 0. 0. 0. 0. 0. 1. 1. 1. 0. 0. 1. 0. 1. 0. 0. 0. 0. 1. 0. 1. 0. 0. 0.],9.0,1000,100,0.01,0.0005,1,7,idID,,random,single_objective
866,0.18471970527404802,0.3879113810755008,0.003424091372,[0.       0.105728 0.       0.       0.       0.       0.       0.105728 0.       0.       0.       0.       0.       0.105728 0.105728 0.105728 0.       0.       0.105728 0.       0.105728 0.       0.       0.       0.       0.105728 0.       0.154175 0.       0.       0.      ],[0. 1. 0. 0. 0. 0. 0. 1. 0. 0. 0. 0. 0. 1. 1. 1. 0. 0. 1. 0. 1. 0. 0. 0. 0. 1. 0. 1. 0. 0. 0.],9.0,1000,100,0.01,0.0005,1,7,idID,,random,single_objective
867,0.18471970527404802,0.3879113810755008,0.003424091372,[0.       0.105728 0.       0.       0.       0.       0.       0.105728 0.       0.       0.       0.       0.       0.105728 0.105728 0.105728 0.       0.       0.105728 0.       0.105728 0.       0.       0.       0.       0.105728 0.       0.154175 0.       0.       0.      ],[0. 1. 0. 0. 0. 0. 0. 1. 0. 0. 0. 0. 0. 1. 1. 1. 0. 0. 1. 0. 1. 0. 0. 0. 0. 1. 0. 1. 0. 0. 0.],9.0,1000,100,0.01,0.0005,1,7,idID,,random,single_objective
868,0.18471970527404802,0.3879113810755008,0.003424091372,[0.       0.105728 0.       0.       0.       0.       0.       0.105728 0.       0.       0.       0.       0.       0.105728 0.105728 0.105728 0.       0.       0.105728 0.       0.105728 0.       0.       0.       0.       0.105728 0.       0.154175 0.       0.       0.      ],[0. 1. 0. 0. 0. 0. 0. 1. 0. 0. 0. 0. 0. 1. 1. 1. 0. 0. 1. 0. 1. 0. 0. 0. 0. 1. 0. 1. 0. 0. 0.],9.0,1000,100,0.01,0.0005,1,7,idID,,random,single_objective
869,0.18471970527404802,0.3879113810755008,0.003424091372,[0.       0.105728 0.       0.       0.       0.       0.       0.105728 0.       0.       0.       0.       0.       0.105728 0.105728 0.105728 0.       0.       0.105728 0.       0.105728 0.       0.       0.       0.       0.105728 0.       0.154175 0.       0.       0.      ],[0. 1. 0. 0. 0. 0. 0. 1. 0. 0. 0. 0. 0. 1. 1. 1. 0. 0. 1. 0. 1. 0. 0. 0. 0. 1. 0. 1. 0. 0. 0.],9.0,1000,100,0.01,0.0005,1,7,idID,,random,single_objective
870,0.18471970527404802,0.3879113810755008,0.003424091372,[0.       0.105728 0.       0.       0.       0.       0.       0.105728 0.       0.       0.       0.       0.       0.105728 0.105728 0.105728 0.       0.       0.105728 0.       0.105728 0.       0.       0.       0.       0.105728 0.       0.154175 0.       0.       0.      ],[0. 1. 0. 0. 0. 0. 0. 1. 0. 0. 0. 0. 0. 1. 1. 1. 0. 0. 1. 0. 1. 0. 0. 0. 0. 1. 0. 1. 0. 0. 0.],9.0,1000,100,0.01,0.0005,1,7,idID,,random,single_objective
871,0.18471970527404802,0.3879113810755008,0.003424091372,[0.       0.105728 0.       0.       0.       0.       0.       0.105728 0.       0.       0.       0.       0.       0.105728 0.105728 0.105728 0.       0.       0.105728 0.       0.105728 0.       0.       0.       0.       0.105728 0.       0.154175 0.       0.       0.      ],[0. 1. 0. 0. 0. 0. 0. 1. 0. 0. 0. 0. 0. 1. 1. 1. 0. 0. 1. 0. 1. 0. 0. 0. 0. 1. 0. 1. 0. 0. 0.],9.0,1000,100,0.01,0.0005,1,7,idID,,random,single_objective
872,0.18471970527404802,0.3879113810755008,0.003424091372,[0.       0.105728 0.       0.       0.       0.       0.       0.105728 0.       0.       0.       0.       0.       0.105728 0.105728 0.105728 0.       0.       0.105728 0.       0.105728 0.       0.       0.       0.       0.105728 0.       0.154175 0.       0.       0.      ],[0. 1. 0. 0. 0. 0. 0. 1. 0. 0. 0. 0. 0. 1. 1. 1. 0. 0. 1. 0. 1. 0. 0. 0. 0. 1. 0. 1. 0. 0. 0.],9.0,1000,100,0.01,0.0005,1,7,idID,,random,single_objective
873,0.18471970527404802,0.3879113810755008,0.003424091372,[0.       0.105728 0.       0.       0.       0.       0.       0.105728 0.       0.       0.       0.       0.       0.105728 0.105728 0.105728 0.       0.       0.105728 0.       0.105728 0.       0.       0.       0.       0.105728 0.       0.154175 0.       0.       0.      ],[0. 1. 0. 0. 0. 0. 0. 1. 0. 0. 0. 0. 0. 1. 1. 1. 0. 0. 1. 0. 1. 0. 0. 0. 0. 1. 0. 1. 0. 0. 0.],9.0,1000,100,0.01,0.0005,1,7,idID,,random,single_objective
874,0.18471970527404802,0.3879113810755008,0.003424091372,[0.       0.105728 0.       0.       0.       0.       0.       0.105728 0.       0.       0.       0.       0.       0.105728 0.105728 0.105728 0.       0.       0.105728 0.       0.105728 0.       0.       0.       0.       0.105728 0.       0.154175 0.       0.       0.      ],[0. 1. 0. 0. 0. 0. 0. 1. 0. 0. 0. 0. 0. 1. 1. 1. 0. 0. 1. 0. 1. 0. 0. 0. 0. 1. 0. 1. 0. 0. 0.],9.0,1000,100,0.01,0.0005,1,7,idID,,random,single_objective
875,0.18471970527404802,0.3879113810755008,0.003424091372,[0.       0.105728 0.       0.       0.       0.       0.       0.105728 0.       0.       0.       0.       0.       0.105728 0.105728 0.105728 0.       0.       0.105728 0.       0.105728 0.       0.       0.       0.       0.105728 0.       0.154175 0.       0.       0.      ],[0. 1. 0. 0. 0. 0. 0. 1. 0. 0. 0. 0. 0. 1. 1. 1. 0. 0. 1. 0. 1. 0. 0. 0. 0. 1. 0. 1. 0. 0. 0.],9.0,1000,100,0.01,0.0005,1,7,idID,,random,single_objective
876,0.18471970527404802,0.3879113810755008,0.003424091372,[0.       0.105728 0.       0.       0.       0.       0.       0.105728 0.       0.       0.       0.       0.       0.105728 0.105728 0.105728 0.       0.       0.105728 0.       0.105728 0.       0.       0.       0.       0.105728 0.       0.154175 0.       0.       0.      ],[0. 1. 0. 0. 0. 0. 0. 1. 0. 0. 0. 0. 0. 1. 1. 1. 0. 0. 1. 0. 1. 0. 0. 0. 0. 1. 0. 1. 0. 0. 0.],9.0,1000,100,0.01,0.0005,1,7,idID,,random,single_objective
877,0.18471970527404802,0.3879113810755008,0.003424091372,[0.       0.105728 0.       0.       0.       0.       0.       0.105728 0.       0.       0.       0.       0.       0.105728 0.105728 0.105728 0.       0.       0.105728 0.       0.105728 0.       0.       0.       0.       0.105728 0.       0.154175 0.       0.       0.      ],[0. 1. 0. 0. 0. 0. 0. 1. 0. 0. 0. 0. 0. 1. 1. 1. 0. 0. 1. 0. 1. 0. 0. 0. 0. 1. 0. 1. 0. 0. 0.],9.0,1000,100,0.01,0.0005,1,7,idID,,random,single_objective
878,0.18471970527404802,0.3879113810755008,0.003424091372,[0.       0.105728 0.       0.       0.       0.       0.       0.105728 0.       0.       0.       0.       0.       0.105728 0.105728 0.105728 0.       0.       0.105728 0.       0.105728 0.       0.       0.       0.       0.105728 0.       0.154175 0.       0.       0.      ],[0. 1. 0. 0. 0. 0. 0. 1. 0. 0. 0. 0. 0. 1. 1. 1. 0. 0. 1. 0. 1. 0. 0. 0. 0. 1. 0. 1. 0. 0. 0.],9.0,1000,100,0.01,0.0005,1,7,idID,,random,single_objective
879,0.18471970527404802,0.3879113810755008,0.003424091372,[0.       0.105728 0.       0.       0.       0.       0.       0.105728 0.       0.       0.       0.       0.       0.105728 0.105728 0.105728 0.       0.       0.105728 0.       0.105728 0.       0.       0.       0.       0.105728 0.       0.154175 0.       0.       0.      ],[0. 1. 0. 0. 0. 0. 0. 1. 0. 0. 0. 0. 0. 1. 1. 1. 0. 0. 1. 0. 1. 0. 0. 0. 0. 1. 0. 1. 0. 0. 0.],9.0,1000,100,0.01,0.0005,1,7,idID,,random,single_objective
880,0.18471970527404802,0.3879113810755008,0.003424091372,[0.       0.105728 0.       0.       0.       0.       0.       0.105728 0.       0.       0.       0.       0.       0.105728 0.105728 0.105728 0.       0.       0.105728 0.       0.105728 0.       0.       0.       0.       0.105728 0.       0.154175 0.       0.       0.      ],[0. 1. 0. 0. 0. 0. 0. 1. 0. 0. 0. 0. 0. 1. 1. 1. 0. 0. 1. 0. 1. 0. 0. 0. 0. 1. 0. 1. 0. 0. 0.],9.0,1000,100,0.01,0.0005,1,7,idID,,random,single_objective
881,0.18471970527404802,0.3879113810755008,0.003424091372,[0.       0.105728 0.       0.       0.       0.       0.       0.105728 0.       0.       0.       0.       0.       0.105728 0.105728 0.105728 0.       0.       0.105728 0.       0.105728 0.       0.       0.       0.       0.105728 0.       0.154175 0.       0.       0.      ],[0. 1. 0. 0. 0. 0. 0. 1. 0. 0. 0. 0. 0. 1. 1. 1. 0. 0. 1. 0. 1. 0. 0. 0. 0. 1. 0. 1. 0. 0. 0.],9.0,1000,100,0.01,0.0005,1,7,idID,,random,single_objective
882,0.18471970527404802,0.3879113810755008,0.003424091372,[0.       0.105728 0.       0.       0.       0.       0.       0.105728 0.       0.       0.       0.       0.       0.105728 0.105728 0.105728 0.       0.       0.105728 0.       0.105728 0.       0.       0.       0.       0.105728 0.       0.154175 0.       0.       0.      ],[0. 1. 0. 0. 0. 0. 0. 1. 0. 0. 0. 0. 0. 1. 1. 1. 0. 0. 1. 0. 1. 0. 0. 0. 0. 1. 0. 1. 0. 0. 0.],9.0,1000,100,0.01,0.0005,1,7,idID,,random,single_objective
883,0.18471970527404802,0.3879113810755008,0.003424091372,[0.       0.105728 0.       0.       0.       0.       0.       0.105728 0.       0.       0.       0.       0.       0.105728 0.105728 0.105728 0.       0.       0.105728 0.       0.105728 0.       0.       0.       0.       0.105728 0.       0.154175 0.       0.       0.      ],[0. 1. 0. 0. 0. 0. 0. 1. 0. 0. 0. 0. 0. 1. 1. 1. 0. 0. 1. 0. 1. 0. 0. 0. 0. 1. 0. 1. 0. 0. 0.],9.0,1000,100,0.01,0.0005,1,7,idID,,random,single_objective
884,0.18471970527404802,0.3879113810755008,0.003424091372,[0.       0.105728 0.       0.       0.       0.       0.       0.105728 0.       0.       0.       0.       0.       0.105728 0.105728 0.105728 0.       0.       0.105728 0.       0.105728 0.       0.       0.       0.       0.105728 0.       0.154175 0.       0.       0.      ],[0. 1. 0. 0. 0. 0. 0. 1. 0. 0. 0. 0. 0. 1. 1. 1. 0. 0. 1. 0. 1. 0. 0. 0. 0. 1. 0. 1. 0. 0. 0.],9.0,1000,100,0.01,0.0005,1,7,idID,,random,single_objective
885,0.18471970527404802,0.3879113810755008,0.003424091372,[0.       0.105728 0.       0.       0.       0.       0.       0.105728 0.       0.       0.       0.       0.       0.105728 0.105728 0.105728 0.       0.       0.105728 0.       0.105728 0.       0.       0.       0.       0.105728 0.       0.154175 0.       0.       0.      ],[0. 1. 0. 0. 0. 0. 0. 1. 0. 0. 0. 0. 0. 1. 1. 1. 0. 0. 1. 0. 1. 0. 0. 0. 0. 1. 0. 1. 0. 0. 0.],9.0,1000,100,0.01,0.0005,1,7,idID,,random,single_objective
886,0.18471970527404802,0.3879113810755008,0.003424091372,[0.       0.105728 0.       0.       0.       0.       0.       0.105728 0.       0.       0.       0.       0.       0.105728 0.105728 0.105728 0.       0.       0.105728 0.       0.105728 0.       0.       0.       0.       0.105728 0.       0.154175 0.       0.       0.      ],[0. 1. 0. 0. 0. 0. 0. 1. 0. 0. 0. 0. 0. 1. 1. 1. 0. 0. 1. 0. 1. 0. 0. 0. 0. 1. 0. 1. 0. 0. 0.],9.0,1000,100,0.01,0.0005,1,7,idID,,random,single_objective
887,0.18471970527404802,0.3879113810755008,0.003424091372,[0.       0.105728 0.       0.       0.       0.       0.       0.105728 0.       0.       0.       0.       0.       0.105728 0.105728 0.105728 0.       0.       0.105728 0.       0.105728 0.       0.       0.       0.       0.105728 0.       0.154175 0.       0.       0.      ],[0. 1. 0. 0. 0. 0. 0. 1. 0. 0. 0. 0. 0. 1. 1. 1. 0. 0. 1. 0. 1. 0. 0. 0. 0. 1. 0. 1. 0. 0. 0.],9.0,1000,100,0.01,0.0005,1,7,idID,,random,single_objective
888,0.18471970527404802,0.3879113810755008,0.003424091372,[0.       0.105728 0.       0.       0.       0.       0.       0.105728 0.       0.       0.       0.       0.       0.105728 0.105728 0.105728 0.       0.       0.105728 0.       0.105728 0.       0.       0.       0.       0.105728 0.       0.154175 0.       0.       0.      ],[0. 1. 0. 0. 0. 0. 0. 1. 0. 0. 0. 0. 0. 1. 1. 1. 0. 0. 1. 0. 1. 0. 0. 0. 0. 1. 0. 1. 0. 0. 0.],9.0,1000,100,0.01,0.0005,1,7,idID,,random,single_objective
889,0.18471970527404802,0.3879113810755008,0.003424091372,[0.       0.105728 0.       0.       0.       0.       0.       0.105728 0.       0.       0.       0.       0.       0.105728 0.105728 0.105728 0.       0.       0.105728 0.       0.105728 0.       0.       0.       0.       0.105728 0.       0.154175 0.       0.       0.      ],[0. 1. 0. 0. 0. 0. 0. 1. 0. 0. 0. 0. 0. 1. 1. 1. 0. 0. 1. 0. 1. 0. 0. 0. 0. 1. 0. 1. 0. 0. 0.],9.0,1000,100,0.01,0.0005,1,7,idID,,random,single_objective
890,0.18471970527404802,0.3879113810755008,0.003424091372,[0.       0.105728 0.       0.       0.       0.       0.       0.105728 0.       0.       0.       0.       0.       0.105728 0.105728 0.105728 0.       0.       0.105728 0.       0.105728 0.       0.       0.       0.       0.105728 0.       0.154175 0.       0.       0.      ],[0. 1. 0. 0. 0. 0. 0. 1. 0. 0. 0. 0. 0. 1. 1. 1. 0. 0. 1. 0. 1. 0. 0. 0. 0. 1. 0. 1. 0. 0. 0.],9.0,1000,100,0.01,0.0005,1,7,idID,,random,single_objective
891,0.18471970527404802,0.3879113810755008,0.003424091372,[0.       0.105728 0.       0.       0.       0.       0.       0.105728 0.       0.       0.       0.       0.       0.105728 0.105728 0.105728 0.       0.       0.105728 0.       0.105728 0.       0.       0.       0.       0.105728 0.       0.154175 0.       0.       0.      ],[0. 1. 0. 0. 0. 0. 0. 1. 0. 0. 0. 0. 0. 1. 1. 1. 0. 0. 1. 0. 1. 0. 0. 0. 0. 1. 0. 1. 0. 0. 0.],9.0,1000,100,0.01,0.0005,1,7,idID,,random,single_objective
892,0.18471970527404802,0.3879113810755008,0.003424091372,[0.       0.105728 0.       0.       0.       0.       0.       0.105728 0.       0.       0.       0.       0.       0.105728 0.105728 0.105728 0.       0.       0.105728 0.       0.105728 0.       0.       0.       0.       0.105728 0.       0.154175 0.       0.       0.      ],[0. 1. 0. 0. 0. 0. 0. 1. 0. 0. 0. 0. 0. 1. 1. 1. 0. 0. 1. 0. 1. 0. 0. 0. 0. 1. 0. 1. 0. 0. 0.],9.0,1000,100,0.01,0.0005,1,7,idID,,random,single_objective
893,0.18471970527404802,0.3879113810755008,0.003424091372,[0.       0.105728 0.       0.       0.       0.       0.       0.105728 0.       0.       0.       0.       0.       0.105728 0.105728 0.105728 0.       0.       0.105728 0.       0.105728 0.       0.       0.       0.       0.105728 0.       0.154175 0.       0.       0.      ],[0. 1. 0. 0. 0. 0. 0. 1. 0. 0. 0. 0. 0. 1. 1. 1. 0. 0. 1. 0. 1. 0. 0. 0. 0. 1. 0. 1. 0. 0. 0.],9.0,1000,100,0.01,0.0005,1,7,idID,,random,single_objective
894,0.18471970527404802,0.3879113810755008,0.003424091372,[0.       0.105728 0.       0.       0.       0.       0.       0.105728 0.       0.       0.       0.       0.       0.105728 0.105728 0.105728 0.       0.       0.105728 0.       0.105728 0.       0.       0.       0.       0.105728 0.       0.154175 0.       0.       0.      ],[0. 1. 0. 0. 0. 0. 0. 1. 0. 0. 0. 0. 0. 1. 1. 1. 0. 0. 1. 0. 1. 0. 0. 0. 0. 1. 0. 1. 0. 0. 0.],9.0,1000,100,0.01,0.0005,1,7,idID,,random,single_objective
895,0.18471970527404802,0.3879113810755008,0.003424091372,[0.       0.105728 0.       0.       0.       0.       0.       0.105728 0.       0.       0.       0.       0.       0.105728 0.105728 0.105728 0.       0.       0.105728 0.       0.105728 0.       0.       0.       0.       0.105728 0.       0.154175 0.       0.       0.      ],[0. 1. 0. 0. 0. 0. 0. 1. 0. 0. 0. 0. 0. 1. 1. 1. 0. 0. 1. 0. 1. 0. 0. 0. 0. 1. 0. 1. 0. 0. 0.],9.0,1000,100,0.01,0.0005,1,7,idID,,random,single_objective
896,0.18471970527404802,0.3879113810755008,0.003424091372,[0.       0.105728 0.       0.       0.       0.       0.       0.105728 0.       0.       0.       0.       0.       0.105728 0.105728 0.105728 0.       0.       0.105728 0.       0.105728 0.       0.       0.       0.       0.105728 0.       0.154175 0.       0.       0.      ],[0. 1. 0. 0. 0. 0. 0. 1. 0. 0. 0. 0. 0. 1. 1. 1. 0. 0. 1. 0. 1. 0. 0. 0. 0. 1. 0. 1. 0. 0. 0.],9.0,1000,100,0.01,0.0005,1,7,idID,,random,single_objective
897,0.18471970527404802,0.3879113810755008,0.003424091372,[0.       0.105728 0.       0.       0.       0.       0.       0.105728 0.       0.       0.       0.       0.       0.105728 0.105728 0.105728 0.       0.       0.105728 0.       0.105728 0.       0.       0.       0.       0.105728 0.       0.154175 0.       0.       0.      ],[0. 1. 0. 0. 0. 0. 0. 1. 0. 0. 0. 0. 0. 1. 1. 1. 0. 0. 1. 0. 1. 0. 0. 0. 0. 1. 0. 1. 0. 0. 0.],9.0,1000,100,0.01,0.0005,1,7,idID,,random,single_objective
898,0.18471970527404802,0.3879113810755008,0.003424091372,[0.       0.105728 0.       0.       0.       0.       0.       0.105728 0.       0.       0.       0.       0.       0.105728 0.105728 0.105728 0.       0.       0.105728 0.       0.105728 0.       0.       0.       0.       0.105728 0.       0.154175 0.       0.       0.      ],[0. 1. 0. 0. 0. 0. 0. 1. 0. 0. 0. 0. 0. 1. 1. 1. 0. 0. 1. 0. 1. 0. 0. 0. 0. 1. 0. 1. 0. 0. 0.],9.0,1000,100,0.01,0.0005,1,7,idID,,random,single_objective
899,0.18471970527404802,0.3879113810755008,0.003424091372,[0.       0.105728 0.       0.       0.       0.       0.       0.105728 0.       0.       0.       0.       0.       0.105728 0.105728 0.105728 0.       0.       0.105728 0.       0.105728 0.       0.       0.       0.       0.105728 0.       0.154175 0.       0.       0.      ],[0. 1. 0. 0. 0. 0. 0. 1. 0. 0. 0. 0. 0. 1. 1. 1. 0. 0. 1. 0. 1. 0. 0. 0. 0. 1. 0. 1. 0. 0. 0.],9.0,1000,100,0.01,0.0005,1,7,idID,,random,single_objective
900,0.18471970527404802,0.3879113810755008,0.003424091372,[0.       0.105728 0.       0.       0.       0.       0.       0.105728 0.       0.       0.       0.       0.       0.105728 0.105728 0.105728 0.       0.       0.105728 0.       0.105728 0.       0.       0.       0.       0.105728 0.       0.154175 0.       0.       0.      ],[0. 1. 0. 0. 0. 0. 0. 1. 0. 0. 0. 0. 0. 1. 1. 1. 0. 0. 1. 0. 1. 0. 0. 0. 0. 1. 0. 1. 0. 0. 0.],9.0,1000,100,0.01,0.0005,1,7,idID,,random,single_objective
901,0.18471970527404802,0.3879113810755008,0.003424091372,[0.       0.105728 0.       0.       0.       0.       0.       0.105728 0.       0.       0.       0.       0.       0.105728 0.105728 0.105728 0.       0.       0.105728 0.       0.105728 0.       0.       0.       0.       0.105728 0.       0.154175 0.       0.       0.      ],[0. 1. 0. 0. 0. 0. 0. 1. 0. 0. 0. 0. 0. 1. 1. 1. 0. 0. 1. 0. 1. 0. 0. 0. 0. 1. 0. 1. 0. 0. 0.],9.0,1000,100,0.01,0.0005,1,7,idID,,random,single_objective
902,0.18471970527404802,0.3879113810755008,0.003424091372,[0.       0.105728 0.       0.       0.       0.       0.       0.105728 0.       0.       0.       0.       0.       0.105728 0.105728 0.105728 0.       0.       0.105728 0.       0.105728 0.       0.       0.       0.       0.105728 0.       0.154175 0.       0.       0.      ],[0. 1. 0. 0. 0. 0. 0. 1. 0. 0. 0. 0. 0. 1. 1. 1. 0. 0. 1. 0. 1. 0. 0. 0. 0. 1. 0. 1. 0. 0. 0.],9.0,1000,100,0.01,0.0005,1,7,idID,,random,single_objective
903,0.18471970527404802,0.3879113810755008,0.003424091372,[0.       0.105728 0.       0.       0.       0.       0.       0.105728 0.       0.       0.       0.       0.       0.105728 0.105728 0.105728 0.       0.       0.105728 0.       0.105728 0.       0.       0.       0.       0.105728 0.       0.154175 0.       0.       0.      ],[0. 1. 0. 0. 0. 0. 0. 1. 0. 0. 0. 0. 0. 1. 1. 1. 0. 0. 1. 0. 1. 0. 0. 0. 0. 1. 0. 1. 0. 0. 0.],9.0,1000,100,0.01,0.0005,1,7,idID,,random,single_objective
904,0.18471970527404802,0.3879113810755008,0.003424091372,[0.       0.105728 0.       0.       0.       0.       0.       0.105728 0.       0.       0.       0.       0.       0.105728 0.105728 0.105728 0.       0.       0.105728 0.       0.105728 0.       0.       0.       0.       0.105728 0.       0.154175 0.       0.       0.      ],[0. 1. 0. 0. 0. 0. 0. 1. 0. 0. 0. 0. 0. 1. 1. 1. 0. 0. 1. 0. 1. 0. 0. 0. 0. 1. 0. 1. 0. 0. 0.],9.0,1000,100,0.01,0.0005,1,7,idID,,random,single_objective
905,0.18471970527404802,0.3879113810755008,0.003424091372,[0.       0.105728 0.       0.       0.       0.       0.       0.105728 0.       0.       0.       0.       0.       0.105728 0.105728 0.105728 0.       0.       0.105728 0.       0.105728 0.       0.       0.       0.       0.105728 0.       0.154175 0.       0.       0.      ],[0. 1. 0. 0. 0. 0. 0. 1. 0. 0. 0. 0. 0. 1. 1. 1. 0. 0. 1. 0. 1. 0. 0. 0. 0. 1. 0. 1. 0. 0. 0.],9.0,1000,100,0.01,0.0005,1,7,idID,,random,single_objective
906,0.18471970527404802,0.3879113810755008,0.003424091372,[0.       0.105728 0.       0.       0.       0.       0.       0.105728 0.       0.       0.       0.       0.       0.105728 0.105728 0.105728 0.       0.       0.105728 0.       0.105728 0.       0.       0.       0.       0.105728 0.       0.154175 0.       0.       0.      ],[0. 1. 0. 0. 0. 0. 0. 1. 0. 0. 0. 0. 0. 1. 1. 1. 0. 0. 1. 0. 1. 0. 0. 0. 0. 1. 0. 1. 0. 0. 0.],9.0,1000,100,0.01,0.0005,1,7,idID,,random,single_objective
907,0.18471970527404802,0.3879113810755008,0.003424091372,[0.       0.105728 0.       0.       0.       0.       0.       0.105728 0.       0.       0.       0.       0.       0.105728 0.105728 0.105728 0.       0.       0.105728 0.       0.105728 0.       0.       0.       0.       0.105728 0.       0.154175 0.       0.       0.      ],[0. 1. 0. 0. 0. 0. 0. 1. 0. 0. 0. 0. 0. 1. 1. 1. 0. 0. 1. 0. 1. 0. 0. 0. 0. 1. 0. 1. 0. 0. 0.],9.0,1000,100,0.01,0.0005,1,7,idID,,random,single_objective
908,0.18471970527404802,0.3879113810755008,0.003424091372,[0.       0.105728 0.       0.       0.       0.       0.       0.105728 0.       0.       0.       0.       0.       0.105728 0.105728 0.105728 0.       0.       0.105728 0.       0.105728 0.       0.       0.       0.       0.105728 0.       0.154175 0.       0.       0.      ],[0. 1. 0. 0. 0. 0. 0. 1. 0. 0. 0. 0. 0. 1. 1. 1. 0. 0. 1. 0. 1. 0. 0. 0. 0. 1. 0. 1. 0. 0. 0.],9.0,1000,100,0.01,0.0005,1,7,idID,,random,single_objective
909,0.18471970527404802,0.3879113810755008,0.003424091372,[0.       0.105728 0.       0.       0.       0.       0.       0.105728 0.       0.       0.       0.       0.       0.105728 0.105728 0.105728 0.       0.       0.105728 0.       0.105728 0.       0.       0.       0.       0.105728 0.       0.154175 0.       0.       0.      ],[0. 1. 0. 0. 0. 0. 0. 1. 0. 0. 0. 0. 0. 1. 1. 1. 0. 0. 1. 0. 1. 0. 0. 0. 0. 1. 0. 1. 0. 0. 0.],9.0,1000,100,0.01,0.0005,1,7,idID,,random,single_objective
910,0.18471970527404802,0.3879113810755008,0.003424091372,[0.       0.105728 0.       0.       0.       0.       0.       0.105728 0.       0.       0.       0.       0.       0.105728 0.105728 0.105728 0.       0.       0.105728 0.       0.105728 0.       0.       0.       0.       0.105728 0.       0.154175 0.       0.       0.      ],[0. 1. 0. 0. 0. 0. 0. 1. 0. 0. 0. 0. 0. 1. 1. 1. 0. 0. 1. 0. 1. 0. 0. 0. 0. 1. 0. 1. 0. 0. 0.],9.0,1000,100,0.01,0.0005,1,7,idID,,random,single_objective
911,0.18471970527404802,0.3879113810755008,0.003424091372,[0.       0.105728 0.       0.       0.       0.       0.       0.105728 0.       0.       0.       0.       0.       0.105728 0.105728 0.105728 0.       0.       0.105728 0.       0.105728 0.       0.       0.       0.       0.105728 0.       0.154175 0.       0.       0.      ],[0. 1. 0. 0. 0. 0. 0. 1. 0. 0. 0. 0. 0. 1. 1. 1. 0. 0. 1. 0. 1. 0. 0. 0. 0. 1. 0. 1. 0. 0. 0.],9.0,1000,100,0.01,0.0005,1,7,idID,,random,single_objective
912,0.18471970527404802,0.3879113810755008,0.003424091372,[0.       0.105728 0.       0.       0.       0.       0.       0.105728 0.       0.       0.       0.       0.       0.105728 0.105728 0.105728 0.       0.       0.105728 0.       0.105728 0.       0.       0.       0.       0.105728 0.       0.154175 0.       0.       0.      ],[0. 1. 0. 0. 0. 0. 0. 1. 0. 0. 0. 0. 0. 1. 1. 1. 0. 0. 1. 0. 1. 0. 0. 0. 0. 1. 0. 1. 0. 0. 0.],9.0,1000,100,0.01,0.0005,1,7,idID,,random,single_objective
913,0.18471970527404802,0.3879113810755008,0.003424091372,[0.       0.105728 0.       0.       0.       0.       0.       0.105728 0.       0.       0.       0.       0.       0.105728 0.105728 0.105728 0.       0.       0.105728 0.       0.105728 0.       0.       0.       0.       0.105728 0.       0.154175 0.       0.       0.      ],[0. 1. 0. 0. 0. 0. 0. 1. 0. 0. 0. 0. 0. 1. 1. 1. 0. 0. 1. 0. 1. 0. 0. 0. 0. 1. 0. 1. 0. 0. 0.],9.0,1000,100,0.01,0.0005,1,7,idID,,random,single_objective
914,0.18471970527404802,0.3879113810755008,0.003424091372,[0.       0.105728 0.       0.       0.       0.       0.       0.105728 0.       0.       0.       0.       0.       0.105728 0.105728 0.105728 0.       0.       0.105728 0.       0.105728 0.       0.       0.       0.       0.105728 0.       0.154175 0.       0.       0.      ],[0. 1. 0. 0. 0. 0. 0. 1. 0. 0. 0. 0. 0. 1. 1. 1. 0. 0. 1. 0. 1. 0. 0. 0. 0. 1. 0. 1. 0. 0. 0.],9.0,1000,100,0.01,0.0005,1,7,idID,,random,single_objective
915,0.18471970527404802,0.3879113810755008,0.003424091372,[0.       0.105728 0.       0.       0.       0.       0.       0.105728 0.       0.       0.       0.       0.       0.105728 0.105728 0.105728 0.       0.       0.105728 0.       0.105728 0.       0.       0.       0.       0.105728 0.       0.154175 0.       0.       0.      ],[0. 1. 0. 0. 0. 0. 0. 1. 0. 0. 0. 0. 0. 1. 1. 1. 0. 0. 1. 0. 1. 0. 0. 0. 0. 1. 0. 1. 0. 0. 0.],9.0,1000,100,0.01,0.0005,1,7,idID,,random,single_objective
916,0.18471970527404802,0.3879113810755008,0.003424091372,[0.       0.105728 0.       0.       0.       0.       0.       0.105728 0.       0.       0.       0.       0.       0.105728 0.105728 0.105728 0.       0.       0.105728 0.       0.105728 0.       0.       0.       0.       0.105728 0.       0.154175 0.       0.       0.      ],[0. 1. 0. 0. 0. 0. 0. 1. 0. 0. 0. 0. 0. 1. 1. 1. 0. 0. 1. 0. 1. 0. 0. 0. 0. 1. 0. 1. 0. 0. 0.],9.0,1000,100,0.01,0.0005,1,7,idID,,random,single_objective
917,0.18471970527404802,0.3879113810755008,0.003424091372,[0.       0.105728 0.       0.       0.       0.       0.       0.105728 0.       0.       0.       0.       0.       0.105728 0.105728 0.105728 0.       0.       0.105728 0.       0.105728 0.       0.       0.       0.       0.105728 0.       0.154175 0.       0.       0.      ],[0. 1. 0. 0. 0. 0. 0. 1. 0. 0. 0. 0. 0. 1. 1. 1. 0. 0. 1. 0. 1. 0. 0. 0. 0. 1. 0. 1. 0. 0. 0.],9.0,1000,100,0.01,0.0005,1,7,idID,,random,single_objective
918,0.18471970527404802,0.3879113810755008,0.003424091372,[0.       0.105728 0.       0.       0.       0.       0.       0.105728 0.       0.       0.       0.       0.       0.105728 0.105728 0.105728 0.       0.       0.105728 0.       0.105728 0.       0.       0.       0.       0.105728 0.       0.154175 0.       0.       0.      ],[0. 1. 0. 0. 0. 0. 0. 1. 0. 0. 0. 0. 0. 1. 1. 1. 0. 0. 1. 0. 1. 0. 0. 0. 0. 1. 0. 1. 0. 0. 0.],9.0,1000,100,0.01,0.0005,1,7,idID,,random,single_objective
919,0.18471970527404802,0.3879113810755008,0.003424091372,[0.       0.105728 0.       0.       0.       0.       0.       0.105728 0.       0.       0.       0.       0.       0.105728 0.105728 0.105728 0.       0.       0.105728 0.       0.105728 0.       0.       0.       0.       0.105728 0.       0.154175 0.       0.       0.      ],[0. 1. 0. 0. 0. 0. 0. 1. 0. 0. 0. 0. 0. 1. 1. 1. 0. 0. 1. 0. 1. 0. 0. 0. 0. 1. 0. 1. 0. 0. 0.],9.0,1000,100,0.01,0.0005,1,7,idID,,random,single_objective
920,0.18471970527404802,0.3879113810755008,0.003424091372,[0.       0.105728 0.       0.       0.       0.       0.       0.105728 0.       0.       0.       0.       0.       0.105728 0.105728 0.105728 0.       0.       0.105728 0.       0.105728 0.       0.       0.       0.       0.105728 0.       0.154175 0.       0.       0.      ],[0. 1. 0. 0. 0. 0. 0. 1. 0. 0. 0. 0. 0. 1. 1. 1. 0. 0. 1. 0. 1. 0. 0. 0. 0. 1. 0. 1. 0. 0. 0.],9.0,1000,100,0.01,0.0005,1,7,idID,,random,single_objective
921,0.18471970527404802,0.3879113810755008,0.003424091372,[0.       0.105728 0.       0.       0.       0.       0.       0.105728 0.       0.       0.       0.       0.       0.105728 0.105728 0.105728 0.       0.       0.105728 0.       0.105728 0.       0.       0.       0.       0.105728 0.       0.154175 0.       0.       0.      ],[0. 1. 0. 0. 0. 0. 0. 1. 0. 0. 0. 0. 0. 1. 1. 1. 0. 0. 1. 0. 1. 0. 0. 0. 0. 1. 0. 1. 0. 0. 0.],9.0,1000,100,0.01,0.0005,1,7,idID,,random,single_objective
922,0.18471970527404802,0.3879113810755008,0.003424091372,[0.       0.105728 0.       0.       0.       0.       0.       0.105728 0.       0.       0.       0.       0.       0.105728 0.105728 0.105728 0.       0.       0.105728 0.       0.105728 0.       0.       0.       0.       0.105728 0.       0.154175 0.       0.       0.      ],[0. 1. 0. 0. 0. 0. 0. 1. 0. 0. 0. 0. 0. 1. 1. 1. 0. 0. 1. 0. 1. 0. 0. 0. 0. 1. 0. 1. 0. 0. 0.],9.0,1000,100,0.01,0.0005,1,7,idID,,random,single_objective
923,0.18471970527404802,0.3879113810755008,0.003424091372,[0.       0.105728 0.       0.       0.       0.       0.       0.105728 0.       0.       0.       0.       0.       0.105728 0.105728 0.105728 0.       0.       0.105728 0.       0.105728 0.       0.       0.       0.       0.105728 0.       0.154175 0.       0.       0.      ],[0. 1. 0. 0. 0. 0. 0. 1. 0. 0. 0. 0. 0. 1. 1. 1. 0. 0. 1. 0. 1. 0. 0. 0. 0. 1. 0. 1. 0. 0. 0.],9.0,1000,100,0.01,0.0005,1,7,idID,,random,single_objective
924,0.18471970527404802,0.3879113810755008,0.003424091372,[0.       0.105728 0.       0.       0.       0.       0.       0.105728 0.       0.       0.       0.       0.       0.105728 0.105728 0.105728 0.       0.       0.105728 0.       0.105728 0.       0.       0.       0.       0.105728 0.       0.154175 0.       0.       0.      ],[0. 1. 0. 0. 0. 0. 0. 1. 0. 0. 0. 0. 0. 1. 1. 1. 0. 0. 1. 0. 1. 0. 0. 0. 0. 1. 0. 1. 0. 0. 0.],9.0,1000,100,0.01,0.0005,1,7,idID,,random,single_objective
925,0.18471970527404802,0.3879113810755008,0.003424091372,[0.       0.105728 0.       0.       0.       0.       0.       0.105728 0.       0.       0.       0.       0.       0.105728 0.105728 0.105728 0.       0.       0.105728 0.       0.105728 0.       0.       0.       0.       0.105728 0.       0.154175 0.       0.       0.      ],[0. 1. 0. 0. 0. 0. 0. 1. 0. 0. 0. 0. 0. 1. 1. 1. 0. 0. 1. 0. 1. 0. 0. 0. 0. 1. 0. 1. 0. 0. 0.],9.0,1000,100,0.01,0.0005,1,7,idID,,random,single_objective
926,0.18471970527404802,0.3879113810755008,0.003424091372,[0.       0.105728 0.       0.       0.       0.       0.       0.105728 0.       0.       0.       0.       0.       0.105728 0.105728 0.105728 0.       0.       0.105728 0.       0.105728 0.       0.       0.       0.       0.105728 0.       0.154175 0.       0.       0.      ],[0. 1. 0. 0. 0. 0. 0. 1. 0. 0. 0. 0. 0. 1. 1. 1. 0. 0. 1. 0. 1. 0. 0. 0. 0. 1. 0. 1. 0. 0. 0.],9.0,1000,100,0.01,0.0005,1,7,idID,,random,single_objective
927,0.18471970527404802,0.3879113810755008,0.003424091372,[0.       0.105728 0.       0.       0.       0.       0.       0.105728 0.       0.       0.       0.       0.       0.105728 0.105728 0.105728 0.       0.       0.105728 0.       0.105728 0.       0.       0.       0.       0.105728 0.       0.154175 0.       0.       0.      ],[0. 1. 0. 0. 0. 0. 0. 1. 0. 0. 0. 0. 0. 1. 1. 1. 0. 0. 1. 0. 1. 0. 0. 0. 0. 1. 0. 1. 0. 0. 0.],9.0,1000,100,0.01,0.0005,1,7,idID,,random,single_objective
928,0.18471970527404802,0.3879113810755008,0.003424091372,[0.       0.105728 0.       0.       0.       0.       0.       0.105728 0.       0.       0.       0.       0.       0.105728 0.105728 0.105728 0.       0.       0.105728 0.       0.105728 0.       0.       0.       0.       0.105728 0.       0.154175 0.       0.       0.      ],[0. 1. 0. 0. 0. 0. 0. 1. 0. 0. 0. 0. 0. 1. 1. 1. 0. 0. 1. 0. 1. 0. 0. 0. 0. 1. 0. 1. 0. 0. 0.],9.0,1000,100,0.01,0.0005,1,7,idID,,random,single_objective
929,0.18471970527404802,0.3879113810755008,0.003424091372,[0.       0.105728 0.       0.       0.       0.       0.       0.105728 0.       0.       0.       0.       0.       0.105728 0.105728 0.105728 0.       0.       0.105728 0.       0.105728 0.       0.       0.       0.       0.105728 0.       0.154175 0.       0.       0.      ],[0. 1. 0. 0. 0. 0. 0. 1. 0. 0. 0. 0. 0. 1. 1. 1. 0. 0. 1. 0. 1. 0. 0. 0. 0. 1. 0. 1. 0. 0. 0.],9.0,1000,100,0.01,0.0005,1,7,idID,,random,single_objective
930,0.18471970527404802,0.3879113810755008,0.003424091372,[0.       0.105728 0.       0.       0.       0.       0.       0.105728 0.       0.       0.       0.       0.       0.105728 0.105728 0.105728 0.       0.       0.105728 0.       0.105728 0.       0.       0.       0.       0.105728 0.       0.154175 0.       0.       0.      ],[0. 1. 0. 0. 0. 0. 0. 1. 0. 0. 0. 0. 0. 1. 1. 1. 0. 0. 1. 0. 1. 0. 0. 0. 0. 1. 0. 1. 0. 0. 0.],9.0,1000,100,0.01,0.0005,1,7,idID,,random,single_objective
931,0.18471970527404802,0.3879113810755008,0.003424091372,[0.       0.105728 0.       0.       0.       0.       0.       0.105728 0.       0.       0.       0.       0.       0.105728 0.105728 0.105728 0.       0.       0.105728 0.       0.105728 0.       0.       0.       0.       0.105728 0.       0.154175 0.       0.       0.      ],[0. 1. 0. 0. 0. 0. 0. 1. 0. 0. 0. 0. 0. 1. 1. 1. 0. 0. 1. 0. 1. 0. 0. 0. 0. 1. 0. 1. 0. 0. 0.],9.0,1000,100,0.01,0.0005,1,7,idID,,random,single_objective
932,0.18471970527404802,0.3879113810755008,0.003424091372,[0.       0.105728 0.       0.       0.       0.       0.       0.105728 0.       0.       0.       0.       0.       0.105728 0.105728 0.105728 0.       0.       0.105728 0.       0.105728 0.       0.       0.       0.       0.105728 0.       0.154175 0.       0.       0.      ],[0. 1. 0. 0. 0. 0. 0. 1. 0. 0. 0. 0. 0. 1. 1. 1. 0. 0. 1. 0. 1. 0. 0. 0. 0. 1. 0. 1. 0. 0. 0.],9.0,1000,100,0.01,0.0005,1,7,idID,,random,single_objective
933,0.18471970527404802,0.3879113810755008,0.003424091372,[0.       0.105728 0.       0.       0.       0.       0.       0.105728 0.       0.       0.       0.       0.       0.105728 0.105728 0.105728 0.       0.       0.105728 0.       0.105728 0.       0.       0.       0.       0.105728 0.       0.154175 0.       0.       0.      ],[0. 1. 0. 0. 0. 0. 0. 1. 0. 0. 0. 0. 0. 1. 1. 1. 0. 0. 1. 0. 1. 0. 0. 0. 0. 1. 0. 1. 0. 0. 0.],9.0,1000,100,0.01,0.0005,1,7,idID,,random,single_objective
934,0.18471970527404802,0.3879113810755008,0.003424091372,[0.       0.105728 0.       0.       0.       0.       0.       0.105728 0.       0.       0.       0.       0.       0.105728 0.105728 0.105728 0.       0.       0.105728 0.       0.105728 0.       0.       0.       0.       0.105728 0.       0.154175 0.       0.       0.      ],[0. 1. 0. 0. 0. 0. 0. 1. 0. 0. 0. 0. 0. 1. 1. 1. 0. 0. 1. 0. 1. 0. 0. 0. 0. 1. 0. 1. 0. 0. 0.],9.0,1000,100,0.01,0.0005,1,7,idID,,random,single_objective
935,0.18471970527404802,0.3879113810755008,0.003424091372,[0.       0.105728 0.       0.       0.       0.       0.       0.105728 0.       0.       0.       0.       0.       0.105728 0.105728 0.105728 0.       0.       0.105728 0.       0.105728 0.       0.       0.       0.       0.105728 0.       0.154175 0.       0.       0.      ],[0. 1. 0. 0. 0. 0. 0. 1. 0. 0. 0. 0. 0. 1. 1. 1. 0. 0. 1. 0. 1. 0. 0. 0. 0. 1. 0. 1. 0. 0. 0.],9.0,1000,100,0.01,0.0005,1,7,idID,,random,single_objective
936,0.18471970527404802,0.3879113810755008,0.003424091372,[0.       0.105728 0.       0.       0.       0.       0.       0.105728 0.       0.       0.       0.       0.       0.105728 0.105728 0.105728 0.       0.       0.105728 0.       0.105728 0.       0.       0.       0.       0.105728 0.       0.154175 0.       0.       0.      ],[0. 1. 0. 0. 0. 0. 0. 1. 0. 0. 0. 0. 0. 1. 1. 1. 0. 0. 1. 0. 1. 0. 0. 0. 0. 1. 0. 1. 0. 0. 0.],9.0,1000,100,0.01,0.0005,1,7,idID,,random,single_objective
937,0.18471970527404802,0.3879113810755008,0.003424091372,[0.       0.105728 0.       0.       0.       0.       0.       0.105728 0.       0.       0.       0.       0.       0.105728 0.105728 0.105728 0.       0.       0.105728 0.       0.105728 0.       0.       0.       0.       0.105728 0.       0.154175 0.       0.       0.      ],[0. 1. 0. 0. 0. 0. 0. 1. 0. 0. 0. 0. 0. 1. 1. 1. 0. 0. 1. 0. 1. 0. 0. 0. 0. 1. 0. 1. 0. 0. 0.],9.0,1000,100,0.01,0.0005,1,7,idID,,random,single_objective
938,0.18471970527404802,0.3879113810755008,0.003424091372,[0.       0.105728 0.       0.       0.       0.       0.       0.105728 0.       0.       0.       0.       0.       0.105728 0.105728 0.105728 0.       0.       0.105728 0.       0.105728 0.       0.       0.       0.       0.105728 0.       0.154175 0.       0.       0.      ],[0. 1. 0. 0. 0. 0. 0. 1. 0. 0. 0. 0. 0. 1. 1. 1. 0. 0. 1. 0. 1. 0. 0. 0. 0. 1. 0. 1. 0. 0. 0.],9.0,1000,100,0.01,0.0005,1,7,idID,,random,single_objective
939,0.18471970527404802,0.3879113810755008,0.003424091372,[0.       0.105728 0.       0.       0.       0.       0.       0.105728 0.       0.       0.       0.       0.       0.105728 0.105728 0.105728 0.       0.       0.105728 0.       0.105728 0.       0.       0.       0.       0.105728 0.       0.154175 0.       0.       0.      ],[0. 1. 0. 0. 0. 0. 0. 1. 0. 0. 0. 0. 0. 1. 1. 1. 0. 0. 1. 0. 1. 0. 0. 0. 0. 1. 0. 1. 0. 0. 0.],9.0,1000,100,0.01,0.0005,1,7,idID,,random,single_objective
940,0.18471970527404802,0.3879113810755008,0.003424091372,[0.       0.105728 0.       0.       0.       0.       0.       0.105728 0.       0.       0.       0.       0.       0.105728 0.105728 0.105728 0.       0.       0.105728 0.       0.105728 0.       0.       0.       0.       0.105728 0.       0.154175 0.       0.       0.      ],[0. 1. 0. 0. 0. 0. 0. 1. 0. 0. 0. 0. 0. 1. 1. 1. 0. 0. 1. 0. 1. 0. 0. 0. 0. 1. 0. 1. 0. 0. 0.],9.0,1000,100,0.01,0.0005,1,7,idID,,random,single_objective
941,0.18471970527404802,0.3879113810755008,0.003424091372,[0.       0.105728 0.       0.       0.       0.       0.       0.105728 0.       0.       0.       0.       0.       0.105728 0.105728 0.105728 0.       0.       0.105728 0.       0.105728 0.       0.       0.       0.       0.105728 0.       0.154175 0.       0.       0.      ],[0. 1. 0. 0. 0. 0. 0. 1. 0. 0. 0. 0. 0. 1. 1. 1. 0. 0. 1. 0. 1. 0. 0. 0. 0. 1. 0. 1. 0. 0. 0.],9.0,1000,100,0.01,0.0005,1,7,idID,,random,single_objective
942,0.18471970527404802,0.3879113810755008,0.003424091372,[0.       0.105728 0.       0.       0.       0.       0.       0.105728 0.       0.       0.       0.       0.       0.105728 0.105728 0.105728 0.       0.       0.105728 0.       0.105728 0.       0.       0.       0.       0.105728 0.       0.154175 0.       0.       0.      ],[0. 1. 0. 0. 0. 0. 0. 1. 0. 0. 0. 0. 0. 1. 1. 1. 0. 0. 1. 0. 1. 0. 0. 0. 0. 1. 0. 1. 0. 0. 0.],9.0,1000,100,0.01,0.0005,1,7,idID,,random,single_objective
943,0.18471970527404802,0.3879113810755008,0.003424091372,[0.       0.105728 0.       0.       0.       0.       0.       0.105728 0.       0.       0.       0.       0.       0.105728 0.105728 0.105728 0.       0.       0.105728 0.       0.105728 0.       0.       0.       0.       0.105728 0.       0.154175 0.       0.       0.      ],[0. 1. 0. 0. 0. 0. 0. 1. 0. 0. 0. 0. 0. 1. 1. 1. 0. 0. 1. 0. 1. 0. 0. 0. 0. 1. 0. 1. 0. 0. 0.],9.0,1000,100,0.01,0.0005,1,7,idID,,random,single_objective
944,0.18471970527404802,0.3879113810755008,0.003424091372,[0.       0.105728 0.       0.       0.       0.       0.       0.105728 0.       0.       0.       0.       0.       0.105728 0.105728 0.105728 0.       0.       0.105728 0.       0.105728 0.       0.       0.       0.       0.105728 0.       0.154175 0.       0.       0.      ],[0. 1. 0. 0. 0. 0. 0. 1. 0. 0. 0. 0. 0. 1. 1. 1. 0. 0. 1. 0. 1. 0. 0. 0. 0. 1. 0. 1. 0. 0. 0.],9.0,1000,100,0.01,0.0005,1,7,idID,,random,single_objective
945,0.18471970527404802,0.3879113810755008,0.003424091372,[0.       0.105728 0.       0.       0.       0.       0.       0.105728 0.       0.       0.       0.       0.       0.105728 0.105728 0.105728 0.       0.       0.105728 0.       0.105728 0.       0.       0.       0.       0.105728 0.       0.154175 0.       0.       0.      ],[0. 1. 0. 0. 0. 0. 0. 1. 0. 0. 0. 0. 0. 1. 1. 1. 0. 0. 1. 0. 1. 0. 0. 0. 0. 1. 0. 1. 0. 0. 0.],9.0,1000,100,0.01,0.0005,1,7,idID,,random,single_objective
946,0.18471970527404802,0.3879113810755008,0.003424091372,[0.       0.105728 0.       0.       0.       0.       0.       0.105728 0.       0.       0.       0.       0.       0.105728 0.105728 0.105728 0.       0.       0.105728 0.       0.105728 0.       0.       0.       0.       0.105728 0.       0.154175 0.       0.       0.      ],[0. 1. 0. 0. 0. 0. 0. 1. 0. 0. 0. 0. 0. 1. 1. 1. 0. 0. 1. 0. 1. 0. 0. 0. 0. 1. 0. 1. 0. 0. 0.],9.0,1000,100,0.01,0.0005,1,7,idID,,random,single_objective
947,0.18471970527404802,0.3879113810755008,0.003424091372,[0.       0.105728 0.       0.       0.       0.       0.       0.105728 0.       0.       0.       0.       0.       0.105728 0.105728 0.105728 0.       0.       0.105728 0.       0.105728 0.       0.       0.       0.       0.105728 0.       0.154175 0.       0.       0.      ],[0. 1. 0. 0. 0. 0. 0. 1. 0. 0. 0. 0. 0. 1. 1. 1. 0. 0. 1. 0. 1. 0. 0. 0. 0. 1. 0. 1. 0. 0. 0.],9.0,1000,100,0.01,0.0005,1,7,idID,,random,single_objective
948,0.18471970527404802,0.3879113810755008,0.003424091372,[0.       0.105728 0.       0.       0.       0.       0.       0.105728 0.       0.       0.       0.       0.       0.105728 0.105728 0.105728 0.       0.       0.105728 0.       0.105728 0.       0.       0.       0.       0.105728 0.       0.154175 0.       0.       0.      ],[0. 1. 0. 0. 0. 0. 0. 1. 0. 0. 0. 0. 0. 1. 1. 1. 0. 0. 1. 0. 1. 0. 0. 0. 0. 1. 0. 1. 0. 0. 0.],9.0,1000,100,0.01,0.0005,1,7,idID,,random,single_objective
949,0.18471970527404802,0.3879113810755008,0.003424091372,[0.       0.105728 0.       0.       0.       0.       0.       0.105728 0.       0.       0.       0.       0.       0.105728 0.105728 0.105728 0.       0.       0.105728 0.       0.105728 0.       0.       0.       0.       0.105728 0.       0.154175 0.       0.       0.      ],[0. 1. 0. 0. 0. 0. 0. 1. 0. 0. 0. 0. 0. 1. 1. 1. 0. 0. 1. 0. 1. 0. 0. 0. 0. 1. 0. 1. 0. 0. 0.],9.0,1000,100,0.01,0.0005,1,7,idID,,random,single_objective
950,0.18471970527404802,0.3879113810755008,0.003424091372,[0.       0.105728 0.       0.       0.       0.       0.       0.105728 0.       0.       0.       0.       0.       0.105728 0.105728 0.105728 0.       0.       0.105728 0.       0.105728 0.       0.       0.       0.       0.105728 0.       0.154175 0.       0.       0.      ],[0. 1. 0. 0. 0. 0. 0. 1. 0. 0. 0. 0. 0. 1. 1. 1. 0. 0. 1. 0. 1. 0. 0. 0. 0. 1. 0. 1. 0. 0. 0.],9.0,1000,100,0.01,0.0005,1,7,idID,,random,single_objective
951,0.18471970527404802,0.3879113810755008,0.003424091372,[0.       0.105728 0.       0.       0.       0.       0.       0.105728 0.       0.       0.       0.       0.       0.105728 0.105728 0.105728 0.       0.       0.105728 0.       0.105728 0.       0.       0.       0.       0.105728 0.       0.154175 0.       0.       0.      ],[0. 1. 0. 0. 0. 0. 0. 1. 0. 0. 0. 0. 0. 1. 1. 1. 0. 0. 1. 0. 1. 0. 0. 0. 0. 1. 0. 1. 0. 0. 0.],9.0,1000,100,0.01,0.0005,1,7,idID,,random,single_objective
952,0.18471970527404802,0.3879113810755008,0.003424091372,[0.       0.105728 0.       0.       0.       0.       0.       0.105728 0.       0.       0.       0.       0.       0.105728 0.105728 0.105728 0.       0.       0.105728 0.       0.105728 0.       0.       0.       0.       0.105728 0.       0.154175 0.       0.       0.      ],[0. 1. 0. 0. 0. 0. 0. 1. 0. 0. 0. 0. 0. 1. 1. 1. 0. 0. 1. 0. 1. 0. 0. 0. 0. 1. 0. 1. 0. 0. 0.],9.0,1000,100,0.01,0.0005,1,7,idID,,random,single_objective
953,0.18471970527404802,0.3879113810755008,0.003424091372,[0.       0.105728 0.       0.       0.       0.       0.       0.105728 0.       0.       0.       0.       0.       0.105728 0.105728 0.105728 0.       0.       0.105728 0.       0.105728 0.       0.       0.       0.       0.105728 0.       0.154175 0.       0.       0.      ],[0. 1. 0. 0. 0. 0. 0. 1. 0. 0. 0. 0. 0. 1. 1. 1. 0. 0. 1. 0. 1. 0. 0. 0. 0. 1. 0. 1. 0. 0. 0.],9.0,1000,100,0.01,0.0005,1,7,idID,,random,single_objective
954,0.18471970527404802,0.3879113810755008,0.003424091372,[0.       0.105728 0.       0.       0.       0.       0.       0.105728 0.       0.       0.       0.       0.       0.105728 0.105728 0.105728 0.       0.       0.105728 0.       0.105728 0.       0.       0.       0.       0.105728 0.       0.154175 0.       0.       0.      ],[0. 1. 0. 0. 0. 0. 0. 1. 0. 0. 0. 0. 0. 1. 1. 1. 0. 0. 1. 0. 1. 0. 0. 0. 0. 1. 0. 1. 0. 0. 0.],9.0,1000,100,0.01,0.0005,1,7,idID,,random,single_objective
955,0.18471970527404802,0.3879113810755008,0.003424091372,[0.       0.105728 0.       0.       0.       0.       0.       0.105728 0.       0.       0.       0.       0.       0.105728 0.105728 0.105728 0.       0.       0.105728 0.       0.105728 0.       0.       0.       0.       0.105728 0.       0.154175 0.       0.       0.      ],[0. 1. 0. 0. 0. 0. 0. 1. 0. 0. 0. 0. 0. 1. 1. 1. 0. 0. 1. 0. 1. 0. 0. 0. 0. 1. 0. 1. 0. 0. 0.],9.0,1000,100,0.01,0.0005,1,7,idID,,random,single_objective
956,0.18471970527404802,0.3879113810755008,0.003424091372,[0.       0.105728 0.       0.       0.       0.       0.       0.105728 0.       0.       0.       0.       0.       0.105728 0.105728 0.105728 0.       0.       0.105728 0.       0.105728 0.       0.       0.       0.       0.105728 0.       0.154175 0.       0.       0.      ],[0. 1. 0. 0. 0. 0. 0. 1. 0. 0. 0. 0. 0. 1. 1. 1. 0. 0. 1. 0. 1. 0. 0. 0. 0. 1. 0. 1. 0. 0. 0.],9.0,1000,100,0.01,0.0005,1,7,idID,,random,single_objective
957,0.18471970527404802,0.3879113810755008,0.003424091372,[0.       0.105728 0.       0.       0.       0.       0.       0.105728 0.       0.       0.       0.       0.       0.105728 0.105728 0.105728 0.       0.       0.105728 0.       0.105728 0.       0.       0.       0.       0.105728 0.       0.154175 0.       0.       0.      ],[0. 1. 0. 0. 0. 0. 0. 1. 0. 0. 0. 0. 0. 1. 1. 1. 0. 0. 1. 0. 1. 0. 0. 0. 0. 1. 0. 1. 0. 0. 0.],9.0,1000,100,0.01,0.0005,1,7,idID,,random,single_objective
958,0.18471970527404802,0.3879113810755008,0.003424091372,[0.       0.105728 0.       0.       0.       0.       0.       0.105728 0.       0.       0.       0.       0.       0.105728 0.105728 0.105728 0.       0.       0.105728 0.       0.105728 0.       0.       0.       0.       0.105728 0.       0.154175 0.       0.       0.      ],[0. 1. 0. 0. 0. 0. 0. 1. 0. 0. 0. 0. 0. 1. 1. 1. 0. 0. 1. 0. 1. 0. 0. 0. 0. 1. 0. 1. 0. 0. 0.],9.0,1000,100,0.01,0.0005,1,7,idID,,random,single_objective
959,0.18471970527404802,0.3879113810755008,0.003424091372,[0.       0.105728 0.       0.       0.       0.       0.       0.105728 0.       0.       0.       0.       0.       0.105728 0.105728 0.105728 0.       0.       0.105728 0.       0.105728 0.       0.       0.       0.       0.105728 0.       0.154175 0.       0.       0.      ],[0. 1. 0. 0. 0. 0. 0. 1. 0. 0. 0. 0. 0. 1. 1. 1. 0. 0. 1. 0. 1. 0. 0. 0. 0. 1. 0. 1. 0. 0. 0.],9.0,1000,100,0.01,0.0005,1,7,idID,,random,single_objective
960,0.18471970527404802,0.3879113810755008,0.003424091372,[0.       0.105728 0.       0.       0.       0.       0.       0.105728 0.       0.       0.       0.       0.       0.105728 0.105728 0.105728 0.       0.       0.105728 0.       0.105728 0.       0.       0.       0.       0.105728 0.       0.154175 0.       0.       0.      ],[0. 1. 0. 0. 0. 0. 0. 1. 0. 0. 0. 0. 0. 1. 1. 1. 0. 0. 1. 0. 1. 0. 0. 0. 0. 1. 0. 1. 0. 0. 0.],9.0,1000,100,0.01,0.0005,1,7,idID,,random,single_objective
961,0.18471970527404802,0.3879113810755008,0.003424091372,[0.       0.105728 0.       0.       0.       0.       0.       0.105728 0.       0.       0.       0.       0.       0.105728 0.105728 0.105728 0.       0.       0.105728 0.       0.105728 0.       0.       0.       0.       0.105728 0.       0.154175 0.       0.       0.      ],[0. 1. 0. 0. 0. 0. 0. 1. 0. 0. 0. 0. 0. 1. 1. 1. 0. 0. 1. 0. 1. 0. 0. 0. 0. 1. 0. 1. 0. 0. 0.],9.0,1000,100,0.01,0.0005,1,7,idID,,random,single_objective
962,0.18471970527404802,0.3879113810755008,0.003424091372,[0.       0.105728 0.       0.       0.       0.       0.       0.105728 0.       0.       0.       0.       0.       0.105728 0.105728 0.105728 0.       0.       0.105728 0.       0.105728 0.       0.       0.       0.       0.105728 0.       0.154175 0.       0.       0.      ],[0. 1. 0. 0. 0. 0. 0. 1. 0. 0. 0. 0. 0. 1. 1. 1. 0. 0. 1. 0. 1. 0. 0. 0. 0. 1. 0. 1. 0. 0. 0.],9.0,1000,100,0.01,0.0005,1,7,idID,,random,single_objective
963,0.18471970527404802,0.3879113810755008,0.003424091372,[0.       0.105728 0.       0.       0.       0.       0.       0.105728 0.       0.       0.       0.       0.       0.105728 0.105728 0.105728 0.       0.       0.105728 0.       0.105728 0.       0.       0.       0.       0.105728 0.       0.154175 0.       0.       0.      ],[0. 1. 0. 0. 0. 0. 0. 1. 0. 0. 0. 0. 0. 1. 1. 1. 0. 0. 1. 0. 1. 0. 0. 0. 0. 1. 0. 1. 0. 0. 0.],9.0,1000,100,0.01,0.0005,1,7,idID,,random,single_objective
964,0.18471970527404802,0.3879113810755008,0.003424091372,[0.       0.105728 0.       0.       0.       0.       0.       0.105728 0.       0.       0.       0.       0.       0.105728 0.105728 0.105728 0.       0.       0.105728 0.       0.105728 0.       0.       0.       0.       0.105728 0.       0.154175 0.       0.       0.      ],[0. 1. 0. 0. 0. 0. 0. 1. 0. 0. 0. 0. 0. 1. 1. 1. 0. 0. 1. 0. 1. 0. 0. 0. 0. 1. 0. 1. 0. 0. 0.],9.0,1000,100,0.01,0.0005,1,7,idID,,random,single_objective
965,0.18471970527404802,0.3879113810755008,0.003424091372,[0.       0.105728 0.       0.       0.       0.       0.       0.105728 0.       0.       0.       0.       0.       0.105728 0.105728 0.105728 0.       0.       0.105728 0.       0.105728 0.       0.       0.       0.       0.105728 0.       0.154175 0.       0.       0.      ],[0. 1. 0. 0. 0. 0. 0. 1. 0. 0. 0. 0. 0. 1. 1. 1. 0. 0. 1. 0. 1. 0. 0. 0. 0. 1. 0. 1. 0. 0. 0.],9.0,1000,100,0.01,0.0005,1,7,idID,,random,single_objective
966,0.18471970527404802,0.3879113810755008,0.003424091372,[0.       0.105728 0.       0.       0.       0.       0.       0.105728 0.       0.       0.       0.       0.       0.105728 0.105728 0.105728 0.       0.       0.105728 0.       0.105728 0.       0.       0.       0.       0.105728 0.       0.154175 0.       0.       0.      ],[0. 1. 0. 0. 0. 0. 0. 1. 0. 0. 0. 0. 0. 1. 1. 1. 0. 0. 1. 0. 1. 0. 0. 0. 0. 1. 0. 1. 0. 0. 0.],9.0,1000,100,0.01,0.0005,1,7,idID,,random,single_objective
967,0.18471970527404802,0.3879113810755008,0.003424091372,[0.       0.105728 0.       0.       0.       0.       0.       0.105728 0.       0.       0.       0.       0.       0.105728 0.105728 0.105728 0.       0.       0.105728 0.       0.105728 0.       0.       0.       0.       0.105728 0.       0.154175 0.       0.       0.      ],[0. 1. 0. 0. 0. 0. 0. 1. 0. 0. 0. 0. 0. 1. 1. 1. 0. 0. 1. 0. 1. 0. 0. 0. 0. 1. 0. 1. 0. 0. 0.],9.0,1000,100,0.01,0.0005,1,7,idID,,random,single_objective
968,0.18471970527404802,0.3879113810755008,0.003424091372,[0.       0.105728 0.       0.       0.       0.       0.       0.105728 0.       0.       0.       0.       0.       0.105728 0.105728 0.105728 0.       0.       0.105728 0.       0.105728 0.       0.       0.       0.       0.105728 0.       0.154175 0.       0.       0.      ],[0. 1. 0. 0. 0. 0. 0. 1. 0. 0. 0. 0. 0. 1. 1. 1. 0. 0. 1. 0. 1. 0. 0. 0. 0. 1. 0. 1. 0. 0. 0.],9.0,1000,100,0.01,0.0005,1,7,idID,,random,single_objective
969,0.18471970527404802,0.3879113810755008,0.003424091372,[0.       0.105728 0.       0.       0.       0.       0.       0.105728 0.       0.       0.       0.       0.       0.105728 0.105728 0.105728 0.       0.       0.105728 0.       0.105728 0.       0.       0.       0.       0.105728 0.       0.154175 0.       0.       0.      ],[0. 1. 0. 0. 0. 0. 0. 1. 0. 0. 0. 0. 0. 1. 1. 1. 0. 0. 1. 0. 1. 0. 0. 0. 0. 1. 0. 1. 0. 0. 0.],9.0,1000,100,0.01,0.0005,1,7,idID,,random,single_objective
970,0.18471970527404802,0.3879113810755008,0.003424091372,[0.       0.105728 0.       0.       0.       0.       0.       0.105728 0.       0.       0.       0.       0.       0.105728 0.105728 0.105728 0.       0.       0.105728 0.       0.105728 0.       0.       0.       0.       0.105728 0.       0.154175 0.       0.       0.      ],[0. 1. 0. 0. 0. 0. 0. 1. 0. 0. 0. 0. 0. 1. 1. 1. 0. 0. 1. 0. 1. 0. 0. 0. 0. 1. 0. 1. 0. 0. 0.],9.0,1000,100,0.01,0.0005,1,7,idID,,random,single_objective
971,0.18471970527404802,0.3879113810755008,0.003424091372,[0.       0.105728 0.       0.       0.       0.       0.       0.105728 0.       0.       0.       0.       0.       0.105728 0.105728 0.105728 0.       0.       0.105728 0.       0.105728 0.       0.       0.       0.       0.105728 0.       0.154175 0.       0.       0.      ],[0. 1. 0. 0. 0. 0. 0. 1. 0. 0. 0. 0. 0. 1. 1. 1. 0. 0. 1. 0. 1. 0. 0. 0. 0. 1. 0. 1. 0. 0. 0.],9.0,1000,100,0.01,0.0005,1,7,idID,,random,single_objective
972,0.18471970527404802,0.3879113810755008,0.003424091372,[0.       0.105728 0.       0.       0.       0.       0.       0.105728 0.       0.       0.       0.       0.       0.105728 0.105728 0.105728 0.       0.       0.105728 0.       0.105728 0.       0.       0.       0.       0.105728 0.       0.154175 0.       0.       0.      ],[0. 1. 0. 0. 0. 0. 0. 1. 0. 0. 0. 0. 0. 1. 1. 1. 0. 0. 1. 0. 1. 0. 0. 0. 0. 1. 0. 1. 0. 0. 0.],9.0,1000,100,0.01,0.0005,1,7,idID,,random,single_objective
973,0.18471970527404802,0.3879113810755008,0.003424091372,[0.       0.105728 0.       0.       0.       0.       0.       0.105728 0.       0.       0.       0.       0.       0.105728 0.105728 0.105728 0.       0.       0.105728 0.       0.105728 0.       0.       0.       0.       0.105728 0.       0.154175 0.       0.       0.      ],[0. 1. 0. 0. 0. 0. 0. 1. 0. 0. 0. 0. 0. 1. 1. 1. 0. 0. 1. 0. 1. 0. 0. 0. 0. 1. 0. 1. 0. 0. 0.],9.0,1000,100,0.01,0.0005,1,7,idID,,random,single_objective
974,0.18471970527404802,0.3879113810755008,0.003424091372,[0.       0.105728 0.       0.       0.       0.       0.       0.105728 0.       0.       0.       0.       0.       0.105728 0.105728 0.105728 0.       0.       0.105728 0.       0.105728 0.       0.       0.       0.       0.105728 0.       0.154175 0.       0.       0.      ],[0. 1. 0. 0. 0. 0. 0. 1. 0. 0. 0. 0. 0. 1. 1. 1. 0. 0. 1. 0. 1. 0. 0. 0. 0. 1. 0. 1. 0. 0. 0.],9.0,1000,100,0.01,0.0005,1,7,idID,,random,single_objective
975,0.18471970527404802,0.3879113810755008,0.003424091372,[0.       0.105728 0.       0.       0.       0.       0.       0.105728 0.       0.       0.       0.       0.       0.105728 0.105728 0.105728 0.       0.       0.105728 0.       0.105728 0.       0.       0.       0.       0.105728 0.       0.154175 0.       0.       0.      ],[0. 1. 0. 0. 0. 0. 0. 1. 0. 0. 0. 0. 0. 1. 1. 1. 0. 0. 1. 0. 1. 0. 0. 0. 0. 1. 0. 1. 0. 0. 0.],9.0,1000,100,0.01,0.0005,1,7,idID,,random,single_objective
976,0.18471970527404802,0.3879113810755008,0.003424091372,[0.       0.105728 0.       0.       0.       0.       0.       0.105728 0.       0.       0.       0.       0.       0.105728 0.105728 0.105728 0.       0.       0.105728 0.       0.105728 0.       0.       0.       0.       0.105728 0.       0.154175 0.       0.       0.      ],[0. 1. 0. 0. 0. 0. 0. 1. 0. 0. 0. 0. 0. 1. 1. 1. 0. 0. 1. 0. 1. 0. 0. 0. 0. 1. 0. 1. 0. 0. 0.],9.0,1000,100,0.01,0.0005,1,7,idID,,random,single_objective
977,0.18471970527404802,0.3879113810755008,0.003424091372,[0.       0.105728 0.       0.       0.       0.       0.       0.105728 0.       0.       0.       0.       0.       0.105728 0.105728 0.105728 0.       0.       0.105728 0.       0.105728 0.       0.       0.       0.       0.105728 0.       0.154175 0.       0.       0.      ],[0. 1. 0. 0. 0. 0. 0. 1. 0. 0. 0. 0. 0. 1. 1. 1. 0. 0. 1. 0. 1. 0. 0. 0. 0. 1. 0. 1. 0. 0. 0.],9.0,1000,100,0.01,0.0005,1,7,idID,,random,single_objective
978,0.18471970527404802,0.3879113810755008,0.003424091372,[0.       0.105728 0.       0.       0.       0.       0.       0.105728 0.       0.       0.       0.       0.       0.105728 0.105728 0.105728 0.       0.       0.105728 0.       0.105728 0.       0.       0.       0.       0.105728 0.       0.154175 0.       0.       0.      ],[0. 1. 0. 0. 0. 0. 0. 1. 0. 0. 0. 0. 0. 1. 1. 1. 0. 0. 1. 0. 1. 0. 0. 0. 0. 1. 0. 1. 0. 0. 0.],9.0,1000,100,0.01,0.0005,1,7,idID,,random,single_objective
979,0.18471970527404802,0.3879113810755008,0.003424091372,[0.       0.105728 0.       0.       0.       0.       0.       0.105728 0.       0.       0.       0.       0.       0.105728 0.105728 0.105728 0.       0.       0.105728 0.       0.105728 0.       0.       0.       0.       0.105728 0.       0.154175 0.       0.       0.      ],[0. 1. 0. 0. 0. 0. 0. 1. 0. 0. 0. 0. 0. 1. 1. 1. 0. 0. 1. 0. 1. 0. 0. 0. 0. 1. 0. 1. 0. 0. 0.],9.0,1000,100,0.01,0.0005,1,7,idID,,random,single_objective
980,0.18471970527404802,0.3879113810755008,0.003424091372,[0.       0.105728 0.       0.       0.       0.       0.       0.105728 0.       0.       0.       0.       0.       0.105728 0.105728 0.105728 0.       0.       0.105728 0.       0.105728 0.       0.       0.       0.       0.105728 0.       0.154175 0.       0.       0.      ],[0. 1. 0. 0. 0. 0. 0. 1. 0. 0. 0. 0. 0. 1. 1. 1. 0. 0. 1. 0. 1. 0. 0. 0. 0. 1. 0. 1. 0. 0. 0.],9.0,1000,100,0.01,0.0005,1,7,idID,,random,single_objective
981,0.18471970527404802,0.3879113810755008,0.003424091372,[0.       0.105728 0.       0.       0.       0.       0.       0.105728 0.       0.       0.       0.       0.       0.105728 0.105728 0.105728 0.       0.       0.105728 0.       0.105728 0.       0.       0.       0.       0.105728 0.       0.154175 0.       0.       0.      ],[0. 1. 0. 0. 0. 0. 0. 1. 0. 0. 0. 0. 0. 1. 1. 1. 0. 0. 1. 0. 1. 0. 0. 0. 0. 1. 0. 1. 0. 0. 0.],9.0,1000,100,0.01,0.0005,1,7,idID,,random,single_objective
982,0.18471970527404802,0.3879113810755008,0.003424091372,[0.       0.105728 0.       0.       0.       0.       0.       0.105728 0.       0.       0.       0.       0.       0.105728 0.105728 0.105728 0.       0.       0.105728 0.       0.105728 0.       0.       0.       0.       0.105728 0.       0.154175 0.       0.       0.      ],[0. 1. 0. 0. 0. 0. 0. 1. 0. 0. 0. 0. 0. 1. 1. 1. 0. 0. 1. 0. 1. 0. 0. 0. 0. 1. 0. 1. 0. 0. 0.],9.0,1000,100,0.01,0.0005,1,7,idID,,random,single_objective
983,0.18471970527404802,0.3879113810755008,0.003424091372,[0.       0.105728 0.       0.       0.       0.       0.       0.105728 0.       0.       0.       0.       0.       0.105728 0.105728 0.105728 0.       0.       0.105728 0.       0.105728 0.       0.       0.       0.       0.105728 0.       0.154175 0.       0.       0.      ],[0. 1. 0. 0. 0. 0. 0. 1. 0. 0. 0. 0. 0. 1. 1. 1. 0. 0. 1. 0. 1. 0. 0. 0. 0. 1. 0. 1. 0. 0. 0.],9.0,1000,100,0.01,0.0005,1,7,idID,,random,single_objective
984,0.18471970527404802,0.3879113810755008,0.003424091372,[0.       0.105728 0.       0.       0.       0.       0.       0.105728 0.       0.       0.       0.       0.       0.105728 0.105728 0.105728 0.       0.       0.105728 0.       0.105728 0.       0.       0.       0.       0.105728 0.       0.154175 0.       0.       0.      ],[0. 1. 0. 0. 0. 0. 0. 1. 0. 0. 0. 0. 0. 1. 1. 1. 0. 0. 1. 0. 1. 0. 0. 0. 0. 1. 0. 1. 0. 0. 0.],9.0,1000,100,0.01,0.0005,1,7,idID,,random,single_objective
985,0.18471970527404802,0.3879113810755008,0.003424091372,[0.       0.105728 0.       0.       0.       0.       0.       0.105728 0.       0.       0.       0.       0.       0.105728 0.105728 0.105728 0.       0.       0.105728 0.       0.105728 0.       0.       0.       0.       0.105728 0.       0.154175 0.       0.       0.      ],[0. 1. 0. 0. 0. 0. 0. 1. 0. 0. 0. 0. 0. 1. 1. 1. 0. 0. 1. 0. 1. 0. 0. 0. 0. 1. 0. 1. 0. 0. 0.],9.0,1000,100,0.01,0.0005,1,7,idID,,random,single_objective
986,0.18471970527404802,0.3879113810755008,0.003424091372,[0.       0.105728 0.       0.       0.       0.       0.       0.105728 0.       0.       0.       0.       0.       0.105728 0.105728 0.105728 0.       0.       0.105728 0.       0.105728 0.       0.       0.       0.       0.105728 0.       0.154175 0.       0.       0.      ],[0. 1. 0. 0. 0. 0. 0. 1. 0. 0. 0. 0. 0. 1. 1. 1. 0. 0. 1. 0. 1. 0. 0. 0. 0. 1. 0. 1. 0. 0. 0.],9.0,1000,100,0.01,0.0005,1,7,idID,,random,single_objective
987,0.18471970527404802,0.3879113810755008,0.003424091372,[0.       0.105728 0.       0.       0.       0.       0.       0.105728 0.       0.       0.       0.       0.       0.105728 0.105728 0.105728 0.       0.       0.105728 0.       0.105728 0.       0.       0.       0.       0.105728 0.       0.154175 0.       0.       0.      ],[0. 1. 0. 0. 0. 0. 0. 1. 0. 0. 0. 0. 0. 1. 1. 1. 0. 0. 1. 0. 1. 0. 0. 0. 0. 1. 0. 1. 0. 0. 0.],9.0,1000,100,0.01,0.0005,1,7,idID,,random,single_objective
988,0.18471970527404802,0.3879113810755008,0.003424091372,[0.       0.105728 0.       0.       0.       0.       0.       0.105728 0.       0.       0.       0.       0.       0.105728 0.105728 0.105728 0.       0.       0.105728 0.       0.105728 0.       0.       0.       0.       0.105728 0.       0.154175 0.       0.       0.      ],[0. 1. 0. 0. 0. 0. 0. 1. 0. 0. 0. 0. 0. 1. 1. 1. 0. 0. 1. 0. 1. 0. 0. 0. 0. 1. 0. 1. 0. 0. 0.],9.0,1000,100,0.01,0.0005,1,7,idID,,random,single_objective
989,0.18471970527404802,0.3879113810755008,0.003424091372,[0.       0.105728 0.       0.       0.       0.       0.       0.105728 0.       0.       0.       0.       0.       0.105728 0.105728 0.105728 0.       0.       0.105728 0.       0.105728 0.       0.       0.       0.       0.105728 0.       0.154175 0.       0.       0.      ],[0. 1. 0. 0. 0. 0. 0. 1. 0. 0. 0. 0. 0. 1. 1. 1. 0. 0. 1. 0. 1. 0. 0. 0. 0. 1. 0. 1. 0. 0. 0.],9.0,1000,100,0.01,0.0005,1,7,idID,,random,single_objective
990,0.18471970527404802,0.3879113810755008,0.003424091372,[0.       0.105728 0.       0.       0.       0.       0.       0.105728 0.       0.       0.       0.       0.       0.105728 0.105728 0.105728 0.       0.       0.105728 0.       0.105728 0.       0.       0.       0.       0.105728 0.       0.154175 0.       0.       0.      ],[0. 1. 0. 0. 0. 0. 0. 1. 0. 0. 0. 0. 0. 1. 1. 1. 0. 0. 1. 0. 1. 0. 0. 0. 0. 1. 0. 1. 0. 0. 0.],9.0,1000,100,0.01,0.0005,1,7,idID,,random,single_objective
991,0.18471970527404802,0.3879113810755008,0.003424091372,[0.       0.105728 0.       0.       0.       0.       0.       0.105728 0.       0.       0.       0.       0.       0.105728 0.105728 0.105728 0.       0.       0.105728 0.       0.105728 0.       0.       0.       0.       0.105728 0.       0.154175 0.       0.       0.      ],[0. 1. 0. 0. 0. 0. 0. 1. 0. 0. 0. 0. 0. 1. 1. 1. 0. 0. 1. 0. 1. 0. 0. 0. 0. 1. 0. 1. 0. 0. 0.],9.0,1000,100,0.01,0.0005,1,7,idID,,random,single_objective
992,0.18471970527404802,0.3879113810755008,0.003424091372,[0.       0.105728 0.       0.       0.       0.       0.       0.105728 0.       0.       0.       0.       0.       0.105728 0.105728 0.105728 0.       0.       0.105728 0.       0.105728 0.       0.       0.       0.       0.105728 0.       0.154175 0.       0.       0.      ],[0. 1. 0. 0. 0. 0. 0. 1. 0. 0. 0. 0. 0. 1. 1. 1. 0. 0. 1. 0. 1. 0. 0. 0. 0. 1. 0. 1. 0. 0. 0.],9.0,1000,100,0.01,0.0005,1,7,idID,,random,single_objective
993,0.18471970527404802,0.3879113810755008,0.003424091372,[0.       0.105728 0.       0.       0.       0.       0.       0.105728 0.       0.       0.       0.       0.       0.105728 0.105728 0.105728 0.       0.       0.105728 0.       0.105728 0.       0.       0.       0.       0.105728 0.       0.154175 0.       0.       0.      ],[0. 1. 0. 0. 0. 0. 0. 1. 0. 0. 0. 0. 0. 1. 1. 1. 0. 0. 1. 0. 1. 0. 0. 0. 0. 1. 0. 1. 0. 0. 0.],9.0,1000,100,0.01,0.0005,1,7,idID,,random,single_objective
994,0.18471970527404802,0.3879113810755008,0.003424091372,[0.       0.105728 0.       0.       0.       0.       0.       0.105728 0.       0.       0.       0.       0.       0.105728 0.105728 0.105728 0.       0.       0.105728 0.       0.105728 0.       0.       0.       0.       0.105728 0.       0.154175 0.       0.       0.      ],[0. 1. 0. 0. 0. 0. 0. 1. 0. 0. 0. 0. 0. 1. 1. 1. 0. 0. 1. 0. 1. 0. 0. 0. 0. 1. 0. 1. 0. 0. 0.],9.0,1000,100,0.01,0.0005,1,7,idID,,random,single_objective
995,0.18471970527404802,0.3879113810755008,0.003424091372,[0.       0.105728 0.       0.       0.       0.       0.       0.105728 0.       0.       0.       0.       0.       0.105728 0.105728 0.105728 0.       0.       0.105728 0.       0.105728 0.       0.       0.       0.       0.105728 0.       0.154175 0.       0.       0.      ],[0. 1. 0. 0. 0. 0. 0. 1. 0. 0. 0. 0. 0. 1. 1. 1. 0. 0. 1. 0. 1. 0. 0. 0. 0. 1. 0. 1. 0. 0. 0.],9.0,1000,100,0.01,0.0005,1,7,idID,,random,single_objective
996,0.18471970527404802,0.3879113810755008,0.003424091372,[0.       0.105728 0.       0.       0.       0.       0.       0.105728 0.       0.       0.       0.       0.       0.105728 0.105728 0.105728 0.       0.       0.105728 0.       0.105728 0.       0.       0.       0.       0.105728 0.       0.154175 0.       0.       0.      ],[0. 1. 0. 0. 0. 0. 0. 1. 0. 0. 0. 0. 0. 1. 1. 1. 0. 0. 1. 0. 1. 0. 0. 0. 0. 1. 0. 1. 0. 0. 0.],9.0,1000,100,0.01,0.0005,1,7,idID,,random,single_objective
997,0.18471970527404802,0.3879113810755008,0.003424091372,[0.       0.105728 0.       0.       0.       0.       0.       0.105728 0.       0.       0.       0.       0.       0.105728 0.105728 0.105728 0.       0.       0.105728 0.       0.105728 0.       0.       0.       0.       0.105728 0.       0.154175 0.       0.       0.      ],[0. 1. 0. 0. 0. 0. 0. 1. 0. 0. 0. 0. 0. 1. 1. 1. 0. 0. 1. 0. 1. 0. 0. 0. 0. 1. 0. 1. 0. 0. 0.],9.0,1000,100,0.01,0.0005,1,7,idID,,random,single_objective
998,0.18471970527404802,0.3879113810755008,0.003424091372,[0.       0.105728 0.       0.       0.       0.       0.       0.105728 0.       0.       0.       0.       0.       0.105728 0.105728 0.105728 0.       0.       0.105728 0.       0.105728 0.       0.       0.       0.       0.105728 0.       0.154175 0.       0.       0.      ],[0. 1. 0. 0. 0. 0. 0. 1. 0. 0. 0. 0. 0. 1. 1. 1. 0. 0. 1. 0. 1. 0. 0. 0. 0. 1. 0. 1. 0. 0. 0.],9.0,1000,100,0.01,0.0005,1,7,idID,,random,single_objective
999,0.18471970527404802,0.3879113810755008,0.003424091372,[0.       0.105728 0.       0.       0.       0.       0.       0.105728 0.       0.       0.       0.       0.       0.105728 0.105728 0.105728 0.       0.       0.105728 0.       0.105728 0.       0.       0.       0.       0.105728 0.       0.154175 0.       0.       0.      ],[0. 1. 0. 0. 0. 0. 0. 1. 0. 0. 0. 0. 0. 1. 1. 1. 0. 0. 1. 0. 1. 0. 0. 0. 0. 1. 0. 1. 0. 0. 0.],9.0,1000,100,0.01,0.0005,1,7,idID,,random,single_objective
